0 0 0 0 
4 4 0 5 
10 6 6 6 
17 10 12 9 
22 13 15 13 
29 17 21 14 
34 21 24 16 
36 25 26 19 
39 28 35 23 
48 30 37 26 
54 34 45 26 
57 37 54 28 
60 41 64 33 
65 45 73 37 
72 48 76 37 
81 51 78 39 
87 51 80 40 
92 54 81 41 
94 60 86 42 
99 64 90 48 
106 71 93 49 
112 74 99 50 
115 80 99 53 
119 81 103 56 
125 82 107 57 
131 84 110 59 
141 89 118 59 
148 91 120 60 
154 92 121 65 
158 96 126 67 
164 103 128 69 
172 111 131 72 
176 115 133 77 
182 121 135 77 
188 125 140 78 
194 130 147 81 
201 135 152 82 
201 139 160 82 
209 141 173 84 
214 147 177 85 
219 147 179 88 
221 156 181 90 
225 157 184 91 
234 165 187 93 
238 167 190 95 
243 168 193 96 
250 172 198 100 
253 176 200 101 
256 181 203 106 
266 184 205 108 
274 195 212 110 
277 198 214 112 
281 201 223 115 
283 203 230 115 
291 208 238 116 
294 210 248 120 
299 216 255 120 
303 220 260 123 
312 222 263 124 
316 227 268 126 
321 232 275 128 
324 234 279 134 
329 235 283 136 
332 242 288 137 
341 245 293 140 
343 247 300 141 
345 250 307 142 
349 255 310 144 
353 261 312 146 
359 265 318 151 
365 269 322 153 
370 270 326 154 
377 272 333 154 
381 276 341 156 
386 278 353 157 
389 279 362 160 
398 283 366 163 
407 284 374 166 
412 286 378 171 
418 286 384 173 
430 291 389 175 
432 295 391 178 
440 306 397 180 
444 310 405 180 
449 314 413 182 
451 317 417 184 
459 319 427 184 
464 321 430 187 
470 328 433 193 
478 333 438 193 
479 334 443 199 
487 339 449 201 
491 341 458 203 
496 346 460 204 
500 348 466 209 
506 351 471 210 
512 354 475 211 
516 358 478 212 
521 361 481 213 
525 362 489 214 
531 365 491 215 
539 370 494 219 
547 373 499 220 
553 374 500 221 
557 377 505 225 
561 378 513 225 
564 380 516 225 
570 382 519 227 
574 387 523 228 
580 393 526 230 
586 400 530 232 
594 408 531 233 
597 414 539 236 
601 420 543 236 
604 423 546 237 
610 428 552 240 
617 432 556 242 
623 435 560 244 
626 439 566 244 
633 444 569 244 
639 449 573 244 
644 454 576 246 
656 458 578 249 
662 459 580 250 
668 463 583 250 
674 466 587 252 
678 470 599 253 
687 476 606 254 
689 479 612 257 
693 480 617 258 
698 484 619 260 
701 488 624 261 
706 494 632 262 
709 498 638 264 
715 501 644 264 
720 505 650 264 
727 507 655 267 
732 509 658 269 
737 513 662 271 
744 516 664 272 
748 523 665 273 
755 526 675 275 
761 534 680 277 
767 541 685 278 
776 546 691 279 
783 552 702 282 
787 555 706 286 
796 557 710 288 
801 561 720 292 
804 564 725 293 
809 569 729 294 
816 572 732 297 
820 578 743 298 
825 582 748 300 
829 588 755 302 
834 592 763 302 
836 597 767 304 
842 598 773 307 
844 599 776 311 
852 604 780 311 
857 607 788 314 
865 610 794 316 
875 611 800 319 
878 617 804 320 
880 621 808 321 
889 623 809 321 
897 627 818 321 
905 629 824 324 
909 631 829 326 
911 634 831 327 
918 638 836 329 
923 643 842 331 
928 645 845 332 
932 650 847 338 
938 652 850 338 
941 654 856 340 
946 657 860 341 
953 660 865 342 
956 662 868 344 
961 672 873 347 
965 674 876 353 
971 679 881 355 
977 682 883 358 
982 685 892 358 
989 687 898 361 
993 690 904 363 
998 696 909 364 
1003 700 914 365 
1006 703 916 366 
1011 704 922 371 
1016 706 927 371 
1021 712 936 375 
1026 717 939 375 
1032 718 949 378 
1040 721 955 379 
1045 727 958 382 
1053 731 962 382 
1057 735 970 382 
1062 737 974 383 
1066 738 981 384 
1073 742 985 387 
1079 745 989 389 
1086 747 993 390 
1091 751 998 392 
1098 754 1002 393 
1104 758 1014 393 
1113 759 1020 394 
1117 762 1027 395 
1121 768 1028 397 
1129 771 1034 398 
1137 774 1037 399 
1144 779 1042 399 
1149 784 1047 400 
1157 788 1051 402 
1166 789 1058 405 
1174 789 1060 406 
1180 793 1067 407 
1186 797 1072 408 
1193 800 1075 410 
1198 802 1081 412 
1202 804 1087 413 
1207 805 1091 414 
1213 809 1095 415 
1218 812 1102 417 
1228 817 1104 419 
1233 821 1107 419 
1237 825 1112 421 
1243 830 1115 422 
1246 830 1125 425 
1248 835 1129 426 
1253 841 1129 427 
1257 845 1135 428 
1261 848 1138 429 
1270 853 1143 430 
1279 857 1145 432 
1283 859 1151 436 
1290 863 1154 438 
1295 868 1163 438 
1303 872 1167 441 
1308 877 1172 444 
1316 878 1178 445 
1321 881 1185 450 
1326 883 1190 450 
1335 887 1194 451 
1343 892 1202 451 
1345 893 1205 453 
1352 899 1209 454 
1359 905 1211 457 
1362 907 1216 459 
1366 911 1220 463 
1372 913 1222 465 
1379 913 1227 466 
1382 916 1228 468 
1382 919 1236 470 
1390 923 1248 472 
1393 925 1251 473 
1400 932 1257 476 
1409 935 1263 478 
1413 938 1270 479 
1419 947 1274 482 
1424 951 1280 484 
1428 953 1282 486 
1434 957 1289 490 
1440 961 1295 492 
1444 967 1297 494 
1448 971 1303 496 
1452 975 1306 497 
1455 977 1309 502 
1460 986 1316 504 
1462 988 1321 510 
1470 994 1321 513 
1475 996 1324 515 
1485 998 1329 518 
1491 1001 1330 521 
1498 1008 1334 522 
1504 1013 1340 524 
1511 1017 1342 526 
1518 1021 1346 530 
1524 1025 1347 532 
1531 1026 1355 533 
1538 1029 1356 535 
1548 1030 1361 535 
1554 1032 1366 537 
1561 1032 1367 540 
1565 1040 1372 541 
1568 1044 1377 541 
1574 1048 1382 544 
1584 1051 1387 547 
1588 1055 1396 547 
1589 1059 1405 550 
1592 1064 1409 550 
1597 1068 1414 551 
1604 1075 1417 553 
1606 1079 1423 555 
1611 1084 1427 555 
1616 1089 1431 557 
1620 1090 1438 559 
1632 1093 1443 563 
1636 1096 1447 563 
1643 1099 1450 565 
1651 1101 1455 566 
1654 1102 1459 567 
1660 1106 1467 568 
1665 1108 1476 570 
1669 1115 1480 571 
1675 1117 1485 572 
1680 1119 1488 572 
1684 1121 1493 574 
1690 1126 1494 576 
1692 1130 1503 578 
1705 1136 1506 578 
1707 1137 1508 580 
1715 1142 1512 586 
1720 1145 1514 587 
1725 1147 1517 590 
1728 1150 1523 590 
1736 1151 1526 590 
1743 1155 1534 591 
1747 1157 1542 595 
1752 1160 1547 595 
1757 1169 1550 598 
1761 1176 1556 600 
1766 1186 1557 602 
1770 1191 1564 603 
1775 1194 1569 604 
1779 1197 1572 609 
1787 1202 1578 614 
1789 1205 1579 616 
1791 1206 1582 618 
1798 1209 1585 622 
1803 1214 1589 624 
1810 1221 1594 624 
1816 1224 1601 627 
1818 1230 1604 629 
1829 1230 1606 633 
1834 1234 1615 633 
1839 1237 1623 635 
1844 1238 1624 638 
1854 1238 1628 641 
1862 1241 1631 641 
1866 1244 1635 644 
1873 1250 1641 647 
1883 1250 1646 649 
1889 1253 1650 649 
1896 1258 1653 650 
1900 1259 1657 652 
1905 1263 1660 653 
1908 1271 1666 654 
1921 1274 1672 656 
1926 1275 1677 656 
1932 1278 1681 657 
1936 1280 1684 659 
1939 1282 1685 661 
1945 1283 1687 664 
1953 1289 1692 667 
1958 1292 1696 670 
1959 1295 1704 672 
1963 1297 1709 672 
1967 1301 1713 676 
1969 1308 1717 677 
1976 1310 1722 677 
1980 1313 1726 679 
1984 1318 1732 681 
1987 1325 1735 685 
1994 1325 1743 687 
2000 1328 1750 689 
2002 1329 1755 691 
2007 1329 1758 693 
2008 1331 1765 694 
2012 1335 1769 696 
2017 1341 1774 696 
2021 1346 1775 701 
2027 1350 1782 704 
2032 1353 1788 704 
2037 1356 1796 706 
2042 1362 1805 710 
2048 1366 1813 711 
2058 1368 1820 712 
2065 1373 1828 713 
2069 1377 1836 713 
2073 1377 1842 716 
2075 1381 1847 719 
2081 1382 1852 722 
2084 1388 1860 723 
2086 1390 1868 725 
2093 1395 1876 725 
2098 1400 1881 728 
2108 1406 1886 729 
2113 1409 1887 732 
2119 1413 1891 732 
2121 1416 1897 733 
2125 1416 1902 738 
2128 1416 1908 740 
2134 1418 1913 741 
2139 1419 1917 741 
2140 1422 1923 741 
2144 1425 1925 744 
2146 1426 1930 746 
2153 1429 1934 747 
2157 1430 1937 749 
2161 1433 1941 750 
2165 1438 1942 753 
2171 1445 1946 756 
2176 1448 1951 759 
2179 1448 1959 760 
2183 1452 1968 761 
2191 1457 1970 763 
2197 1459 1975 763 
2202 1462 1982 765 
2206 1467 1987 767 
2210 1471 1988 769 
2212 1476 1992 773 
2219 1482 1998 773 
2226 1486 2005 774 
2232 1489 2014 774 
2235 1494 2019 774 
2239 1496 2025 776 
2242 1499 2027 779 
2246 1502 2030 780 
2250 1509 2033 783 
2253 1511 2035 783 
2254 1511 2039 786 
2257 1514 2046 788 
2259 1524 2046 791 
2265 1529 2054 792 
2267 1534 2061 796 
2275 1535 2063 797 
2277 1537 2069 800 
2281 1541 2074 802 
2283 1545 2078 803 
2292 1549 2082 805 
2298 1554 2083 806 
2303 1560 2090 808 
2309 1564 2095 809 
2318 1565 2098 810 
2323 1565 2101 811 
2325 1568 2105 811 
2328 1570 2110 814 
2334 1580 2115 817 
2340 1581 2121 820 
2351 1585 2126 822 
2353 1593 2129 823 
2358 1599 2133 824 
2364 1604 2138 827 
2368 1609 2147 829 
2370 1612 2153 831 
2380 1617 2156 831 
2384 1619 2162 834 
2388 1622 2168 836 
2394 1624 2174 838 
2398 1626 2179 838 
2401 1627 2184 840 
2407 1630 2188 842 
2412 1635 2191 846 
2416 1640 2198 850 
2425 1646 2204 853 
2429 1652 2209 854 
2436 1654 2217 855 
2439 1660 2222 857 
2444 1663 2226 858 
2451 1667 2229 859 
2456 1675 2237 861 
2459 1684 2241 861 
2464 1686 2243 863 
2469 1690 2248 863 
2478 1695 2258 866 
2484 1697 2266 867 
2493 1700 2270 871 
2497 1706 2272 874 
2499 1714 2273 875 
2505 1724 2280 876 
2509 1728 2285 880 
2517 1734 2287 882 
2524 1735 2296 885 
2526 1737 2300 886 
2531 1741 2304 887 
2538 1744 2306 889 
2544 1748 2310 889 
2547 1752 2316 890 
2558 1754 2322 891 
2566 1757 2329 894 
2572 1759 2331 897 
2575 1763 2336 899 
2581 1764 2339 900 
2587 1769 2342 900 
2591 1773 2348 902 
2596 1776 2354 903 
2600 1781 2360 906 
2609 1786 2363 910 
2613 1792 2366 912 
2619 1793 2368 913 
2627 1798 2370 913 
2633 1803 2375 913 
2639 1810 2382 916 
2647 1813 2386 919 
2647 1816 2389 919 
2652 1819 2395 919 
2656 1823 2399 923 
2658 1829 2407 923 
2665 1833 2410 923 
2670 1837 2413 926 
2674 1842 2415 929 
2680 1847 2417 931 
2685 1851 2432 931 
2690 1853 2440 932 
2695 1858 2446 933 
2701 1862 2450 933 
2710 1866 2457 940 
2714 1867 2461 942 
2717 1872 2465 943 
2725 1876 2468 946 
2728 1881 2477 947 
2733 1884 2484 951 
2739 1888 2491 954 
2743 1889 2497 954 
2748 1893 2499 954 
2755 1896 2502 959 
2763 1900 2506 962 
2767 1907 2513 962 
2772 1912 2514 964 
2775 1919 2517 965 
2777 1922 2522 969 
2780 1923 2529 969 
2782 1925 2535 973 
2789 1928 2540 975 
2789 1932 2545 977 
2796 1937 2552 978 
2805 1944 2558 981 
2811 1945 2560 985 
2813 1950 2564 985 
2818 1955 2566 985 
2826 1957 2569 985 
2833 1958 2573 986 
2847 1959 2578 989 
2853 1961 2583 990 
2859 1966 2590 992 
2861 1967 2597 993 
2869 1968 2603 994 
2871 1969 2611 996 
2875 1976 2617 997 
2880 1979 2623 1001 
2889 1982 2628 1001 
2895 1986 2634 1006 
2900 1991 2642 1009 
2905 1997 2644 1010 
2912 2003 2651 1015 
2921 2008 2660 1016 
2926 2014 2668 1017 
2933 2017 2674 1018 
2939 2019 2677 1019 
2944 2025 2681 1019 
2950 2029 2685 1019 
2957 2036 2690 1020 
2960 2039 2695 1022 
2963 2040 2697 1023 
2968 2045 2701 1025 
2979 2049 2705 1028 
2982 2052 2713 1029 
2991 2057 2715 1030 
2995 2061 2723 1033 
3004 2067 2727 1035 
3009 2070 2730 1036 
3012 2072 2735 1041 
3016 2078 2740 1043 
3023 2080 2746 1043 
3027 2086 2750 1045 
3035 2089 2756 1047 
3038 2093 2760 1048 
3042 2094 2766 1054 
3048 2100 2773 1054 
3052 2101 2780 1055 
3057 2104 2782 1058 
3064 2104 2789 1061 
3067 2106 2795 1063 
3071 2109 2798 1065 
3075 2111 2802 1066 
3081 2114 2807 1066 
3086 2118 2812 1068 
3088 2122 2816 1070 
3095 2126 2819 1072 
3099 2131 2822 1074 
3113 2137 2828 1078 
3119 2140 2832 1081 
3122 2146 2836 1082 
3127 2151 2844 1082 
3133 2155 2847 1084 
3140 2156 2849 1088 
3145 2159 2858 1090 
3148 2161 2864 1091 
3153 2163 2870 1091 
3159 2165 2872 1093 
3165 2165 2878 1094 
3169 2170 2879 1097 
3171 2173 2883 1098 
3179 2177 2886 1100 
3183 2178 2890 1104 
3186 2182 2894 1105 
3191 2185 2899 1110 
3193 2190 2900 1113 
3197 2192 2908 1114 
3202 2196 2918 1117 
3207 2199 2922 1117 
3209 2205 2928 1118 
3216 2206 2932 1120 
3221 2211 2934 1124 
3226 2219 2938 1125 
3231 2223 2943 1127 
3235 2228 2949 1130 
3244 2230 2959 1130 
3247 2234 2962 1133 
3250 2237 2966 1136 
3254 2242 2970 1137 
3261 2244 2981 1137 
3265 2246 2986 1138 
3271 2250 2991 1139 
3273 2253 2993 1141 
3276 2256 2998 1142 
3279 2258 3005 1143 
3282 2263 3011 1146 
3288 2268 3015 1147 
3289 2270 3020 1147 
3295 2271 3027 1147 
3298 2275 3030 1147 
3302 2276 3032 1151 
3306 2278 3036 1151 
3310 2283 3042 1151 
3313 2289 3045 1152 
3319 2292 3051 1156 
3326 2299 3057 1157 
3332 2300 3063 1159 
3341 2303 3068 1159 
3344 2308 3071 1160 
3349 2315 3076 1162 
3353 2322 3084 1164 
3359 2325 3093 1164 
3362 2330 3096 1167 
3365 2332 3100 1171 
3369 2333 3105 1173 
3376 2337 3106 1178 
3383 2344 3111 1181 
3385 2350 3115 1183 
3389 2354 3116 1186 
3395 2359 3116 1188 
3398 2362 3122 1192 
3400 2367 3127 1193 
3406 2370 3131 1198 
3411 2371 3138 1201 
3422 2372 3145 1201 
3425 2375 3150 1201 
3428 2376 3154 1202 
3433 2380 3158 1206 
3440 2382 3164 1208 
3445 2386 3165 1209 
3452 2386 3170 1210 
3456 2392 3178 1210 
3467 2399 3182 1213 
3474 2401 3190 1214 
3479 2404 3195 1215 
3485 2406 3201 1217 
3488 2411 3202 1219 
3497 2413 3208 1223 
3501 2417 3210 1226 
3509 2420 3215 1227 
3512 2423 3219 1229 
3517 2429 3224 1233 
3524 2435 3228 1235 
3531 2438 3231 1237 
3543 2442 3237 1241 
3551 2448 3246 1243 
3556 2453 3256 1246 
3558 2459 3260 1247 
3560 2462 3264 1247 
3566 2465 3268 1247 
3571 2473 3271 1249 
3576 2478 3276 1251 
3577 2480 3283 1256 
3583 2482 3286 1257 
3587 2484 3291 1259 
3591 2488 3296 1259 
3598 2493 3302 1260 
3604 2499 3307 1261 
3610 2501 3310 1264 
3614 2505 3314 1266 
3620 2509 3321 1267 
3623 2512 3326 1270 
3625 2518 3331 1272 
3630 2527 3337 1276 
3636 2533 3343 1277 
3638 2534 3350 1277 
3639 2535 3352 1277 
3641 2539 3355 1279 
3644 2543 3357 1279 
3646 2549 3365 1280 
3650 2551 3367 1282 
3655 2557 3372 1283 
3664 2562 3377 1285 
3674 2570 3384 1286 
3681 2573 3387 1287 
3687 2577 3396 1287 
3695 2579 3399 1289 
3699 2581 3407 1291 
3707 2583 3411 1292 
3709 2588 3413 1293 
3715 2589 3415 1294 
3721 2593 3420 1297 
3727 2596 3424 1300 
3732 2599 3429 1302 
3737 2601 3436 1305 
3743 2606 3444 1306 
3751 2609 3451 1307 
3756 2610 3454 1309 
3758 2614 3464 1313 
3763 2619 3473 1315 
3773 2621 3476 1317 
3779 2627 3483 1318 
3787 2636 3487 1319 
3794 2639 3487 1319 
3796 2644 3490 1319 
3799 2644 3495 1322 
3806 2652 3505 1325 
3808 2656 3507 1326 
3814 2659 3512 1326 
3815 2661 3515 1327 
3820 2667 3519 1327 
3827 2671 3525 1330 
3835 2674 3530 1333 
3841 2679 3535 1336 
3846 2684 3539 1340 
3854 2689 3542 1342 
3863 2694 3546 1344 
3868 2700 3551 1346 
3872 2704 3559 1346 
3882 2705 3562 1347 
3889 2709 3569 1351 
3896 2713 3573 1352 
3902 2717 3577 1354 
3909 2721 3582 1355 
3914 2724 3586 1355 
3923 2730 3592 1357 
3928 2730 3596 1360 
3934 2737 3600 1360 
3941 2742 3603 1361 
3945 2747 3605 1364 
3950 2750 3607 1366 
3953 2751 3618 1366 
3961 2755 3624 1367 
3966 2755 3630 1368 
3975 2761 3637 1371 
3979 2764 3641 1373 
3984 2767 3643 1376 
3986 2771 3649 1376 
3994 2774 3654 1382 
3999 2782 3660 1382 
4006 2784 3668 1383 
4010 2785 3672 1388 
4019 2788 3678 1391 
4032 2790 3678 1392 
4035 2794 3682 1394 
4038 2798 3691 1395 
4042 2799 3693 1397 
4045 2800 3699 1398 
4048 2803 3706 1399 
4052 2808 3710 1401 
4056 2813 3713 1409 
4062 2820 3716 1409 
4070 2824 3722 1411 
4074 2828 3723 1415 
4079 2831 3728 1416 
4082 2834 3737 1420 
4089 2842 3739 1422 
4095 2846 3746 1422 
4105 2848 3753 1424 
4111 2850 3756 1427 
4116 2856 3766 1429 
4122 2859 3774 1431 
4125 2863 3779 1433 
4132 2865 3785 1433 
4138 2872 3787 1435 
4142 2875 3790 1437 
4143 2880 3796 1441 
4148 2882 3803 1441 
4150 2883 3812 1444 
4156 2887 3816 1448 
4158 2894 3819 1450 
4169 2898 3826 1450 
4170 2904 3831 1452 
4176 2910 3838 1454 
4184 2916 3844 1455 
4185 2919 3850 1460 
4191 2924 3859 1463 
4197 2928 3866 1466 
4204 2930 3871 1468 
4212 2935 3873 1473 
4216 2937 3876 1474 
4220 2942 3876 1476 
4222 2949 3881 1476 
4229 2954 3884 1478 
4232 2957 3891 1483 
4234 2959 3895 1485 
4242 2960 3902 1489 
4246 2961 3904 1489 
4253 2963 3912 1491 
4255 2965 3919 1491 
4263 2970 3927 1492 
4269 2977 3931 1495 
4275 2981 3938 1496 
4282 2984 3939 1496 
4290 2992 3944 1499 
4298 2994 3952 1500 
4301 2995 3957 1501 
4307 2999 3963 1502 
4310 3005 3965 1504 
4316 3009 3972 1506 
4322 3011 3980 1507 
4328 3014 3984 1507 
4331 3016 3993 1507 
4334 3020 3999 1509 
4339 3027 4001 1511 
4344 3030 4005 1514 
4347 3031 4009 1516 
4353 3035 4017 1517 
4359 3040 4020 1519 
4364 3042 4026 1522 
4368 3045 4031 1522 
4374 3050 4038 1522 
4376 3055 4045 1524 
4381 3059 4049 1525 
4386 3061 4052 1526 
4389 3065 4055 1528 
4390 3067 4060 1530 
4397 3069 4071 1533 
4401 3070 4079 1534 
4405 3073 4084 1536 
4412 3076 4087 1539 
4421 3083 4092 1540 
4427 3088 4099 1543 
4430 3093 4101 1546 
4435 3098 4103 1547 
4445 3099 4105 1552 
4453 3101 4111 1553 
4456 3104 4113 1554 
4462 3107 4116 1556 
4469 3110 4121 1556 
4474 3113 4128 1560 
4479 3114 4134 1561 
4487 3123 4139 1562 
4489 3127 4141 1564 
4497 3133 4144 1567 
4506 3138 4147 1570 
4508 3149 4154 1571 
4516 3154 4158 1573 
4519 3158 4161 1576 
4524 3163 4164 1580 
4526 3166 4171 1584 
4532 3173 4182 1585 
4533 3174 4186 1588 
4536 3176 4194 1591 
4542 3179 4200 1593 
4546 3182 4206 1594 
4551 3186 4211 1596 
4558 3193 4217 1597 
4562 3197 4222 1599 
4565 3202 4229 1600 
4573 3211 4238 1602 
4578 3217 4239 1604 
4587 3218 4245 1605 
4590 3225 4246 1606 
4597 3228 4251 1609 
4605 3233 4255 1610 
4613 3237 4258 1611 
4618 3242 4264 1613 
4621 3245 4273 1613 
4628 3250 4278 1615 
4633 3256 4286 1619 
4637 3260 4290 1622 
4645 3262 4295 1623 
4650 3266 4305 1624 
4655 3268 4311 1626 
4658 3275 4313 1627 
4662 3278 4318 1628 
4665 3281 4320 1628 
4669 3284 4327 1630 
4675 3287 4334 1630 
4679 3289 4340 1630 
4685 3293 4348 1634 
4693 3298 4353 1634 
4698 3299 4355 1634 
4701 3303 4358 1634 
4707 3304 4367 1636 
4712 3311 4373 1639 
4714 3316 4377 1641 
4718 3320 4382 1642 
4727 3320 4388 1643 
4732 3326 4398 1645 
4735 3329 4404 1645 
4740 3333 4411 1649 
4746 3337 4414 1651 
4746 3342 4423 1653 
4753 3343 4427 1654 
4759 3347 4430 1655 
4768 3350 4432 1658 
4777 3358 4436 1659 
4780 3363 4443 1661 
4785 3366 4451 1661 
4790 3371 4453 1664 
4795 3371 4458 1664 
4801 3373 4464 1667 
4808 3375 4471 1671 
4815 3380 4472 1672 
4819 3389 4475 1673 
4828 3394 4478 1674 
4838 3400 4480 1677 
4843 3402 4485 1677 
4848 3404 4490 1679 
4859 3405 4497 1679 
4871 3410 4502 1682 
4877 3411 4510 1685 
4884 3414 4519 1688 
4892 3417 4523 1690 
4897 3421 4528 1693 
4902 3423 4533 1694 
4907 3426 4539 1695 
4908 3430 4546 1696 
4913 3431 4548 1696 
4916 3436 4555 1698 
4920 3439 4561 1698 
4927 3442 4564 1702 
4936 3445 4573 1705 
4943 3447 4577 1706 
4948 3452 4581 1707 
4954 3459 4587 1708 
4960 3464 4593 1710 
4966 3466 4601 1712 
4968 3472 4607 1714 
4973 3476 4610 1716 
4977 3478 4610 1717 
4982 3484 4613 1718 
4985 3490 4619 1718 
4990 3495 4623 1719 
4995 3497 4631 1720 
4997 3502 4635 1720 
4997 3504 4642 1722 
5002 3510 4645 1723 
5006 3517 4650 1727 
5011 3524 4654 1728 
5014 3528 4659 1728 
5019 3532 4665 1731 
5022 3535 4670 1731 
5024 3537 4674 1732 
5030 3539 4675 1733 
5041 3543 4681 1734 
5042 3550 4686 1735 
5046 3553 4692 1738 
5052 3556 4694 1740 
5057 3561 4699 1743 
5062 3564 4704 1744 
5067 3568 4713 1746 
5072 3572 4718 1747 
5074 3576 4726 1749 
5077 3579 4734 1750 
5082 3582 4738 1752 
5086 3590 4744 1753 
5093 3593 4752 1753 
5096 3602 4753 1754 
5101 3602 4758 1756 
5110 3609 4761 1760 
5114 3614 4768 1762 
5122 3616 4775 1763 
5126 3618 4781 1765 
5133 3619 4785 1766 
5134 3620 4793 1768 
5139 3626 4794 1768 
5149 3629 4799 1770 
5155 3632 4808 1773 
5160 3636 4810 1776 
5168 3638 4814 1776 
5174 3642 4817 1779 
5177 3649 4821 1782 
5178 3655 4830 1785 
5181 3659 4834 1786 
5186 3660 4842 1788 
5191 3664 4850 1790 
5193 3667 4856 1790 
5199 3668 4861 1793 
5204 3674 4867 1795 
5206 3677 4877 1798 
5212 3682 4880 1800 
5216 3684 4883 1800 
5220 3685 4892 1803 
5225 3691 4894 1805 
5227 3695 4900 1806 
5231 3698 4906 1807 
5238 3699 4910 1808 
5242 3702 4916 1809 
5245 3706 4920 1813 
5250 3710 4925 1816 
5251 3714 4928 1819 
5256 3722 4930 1821 
5259 3727 4936 1824 
5265 3730 4940 1826 
5275 3736 4950 1827 
5280 3739 4956 1829 
5288 3745 4962 1832 
5293 3750 4970 1833 
5298 3756 4980 1833 
5306 3763 4984 1834 
5312 3765 4991 1834 
5316 3768 4999 1836 
5316 3772 5001 1839 
5319 3776 5003 1840 
5322 3781 5006 1841 
5328 3786 5007 1844 
5336 3791 5013 1850 
5343 3795 5016 1856 
5351 3801 5024 1856 
5352 3803 5028 1856 
5356 3808 5038 1858 
5361 3815 5044 1861 
5366 3824 5051 1864 
5371 3826 5057 1868 
5379 3831 5059 1872 
5384 3837 5064 1873 
5394 3845 5072 1873 
5401 3849 5076 1873 
5404 3854 5080 1874 
5414 3857 5088 1876 
5419 3861 5094 1877 
5423 3867 5102 1878 
5425 3870 5105 1882 
5432 3879 5107 1882 
5440 3883 5115 1884 
5444 3884 5128 1887 
5453 3888 5133 1891 
5458 3892 5139 1894 
5462 3899 5145 1898 
5470 3903 5153 1899 
5475 3904 5157 1901 
5478 3906 5166 1904 
5484 3909 5173 1907 
5486 3911 5175 1909 
5489 3914 5179 1911 
5499 3916 5183 1912 
5502 3920 5186 1914 
5508 3924 5189 1915 
5516 3926 5196 1917 
5519 3930 5201 1918 
5525 3933 5207 1919 
5529 3935 5209 1920 
5537 3941 5212 1922 
5545 3945 5217 1926 
5550 3951 5226 1928 
5555 3954 5231 1929 
5567 3957 5238 1930 
5570 3959 5241 1932 
5574 3963 5250 1934 
5583 3967 5256 1934 
5587 3972 5260 1936 
5592 3975 5266 1939 
5597 3979 5274 1939 
5605 3985 5281 1942 
5613 3987 5289 1943 
5619 3988 5294 1946 
5626 3989 5298 1948 
5628 3999 5303 1948 
5633 4001 5305 1952 
5638 4004 5311 1956 
5644 4006 5320 1959 
5649 4014 5325 1960 
5658 4019 5335 1965 
5663 4024 5338 1967 
5668 4030 5345 1971 
5673 4034 5349 1973 
5677 4036 5352 1974 
5684 4037 5363 1977 
5692 4041 5367 1978 
5697 4048 5373 1979 
5704 4050 5377 1984 
5708 4055 5386 1987 
5718 4062 5391 1990 
5723 4066 5394 1993 
5730 4072 5400 1994 
5740 4078 5408 1995 
5745 4081 5413 1996 
5753 4086 5417 1998 
5755 4091 5425 1999 
5760 4096 5431 2002 
5766 4102 5442 2005 
5767 4107 5444 2007 
5771 4113 5450 2008 
5774 4120 5454 2010 
5779 4125 5462 2013 
5784 4130 5467 2015 
5786 4133 5470 2018 
5791 4137 5473 2021 
5799 4143 5478 2023 
5807 4146 5486 2025 
5814 4150 5491 2026 
5816 4155 5495 2026 
5823 4160 5500 2026 
5835 4162 5508 2030 
5838 4166 5513 2033 
5842 4169 5517 2036 
5847 4177 5522 2037 
5853 4181 5528 2037 
5862 4184 5533 2037 
5869 4191 5540 2037 
5872 4198 5545 2041 
5874 4204 5547 2042 
5876 4211 5555 2042 
5885 4217 5557 2046 
5890 4222 5564 2047 
5894 4227 5572 2049 
5898 4232 5574 2050 
5901 4233 5581 2053 
5903 4237 5589 2055 
5906 4241 5596 2058 
5911 4245 5599 2060 
5918 4252 5602 2061 
5927 4255 5606 2062 
5933 4257 5609 2063 
5936 4260 5616 2066 
5939 4265 5621 2070 
5945 4267 5624 2072 
5949 4272 5635 2075 
5956 4275 5639 2076 
5962 4279 5641 2077 
5972 4284 5647 2079 
5982 4291 5656 2082 
5989 4294 5660 2084 
5993 4298 5660 2088 
5998 4302 5669 2090 
6003 4307 5676 2091 
6009 4312 5682 2093 
6016 4313 5690 2093 
6018 4318 5692 2095 
6023 4323 5696 2098 
6029 4328 5703 2100 
6038 4334 5714 2103 
6044 4338 5724 2105 
6049 4341 5731 2108 
6056 4345 5738 2111 
6058 4351 5746 2112 
6068 4352 5749 2114 
6077 4358 5755 2115 
6079 4361 5767 2118 
6081 4367 5772 2121 
6090 4371 5778 2123 
6093 4372 5781 2124 
6097 4375 5783 2124 
6100 4378 5791 2125 
6103 4383 5799 2126 
6111 4387 5806 2127 
6118 4388 5811 2129 
6120 4392 5818 2131 
6124 4398 5825 2135 
6129 4402 5828 2138 
6135 4405 5832 2142 
6138 4410 5838 2143 
6144 4412 5845 2145 
6148 4415 5846 2146 
6154 4416 5851 2151 
6156 4419 5856 2154 
6161 4423 5863 2156 
6165 4427 5869 2157 
6170 4435 5875 2158 
6175 4442 5880 2160 
6176 4449 5882 2160 
6182 4454 5888 2163 
6184 4457 5892 2164 
6186 4460 5903 2165 
6195 4462 5909 2165 
6199 4464 5914 2166 
6203 4465 5917 2167 
6206 4470 5926 2170 
6209 4474 5933 2172 
6212 4478 5945 2175 
6220 4483 5951 2180 
6226 4490 5958 2182 
6232 4491 5964 2184 
6236 4493 5973 2188 
6239 4494 5978 2189 
6244 4504 5992 2190 
6253 4509 5999 2191 
6255 4511 6005 2191 
6262 4515 6011 2196 
6271 4519 6017 2196 
6273 4525 6022 2197 
6276 4533 6028 2200 
6279 4538 6032 2201 
6282 4543 6038 2205 
6287 4549 6040 2209 
6291 4552 6043 2209 
6295 4555 6051 2213 
6304 4560 6053 2213 
6312 4563 6059 2214 
6317 4565 6063 2215 
6323 4567 6069 2216 
6327 4571 6074 2216 
6334 4576 6078 2217 
6342 4579 6082 2219 
6351 4583 6093 2219 
6352 4590 6100 2221 
6359 4597 6106 2222 
6361 4600 6108 2223 
6362 4604 6115 2226 
6369 4606 6122 2228 
6372 4609 6129 2229 
6384 4611 6134 2232 
6387 4615 6137 2234 
6391 4617 6145 2235 
6400 4622 6153 2238 
6404 4626 6156 2239 
6408 4628 6164 2242 
6412 4632 6169 2243 
6416 4634 6178 2244 
6420 4643 6181 2245 
6427 4644 6186 2245 
6431 4649 6192 2246 
6434 4653 6197 2250 
6435 4655 6200 2255 
6436 4656 6209 2257 
6441 4662 6215 2259 
6444 4665 6219 2262 
6450 4671 6226 2264 
6457 4677 6232 2265 
6460 4678 6238 2266 
6466 4684 6245 2268 
6474 4687 6249 2268 
6478 4691 6253 2271 
6485 4695 6256 2272 
6491 4701 6267 2273 
6495 4704 6269 2274 
6499 4711 6274 2275 
6500 4714 6276 2276 
6505 4720 6277 2277 
6511 4723 6281 2277 
6513 4728 6289 2283 
6518 4730 6295 2285 
6524 4734 6300 2287 
6528 4736 6308 2287 
6535 4738 6313 2289 
6540 4744 6316 2291 
6547 4749 6319 2292 
6561 4754 6325 2294 
6565 4760 6335 2294 
6572 4762 6339 2297 
6579 4763 6344 2299 
6585 4764 6350 2301 
6594 4768 6356 2306 
6600 4773 6359 2309 
6605 4775 6372 2313 
6611 4782 6373 2315 
6612 4788 6378 2315 
6618 4790 6384 2315 
6623 4793 6394 2317 
6628 4797 6395 2321 
6630 4798 6404 2326 
6636 4802 6408 2329 
6642 4805 6410 2330 
6647 4812 6414 2333 
6649 4813 6421 2333 
6655 4817 6429 2334 
6661 4821 6436 2337 
6669 4824 6441 2338 
6674 4826 6447 2338 
6680 4833 6450 2339 
6686 4836 6457 2341 
6692 4843 6462 2342 
6698 4846 6467 2345 
6702 4850 6474 2346 
6707 4856 6477 2350 
6714 4861 6482 2351 
6721 4864 6484 2353 
6726 4871 6490 2354 
6733 4877 6496 2356 
6736 4883 6500 2358 
6742 4887 6507 2360 
6743 4890 6510 2365 
6750 4893 6515 2367 
6756 4898 6524 2368 
6764 4899 6531 2369 
6769 4906 6535 2370 
6774 4910 6542 2372 
6781 4917 6548 2373 
6785 4919 6553 2375 
6788 4922 6566 2377 
6792 4925 6572 2378 
6799 4928 6583 2378 
6799 4934 6585 2381 
6804 4940 6593 2384 
6808 4944 6599 2386 
6814 4945 6605 2389 
6819 4951 6611 2389 
6825 4957 6618 2389 
6829 4960 6622 2390 
6835 4962 6625 2393 
6844 4967 6628 2393 
6850 4970 6635 2394 
6854 4974 6641 2396 
6857 4979 6649 2398 
6863 4983 6655 2401 
6866 4988 6664 2403 
6879 4989 6666 2403 
6884 4993 6673 2405 
6887 4997 6677 2407 
6892 5000 6683 2411 
6899 5009 6690 2411 
6910 5015 6692 2412 
6914 5018 6699 2415 
6916 5026 6700 2417 
6922 5029 6704 2419 
6929 5033 6712 2422 
6932 5038 6716 2425 
6936 5043 6718 2427 
6944 5044 6727 2432 
6947 5046 6731 2434 
6952 5050 6735 2435 
6955 5058 6739 2437 
6961 5062 6747 2440 
6972 5064 6755 2445 
6979 5069 6764 2445 
6982 5072 6770 2451 
6986 5076 6775 2451 
6990 5079 6779 2455 
6993 5083 6785 2457 
6998 5090 6788 2459 
7003 5093 6793 2459 
7012 5097 6799 2460 
7019 5103 6801 2464 
7023 5105 6810 2465 
7028 5109 6814 2467 
7033 5110 6823 2468 
7036 5114 6831 2469 
7045 5114 6835 2470 
7051 5117 6837 2473 
7059 5122 6840 2476 
7066 5125 6846 2480 
7070 5127 6849 2482 
7073 5129 6856 2489 
7080 5133 6859 2491 
7086 5138 6864 2492 
7091 5141 6866 2495 
7095 5142 6876 2495 
7098 5147 6881 2497 
7102 5151 6888 2499 
7106 5156 6891 2501 
7112 5160 6899 2502 
7114 5164 6903 2507 
7121 5166 6910 2507 
7126 5170 6914 2509 
7131 5177 6920 2511 
7136 5184 6921 2512 
7139 5187 6925 2516 
7142 5190 6930 2519 
7145 5199 6935 2524 
7150 5207 6941 2525 
7155 5211 6948 2525 
7165 5213 6952 2525 
7174 5220 6956 2528 
7179 5221 6962 2530 
7183 5226 6969 2530 
7188 5226 6972 2530 
7195 5228 6978 2532 
7200 5232 6987 2535 
7208 5236 6997 2537 
7214 5237 6999 2537 
7220 5242 7005 2538 
7225 5243 7013 2539 
7229 5249 7020 2542 
7234 5257 7024 2543 
7235 5262 7027 2546 
7238 5266 7037 2547 
7248 5269 7041 2548 
7255 5275 7048 2550 
7258 5279 7052 2552 
7260 5287 7056 2553 
7268 5291 7061 2556 
7272 5293 7068 2559 
7274 5299 7077 2560 
7283 5301 7080 2561 
7291 5304 7081 2561 
7294 5305 7085 2561 
7297 5309 7095 2564 
7306 5311 7099 2564 
7311 5321 7103 2566 
7319 5324 7105 2573 
7321 5326 7111 2575 
7324 5330 7112 2577 
7330 5335 7113 2579 
7337 5338 7118 2581 
7340 5342 7123 2584 
7344 5343 7127 2586 
7349 5347 7136 2589 
7354 5351 7138 2591 
7364 5357 7143 2593 
7369 5360 7145 2599 
7375 5363 7147 2600 
7381 5365 7154 2601 
7388 5368 7165 2606 
7395 5371 7175 2607 
7399 5375 7181 2610 
7407 5376 7188 2612 
7414 5380 7193 2612 
7423 5382 7203 2613 
7434 5387 7209 2614 
7440 5393 7215 2616 
7450 5394 7221 2618 
7457 5399 7227 2621 
7461 5404 7236 2622 
7465 5409 7240 2625 
7469 5413 7243 2627 
7473 5417 7246 2627 
7478 5421 7250 2628 
7485 5429 7254 2630 
7494 5431 7260 2631 
7500 5432 7268 2633 
7505 5439 7271 2634 
7510 5449 7277 2635 
7516 5451 7289 2637 
7526 5453 7293 2640 
7534 5454 7303 2641 
7547 5457 7310 2643 
7551 5465 7317 2644 
7554 5473 7323 2647 
7556 5476 7327 2647 
7563 5484 7334 2650 
7568 5488 7337 2651 
7569 5498 7343 2654 
7578 5505 7349 2658 
7584 5508 7358 2665 
7592 5510 7360 2669 
7600 5519 7368 2672 
7607 5521 7372 2674 
7614 5523 7375 2674 
7615 5528 7380 2674 
7619 5532 7388 2674 
7625 5539 7399 2674 
7629 5544 7411 2674 
7633 5547 7420 2674 
7636 5553 7423 2675 
7645 5557 7428 2678 
7655 5560 7436 2679 
7658 5568 7443 2682 
7663 5572 7449 2683 
7666 5578 7453 2684 
7672 5580 7462 2687 
7679 5581 7470 2690 
7684 5589 7479 2690 
7690 5593 7484 2692 
7695 5598 7494 2693 
7703 5601 7503 2696 
7706 5603 7509 2699 
7709 5606 7514 2702 
7715 5612 7518 2707 
7725 5613 7522 2707 
7736 5616 7526 2707 
7740 5623 7534 2709 
7743 5626 7539 2710 
7748 5631 7546 2712 
7755 5640 7551 2715 
7762 5643 7554 2720 
7765 5646 7560 2722 
7768 5649 7570 2722 
7774 5653 7573 2726 
7778 5656 7580 2728 
7782 5662 7581 2732 
7787 5668 7588 2734 
7796 5670 7593 2735 
7802 5673 7597 2737 
7810 5674 7601 2738 
7813 5677 7607 2739 
7818 5682 7612 2741 
7818 5686 7616 2742 
7825 5691 7621 2743 
7833 5695 7624 2744 
7838 5701 7634 2746 
7842 5705 7642 2746 
7847 5711 7645 2748 
7852 5715 7649 2749 
7855 5719 7651 2750 
7860 5720 7654 2750 
7863 5722 7656 2751 
7868 5726 7660 2752 
7869 5729 7666 2754 
7876 5733 7671 2755 
7881 5739 7679 2758 
7884 5743 7683 2761 
7889 5748 7688 2763 
7893 5753 7696 2764 
7899 5763 7708 2765 
7904 5765 7714 2767 
7908 5765 7725 2771 
7912 5769 7730 2771 
7918 5774 7736 2773 
7924 5778 7744 2773 
7928 5780 7746 2776 
7934 5784 7751 2777 
7939 5785 7755 2785 
7942 5785 7765 2785 
7946 5794 7768 2787 
7955 5799 7773 2788 
7961 5804 7778 2790 
7963 5807 7784 2792 
7965 5813 7788 2792 
7971 5815 7790 2795 
7976 5819 7797 2801 
7979 5823 7804 2804 
7984 5826 7809 2804 
7985 5829 7816 2804 
7990 5835 7823 2806 
7998 5836 7831 2808 
8003 5837 7836 2811 
8009 5841 7840 2813 
8022 5845 7847 2814 
8028 5848 7851 2816 
8033 5856 7856 2817 
8036 5858 7863 2822 
8040 5862 7868 2827 
8042 5866 7875 2829 
8046 5869 7880 2830 
8052 5871 7887 2831 
8059 5875 7895 2834 
8063 5876 7902 2836 
8070 5879 7908 2836 
8075 5883 7915 2836 
8078 5885 7916 2837 
8086 5891 7922 2837 
8090 5900 7927 2838 
8095 5903 7933 2841 
8099 5908 7939 2841 
8107 5910 7945 2843 
8111 5915 7953 2844 
8115 5918 7960 2846 
8121 5922 7962 2850 
8126 5925 7975 2852 
8134 5935 7983 2855 
8137 5938 7987 2856 
8139 5942 7991 2857 
8143 5946 7992 2860 
8147 5948 7997 2863 
8150 5954 8001 2866 
8156 5957 8008 2868 
8159 5960 8013 2871 
8162 5962 8015 2874 
8165 5962 8023 2875 
8167 5964 8032 2877 
8170 5968 8040 2879 
8178 5972 8041 2881 
8184 5975 8042 2884 
8190 5976 8053 2886 
8195 5981 8061 2886 
8202 5981 8063 2889 
8207 5984 8067 2889 
8209 5985 8071 2891 
8213 5987 8079 2894 
8218 5989 8086 2897 
8222 5993 8093 2899 
8231 5999 8094 2901 
8235 6003 8101 2901 
8240 6009 8104 2903 
8243 6010 8112 2906 
8257 6015 8119 2910 
8264 6017 8122 2911 
8271 6025 8126 2914 
8275 6030 8132 2916 
8279 6031 8138 2918 
8281 6035 8146 2922 
8294 6039 8155 2922 
8299 6042 8161 2923 
8302 6051 8170 2923 
8306 6054 8174 2923 
8309 6061 8180 2923 
8319 6067 8183 2924 
8329 6073 8190 2926 
8334 6073 8195 2930 
8343 6079 8201 2932 
8350 6086 8207 2932 
8354 6090 8212 2934 
8363 6095 8214 2935 
8366 6096 8221 2936 
8370 6103 8226 2939 
8378 6107 8233 2942 
8381 6111 8240 2945 
8388 6117 8247 2948 
8395 6120 8249 2951 
8401 6122 8253 2951 
8405 6123 8256 2952 
8411 6123 8267 2952 
8414 6128 8271 2952 
8426 6132 8276 2955 
8433 6138 8280 2959 
8438 6142 8287 2962 
8442 6143 8299 2966 
8452 6147 8305 2967 
8457 6151 8310 2968 
8461 6154 8317 2969 
8466 6156 8321 2970 
8470 6163 8322 2973 
8478 6167 8331 2976 
8484 6170 8338 2978 
8490 6172 8341 2979 
8496 6173 8346 2980 
8502 6179 8350 2983 
8509 6184 8350 2984 
8515 6186 8355 2986 
8522 6189 8360 2988 
8529 6195 8368 2992 
8538 6200 8375 2993 
8546 6203 8378 2996 
8552 6205 8380 3000 
8558 6209 8390 3001 
8564 6211 8392 3007 
8568 6212 8397 3009 
8577 6221 8407 3011 
8581 6225 8420 3012 
8592 6232 8428 3016 
8596 6236 8431 3018 
8600 6241 8439 3021 
8603 6243 8443 3022 
8608 6246 8448 3023 
8615 6248 8456 3026 
8623 6256 8463 3027 
8627 6260 8469 3032 
8637 6267 8475 3036 
8640 6271 8477 3038 
8643 6274 8482 3039 
8651 6280 8490 3043 
8655 6282 8495 3045 
8659 6286 8506 3046 
8662 6298 8513 3046 
8671 6303 8515 3048 
8676 6306 8522 3049 
8684 6309 8529 3052 
8693 6311 8536 3052 
8701 6315 8543 3057 
8709 6322 8549 3059 
8714 6329 8557 3061 
8720 6333 8561 3063 
8724 6340 8565 3065 
8729 6342 8568 3067 
8734 6347 8572 3070 
8741 6349 8581 3074 
8743 6357 8586 3075 
8748 6362 8595 3075 
8750 6366 8600 3079 
8753 6369 8604 3080 
8765 6372 8605 3081 
8771 6376 8608 3083 
8777 6377 8611 3085 
8779 6383 8618 3085 
8786 6384 8624 3085 
8788 6387 8626 3085 
8794 6392 8630 3087 
8801 6395 8641 3089 
8806 6398 8644 3090 
8811 6404 8651 3091 
8814 6405 8653 3093 
8823 6406 8659 3096 
8828 6410 8667 3100 
8831 6412 8675 3100 
8834 6414 8679 3100 
8834 6420 8686 3103 
8843 6424 8694 3105 
8847 6427 8702 3106 
8854 6433 8705 3106 
8861 6435 8709 3107 
8865 6436 8713 3110 
8873 6439 8718 3111 
8882 6443 8722 3112 
8887 6443 8724 3114 
8897 6450 8730 3116 
8901 6454 8734 3118 
8908 6458 8739 3118 
8916 6463 8744 3121 
8920 6466 8748 3122 
8929 6472 8752 3123 
8935 6475 8757 3125 
8945 6478 8763 3126 
8948 6481 8767 3131 
8955 6484 8777 3134 
8956 6487 8783 3137 
8960 6494 8786 3140 
8964 6498 8794 3141 
8969 6504 8799 3145 
8971 6505 8804 3150 
8976 6510 8812 3152 
8984 6513 8819 3156 
8991 6518 8823 3157 
9001 6522 8829 3160 
9005 6527 8834 3161 
9014 6528 8841 3165 
9021 6530 8848 3169 
9025 6532 8852 3170 
9026 6535 8858 3174 
9035 6537 8864 3175 
9040 6540 8867 3175 
9045 6543 8871 3176 
9051 6548 8873 3179 
9060 6551 8878 3182 
9065 6557 8886 3182 
9070 6560 8895 3186 
9075 6564 8902 3190 
9080 6569 8908 3194 
9085 6571 8916 3196 
9091 6576 8923 3197 
9094 6578 8929 3200 
9100 6582 8935 3200 
9106 6585 8940 3203 
9112 6587 8947 3205 
9118 6594 8955 3206 
9121 6599 8960 3206 
9127 6603 8964 3207 
9131 6607 8974 3208 
9134 6609 8979 3210 
9145 6614 8984 3212 
9148 6619 8991 3216 
9153 6623 8996 3218 
9164 6633 9001 3219 
9168 6637 9005 3223 
9176 6639 9012 3223 
9185 6643 9018 3223 
9191 6647 9020 3224 
9197 6648 9023 3226 
9205 6655 9030 3230 
9213 6656 9036 3231 
9217 6662 9041 3236 
9225 6665 9049 3238 
9230 6669 9053 3238 
9233 6675 9062 3239 
9239 6680 9066 3241 
9242 6684 9071 3243 
9248 6686 9078 3245 
9260 6688 9084 3247 
9262 6694 9088 3249 
9270 6697 9098 3250 
9278 6701 9104 3253 
9284 6703 9111 3256 
9288 6707 9117 3258 
9295 6712 9124 3258 
9303 6714 9129 3261 
9308 6719 9134 3262 
9312 6727 9140 3264 
9321 6729 9148 3270 
9328 6732 9154 3272 
9340 6736 9160 3274 
9345 6741 9169 3275 
9347 6747 9181 3277 
9351 6750 9187 3278 
9358 6754 9193 3279 
9365 6758 9200 3280 
9368 6763 9203 3281 
9378 6765 9206 3286 
9384 6767 9211 3288 
9388 6774 9215 3288 
9390 6779 9225 3290 
9394 6781 9227 3293 
9398 6787 9235 3294 
9401 6794 9243 3294 
9407 6797 9248 3295 
9409 6798 9255 3298 
9412 6802 9265 3301 
9417 6810 9269 3303 
9423 6813 9272 3305 
9427 6817 9279 3308 
9432 6821 9284 3311 
9438 6824 9289 3318 
9443 6828 9294 3320 
9449 6833 9297 3323 
9454 6835 9302 3324 
9456 6845 9309 3328 
9467 6847 9312 3331 
9471 6853 9316 3332 
9477 6858 9323 3334 
9483 6862 9327 3337 
9484 6862 9329 3340 
9491 6866 9333 3344 
9494 6869 9339 3347 
9501 6874 9346 3348 
9509 6878 9347 3349 
9514 6883 9352 3351 
9522 6885 9358 3354 
9532 6890 9364 3356 
9541 6894 9369 3356 
9546 6895 9376 3359 
9551 6899 9386 3360 
9558 6904 9392 3360 
9562 6908 9399 3362 
9565 6915 9408 3366 
9571 6918 9417 3368 
9573 6922 9419 3372 
9577 6927 9424 3375 
9582 6933 9427 3378 
9587 6935 9433 3380 
9590 6938 9438 3383 
9595 6941 9445 3383 
9604 6944 9451 3386 
9608 6950 9455 3387 
9615 6954 9462 3388 
9622 6955 9467 3389 
9628 6959 9469 3394 
9631 6960 9474 3396 
9639 6969 9480 3402 
9645 6973 9488 3403 
9647 6976 9499 3404 
9651 6981 9504 3407 
9658 6987 9509 3409 
9663 6991 9519 3411 
9666 6998 9524 3414 
9669 7007 9533 3419 
9678 7015 9541 3422 
9684 7016 9548 3426 
9691 7019 9552 3429 
9697 7022 9558 3429 
9704 7027 9565 3433 
9709 7032 9570 3434 
9718 7033 9574 3436 
9722 7038 9580 3438 
9726 7043 9592 3439 
9734 7048 9604 3440 
9743 7054 9609 3441 
9751 7058 9619 3443 
9752 7061 9624 3444 
9758 7061 9625 3444 
9766 7064 9633 3445 
9767 7066 9636 3448 
9773 7071 9640 3449 
9777 7074 9647 3450 
9782 7077 9652 3454 
9783 7083 9658 3457 
9788 7087 9663 3458 
9793 7092 9672 3459 
9800 7094 9676 3463 
9807 7102 9683 3467 
9813 7110 9693 3469 
9819 7116 9696 3472 
9823 7120 9703 3476 
9832 7127 9708 3478 
9835 7134 9711 3480 
9838 7136 9715 3480 
9847 7138 9724 3481 
9855 7143 9733 3483 
9862 7148 9739 3488 
9866 7153 9742 3495 
9867 7158 9743 3496 
9871 7160 9748 3498 
9876 7163 9752 3499 
9883 7171 9763 3501 
9888 7174 9769 3502 
9895 7180 9776 3502 
9898 7185 9780 3505 
9905 7188 9786 3506 
9909 7193 9790 3506 
9912 7195 9797 3508 
9918 7197 9802 3511 
9926 7202 9810 3514 
9930 7208 9812 3515 
9936 7208 9816 3518 
9942 7210 9825 3518 
9945 7214 9830 3519 
9950 7222 9834 3521 
9956 7228 9843 3525 
9962 7235 9853 3528 
9973 7242 9865 3532 
9976 7247 9868 3532 
9981 7255 9879 3532 
9986 7261 9881 3535 
9995 7266 9886 3537 
10002 7267 9890 3537 
10008 7271 9893 3540 
10010 7276 9896 3542 
10013 7282 9902 3543 
10017 7285 9909 3544 
10021 7292 9912 3546 
10022 7298 9920 3548 
10027 7308 9926 3550 
10032 7314 9931 3551 
10038 7323 9936 3551 
10044 7328 9942 3553 
10049 7337 9942 3554 
10056 7343 9945 3556 
10058 7347 9951 3558 
10064 7352 9958 3560 
10068 7354 9962 3561 
10071 7362 9968 3562 
10077 7366 9973 3565 
10081 7367 9976 3570 
10090 7369 9981 3572 
10093 7372 9988 3573 
10098 7375 9996 3575 
10101 7380 10003 3577 
10109 7384 10007 3580 
10115 7384 10015 3580 
10118 7394 10020 3581 
10129 7397 10026 3583 
10133 7405 10029 3586 
10139 7407 10037 3586 
10143 7412 10044 3589 
10149 7416 10054 3592 
10156 7419 10054 3596 
10161 7421 10059 3597 
10166 7425 10062 3601 
10170 7430 10065 3604 
10175 7435 10071 3606 
10180 7436 10078 3609 
10186 7442 10083 3611 
10188 7445 10089 3613 
10193 7449 10094 3613 
10201 7451 10102 3614 
10206 7456 10112 3616 
10210 7459 10113 3617 
10216 7460 10121 3618 
10220 7468 10126 3620 
10225 7471 10131 3621 
10229 7473 10136 3622 
10233 7479 10141 3624 
10239 7485 10144 3625 
10245 7490 10148 3627 
10248 7498 10155 3628 
10254 7504 10157 3629 
10261 7508 10166 3629 
10268 7513 10172 3630 
10272 7517 10177 3632 
10280 7522 10182 3633 
10290 7530 10186 3636 
10293 7537 10190 3639 
10296 7539 10201 3643 
10301 7545 10206 3645 
10306 7548 10211 3648 
10314 7549 10215 3652 
10322 7555 10221 3656 
10326 7558 10228 3656 
10332 7562 10235 3657 
10340 7566 10242 3660 
10344 7567 10248 3660 
10348 7569 10252 3661 
10353 7581 10254 3664 
10359 7585 10258 3666 
10360 7590 10260 3668 
10364 7593 10266 3670 
10369 7597 10271 3671 
10377 7600 10277 3672 
10382 7605 10282 3672 
10387 7613 10282 3674 
10393 7617 10294 3677 
10396 7620 10303 3682 
10411 7622 10308 3684 
10415 7623 10314 3685 
10419 7627 10319 3687 
10422 7632 10325 3690 
10423 7641 10329 3693 
10427 7650 10333 3694 
10433 7655 10342 3696 
10439 7661 10351 3699 
10444 7661 10356 3701 
10449 7665 10365 3704 
10455 7673 10369 3705 
10459 7676 10377 3707 
10466 7684 10383 3712 
10474 7689 10391 3714 
10479 7694 10398 3714 
10483 7697 10406 3715 
10488 7699 10408 3717 
10492 7701 10415 3719 
10496 7707 10422 3721 
10500 7716 10425 3723 
10504 7721 10429 3726 
10507 7723 10436 3728 
10514 7727 10442 3730 
10517 7729 10448 3732 
10527 7733 10457 3734 
10532 7740 10461 3735 
10541 7741 10468 3737 
10547 7744 10471 3740 
10552 7749 10478 3741 
10556 7759 10481 3743 
10558 7764 10482 3745 
10564 7768 10488 3747 
10572 7770 10492 3750 
10575 7774 10501 3756 
10581 7780 10504 3757 
10586 7784 10511 3760 
10592 7788 10517 3760 
10597 7791 10523 3761 
10600 7795 10531 3762 
10608 7800 10536 3764 
10611 7804 10538 3764 
10615 7808 10544 3766 
10624 7811 10550 3766 
10627 7814 10557 3769 
10636 7815 10564 3771 
10645 7817 10567 3773 
10648 7819 10575 3775 
10653 7822 10582 3776 
10660 7825 10587 3778 
10662 7830 10596 3778 
10672 7836 10605 3782 
10679 7840 10610 3784 
10684 7846 10615 3786 
10691 7850 10621 3788 
10695 7857 10626 3794 
10700 7863 10633 3798 
10703 7866 10636 3801 
10704 7872 10643 3801 
10706 7878 10648 3804 
10706 7880 10660 3806 
10710 7884 10668 3809 
10711 7889 10675 3810 
10715 7890 10684 3812 
10718 7894 10689 3815 
10719 7902 10693 3817 
10724 7905 10701 3820 
10729 7908 10710 3823 
10732 7913 10718 3825 
10734 7917 10726 3827 
10737 7924 10730 3829 
10743 7926 10734 3830 
10752 7931 10739 3832 
10757 7935 10744 3834 
10764 7941 10748 3836 
10771 7943 10754 3838 
10779 7945 10756 3838 
10788 7949 10759 3840 
10794 7953 10767 3840 
10798 7958 10771 3840 
10802 7964 10773 3840 
10807 7965 10778 3841 
10814 7970 10788 3844 
10816 7972 10793 3845 
10824 7973 10803 3848 
10829 7977 10807 3851 
10831 7982 10813 3853 
10838 7988 10817 3856 
10841 7991 10823 3857 
10844 7994 10832 3858 
10848 7999 10835 3861 
10851 8000 10842 3869 
10858 8003 10848 3871 
10864 8004 10853 3874 
10866 8012 10858 3875 
10868 8018 10864 3877 
10872 8021 10868 3878 
10876 8025 10874 3878 
10883 8028 10877 3879 
10886 8035 10880 3881 
10895 8039 10887 3883 
10907 8040 10892 3884 
10913 8044 10895 3886 
10916 8048 10901 3887 
10925 8052 10910 3887 
10929 8053 10917 3890 
10935 8059 10925 3891 
10939 8065 10930 3893 
10942 8067 10934 3896 
10946 8070 10941 3897 
10950 8074 10944 3899 
10952 8076 10949 3902 
10961 8078 10956 3903 
10965 8082 10962 3903 
10967 8087 10968 3905 
10974 8093 10974 3906 
10977 8100 10985 3906 
10986 8106 10993 3906 
10994 8114 10999 3907 
10996 8118 11007 3909 
11001 8126 11014 3909 
11007 8137 11017 3910 
11010 8139 11020 3913 
11012 8144 11025 3917 
11014 8147 11031 3920 
11018 8154 11038 3920 
11020 8158 11044 3921 
11022 8165 11052 3925 
11027 8171 11059 3926 
11032 8177 11064 3928 
11039 8182 11071 3928 
11046 8185 11077 3930 
11054 8190 11079 3932 
11059 8194 11086 3933 
11066 8200 11090 3933 
11069 8205 11099 3934 
11074 8209 11105 3936 
11080 8216 11111 3937 
11085 8219 11119 3938 
11088 8223 11123 3938 
11095 8229 11126 3938 
11099 8236 11134 3938 
11104 8244 11139 3940 
11106 8244 11145 3941 
11107 8247 11150 3943 
11109 8251 11157 3943 
11112 8254 11165 3944 
11120 8256 11170 3950 
11125 8263 11177 3953 
11133 8265 11182 3956 
11137 8270 11185 3958 
11142 8272 11190 3959 
11147 8273 11193 3961 
11151 8280 11197 3962 
11157 8284 11203 3965 
11161 8289 11207 3966 
11165 8291 11212 3968 
11168 8294 11217 3969 
11174 8297 11222 3973 
11181 8303 11224 3975 
11187 8308 11228 3977 
11192 8312 11235 3981 
11200 8314 11242 3982 
11204 8315 11245 3985 
11213 8318 11251 3986 
11222 8320 11255 3988 
11230 8325 11263 3991 
11241 8333 11268 3995 
11248 8336 11274 3997 
11252 8341 11280 3998 
11256 8343 11285 4000 
11258 8350 11290 4003 
11263 8359 11297 4006 
11269 8362 11306 4008 
11273 8370 11313 4010 
11276 8374 11322 4013 
11280 8378 11328 4014 
11286 8381 11330 4015 
11296 8385 11332 4016 
11300 8388 11340 4016 
11307 8393 11347 4017 
11309 8400 11354 4017 
11311 8403 11357 4019 
11316 8404 11359 4023 
11320 8406 11363 4024 
11324 8409 11368 4027 
11329 8412 11370 4028 
11337 8419 11378 4029 
11341 8423 11387 4032 
11344 8429 11396 4032 
11349 8434 11403 4034 
11354 8439 11410 4041 
11361 8443 11420 4042 
11364 8446 11424 4042 
11369 8450 11426 4045 
11370 8453 11431 4047 
11374 8456 11440 4051 
11378 8460 11445 4052 
11388 8464 11450 4055 
11396 8469 11454 4059 
11403 8471 11459 4061 
11406 8483 11466 4064 
11408 8486 11472 4066 
11416 8489 11475 4066 
11417 8494 11485 4067 
11423 8499 11491 4070 
11426 8503 11499 4073 
11429 8508 11505 4076 
11437 8513 11508 4082 
11442 8518 11513 4085 
11450 8524 11520 4090 
11456 8533 11524 4093 
11466 8537 11529 4097 
11473 8538 11538 4098 
11479 8539 11543 4100 
11488 8542 11546 4100 
11492 8546 11553 4101 
11494 8550 11559 4103 
11498 8554 11565 4104 
11501 8561 11571 4107 
11503 8566 11579 4109 
11511 8572 11580 4113 
11514 8576 11584 4113 
11519 8583 11592 4115 
11525 8588 11598 4116 
11531 8595 11604 4123 
11537 8603 11609 4127 
11540 8608 11617 4129 
11541 8611 11623 4129 
11548 8614 11632 4132 
11556 8620 11638 4132 
11563 8627 11641 4134 
11567 8631 11646 4138 
11576 8636 11648 4142 
11581 8646 11659 4145 
11586 8648 11663 4146 
11593 8648 11667 4147 
11600 8655 11670 4150 
11605 8659 11673 4152 
11615 8662 11679 4153 
11620 8664 11681 4157 
11626 8669 11685 4157 
11631 8674 11690 4158 
11635 8680 11695 4163 
11639 8687 11702 4165 
11642 8694 11705 4166 
11647 8699 11707 4168 
11651 8701 11711 4171 
11656 8704 11715 4173 
11660 8708 11718 4174 
11666 8718 11725 4176 
11673 8722 11732 4180 
11675 8724 11735 4182 
11687 8731 11740 4184 
11691 8735 11749 4185 
11694 8739 11759 4185 
11696 8743 11769 4187 
11704 8750 11772 4189 
11708 8753 11779 4190 
11712 8754 11782 4192 
11716 8759 11788 4193 
11723 8766 11790 4195 
11729 8770 11793 4197 
11735 8775 11797 4200 
11740 8781 11801 4203 
11747 8788 11809 4204 
11754 8791 11815 4205 
11761 8797 11822 4206 
11762 8802 11828 4207 
11769 8803 11835 4208 
11773 8810 11838 4211 
11779 8817 11846 4212 
11786 8819 11852 4216 
11793 8822 11857 4218 
11797 8824 11862 4221 
11799 8826 11868 4222 
11806 8828 11878 4222 
11811 8833 11885 4223 
11816 8837 11892 4225 
11822 8842 11896 4230 
11827 8849 11899 4233 
11830 8854 11906 4234 
11834 8857 11909 4236 
11837 8859 11911 4236 
11842 8864 11915 4238 
11849 8866 11923 4239 
11857 8867 11933 4242 
11861 8871 11943 4245 
11866 8879 11946 4245 
11870 8880 11954 4250 
11872 8884 11959 4254 
11879 8887 11963 4256 
11885 8896 11968 4257 
11890 8899 11971 4260 
11896 8901 11974 4262 
11905 8909 11977 4264 
11908 8912 11981 4266 
11910 8914 11988 4267 
11918 8919 11993 4271 
11919 8925 12000 4273 
11926 8928 12003 4277 
11932 8930 12012 4281 
11937 8933 12014 4282 
11941 8937 12022 4283 
11949 8942 12028 4286 
11955 8945 12039 4287 
11959 8950 12043 4287 
11964 8954 12053 4289 
11973 8959 12058 4291 
11978 8967 12065 4294 
11985 8972 12069 4296 
11989 8974 12075 4296 
11996 8979 12084 4298 
11999 8984 12087 4301 
12005 8990 12094 4305 
12011 8993 12106 4306 
12014 8995 12109 4308 
12016 9002 12111 4311 
12021 9005 12117 4314 
12027 9008 12123 4315 
12033 9013 12128 4316 
12038 9016 12132 4317 
12040 9020 12138 4320 
12042 9023 12147 4322 
12045 9032 12149 4323 
12051 9033 12155 4323 
12054 9038 12159 4325 
12061 9041 12167 4328 
12072 9042 12176 4329 
12080 9046 12180 4334 
12089 9053 12189 4336 
12090 9056 12197 4338 
12092 9062 12202 4340 
12095 9069 12207 4342 
12104 9069 12215 4344 
12113 9074 12224 4345 
12120 9080 12231 4347 
12124 9081 12234 4347 
12124 9087 12242 4349 
12131 9092 12251 4351 
12139 9096 12257 4351 
12148 9099 12267 4355 
12151 9103 12271 4359 
12159 9104 12279 4359 
12166 9107 12283 4361 
12174 9111 12287 4364 
12178 9114 12294 4366 
12184 9120 12298 4370 
12194 9122 12304 4371 
12197 9126 12309 4373 
12200 9129 12316 4373 
12204 9132 12319 4375 
12210 9138 12322 4376 
12218 9140 12333 4378 
12223 9142 12339 4381 
12228 9148 12348 4381 
12234 9151 12356 4384 
12237 9154 12361 4385 
12245 9157 12371 4388 
12248 9161 12373 4390 
12253 9165 12379 4392 
12257 9172 12384 4394 
12262 9178 12390 4396 
12266 9182 12394 4397 
12268 9185 12399 4399 
12272 9191 12404 4401 
12275 9196 12407 4404 
12278 9199 12412 4409 
12283 9207 12414 4411 
12288 9209 12418 4414 
12292 9211 12425 4415 
12298 9214 12428 4416 
12303 9219 12436 4420 
12307 9224 12441 4420 
12314 9229 12445 4421 
12323 9229 12451 4425 
12330 9231 12456 4426 
12338 9239 12466 4427 
12349 9239 12472 4430 
12354 9244 12480 4432 
12357 9252 12487 4434 
12362 9258 12491 4436 
12364 9266 12495 4439 
12371 9269 12501 4443 
12378 9273 12507 4444 
12387 9278 12511 4450 
12393 9281 12520 4451 
12397 9287 12529 4453 
12403 9292 12533 4453 
12410 9296 12536 4454 
12412 9301 12541 4454 
12415 9308 12548 4457 
12420 9309 12554 4458 
12429 9315 12556 4460 
12436 9320 12559 4460 
12436 9325 12561 4463 
12443 9328 12568 4464 
12446 9331 12574 4465 
12455 9335 12578 4468 
12464 9340 12581 4472 
12468 9343 12594 4472 
12471 9350 12601 4474 
12473 9357 12608 4480 
12481 9361 12610 4481 
12487 9368 12617 4484 
12490 9371 12622 4486 
12496 9373 12630 4488 
12503 9377 12638 4492 
12506 9378 12642 4495 
12510 9383 12648 4495 
12516 9387 12650 4499 
12519 9389 12654 4501 
12523 9395 12659 4503 
12527 9398 12665 4504 
12531 9401 12667 4506 
12532 9408 12674 4511 
12534 9414 12678 4511 
12536 9417 12685 4513 
12542 9420 12689 4515 
12552 9422 12693 4522 
12560 9427 12699 4522 
12565 9429 12706 4523 
12569 9436 12714 4524 
12578 9440 12721 4526 
12580 9446 12728 4531 
12586 9448 12735 4533 
12590 9456 12739 4534 
12598 9458 12742 4536 
12602 9463 12747 4539 
12608 9472 12752 4541 
12610 9474 12757 4545 
12612 9476 12762 4548 
12619 9479 12767 4548 
12628 9485 12775 4551 
12640 9487 12784 4551 
12645 9489 12792 4553 
12652 9490 12795 4554 
12659 9493 12798 4556 
12667 9496 12804 4559 
12670 9503 12809 4561 
12676 9508 12814 4566 
12686 9510 12819 4568 
12694 9517 12827 4570 
12700 9520 12836 4573 
12703 9521 12842 4573 
12713 9524 12847 4574 
12716 9528 12851 4579 
12722 9534 12859 4583 
12724 9536 12861 4584 
12733 9540 12865 4586 
12742 9543 12871 4587 
12746 9549 12880 4589 
12749 9549 12887 4592 
12755 9551 12897 4593 
12759 9557 12909 4595 
12765 9560 12916 4596 
12772 9567 12920 4599 
12777 9571 12934 4601 
12780 9572 12938 4602 
12785 9575 12945 4605 
12794 9577 12952 4608 
12798 9581 12961 4611 
12801 9582 12964 4612 
12802 9583 12971 4613 
12806 9589 12978 4613 
12807 9593 12986 4613 
12812 9593 12994 4614 
12815 9595 12999 4616 
12819 9600 13004 4617 
12824 9608 13008 4620 
12830 9616 13011 4628 
12832 9621 13021 4630 
12837 9625 13028 4631 
12843 9631 13032 4633 
12846 9632 13036 4634 
12850 9636 13044 4636 
12862 9647 13050 4638 
12871 9651 13055 4640 
12876 9654 13059 4642 
12882 9660 13063 4643 
12886 9663 13067 4649 
12895 9671 13075 4651 
12898 9677 13080 4653 
12902 9684 13087 4654 
12907 9688 13093 4656 
12911 9693 13101 4656 
12914 9695 13108 4660 
12921 9705 13110 4662 
12927 9708 13119 4663 
12932 9712 13125 4665 
12938 9716 13131 4668 
12946 9723 13140 4673 
12950 9729 13145 4673 
12956 9733 13150 4675 
12961 9738 13155 4676 
12969 9749 13161 4678 
12972 9752 13164 4678 
12976 9757 13170 4679 
12983 9765 13175 4682 
12986 9770 13177 4683 
12993 9772 13182 4685 
12999 9778 13190 4688 
13003 9783 13194 4691 
13005 9785 13200 4691 
13008 9788 13208 4694 
13012 9794 13215 4695 
13016 9801 13220 4701 
13018 9805 13224 4704 
13025 9812 13230 4706 
13028 9818 13236 4709 
13033 9824 13240 4710 
13042 9827 13247 4714 
13046 9831 13256 4715 
13051 9834 13259 4717 
13056 9838 13263 4718 
13062 9844 13271 4720 
13065 9846 13276 4723 
13071 9851 13280 4725 
13076 9854 13287 4728 
13086 9856 13292 4728 
13093 9859 13296 4731 
13099 9865 13300 4732 
13103 9870 13304 4737 
13109 9877 13310 4739 
13117 9881 13322 4741 
13124 9884 13328 4744 
13129 9888 13333 4744 
13135 9893 13339 4745 
13143 9895 13348 4750 
13149 9896 13349 4752 
13154 9901 13352 4754 
13158 9906 13361 4755 
13161 9909 13371 4756 
13166 9911 13384 4757 
13174 9922 13389 4761 
13177 9927 13394 4763 
13184 9928 13403 4764 
13191 9932 13406 4765 
13198 9934 13412 4769 
13201 9940 13415 4772 
13204 9942 13421 4775 
13210 9949 13433 4776 
13216 9950 13437 4777 
13220 9956 13439 4778 
13226 9958 13443 4781 
13234 9962 13448 4781 
13240 9966 13452 4783 
13248 9967 13457 4785 
13255 9972 13463 4787 
13263 9982 13465 4790 
13268 9987 13469 4790 
13273 9991 13474 4793 
13279 9996 13479 4796 
13285 10008 13483 4796 
13289 10011 13489 4798 
13291 10014 13495 4800 
13299 10021 13500 4803 
13307 10026 13506 4804 
13319 10029 13512 4806 
13323 10034 13514 4807 
13327 10038 13519 4812 
13330 10044 13521 4812 
13338 10049 13529 4813 
13343 10055 13538 4815 
13350 10058 13541 4815 
13362 10059 13543 4817 
13371 10062 13549 4819 
13376 10066 13559 4821 
13379 10068 13562 4822 
13384 10075 13567 4822 
13386 10081 13576 4822 
13393 10086 13582 4826 
13399 10091 13586 4827 
13407 10095 13591 4829 
13412 10099 13597 4832 
13421 10105 13602 4834 
13428 10108 13609 4835 
13434 10113 13612 4837 
13436 10118 13618 4839 
13443 10123 13624 4840 
13445 10124 13632 4842 
13449 10128 13640 4842 
13457 10133 13648 4844 
13464 10138 13651 4850 
13469 10140 13653 4856 
13477 10144 13659 4858 
13484 10149 13663 4859 
13490 10150 13670 4863 
13496 10159 13676 4864 
13498 10162 13682 4867 
13503 10168 13684 4869 
13509 10173 13688 4869 
13514 10176 13694 4871 
13525 10181 13699 4872 
13529 10185 13703 4875 
13534 10187 13707 4876 
13543 10194 13715 4877 
13547 10198 13720 4879 
13553 10200 13726 4881 
13559 10203 13731 4881 
13566 10208 13735 4884 
13569 10214 13740 4885 
13574 10215 13745 4887 
13575 10221 13752 4887 
13581 10224 13759 4887 
13590 10225 13765 4889 
13595 10229 13768 4890 
13599 10234 13774 4892 
13601 10241 13779 4895 
13607 10244 13784 4898 
13610 10245 13788 4900 
13615 10249 13795 4903 
13619 10255 13801 4904 
13624 10261 13809 4906 
13626 10267 13813 4906 
13631 10268 13820 4908 
13637 10273 13824 4911 
13651 10274 13831 4912 
13660 10278 13837 4913 
13663 10287 13845 4913 
13667 10293 13852 4917 
13670 10300 13861 4917 
13676 10302 13874 4919 
13683 10309 13877 4920 
13689 10311 13880 4924 
13699 10316 13883 4924 
13710 10323 13888 4929 
13714 10328 13893 4929 
13720 10330 13901 4930 
13731 10338 13907 4932 
13737 10344 13914 4937 
13742 10352 13917 4939 
13745 10356 13924 4941 
13756 10362 13927 4942 
13760 10364 13932 4943 
13764 10366 13940 4947 
13773 10368 13948 4950 
13775 10375 13949 4951 
13777 10380 13955 4953 
13780 10381 13962 4955 
13781 10382 13966 4956 
13783 10387 13969 4957 
13788 10390 13974 4959 
13799 10393 13980 4960 
13801 10395 13986 4960 
13805 10396 13995 4962 
13814 10402 14000 4964 
13818 10405 14007 4967 
13827 10415 14017 4969 
13829 10418 14025 4972 
13833 10422 14030 4973 
13843 10427 14033 4975 
13848 10431 14039 4976 
13857 10435 14042 4977 
13866 10438 14053 4977 
13874 10444 14059 4978 
13878 10453 14066 4980 
13880 10459 14071 4980 
13890 10462 14082 4980 
13898 10466 14087 4983 
13906 10470 14098 4983 
13909 10477 14105 4986 
13913 10483 14112 4989 
13915 10487 14117 4993 
13918 10494 14121 4995 
13925 10495 14125 4996 
13932 10499 14132 4998 
13939 10505 14140 5001 
13945 10510 14145 5002 
13949 10515 14152 5004 
13958 10521 14153 5007 
13963 10528 14160 5011 
13967 10532 14164 5012 
13977 10536 14170 5012 
13983 10540 14174 5012 
13991 10543 14180 5017 
13997 10549 14184 5019 
14003 10550 14189 5024 
14008 10551 14198 5024 
14018 10554 14201 5026 
14022 10561 14207 5029 
14027 10563 14213 5031 
14031 10566 14216 5032 
14040 10571 14219 5033 
14046 10575 14226 5033 
14053 10579 14235 5035 
14056 10583 14245 5037 
14060 10590 14252 5037 
14064 10595 14257 5042 
14068 10602 14268 5044 
14072 10610 14278 5044 
14081 10613 14283 5047 
14089 10623 14287 5047 
14097 10627 14291 5050 
14102 10631 14294 5052 
14111 10634 14300 5054 
14116 10643 14307 5061 
14123 10644 14319 5063 
14129 10649 14321 5064 
14142 10657 14326 5067 
14150 10664 14332 5068 
14156 10665 14338 5072 
14162 10666 14345 5073 
14173 10669 14348 5074 
14176 10674 14357 5075 
14183 10677 14365 5078 
14186 10683 14370 5083 
14195 10688 14375 5085 
14200 10693 14379 5086 
14206 10694 14384 5089 
14215 10703 14391 5091 
14221 10710 14395 5093 
14225 10712 14402 5096 
14233 10718 14406 5097 
14236 10726 14414 5097 
14239 10735 14419 5097 
14247 10737 14430 5102 
14250 10740 14437 5104 
14253 10744 14441 5109 
14257 10747 14450 5112 
14263 10754 14456 5116 
14269 10757 14462 5118 
14277 10760 14465 5119 
14283 10766 14469 5121 
14289 10770 14477 5124 
14295 10774 14481 5129 
14302 10778 14486 5131 
14306 10784 14491 5134 
14310 10785 14498 5134 
14312 10794 14500 5135 
14317 10800 14503 5135 
14319 10807 14509 5137 
14324 10810 14518 5138 
14331 10819 14529 5140 
14335 10825 14534 5144 
14339 10832 14542 5147 
14344 10836 14547 5147 
14351 10841 14554 5149 
14356 10846 14559 5149 
14362 10852 14562 5151 
14369 10857 14570 5152 
14373 10860 14576 5157 
14378 10868 14581 5159 
14381 10871 14587 5161 
14385 10875 14590 5162 
14391 10880 14595 5164 
14395 10887 14603 5165 
14401 10891 14608 5168 
14401 10894 14613 5174 
14406 10895 14618 5175 
14412 10900 14630 5179 
14419 10905 14634 5181 
14420 10908 14645 5182 
14428 10910 14650 5183 
14432 10914 14652 5186 
14440 10916 14654 5189 
14445 10919 14662 5192 
14452 10924 14665 5193 
14461 10926 14670 5194 
14467 10930 14673 5195 
14470 10936 14677 5195 
14476 10939 14685 5197 
14482 10942 14690 5198 
14485 10944 14693 5202 
14496 10948 14697 5202 
14500 10952 14703 5204 
14508 10957 14709 5205 
14513 10959 14711 5206 
14521 10966 14722 5211 
14526 10972 14726 5212 
14532 10976 14733 5217 
14541 10980 14738 5219 
14549 10989 14746 5221 
14555 10994 14752 5223 
14558 10996 14759 5225 
14563 10998 14764 5225 
14567 11003 14774 5227 
14575 11011 14777 5227 
14584 11019 14787 5228 
14594 11026 14791 5228 
14599 11030 14799 5229 
14605 11032 14807 5232 
14612 11038 14812 5234 
14617 11042 14823 5235 
14621 11049 14828 5239 
14628 11055 14835 5239 
14633 11060 14843 5242 
14640 11061 14850 5246 
14649 11067 14856 5250 
14653 11068 14864 5254 
14659 11074 14870 5255 
14667 11078 14875 5256 
14674 11081 14880 5256 
14681 11083 14890 5259 
14685 11090 14900 5261 
14690 11095 14909 5264 
14693 11101 14918 5269 
14696 11103 14925 5272 
14701 11109 14931 5273 
14705 11112 14940 5275 
14710 11119 14947 5276 
14712 11124 14955 5277 
14719 11127 14958 5278 
14724 11130 14965 5280 
14729 11137 14970 5283 
14733 11139 14979 5287 
14738 11144 14988 5287 
14741 11149 14993 5293 
14746 11154 15003 5295 
14754 11155 15010 5299 
14758 11157 15014 5301 
14762 11162 15018 5303 
14768 11165 15028 5304 
14773 11168 15035 5308 
14775 11175 15041 5310 
14785 11177 15052 5314 
14787 11181 15060 5316 
14792 11186 15066 5321 
14795 11188 15071 5324 
14801 11192 15079 5326 
14805 11197 15083 5329 
14812 11203 15093 5334 
14819 11204 15099 5336 
14822 11206 15110 5337 
14832 11209 15126 5342 
14837 11217 15135 5342 
14845 11218 15143 5344 
14853 11225 15149 5346 
14855 11229 15152 5349 
14858 11232 15157 5352 
14864 11238 15164 5355 
14868 11241 15167 5357 
14876 11245 15173 5357 
14886 11247 15183 5358 
14892 11249 15192 5359 
14895 11253 15196 5361 
14902 11255 15202 5365 
14906 11259 15211 5368 
14911 11265 15215 5372 
14915 11272 15219 5375 
14920 11274 15226 5378 
14930 11279 15233 5380 
14935 11289 15239 5381 
14940 11292 15248 5381 
14948 11295 15252 5385 
14952 11300 15258 5386 
14958 11301 15264 5386 
14961 11303 15270 5388 
14968 11311 15272 5389 
14973 11318 15278 5389 
14984 11323 15282 5392 
14991 11329 15287 5393 
14995 11335 15294 5395 
14999 11336 15296 5398 
15005 11340 15304 5402 
15011 11344 15311 5402 
15016 11349 15319 5403 
15024 11353 15324 5406 
15029 11356 15330 5409 
15035 11359 15338 5411 
15040 11361 15346 5416 
15046 11365 15352 5417 
15052 11370 15358 5418 
15054 11383 15362 5420 
15063 11391 15366 5420 
15071 11397 15369 5424 
15076 11402 15377 5427 
15081 11406 15381 5429 
15088 11408 15386 5429 
15092 11412 15388 5433 
15098 11419 15393 5434 
15106 11423 15398 5438 
15114 11428 15404 5439 
15122 11433 15406 5441 
15129 11440 15411 5444 
15133 11445 15414 5445 
15139 11450 15421 5446 
15145 11454 15431 5451 
15150 11460 15436 5452 
15157 11467 15442 5453 
15165 11473 15450 5458 
15170 11476 15456 5461 
15177 11477 15461 5463 
15183 11480 15465 5464 
15188 11482 15473 5467 
15191 11484 15477 5467 
15197 11491 15480 5469 
15200 11498 15483 5473 
15206 11503 15492 5477 
15208 11507 15504 5484 
15210 11510 15512 5486 
15220 11515 15515 5488 
15225 11520 15520 5489 
15230 11522 15528 5489 
15235 11525 15540 5491 
15241 11530 15550 5494 
15248 11535 15557 5499 
15252 11537 15566 5499 
15256 11543 15568 5503 
15263 11550 15573 5504 
15267 11556 15582 5508 
15277 11560 15583 5509 
15281 11565 15591 5512 
15285 11567 15594 5513 
15292 11569 15598 5520 
15299 11575 15600 5522 
15306 11576 15606 5523 
15313 11580 15615 5524 
15319 11583 15619 5527 
15324 11589 15625 5529 
15326 11591 15630 5530 
15334 11597 15636 5533 
15341 11603 15641 5534 
15348 11606 15647 5537 
15351 11611 15653 5540 
15360 11618 15656 5540 
15361 11623 15662 5541 
15366 11627 15668 5542 
15375 11630 15679 5544 
15380 11637 15686 5545 
15382 11640 15693 5546 
15385 11645 15704 5546 
15388 11651 15710 5549 
15395 11653 15716 5549 
15399 11660 15725 5553 
15405 11665 15731 5554 
15412 11671 15740 5556 
15425 11677 15744 5558 
15430 11683 15750 5559 
15440 11689 15756 5564 
15446 11694 15761 5566 
15448 11699 15768 5567 
15456 11704 15775 5569 
15462 11709 15777 5573 
15467 11714 15782 5576 
15472 11718 15790 5577 
15478 11720 15796 5579 
15487 11727 15801 5581 
15492 11737 15804 5581 
15499 11742 15809 5582 
15504 11748 15815 5584 
15507 11755 15825 5584 
15509 11759 15832 5586 
15514 11761 15834 5591 
15521 11764 15841 5593 
15533 11772 15845 5595 
15538 11780 15852 5597 
15543 11784 15855 5600 
15547 11785 15862 5603 
15556 11791 15869 5608 
15561 11795 15875 5609 
15565 11798 15882 5611 
15570 11809 15886 5613 
15575 11812 15896 5618 
15578 11815 15904 5620 
15587 11821 15910 5621 
15595 11825 15918 5623 
15598 11833 15922 5626 
15604 11840 15930 5627 
15609 11848 15936 5630 
15612 11852 15944 5637 
15615 11860 15951 5638 
15622 11862 15956 5640 
15625 11868 15958 5641 
15631 11873 15961 5642 
15637 11878 15965 5645 
15643 11885 15970 5646 
15652 11891 15977 5650 
15655 11896 15981 5652 
15664 11900 15987 5655 
15672 11902 15998 5658 
15675 11909 16005 5660 
15677 11916 16014 5664 
15685 11921 16027 5668 
15693 11924 16030 5672 
15701 11930 16037 5673 
15709 11934 16046 5679 
15709 11944 16056 5680 
15714 11953 16062 5682 
15717 11960 16070 5684 
15721 11970 16076 5686 
15728 11975 16081 5688 
15736 11980 16093 5688 
15742 11982 16095 5693 
15745 11990 16096 5694 
15751 11991 16105 5697 
15753 11994 16110 5699 
15759 11999 16114 5702 
15766 12002 16122 5706 
15771 12012 16134 5708 
15779 12014 16143 5708 
15786 12019 16150 5710 
15789 12024 16153 5711 
15792 12026 16161 5712 
15799 12027 16165 5713 
15805 12031 16167 5716 
15810 12034 16175 5720 
15816 12036 16178 5721 
15821 12039 16181 5725 
15828 12042 16182 5727 
15837 12048 16187 5728 
15841 12053 16196 5732 
15847 12062 16203 5736 
15852 12065 16210 5738 
15857 12068 16216 5739 
15862 12072 16220 5742 
15867 12076 16224 5745 
15871 12077 16227 5748 
15884 12077 16235 5749 
15895 12081 16241 5752 
15901 12086 16250 5755 
15904 12095 16258 5761 
15914 12099 16262 5762 
15921 12106 16267 5764 
15929 12112 16271 5765 
15932 12114 16277 5770 
15939 12119 16286 5771 
15948 12121 16291 5774 
15950 12125 16300 5778 
15954 12128 16306 5778 
15958 12133 16312 5780 
15961 12138 16320 5782 
15966 12140 16329 5785 
15967 12144 16335 5788 
15973 12147 16339 5791 
15979 12152 16345 5792 
15984 12158 16350 5797 
15989 12167 16356 5800 
15994 12171 16366 5800 
16000 12177 16370 5803 
16006 12180 16377 5807 
16010 12185 16381 5809 
16013 12190 16390 5811 
16014 12193 16396 5812 
16023 12197 16402 5814 
16026 12201 16408 5815 
16027 12209 16415 5821 
16034 12214 16421 5823 
16035 12220 16426 5826 
16045 12224 16431 5830 
16057 12230 16437 5831 
16063 12236 16450 5833 
16071 12243 16458 5834 
16076 12248 16466 5837 
16083 12252 16471 5839 
16086 12253 16476 5843 
16093 12255 16489 5843 
16094 12258 16495 5846 
16106 12260 16496 5847 
16112 12267 16503 5853 
16115 12270 16513 5857 
16121 12273 16516 5859 
16132 12284 16522 5861 
16136 12288 16525 5861 
16143 12293 16537 5863 
16155 12302 16544 5865 
16157 12304 16554 5867 
16160 12308 16559 5869 
16162 12311 16566 5870 
16171 12314 16568 5871 
16177 12317 16578 5874 
16180 12322 16583 5878 
16186 12327 16588 5881 
16189 12332 16591 5882 
16198 12334 16599 5882 
16203 12341 16603 5884 
16207 12346 16611 5884 
16215 12351 16618 5885 
16223 12356 16626 5888 
16231 12360 16632 5890 
16235 12367 16639 5895 
16243 12370 16644 5896 
16247 12375 16647 5897 
16253 12377 16650 5902 
16262 12383 16659 5904 
16268 12388 16664 5907 
16274 12391 16669 5910 
16278 12397 16673 5911 
16287 12401 16680 5912 
16291 12409 16682 5914 
16292 12412 16686 5918 
16298 12415 16693 5921 
16305 12421 16699 5923 
16310 12426 16700 5926 
16312 12432 16706 5927 
16320 12433 16711 5929 
16325 12436 16718 5930 
16327 12442 16724 5932 
16330 12447 16729 5934 
16335 12452 16736 5938 
16343 12457 16743 5941 
16349 12464 16747 5946 
16353 12474 16753 5949 
16363 12480 16764 5950 
16367 12484 16770 5951 
16375 12490 16777 5954 
16377 12498 16790 5958 
16385 12502 16796 5958 
16390 12508 16803 5958 
16397 12511 16809 5963 
16401 12517 16817 5965 
16404 12523 16823 5966 
16411 12525 16827 5970 
16418 12530 16836 5972 
16424 12531 16841 5972 
16432 12537 16845 5975 
16437 12541 16852 5976 
16448 12545 16855 5980 
16453 12552 16859 5982 
16458 12562 16867 5984 
16467 12565 16875 5987 
16476 12569 16880 5989 
16481 12571 16882 5993 
16485 12575 16890 5995 
16492 12581 16895 5998 
16497 12586 16900 5999 
16502 12592 16908 6002 
16510 12596 16914 6004 
16514 12598 16929 6005 
16522 12604 16937 6007 
16529 12610 16943 6009 
16533 12615 16950 6011 
16538 12622 16955 6011 
16539 12629 16956 6011 
16544 12634 16965 6012 
16553 12637 16969 6013 
16563 12640 16972 6016 
16571 12642 16981 6018 
16578 12647 16991 6019 
16589 12651 16996 6022 
16599 12657 17002 6023 
16605 12659 17004 6024 
16612 12663 17008 6026 
16624 12667 17015 6027 
16629 12670 17020 6028 
16636 12678 17026 6028 
16644 12684 17031 6032 
16649 12690 17036 6033 
16654 12696 17040 6040 
16660 12701 17050 6043 
16667 12704 17055 6046 
16674 12709 17060 6048 
16679 12713 17068 6052 
16684 12715 17073 6055 
16687 12721 17082 6057 
16687 12730 17086 6060 
16693 12738 17091 6060 
16699 12741 17096 6064 
16702 12745 17102 6067 
16707 12750 17105 6070 
16713 12753 17113 6072 
16716 12759 17115 6072 
16726 12765 17122 6078 
16738 12772 17126 6080 
16742 12781 17133 6082 
16751 12784 17139 6083 
16757 12789 17147 6084 
16765 12794 17153 6084 
16777 12801 17158 6085 
16789 12805 17164 6086 
16791 12810 17169 6088 
16797 12820 17175 6092 
16808 12827 17183 6092 
16817 12830 17189 6095 
16826 12841 17196 6096 
16831 12846 17205 6100 
16839 12850 17210 6105 
16845 12854 17218 6108 
16848 12859 17226 6112 
16855 12862 17235 6117 
16865 12870 17237 6125 
16869 12877 17245 6126 
16878 12882 17252 6129 
16886 12887 17260 6131 
16892 12888 17265 6138 
16898 12896 17273 6141 
16905 12899 17281 6142 
16912 12912 17287 6145 
16919 12915 17297 6148 
16924 12921 17302 6150 
16926 12927 17310 6154 
16931 12929 17316 6157 
16936 12938 17324 6159 
16940 12942 17329 6160 
16947 12944 17333 6162 
16956 12950 17338 6164 
16960 12954 17349 6165 
16966 12957 17353 6166 
16970 12959 17360 6168 
16973 12966 17364 6172 
16977 12969 17368 6173 
16985 12972 17375 6178 
16988 12978 17379 6179 
16992 12984 17385 6182 
16997 12992 17390 6187 
17004 12997 17395 6188 
17019 13001 17400 6189 
17023 13006 17407 6192 
17027 13009 17412 6193 
17034 13011 17417 6194 
17040 13019 17423 6196 
17043 13025 17432 6198 
17049 13029 17439 6199 
17052 13030 17449 6200 
17058 13033 17456 6202 
17060 13036 17462 6209 
17068 13040 17472 6211 
17076 13042 17475 6213 
17081 13044 17485 6215 
17089 13047 17488 6217 
17094 13051 17493 6219 
17099 13055 17498 6220 
17104 13061 17502 6224 
17108 13063 17507 6225 
17115 13067 17513 6227 
17118 13071 17520 6230 
17125 13079 17530 6231 
17127 13083 17534 6237 
17133 13087 17539 6237 
17136 13090 17546 6237 
17139 13096 17551 6238 
17144 13100 17560 6239 
17151 13110 17568 6241 
17156 13116 17574 6242 
17166 13125 17579 6244 
17177 13129 17582 6244 
17183 13134 17590 6250 
17187 13139 17598 6253 
17197 13143 17601 6253 
17202 13146 17605 6254 
17207 13150 17612 6256 
17213 13152 17621 6257 
17218 13157 17625 6258 
17225 13159 17630 6261 
17230 13164 17638 6266 
17238 13165 17642 6267 
17242 13172 17648 6272 
17247 13178 17653 6277 
17254 13183 17660 6279 
17257 13188 17667 6280 
17261 13195 17678 6285 
17262 13200 17685 6288 
17267 13205 17690 6290 
17274 13210 17694 6295 
17280 13212 17698 6299 
17286 13213 17707 6303 
17291 13220 17716 6304 
17304 13224 17726 6309 
17313 13228 17735 6310 
17318 13236 17740 6310 
17322 13239 17747 6313 
17326 13242 17750 6314 
17330 13248 17756 6316 
17335 13251 17761 6318 
17341 13252 17765 6319 
17348 13256 17775 6320 
17356 13260 17780 6322 
17363 13265 17787 6323 
17367 13269 17792 6326 
17374 13272 17800 6330 
17378 13277 17805 6333 
17384 13284 17809 6334 
17395 13287 17814 6334 
17400 13295 17824 6336 
17402 13302 17831 6337 
17407 13307 17840 6341 
17413 13311 17845 6344 
17419 13319 17853 6348 
17427 13325 17858 6351 
17435 13330 17863 6353 
17441 13332 17868 6355 
17449 13334 17870 6355 
17457 13339 17875 6358 
17464 13344 17881 6361 
17466 13349 17888 6364 
17479 13354 17895 6366 
17480 13357 17901 6368 
17489 13363 17906 6370 
17495 13370 17913 6373 
17500 13374 17914 6375 
17510 13381 17921 6378 
17517 13386 17931 6382 
17526 13391 17938 6385 
17530 13398 17945 6386 
17533 13408 17949 6386 
17542 13412 17953 6387 
17548 13417 17964 6388 
17555 13420 17968 6389 
17557 13424 17977 6391 
17559 13427 17984 6392 
17565 13430 17996 6397 
17567 13432 18006 6398 
17570 13440 18012 6399 
17576 13444 18019 6402 
17581 13449 18025 6409 
17591 13454 18029 6410 
17600 13461 18035 6414 
17607 13466 18040 6417 
17616 13469 18046 6418 
17619 13477 18053 6419 
17625 13481 18056 6421 
17632 13488 18063 6422 
17641 13491 18069 6426 
17646 13495 18077 6427 
17651 13498 18084 6428 
17654 13505 18089 6430 
17664 13510 18095 6431 
17673 13514 18100 6433 
17679 13521 18105 6434 
17690 13529 18111 6438 
17694 13532 18119 6439 
17696 13535 18125 6443 
17703 13537 18128 6444 
17709 13543 18134 6449 
17713 13547 18137 6452 
17719 13551 18140 6454 
17725 13559 18149 6457 
17735 13564 18158 6460 
17739 13572 18164 6462 
17745 13577 18171 6466 
17753 13583 18178 6468 
17758 13589 18182 6471 
17768 13592 18186 6472 
17778 13594 18196 6472 
17783 13597 18200 6472 
17791 13602 18202 6472 
17793 13608 18211 6473 
17805 13609 18218 6476 
17810 13614 18226 6481 
17813 13620 18229 6483 
17815 13624 18233 6486 
17821 13629 18242 6488 
17828 13631 18245 6490 
17831 13635 18253 6491 
17835 13642 18265 6492 
17839 13648 18273 6493 
17842 13649 18277 6493 
17847 13653 18289 6494 
17852 13658 18293 6495 
17854 13661 18303 6498 
17864 13662 18311 6502 
17875 13666 18321 6504 
17880 13670 18328 6506 
17884 13676 18339 6508 
17892 13682 18342 6509 
17898 13690 18348 6510 
17900 13694 18353 6512 
17906 13699 18356 6514 
17910 13703 18365 6514 
17916 13706 18368 6516 
17921 13712 18373 6521 
17929 13715 18383 6524 
17935 13720 18389 6525 
17939 13724 18400 6529 
17944 13730 18406 6531 
17951 13736 18410 6533 
17955 13741 18413 6534 
17960 13747 18420 6536 
17966 13749 18423 6538 
17976 13755 18427 6542 
17979 13761 18432 6545 
17988 13766 18440 6549 
17993 13774 18445 6550 
17999 13779 18451 6553 
18002 13784 18459 6554 
18009 13788 18467 6558 
18015 13792 18471 6560 
18020 13798 18477 6563 
18023 13802 18480 6564 
18026 13805 18486 6566 
18030 13812 18494 6567 
18037 13817 18502 6567 
18040 13819 18515 6567 
18045 13824 18523 6570 
18053 13829 18529 6573 
18058 13833 18532 6577 
18064 13836 18538 6580 
18071 13841 18547 6583 
18081 13845 18551 6583 
18085 13849 18559 6584 
18088 13854 18565 6586 
18091 13861 18569 6590 
18102 13865 18574 6591 
18108 13870 18579 6592 
18110 13871 18585 6595 
18115 13877 18595 6599 
18125 13878 18600 6599 
18131 13885 18605 6601 
18133 13900 18608 6601 
18139 13903 18614 6605 
18147 13908 18618 6605 
18151 13910 18627 6608 
18158 13912 18632 6612 
18166 13923 18636 6615 
18174 13929 18639 6616 
18185 13935 18644 6620 
18190 13939 18650 6621 
18195 13943 18659 6622 
18203 13945 18665 6623 
18211 13952 18670 6624 
18218 13956 18680 6627 
18224 13968 18689 6627 
18230 13974 18702 6629 
18239 13981 18706 6634 
18246 13983 18712 6634 
18249 13991 18721 6636 
18258 13997 18727 6637 
18264 14000 18738 6641 
18269 14004 18741 6643 
18276 14010 18743 6644 
18279 14015 18752 6647 
18284 14017 18760 6649 
18295 14022 18766 6652 
18301 14027 18770 6655 
18309 14035 18777 6662 
18315 14043 18784 6667 
18319 14046 18792 6669 
18323 14054 18798 6673 
18330 14058 18801 6674 
18335 14061 18806 6676 
18341 14065 18811 6679 
18345 14069 18814 6682 
18348 14073 18821 6683 
18350 14077 18828 6683 
18353 14085 18835 6686 
18356 14091 18838 6690 
18364 14095 18843 6694 
18371 14100 18848 6697 
18376 14106 18853 6698 
18380 14115 18860 6698 
18392 14119 18864 6700 
18399 14119 18872 6704 
18408 14120 18879 6705 
18420 14125 18883 6708 
18427 14133 18891 6711 
18428 14136 18897 6712 
18436 14138 18901 6718 
18446 14139 18905 6722 
18449 14145 18912 6723 
18455 14148 18919 6726 
18456 14151 18925 6729 
18457 14156 18931 6733 
18460 14160 18936 6734 
18466 14166 18944 6737 
18474 14170 18946 6742 
18480 14172 18953 6742 
18487 14178 18963 6744 
18487 14187 18972 6747 
18492 14193 18977 6749 
18496 14199 18982 6752 
18498 14203 18993 6756 
18503 14210 18998 6759 
18506 14212 19002 6759 
18512 14217 19006 6760 
18516 14220 19013 6761 
18522 14226 19021 6764 
18525 14228 19029 6766 
18528 14237 19037 6768 
18537 14241 19043 6772 
18542 14246 19050 6773 
18549 14253 19057 6775 
18555 14260 19064 6777 
18562 14268 19069 6779 
18569 14271 19080 6781 
18579 14274 19083 6784 
18582 14276 19091 6787 
18589 14285 19099 6791 
18593 14288 19110 6794 
18599 14294 19117 6796 
18609 14300 19122 6798 
18617 14305 19131 6798 
18623 14309 19140 6801 
18626 14313 19148 6802 
18632 14319 19158 6805 
18637 14320 19164 6808 
18643 14325 19169 6808 
18652 14329 19175 6811 
18656 14332 19180 6813 
18663 14338 19187 6814 
18670 14340 19191 6816 
18675 14343 19201 6821 
18679 14348 19203 6825 
18681 14355 19213 6827 
18688 14363 19219 6829 
18693 14370 19225 6835 
18695 14374 19229 6835 
18699 14379 19238 6843 
18702 14385 19244 6843 
18711 14390 19250 6846 
18717 14392 19252 6850 
18727 14397 19258 6853 
18734 14402 19265 6853 
18737 14407 19272 6856 
18739 14411 19275 6860 
18751 14421 19280 6862 
18759 14425 19292 6864 
18765 14430 19300 6864 
18773 14434 19306 6866 
18781 14435 19312 6869 
18785 14437 19318 6872 
18789 14441 19323 6872 
18796 14449 19329 6874 
18804 14456 19332 6879 
18813 14462 19334 6880 
18819 14468 19340 6883 
18826 14473 19349 6885 
18834 14480 19354 6885 
18841 14487 19363 6888 
18847 14490 19365 6888 
18851 14492 19374 6890 
18858 14498 19383 6891 
18867 14505 19388 6891 
18871 14511 19392 6892 
18882 14516 19398 6893 
18890 14520 19405 6893 
18894 14521 19408 6895 
18900 14528 19416 6898 
18902 14535 19419 6900 
18910 14536 19431 6901 
18916 14539 19437 6904 
18924 14544 19439 6904 
18930 14546 19445 6905 
18937 14549 19452 6909 
18942 14555 19455 6912 
18954 14559 19463 6913 
18958 14563 19472 6913 
18966 14567 19481 6915 
18972 14573 19485 6920 
18978 14576 19493 6924 
18985 14582 19496 6927 
18988 14584 19503 6930 
19000 14593 19505 6933 
19007 14598 19511 6933 
19011 14601 19517 6935 
19018 14605 19523 6937 
19025 14611 19531 6940 
19028 14615 19540 6944 
19031 14618 19549 6946 
19037 14624 19553 6950 
19045 14629 19559 6951 
19051 14635 19569 6952 
19055 14643 19578 6953 
19061 14652 19592 6956 
19066 14657 19598 6960 
19069 14663 19606 6964 
19076 14668 19615 6970 
19088 14670 19621 6973 
19094 14676 19628 6973 
19097 14678 19637 6974 
19106 14682 19643 6975 
19114 14688 19648 6980 
19125 14691 19655 6980 
19129 14696 19662 6980 
19134 14698 19670 6982 
19141 14705 19675 6986 
19145 14714 19686 6987 
19155 14719 19694 6992 
19160 14723 19700 6994 
19165 14725 19705 6995 
19168 14732 19711 7000 
19176 14740 19716 7001 
19181 14748 19726 7002 
19185 14750 19733 7002 
19195 14757 19739 7005 
19202 14762 19745 7008 
19207 14765 19751 7010 
19214 14770 19758 7013 
19220 14774 19760 7015 
19228 14781 19769 7015 
19228 14786 19776 7015 
19231 14790 19781 7016 
19236 14795 19788 7019 
19242 14802 19794 7019 
19247 14806 19804 7022 
19254 14811 19811 7022 
19260 14815 19816 7023 
19267 14819 19823 7026 
19270 14821 19825 7028 
19276 14828 19831 7029 
19281 14837 19836 7034 
19286 14844 19842 7038 
19294 14847 19844 7041 
19300 14847 19853 7041 
19305 14856 19858 7044 
19309 14861 19863 7044 
19315 14867 19873 7045 
19321 14870 19879 7046 
19325 14873 19882 7048 
19336 14874 19885 7053 
19341 14878 19893 7054 
19346 14882 19897 7056 
19355 14886 19906 7059 
19359 14890 19913 7060 
19363 14894 19920 7063 
19369 14898 19923 7065 
19370 14901 19928 7069 
19375 14905 19932 7070 
19383 14908 19936 7071 
19390 14912 19946 7071 
19394 14918 19954 7075 
19400 14924 19963 7078 
19407 14927 19969 7078 
19414 14933 19976 7080 
19417 14938 19990 7083 
19420 14942 19996 7088 
19426 14946 20001 7093 
19432 14951 20010 7094 
19441 14958 20012 7094 
19444 14965 20015 7096 
19448 14970 20021 7097 
19456 14977 20028 7098 
19459 14983 20036 7100 
19468 14988 20044 7100 
19470 14993 20047 7100 
19472 14995 20054 7102 
19477 15000 20058 7105 
19485 15002 20064 7108 
19489 15006 20071 7109 
19492 15012 20076 7111 
19496 15016 20087 7113 
19500 15021 20091 7117 
19507 15033 20099 7120 
19513 15039 20104 7122 
19521 15043 20111 7123 
19526 15045 20116 7125 
19532 15049 20125 7127 
19537 15052 20135 7130 
19541 15054 20144 7133 
19550 15057 20151 7134 
19561 15061 20158 7136 
19565 15067 20173 7137 
19571 15070 20184 7142 
19577 15072 20194 7143 
19582 15076 20197 7143 
19588 15082 20199 7146 
19592 15086 20210 7148 
19598 15094 20217 7149 
19604 15098 20227 7150 
19610 15100 20230 7152 
19615 15103 20234 7155 
19616 15107 20242 7157 
19624 15115 20246 7158 
19631 15119 20247 7162 
19635 15123 20252 7165 
19638 15126 20259 7169 
19647 15136 20261 7173 
19654 15141 20269 7177 
19664 15146 20274 7180 
19669 15150 20286 7180 
19672 15156 20298 7182 
19677 15162 20305 7185 
19684 15164 20312 7187 
19686 15169 20319 7188 
19687 15173 20327 7188 
19692 15174 20333 7192 
19698 15179 20342 7192 
19707 15187 20351 7195 
19712 15194 20362 7198 
19718 15197 20366 7199 
19725 15198 20371 7201 
19735 15206 20376 7203 
19741 15212 20382 7207 
19750 15218 20390 7209 
19756 15224 20400 7214 
19766 15226 20408 7215 
19773 15236 20415 7217 
19782 15240 20423 7218 
19791 15244 20429 7221 
19796 15247 20435 7222 
19802 15253 20441 7223 
19808 15256 20450 7224 
19814 15259 20455 7225 
19814 15265 20465 7226 
19820 15267 20474 7227 
19826 15272 20479 7233 
19835 15278 20487 7234 
19844 15288 20498 7236 
19846 15288 20502 7238 
19851 15292 20507 7243 
19855 15293 20507 7245 
19856 15299 20515 7247 
19861 15299 20518 7252 
19867 15305 20528 7254 
19874 15309 20535 7256 
19879 15313 20541 7258 
19886 15315 20547 7260 
19899 15317 20550 7262 
19904 15321 20560 7264 
19910 15328 20568 7265 
19913 15333 20576 7266 
19917 15339 20587 7269 
19923 15345 20594 7272 
19928 15348 20600 7274 
19931 15349 20603 7277 
19939 15355 20611 7278 
19943 15358 20615 7279 
19947 15365 20624 7279 
19950 15368 20632 7282 
19958 15371 20637 7284 
19961 15374 20647 7289 
19966 15380 20648 7292 
19971 15388 20657 7296 
19979 15391 20662 7300 
19984 15394 20669 7308 
19992 15399 20671 7311 
19995 15403 20676 7315 
19998 15406 20678 7316 
20003 15412 20684 7317 
20009 15414 20691 7319 
20011 15418 20694 7323 
20018 15425 20702 7324 
20020 15435 20705 7328 
20027 15439 20708 7329 
20036 15444 20714 7332 
20044 15448 20717 7333 
20049 15458 20719 7336 
20055 15463 20728 7343 
20058 15467 20740 7345 
20064 15471 20750 7346 
20071 15477 20756 7349 
20074 15479 20763 7350 
20077 15487 20770 7353 
20081 15490 20778 7355 
20088 15492 20785 7358 
20091 15499 20790 7360 
20093 15505 20797 7363 
20097 15508 20803 7369 
20101 15511 20809 7371 
20106 15514 20815 7372 
20117 15518 20823 7373 
20121 15522 20827 7378 
20128 15529 20834 7381 
20133 15538 20844 7382 
20138 15545 20851 7383 
20143 15553 20858 7385 
20148 15561 20866 7387 
20156 15569 20873 7387 
20159 15571 20877 7387 
20166 15578 20883 7388 
20170 15584 20890 7388 
20176 15588 20894 7393 
20182 15590 20899 7394 
20187 15594 20910 7394 
20192 15601 20914 7397 
20194 15608 20924 7401 
20201 15614 20927 7405 
20205 15616 20933 7405 
20207 15622 20943 7407 
20211 15626 20949 7408 
20218 15633 20954 7415 
20226 15634 20960 7416 
20232 15639 20964 7419 
20233 15645 20968 7421 
20239 15648 20972 7421 
20244 15650 20977 7424 
20249 15659 20982 7424 
20256 15662 20985 7426 
20260 15666 20989 7429 
20266 15673 20993 7429 
20275 15676 20997 7437 
20284 15682 20999 7438 
20291 15690 21006 7441 
20302 15694 21011 7445 
20307 15697 21016 7446 
20314 15700 21022 7448 
20317 15705 21031 7449 
20322 15709 21042 7450 
20325 15716 21052 7456 
20334 15721 21057 7460 
20341 15726 21065 7462 
20348 15733 21071 7466 
20357 15739 21076 7471 
20365 15740 21080 7472 
20370 15743 21084 7474 
20375 15747 21089 7478 
20378 15753 21093 7481 
20385 15763 21098 7482 
20393 15766 21103 7484 
20397 15772 21106 7488 
20403 15775 21114 7491 
20408 15781 21123 7494 
20418 15784 21126 7497 
20427 15791 21130 7498 
20430 15799 21134 7500 
20434 15803 21144 7501 
20442 15808 21154 7504 
20448 15813 21158 7508 
20457 15816 21166 7509 
20464 15819 21175 7514 
20471 15822 21182 7518 
20479 15824 21185 7519 
20486 15831 21190 7520 
20491 15838 21197 7521 
20499 15839 21201 7524 
20510 15846 21207 7529 
20522 15853 21212 7530 
20527 15856 21219 7533 
20537 15861 21225 7533 
20542 15871 21233 7535 
20545 15874 21238 7535 
20550 15878 21243 7539 
20556 15882 21246 7544 
20567 15886 21253 7547 
20572 15893 21259 7548 
20576 15900 21264 7552 
20582 15904 21269 7554 
20587 15908 21276 7558 
20595 15910 21282 7558 
20605 15913 21287 7562 
20610 15919 21296 7565 
20616 15925 21302 7567 
20622 15928 21308 7569 
20633 15933 21310 7575 
20640 15936 21317 7578 
20649 15942 21319 7583 
20654 15946 21328 7590 
20663 15951 21334 7593 
20668 15957 21342 7594 
20676 15962 21349 7596 
20682 15969 21353 7596 
20691 15970 21359 7597 
20697 15979 21365 7598 
20703 15988 21370 7601 
20707 15990 21377 7601 
20713 15992 21385 7605 
20717 15995 21389 7608 
20725 16001 21398 7610 
20734 16007 21408 7612 
20738 16011 21420 7615 
20746 16019 21428 7616 
20755 16026 21437 7618 
20759 16032 21439 7621 
20764 16035 21447 7622 
20770 16044 21454 7626 
20778 16048 21462 7626 
20783 16053 21469 7629 
20791 16054 21476 7632 
20796 16057 21480 7634 
20800 16062 21487 7636 
20802 16066 21492 7637 
20806 16071 21500 7640 
20807 16076 21510 7643 
20810 16080 21518 7643 
20818 16086 21530 7644 
20825 16094 21538 7647 
20830 16099 21543 7649 
20834 16104 21551 7649 
20846 16107 21557 7651 
20856 16115 21566 7653 
20862 16117 21570 7655 
20867 16121 21583 7657 
20874 16125 21588 7659 
20879 16127 21591 7661 
20882 16130 21596 7664 
20889 16132 21600 7667 
20896 16140 21603 7669 
20902 16144 21607 7670 
20905 16153 21609 7673 
20911 16161 21615 7674 
20919 16163 21621 7676 
20922 16167 21625 7678 
20930 16170 21631 7680 
20935 16174 21636 7681 
20942 16182 21642 7682 
20948 16185 21652 7683 
20958 16187 21658 7686 
20963 16189 21667 7688 
20966 16189 21670 7690 
20971 16191 21675 7696 
20977 16196 21680 7696 
20987 16202 21685 7696 
20995 16205 21692 7697 
21005 16213 21699 7700 
21009 16217 21709 7701 
21011 16222 21718 7705 
21019 16227 21729 7712 
21028 16231 21734 7713 
21036 16235 21741 7714 
21040 16241 21745 7715 
21044 16245 21752 7717 
21047 16252 21759 7721 
21050 16257 21766 7723 
21055 16260 21776 7726 
21060 16269 21784 7728 
21063 16275 21792 7730 
21070 16278 21802 7732 
21077 16282 21804 7732 
21084 16291 21817 7735 
21089 16295 21826 7739 
21096 16299 21827 7739 
21105 16308 21833 7744 
21115 16314 21839 7745 
21120 16320 21846 7746 
21125 16324 21850 7749 
21134 16333 21857 7752 
21139 16337 21864 7754 
21144 16345 21873 7754 
21150 16346 21877 7757 
21158 16350 21885 7760 
21165 16356 21891 7763 
21169 16362 21900 7765 
21175 16364 21913 7769 
21180 16371 21917 7771 
21189 16377 21920 7772 
21194 16384 21928 7775 
21196 16387 21938 7778 
21203 16388 21946 7778 
21208 16394 21955 7781 
21215 16397 21959 7782 
21217 16403 21964 7782 
21226 16407 21967 7783 
21229 16412 21974 7784 
21231 16417 21985 7787 
21235 16421 21988 7788 
21239 16426 21991 7789 
21242 16432 21999 7789 
21248 16437 22003 7790 
21255 16443 22007 7792 
21264 16447 22014 7794 
21271 16452 22021 7798 
21277 16453 22026 7799 
21287 16458 22029 7802 
21290 16464 22033 7803 
21297 16469 22037 7803 
21301 16474 22045 7807 
21310 16480 22052 7810 
21318 16485 22055 7812 
21324 16487 22063 7819 
21329 16492 22066 7821 
21336 16498 22075 7824 
21344 16501 22082 7832 
21348 16507 22085 7834 
21351 16511 22090 7835 
21356 16519 22099 7839 
21359 16531 22104 7841 
21367 16534 22111 7845 
21370 16539 22116 7845 
21374 16543 22120 7847 
21380 16553 22130 7851 
21382 16558 22137 7854 
21385 16559 22143 7856 
21388 16563 22145 7857 
21395 16565 22155 7858 
21400 16569 22162 7860 
21407 16577 22170 7863 
21413 16583 22176 7863 
21420 16590 22187 7865 
21429 16595 22193 7867 
21437 16599 22204 7869 
21441 16610 22212 7870 
21448 16613 22221 7874 
21453 16618 22230 7875 
21461 16622 22240 7876 
21466 16623 22243 7883 
21474 16632 22251 7885 
21482 16637 22258 7887 
21490 16643 22266 7889 
21494 16649 22269 7890 
21499 16654 22273 7891 
21510 16657 22281 7891 
21515 16660 22288 7894 
21525 16667 22291 7898 
21534 16672 22297 7898 
21539 16674 22300 7898 
21544 16681 22314 7898 
21546 16683 22326 7901 
21551 16688 22336 7903 
21553 16692 22341 7907 
21558 16695 22350 7911 
21565 16702 22356 7911 
21576 16705 22366 7912 
21580 16709 22375 7913 
21585 16717 22380 7914 
21590 16721 22382 7919 
21596 16729 22387 7920 
21603 16733 22397 7921 
21611 16734 22404 7922 
21616 16741 22413 7924 
21620 16743 22419 7925 
21622 16751 22425 7927 
21632 16757 22434 7929 
21636 16763 22439 7930 
21640 16771 22445 7932 
21645 16779 22450 7935 
21652 16782 22457 7940 
21658 16784 22463 7942 
21668 16790 22472 7944 
21675 16794 22478 7947 
21685 16795 22483 7948 
21692 16803 22488 7949 
21695 16806 22491 7951 
21701 16813 22497 7952 
21704 16817 22504 7953 
21710 16821 22511 7953 
21718 16826 22520 7957 
21721 16834 22529 7957 
21726 16841 22536 7962 
21732 16843 22542 7962 
21738 16848 22549 7962 
21745 16853 22558 7965 
21755 16860 22565 7969 
21757 16864 22571 7971 
21765 16870 22575 7973 
21769 16874 22581 7977 
21781 16880 22586 7982 
21786 16885 22589 7983 
21789 16892 22597 7985 
21796 16896 22605 7988 
21802 16899 22609 7991 
21809 16904 22616 7993 
21814 16910 22622 7996 
21817 16913 22636 7996 
21822 16919 22640 7996 
21833 16925 22644 7998 
21840 16927 22648 8000 
21845 16932 22656 8001 
21849 16935 22658 8002 
21854 16941 22664 8004 
21860 16944 22670 8006 
21864 16947 22674 8009 
21871 16954 22680 8009 
21878 16957 22686 8012 
21885 16962 22699 8013 
21893 16967 22708 8016 
21897 16971 22713 8019 
21909 16982 22719 8022 
21913 16987 22723 8023 
21920 16992 22728 8026 
21926 16998 22734 8030 
21938 17005 22738 8033 
21946 17010 22750 8036 
21956 17014 22755 8036 
21963 17018 22763 8038 
21966 17023 22768 8039 
21972 17028 22772 8040 
21981 17035 22779 8044 
21986 17038 22786 8046 
21993 17048 22792 8052 
22001 17052 22801 8053 
22006 17057 22810 8055 
22014 17061 22821 8056 
22022 17068 22829 8058 
22027 17076 22838 8061 
22032 17083 22841 8062 
22038 17087 22849 8063 
22041 17092 22855 8066 
22053 17101 22861 8067 
22057 17103 22866 8069 
22064 17108 22871 8073 
22069 17112 22878 8075 
22075 17116 22882 8080 
22079 17121 22891 8082 
22085 17124 22895 8083 
22090 17128 22904 8086 
22093 17135 22911 8091 
22098 17140 22917 8093 
