0 0 0 0 
5 4 7 3 
13 6 14 6 
17 10 19 7 
23 14 25 8 
31 21 33 9 
39 24 37 14 
40 27 45 15 
49 31 54 18 
53 32 60 19 
60 34 65 19 
64 36 68 21 
72 38 71 22 
77 39 78 23 
79 42 83 28 
84 44 90 29 
91 47 94 31 
96 50 98 31 
100 55 104 32 
102 59 109 37 
107 66 112 38 
112 70 118 40 
121 73 122 41 
128 77 123 44 
130 81 129 47 
137 84 136 51 
145 87 141 54 
147 89 147 57 
150 92 152 61 
155 97 154 66 
160 101 155 68 
166 105 159 70 
176 107 162 72 
179 112 165 74 
185 116 170 77 
194 116 174 80 
196 121 179 81 
201 123 183 82 
207 126 186 85 
212 127 189 89 
217 130 195 90 
219 135 201 91 
226 140 207 94 
232 143 215 96 
235 151 218 96 
241 157 220 98 
247 161 227 99 
252 166 237 100 
267 169 241 100 
270 173 251 100 
275 180 253 100 
281 182 257 103 
285 188 263 103 
291 194 269 105 
294 201 273 109 
298 208 280 110 
306 210 282 111 
311 212 284 112 
314 214 291 113 
316 216 294 114 
320 221 297 115 
328 225 303 116 
336 231 314 118 
338 234 322 121 
343 240 325 122 
348 244 329 122 
356 252 336 125 
368 258 340 130 
370 258 344 133 
379 264 344 138 
387 266 349 138 
390 269 353 140 
397 274 360 141 
400 277 365 143 
405 281 369 143 
409 284 377 145 
418 285 382 147 
423 288 392 149 
429 291 398 150 
436 297 401 152 
440 297 407 154 
446 298 408 154 
452 301 412 158 
460 308 420 161 
466 309 430 162 
469 313 434 164 
475 318 436 165 
479 320 440 166 
483 321 446 166 
485 323 450 167 
492 327 453 170 
496 328 454 170 
502 331 461 171 
508 335 462 171 
513 338 468 174 
515 340 475 175 
521 346 482 176 
531 348 487 177 
535 353 490 177 
541 355 495 180 
544 364 501 180 
554 366 503 180 
560 369 507 181 
568 372 511 182 
574 376 514 184 
576 384 519 186 
579 386 525 188 
582 388 530 188 
589 389 536 192 
592 395 538 194 
597 397 547 198 
603 398 548 199 
610 404 553 199 
612 407 556 200 
618 408 563 201 
620 413 565 205 
628 417 567 206 
637 420 573 207 
642 423 578 207 
644 426 586 212 
651 431 588 216 
661 433 599 217 
663 436 604 220 
670 440 613 221 
674 442 618 227 
679 449 622 228 
684 451 624 228 
689 454 626 230 
698 457 630 231 
705 459 637 237 
705 461 640 239 
712 464 646 243 
723 465 653 245 
727 469 657 248 
733 471 662 249 
738 474 669 249 
746 475 676 249 
751 479 684 249 
756 482 688 251 
764 485 692 252 
768 486 695 253 
775 488 701 254 
783 492 707 256 
788 498 717 259 
790 500 722 260 
794 503 727 261 
803 506 729 262 
806 508 734 263 
814 510 743 266 
819 516 746 268 
822 522 759 270 
828 524 764 270 
833 527 766 271 
837 531 769 272 
845 535 771 278 
846 538 779 280 
851 542 786 281 
855 545 791 282 
858 549 796 282 
864 553 801 286 
870 561 808 288 
879 563 814 289 
889 569 820 294 
894 571 824 297 
898 573 832 298 
902 577 835 299 
907 581 841 300 
911 585 847 301 
919 587 854 304 
926 588 857 307 
930 592 864 308 
936 594 872 310 
943 600 877 310 
945 604 885 314 
952 607 893 314 
960 610 897 316 
963 611 900 318 
966 611 907 324 
973 620 914 324 
977 624 921 327 
980 630 930 328 
984 636 933 331 
989 642 940 333 
994 647 948 335 
1000 651 950 337 
1007 654 962 338 
1012 657 965 339 
1015 664 974 340 
1018 666 979 340 
1024 669 980 342 
1027 673 987 345 
1036 677 991 345 
1038 679 994 345 
1044 682 998 347 
1047 683 1006 349 
1048 687 1009 355 
1057 691 1013 357 
1062 694 1022 358 
1068 698 1027 360 
1069 700 1032 360 
1078 704 1040 361 
1085 708 1041 362 
1094 713 1046 363 
1097 721 1052 363 
1104 725 1058 364 
1109 728 1062 366 
1118 728 1069 369 
1125 732 1075 369 
1128 735 1081 372 
1131 737 1086 373 
1135 739 1093 375 
1145 744 1096 375 
1150 745 1101 375 
1153 749 1104 378 
1159 754 1114 379 
1166 760 1116 382 
1169 762 1122 382 
1174 767 1126 383 
1182 769 1129 383 
1186 773 1134 387 
1190 782 1139 389 
1196 783 1146 390 
1202 785 1151 395 
1211 787 1157 396 
1216 788 1167 397 
1222 789 1173 399 
1228 795 1186 402 
1235 796 1192 402 
1240 797 1197 403 
1244 800 1204 407 
1252 803 1205 407 
1260 808 1206 409 
1260 811 1211 411 
1263 817 1215 412 
1268 819 1222 413 
1271 823 1225 414 
1277 827 1231 415 
1281 828 1238 420 
1287 831 1241 422 
1291 833 1248 427 
1295 837 1252 429 
1300 842 1258 431 
1302 844 1262 432 
1306 846 1268 437 
1309 848 1274 438 
1314 854 1284 439 
1319 859 1288 440 
1326 863 1294 440 
1330 866 1305 443 
1337 868 1309 446 
1344 871 1313 451 
1351 872 1322 453 
1358 876 1328 454 
1365 879 1332 457 
1374 884 1336 457 
1374 889 1340 458 
1384 893 1347 463 
1385 900 1352 467 
1389 908 1361 470 
1399 911 1367 474 
1406 916 1371 477 
1408 920 1373 478 
1415 925 1377 478 
1421 926 1382 480 
1423 928 1386 481 
1428 930 1391 482 
1433 933 1397 484 
1436 936 1403 485 
1439 941 1408 486 
1441 944 1416 487 
1445 946 1425 489 
1452 948 1428 491 
1459 949 1431 492 
1465 950 1437 494 
1469 953 1440 497 
1476 958 1444 499 
1480 963 1448 500 
1483 965 1453 502 
1485 968 1463 503 
1492 973 1471 507 
1498 974 1478 507 
1505 975 1481 508 
1511 977 1485 512 
1518 979 1493 514 
1519 987 1498 517 
1526 990 1504 518 
1529 990 1509 521 
1537 995 1513 523 
1544 996 1520 525 
1551 998 1524 529 
1557 1003 1530 533 
1564 1007 1537 535 
1569 1010 1542 541 
1574 1014 1547 541 
1589 1019 1553 542 
1592 1021 1559 543 
1596 1026 1570 545 
1600 1030 1578 545 
1607 1034 1586 547 
1612 1045 1588 550 
1619 1047 1593 552 
1623 1049 1599 555 
1630 1052 1605 557 
1635 1055 1611 558 
1638 1059 1617 559 
1640 1065 1619 559 
1649 1069 1624 559 
1654 1076 1630 560 
1656 1078 1637 561 
1661 1081 1639 564 
1668 1082 1645 564 
1674 1089 1650 565 
1679 1092 1654 566 
1684 1094 1656 567 
1687 1100 1660 571 
1694 1104 1663 572 
1696 1106 1666 572 
1704 1112 1669 575 
1710 1116 1672 576 
1716 1121 1672 577 
1721 1128 1676 579 
1731 1132 1679 583 
1733 1141 1686 584 
1737 1143 1692 587 
1744 1145 1696 590 
1749 1153 1699 592 
1751 1159 1703 594 
1758 1165 1708 598 
1765 1168 1713 599 
1773 1175 1720 602 
1777 1178 1723 604 
1782 1179 1730 605 
1786 1185 1736 607 
1786 1188 1740 608 
1791 1190 1742 609 
1798 1191 1748 613 
1808 1196 1754 613 
1811 1202 1758 614 
1815 1206 1759 615 
1824 1212 1767 615 
1829 1215 1772 619 
1831 1221 1779 622 
1838 1225 1784 624 
1843 1228 1788 625 
1849 1230 1794 626 
1857 1232 1804 629 
1864 1239 1809 632 
1868 1241 1811 635 
1873 1243 1815 637 
1879 1250 1818 638 
1888 1252 1823 639 
1894 1256 1830 642 
1899 1259 1835 643 
1908 1266 1838 650 
1914 1271 1844 650 
1920 1274 1848 651 
1926 1277 1853 654 
1931 1281 1859 654 
1937 1283 1864 659 
1944 1286 1869 661 
1952 1291 1871 661 
1960 1296 1877 663 
1962 1297 1882 663 
1972 1300 1884 664 
1978 1303 1888 665 
1989 1304 1889 669 
1993 1305 1893 672 
1998 1307 1896 676 
2003 1312 1900 679 
2011 1316 1903 682 
2018 1320 1909 684 
2025 1325 1914 687 
2033 1329 1918 688 
2041 1333 1926 689 
2046 1338 1932 689 
2051 1339 1938 691 
2056 1341 1942 691 
2059 1343 1947 693 
2063 1347 1954 694 
2066 1348 1955 698 
2071 1356 1963 702 
2074 1362 1969 703 
2075 1366 1975 706 
2078 1375 1980 707 
2088 1377 1987 709 
2095 1381 1992 711 
2102 1390 1998 714 
2109 1393 2006 716 
2115 1396 2016 717 
2117 1400 2023 719 
2120 1407 2031 721 
2133 1410 2034 723 
2139 1411 2039 724 
2144 1416 2045 726 
2152 1418 2048 730 
2158 1421 2051 732 
2161 1424 2057 734 
2167 1431 2062 734 
2169 1437 2068 735 
2171 1440 2075 737 
2175 1442 2077 740 
2182 1448 2087 740 
2188 1453 2091 740 
2190 1453 2096 740 
2196 1457 2097 742 
2202 1460 2102 743 
2204 1464 2105 746 
2209 1467 2107 748 
2214 1473 2111 750 
2219 1477 2117 751 
2221 1480 2122 753 
2229 1487 2125 755 
2234 1493 2129 756 
2239 1495 2139 759 
2242 1500 2144 759 
2252 1503 2150 761 
2259 1510 2151 762 
2263 1515 2156 762 
2267 1516 2161 766 
2274 1518 2166 767 
2279 1519 2169 767 
2283 1523 2177 770 
2288 1527 2179 771 
2300 1528 2189 772 
2302 1533 2195 773 
2310 1540 2202 773 
2315 1541 2211 777 
2321 1544 2216 778 
2326 1548 2220 779 
2335 1555 2228 781 
2343 1557 2237 786 
2348 1560 2244 790 
2355 1565 2248 791 
2359 1572 2254 791 
2361 1574 2256 793 
2366 1575 2262 794 
2369 1579 2268 796 
2374 1584 2271 797 
2377 1588 2275 797 
2380 1590 2284 800 
2385 1596 2289 802 
2389 1598 2293 802 
2391 1598 2296 804 
2395 1601 2300 805 
2398 1602 2305 806 
2406 1606 2308 807 
2408 1609 2310 810 
2412 1613 2312 812 
2420 1618 2318 813 
2427 1622 2319 813 
2430 1628 2325 815 
2434 1631 2329 816 
2439 1635 2338 819 
2446 1637 2345 820 
2454 1643 2348 823 
2460 1647 2355 827 
2463 1650 2361 830 
2468 1654 2365 832 
2477 1658 2372 833 
2489 1662 2380 835 
2495 1666 2384 836 
2505 1671 2390 840 
2514 1678 2395 843 
2515 1679 2400 844 
2523 1685 2408 845 
2525 1692 2417 845 
2531 1698 2420 848 
2536 1706 2427 850 
2539 1708 2436 851 
2541 1714 2442 854 
2549 1719 2445 855 
2550 1724 2453 859 
2559 1729 2456 861 
2565 1734 2459 861 
2573 1738 2465 862 
2577 1741 2469 869 
2582 1743 2470 871 
2586 1746 2479 872 
2593 1748 2480 872 
2600 1754 2490 872 
2610 1759 2494 872 
2614 1763 2499 874 
2619 1769 2505 877 
2627 1774 2507 878 
2635 1776 2516 881 
2640 1781 2518 884 
2643 1788 2521 887 
2645 1793 2526 890 
2649 1799 2533 891 
2651 1803 2538 891 
2662 1805 2541 892 
2667 1810 2543 895 
2670 1813 2546 896 
2673 1818 2552 899 
2678 1822 2555 900 
2682 1830 2560 903 
2688 1832 2563 904 
2690 1836 2567 907 
2699 1842 2570 910 
2702 1845 2575 912 
2709 1851 2580 912 
2718 1856 2582 913 
2721 1858 2587 915 
2725 1859 2599 917 
2730 1862 2608 918 
2731 1868 2612 921 
2737 1877 2614 922 
2745 1883 2622 923 
2753 1885 2628 924 
2757 1887 2635 928 
2767 1888 2640 932 
2770 1890 2643 933 
2779 1893 2645 933 
2783 1899 2655 933 
2784 1899 2660 934 
2788 1903 2664 935 
2792 1904 2670 936 
2793 1911 2674 938 
2797 1918 2682 940 
2801 1919 2689 941 
2805 1922 2690 943 
2809 1923 2700 944 
2818 1927 2709 945 
2821 1932 2713 945 
2826 1935 2719 947 
2831 1939 2728 949 
2836 1940 2735 953 
2838 1943 2742 957 
2843 1947 2746 957 
2849 1952 2755 962 
2859 1959 2757 964 
2864 1961 2765 971 
2873 1963 2767 971 
2879 1965 2771 973 
2885 1968 2777 975 
2887 1970 2781 975 
2889 1974 2788 977 
2892 1980 2791 978 
2897 1985 2797 979 
2905 1995 2801 980 
2908 1998 2808 981 
2911 2003 2812 986 
2920 2005 2817 989 
2925 2010 2821 989 
2931 2011 2828 990 
2936 2014 2830 993 
2943 2015 2834 997 
2946 2020 2837 1000 
2949 2024 2844 1003 
2951 2025 2845 1004 
2953 2026 2854 1004 
2957 2034 2859 1005 
2965 2038 2864 1007 
2969 2043 2866 1010 
2973 2047 2869 1012 
2979 2053 2878 1012 
2985 2059 2884 1012 
2991 2065 2894 1014 
2993 2067 2899 1015 
2998 2070 2906 1016 
3005 2076 2911 1018 
3010 2079 2919 1020 
3016 2083 2925 1022 
3022 2088 2930 1025 
3029 2091 2933 1028 
3034 2097 2935 1031 
3036 2101 2938 1032 
3041 2104 2944 1035 
3048 2108 2948 1037 
3054 2113 2953 1041 
3061 2117 2964 1044 
3068 2120 2967 1044 
3071 2124 2978 1046 
3078 2126 2982 1049 
3085 2129 2984 1050 
3091 2133 2987 1050 
3097 2139 2994 1054 
3105 2142 3003 1056 
3110 2145 3011 1058 
3116 2150 3019 1059 
3117 2153 3027 1060 
3126 2157 3035 1066 
3130 2161 3043 1069 
3134 2164 3047 1071 
3138 2169 3050 1074 
3142 2174 3056 1075 
3149 2180 3063 1077 
3157 2183 3065 1079 
3159 2186 3069 1080 
3166 2195 3075 1082 
3173 2196 3082 1085 
3183 2198 3087 1087 
3188 2201 3092 1090 
3195 2205 3098 1090 
3198 2212 3105 1092 
3205 2213 3110 1093 
3211 2217 3113 1094 
3217 2220 3119 1098 
3223 2223 3123 1099 
3224 2225 3128 1100 
3230 2231 3135 1100 
3240 2232 3142 1104 
3244 2235 3148 1105 
3249 2237 3154 1105 
3261 2242 3161 1105 
3266 2246 3163 1107 
3266 2251 3169 1109 
3277 2252 3169 1110 
3284 2256 3175 1115 
3291 2259 3184 1118 
3296 2262 3186 1118 
3302 2268 3192 1119 
3307 2274 3200 1120 
3314 2279 3206 1126 
3317 2280 3210 1127 
3326 2283 3215 1131 
3336 2288 3222 1135 
3341 2290 3226 1136 
3348 2294 3230 1136 
3353 2299 3238 1140 
3358 2299 3241 1142 
3366 2303 3242 1144 
3373 2309 3250 1149 
3382 2313 3254 1150 
3389 2318 3261 1150 
3396 2325 3266 1150 
3399 2326 3272 1151 
3404 2332 3278 1152 
3407 2335 3282 1154 
3412 2337 3287 1157 
3417 2340 3290 1158 
3421 2344 3291 1159 
3427 2351 3295 1164 
3432 2354 3299 1166 
3436 2358 3300 1168 
3440 2360 3304 1171 
3441 2366 3310 1173 
3444 2371 3316 1175 
3450 2375 3321 1178 
3456 2378 3329 1178 
3458 2382 3336 1182 
3465 2384 3340 1183 
3470 2387 3346 1183 
3475 2391 3350 1187 
3480 2391 3356 1188 
3484 2400 3360 1189 
3490 2406 3366 1192 
3492 2407 3371 1193 
3497 2411 3380 1193 
3504 2415 3384 1195 
3511 2419 3390 1199 
3512 2425 3393 1199 
3518 2429 3402 1201 
3523 2430 3408 1202 
3527 2434 3417 1203 
3532 2438 3424 1209 
3538 2442 3432 1211 
3542 2446 3437 1212 
3548 2448 3442 1213 
3551 2454 3442 1215 
3554 2458 3447 1218 
3559 2461 3448 1222 
3568 2463 3452 1224 
3571 2465 3456 1225 
3581 2469 3456 1227 
3585 2471 3465 1230 
3591 2477 3469 1230 
3592 2482 3476 1231 
3598 2488 3480 1236 
3603 2493 3490 1237 
3610 2498 3497 1238 
3613 2504 3500 1239 
3617 2505 3504 1242 
3621 2509 3506 1245 
3626 2514 3512 1245 
3637 2516 3516 1247 
3639 2524 3518 1247 
3641 2529 3522 1248 
3649 2535 3525 1251 
3654 2540 3532 1253 
3666 2545 3534 1253 
3675 2549 3540 1254 
3683 2554 3547 1256 
3685 2556 3556 1258 
3688 2558 3561 1261 
3695 2559 3567 1262 
3702 2564 3574 1266 
3707 2567 3582 1271 
3707 2570 3585 1272 
3711 2574 3589 1276 
3718 2578 3597 1278 
3725 2584 3604 1280 
3734 2586 3609 1281 
3742 2589 3612 1281 
3746 2592 3618 1282 
3749 2598 3622 1283 
3755 2601 3627 1285 
3761 2605 3632 1288 
3768 2607 3637 1290 
3773 2609 3641 1291 
3779 2612 3650 1292 
3784 2614 3657 1294 
3791 2620 3662 1294 
3796 2625 3670 1297 
3799 2629 3679 1297 
3806 2632 3687 1298 
3814 2635 3691 1300 
3818 2640 3697 1301 
3823 2642 3703 1303 
3827 2646 3708 1306 
3834 2652 3712 1310 
3837 2659 3717 1313 
3843 2663 3725 1315 
3848 2668 3728 1318 
3851 2672 3733 1319 
3853 2678 3738 1322 
3859 2680 3743 1329 
3859 2684 3756 1331 
3865 2687 3761 1332 
3873 2690 3768 1332 
3884 2695 3770 1333 
3886 2700 3773 1336 
3890 2705 3778 1336 
3896 2707 3786 1337 
3904 2711 3790 1338 
3906 2720 3794 1338 
3915 2722 3796 1340 
3924 2723 3802 1340 
3929 2725 3810 1343 
3935 2728 3815 1344 
3939 2730 3818 1347 
3948 2734 3820 1348 
3954 2734 3828 1349 
3963 2735 3832 1350 
3968 2737 3837 1350 
3972 2739 3840 1353 
3977 2744 3849 1356 
3983 2745 3854 1361 
3984 2748 3856 1361 
3992 2752 3861 1362 
3995 2760 3863 1363 
4000 2762 3873 1364 
4004 2767 3881 1364 
4014 2769 3888 1367 
4022 2772 3895 1369 
4027 2775 3899 1372 
4035 2779 3907 1374 
4040 2782 3909 1376 
4045 2784 3912 1378 
4053 2791 3918 1379 
4062 2794 3927 1382 
4069 2802 3930 1384 
4075 2803 3936 1385 
4079 2806 3944 1388 
4083 2807 3945 1391 
4086 2810 3950 1392 
4095 2815 3952 1396 
4102 2818 3958 1398 
4104 2820 3963 1398 
4109 2823 3967 1401 
4112 2829 3976 1401 
4119 2833 3982 1402 
4123 2836 3989 1403 
4127 2837 3996 1405 
4131 2840 4000 1407 
4135 2843 4004 1409 
4140 2850 4012 1413 
4144 2854 4019 1414 
4150 2860 4026 1417 
4153 2865 4030 1419 
4156 2866 4035 1423 
4160 2873 4043 1426 
4162 2878 4051 1428 
4170 2882 4055 1428 
4173 2887 4060 1430 
4176 2891 4067 1432 
4180 2894 4074 1435 
4189 2900 4079 1439 
4197 2905 4083 1443 
4202 2908 4093 1446 
4206 2910 4098 1447 
4210 2914 4101 1447 
4213 2919 4105 1448 
4218 2921 4113 1449 
4225 2925 4119 1455 
4229 2928 4129 1457 
4232 2935 4136 1457 
4236 2939 4140 1459 
4240 2945 4145 1461 
4244 2949 4150 1465 
4248 2952 4153 1467 
4254 2960 4158 1467 
4259 2967 4168 1470 
4264 2971 4175 1472 
4270 2975 4177 1473 
4272 2981 4179 1474 
4276 2990 4185 1475 
4279 2994 4187 1477 
4282 3003 4191 1478 
4286 3006 4199 1483 
4293 3007 4201 1486 
4299 3008 4207 1488 
4302 3013 4211 1490 
4307 3022 4215 1493 
4314 3025 4218 1495 
4324 3029 4227 1496 
4331 3034 4230 1497 
4339 3036 4235 1500 
4348 3040 4242 1503 
4351 3043 4248 1505 
4358 3046 4253 1505 
4362 3047 4256 1507 
4369 3049 4262 1511 
4373 3052 4265 1513 
4378 3053 4273 1515 
4384 3058 4276 1518 
4393 3062 4280 1523 
4398 3067 4286 1524 
4401 3071 4295 1529 
4407 3076 4296 1529 
4415 3081 4299 1532 
4421 3086 4304 1534 
4427 3089 4309 1536 
4432 3095 4315 1536 
4438 3099 4319 1537 
4447 3100 4324 1538 
4456 3105 4328 1540 
4464 3109 4333 1543 
4469 3113 4335 1545 
4473 3117 4341 1548 
4479 3123 4347 1548 
4487 3125 4351 1550 
4492 3127 4361 1550 
4496 3129 4367 1552 
4502 3134 4374 1555 
4512 3136 4376 1558 
4515 3139 4380 1560 
4520 3141 4381 1565 
4525 3142 4389 1566 
4530 3143 4396 1566 
4537 3147 4401 1567 
4547 3151 4408 1569 
4556 3155 4417 1570 
4562 3159 4419 1570 
4563 3164 4421 1571 
4566 3175 4430 1573 
4569 3178 4432 1574 
4572 3184 4436 1576 
4575 3187 4441 1582 
4580 3188 4447 1584 
4584 3197 4449 1586 
4588 3199 4452 1587 
4595 3202 4457 1588 
4601 3204 4462 1590 
4603 3207 4467 1595 
4610 3210 4474 1597 
4614 3216 4477 1601 
4620 3220 4482 1602 
4626 3223 4486 1602 
4634 3226 4492 1605 
4635 3228 4493 1609 
4640 3230 4501 1613 
4646 3233 4504 1617 
4651 3236 4508 1618 
4656 3238 4512 1621 
4659 3245 4521 1622 
4662 3248 4525 1624 
4667 3252 4531 1626 
4674 3256 4537 1626 
4676 3259 4545 1626 
4684 3265 4552 1629 
4691 3270 4558 1631 
4697 3277 4565 1631 
4699 3282 4570 1632 
4703 3284 4574 1635 
4708 3288 4583 1637 
4715 3289 4587 1640 
4722 3293 4593 1643 
4725 3297 4596 1648 
4728 3300 4601 1649 
4735 3303 4605 1651 
4742 3306 4609 1651 
4750 3308 4614 1655 
4757 3313 4620 1660 
4764 3317 4625 1660 
4769 3319 4629 1663 
4774 3320 4631 1664 
4775 3325 4638 1666 
4779 3329 4644 1666 
4784 3334 4651 1667 
4789 3337 4655 1669 
4805 3342 4657 1669 
4809 3345 4662 1670 
4813 3347 4663 1671 
4816 3350 4671 1673 
4823 3352 4675 1673 
4825 3359 4680 1674 
4831 3366 4683 1675 
4833 3367 4686 1676 
4841 3370 4691 1679 
4846 3375 4695 1680 
4852 3378 4697 1682 
4856 3380 4705 1682 
4863 3384 4712 1686 
4870 3390 4714 1689 
4876 3397 4717 1690 
4881 3402 4723 1691 
4885 3407 4728 1693 
4895 3411 4736 1695 
4898 3413 4743 1697 
4905 3417 4748 1698 
4912 3420 4760 1702 
4921 3423 4763 1705 
4928 3427 4770 1708 
4935 3432 4778 1710 
4940 3437 4785 1712 
4947 3443 4789 1714 
4951 3449 4790 1717 
4956 3461 4797 1717 
4961 3466 4802 1719 
4965 3471 4808 1721 
4974 3476 4813 1726 
4979 3478 4818 1728 
4983 3481 4825 1730 
4989 3483 4830 1734 
4998 3491 4835 1735 
5002 3495 4841 1740 
5006 3498 4846 1741 
5010 3504 4848 1742 
5016 3510 4854 1742 
5021 3516 4858 1744 
5026 3520 4864 1744 
5031 3527 4868 1746 
5035 3533 4873 1748 
5038 3535 4878 1749 
5043 3539 4887 1751 
5049 3541 4890 1754 
5051 3543 4893 1755 
5060 3547 4898 1759 
5067 3551 4903 1760 
5071 3554 4910 1763 
5076 3563 4912 1765 
5079 3569 4925 1767 
5085 3570 4931 1767 
5093 3575 4939 1770 
5102 3577 4946 1772 
5106 3581 4950 1777 
5117 3588 4956 1778 
5126 3593 4959 1781 
5129 3597 4965 1784 
5133 3598 4970 1786 
5139 3600 4976 1786 
5143 3604 4980 1787 
5149 3607 4985 1790 
5155 3609 4985 1793 
5162 3614 4991 1793 
5169 3618 4997 1793 
5171 3624 5000 1793 
5176 3627 5005 1795 
5181 3631 5010 1798 
5184 3637 5011 1798 
5188 3640 5016 1801 
5195 3645 5020 1802 
5198 3650 5024 1804 
5201 3656 5031 1805 
5209 3661 5040 1806 
5212 3664 5045 1808 
5219 3666 5052 1809 
5225 3671 5059 1814 
5231 3675 5063 1816 
5238 3676 5072 1820 
5243 3682 5078 1821 
5250 3682 5083 1823 
5257 3685 5089 1826 
5263 3689 5098 1828 
5271 3693 5102 1831 
5278 3700 5111 1833 
5280 3704 5114 1834 
5283 3707 5118 1835 
5285 3710 5120 1836 
5291 3716 5124 1838 
5293 3720 5131 1839 
5296 3723 5134 1842 
5303 3724 5142 1843 
5307 3729 5146 1846 
5310 3733 5147 1848 
5318 3736 5157 1852 
5326 3737 5164 1856 
5333 3738 5170 1858 
5335 3741 5173 1858 
5337 3744 5175 1860 
5342 3748 5179 1868 
5345 3755 5182 1870 
5352 3757 5189 1873 
5356 3760 5197 1875 
5360 3763 5203 1876 
5365 3765 5208 1876 
5370 3773 5216 1881 
5375 3777 5223 1884 
5384 3780 5231 1886 
5394 3780 5235 1889 
5399 3782 5241 1892 
5409 3786 5247 1892 
5416 3789 5253 1893 
5420 3790 5255 1896 
5426 3795 5256 1897 
5435 3801 5262 1899 
5442 3803 5266 1899 
5445 3809 5273 1900 
5451 3814 5275 1900 
5457 3816 5282 1904 
5460 3821 5286 1905 
5469 3831 5296 1906 
5472 3833 5304 1907 
5480 3837 5309 1910 
5488 3841 5316 1913 
5497 3844 5321 1914 
5502 3852 5325 1920 
5503 3857 5329 1921 
5508 3860 5335 1922 
5513 3865 5340 1925 
5519 3869 5344 1927 
5522 3876 5347 1930 
5524 3879 5353 1931 
5532 3883 5356 1937 
5535 3887 5360 1941 
5541 3891 5362 1942 
5545 3899 5370 1942 
5550 3905 5377 1944 
5557 3911 5383 1948 
5560 3918 5392 1949 
5568 3921 5396 1951 
5574 3925 5403 1952 
5578 3930 5406 1953 
5582 3936 5413 1956 
5585 3939 5417 1958 
5589 3942 5424 1959 
5597 3946 5426 1962 
5602 3951 5429 1963 
5609 3956 5434 1963 
5613 3956 5435 1966 
5615 3960 5438 1968 
5620 3967 5443 1968 
5624 3970 5449 1970 
5627 3974 5456 1974 
5636 3982 5462 1976 
5640 3983 5466 1980 
5648 3986 5468 1981 
5657 3990 5470 1981 
5661 3994 5475 1986 
5668 4000 5478 1989 
5675 4006 5487 1990 
5678 4007 5494 1992 
5680 4011 5500 1995 
5684 4014 5503 1999 
5689 4019 5509 2002 
5696 4025 5514 2003 
5704 4028 5515 2003 
5705 4030 5518 2005 
5711 4031 5523 2007 
5716 4036 5528 2007 
5719 4038 5534 2009 
5726 4043 5546 2011 
5733 4048 5551 2013 
5737 4050 5558 2013 
5740 4055 5565 2017 
5743 4061 5570 2020 
5748 4066 5576 2021 
5752 4071 5578 2023 
5759 4074 5582 2024 
5762 4082 5587 2024 
5765 4086 5590 2027 
5770 4091 5594 2027 
5772 4099 5601 2028 
5775 4103 5606 2030 
5781 4104 5612 2033 
5784 4105 5620 2034 
5792 4108 5629 2036 
5795 4115 5632 2037 
5800 4119 5636 2041 
5807 4125 5639 2044 
5812 4128 5644 2045 
5818 4132 5650 2047 
5822 4135 5658 2049 
5829 4139 5663 2050 
5835 4144 5672 2052 
5845 4148 5678 2055 
5849 4151 5684 2056 
5860 4156 5693 2062 
5866 4161 5698 2065 
5874 4168 5702 2067 
5878 4170 5707 2071 
5881 4175 5712 2072 
5883 4183 5714 2078 
5885 4189 5722 2078 
5889 4191 5726 2081 
5893 4193 5728 2082 
5901 4196 5737 2084 
5908 4199 5741 2087 
5911 4201 5748 2089 
5919 4205 5751 2091 
5931 4210 5755 2094 
5934 4214 5761 2095 
5937 4215 5768 2096 
5940 4218 5773 2097 
5952 4220 5776 2098 
5953 4223 5785 2100 
5958 4225 5791 2100 
5963 4226 5796 2102 
5967 4228 5806 2104 
5971 4232 5814 2106 
5976 4237 5821 2108 
5979 4239 5826 2111 
5983 4246 5835 2113 
5992 4250 5836 2114 
5997 4257 5839 2117 
6003 4259 5847 2119 
6011 4265 5853 2122 
6018 4268 5857 2122 
6022 4273 5862 2124 
6029 4276 5871 2124 
6037 4283 5874 2126 
6041 4287 5877 2129 
6047 4291 5878 2131 
6054 4295 5887 2134 
6055 4298 5892 2138 
6061 4305 5895 2140 
6062 4311 5899 2140 
6069 4316 5908 2140 
6075 4319 5910 2142 
6082 4323 5918 2143 
6084 4326 5923 2143 
6084 4328 5933 2143 
6088 4334 5939 2146 
6090 4340 5950 2151 
6097 4344 5958 2152 
6100 4346 5964 2155 
6105 4348 5968 2157 
6111 4354 5973 2158 
6115 4358 5975 2159 
6119 4363 5978 2164 
6121 4369 5983 2165 
6125 4373 5987 2167 
6129 4376 5992 2170 
6132 4378 5994 2173 
6134 4382 5999 2174 
6138 4386 6007 2175 
6145 4393 6015 2178 
6150 4395 6020 2180 
6154 4399 6026 2181 
6159 4403 6031 2182 
6164 4409 6035 2184 
6171 4413 6039 2184 
6176 4418 6043 2185 
6180 4420 6050 2188 
6185 4424 6056 2189 
6191 4426 6061 2190 
6196 4430 6067 2192 
6200 4436 6079 2193 
6207 4440 6089 2195 
6208 4443 6095 2195 
6208 4446 6098 2198 
6212 4448 6106 2201 
6220 4454 6109 2203 
6226 4459 6114 2204 
6230 4463 6116 2205 
6234 4466 6125 2208 
6239 4471 6131 2210 
6245 4477 6137 2212 
6247 4480 6141 2213 
6251 4488 6144 2215 
6258 4490 6150 2216 
6264 4498 6157 2216 
6269 4502 6163 2219 
6273 4503 6170 2220 
6281 4505 6175 2221 
6287 4510 6182 2225 
6291 4517 6188 2227 
6295 4520 6192 2227 
6300 4524 6198 2228 
6308 4526 6201 2229 
6313 4530 6203 2229 
6320 4534 6209 2229 
6325 4538 6218 2229 
6330 4541 6222 2231 
6334 4543 6229 2234 
6341 4548 6238 2235 
6351 4558 6242 2236 
6354 4565 6249 2239 
6358 4570 6256 2243 
6367 4573 6263 2246 
6374 4580 6264 2247 
6379 4583 6269 2250 
6383 4589 6272 2251 
6388 4595 6278 2252 
6389 4601 6282 2253 
6393 4606 6289 2255 
6397 4609 6296 2257 
6403 4615 6303 2260 
6406 4617 6306 2263 
6409 4619 6313 2264 
6411 4621 6318 2265 
6417 4625 6323 2269 
6418 4629 6328 2272 
6421 4635 6335 2273 
6424 4636 6340 2275 
6432 4641 6347 2276 
6437 4642 6354 2280 
6443 4648 6361 2284 
6448 4653 6365 2286 
6454 4657 6368 2287 
6460 4659 6377 2288 
6472 4661 6379 2290 
6476 4663 6381 2291 
6483 4665 6383 2292 
6491 4669 6391 2293 
6496 4673 6401 2295 
6504 4675 6408 2296 
6514 4681 6414 2297 
6517 4686 6418 2302 
6522 4692 6423 2304 
6524 4693 6425 2307 
6530 4698 6427 2307 
6535 4701 6435 2310 
6542 4704 6438 2312 
6545 4710 6445 2314 
6550 4714 6452 2315 
6555 4716 6458 2317 
6559 4718 6461 2319 
6561 4725 6463 2321 
6567 4728 6468 2321 
6572 4735 6470 2324 
6577 4737 6472 2326 
6583 4743 6478 2326 
6589 4747 6480 2327 
6598 4757 6489 2328 
6601 4761 6497 2329 
6608 4767 6506 2329 
6617 4772 6508 2330 
6624 4776 6513 2332 
6626 4779 6518 2334 
6634 4783 6521 2336 
6643 4785 6522 2337 
6645 4788 6525 2341 
6648 4791 6533 2341 
6652 4802 6538 2344 
6656 4807 6543 2347 
6661 4813 6550 2353 
6669 4817 6558 2355 
6678 4823 6572 2355 
6680 4826 6576 2357 
6682 4832 6580 2360 
6686 4838 6584 2362 
6687 4843 6591 2364 
6694 4847 6596 2366 
6702 4850 6601 2366 
6704 4856 6605 2367 
6709 4858 6612 2368 
6715 4859 6620 2371 
6721 4861 6625 2374 
6724 4866 6631 2378 
6729 4866 6637 2379 
6733 4872 6642 2380 
6735 4881 6644 2381 
6739 4882 6652 2382 
6745 4886 6657 2382 
6750 4889 6661 2383 
6754 4893 6669 2385 
6758 4898 6675 2387 
6765 4905 6682 2388 
6773 4909 6684 2390 
6781 4910 6689 2392 
6784 4914 6691 2394 
6788 4917 6701 2395 
6799 4920 6708 2396 
6808 4925 6712 2398 
6819 4931 6716 2399 
6824 4936 6724 2400 
6831 4941 6726 2401 
6840 4945 6738 2402 
6848 4949 6745 2404 
6853 4954 6747 2404 
6856 4954 6754 2406 
6860 4958 6762 2411 
6865 4962 6769 2413 
6867 4966 6774 2413 
6873 4972 6778 2417 
6882 4976 6783 2420 
6890 4980 6790 2422 
6894 4981 6795 2426 
6901 4987 6800 2428 
6905 4991 6803 2431 
6907 4995 6808 2433 
6910 5001 6813 2435 
6916 5008 6821 2438 
6923 5014 6828 2439 
6930 5018 6835 2439 
6938 5020 6837 2442 
6941 5025 6843 2443 
6948 5028 6858 2444 
6954 5032 6866 2447 
6958 5036 6871 2452 
6962 5045 6876 2457 
6968 5051 6881 2458 
6974 5053 6887 2458 
6980 5059 6892 2459 
6990 5066 6901 2464 
6993 5073 6903 2466 
6998 5078 6909 2469 
7004 5085 6913 2472 
7008 5095 6916 2475 
7010 5103 6921 2477 
7017 5105 6927 2479 
7024 5111 6936 2481 
7028 5113 6940 2483 
7034 5116 6946 2484 
7041 5119 6949 2486 
7048 5124 6956 2487 
7052 5125 6959 2489 
7059 5130 6963 2493 
7064 5134 6969 2494 
7071 5139 6972 2495 
7076 5143 6975 2496 
7079 5148 6979 2496 
7084 5157 6985 2499 
7088 5159 6991 2502 
7089 5162 6997 2506 
7095 5163 7002 2509 
7097 5167 7011 2510 
7104 5174 7016 2512 
7108 5181 7020 2514 
7113 5186 7030 2515 
7117 5191 7038 2516 
7124 5194 7043 2518 
7130 5199 7048 2518 
7132 5205 7053 2520 
7134 5207 7058 2525 
7138 5211 7062 2525 
7143 5216 7069 2526 
7150 5222 7074 2527 
7158 5224 7078 2530 
7164 5227 7086 2530 
7167 5228 7091 2530 
7179 5231 7096 2532 
7185 5234 7103 2533 
7194 5236 7105 2534 
7202 5242 7109 2538 
7209 5245 7111 2539 
7216 5251 7115 2543 
7225 5254 7122 2544 
7229 5258 7127 2546 
7233 5261 7131 2549 
7234 5264 7137 2551 
7241 5274 7142 2553 
7247 5276 7147 2553 
7249 5277 7149 2554 
7257 5278 7160 2555 
7264 5287 7164 2556 
7268 5290 7164 2557 
7273 5297 7172 2557 
7279 5300 7180 2557 
7286 5305 7190 2560 
7291 5308 7193 2562 
7300 5310 7196 2564 
7303 5314 7198 2565 
7310 5320 7204 2569 
7319 5324 7208 2569 
7322 5328 7212 2572 
7326 5333 7217 2574 
7333 5336 7223 2574 
7339 5340 7227 2575 
7346 5342 7239 2575 
7349 5347 7243 2576 
7352 5350 7249 2581 
7357 5358 7256 2585 
7361 5365 7263 2585 
7367 5367 7269 2586 
7372 5372 7272 2589 
7381 5376 7280 2591 
7388 5379 7285 2593 
7393 5382 7290 2594 
7400 5386 7297 2594 
7402 5391 7305 2596 
7410 5396 7312 2598 
7416 5399 7322 2600 
7418 5402 7332 2601 
7422 5407 7337 2602 
7428 5410 7343 2606 
7432 5416 7345 2606 
7435 5418 7351 2610 
7441 5422 7361 2614 
7446 5430 7364 2616 
7452 5435 7368 2616 
7457 5438 7372 2618 
7463 5443 7374 2618 
7463 5449 7378 2618 
7467 5455 7382 2624 
7474 5458 7384 2625 
7479 5460 7388 2625 
7485 5465 7393 2630 
7490 5470 7402 2633 
7494 5470 7407 2635 
7499 5476 7412 2636 
7511 5478 7418 2639 
7518 5482 7423 2641 
7524 5489 7427 2642 
7531 5496 7428 2645 
7539 5500 7431 2645 
7549 5504 7438 2645 
7553 5509 7441 2648 
7559 5513 7444 2649 
7564 5517 7450 2652 
7570 5523 7459 2652 
7574 5529 7469 2653 
7580 5532 7478 2655 
7581 5538 7487 2656 
7584 5543 7492 2658 
7589 5547 7496 2662 
7599 5554 7506 2667 
7605 5558 7510 2670 
7609 5561 7514 2670 
7612 5567 7520 2672 
7618 5570 7521 2673 
7624 5574 7527 2675 
7631 5577 7532 2677 
7640 5587 7537 2677 
7646 5593 7542 2678 
7650 5595 7545 2680 
7655 5597 7552 2681 
7660 5603 7562 2684 
7667 5610 7566 2685 
7675 5615 7571 2688 
7677 5617 7575 2689 
7685 5621 7578 2693 
7687 5625 7584 2694 
7694 5628 7589 2695 
7696 5631 7591 2699 
7700 5634 7593 2699 
7709 5639 7597 2706 
7710 5643 7608 2707 
7714 5647 7613 2709 
7719 5649 7614 2710 
7723 5650 7621 2713 
7731 5657 7622 2716 
7736 5663 7632 2717 
7742 5665 7642 2720 
7748 5667 7644 2722 
7755 5672 7654 2723 
7762 5676 7656 2724 
7767 5678 7666 2725 
7776 5684 7675 2726 
7783 5686 7679 2729 
7787 5689 7690 2730 
7792 5693 7696 2734 
7797 5698 7699 2735 
7799 5702 7706 2736 
7812 5704 7710 2736 
7816 5708 7711 2740 
7821 5714 7717 2743 
7825 5718 7718 2743 
7830 5723 7724 2746 
7835 5726 7729 2748 
7843 5731 7736 2751 
7847 5738 7739 2752 
7855 5744 7744 2754 
7860 5747 7746 2756 
7868 5751 7755 2756 
7871 5751 7761 2758 
7874 5757 7768 2759 
7878 5763 7769 2760 
7884 5767 7776 2760 
7887 5770 7780 2762 
7889 5772 7784 2765 
7894 5776 7791 2769 
7897 5779 7798 2770 
7902 5786 7803 2775 
7905 5789 7811 2778 
7911 5791 7817 2780 
7915 5792 7821 2781 
7919 5796 7823 2785 
7924 5798 7827 2789 
7931 5803 7832 2791 
7937 5809 7838 2792 
7939 5812 7849 2792 
7944 5815 7853 2796 
7949 5820 7857 2797 
7955 5823 7864 2798 
7959 5825 7869 2798 
7961 5830 7874 2798 
7965 5839 7879 2801 
7970 5843 7883 2802 
7975 5847 7887 2804 
7981 5851 7896 2807 
7986 5854 7901 2810 
7991 5856 7906 2811 
8000 5863 7912 2813 
8006 5867 7917 2813 
8010 5871 7925 2813 
8015 5874 7934 2815 
8019 5880 7936 2820 
8026 5887 7944 2822 
8035 5887 7949 2826 
8043 5890 7952 2828 
8045 5892 7956 2828 
8050 5895 7963 2832 
8062 5901 7966 2834 
8067 5906 7973 2835 
8073 5910 7979 2838 
8078 5916 7986 2839 
8083 5920 7991 2841 
8087 5928 7997 2845 
8091 5931 8006 2846 
8094 5931 8009 2849 
8098 5936 8020 2852 
8103 5941 8023 2856 
8106 5946 8031 2856 
8109 5956 8038 2860 
8110 5959 8042 2866 
8115 5961 8045 2868 
8123 5966 8049 2868 
8127 5967 8055 2870 
8130 5971 8061 2872 
8132 5976 8063 2875 
8138 5979 8066 2875 
8144 5985 8070 2876 
8147 5990 8073 2878 
8151 5993 8079 2879 
8157 5997 8084 2882 
8163 6003 8090 2882 
8169 6007 8098 2887 
8174 6011 8104 2889 
8185 6017 8107 2889 
8189 6022 8120 2890 
8194 6027 8125 2895 
8197 6029 8128 2899 
8202 6034 8134 2901 
8208 6042 8140 2902 
8211 6049 8146 2905 
8215 6054 8153 2905 
8220 6059 8155 2908 
8229 6063 8165 2910 
8236 6067 8171 2914 
8237 6071 8176 2915 
8240 6074 8180 2917 
8245 6078 8184 2918 
8253 6082 8188 2918 
8254 6087 8191 2920 
8258 6090 8195 2925 
8263 6096 8204 2926 
8268 6099 8207 2928 
8272 6103 8216 2928 
8279 6107 8221 2932 
8288 6112 8228 2935 
8292 6115 8236 2937 
8298 6120 8244 2941 
8304 6122 8253 2944 
8310 6123 8257 2947 
8317 6127 8261 2952 
8323 6132 8271 2955 
8329 6135 8277 2955 
8336 6143 8283 2959 
8339 6144 8290 2961 
8343 6147 8293 2968 
8347 6151 8300 2970 
8350 6153 8307 2972 
8355 6160 8310 2976 
8364 6165 8314 2979 
8368 6167 8321 2984 
8378 6169 8326 2984 
8385 6177 8334 2986 
8391 6188 8344 2987 
8395 6192 8349 2987 
8397 6196 8351 2989 
8405 6198 8358 2992 
8410 6199 8363 2992 
8413 6204 8372 2992 
8416 6208 8376 2993 
8419 6214 8383 2995 
8427 6216 8396 2997 
8432 6222 8401 2998 
8440 6227 8404 2999 
8443 6229 8410 3002 
8449 6234 8413 3004 
8457 6236 8417 3005 
8460 6240 8418 3009 
8467 6248 8428 3010 
8471 6248 8436 3013 
8477 6251 8443 3018 
8480 6255 8446 3021 
8485 6259 8454 3026 
8490 6263 8460 3026 
8495 6265 8468 3029 
8500 6269 8471 3030 
8503 6272 8476 3034 
8507 6275 8482 3038 
8514 6278 8491 3040 
8523 6284 8497 3044 
8527 6288 8501 3045 
8534 6295 8506 3048 
8538 6301 8511 3049 
8547 6306 8514 3050 
8554 6311 8523 3053 
8561 6321 8527 3054 
8567 6325 8532 3055 
8570 6326 8537 3055 
8574 6333 8545 3058 
8582 6336 8551 3059 
8585 6340 8557 3064 
8594 6346 8561 3066 
8599 6348 8566 3068 
8605 6356 8570 3069 
8612 6359 8574 3072 
8616 6362 8578 3075 
8618 6364 8582 3075 
8622 6369 8589 3077 
8634 6375 8592 3078 
8637 6379 8597 3080 
8647 6381 8600 3084 
8653 6383 8605 3087 
8662 6389 8611 3090 
8667 6395 8618 3091 
8674 6402 8625 3094 
8676 6408 8632 3094 
8680 6413 8634 3099 
8688 6418 8638 3099 
8693 6420 8640 3102 
8698 6424 8644 3104 
8703 6427 8647 3107 
8706 6431 8656 3108 
8714 6435 8661 3109 
8720 6437 8664 3112 
8724 6439 8672 3114 
8733 6443 8676 3118 
8735 6447 8684 3119 
8741 6452 8691 3119 
8742 6457 8701 3120 
8746 6462 8708 3122 
8749 6468 8714 3123 
8755 6476 8718 3124 
8756 6480 8724 3129 
8766 6488 8730 3129 
8770 6489 8731 3132 
8775 6497 8737 3132 
8778 6501 8741 3134 
8786 6510 8744 3135 
8792 6515 8750 3136 
8793 6515 8760 3138 
8800 6519 8764 3141 
8806 6524 8768 3144 
8812 6529 8773 3146 
8821 6534 8780 3148 
8826 6538 8794 3150 
8830 6539 8798 3151 
8832 6543 8802 3153 
8841 6547 8806 3156 
8852 6549 8807 3158 
8854 6550 8809 3161 
8863 6557 8815 3163 
8871 6562 8821 3164 
8879 6564 8823 3166 
8883 6566 8829 3171 
8889 6570 8834 3173 
8894 6575 8838 3175 
8901 6578 8845 3176 
8904 6582 8851 3176 
8911 6584 8856 3176 
8914 6588 8864 3176 
8920 6592 8870 3177 
8924 6598 8874 3178 
8933 6602 8878 3180 
8940 6608 8883 3184 
8944 6616 8888 3186 
8949 6617 8895 3187 
8956 6622 8898 3190 
8959 6628 8906 3191 
8968 6630 8915 3193 
8970 6634 8920 3194 
8977 6638 8922 3196 
8983 6639 8927 3197 
8989 6642 8935 3202 
8999 6644 8940 3206 
9001 6647 8945 3207 
9006 6651 8952 3208 
9010 6656 8961 3213 
9016 6663 8963 3214 
9020 6666 8967 3218 
9025 6670 8972 3219 
9025 6677 8977 3222 
9032 6683 8983 3225 
9039 6687 8990 3225 
9042 6692 8998 3231 
9046 6693 9004 3234 
9053 6700 9009 3235 
9058 6703 9015 3239 
9064 6706 9020 3241 
9069 6712 9026 3242 
9075 6713 9032 3243 
9080 6718 9037 3245 
9084 6725 9043 3246 
9092 6730 9046 3248 
9099 6736 9050 3250 
9102 6744 9054 3254 
9110 6749 9061 3255 
9113 6753 9065 3256 
9119 6756 9072 3258 
9123 6758 9080 3259 
9133 6762 9088 3259 
9142 6768 9090 3260 
9147 6774 9096 3263 
9158 6777 9100 3263 
9164 6778 9110 3268 
9170 6783 9114 3271 
9173 6789 9123 3273 
9177 6794 9127 3273 
9182 6801 9129 3276 
9189 6806 9136 3277 
9194 6810 9139 3279 
9200 6816 9146 3280 
9209 6817 9151 3282 
9214 6817 9161 3285 
9220 6820 9168 3287 
9224 6822 9177 3288 
9228 6823 9183 3290 
9235 6825 9191 3294 
9236 6829 9196 3297 
9239 6829 9200 3301 
9240 6832 9205 3303 
9248 6838 9211 3306 
9257 6844 9214 3306 
9260 6848 9221 3308 
9267 6852 9229 3310 
9270 6855 9234 3312 
9275 6858 9240 3312 
9278 6859 9243 3317 
9286 6861 9246 3318 
9290 6864 9249 3319 
9294 6866 9252 3321 
9298 6872 9258 3322 
9308 6879 9266 3325 
9311 6884 9273 3326 
9316 6889 9274 3330 
9323 6892 9278 3332 
9331 6898 9286 3332 
9334 6904 9293 3335 
9338 6911 9297 3336 
9339 6914 9304 3338 
9344 6919 9310 3341 
9350 6920 9316 3342 
9358 6924 9321 3342 
9361 6928 9326 3343 
9364 6932 9334 3346 
9368 6936 9341 3346 
9374 6940 9351 3347 
9383 6945 9359 3348 
9390 6951 9368 3351 
9397 6956 9374 3353 
9401 6958 9376 3356 
9405 6960 9382 3357 
9411 6962 9385 3358 
9413 6965 9389 3360 
9422 6971 9401 3362 
9422 6977 9409 3364 
9432 6982 9414 3365 
9433 6988 9416 3368 
9437 6994 9419 3369 
9448 6998 9427 3369 
9455 7003 9433 3373 
9459 7009 9444 3377 
9465 7011 9450 3378 
9471 7018 9460 3379 
9477 7020 9464 3381 
9480 7028 9472 3382 
9484 7033 9480 3384 
9490 7039 9485 3384 
9494 7044 9493 3386 
9503 7049 9501 3388 
9508 7050 9506 3391 
9511 7057 9507 3395 
9514 7062 9514 3395 
9519 7065 9520 3398 
9526 7067 9525 3402 
9532 7072 9529 3402 
9540 7078 9536 3403 
9545 7082 9543 3404 
9549 7085 9547 3407 
9556 7089 9550 3409 
9563 7092 9555 3411 
9568 7092 9560 3413 
9573 7101 9566 3416 
9579 7104 9571 3419 
9584 7111 9578 3423 
9587 7115 9584 3425 
9590 7120 9589 3426 
9593 7124 9592 3428 
9600 7125 9598 3429 
9605 7131 9614 3432 
9609 7139 9620 3435 
9615 7144 9625 3439 
9617 7152 9629 3441 
9620 7153 9633 3444 
9628 7157 9639 3449 
9634 7167 9645 3452 
9641 7170 9650 3454 
9647 7177 9656 3456 
9649 7181 9662 3459 
9654 7185 9667 3461 
9660 7190 9680 3464 
9663 7191 9687 3467 
9671 7194 9690 3471 
9678 7199 9699 3472 
9685 7200 9707 3474 
9694 7204 9713 3475 
9702 7207 9718 3477 
9713 7213 9725 3478 
9716 7216 9731 3479 
9720 7221 9736 3484 
9722 7222 9740 3486 
9727 7230 9748 3489 
9736 7234 9759 3489 
9740 7236 9766 3494 
9745 7242 9771 3497 
9749 7245 9783 3497 
9760 7246 9787 3497 
9770 7248 9792 3500 
9774 7252 9797 3502 
9776 7254 9799 3504 
9784 7258 9806 3506 
9793 7260 9813 3508 
9799 7262 9817 3509 
9805 7268 9819 3510 
9807 7271 9831 3513 
9811 7276 9837 3517 
9815 7279 9842 3519 
9822 7281 9845 3519 
9831 7285 9850 3521 
9837 7288 9856 3523 
9839 7293 9859 3525 
9841 7296 9865 3527 
9844 7300 9872 3527 
9853 7306 9880 3530 
9859 7309 9890 3532 
9862 7315 9895 3535 
9865 7320 9902 3538 
9867 7324 9910 3539 
9872 7330 9913 3543 
9876 7335 9917 3543 
9887 7342 9922 3544 
9889 7344 9928 3545 
9896 7350 9933 3546 
9900 7354 9937 3548 
9902 7356 9946 3548 
9907 7365 9953 3550 
9914 7368 9960 3553 
9922 7369 9964 3554 
9930 7375 9973 3554 
9935 7380 9979 3557 
9938 7383 9984 3559 
9946 7386 9989 3563 
9950 7395 9997 3566 
9954 7398 10004 3567 
9959 7407 10009 3571 
9963 7415 10012 3572 
9970 7419 10020 3573 
9978 7423 10024 3575 
9980 7430 10026 3576 
9981 7432 10030 3578 
9984 7436 10036 3579 
9994 7440 10045 3581 
10001 7447 10049 3581 
10006 7449 10057 3583 
10009 7452 10061 3584 
10018 7457 10068 3585 
10025 7459 10074 3585 
10033 7459 10077 3589 
10038 7463 10083 3593 
10041 7469 10087 3593 
10050 7471 10094 3596 
10053 7475 10101 3596 
10057 7481 10109 3597 
10063 7486 10111 3602 
10069 7490 10118 3605 
10071 7491 10120 3606 
10077 7496 10127 3610 
10082 7500 10131 3610 
10089 7508 10137 3613 
10095 7512 10146 3614 
10105 7519 10153 3615 
10110 7523 10157 3615 
10117 7526 10161 3619 
10122 7528 10168 3623 
10128 7532 10174 3626 
10133 7533 10180 3627 
10136 7536 10187 3627 
10143 7538 10195 3628 
10154 7544 10201 3631 
10161 7546 10205 3634 
10166 7550 10215 3635 
10173 7556 10220 3637 
10177 7559 10228 3637 
10183 7565 10236 3639 
10196 7566 10241 3644 
10198 7567 10249 3645 
10208 7572 10255 3647 
10213 7574 10262 3651 
10217 7576 10268 3653 
10222 7577 10272 3656 
10228 7581 10275 3658 
10230 7581 10280 3658 
10235 7585 10285 3659 
10237 7593 10289 3660 
10243 7596 10293 3661 
10247 7601 10299 3663 
10250 7603 10303 3664 
10254 7606 10307 3665 
10258 7609 10313 3668 
10261 7612 10319 3670 
10266 7616 10329 3673 
10273 7621 10334 3675 
10277 7632 10344 3676 
10284 7637 10351 3678 
10292 7644 10360 3679 
10297 7648 10366 3680 
10305 7651 10376 3683 
10310 7657 10384 3683 
10318 7662 10390 3685 
10329 7664 10393 3688 
10334 7666 10398 3691 
10339 7668 10405 3693 
10348 7672 10409 3694 
10354 7676 10415 3698 
10358 7682 10417 3700 
10363 7684 10429 3702 
10368 7689 10437 3705 
10375 7693 10441 3706 
10378 7699 10447 3707 
10383 7705 10455 3710 
10386 7708 10460 3714 
10392 7712 10464 3717 
10399 7717 10468 3717 
10403 7720 10475 3717 
10412 7726 10482 3719 
10418 7730 10490 3721 
10426 7733 10501 3722 
10431 7738 10508 3723 
10439 7748 10513 3724 
10444 7749 10518 3724 
10456 7750 10521 3726 
10460 7751 10522 3728 
10465 7753 10528 3728 
10471 7757 10531 3731 
10474 7763 10537 3733 
10478 7767 10544 3733 
10488 7769 10549 3736 
10491 7771 10560 3738 
10495 7776 10565 3739 
10502 7780 10570 3740 
10503 7785 10576 3742 
10508 7789 10581 3745 
10511 7793 10585 3748 
10516 7799 10591 3752 
10521 7806 10596 3754 
10525 7808 10601 3755 
10528 7811 10609 3759 
10532 7815 10617 3761 
10537 7816 10622 3762 
10550 7825 10628 3767 
10558 7828 10633 3769 
10567 7828 10640 3772 
10570 7830 10645 3776 
10576 7832 10655 3779 
10583 7834 10662 3781 
10588 7836 10667 3781 
10596 7845 10674 3787 
10602 7847 10680 3794 
10603 7853 10683 3798 
10610 7864 10689 3800 
10616 7866 10691 3805 
10625 7871 10696 3807 
10629 7876 10702 3808 
10640 7879 10711 3814 
10643 7884 10713 3818 
10648 7886 10720 3823 
10658 7893 10724 3826 
10661 7899 10728 3827 
10667 7904 10741 3828 
10671 7910 10749 3828 
10673 7917 10758 3828 
10680 7920 10765 3831 
10684 7929 10770 3836 
10688 7933 10772 3838 
10694 7938 10782 3843 
10700 7941 10785 3846 
10704 7945 10789 3847 
10713 7949 10796 3849 
10719 7959 10803 3849 
10727 7961 10810 3850 
10730 7966 10817 3852 
10737 7970 10819 3853 
10744 7970 10825 3853 
10750 7972 10831 3855 
10754 7974 10840 3858 
10762 7978 10845 3858 
10771 7984 10847 3861 
10780 7988 10850 3863 
10786 7989 10853 3868 
10795 7996 10859 3869 
10801 7998 10861 3872 
10811 8003 10870 3873 
10817 8009 10875 3878 
10823 8017 10877 3879 
10828 8019 10881 3882 
10843 8020 10886 3883 
10852 8028 10901 3883 
10856 8030 10903 3883 
10860 8035 10914 3885 
10865 8039 10920 3888 
10869 8045 10927 3888 
10875 8047 10929 3893 
10878 8052 10932 3893 
10883 8055 10941 3896 
10893 8056 10947 3900 
10899 8060 10955 3904 
10909 8065 10961 3905 
10913 8068 10966 3905 
10918 8071 10970 3907 
10921 8074 10974 3907 
10927 8078 10983 3908 
10929 8082 10987 3908 
10935 8088 10993 3910 
10941 8096 10997 3912 
10944 8100 11003 3914 
10952 8104 11011 3916 
10959 8105 11021 3920 
10962 8110 11028 3925 
10968 8115 11036 3926 
10974 8117 11046 3930 
10978 8121 11051 3935 
10982 8126 11062 3936 
10986 8131 11067 3937 
10992 8136 11074 3942 
10995 8140 11081 3944 
11003 8146 11082 3946 
11010 8151 11084 3946 
11015 8156 11091 3948 
11016 8158 11096 3951 
11024 8162 11103 3952 
11028 8169 11111 3956 
11037 8171 11116 3959 
11041 8171 11122 3961 
11044 8178 11128 3962 
11049 8180 11132 3965 
11056 8182 11137 3965 
11062 8186 11145 3969 
11066 8186 11151 3972 
11071 8189 11159 3977 
11075 8194 11165 3977 
11082 8203 11171 3978 
11085 8204 11181 3981 
11088 8210 11188 3983 
11093 8218 11192 3985 
11098 8222 11203 3987 
11105 8226 11209 3988 
11111 8232 11215 3989 
11117 8237 11222 3989 
11121 8240 11231 3990 
11123 8244 11237 3992 
11130 8252 11241 3993 
11134 8254 11249 3999 
11138 8256 11251 4002 
11140 8261 11252 4004 
11145 8267 11261 4006 
11148 8271 11265 4006 
11149 8273 11269 4010 
11153 8277 11272 4011 
11157 8277 11280 4013 
11163 8283 11288 4016 
11170 8287 11294 4019 
11171 8290 11300 4021 
11179 8296 11303 4023 
11187 8297 11309 4027 
11189 8299 11317 4028 
11200 8302 11324 4029 
11206 8304 11332 4031 
11213 8306 11337 4031 
11220 8310 11344 4034 
11226 8313 11351 4035 
11229 8316 11358 4038 
11237 8319 11362 4042 
11240 8323 11369 4044 
11247 8329 11374 4044 
11249 8336 11375 4044 
11254 8344 11381 4044 
11262 8348 11385 4045 
11267 8356 11389 4046 
11269 8361 11394 4049 
11272 8364 11403 4052 
11278 8371 11411 4057 
11283 8378 11417 4058 
11286 8383 11420 4061 
11294 8388 11427 4062 
11301 8393 11437 4066 
11308 8399 11443 4071 
11315 8400 11448 4072 
11323 8405 11452 4073 
11329 8411 11457 4077 
11336 8417 11464 4080 
11341 8418 11473 4082 
11347 8423 11478 4082 
11359 8428 11482 4082 
11362 8434 11490 4083 
11368 8439 11496 4084 
11376 8444 11505 4085 
11380 8452 11508 4086 
11383 8458 11514 4087 
11387 8462 11515 4088 
11392 8466 11520 4090 
11398 8468 11525 4091 
11403 8474 11530 4091 
11405 8480 11536 4092 
11414 8482 11540 4096 
11422 8487 11550 4098 
11427 8493 11551 4100 
11428 8499 11558 4102 
11434 8505 11561 4105 
11435 8510 11564 4106 
11441 8515 11569 4106 
11445 8517 11572 4108 
11449 8520 11575 4110 
11452 8531 11586 4116 
11455 8536 11592 4119 
11459 8538 11598 4123 
11464 8544 11605 4126 
11470 8547 11608 4128 
11478 8552 11614 4131 
11482 8556 11618 4132 
11492 8561 11627 4133 
11497 8564 11630 4136 
11507 8567 11637 4137 
11514 8574 11644 4138 
11522 8581 11648 4139 
11528 8584 11657 4139 
11537 8590 11660 4143 
11544 8600 11664 4143 
11548 8603 11669 4145 
11553 8607 11672 4147 
11557 8613 11682 4151 
11558 8618 11687 4152 
11562 8624 11694 4152 
11567 8630 11701 4152 
11571 8632 11713 4154 
11578 8637 11723 4157 
11583 8642 11729 4160 
11588 8647 11735 4164 
11594 8652 11740 4164 
11603 8657 11748 4167 
11608 8661 11751 4170 
11612 8665 11759 4170 
11618 8671 11765 4175 
11623 8674 11771 4176 
11626 8681 11772 4180 
11634 8682 11778 4182 
11637 8687 11783 4183 
11643 8688 11789 4184 
11647 8692 11796 4186 
11655 8696 11801 4189 
11660 8700 11807 4191 
11664 8705 11814 4191 
11672 8710 11820 4192 
11674 8712 11825 4193 
11681 8716 11834 4195 
11685 8717 11836 4196 
11689 8722 11843 4199 
11696 8726 11849 4202 
11705 8731 11854 4204 
11710 8734 11857 4208 
11717 8740 11864 4208 
11729 8743 11868 4212 
11732 8750 11871 4213 
11741 8753 11877 4216 
11744 8755 11883 4217 
11751 8761 11886 4220 
11760 8765 11892 4221 
11766 8768 11900 4222 
11776 8771 11905 4222 
11783 8776 11913 4224 
11787 8780 11923 4227 
11792 8785 11929 4230 
11796 8790 11934 4232 
11810 8799 11944 4233 
11817 8804 11951 4235 
11824 8805 11957 4239 
11826 8810 11960 4241 
11832 8816 11968 4242 
11836 8818 11978 4244 
11840 8828 11984 4246 
11850 8834 11989 4249 
11858 8842 11993 4251 
11864 8847 12003 4252 
11869 8850 12007 4252 
11874 8855 12015 4258 
11882 8860 12021 4259 
11885 8861 12031 4261 
11888 8866 12037 4263 
11890 8870 12042 4271 
11896 8876 12046 4275 
11900 8881 12051 4277 
11908 8885 12056 4279 
11911 8891 12061 4281 
11915 8896 12065 4282 
11922 8899 12072 4283 
11927 8905 12073 4284 
11931 8914 12077 4289 
11936 8919 12081 4291 
11940 8921 12084 4294 
11948 8924 12088 4298 
11955 8927 12093 4298 
11958 8932 12103 4300 
11962 8936 12106 4303 
11965 8944 12112 4304 
11968 8948 12121 4307 
11980 8954 12129 4307 
11986 8957 12132 4308 
11995 8962 12141 4309 
12003 8966 12145 4310 
12008 8972 12153 4313 
12017 8979 12159 4314 
12022 8987 12165 4317 
12024 8992 12170 4319 
12032 8994 12179 4321 
12043 9000 12183 4323 
12048 9002 12188 4325 
12052 9008 12193 4326 
12057 9014 12203 4328 
12068 9017 12207 4329 
12071 9020 12213 4333 
12076 9021 12219 4336 
12082 9024 12223 4339 
12086 9026 12226 4341 
12091 9032 12232 4344 
12096 9036 12237 4346 
12103 9041 12243 4348 
12106 9046 12244 4349 
12117 9048 12249 4351 
12129 9051 12253 4353 
12137 9056 12258 4357 
12144 9058 12265 4358 
12148 9061 12269 4359 
12154 9066 12275 4363 
12157 9069 12282 4363 
12166 9072 12283 4364 
12172 9075 12290 4367 
12179 9083 12298 4367 
12189 9084 12305 4367 
12195 9085 12310 4368 
12202 9091 12316 4371 
12210 9092 12322 4372 
12215 9099 12330 4375 
12218 9105 12341 4375 
12220 9109 12347 4380 
12226 9115 12349 4382 
12233 9120 12364 4384 
12237 9128 12370 4386 
12244 9136 12379 4387 
12249 9139 12383 4389 
12256 9145 12393 4389 
12264 9148 12401 4390 
12270 9149 12405 4394 
12282 9158 12411 4396 
12283 9163 12414 4399 
12288 9166 12419 4400 
12295 9173 12421 4405 
12299 9177 12429 4405 
12309 9181 12435 4408 
12313 9186 12445 4410 
12317 9192 12450 4412 
12320 9197 12459 4416 
12328 9202 12462 4418 
12328 9208 12467 4421 
12338 9211 12478 4424 
12344 9216 12486 4425 
12346 9224 12490 4425 
12348 9230 12494 4427 
12354 9237 12501 4430 
12357 9242 12505 4433 
12364 9246 12512 4435 
12371 9247 12518 4437 
12375 9254 12523 4437 
12381 9259 12525 4438 
12388 9269 12530 4438 
12394 9276 12538 4439 
12400 9283 12553 4443 
12404 9289 12557 4446 
12411 9293 12563 4448 
12413 9299 12567 4451 
12417 9304 12574 4456 
12424 9308 12579 4459 
12432 9314 12584 4464 
12441 9314 12590 4466 
12448 9319 12592 4468 
12454 9323 12601 4468 
12459 9326 12603 4469 
12468 9329 12610 4469 
12475 9334 12616 4471 
12479 9340 12622 4473 
12487 9341 12627 4477 
12497 9347 12635 4480 
12500 9350 12639 4481 
12510 9352 12642 4483 
12512 9357 12646 4484 
12514 9361 12649 4484 
12519 9366 12655 4488 
12524 9369 12662 4492 
12528 9374 12666 4494 
12534 9380 12673 4496 
12540 9383 12680 4497 
12548 9388 12687 4500 
12551 9393 12695 4500 
12560 9396 12702 4503 
12563 9400 12708 4507 
12573 9407 12712 4508 
12582 9415 12720 4508 
12584 9421 12723 4509 
12589 9427 12728 4512 
12596 9430 12734 4513 
12597 9431 12740 4514 
12601 9436 12750 4515 
12605 9439 12757 4518 
12612 9442 12762 4520 
12618 9446 12768 4523 
12624 9450 12774 4525 
12631 9452 12781 4526 
12638 9456 12783 4526 
12643 9459 12787 4528 
12645 9462 12791 4530 
12654 9466 12798 4531 
12661 9470 12807 4532 
12666 9473 12810 4536 
12674 9480 12816 4537 
12684 9482 12821 4542 
12687 9485 12829 4547 
12694 9489 12834 4548 
12699 9492 12839 4551 
12702 9494 12845 4554 
12708 9501 12848 4555 
12716 9504 12850 4560 
12721 9510 12856 4562 
12727 9518 12863 4567 
12737 9523 12871 4569 
12742 9530 12874 4569 
12750 9538 12880 4569 
12755 9542 12883 4570 
12762 9543 12885 4571 
12768 9549 12890 4573 
12774 9554 12894 4577 
12776 9557 12899 4579 
12784 9560 12906 4581 
12789 9569 12911 4583 
12792 9570 12914 4584 
12793 9573 12918 4584 
12799 9576 12922 4588 
12805 9582 12929 4595 
12812 9584 12933 4596 
12819 9588 12938 4599 
12820 9592 12940 4602 
12824 9596 12949 4605 
12826 9606 12952 4607 
12833 9609 12959 4611 
12840 9614 12968 4614 
12846 9617 12977 4615 
12851 9621 12986 4618 
12853 9625 12992 4622 
12858 9628 12996 4623 
12867 9630 13004 4628 
12873 9634 13015 4629 
12882 9639 13021 4630 
12888 9640 13022 4631 
12895 9644 13027 4635 
12901 9647 13038 4641 
12905 9655 13041 4644 
12914 9659 13049 4646 
12918 9664 13053 4646 
12925 9668 13057 4646 
12936 9675 13062 4647 
12943 9679 13069 4650 
12944 9682 13073 4651 
12951 9687 13079 4653 
12959 9689 13087 4657 
12963 9695 13090 4657 
12969 9699 13098 4658 
12978 9703 13104 4660 
12987 9706 13111 4662 
12990 9709 13119 4663 
12997 9712 13123 4666 
13005 9719 13130 4667 
13009 9721 13134 4670 
13015 9727 13139 4673 
13017 9729 13143 4674 
13020 9734 13145 4676 
13025 9741 13153 4678 
13028 9747 13161 4681 
13033 9752 13168 4686 
13039 9755 13174 4688 
13049 9760 13182 4690 
13054 9766 13191 4691 
13058 9770 13199 4692 
13063 9776 13202 4695 
13068 9783 13209 4700 
13073 9786 13213 4703 
13078 9790 13218 4704 
13082 9795 13221 4705 
13085 9800 13229 4705 
13091 9800 13236 4707 
13096 9805 13239 4709 
13104 9811 13245 4711 
13111 9814 13251 4713 
13112 9822 13260 4717 
13117 9829 13265 4717 
13119 9835 13269 4717 
13128 9839 13280 4720 
13141 9843 13287 4720 
13146 9843 13291 4723 
13154 9847 13299 4725 
13163 9852 13304 4727 
13167 9858 13311 4730 
13170 9862 13320 4731 
13179 9865 13328 4733 
13187 9873 13335 4736 
13191 9879 13345 4740 
13197 9884 13352 4741 
13199 9887 13358 4743 
13201 9890 13362 4747 
13207 9895 13372 4749 
13209 9899 13378 4752 
13213 9906 13383 4756 
13219 9909 13392 4759 
13222 9912 13394 4762 
13226 9914 13399 4764 
13235 9916 13402 4766 
13237 9922 13413 4770 
13243 9924 13417 4773 
13251 9928 13419 4774 
13253 9936 13425 4776 
13263 9936 13429 4778 
13270 9939 13434 4778 
13277 9942 13440 4779 
13282 9948 13446 4781 
13292 9956 13451 4785 
13294 9960 13455 4788 
13297 9965 13457 4790 
13301 9975 13467 4792 
13304 9978 13467 4793 
13309 9983 13473 4794 
13313 9987 13477 4794 
13322 9989 13483 4796 
13327 9992 13488 4798 
13328 9995 13499 4800 
13332 10002 13505 4805 
13341 10005 13508 4807 
13346 10009 13513 4809 
13352 10013 13517 4810 
13363 10015 13522 4810 
13365 10019 13526 4810 
13370 10021 13530 4812 
13377 10023 13538 4815 
13385 10030 13539 4815 
13391 10034 13544 4816 
13397 10043 13551 4818 
13402 10045 13557 4818 
13412 10049 13561 4824 
13418 10057 13572 4825 
13422 10062 13578 4827 
13426 10070 13582 4829 
13434 10075 13586 4830 
13437 10078 13591 4832 
13437 10081 13596 4836 
13440 10087 13605 4837 
13444 10092 13608 4839 
13452 10093 13613 4841 
13457 10097 13622 4842 
13462 10098 13628 4845 
13468 10103 13633 4848 
13474 10107 13639 4853 
13487 10112 13647 4857 
13490 10117 13654 4860 
13492 10124 13657 4864 
13496 10131 13665 4865 
13503 10134 13674 4867 
13505 10139 13681 4868 
13509 10144 13688 4869 
13512 10147 13694 4874 
13516 10151 13705 4881 
13521 10153 13707 4883 
13529 10164 13710 4887 
13534 10168 13715 4890 
13540 10173 13720 4894 
13552 10176 13728 4897 
13554 10179 13737 4899 
13563 10181 13743 4901 
13568 10185 13746 4902 
13578 10191 13753 4903 
13582 10200 13755 4906 
13586 10206 13762 4907 
13590 10212 13765 4909 
13596 10217 13769 4909 
13602 10223 13772 4911 
13608 10233 13785 4915 
13610 10235 13788 4918 
13620 10245 13795 4918 
13627 10247 13799 4920 
13630 10252 13805 4921 
13636 10255 13810 4923 
13645 10260 13818 4923 
13652 10261 13825 4924 
13659 10266 13827 4925 
13665 10271 13829 4929 
13666 10274 13834 4932 
13677 10275 13837 4933 
13683 10282 13841 4936 
13685 10285 13843 4938 
13694 10289 13851 4940 
13700 10291 13858 4941 
13702 10296 13862 4942 
13705 10301 13864 4944 
13711 10306 13871 4948 
13723 10310 13875 4949 
13727 10314 13882 4949 
13730 10319 13890 4953 
13734 10327 13898 4954 
13737 10330 13904 4958 
13742 10332 13905 4960 
13748 10335 13906 4961 
13751 10339 13914 4968 
13758 10343 13919 4969 
13768 10349 13927 4972 
13770 10353 13929 4974 
13771 10360 13935 4975 
13777 10361 13936 4978 
13778 10365 13941 4978 
13784 10372 13948 4979 
13789 10375 13957 4981 
13794 10382 13968 4981 
13799 10388 13980 4982 
13802 10393 13987 4984 
13805 10400 13993 4987 
13811 10405 13997 4989 
13821 10408 14000 4991 
13831 10410 14006 4993 
13834 10411 14011 4993 
13842 10416 14016 4994 
13857 10418 14019 4995 
13864 10423 14023 4996 
13869 10428 14030 4999 
13879 10432 14037 5002 
13883 10438 14048 5002 
13889 10444 14054 5006 
13893 10446 14059 5007 
13896 10451 14062 5011 
13904 10455 14070 5013 
13908 10457 14073 5015 
13909 10462 14077 5015 
13914 10469 14083 5016 
13922 10472 14090 5017 
13924 10475 14097 5018 
13931 10478 14100 5020 
13938 10484 14103 5021 
13942 10489 14105 5021 
13949 10490 14108 5026 
13958 10496 14114 5027 
13966 10496 14117 5029 
13969 10499 14126 5030 
13974 10503 14133 5034 
13980 10508 14140 5034 
13983 10511 14148 5035 
13986 10517 14155 5037 
13994 10522 14164 5041 
14001 10527 14173 5042 
14005 10534 14183 5045 
14009 10537 14195 5048 
14015 10542 14204 5051 
14021 10545 14207 5053 
14029 10549 14211 5055 
14036 10550 14218 5056 
14040 10552 14221 5057 
14046 10554 14224 5059 
14053 10556 14226 5066 
14054 10560 14229 5068 
14062 10565 14239 5069 
14067 10575 14242 5074 
14072 10578 14244 5077 
14078 10587 14255 5077 
14081 10593 14263 5079 
14087 10598 14269 5081 
14092 10601 14277 5082 
14098 10610 14284 5083 
14103 10614 14291 5086 
14110 10619 14295 5089 
14114 10622 14295 5092 
14117 10625 14299 5093 
14121 10633 14302 5094 
14132 10644 14309 5095 
14138 10645 14318 5099 
14144 10651 14326 5103 
14152 10656 14334 5104 
14164 10660 14338 5108 
14169 10664 14340 5110 
14173 10669 14349 5111 
14183 10673 14353 5113 
14189 10676 14358 5114 
14192 10679 14361 5116 
14199 10684 14368 5119 
14202 10690 14375 5121 
14206 10695 14384 5124 
14213 10696 14385 5126 
14220 10700 14389 5128 
14221 10705 14397 5133 
14224 10711 14405 5135 
14226 10717 14411 5137 
14234 10719 14416 5140 
14238 10723 14425 5141 
14242 10723 14430 5143 
14245 10727 14437 5145 
14252 10733 14441 5147 
14256 10735 14449 5147 
14264 10738 14453 5148 
14273 10741 14457 5153 
14281 10744 14467 5155 
14284 10745 14473 5157 
14288 10748 14480 5158 
14291 10752 14489 5162 
14298 10756 14494 5164 
14301 10760 14498 5165 
14306 10764 14506 5166 
14309 10770 14510 5167 
14313 10772 14516 5168 
14326 10775 14523 5169 
14330 10788 14533 5170 
14334 10794 14538 5171 
14340 10798 14545 5172 
14346 10798 14554 5176 
14347 10802 14559 5179 
14351 10804 14565 5180 
14354 10805 14572 5181 
14359 10814 14581 5183 
14362 10821 14588 5184 
14368 10825 14593 5188 
14374 10829 14597 5191 
14381 10832 14602 5191 
14384 10836 14612 5191 
14386 10841 14617 5191 
14389 10847 14621 5193 
14394 10850 14630 5196 
14401 10855 14637 5199 
14407 10860 14642 5201 
14410 10864 14652 5204 
14415 10869 14658 5205 
14421 10871 14665 5206 
14430 10873 14671 5207 
14439 10877 14674 5209 
14446 10879 14678 5213 
14452 10883 14684 5216 
14457 10886 14689 5216 
14459 10892 14694 5217 
14466 10898 14700 5217 
14468 10907 14707 5220 
14474 10913 14713 5222 
14482 10915 14719 5224 
14488 10920 14728 5227 
14493 10923 14732 5228 
14497 10926 14737 5229 
14503 10928 14744 5231 
14508 10935 14752 5232 
14513 10944 14759 5234 
14521 10950 14767 5236 
14526 10957 14770 5236 
14531 10960 14772 5238 
14537 10965 14778 5239 
14542 10969 14783 5241 
14551 10972 14792 5241 
14554 10981 14798 5243 
14559 10991 14807 5244 
14568 10996 14812 5246 
14578 11003 14817 5246 
14587 11004 14828 5248 
14596 11007 14833 5249 
14600 11015 14840 5251 
14612 11018 14842 5253 
14615 11021 14846 5256 
14617 11028 14855 5258 
14619 11035 14859 5261 
14623 11040 14862 5261 
14629 11044 14867 5261 
14633 11045 14875 5264 
14643 11049 14876 5267 
14648 11052 14880 5268 
14655 11058 14888 5273 
14663 11061 14894 5275 
14667 11064 14897 5277 
14671 11064 14897 5280 
14680 11068 14901 5280 
14687 11071 14910 5282 
14693 11077 14919 5287 
14702 11080 14926 5288 
14710 11086 14932 5294 
14716 11087 14938 5295 
14719 11089 14944 5296 
14726 11095 14952 5299 
14731 11103 14956 5300 
14739 11108 14963 5304 
14747 11111 14969 5305 
14754 11115 14976 5307 
14759 11119 14982 5310 
14765 11123 14988 5312 
14770 11127 14997 5313 
14775 11132 14998 5313 
14782 11137 15004 5317 
14790 11144 15009 5320 
14797 11149 15011 5325 
14805 11156 15015 5326 
14809 11160 15021 5327 
14815 11161 15025 5328 
14818 11169 15036 5332 
14825 11175 15043 5333 
14829 11178 15050 5336 
14833 11184 15056 5337 
14835 11188 15067 5338 
14844 11191 15077 5341 
14849 11196 15081 5343 
14861 11198 15086 5344 
14866 11200 15092 5346 
14870 11201 15097 5348 
14873 11203 15102 5351 
14881 11208 15105 5352 
14885 11211 15112 5354 
14892 11213 15118 5356 
14895 11217 15123 5356 
14897 11221 15129 5358 
14902 11226 15137 5359 
14908 11230 15144 5360 
14916 11235 15149 5361 
14920 11241 15160 5361 
14926 11247 15168 5363 
14932 11248 15174 5364 
14936 11254 15179 5364 
14942 11260 15185 5368 
14948 11266 15189 5370 
14950 11272 15198 5373 
14956 11279 15205 5374 
14966 11281 15212 5377 
14972 11288 15217 5379 
14978 11293 15224 5381 
14984 11296 15230 5381 
14991 11300 15234 5383 
14994 11302 15240 5383 
15002 11303 15250 5384 
15009 11309 15255 5386 
15015 11311 15261 5388 
15018 11314 15266 5392 
15021 11316 15272 5394 
15029 11318 15272 5396 
15035 11325 15277 5399 
15039 11330 15281 5400 
15042 11333 15290 5408 
15048 11339 15298 5412 
15054 11347 15304 5415 
15058 11350 15311 5417 
15061 11356 15317 5420 
15066 11365 15321 5421 
15075 11370 15325 5423 
15083 11372 15332 5430 
15087 11379 15341 5431 
15091 11384 15348 5433 
15100 11389 15354 5435 
15104 11395 15360 5440 
15109 11400 15368 5442 
15114 11402 15372 5442 
15123 11404 15376 5444 
15129 11408 15381 5447 
15136 11413 15385 5449 
15145 11418 15390 5454 
15154 11422 15392 5457 
15159 11427 15397 5458 
15164 11429 15403 5458 
15171 11430 15406 5461 
15177 11432 15409 5463 
15183 11435 15414 5463 
15191 11440 15428 5463 
15194 11445 15434 5466 
15200 11451 15442 5467 
15208 11456 15449 5471 
15218 11460 15458 5475 
15221 11464 15463 5476 
15228 11467 15470 5479 
15232 11471 15474 5479 
15238 11474 15480 5480 
15249 11477 15490 5480 
15261 11481 15497 5480 
15264 11485 15501 5483 
15268 11489 15504 5486 
15277 11491 15514 5487 
15285 11496 15517 5488 
15292 11500 15524 5492 
15299 11505 15535 5492 
15303 11509 15540 5497 
15312 11513 15545 5500 
15318 11518 15551 5503 
15322 11522 15555 5506 
15326 11529 15557 5510 
15329 11530 15563 5515 
15337 11534 15571 5517 
15347 11539 15577 5519 
15351 11543 15587 5519 
15356 11545 15592 5520 
15360 11551 15603 5525 
15363 11555 15610 5531 
15371 11559 15612 5531 
15377 11565 15618 5533 
15382 11569 15619 5535 
15386 11572 15622 5537 
15393 11573 15630 5540 
15394 11575 15642 5544 
15400 11579 15654 5546 
15407 11587 15662 5547 
15414 11591 15669 5548 
15424 11600 15676 5549 
15428 11603 15678 5549 
15434 11607 15687 5550 
15438 11614 15692 5551 
15442 11616 15698 5554 
15452 11618 15706 5554 
15460 11621 15708 5554 
15464 11627 15714 5557 
15467 11627 15719 5558 
15473 11633 15722 5560 
15479 11635 15736 5563 
15483 11638 15740 5565 
15490 11640 15751 5566 
15492 11644 15762 5567 
15495 11648 15766 5570 
15499 11652 15773 5573 
15506 11662 15778 5575 
15513 11668 15783 5578 
15521 11672 15789 5581 
15523 11675 15793 5581 
15526 11684 15798 5583 
15528 11690 15803 5585 
15531 11696 15805 5589 
15540 11700 15807 5590 
15544 11704 15811 5590 
15546 11710 15819 5590 
15551 11716 15828 5590 
15560 11718 15834 5592 
15567 11724 15840 5597 
15573 11729 15845 5599 
15579 11731 15851 5602 
15581 11735 15854 5604 
15585 11739 15864 5604 
15589 11741 15868 5606 
15591 11747 15872 5609 
15601 11749 15877 5610 
15606 11751 15886 5612 
15609 11755 15892 5615 
15619 11764 15897 5616 
15623 11768 15903 5618 
15625 11774 15909 5618 
15631 11778 15913 5619 
15636 11782 15920 5619 
15645 11786 15922 5623 
15653 11790 15926 5624 
15657 11792 15928 5626 
15661 11793 15935 5627 
15665 11799 15944 5627 
15672 11801 15955 5629 
15680 11807 15965 5633 
15684 11812 15969 5637 
15693 11816 15973 5639 
15698 11823 15978 5640 
15704 11830 15988 5641 
15713 11837 15991 5644 
15717 11841 15996 5644 
15725 11843 16004 5646 
15729 11845 16008 5651 
15743 11847 16016 5651 
15750 11850 16022 5651 
15753 11855 16027 5651 
15757 11859 16030 5657 
15763 11863 16039 5659 
15769 11869 16046 5660 
15774 11873 16056 5661 
15782 11883 16059 5663 
15787 11888 16064 5663 
15792 11891 16073 5663 
15797 11894 16081 5667 
15805 11901 16087 5667 
15810 11905 16096 5669 
15818 11913 16104 5669 
15825 11919 16111 5671 
15827 11925 16113 5671 
15835 11927 16116 5673 
15840 11930 16118 5673 
15843 11936 16125 5674 
15847 11942 16130 5675 
15853 11943 16132 5680 
15858 11948 16138 5683 
15867 11949 16144 5685 
15874 11951 16153 5688 
15882 11954 16156 5691 
15890 11961 16165 5694 
15895 11967 16176 5697 
15902 11972 16182 5701 
15906 11974 16194 5701 
15914 11976 16198 5706 
15918 11981 16203 5708 
15922 11986 16216 5708 
15927 11992 16224 5709 
15929 11996 16232 5713 
15933 12001 16239 5713 
15939 12003 16246 5716 
15948 12007 16255 5718 
15952 12010 16260 5721 
15954 12013 16262 5724 
15961 12017 16269 5725 
15967 12023 16274 5726 
15975 12025 16277 5728 
15980 12032 16279 5732 
15981 12035 16287 5733 
15990 12040 16290 5736 
15994 12042 16297 5738 
15999 12045 16302 5739 
16005 12050 16306 5739 
16008 12054 16311 5742 
16012 12059 16319 5744 
16019 12060 16325 5745 
16021 12068 16330 5747 
16028 12072 16336 5748 
16034 12080 16341 5749 
16039 12087 16348 5754 
16045 12089 16354 5756 
16052 12092 16363 5759 
16059 12097 16372 5762 
16069 12100 16377 5763 
16071 12100 16379 5766 
16081 12110 16384 5768 
16088 12115 16388 5770 
16096 12122 16397 5771 
16097 12123 16405 5771 
16102 12126 16412 5773 
16105 12133 16419 5776 
16111 12141 16427 5777 
16113 12150 16436 5777 
16120 12153 16439 5778 
16129 12156 16446 5779 
16134 12160 16452 5785 
16140 12165 16457 5786 
16143 12172 16463 5788 
16148 12177 16468 5789 
16157 12181 16474 5792 
16162 12188 16476 5794 
16169 12193 16483 5795 
16170 12195 16492 5799 
16176 12197 16496 5800 
16181 12202 16501 5803 
16188 12205 16508 5811 
16192 12207 16516 5815 
16198 12210 16522 5816 
16200 12216 16528 5816 
16205 12221 16534 5819 
16213 12225 16543 5822 
16214 12226 16550 5824 
16218 12231 16555 5827 
16220 12236 16563 5828 
16223 12239 16568 5830 
16226 12245 16571 5832 
16232 12251 16579 5835 
16236 12252 16588 5838 
16241 12254 16590 5841 
16251 12258 16598 5846 
16254 12266 16601 5847 
16259 12269 16611 5849 
16265 12272 16614 5852 
16266 12277 16621 5855 
16272 12281 16631 5857 
16278 12285 16636 5859 
16279 12288 16641 5859 
16284 12294 16645 5859 
16287 12299 16656 5861 
16292 12303 16659 5863 
16294 12308 16673 5865 
16299 12311 16683 5866 
16303 12314 16688 5869 
16307 12320 16696 5872 
16313 12325 16703 5875 
16321 12328 16709 5877 
16324 12334 16717 5879 
16331 12337 16729 5882 
16333 12341 16738 5884 
16338 12346 16750 5885 
16343 12351 16759 5885 
16347 12355 16765 5888 
16354 12362 16769 5888 
16365 12364 16773 5889 
16371 12371 16779 5889 
16376 12376 16784 5890 
16380 12381 16788 5894 
16389 12382 16795 5896 
16396 12389 16800 5899 
16405 12395 16812 5903 
16411 12401 16814 5904 
16421 12405 16819 5904 
16427 12409 16823 5908 
16434 12414 16833 5912 
16440 12421 16838 5914 
16444 12432 16845 5915 
16448 12438 16852 5917 
16450 12442 16862 5919 
16454 12448 16870 5922 
16457 12448 16878 5924 
16466 12453 16889 5925 
16468 12456 16894 5927 
16477 12460 16898 5928 
16485 12463 16902 5928 
16490 12469 16907 5930 
16495 12471 16912 5932 
16498 12478 16919 5932 
16503 12483 16924 5935 
16511 12485 16933 5939 
16519 12488 16938 5942 
16522 12493 16943 5944 
16530 12499 16953 5948 
16534 12503 16957 5951 
16541 12509 16962 5955 
16546 12513 16969 5957 
16555 12517 16974 5959 
16558 12521 16980 5959 
16566 12523 16984 5960 
16572 12527 16990 5965 
16579 12532 16994 5967 
16586 12535 16998 5968 
16596 12538 17001 5971 
16597 12539 17006 5973 
16604 12541 17011 5976 
16608 12546 17019 5979 
16620 12551 17023 5983 
16623 12554 17031 5986 
16627 12556 17036 5989 
16635 12562 17042 5989 
16636 12565 17046 5992 
16644 12568 17054 5995 
16648 12569 17058 5995 
16651 12575 17065 5995 
16655 12581 17077 5998 
16662 12587 17080 5999 
16667 12589 17090 6000 
16672 12592 17096 6002 
16678 12597 17098 6002 
16685 12601 17105 6006 
16691 12604 17112 6010 
16697 12609 17121 6013 
16700 12616 17126 6015 
16707 12625 17134 6017 
16712 12631 17142 6020 
16721 12637 17148 6020 
16725 12642 17157 6022 
16730 12648 17162 6025 
16737 12651 17169 6027 
16742 12657 17173 6030 
16747 12660 17178 6034 
16751 12662 17184 6036 
16755 12667 17187 6038 
16756 12671 17191 6039 
16769 12677 17196 6042 
16774 12680 17200 6043 
16780 12682 17207 6043 
16782 12690 17210 6043 
16786 12698 17220 6046 
16794 12699 17228 6051 
16795 12708 17235 6052 
16800 12713 17245 6058 
16811 12716 17249 6058 
16815 12719 17253 6060 
16821 12722 17262 6060 
16829 12729 17268 6065 
16833 12731 17274 6066 
16838 12735 17278 6070 
16843 12741 17289 6070 
16850 12746 17293 6072 
16859 12748 17298 6074 
16862 12754 17304 6076 
16865 12760 17312 6079 
16873 12767 17315 6080 
16878 12770 17321 6084 
16883 12775 17328 6086 
16886 12780 17332 6088 
16894 12787 17342 6089 
16899 12798 17349 6092 
16903 12802 17355 6094 
16914 12806 17364 6095 
16920 12812 17372 6099 
16925 12821 17378 6100 
16934 12827 17386 6103 
16941 12830 17388 6104 
16949 12832 17393 6108 
16953 12838 17401 6110 
16957 12843 17408 6115 
16961 12847 17414 6116 
16966 12850 17418 6119 
16976 12856 17422 6121 
16979 12862 17428 6126 
16988 12867 17436 6129 
16993 12871 17439 6131 
17000 12879 17445 6135 
17006 12886 17449 6137 
17017 12889 17454 6138 
17024 12892 17459 6140 
17028 12897 17467 6140 
17032 12902 17476 6143 
17035 12904 17487 6146 
17037 12908 17494 6148 
17045 12909 17497 6149 
17053 12911 17502 6152 
17061 12912 17507 6152 
17065 12918 17515 6156 
17072 12921 17521 6158 
17076 12926 17524 6158 
17080 12929 17533 6160 
17087 12937 17540 6162 
17094 12941 17546 6163 
17097 12946 17552 6166 
17104 12949 17560 6167 
17112 12951 17567 6171 
17117 12957 17575 6174 
17122 12961 17578 6177 
17131 12965 17585 6178 
17138 12967 17596 6179 
17144 12974 17602 6180 
17153 12981 17606 6182 
17155 12986 17613 6187 
17161 12990 17617 6187 
17167 12991 17630 6189 
17167 12995 17635 6190 
17173 12998 17641 6190 
17178 12998 17646 6193 
17182 13003 17656 6199 
17189 13007 17661 6200 
17193 13009 17665 6202 
17200 13017 17675 6204 
17207 13019 17678 6206 
17213 13019 17680 6206 
17217 13022 17682 6209 
17223 13026 17687 6212 
17228 13033 17690 6215 
17235 13038 17697 6220 
17239 13042 17700 6223 
17246 13050 17706 6229 
17253 13053 17710 6230 
17259 13064 17719 6231 
17265 13068 17728 6233 
17272 13074 17735 6235 
17278 13084 17742 6237 
17285 13088 17753 6238 
17288 13090 17757 6240 
17292 13095 17768 6242 
17299 13097 17771 6243 
17307 13101 17780 6243 
17315 13106 17785 6246 
17321 13110 17791 6246 
17330 13115 17800 6250 
17334 13117 17810 6252 
17339 13121 17818 6255 
17347 13125 17824 6257 
17350 13128 17831 6260 
17357 13133 17837 6260 
17365 13140 17841 6263 
17369 13148 17849 6268 
17375 13151 17857 6269 
17384 13155 17864 6270 
17393 13162 17869 6273 
17393 13167 17877 6276 
17397 13174 17882 6277 
17409 13183 17890 6277 
17414 13187 17895 6277 
17417 13192 17901 6277 
17422 13200 17907 6280 
17427 13206 17917 6283 
17438 13211 17922 6288 
17442 13214 17927 6288 
17450 13217 17934 6291 
17460 13221 17944 6292 
17462 13225 17950 6292 
17464 13232 17960 6293 
17472 13234 17965 6293 
17475 13240 17972 6294 
17478 13247 17979 6294 
17483 13254 17984 6296 
17488 13258 17987 6300 
17497 13264 17992 6305 
17502 13265 18000 6306 
17508 13270 18008 6311 
17513 13276 18014 6312 
17518 13283 18021 6312 
17526 13288 18027 6315 
17529 13294 18035 6315 
17536 13302 18039 6316 
17542 13310 18049 6318 
17544 13316 18059 6322 
17549 13320 18063 6325 
17557 13325 18069 6327 
17564 13328 18080 6327 
17575 13334 18086 6329 
17582 13340 18093 6331 
17587 13348 18100 6334 
17594 13351 18104 6335 
17601 13353 18117 6337 
17606 13356 18123 6339 
17613 13362 18129 6341 
17616 13367 18135 6343 
17620 13373 18141 6349 
17625 13378 18146 6352 
17629 13381 18153 6356 
17637 13387 18159 6361 
17642 13390 18162 6362 
17647 13396 18165 6363 
17660 13405 18171 6365 
17667 13412 18179 6367 
17675 13420 18182 6371 
17681 13424 18186 6373 
17684 13428 18192 6376 
17692 13435 18194 6377 
17696 13438 18199 6378 
17699 13443 18203 6385 
17709 13451 18213 6388 
17719 13455 18218 6390 
17725 13460 18223 6393 
17733 13465 18228 6397 
17741 13469 18235 6399 
17748 13473 18242 6399 
17754 13477 18249 6402 
17763 13481 18252 6403 
17765 13487 18256 6404 
17771 13490 18268 6405 
17781 13496 18275 6408 
17788 13499 18284 6411 
17795 13506 18293 6414 
17801 13509 18300 6416 
17809 13513 18307 6417 
17814 13515 18316 6419 
17821 13519 18320 6420 
17827 13527 18324 6420 
17833 13531 18330 6422 
17835 13534 18336 6424 
17843 13539 18347 6426 
17852 13550 18353 6428 
17856 13555 18360 6430 
17864 13560 18367 6433 
17872 13563 18376 6437 
17878 13564 18382 6440 
17881 13565 18387 6441 
17885 13569 18393 6443 
17889 13576 18398 6444 
17894 13585 18409 6447 
17898 13588 18415 6449 
17904 13598 18422 6450 
17908 13606 18427 6452 
17914 13609 18433 6454 
17918 13614 18440 6460 
17926 13616 18445 6463 
17933 13620 18450 6465 
17938 13623 18454 6469 
17942 13628 18462 6473 
17951 13637 18468 6477 
17955 13638 18472 6482 
17961 13643 18477 6485 
17968 13646 18483 6488 
17972 13648 18490 6488 
17975 13653 18498 6491 
17982 13657 18506 6494 
17986 13664 18512 6497 
17989 13671 18519 6498 
17997 13678 18524 6500 
18004 13680 18533 6502 
18012 13684 18539 6505 
18023 13687 18547 6505 
18030 13688 18554 6506 
18034 13699 18562 6509 
18041 13702 18569 6510 
18049 13707 18572 6512 
18054 13710 18581 6513 
18060 13714 18592 6520 
18067 13719 18598 6522 
18071 13724 18606 6523 
18082 13728 18610 6524 
18090 13732 18615 6524 
18092 13738 18617 6526 
18101 13747 18627 6529 
18107 13749 18631 6531 
18113 13752 18641 6531 
18120 13755 18648 6532 
18130 13758 18658 6532 
18133 13763 18662 6535 
18143 13768 18671 6538 
18147 13776 18674 6540 
18152 13779 18685 6543 
18158 13790 18689 6545 
18162 13792 18696 6546 
18169 13795 18706 6547 
18174 13803 18716 6548 
18179 13811 18721 6548 
18184 13812 18729 6551 
18188 13816 18736 6552 
18195 13818 18742 6554 
18201 13826 18744 6559 
18206 13827 18752 6564 
18210 13829 18766 6565 
18216 13829 18772 6566 
18222 13833 18781 6569 
18227 13835 18790 6570 
18230 13838 18794 6570 
18235 13842 18798 6573 
18242 13846 18804 6574 
18254 13852 18813 6576 
18260 13856 18821 6581 
18263 13859 18829 6581 
18268 13862 18835 6584 
18275 13869 18844 6588 
18283 13871 18848 6590 
18286 13876 18855 6595 
18293 13884 18864 6596 
18297 13888 18873 6602 
18302 13894 18885 6603 
18312 13902 18891 6604 
18315 13909 18894 6604 
18318 13918 18903 6607 
18325 13925 18914 6611 
18333 13931 18916 6613 
18341 13940 18920 6614 
18343 13945 18926 6614 
18351 13950 18931 6617 
18356 13952 18942 6617 
18365 13956 18945 6617 
18369 13961 18950 6621 
18369 13964 18957 6622 
18374 13966 18964 6626 
18379 13970 18965 6630 
18387 13978 18967 6631 
18396 13985 18970 6632 
18406 13990 18971 6633 
18411 13993 18978 6635 
18418 13997 18988 6637 
18423 14002 18995 6641 
18426 14007 19002 6644 
18431 14014 19008 6646 
18444 14017 19017 6646 
18450 14021 19022 6648 
18454 14025 19030 6650 
18463 14028 19035 6653 
18467 14031 19039 6654 
18477 14036 19045 6656 
18482 14038 19049 6659 
18485 14041 19054 6662 
18496 14048 19058 6662 
18503 14053 19065 6663 
18509 14059 19073 6663 
18514 14060 19080 6666 
18518 14063 19088 6668 
18522 14065 19090 6672 
18528 14072 19093 6673 
18531 14078 19098 6675 
18538 14081 19102 6676 
18548 14084 19110 6678 
18552 14088 19119 6679 
18559 14091 19125 6683 
18563 14097 19131 6683 
18567 14106 19137 6685 
18575 14108 19143 6689 
18581 14112 19153 6691 
18586 14116 19160 6694 
18589 14118 19166 6696 
18594 14123 19171 6698 
18601 14128 19181 6698 
18606 14132 19184 6701 
18613 14139 19194 6706 
18617 14145 19200 6709 
18622 14156 19205 6712 
18624 14162 19213 6715 
18631 14169 19218 6717 
18636 14174 19224 6718 
18645 14180 19231 6719 
18653 14183 19238 6721 
18665 14187 19241 6725 
18670 14191 19246 6728 
18675 14193 19249 6729 
18681 14195 19258 6731 
18686 14198 19267 6735 
18690 14199 19274 6735 
18698 14201 19276 6736 
18706 14202 19279 6737 
18712 14206 19287 6739 
18719 14214 19294 6742 
18724 14216 19299 6744 
18728 14216 19304 6746 
18736 14220 19308 6750 
18741 14224 19313 6751 
18748 14231 19319 6755 
18753 14238 19321 6759 
18759 14240 19330 6762 
18764 14244 19334 6763 
18770 14250 19344 6767 
18774 14252 19347 6768 
18786 14255 19358 6770 
18792 14260 19360 6772 
18794 14266 19366 6773 
18800 14272 19374 6774 
18804 14272 19380 6775 
18809 14274 19382 6776 
18814 14279 19390 6778 
18822 14283 19394 6778 
18826 14291 19400 6783 
18832 14295 19406 6784 
18836 14297 19413 6788 
18840 14298 19423 6790 
18847 14302 19432 6792 
18852 14306 19439 6794 
18858 14310 19444 6798 
18865 14314 19450 6803 
18872 14323 19457 6805 
18875 14327 19462 6805 
18884 14332 19467 6808 
18888 14340 19472 6808 
18890 14344 19473 6810 
18895 14348 19481 6816 
18903 14351 19489 6817 
18909 14357 19494 6819 
18917 14367 19500 6820 
18922 14370 19506 6822 
18927 14373 19512 6825 
18930 14378 19518 6828 
18940 14381 19522 6837 
18950 14384 19532 6839 
18958 14394 19542 6839 
18964 14401 19551 6842 
18966 14404 19559 6846 
18969 14407 19564 6848 
18976 14413 19574 6854 
18981 14419 19578 6856 
18988 14424 19583 6857 
18993 14428 19587 6860 
18997 14434 19591 6861 
19005 14440 19597 6862 
19016 14445 19607 6863 
19022 14453 19613 6866 
19028 14457 19617 6868 
19032 14462 19627 6869 
19037 14471 19636 6869 
19041 14471 19639 6869 
19044 14476 19642 6872 
19052 14480 19647 6875 
19057 14485 19655 6882 
19062 14490 19663 6882 
19070 14494 19673 6884 
19074 14500 19678 6885 
19086 14508 19686 6886 
19091 14511 19689 6887 
19093 14519 19691 6891 
19101 14526 19698 6891 
19105 14531 19704 6893 
19112 14536 19716 6894 
19120 14542 19719 6895 
19122 14546 19725 6895 
19127 14553 19737 6896 
19137 14556 19749 6898 
19143 14564 19759 6898 
19144 14569 19775 6898 
19154 14574 19778 6898 
19161 14579 19786 6899 
19167 14586 19794 6899 
19169 14594 19800 6900 
19174 14599 19804 6901 
19180 14602 19810 6903 
19189 14610 19815 6904 
19194 14614 19822 6907 
19203 14617 19833 6908 
19214 14622 19838 6912 
19219 14629 19845 6918 
19222 14638 19851 6921 
19225 14642 19861 6922 
19234 14648 19869 6923 
19240 14650 19875 6923 
19244 14654 19880 6925 
19247 14658 19884 6926 
19253 14663 19893 6927 
19255 14663 19899 6932 
19260 14667 19902 6932 
19266 14673 19909 6933 
19278 14676 19916 6935 
19281 14680 19922 6940 
19289 14684 19923 6942 
19294 14692 19928 6943 
19297 14697 19935 6944 
19306 14705 19944 6945 
19311 14707 19952 6946 
19316 14710 19964 6947 
19322 14713 19967 6950 
19327 14714 19974 6952 
19332 14719 19978 6955 
19344 14725 19981 6960 
19347 14732 19988 6963 
19353 14736 20000 6964 
19359 14742 20003 6969 
19366 14746 20009 6971 
19367 14750 20021 6973 
19375 14758 20028 6976 
19382 14761 20035 6978 
19389 14769 20041 6980 
19394 14772 20045 6981 
19402 14776 20057 6983 
19411 14779 20062 6988 
19417 14785 20067 6990 
19428 14791 20074 6992 
19431 14794 20086 6993 
19434 14800 20096 6996 
19439 14804 20099 6998 
19447 14809 20104 7000 
19455 14810 20111 7002 
19462 14814 20120 7006 
19467 14820 20124 7007 
19471 14826 20131 7009 
19474 14828 20134 7012 
19480 14835 20138 7016 
19485 14838 20145 7022 
19488 14847 20149 7025 
19496 14851 20153 7027 
19505 14856 20161 7030 
19513 14863 20172 7031 
19520 14870 20179 7031 
19529 14878 20188 7033 
19534 14881 20197 7035 
19539 14882 20201 7038 
19545 14891 20208 7038 
19552 14897 20212 7039 
19559 14901 20221 7041 
19564 14906 20228 7043 
19569 14907 20237 7046 
19574 14910 20243 7049 
19578 14918 20247 7054 
19583 14924 20251 7057 
19591 14928 20259 7060 
19596 14930 20262 7064 
19602 14934 20272 7065 
19607 14938 20275 7067 
19613 14941 20280 7068 
19620 14944 20287 7069 
19627 14950 20290 7071 
19634 14953 20299 7075 
19638 14954 20306 7076 
19649 14955 20313 7077 
19655 14960 20323 7078 
19661 14962 20330 7079 
19668 14967 20333 7081 
19675 14970 20338 7083 
19677 14975 20347 7086 
19687 14979 20350 7087 
19693 14983 20358 7090 
19700 14990 20365 7091 
19708 14994 20373 7094 
19713 14999 20382 7101 
19717 15004 20385 7102 
19721 15009 20390 7103 
19730 15010 20397 7107 
19733 15014 20400 7107 
19736 15021 20408 7110 
19744 15027 20413 7111 
19750 15035 20422 7113 
19757 15040 20426 7113 
19766 15044 20428 7117 
19772 15046 20431 7118 
19777 15051 20437 7119 
19787 15052 20442 7121 
19789 15058 20445 7127 
19798 15061 20450 7128 
19807 15065 20454 7131 
19812 15070 20466 7133 
19815 15071 20474 7135 
19822 15080 20481 7139 
19830 15083 20488 7143 
19837 15086 20493 7146 
19843 15095 20499 7147 
19848 15098 20503 7153 
19853 15102 20516 7153 
19857 15104 20521 7155 
19864 15112 20526 7159 
19868 15119 20533 7159 
19877 15126 20539 7160 
19886 15127 20544 7163 
19890 15138 20553 7166 
19898 15141 20559 7167 
19903 15147 20561 7168 
19911 15153 20566 7171 
19915 15159 20572 7172 
19920 15162 20579 7173 
19930 15164 20585 7176 
19936 15170 20589 7178 
19942 15176 20598 7184 
19949 15179 20604 7185 
19953 15184 20611 7187 
19958 15191 20619 7191 
19965 15195 20625 7192 
19973 15197 20633 7194 
19978 15202 20639 7198 
19983 15209 20644 7198 
19987 15213 20651 7198 
19993 15219 20656 7199 
19997 15223 20668 7200 
20002 15228 20669 7204 
20010 15232 20679 7207 
20020 15235 20681 7210 
20029 15241 20683 7213 
20044 15245 20688 7215 
20048 15252 20695 7215 
20050 15254 20705 7218 
20054 15259 20708 7220 
20058 15264 20714 7223 
20061 15266 20719 7226 
20066 15275 20723 7226 
20072 15279 20730 7228 
20077 15285 20736 7230 
20083 15291 20741 7234 
20089 15297 20747 7235 
20093 15304 20748 7235 
20097 15312 20755 7238 
20104 15319 20763 7239 
20107 15325 20768 7243 
20113 15328 20772 7244 
20119 15334 20776 7251 
20127 15341 20785 7253 
20138 15348 20795 7255 
20147 15358 20798 7259 
20151 15360 20807 7264 
20158 15365 20818 7271 
20165 15369 20826 7274 
20173 15371 20830 7276 
20181 15377 20834 7277 
20183 15380 20841 7278 
20186 15394 20848 7278 
20190 15397 20850 7282 
20195 15402 20858 7283 
20201 15404 20865 7284 
20209 15415 20873 7284 
20213 15421 20882 7287 
20222 15423 20887 7287 
20232 15426 20891 7292 
20238 15430 20896 7292 
20242 15436 20900 7294 
20248 15441 20906 7297 
20255 15445 20911 7298 
20260 15451 20914 7300 
20266 15452 20921 7301 
20278 15456 20927 7306 
20279 15462 20935 7308 
20282 15466 20941 7312 
20287 15468 20949 7315 
20293 15472 20956 7317 
20299 15479 20964 7319 
20301 15484 20969 7322 
20314 15490 20976 7323 
20317 15494 20981 7323 
20324 15498 20986 7323 
20332 15503 20993 7323 
20335 15507 20998 7323 
20346 15509 21004 7328 
20352 15516 21014 7331 
20356 15523 21018 7335 
20361 15530 21025 7336 
20367 15534 21036 7339 
20375 15537 21046 7343 
20386 15543 21053 7345 
20394 15547 21056 7351 
20405 15554 21061 7353 
20416 15559 21064 7356 
20420 15564 21069 7357 
20425 15571 21076 7358 
20429 15574 21085 7360 
20437 15577 21092 7360 
20442 15580 21099 7363 
20450 15584 21113 7366 
20456 15591 21121 7368 
20458 15593 21124 7369 
20464 15595 21131 7372 
20467 15602 21137 7374 
20474 15608 21141 7378 
20482 15614 21147 7380 
20486 15619 21155 7384 
20490 15624 21163 7385 
20498 15631 21171 7388 
20503 15635 21177 7390 
20507 15640 21181 7391 
20515 15643 21187 7392 
20526 15648 21197 7394 
20531 15653 21207 7398 
20538 15656 21216 7399 
20544 15663 21224 7401 
20549 15668 21229 7405 
20551 15674 21242 7405 
20560 15675 21247 7408 
20566 15682 21254 7409 
20571 15689 21257 7411 
20577 15693 21260 7411 
20589 15701 21273 7411 
20593 15703 21284 7411 
20595 15707 21290 7412 
20601 15711 21299 7414 
20607 15714 21309 7416 
20612 15718 21310 7419 
20620 15722 21324 7423 
20628 15725 21330 7425 
20635 15728 21338 7426 
20639 15730 21350 7430 
20648 15736 21360 7431 
20651 15741 21371 7433 
20659 15749 21378 7434 
20664 15758 21386 7437 
20671 15762 21390 7438 
20677 15765 21397 7446 
20679 15767 21404 7448 
20691 15771 21410 7449 
20700 15776 21417 7454 
20706 15779 21419 7455 
20716 15781 21427 7458 
20724 15788 21434 7460 
20732 15790 21437 7461 
20740 15793 21440 7464 
20747 15797 21445 7466 
20751 15804 21454 7469 
20756 15810 21460 7471 
20762 15815 21470 7474 
20769 15820 21474 7474 
20777 15826 21485 7477 
20783 15833 21490 7479 
20787 15835 21493 7479 
20794 15841 21500 7480 
20803 15846 21507 7484 
20811 15852 21520 7484 
20814 15858 21530 7484 
20820 15862 21536 7486 
20823 15870 21539 7489 
20829 15871 21550 7491 
20836 15876 21555 7493 
20845 15881 21557 7495 
20848 15885 21560 7495 
20855 15890 21568 7499 
20860 15895 21573 7501 
20866 15898 21578 7502 
20870 15903 21584 7505 
20874 15906 21592 7510 
20879 15912 21598 7511 
20881 15918 21602 7511 
20891 15919 21609 7512 
20897 15923 21613 7517 
20902 15928 21620 7519 
20906 15929 21628 7522 
20910 15934 21636 7526 
20918 15935 21646 7527 
20921 15937 21652 7528 
20925 15939 21658 7532 
20931 15945 21668 7535 
20936 15950 21675 7540 
20939 15951 21683 7540 
20945 15955 21687 7542 
20949 15957 21694 7545 
20955 15963 21696 7546 
20959 15965 21704 7546 
20962 15969 21706 7547 
20971 15973 21708 7550 
20976 15977 21717 7552 
20979 15983 21725 7556 
20987 15989 21731 7557 
20993 15992 21743 7560 
21000 15998 21753 7562 
21003 16003 21759 7565 
21007 16008 21768 7566 
21011 16013 21776 7569 
21015 16020 21779 7571 
21024 16021 21781 7575 
21026 16029 21786 7577 
21034 16033 21791 7581 
21042 16040 21794 7583 
21045 16046 21800 7586 
21052 16049 21805 7587 
21058 16054 21810 7590 
21062 16061 21814 7592 
21066 16065 21818 7596 
21075 16070 21824 7596 
21079 16077 21834 7596 
21086 16078 21838 7599 
21095 16081 21841 7601 
21096 16087 21850 7602 
21101 16094 21857 7605 
21105 16099 21866 7611 
21111 16104 21868 7613 
21113 16110 21876 7614 
21121 16116 21881 7615 
21123 16124 21887 7619 
21131 16127 21894 7619 
21140 16134 21897 7620 
21146 16139 21902 7622 
21158 16145 21911 7625 
21163 16150 21914 7630 
21171 16157 21921 7634 
21177 16162 21931 7636 
21183 16166 21936 7638 
21188 16173 21943 7640 
21201 16177 21954 7643 
21205 16182 21958 7644 
21216 16187 21965 7649 
21225 16195 21972 7651 
21230 16198 21977 7655 
21231 16204 21986 7658 
21236 16210 21996 7659 
21240 16214 22003 7661 
21244 16216 22011 7662 
21247 16218 22015 7666 
21251 16225 22020 7667 
21254 16233 22024 7669 
21258 16240 22043 7672 
21267 16247 22049 7674 
21270 16253 22054 7676 
21277 16257 22062 7681 
21282 16259 22068 7687 
21290 16266 22072 7691 
21296 16270 22077 7691 
21299 16274 22080 7692 
21307 16279 22086 7692 
21315 16283 22091 7695 
21322 16289 22107 7699 
21328 16290 22113 7704 
21336 16295 22119 7706 
21341 16298 22125 7708 
21345 16304 22136 7712 
21351 16306 22147 7714 
21358 16313 22153 7715 
21368 16316 22162 7716 
21373 16323 22169 7719 
21378 16329 22177 7721 
21380 16336 22185 7722 
21385 16341 22190 7723 
21392 16346 22198 7725 
21397 16350 22204 7730 
21403 16355 22211 7734 
21410 16360 22218 7737 
21419 16370 22223 7737 
21426 16375 22230 7741 
21433 16379 22239 7745 
21438 16383 22242 7746 
21443 16387 22247 7748 
21450 16391 22254 7749 
21456 16395 22259 7752 
21462 16399 22266 7758 
21468 16406 22270 7761 
21472 16413 22273 7763 
21479 16419 22276 7764 
21490 16425 22285 7766 
21499 16428 22289 7768 
21503 16430 22299 7768 
21509 16440 22305 7771 
21513 16442 22313 7772 
21516 16450 22324 7776 
21524 16453 22329 7779 
21530 16458 22336 7779 
21532 16465 22342 7780 
21536 16471 22350 7782 
21540 16476 22356 7783 
21546 16482 22358 7787 
21558 16489 22361 7791 
21562 16497 22373 7796 
21566 16504 22382 7797 
21568 16511 22390 7799 
21571 16515 22395 7800 
21581 16521 22399 7805 
21586 16523 22407 7805 
21594 16526 22413 7808 
21600 16531 22420 7809 
21604 16541 22425 7810 
21606 16545 22436 7811 
21612 16547 22440 7812 
21618 16551 22447 7814 
21626 16558 22451 7817 
21632 16564 22463 7818 
21638 16569 22472 7822 
21645 16575 22476 7822 
21652 16580 22486 7824 
21659 16586 22494 7825 
21663 16592 22503 7827 
21672 16596 22512 7831 
21681 16599 22515 7832 
21686 16600 22522 7832 
21695 16606 22528 7835 
21702 16610 22532 7839 
21711 16613 22536 7845 
21715 16619 22542 7849 
21718 16626 22548 7849 
21728 16630 22553 7852 
21736 16634 22562 7858 
21741 16637 22568 7862 
21749 16646 22572 7865 
21758 16646 22581 7865 
21764 16654 22591 7867 
21774 16658 22599 7871 
21780 16660 22603 7875 
21782 16667 22606 7877 
21787 16675 22612 7881 
21792 16678 22622 7884 
21800 16682 22634 7885 
21808 16685 22638 7886 
21811 16689 22645 7887 
21815 16700 22651 7891 
21821 16704 22660 7893 
21832 16706 22665 7894 
21834 16714 22668 7897 
21841 16717 22673 7899 
21848 16723 22679 7900 
21851 16730 22690 7904 
21855 16735 22697 7908 
21864 16738 22706 7911 
21869 16745 22712 7913 
21874 16750 22714 7917 
21879 16752 22719 7921 
21889 16759 22725 7922 
21895 16763 22731 7923 
21900 16767 22735 7926 
21907 16774 22736 7928 
21914 16778 22743 7929 
21919 16786 22749 7929 
21925 16789 22756 7931 
21929 16799 22761 7934 
21934 16806 22766 7938 
21944 16810 22770 7940 
21949 16817 22779 7941 
21956 16822 22784 7943 
21963 16825 22793 7946 
21968 16832 22802 7947 
21974 16835 22807 7948 
21979 16840 22818 7950 
21985 16845 22822 7956 
21989 16848 22823 7957 
22001 16854 22827 7959 
22006 16859 22834 7965 
22011 16862 22839 7965 
22020 16866 22844 7966 
22022 16871 22849 7968 
22027 16875 22857 7971 
22034 16876 22863 7973 
22041 16881 22867 7977 
22048 16887 22876 7979 
22052 16890 22882 7986 
22059 16893 22889 7987 
22065 16896 22899 7990 
22071 16906 22900 7994 
22077 16910 22907 7995 
22082 16912 22915 7999 
22087 16915 22919 8002 
22092 16918 22923 8005 
22097 16918 22931 8011 
22104 16927 22936 8012 
22108 16931 22943 8014 
22116 16937 22953 8017 
22123 16942 22959 8019 
22126 16947 22965 8022 
22133 16952 22973 8023 
22142 16958 22982 8025 
22149 16959 22987 8030 
22152 16964 22993 8034 
22162 16968 23009 8036 
22171 16974 23017 8038 
22175 16981 23025 8041 
22181 16991 23029 8041 
22193 16995 23035 8042 
22199 16998 23042 8044 
22206 17004 23045 8047 
22208 17009 23048 8050 
22213 17013 23052 8052 
22213 17021 23056 8053 
22220 17028 23065 8055 
22226 17037 23070 8055 
22228 17042 23078 8056 
22234 17048 23084 8058 
22241 17052 23089 8059 
22246 17053 23094 8060 
22249 17058 23099 8061 
22254 17064 23105 8061 
22260 17067 23110 8064 
22262 17072 23113 8068 
22267 17077 23117 8070 
22277 17082 23129 8075 
22279 17083 23140 8080 
22284 17086 23148 8081 
22285 17089 23153 8081 
22293 17093 23157 8084 
22300 17095 23162 8085 
22310 17099 23173 8086 
22314 17105 23180 8089 
22322 17109 23189 8091 
22331 17113 23195 8092 
