0 0 0 0 
10 1 8 0 
19 6 15 2 
22 9 19 6 
26 13 21 7 
30 14 29 9 
37 15 37 13 
42 20 41 17 
48 23 45 19 
54 24 53 21 
59 33 56 23 
67 37 60 24 
69 40 64 27 
73 44 68 27 
80 44 71 28 
87 45 76 28 
92 52 78 30 
96 57 85 30 
104 62 95 30 
106 67 100 34 
111 68 105 37 
115 71 108 38 
120 71 114 42 
124 73 121 44 
131 75 128 44 
138 77 138 45 
143 80 143 52 
145 84 148 52 
146 87 155 54 
149 88 157 58 
156 91 163 59 
163 96 167 60 
170 101 170 60 
173 104 176 60 
180 108 180 64 
185 112 185 66 
193 117 188 68 
198 121 191 71 
206 126 197 72 
213 128 201 73 
216 137 208 74 
222 140 211 76 
230 145 216 77 
235 149 221 78 
240 153 224 83 
252 157 229 85 
259 158 237 88 
262 161 239 88 
268 162 249 90 
272 163 253 92 
275 165 261 92 
281 169 263 94 
288 172 268 96 
293 176 272 100 
295 177 275 100 
299 181 283 101 
305 187 293 101 
320 192 300 103 
322 195 302 107 
333 198 306 111 
336 203 313 112 
340 206 316 114 
344 209 317 115 
349 218 322 117 
354 223 326 119 
362 232 332 122 
367 235 333 125 
369 237 339 125 
373 242 344 127 
381 247 346 129 
385 250 349 131 
393 252 354 132 
397 260 359 133 
401 262 366 135 
407 266 368 136 
410 271 373 137 
416 276 380 139 
421 276 384 142 
430 279 387 142 
435 282 391 143 
439 289 396 145 
444 297 399 150 
448 301 404 150 
457 304 408 154 
464 308 415 157 
472 316 423 157 
479 319 433 158 
482 322 437 161 
490 325 441 162 
496 331 446 164 
499 335 449 164 
507 340 452 168 
510 345 463 170 
512 350 469 173 
516 351 478 173 
521 358 485 173 
526 361 488 173 
531 365 493 173 
536 370 499 174 
541 374 505 178 
545 377 510 180 
548 378 518 181 
556 381 523 182 
561 382 530 187 
570 384 533 188 
576 389 538 190 
580 393 542 190 
587 398 551 192 
593 400 554 194 
596 402 556 195 
607 406 559 196 
615 409 561 197 
619 413 572 197 
627 417 577 199 
631 423 581 204 
638 428 584 205 
643 430 590 208 
649 433 596 211 
655 434 600 214 
657 437 603 218 
659 439 606 219 
667 442 610 219 
669 447 612 220 
673 452 616 221 
679 455 627 222 
688 462 637 222 
691 467 642 223 
694 475 647 225 
702 478 654 230 
709 482 663 233 
713 485 666 235 
715 490 670 237 
719 495 676 240 
724 499 682 240 
730 500 686 245 
734 504 688 245 
745 508 692 249 
751 514 699 251 
754 517 701 251 
761 526 705 253 
766 531 713 254 
773 535 721 254 
780 541 725 256 
788 541 734 258 
792 544 738 259 
798 548 739 261 
806 550 743 263 
813 552 746 263 
817 554 750 263 
818 559 752 268 
827 562 763 271 
830 566 767 272 
841 570 772 272 
846 574 777 274 
849 576 783 278 
853 579 793 279 
861 582 796 281 
867 582 804 283 
876 583 811 283 
879 585 815 284 
882 587 819 284 
884 592 822 287 
890 594 833 290 
892 599 839 292 
901 603 845 296 
904 607 850 298 
908 610 857 301 
914 612 860 302 
921 614 864 303 
925 617 867 303 
930 619 871 304 
938 628 875 307 
941 632 883 308 
945 634 889 310 
945 635 895 310 
949 638 904 315 
952 641 905 318 
960 644 911 319 
964 648 913 320 
971 650 915 320 
977 655 923 322 
988 658 930 323 
993 663 941 323 
997 668 943 326 
1006 675 947 326 
1014 675 950 330 
1019 677 958 332 
1021 680 968 335 
1025 682 972 335 
1029 688 974 335 
1033 693 977 335 
1039 698 984 336 
1045 701 988 338 
1051 703 993 341 
1058 706 994 341 
1070 709 1005 344 
1078 713 1008 347 
1082 720 1015 350 
1092 723 1017 352 
1099 724 1025 354 
1107 725 1028 356 
1115 728 1029 358 
1119 734 1033 360 
1127 737 1036 360 
1128 737 1039 362 
1130 741 1046 364 
1137 743 1050 365 
1140 746 1056 366 
1144 749 1063 367 
1152 749 1067 369 
1161 749 1074 371 
1166 758 1080 372 
1171 760 1088 374 
1177 767 1093 378 
1182 771 1095 380 
1186 775 1103 382 
1193 783 1108 383 
1199 788 1112 384 
1202 790 1117 385 
1209 793 1120 387 
1218 795 1121 387 
1226 798 1126 389 
1232 800 1131 389 
1237 803 1139 390 
1243 808 1141 392 
1246 811 1145 397 
1250 815 1153 400 
1259 819 1161 403 
1267 821 1163 405 
1273 823 1171 405 
1280 830 1178 406 
1286 836 1182 406 
1291 841 1185 407 
1294 845 1188 407 
1304 847 1194 410 
1309 849 1197 412 
1318 850 1200 418 
1324 855 1204 420 
1333 858 1215 422 
1342 860 1216 426 
1349 862 1223 431 
1354 866 1225 435 
1359 869 1229 437 
1364 870 1231 437 
1372 874 1236 440 
1377 876 1242 441 
1382 879 1243 443 
1387 882 1248 446 
1391 890 1254 446 
1397 896 1260 447 
1402 900 1263 448 
1409 907 1269 452 
1420 911 1272 452 
1422 916 1273 453 
1428 917 1278 453 
1432 918 1284 453 
1437 921 1287 455 
1445 927 1295 458 
1448 932 1297 458 
1454 939 1302 460 
1459 942 1305 463 
1469 947 1308 465 
1475 951 1311 469 
1480 954 1316 469 
1482 959 1324 470 
1488 962 1333 472 
1493 962 1338 474 
1497 964 1342 478 
1504 967 1345 480 
1511 973 1352 480 
1516 974 1360 480 
1518 978 1365 482 
1523 980 1369 482 
1527 984 1373 484 
1530 985 1377 485 
1535 992 1385 486 
1545 995 1389 487 
1546 997 1390 489 
1547 1000 1396 490 
1550 1001 1404 497 
1557 1001 1409 502 
1562 1005 1416 503 
1563 1009 1420 504 
1564 1012 1426 506 
1567 1013 1433 507 
1569 1016 1437 508 
1574 1020 1441 509 
1578 1022 1446 512 
1586 1029 1448 513 
1593 1032 1452 515 
1599 1037 1459 515 
1604 1039 1466 515 
1610 1042 1470 517 
1614 1045 1477 518 
1617 1050 1482 519 
1622 1054 1488 522 
1626 1057 1493 523 
1637 1062 1497 524 
1637 1065 1503 525 
1644 1073 1505 527 
1650 1076 1510 529 
1653 1079 1516 530 
1658 1080 1522 531 
1663 1083 1531 537 
1668 1086 1534 539 
1670 1090 1538 541 
1675 1094 1541 543 
1680 1107 1543 545 
1683 1112 1545 548 
1691 1115 1552 552 
1700 1119 1558 554 
1708 1119 1565 554 
1712 1123 1575 556 
1720 1127 1580 556 
1727 1128 1587 558 
1736 1135 1592 559 
1738 1136 1596 564 
1741 1142 1610 565 
1745 1144 1614 565 
1749 1146 1620 566 
1750 1149 1624 566 
1753 1153 1627 568 
1756 1159 1632 568 
1760 1160 1637 569 
1765 1161 1640 571 
1766 1163 1647 574 
1772 1172 1649 575 
1775 1172 1655 576 
1777 1174 1660 577 
1786 1177 1662 578 
1789 1178 1667 578 
1794 1182 1672 580 
1799 1184 1678 581 
1805 1186 1681 582 
1809 1191 1683 584 
1818 1201 1688 586 
1830 1209 1698 589 
1844 1213 1701 590 
1850 1216 1707 592 
1853 1218 1712 592 
1859 1220 1716 592 
1864 1226 1718 593 
1867 1232 1722 597 
1872 1238 1732 601 
1873 1242 1739 603 
1882 1243 1744 603 
1890 1245 1748 603 
1900 1249 1752 603 
1904 1254 1758 605 
1908 1258 1763 607 
1914 1260 1768 609 
1917 1264 1769 610 
1923 1267 1775 613 
1931 1268 1781 613 
1933 1272 1789 614 
1940 1276 1795 615 
1943 1279 1804 619 
1946 1281 1810 622 
1950 1285 1815 624 
1953 1288 1822 626 
1963 1289 1825 629 
1975 1294 1830 632 
1983 1297 1831 634 
1991 1303 1834 636 
1994 1307 1838 636 
1996 1309 1842 640 
2000 1310 1850 642 
2007 1315 1857 642 
2014 1319 1859 644 
2019 1324 1861 646 
2023 1327 1865 648 
2036 1333 1868 649 
2038 1336 1874 652 
2045 1342 1879 654 
2048 1347 1885 656 
2053 1347 1888 658 
2057 1349 1895 661 
2064 1352 1899 665 
2072 1355 1904 669 
2078 1362 1907 670 
2085 1363 1914 673 
2091 1367 1919 674 
2094 1369 1922 677 
2100 1370 1927 680 
2107 1375 1933 680 
2110 1378 1940 680 
2113 1382 1942 683 
2119 1386 1948 686 
2123 1386 1950 687 
2127 1389 1960 688 
2133 1392 1964 689 
2139 1395 1965 689 
2145 1397 1971 689 
2149 1399 1974 692 
2153 1402 1976 692 
2164 1405 1978 694 
2169 1407 1982 696 
2176 1410 1988 697 
2183 1411 1990 701 
2190 1413 1997 702 
2192 1415 2003 705 
2198 1423 2007 707 
2204 1424 2013 710 
2207 1432 2019 711 
2212 1433 2024 713 
2216 1437 2028 714 
2221 1446 2033 716 
2227 1450 2040 717 
2233 1454 2043 720 
2239 1457 2052 721 
2249 1461 2060 724 
2254 1466 2064 724 
2263 1474 2069 725 
2269 1475 2073 729 
2278 1481 2076 734 
2285 1486 2080 734 
2288 1490 2086 737 
2297 1492 2090 738 
2303 1497 2095 740 
2308 1499 2102 745 
2310 1505 2107 748 
2316 1510 2115 749 
2320 1513 2125 752 
2326 1516 2133 753 
2334 1521 2139 757 
2340 1524 2144 760 
2350 1527 2148 763 
2352 1528 2152 764 
2355 1533 2156 767 
2367 1538 2163 768 
2370 1543 2167 769 
2373 1547 2170 771 
2379 1552 2177 774 
2382 1556 2179 778 
2383 1558 2187 779 
2386 1561 2198 779 
2390 1563 2203 785 
2394 1567 2208 786 
2398 1573 2217 789 
2403 1575 2224 792 
2406 1576 2230 795 
2412 1579 2234 796 
2419 1582 2240 798 
2424 1585 2245 798 
2427 1590 2246 800 
2430 1593 2251 801 
2433 1597 2256 802 
2443 1602 2262 805 
2450 1609 2264 810 
2458 1615 2270 813 
2464 1617 2273 815 
2467 1622 2278 816 
2472 1627 2280 818 
2475 1629 2285 820 
2482 1635 2289 822 
2486 1645 2292 823 
2491 1651 2296 824 
2494 1656 2304 827 
2501 1658 2307 829 
2506 1662 2313 830 
2508 1668 2320 832 
2513 1673 2325 836 
2515 1673 2329 837 
2519 1675 2337 838 
2520 1678 2345 839 
2525 1679 2347 840 
2528 1679 2352 843 
2531 1679 2355 846 
2536 1682 2356 848 
2546 1685 2358 851 
2551 1691 2362 855 
2561 1698 2366 855 
2569 1701 2370 856 
2572 1705 2378 858 
2578 1709 2381 861 
2584 1715 2382 861 
2588 1717 2385 863 
2591 1723 2393 868 
2597 1728 2398 872 
2603 1732 2405 875 
2609 1735 2411 879 
2615 1740 2412 880 
2619 1743 2420 881 
2626 1744 2423 884 
2631 1746 2429 888 
2636 1749 2434 889 
2645 1751 2442 890 
2651 1757 2447 893 
2659 1760 2452 894 
2665 1764 2457 896 
2670 1765 2462 897 
2674 1769 2465 899 
2680 1772 2470 902 
2685 1778 2476 906 
2691 1782 2480 908 
2700 1785 2489 908 
2708 1792 2497 908 
2715 1799 2501 912 
2719 1801 2507 914 
2722 1805 2514 914 
2727 1810 2519 916 
2730 1813 2520 917 
2738 1818 2528 919 
2742 1826 2530 922 
2747 1827 2533 924 
2756 1836 2537 926 
2758 1839 2542 926 
2765 1842 2551 928 
2771 1847 2555 928 
2775 1848 2563 934 
2781 1850 2569 936 
2784 1854 2575 936 
2787 1857 2582 937 
2790 1860 2589 939 
2793 1864 2596 941 
2803 1870 2601 946 
2806 1876 2604 949 
2809 1878 2611 953 
2816 1880 2619 956 
2821 1887 2628 959 
2823 1892 2632 959 
2825 1894 2636 962 
2830 1897 2640 963 
2835 1903 2652 964 
2840 1906 2660 965 
2845 1910 2665 966 
2851 1914 2672 967 
2853 1916 2678 968 
2858 1920 2683 971 
2865 1926 2688 971 
2869 1929 2694 973 
2875 1932 2699 975 
2882 1933 2704 976 
2886 1936 2707 976 
2891 1941 2713 981 
2896 1942 2722 981 
2900 1947 2726 983 
2902 1951 2732 984 
2907 1954 2738 985 
2915 1959 2740 985 
2920 1964 2747 986 
2925 1967 2752 987 
2929 1970 2758 990 
2934 1973 2764 993 
2941 1978 2769 994 
2949 1982 2776 995 
2955 1985 2778 995 
2958 1989 2781 997 
2967 1993 2783 1000 
2973 1997 2789 1003 
2981 1999 2793 1007 
2983 2005 2808 1008 
2991 2007 2814 1012 
2996 2008 2822 1014 
3001 2013 2827 1015 
3004 2017 2836 1017 
3012 2024 2845 1019 
3017 2031 2853 1022 
3022 2035 2861 1024 
3026 2040 2870 1029 
3032 2046 2876 1031 
3044 2053 2881 1032 
3048 2056 2885 1035 
3052 2059 2888 1035 
3059 2060 2891 1039 
3066 2063 2895 1039 
3072 2070 2897 1040 
3078 2073 2903 1041 
3081 2077 2910 1041 
3085 2082 2913 1043 
3094 2084 2923 1043 
3101 2089 2926 1043 
3106 2094 2932 1046 
3112 2103 2936 1047 
3117 2108 2942 1050 
3123 2112 2944 1052 
3127 2117 2949 1056 
3128 2119 2954 1059 
3133 2122 2956 1059 
3139 2123 2965 1060 
3143 2128 2974 1061 
3147 2130 2982 1063 
3149 2136 2986 1067 
3159 2139 2996 1068 
3165 2143 3001 1071 
3169 2145 3008 1072 
3178 2150 3011 1074 
3184 2150 3016 1076 
3189 2152 3022 1077 
3194 2158 3027 1077 
3198 2162 3031 1080 
3202 2163 3035 1081 
3209 2170 3040 1085 
3213 2175 3044 1086 
3220 2179 3046 1087 
3227 2180 3053 1089 
3236 2184 3061 1092 
3240 2190 3063 1096 
3244 2194 3065 1097 
3247 2198 3071 1099 
3256 2202 3080 1100 
3262 2206 3086 1103 
3264 2210 3095 1106 
3268 2211 3097 1107 
3272 2215 3104 1110 
3280 2224 3111 1113 
3282 2231 3116 1113 
3289 2235 3119 1114 
3291 2239 3124 1118 
3296 2246 3129 1119 
3303 2251 3136 1120 
3307 2255 3141 1121 
3316 2258 3145 1123 
3319 2262 3149 1125 
3328 2266 3154 1126 
3330 2269 3163 1131 
3340 2270 3167 1134 
3346 2274 3173 1134 
3357 2279 3176 1136 
3362 2284 3179 1137 
3371 2286 3183 1138 
3376 2289 3189 1142 
3381 2293 3194 1144 
3388 2294 3203 1144 
3394 2298 3206 1149 
3406 2299 3209 1151 
3413 2305 3219 1153 
3418 2307 3226 1155 
3421 2313 3230 1160 
3428 2314 3235 1160 
3435 2315 3240 1163 
3438 2318 3242 1166 
3442 2320 3247 1168 
3446 2322 3251 1172 
3452 2325 3255 1173 
3457 2327 3261 1173 
3462 2329 3265 1175 
3475 2331 3270 1175 
3482 2336 3274 1178 
3488 2341 3279 1180 
3493 2344 3285 1182 
3499 2350 3289 1183 
3507 2354 3293 1186 
3512 2359 3297 1188 
3516 2365 3307 1189 
3517 2367 3313 1192 
3522 2369 3317 1193 
3526 2374 3329 1195 
3531 2378 3335 1198 
3532 2383 3341 1201 
3537 2386 3350 1202 
3545 2391 3356 1206 
3552 2399 3361 1209 
3553 2400 3363 1210 
3557 2406 3370 1214 
3561 2410 3375 1214 
3566 2414 3380 1216 
3570 2417 3383 1217 
3572 2422 3385 1218 
3579 2432 3393 1219 
3583 2434 3397 1222 
3587 2436 3400 1225 
3590 2441 3407 1227 
3596 2446 3411 1228 
3600 2454 3415 1228 
3605 2458 3419 1228 
3609 2461 3422 1233 
3616 2462 3427 1234 
3627 2464 3433 1237 
3634 2467 3437 1239 
3639 2473 3440 1241 
3642 2475 3445 1243 
3648 2478 3449 1245 
3652 2485 3452 1248 
3660 2487 3458 1249 
3663 2489 3463 1252 
3668 2494 3472 1253 
3671 2497 3479 1254 
3677 2499 3485 1257 
3684 2503 3492 1260 
3690 2504 3499 1263 
3698 2508 3504 1265 
3703 2512 3512 1266 
3710 2514 3518 1266 
3715 2518 3521 1268 
3723 2523 3525 1272 
3730 2532 3529 1276 
3737 2538 3534 1277 
3743 2542 3541 1281 
3752 2544 3551 1284 
3757 2545 3559 1285 
3761 2548 3564 1286 
3766 2551 3572 1289 
3769 2560 3574 1291 
3776 2563 3579 1292 
3782 2568 3585 1293 
3787 2573 3590 1297 
3794 2579 3593 1299 
3800 2587 3598 1302 
3803 2590 3601 1303 
3807 2596 3609 1306 
3813 2604 3617 1308 
3820 2610 3627 1310 
3825 2614 3629 1312 
3827 2618 3633 1316 
3830 2621 3635 1316 
3833 2624 3639 1317 
3835 2629 3644 1320 
3845 2632 3647 1320 
3855 2635 3656 1321 
3862 2638 3662 1323 
3864 2645 3666 1327 
3872 2655 3679 1328 
3877 2658 3684 1334 
3880 2660 3689 1337 
3883 2663 3694 1339 
3893 2663 3702 1341 
3899 2666 3708 1342 
3904 2669 3709 1343 
3912 2669 3712 1345 
3919 2675 3721 1348 
3927 2677 3726 1349 
3936 2681 3731 1352 
3941 2686 3736 1353 
3954 2692 3738 1355 
3961 2694 3742 1356 
3964 2704 3744 1358 
3968 2704 3747 1358 
3974 2706 3753 1360 
3977 2707 3762 1362 
3987 2712 3767 1362 
3989 2715 3773 1362 
3992 2719 3780 1365 
3999 2727 3786 1365 
4006 2732 3791 1368 
4012 2734 3795 1370 
4019 2738 3801 1371 
4021 2741 3805 1374 
4029 2745 3812 1375 
4034 2751 3818 1377 
4041 2754 3821 1379 
4051 2756 3825 1380 
4055 2757 3828 1382 
4057 2761 3836 1384 
4063 2768 3839 1384 
4068 2770 3846 1387 
4070 2772 3849 1389 
4074 2778 3854 1391 
4083 2784 3859 1392 
4092 2791 3864 1396 
4095 2799 3868 1397 
4102 2804 3872 1400 
4108 2807 3874 1402 
4113 2814 3875 1406 
4118 2820 3879 1406 
4124 2822 3884 1408 
4133 2826 3893 1409 
4137 2830 3899 1410 
4145 2832 3904 1412 
4148 2832 3910 1414 
4152 2834 3914 1414 
4157 2837 3917 1415 
4160 2840 3923 1418 
4164 2843 3929 1419 
4168 2847 3933 1421 
4170 2851 3935 1423 
4176 2856 3946 1424 
4179 2860 3948 1427 
4184 2864 3954 1427 
4188 2871 3955 1428 
4191 2874 3958 1428 
4200 2877 3966 1429 
4206 2885 3970 1430 
4209 2888 3976 1433 
4215 2892 3981 1435 
4216 2898 3987 1436 
4222 2902 3990 1437 
4226 2906 3996 1438 
4232 2910 4000 1440 
4239 2914 4003 1442 
4243 2918 4008 1444 
4255 2921 4012 1446 
4264 2927 4017 1446 
4268 2935 4020 1446 
4275 2939 4024 1449 
4283 2945 4034 1451 
4285 2950 4042 1452 
4290 2951 4047 1454 
4297 2956 4050 1455 
4303 2962 4056 1458 
4308 2965 4060 1459 
4312 2972 4064 1459 
4317 2979 4071 1461 
4320 2982 4075 1464 
4326 2986 4081 1467 
4329 2991 4084 1471 
4339 2996 4088 1474 
4343 2998 4092 1476 
4353 2999 4095 1480 
4358 3005 4098 1481 
4365 3008 4102 1483 
4369 3009 4105 1484 
4374 3009 4111 1487 
4379 3012 4116 1491 
4387 3016 4119 1494 
4390 3018 4128 1498 
4395 3022 4136 1502 
4400 3029 4138 1504 
4408 3039 4147 1506 
4414 3040 4148 1508 
4417 3044 4154 1512 
4422 3049 4161 1513 
4426 3051 4168 1515 
4430 3052 4172 1515 
4435 3058 4177 1515 
4439 3066 4183 1515 
4445 3069 4188 1518 
4450 3072 4195 1521 
4456 3078 4203 1522 
4460 3081 4211 1523 
4466 3084 4219 1525 
4473 3087 4225 1526 
4477 3092 4230 1528 
4480 3099 4236 1532 
4486 3104 4239 1535 
4491 3107 4247 1536 
4500 3111 4254 1539 
4505 3115 4257 1543 
4509 3120 4260 1543 
4511 3123 4267 1545 
4518 3130 4275 1545 
4521 3134 4280 1547 
4529 3139 4286 1547 
4536 3145 4289 1552 
4543 3147 4297 1553 
4551 3147 4299 1554 
4557 3149 4306 1556 
4563 3156 4313 1559 
4567 3158 4319 1561 
4572 3164 4324 1561 
4579 3168 4328 1563 
4583 3172 4331 1565 
4586 3175 4337 1566 
4589 3182 4344 1568 
4594 3187 4348 1572 
4601 3191 4355 1574 
4607 3195 4358 1576 
4616 3201 4361 1580 
4623 3209 4362 1585 
4626 3213 4364 1586 
4633 3215 4368 1589 
4639 3217 4372 1591 
4645 3222 4376 1593 
4649 3228 4381 1594 
4654 3230 4384 1596 
4662 3236 4389 1600 
4671 3242 4396 1602 
4678 3242 4403 1606 
4685 3245 4404 1606 
4690 3245 4408 1607 
4695 3248 4415 1608 
4698 3258 4421 1610 
4700 3264 4425 1612 
4706 3268 4435 1612 
4712 3272 4445 1612 
4719 3276 4448 1614 
4724 3278 4455 1616 
4727 3283 4460 1620 
4731 3289 4465 1624 
4742 3292 4472 1624 
4747 3295 4478 1627 
4753 3295 4479 1629 
4756 3302 4480 1629 
4759 3307 4485 1631 
4765 3313 4493 1633 
4769 3319 4494 1634 
4772 3323 4501 1637 
4775 3326 4504 1637 
4780 3328 4507 1641 
4787 3334 4514 1641 
4795 3340 4520 1643 
4800 3343 4525 1646 
4804 3345 4531 1648 
4813 3347 4534 1649 
4817 3350 4540 1654 
4822 3354 4544 1656 
4831 3354 4549 1659 
4835 3359 4555 1660 
4839 3364 4562 1662 
4845 3365 4569 1663 
4850 3366 4575 1664 
4852 3368 4585 1666 
4859 3376 4591 1666 
4863 3377 4597 1668 
4865 3382 4602 1670 
4869 3386 4605 1674 
4872 3389 4612 1677 
4878 3392 4617 1679 
4881 3392 4622 1681 
4883 3399 4626 1681 
4886 3405 4631 1683 
4893 3412 4639 1685 
4898 3417 4650 1687 
4903 3419 4652 1688 
4908 3422 4659 1690 
4913 3424 4664 1692 
4918 3426 4667 1695 
4919 3428 4669 1695 
4924 3435 4673 1699 
4937 3439 4676 1700 
4946 3444 4676 1703 
4950 3446 4684 1708 
4957 3454 4688 1711 
4966 3454 4693 1713 
4971 3461 4694 1715 
4977 3470 4698 1716 
4981 3473 4703 1719 
4987 3479 4712 1720 
4992 3483 4719 1721 
4995 3487 4725 1721 
5001 3488 4728 1723 
5006 3492 4731 1723 
5011 3493 4736 1724 
5015 3495 4741 1724 
5019 3499 4745 1725 
5022 3501 4758 1726 
5026 3504 4764 1729 
5035 3507 4774 1730 
5042 3512 4782 1732 
5047 3515 4784 1736 
5052 3518 4791 1738 
5055 3522 4796 1738 
5060 3523 4805 1739 
5068 3525 4813 1741 
5070 3530 4819 1746 
5074 3533 4828 1750 
5078 3536 4831 1752 
5085 3539 4836 1753 
5088 3543 4843 1757 
5089 3547 4848 1757 
5092 3551 4857 1761 
5098 3553 4860 1762 
5108 3555 4864 1763 
5112 3558 4869 1763 
5112 3562 4871 1764 
5116 3568 4875 1766 
5119 3572 4880 1769 
5128 3574 4887 1769 
5131 3581 4893 1771 
5138 3584 4900 1773 
5141 3588 4902 1774 
5148 3592 4913 1775 
5156 3597 4920 1775 
5160 3603 4922 1775 
5168 3606 4925 1780 
5180 3611 4934 1780 
5189 3615 4937 1784 
5194 3617 4939 1786 
5202 3620 4945 1788 
5207 3627 4950 1789 
5217 3635 4954 1789 
5221 3639 4959 1790 
5226 3640 4966 1791 
5232 3646 4971 1791 
5238 3649 4976 1791 
5243 3655 4979 1793 
5249 3658 4984 1797 
5254 3662 4986 1797 
5257 3668 4991 1798 
5258 3670 4995 1799 
5265 3676 5006 1799 
5274 3677 5009 1799 
5279 3681 5015 1799 
5281 3687 5020 1800 
5291 3692 5024 1800 
5298 3694 5027 1800 
5301 3698 5033 1802 
5306 3702 5034 1803 
5312 3704 5040 1805 
5316 3706 5044 1808 
5322 3710 5049 1809 
5327 3716 5057 1810 
5336 3723 5065 1811 
5341 3727 5071 1813 
5349 3730 5078 1816 
5354 3737 5083 1816 
5359 3740 5085 1819 
5364 3746 5095 1820 
5369 3748 5099 1823 
5371 3753 5105 1825 
5372 3757 5115 1827 
5380 3761 5119 1827 
5386 3761 5124 1828 
5388 3764 5132 1830 
5395 3772 5139 1830 
5400 3776 5145 1831 
5408 3778 5150 1834 
5412 3784 5153 1836 
5414 3788 5157 1839 
5421 3791 5165 1841 
5428 3794 5168 1841 
5431 3797 5179 1842 
5437 3802 5183 1842 
5446 3805 5191 1844 
5452 3808 5193 1845 
5461 3808 5198 1846 
5463 3811 5205 1850 
5466 3818 5209 1856 
5470 3820 5213 1856 
5474 3823 5223 1857 
5480 3825 5228 1860 
5485 3834 5232 1862 
5490 3842 5233 1865 
5494 3847 5239 1867 
5498 3851 5243 1868 
5502 3854 5249 1870 
5510 3861 5258 1874 
5514 3864 5265 1875 
5515 3867 5274 1876 
5524 3871 5278 1878 
5527 3875 5283 1881 
5534 3880 5288 1884 
5539 3885 5296 1884 
5543 3888 5299 1885 
5550 3895 5305 1887 
5554 3896 5309 1890 
5556 3897 5315 1891 
5561 3899 5320 1894 
5566 3902 5325 1898 
5571 3906 5330 1900 
5574 3910 5333 1901 
5580 3914 5345 1902 
5583 3919 5351 1903 
5587 3921 5356 1905 
5595 3924 5363 1906 
5599 3929 5369 1908 
5608 3935 5375 1910 
5611 3940 5383 1914 
5617 3943 5392 1917 
5624 3946 5395 1918 
5627 3948 5400 1919 
5629 3950 5404 1923 
5635 3951 5408 1923 
5642 3956 5413 1924 
5646 3959 5415 1924 
5651 3962 5420 1924 
5657 3966 5425 1925 
5661 3969 5433 1927 
5668 3975 5438 1928 
5673 3980 5445 1931 
5678 3985 5455 1934 
5682 3990 5459 1934 
5686 3996 5462 1936 
5690 4001 5467 1938 
5702 4006 5470 1942 
5707 4008 5474 1944 
5713 4012 5484 1949 
5721 4019 5488 1953 
5726 4022 5497 1958 
5739 4024 5501 1960 
5748 4031 5506 1960 
5750 4033 5509 1961 
5757 4040 5516 1962 
5767 4047 5518 1966 
5771 4050 5523 1966 
5775 4053 5531 1970 
5778 4059 5536 1972 
5783 4066 5541 1974 
5789 4073 5543 1976 
5796 4073 5547 1981 
5798 4078 5550 1984 
5801 4081 5555 1987 
5805 4085 5560 1987 
5814 4092 5567 1991 
5817 4096 5570 1993 
5824 4098 5577 1994 
5827 4104 5580 1994 
5831 4106 5586 1995 
5836 4113 5595 1998 
5839 4117 5599 2003 
5845 4122 5604 2008 
5858 4124 5608 2009 
5861 4130 5614 2011 
5867 4133 5621 2015 
5873 4139 5626 2017 
5883 4144 5634 2022 
5892 4149 5639 2024 
5897 4158 5643 2025 
5904 4161 5651 2027 
5906 4164 5658 2027 
5910 4171 5663 2028 
5915 4178 5668 2033 
5921 4179 5674 2033 
5924 4185 5682 2034 
5930 4191 5687 2036 
5934 4195 5695 2037 
5937 4199 5698 2041 
5945 4204 5701 2044 
5948 4207 5710 2044 
5951 4212 5713 2046 
5961 4219 5721 2048 
5965 4224 5726 2052 
5971 4230 5731 2053 
5976 4234 5732 2054 
5983 4239 5737 2055 
5989 4241 5744 2059 
5990 4244 5750 2060 
5998 4245 5753 2064 
6006 4248 5758 2064 
6011 4249 5764 2066 
6012 4253 5773 2068 
6018 4259 5783 2072 
6018 4260 5790 2076 
6023 4262 5799 2078 
6029 4266 5802 2080 
6037 4270 5803 2082 
6039 4275 5809 2084 
6044 4281 5814 2086 
6050 4281 5815 2088 
6054 4291 5822 2089 
6056 4296 5826 2090 
6061 4297 5829 2092 
6067 4301 5836 2095 
6073 4304 5841 2098 
6077 4308 5843 2100 
6081 4310 5845 2104 
6088 4313 5848 2104 
6089 4319 5855 2108 
6095 4322 5859 2109 
6097 4327 5864 2111 
6102 4331 5870 2111 
6107 4339 5874 2114 
6112 4342 5879 2115 
6117 4347 5884 2116 
6126 4351 5889 2116 
6129 4353 5897 2119 
6136 4357 5903 2124 
6140 4362 5908 2125 
6147 4368 5914 2126 
6158 4374 5919 2127 
6166 4378 5925 2130 
6173 4382 5933 2133 
6179 4390 5936 2134 
6187 4395 5937 2134 
6192 4397 5942 2135 
6194 4400 5953 2136 
6201 4404 5959 2137 
6207 4408 5965 2140 
6214 4412 5973 2141 
6223 4416 5979 2143 
6230 4421 5991 2146 
6232 4422 5996 2149 
6240 4429 6000 2152 
6247 4431 6009 2154 
6254 4435 6010 2156 
6258 4438 6013 2160 
6268 4444 6022 2162 
6274 4446 6031 2162 
6278 4449 6031 2166 
6284 4453 6038 2167 
6290 4456 6048 2167 
6298 4460 6051 2170 
6307 4464 6057 2173 
6314 4464 6061 2174 
6318 4469 6064 2176 
6321 4475 6072 2180 
6323 4481 6077 2183 
6327 4487 6082 2185 
6333 4491 6086 2187 
6347 4494 6088 2189 
6354 4499 6091 2189 
6359 4505 6095 2189 
6364 4515 6101 2191 
6372 4518 6109 2192 
6375 4519 6116 2195 
6382 4525 6124 2198 
6387 4531 6130 2198 
6395 4534 6132 2201 
6398 4540 6136 2203 
6400 4542 6142 2204 
6402 4545 6148 2206 
6407 4550 6153 2206 
6411 4554 6163 2208 
6416 4560 6172 2208 
6418 4563 6178 2210 
6422 4567 6185 2212 
6428 4571 6191 2213 
6437 4572 6202 2215 
6443 4576 6207 2218 
6448 4578 6211 2220 
6453 4586 6212 2221 
6459 4590 6217 2221 
6463 4595 6222 2223 
6469 4600 6228 2226 
6470 4601 6231 2227 
6473 4605 6239 2228 
6480 4608 6244 2229 
6483 4613 6248 2229 
6485 4617 6251 2231 
6490 4627 6254 2231 
6496 4636 6255 2235 
6505 4640 6262 2238 
6509 4647 6265 2240 
6518 4652 6273 2241 
6524 4655 6276 2243 
6529 4661 6280 2244 
6534 4665 6283 2247 
6537 4666 6288 2247 
6545 4667 6293 2250 
6553 4672 6298 2251 
6559 4674 6301 2255 
6563 4679 6306 2259 
6566 4686 6318 2260 
6570 4689 6327 2262 
6578 4692 6330 2265 
6584 4693 6336 2267 
6589 4697 6338 2267 
6596 4699 6344 2269 
6598 4701 6348 2270 
6605 4710 6353 2271 
6608 4715 6357 2274 
6615 4717 6361 2276 
6626 4722 6368 2278 
6631 4728 6373 2281 
6640 4728 6382 2282 
6646 4735 6386 2283 
6649 4739 6391 2285 
6651 4741 6400 2286 
6657 4744 6404 2290 
6663 4755 6407 2292 
6667 4759 6414 2294 
6669 4761 6420 2294 
6670 4765 6428 2296 
6678 4771 6430 2299 
6682 4773 6439 2302 
6685 4778 6448 2304 
6689 4783 6456 2304 
6694 4787 6458 2304 
6699 4791 6464 2304 
6706 4796 6468 2304 
6711 4799 6472 2304 
6718 4804 6475 2307 
6721 4807 6480 2314 
6729 4811 6487 2314 
6732 4815 6489 2315 
6735 4818 6491 2317 
6740 4818 6494 2322 
6748 4820 6499 2325 
6757 4826 6504 2326 
6762 4832 6507 2327 
6768 4833 6515 2330 
6771 4835 6518 2332 
6775 4839 6525 2332 
6777 4844 6531 2333 
6788 4848 6535 2333 
6794 4853 6540 2338 
6801 4856 6543 2342 
6805 4861 6547 2346 
6808 4867 6553 2347 
6815 4868 6562 2348 
6826 4870 6565 2349 
6832 4876 6568 2351 
6836 4881 6570 2354 
6837 4886 6577 2358 
6847 4888 6582 2360 
6851 4894 6587 2361 
6856 4896 6595 2363 
6863 4900 6600 2365 
6867 4908 6605 2366 
6871 4911 6610 2369 
6876 4915 6613 2374 
6883 4920 6622 2375 
6885 4924 6629 2379 
6887 4928 6632 2379 
6890 4932 6637 2381 
6896 4934 6639 2388 
6900 4935 6647 2392 
6905 4937 6650 2394 
6911 4941 6655 2395 
6917 4942 6663 2397 
6928 4948 6667 2399 
6934 4955 6667 2403 
6936 4959 6672 2405 
6943 4965 6677 2407 
6949 4970 6686 2409 
6955 4975 6694 2415 
6964 4978 6700 2415 
6971 4985 6707 2418 
6978 4986 6709 2420 
6986 4991 6716 2422 
6992 4996 6724 2424 
7003 5000 6727 2427 
7013 5005 6734 2427 
7021 5009 6739 2427 
7028 5012 6746 2427 
7035 5021 6751 2431 
7041 5027 6756 2432 
7047 5031 6763 2437 
7049 5036 6768 2439 
7055 5040 6771 2441 
7060 5047 6774 2442 
7065 5048 6778 2443 
7071 5054 6783 2443 
7077 5057 6790 2447 
7080 5059 6799 2448 
7084 5062 6804 2449 
7089 5066 6811 2449 
7094 5074 6816 2450 
7095 5078 6821 2454 
7100 5084 6830 2457 
7104 5088 6837 2459 
7109 5093 6843 2462 
7115 5098 6848 2464 
7118 5103 6859 2466 
7127 5105 6868 2469 
7132 5110 6874 2471 
7137 5114 6877 2475 
7141 5115 6879 2476 
7143 5117 6887 2477 
7145 5123 6890 2478 
7150 5127 6900 2479 
7156 5132 6908 2480 
7159 5137 6914 2483 
7162 5139 6922 2486 
7172 5142 6933 2487 
7176 5148 6939 2487 
7180 5149 6942 2490 
7184 5156 6945 2491 
7194 5163 6952 2496 
7199 5163 6957 2499 
7206 5164 6961 2501 
7215 5166 6964 2501 
7217 5167 6969 2503 
7224 5171 6976 2503 
7227 5174 6981 2503 
7231 5177 6991 2506 
7234 5181 6997 2507 
7241 5184 6999 2509 
7243 5188 7005 2514 
7251 5190 7010 2517 
7258 5195 7015 2518 
7264 5197 7019 2519 
7267 5200 7022 2524 
7274 5205 7027 2526 
7281 5209 7033 2527 
7287 5211 7036 2530 
7293 5214 7046 2532 
7295 5219 7053 2535 
7305 5222 7057 2535 
7312 5229 7067 2537 
7319 5233 7070 2540 
7323 5236 7075 2542 
7325 5240 7079 2544 
7330 5243 7083 2546 
7334 5247 7087 2547 
7343 5251 7091 2551 
7349 5254 7094 2553 
7354 5256 7096 2555 
7360 5263 7103 2556 
7363 5266 7105 2558 
7368 5275 7110 2560 
7372 5278 7115 2562 
7376 5281 7120 2563 
7384 5283 7124 2563 
7388 5285 7128 2565 
7397 5289 7133 2569 
7403 5295 7139 2570 
7405 5298 7140 2571 
7408 5302 7146 2574 
7414 5310 7152 2575 
7419 5313 7156 2578 
7424 5319 7167 2580 
7429 5324 7175 2583 
7436 5331 7179 2584 
7440 5333 7182 2585 
7446 5338 7186 2585 
7452 5343 7198 2585 
7456 5347 7201 2585 
7460 5352 7206 2586 
7472 5356 7210 2586 
7477 5362 7217 2588 
7484 5367 7225 2588 
7493 5371 7228 2588 
7497 5374 7234 2589 
7502 5383 7241 2591 
7506 5386 7243 2591 
7508 5394 7248 2593 
7509 5397 7252 2599 
7512 5400 7257 2605 
7513 5407 7260 2608 
7521 5413 7264 2609 
7526 5416 7269 2612 
7531 5420 7274 2616 
7538 5425 7280 2617 
7544 5430 7282 2619 
7550 5437 7285 2621 
7554 5443 7290 2625 
7561 5447 7296 2626 
7565 5450 7301 2626 
7571 5455 7305 2627 
7576 5463 7311 2628 
7585 5465 7322 2628 
7588 5466 7327 2631 
7592 5470 7332 2632 
7595 5473 7334 2635 
7600 5477 7340 2638 
7607 5481 7347 2642 
7614 5487 7355 2644 
7621 5492 7360 2647 
7629 5495 7373 2650 
7638 5496 7374 2655 
7640 5500 7380 2658 
7646 5502 7384 2658 
7648 5507 7387 2660 
7652 5515 7392 2662 
7659 5520 7394 2662 
7665 5527 7399 2665 
7670 5530 7407 2666 
7674 5534 7412 2667 
7679 5540 7414 2670 
7685 5543 7420 2673 
7693 5546 7422 2678 
7701 5554 7428 2682 
7707 5559 7435 2682 
7713 5561 7443 2686 
7721 5564 7450 2687 
7725 5566 7454 2687 
7730 5574 7457 2687 
7735 5580 7462 2688 
7737 5584 7467 2690 
7744 5593 7475 2691 
7750 5595 7480 2693 
7756 5600 7486 2695 
7760 5603 7489 2696 
7764 5607 7496 2700 
7770 5610 7502 2702 
7774 5612 7506 2706 
7784 5613 7508 2709 
7787 5616 7514 2709 
7791 5619 7521 2711 
7795 5623 7529 2712 
7802 5627 7532 2716 
7809 5632 7537 2719 
7810 5638 7545 2722 
7814 5642 7548 2722 
7820 5646 7552 2723 
7824 5649 7557 2723 
7830 5653 7562 2727 
7836 5655 7565 2729 
7841 5659 7572 2732 
7848 5664 7576 2735 
7852 5668 7582 2737 
7856 5673 7586 2738 
7860 5679 7589 2740 
7864 5680 7594 2742 
7868 5684 7598 2744 
7873 5696 7601 2748 
7876 5699 7603 2748 
7881 5704 7608 2749 
7890 5708 7617 2750 
7896 5709 7621 2750 
7902 5715 7630 2753 
7906 5721 7635 2756 
7910 5725 7641 2759 
7914 5730 7646 2761 
7920 5737 7648 2763 
7923 5742 7651 2764 
7930 5746 7658 2768 
7937 5752 7663 2770 
7941 5754 7669 2775 
7945 5756 7679 2780 
7951 5758 7683 2783 
7956 5762 7685 2787 
7960 5768 7692 2790 
7967 5771 7698 2790 
7971 5776 7705 2794 
7975 5777 7712 2796 
7983 5783 7719 2797 
7991 5786 7726 2801 
8000 5792 7729 2803 
8006 5796 7733 2805 
8018 5800 7736 2806 
8024 5805 7741 2811 
8027 5812 7746 2813 
8032 5817 7756 2817 
8033 5821 7762 2819 
8038 5826 7768 2823 
8044 5828 7777 2826 
8046 5831 7780 2828 
8050 5835 7790 2829 
8058 5835 7797 2831 
8065 5840 7805 2832 
8076 5845 7808 2834 
8081 5847 7818 2837 
8085 5850 7821 2839 
8090 5858 7826 2840 
8097 5861 7831 2844 
8102 5864 7836 2847 
8106 5867 7842 2848 
8113 5872 7851 2852 
8126 5876 7857 2852 
8135 5880 7858 2854 
8140 5882 7861 2854 
8148 5884 7864 2856 
8154 5890 7872 2858 
8159 5894 7876 2860 
8166 5899 7879 2863 
8169 5902 7882 2864 
8175 5903 7887 2868 
8181 5908 7892 2869 
8184 5911 7898 2870 
8186 5915 7905 2876 
8192 5918 7906 2880 
8203 5925 7916 2881 
8207 5931 7921 2883 
8210 5933 7927 2884 
8216 5938 7931 2887 
8220 5944 7937 2889 
8227 5947 7943 2890 
8230 5952 7951 2891 
8235 5956 7958 2892 
8241 5958 7960 2893 
8248 5960 7962 2896 
8253 5964 7966 2898 
8258 5965 7969 2899 
8263 5970 7972 2900 
8267 5972 7978 2904 
8274 5975 7980 2907 
8284 5978 7983 2908 
8290 5983 7987 2910 
8293 5991 7998 2911 
8299 5994 8000 2911 
8306 5996 8004 2914 
8311 5999 8009 2916 
8314 6006 8021 2919 
8316 6012 8026 2923 
8322 6019 8027 2924 
8326 6022 8032 2928 
8331 6027 8040 2930 
8333 6028 8051 2932 
8337 6033 8054 2932 
8345 6038 8061 2932 
8352 6046 8067 2934 
8361 6050 8073 2935 
8362 6053 8078 2938 
8367 6060 8083 2938 
8373 6071 8088 2939 
8377 6073 8095 2940 
8383 6077 8098 2942 
8386 6081 8100 2942 
8391 6089 8106 2944 
8398 6093 8108 2945 
8404 6098 8111 2947 
8410 6104 8116 2951 
8417 6105 8120 2957 
8421 6109 8124 2959 
8423 6111 8125 2961 
8432 6120 8131 2961 
8440 6126 8135 2964 
8444 6128 8138 2966 
8451 6134 8140 2967 
8454 6140 8150 2967 
8457 6147 8155 2969 
8461 6152 8159 2972 
8466 6163 8165 2973 
8470 6166 8175 2975 
8477 6174 8179 2978 
8485 6179 8182 2980 
8486 6186 8184 2984 
8491 6188 8195 2989 
8496 6190 8201 2991 
8501 6193 8204 2993 
8505 6196 8210 2993 
8510 6198 8216 2996 
8513 6201 8223 2999 
8517 6207 8227 3002 
8521 6210 8228 3002 
8526 6215 8231 3004 
8535 6219 8235 3006 
8544 6225 8239 3006 
8552 6226 8240 3006 
8559 6230 8251 3009 
8566 6235 8258 3012 
8569 6237 8267 3014 
8574 6242 8275 3015 
8584 6246 8276 3016 
8586 6251 8279 3017 
8591 6252 8285 3019 
8594 6255 8289 3022 
8600 6264 8297 3024 
8606 6268 8303 3028 
8608 6271 8306 3030 
8616 6274 8311 3032 
8623 6281 8316 3033 
8625 6290 8324 3035 
8630 6292 8335 3037 
8634 6296 8343 3039 
8638 6300 8346 3040 
8645 6305 8354 3043 
8651 6308 8361 3045 
8653 6316 8366 3049 
8658 6323 8371 3051 
8663 6324 8378 3052 
8668 6332 8383 3052 
8670 6336 8389 3053 
8676 6341 8392 3056 
8682 6345 8394 3058 
8685 6350 8403 3062 
8693 6352 8411 3064 
8697 6355 8420 3064 
8704 6359 8429 3064 
8706 6364 8438 3066 
8716 6365 8443 3069 
8723 6369 8449 3072 
8727 6372 8453 3073 
8730 6381 8457 3075 
8738 6383 8463 3075 
8740 6387 8469 3076 
8746 6388 8478 3080 
8752 6395 8485 3085 
8757 6399 8490 3086 
8762 6401 8493 3090 
8770 6404 8497 3090 
8773 6407 8500 3094 
8778 6412 8509 3095 
8783 6417 8510 3097 
8784 6421 8515 3098 
8785 6424 8519 3100 
8790 6426 8528 3103 
8796 6433 8537 3105 
8803 6441 8540 3106 
8807 6449 8545 3108 
8809 6451 8551 3108 
8812 6456 8559 3110 
8819 6460 8563 3111 
8824 6463 8569 3113 
8829 6466 8572 3115 
8831 6466 8577 3118 
8838 6471 8583 3119 
8845 6475 8586 3121 
8854 6480 8592 3124 
8856 6484 8598 3126 
8865 6490 8603 3129 
8869 6496 8608 3131 
8878 6499 8615 3133 
8882 6500 8620 3137 
8889 6502 8624 3137 
8900 6504 8629 3138 
8905 6504 8635 3139 
8908 6508 8638 3141 
8910 6514 8642 3144 
8916 6516 8652 3146 
8922 6522 8663 3147 
8932 6528 8668 3148 
8936 6537 8671 3150 
8940 6539 8676 3151 
8949 6546 8687 3153 
8953 6550 8694 3154 
8960 6553 8697 3154 
8964 6557 8705 3157 
8966 6562 8713 3159 
8975 6565 8714 3160 
8978 6567 8722 3162 
8984 6569 8723 3164 
8988 6573 8727 3165 
8990 6580 8731 3165 
8994 6585 8735 3165 
9001 6589 8741 3166 
9006 6593 8747 3166 
9008 6597 8752 3170 
9015 6603 8755 3174 
9015 6609 8759 3175 
9022 6614 8765 3178 
9027 6620 8770 3179 
9035 6625 8775 3180 
9036 6634 8780 3182 
9039 6638 8783 3184 
9046 6640 8790 3186 
9053 6644 8799 3187 
9059 6650 8806 3189 
9065 6655 8813 3192 
9069 6658 8815 3196 
9076 6661 8821 3197 
9080 6664 8826 3199 
9085 6666 8836 3201 
9089 6670 8842 3204 
9098 6672 8851 3206 
9106 6676 8857 3211 
9108 6676 8859 3213 
9115 6681 8867 3214 
9117 6688 8872 3217 
9122 6690 8874 3222 
9126 6693 8878 3224 
9133 6698 8885 3226 
9135 6698 8886 3228 
9142 6710 8887 3228 
9145 6712 8893 3231 
9149 6715 8899 3232 
9152 6722 8903 3233 
9157 6724 8909 3237 
9165 6729 8911 3237 
9169 6732 8914 3242 
9172 6737 8918 3242 
9179 6739 8920 3242 
9184 6744 8927 3242 
9190 6749 8937 3243 
9196 6757 8940 3247 
9199 6759 8947 3247 
9209 6764 8951 3250 
9216 6766 8955 3251 
9222 6770 8957 3254 
9226 6779 8962 3255 
9230 6783 8972 3255 
9240 6787 8978 3257 
9246 6791 8988 3257 
9249 6797 8994 3257 
9255 6801 8998 3258 
9258 6804 9000 3261 
9262 6807 9008 3262 
9267 6815 9010 3266 
9270 6820 9014 3267 
9276 6824 9019 3268 
9276 6829 9021 3269 
9281 6835 9029 3271 
9286 6841 9035 3277 
9290 6844 9042 3278 
9298 6848 9045 3281 
9303 6851 9049 3282 
9306 6854 9053 3286 
9313 6858 9060 3288 
9316 6860 9062 3290 
9320 6863 9068 3291 
9329 6868 9071 3294 
9333 6875 9078 3295 
9341 6879 9083 3297 
9347 6884 9088 3299 
9356 6891 9097 3303 
9364 6892 9105 3310 
9372 6903 9110 3311 
9376 6907 9114 3313 
9380 6909 9121 3313 
9381 6915 9127 3315 
9385 6918 9129 3320 
9390 6922 9135 3322 
9396 6926 9138 3324 
9401 6935 9143 3324 
9408 6939 9149 3325 
9413 6943 9152 3326 
9418 6950 9155 3328 
9423 6953 9167 3329 
9430 6959 9173 3330 
9435 6966 9181 3331 
9441 6970 9185 3332 
9451 6976 9191 3335 
9456 6979 9196 3336 
9464 6986 9201 3337 
9472 6992 9206 3338 
9481 6996 9210 3340 
9487 7001 9212 3345 
9492 7002 9218 3349 
9497 7007 9225 3350 
9504 7011 9229 3353 
9510 7013 9232 3358 
9515 7018 9241 3359 
9520 7021 9244 3361 
9524 7027 9252 3363 
9533 7029 9257 3366 
9538 7030 9261 3367 
9544 7033 9271 3368 
9550 7038 9276 3368 
9554 7047 9284 3370 
9565 7051 9291 3372 
9569 7054 9296 3375 
9574 7058 9301 3377 
9579 7062 9306 3380 
9585 7070 9310 3382 
9594 7071 9316 3383 
9596 7077 9324 3384 
9599 7086 9329 3385 
9600 7088 9335 3389 
9605 7091 9339 3391 
9609 7097 9345 3393 
9611 7105 9352 3397 
9613 7111 9358 3399 
9619 7113 9365 3402 
9625 7117 9369 3403 
9630 7119 9378 3403 
9634 7124 9385 3403 
9640 7125 9391 3408 
9647 7129 9399 3410 
9651 7130 9408 3410 
9656 7131 9417 3411 
9664 7134 9421 3412 
9670 7142 9425 3414 
9672 7145 9431 3417 
9675 7153 9437 3421 
9685 7155 9439 3423 
9694 7165 9444 3425 
9699 7173 9448 3425 
9700 7179 9452 3427 
9703 7184 9460 3428 
9707 7187 9468 3430 
9711 7190 9475 3432 
9715 7194 9480 3433 
9721 7198 9486 3435 
9726 7199 9489 3435 
9732 7204 9492 3436 
9736 7210 9500 3437 
9744 7212 9502 3440 
9751 7215 9508 3442 
9761 7217 9512 3444 
9768 7219 9519 3445 
9769 7221 9525 3447 
9777 7230 9532 3450 
9783 7234 9536 3453 
9791 7239 9543 3456 
9794 7241 9549 3457 
9798 7246 9552 3460 
9805 7247 9559 3462 
9809 7250 9562 3463 
9813 7252 9565 3469 
9820 7259 9569 3470 
9827 7268 9572 3475 
9832 7270 9579 3478 
9842 7275 9590 3481 
9847 7278 9597 3482 
9853 7279 9602 3485 
9858 7282 9611 3488 
9860 7284 9615 3490 
9864 7292 9619 3491 
9866 7294 9627 3493 
9870 7303 9630 3496 
9872 7308 9635 3500 
9876 7310 9639 3504 
9884 7317 9647 3504 
9893 7321 9651 3505 
9897 7324 9655 3507 
9904 7326 9660 3508 
9906 7329 9666 3508 
9911 7331 9674 3510 
9915 7336 9681 3511 
9922 7339 9683 3515 
9929 7345 9687 3517 
9936 7350 9691 3520 
9943 7353 9694 3520 
9948 7356 9701 3521 
9955 7365 9706 3523 
9958 7367 9709 3524 
9967 7370 9721 3525 
9974 7377 9729 3525 
9976 7380 9733 3527 
9984 7387 9738 3528 
9989 7390 9741 3531 
9993 7394 9747 3533 
10000 7398 9750 3533 
10003 7400 9758 3535 
10005 7404 9768 3538 
10014 7409 9773 3541 
10016 7412 9780 3543 
10027 7417 9787 3549 
10033 7420 9795 3550 
10039 7427 9799 3550 
10046 7431 9804 3550 
10054 7434 9808 3556 
10058 7438 9820 3557 
10059 7444 9825 3557 
10064 7446 9828 3557 
10069 7448 9829 3559 
10071 7453 9834 3561 
10078 7461 9840 3566 
10084 7467 9847 3569 
10090 7468 9854 3570 
10099 7470 9860 3572 
10103 7471 9868 3576 
10109 7474 9873 3579 
10115 7475 9876 3579 
10119 7479 9879 3585 
10125 7482 9888 3586 
10129 7487 9896 3587 
10135 7489 9899 3589 
10141 7493 9902 3593 
10146 7496 9905 3595 
10151 7503 9910 3596 
10157 7504 9914 3600 
10164 7511 9918 3602 
10165 7513 9927 3605 
10169 7518 9931 3606 
10179 7520 9936 3610 
10183 7524 9942 3612 
10190 7526 9947 3613 
10196 7530 9953 3617 
10201 7535 9958 3619 
10208 7538 9966 3621 
10213 7544 9973 3626 
10218 7549 9979 3627 
10227 7554 9982 3629 
10231 7555 9986 3633 
10239 7559 9992 3634 
10246 7560 10000 3636 
10252 7569 10005 3638 
10255 7573 10011 3642 
10261 7578 10020 3645 
10266 7583 10024 3645 
10270 7589 10034 3647 
10273 7592 10038 3652 
10281 7597 10045 3652 
10285 7603 10050 3654 
10294 7610 10060 3654 
10298 7615 10065 3654 
10303 7621 10070 3655 
10308 7622 10076 3657 
10311 7625 10083 3661 
10319 7632 10095 3662 
10322 7635 10101 3668 
10324 7641 10105 3670 
10332 7645 10113 3672 
10338 7650 10123 3675 
10348 7654 10131 3678 
10355 7658 10140 3678 
10359 7661 10145 3682 
10364 7665 10153 3687 
10369 7669 10162 3689 
10377 7674 10163 3691 
10386 7678 10166 3696 
10391 7680 10170 3700 
10395 7686 10176 3701 
10401 7687 10182 3703 
10406 7692 10191 3705 
10413 7697 10196 3706 
10420 7698 10202 3707 
10425 7701 10206 3707 
10428 7705 10213 3707 
10432 7708 10222 3709 
10438 7712 10227 3711 
10442 7713 10232 3712 
10443 7723 10235 3713 
10449 7726 10243 3713 
10454 7729 10248 3717 
10460 7736 10256 3720 
10468 7741 10261 3722 
10476 7750 10265 3724 
10477 7755 10271 3729 
10478 7759 10277 3730 
10481 7761 10278 3732 
10490 7765 10287 3733 
10498 7770 10290 3735 
10505 7776 10296 3738 
10508 7779 10298 3741 
10514 7786 10304 3743 
10519 7787 10311 3746 
10526 7793 10315 3748 
10532 7795 10323 3749 
10539 7798 10333 3751 
10545 7798 10338 3753 
10550 7803 10345 3755 
10554 7805 10351 3757 
10558 7806 10357 3758 
10563 7809 10364 3762 
10570 7811 10366 3762 
10578 7818 10370 3762 
10584 7821 10377 3764 
10590 7823 10386 3766 
10597 7828 10391 3769 
10603 7832 10397 3774 
10609 7840 10403 3775 
10614 7845 10405 3776 
10620 7848 10410 3776 
10625 7850 10412 3779 
10629 7857 10423 3782 
10636 7861 10427 3784 
10640 7863 10433 3785 
10643 7863 10439 3792 
10648 7868 10443 3794 
10653 7872 10449 3796 
10661 7872 10453 3798 
10669 7879 10456 3799 
10677 7883 10467 3800 
10683 7888 10469 3802 
10688 7893 10477 3804 
10693 7898 10484 3805 
10702 7900 10486 3807 
10707 7904 10492 3809 
10711 7910 10496 3812 
10713 7918 10504 3814 
10721 7922 10508 3818 
10728 7929 10514 3819 
10735 7933 10515 3822 
10738 7937 10524 3823 
10742 7944 10531 3824 
10748 7944 10536 3826 
10754 7952 10543 3830 
10759 7957 10550 3830 
10760 7963 10553 3833 
10763 7967 10559 3835 
10771 7972 10564 3837 
10774 7979 10572 3838 
10777 7984 10575 3841 
10781 7990 10587 3843 
10787 7998 10592 3846 
10790 8001 10596 3851 
10794 8008 10599 3852 
10800 8011 10601 3854 
10804 8012 10605 3856 
10808 8013 10613 3858 
10813 8018 10618 3860 
10815 8021 10623 3864 
10818 8023 10631 3868 
10822 8026 10636 3869 
10827 8026 10645 3871 
10833 8027 10654 3872 
10839 8032 10660 3873 
10845 8034 10665 3876 
10848 8036 10674 3879 
10851 8039 10681 3883 
10860 8042 10686 3883 
10865 8044 10689 3885 
10870 8048 10700 3886 
10877 8050 10706 3888 
10885 8055 10710 3890 
10889 8059 10716 3894 
10899 8067 10721 3897 
10903 8070 10724 3900 
10907 8074 10730 3900 
10914 8078 10737 3902 
10917 8080 10746 3903 
10919 8086 10749 3906 
10927 8088 10755 3911 
10932 8091 10759 3913 
10933 8096 10765 3914 
10946 8100 10773 3915 
10954 8106 10781 3919 
10960 8116 10787 3921 
10962 8120 10795 3924 
10971 8126 10799 3926 
10976 8132 10804 3930 
10979 8136 10814 3934 
10987 8142 10821 3936 
10992 8144 10828 3937 
10996 8146 10833 3939 
11001 8148 10843 3941 
11006 8161 10845 3943 
11011 8164 10850 3947 
11015 8167 10858 3949 
11021 8172 10865 3951 
11025 8177 10869 3953 
11032 8178 10881 3954 
11039 8186 10889 3955 
11043 8192 10893 3958 
11053 8195 10899 3961 
11059 8197 10902 3962 
11066 8202 10907 3964 
11070 8204 10911 3965 
11076 8208 10913 3967 
11087 8211 10917 3969 
11094 8215 10919 3969 
11098 8223 10925 3972 
11102 8229 10930 3975 
11108 8234 10940 3976 
11113 8244 10946 3977 
11120 8247 10952 3977 
11126 8253 10961 3977 
11126 8256 10964 3977 
11133 8258 10964 3979 
11138 8265 10967 3981 
11143 8270 10973 3984 
11150 8275 10981 3984 
11153 8284 10983 3987 
11163 8288 10992 3989 
11164 8294 10997 3990 
11167 8298 11006 3991 
11170 8304 11013 3993 
11175 8311 11017 3994 
11183 8313 11021 3994 
11184 8315 11027 3996 
11186 8318 11030 3997 
11190 8323 11038 3997 
11194 8328 11042 3998 
11196 8330 11045 4000 
11200 8335 11049 4002 
11205 8338 11053 4004 
11208 8343 11059 4004 
11215 8345 11061 4007 
11221 8350 11064 4013 
11226 8356 11069 4017 
11232 8359 11071 4018 
11241 8367 11076 4022 
11247 8373 11078 4022 
11250 8379 11084 4026 
11259 8384 11090 4028 
11264 8391 11094 4028 
11272 8395 11097 4029 
11273 8397 11100 4031 
11277 8400 11108 4033 
11289 8406 11115 4034 
11296 8412 11121 4037 
11300 8414 11124 4038 
11305 8418 11132 4041 
11312 8421 11137 4045 
11317 8427 11141 4047 
11321 8429 11147 4051 
11332 8435 11152 4052 
11337 8439 11157 4054 
11337 8439 11163 4057 
11344 8449 11167 4059 
11347 8450 11178 4060 
11352 8453 11184 4061 
11354 8455 11190 4062 
11360 8464 11195 4064 
11362 8468 11198 4065 
11368 8474 11206 4068 
11372 8480 11213 4071 
11378 8485 11222 4073 
11380 8490 11228 4075 
11385 8493 11231 4078 
11393 8498 11237 4080 
11402 8500 11247 4080 
11405 8504 11253 4081 
11412 8511 11255 4082 
11418 8516 11259 4085 
11426 8522 11267 4086 
11433 8526 11277 4087 
11442 8532 11280 4087 
11449 8537 11284 4090 
11453 8543 11292 4090 
11461 8550 11299 4091 
11464 8550 11307 4092 
11470 8554 11313 4094 
11478 8558 11321 4095 
11483 8564 11328 4098 
11488 8571 11334 4101 
11496 8574 11336 4102 
11503 8578 11341 4103 
11505 8584 11345 4105 
11509 8586 11346 4108 
11511 8591 11348 4112 
11520 8594 11357 4114 
11522 8598 11361 4116 
11524 8604 11363 4118 
11528 8607 11371 4119 
11532 8610 11376 4120 
11538 8615 11380 4122 
11542 8627 11389 4123 
11549 8631 11399 4124 
11555 8636 11408 4126 
11565 8641 11411 4127 
11568 8645 11419 4127 
11571 8653 11426 4128 
11575 8661 11430 4131 
11584 8666 11435 4131 
11590 8673 11443 4133 
11597 8678 11451 4135 
11602 8680 11458 4135 
11604 8684 11461 4137 
11610 8688 11471 4139 
11615 8691 11475 4141 
11618 8691 11481 4146 
11621 8694 11483 4147 
11622 8696 11489 4151 
11625 8698 11495 4152 
11633 8702 11500 4153 
11640 8707 11501 4153 
11643 8715 11509 4158 
11648 8721 11514 4158 
11654 8724 11526 4159 
11660 8727 11529 4159 
11665 8732 11537 4162 
11674 8737 11540 4164 
11678 8740 11542 4166 
11684 8743 11547 4168 
11692 8746 11551 4170 
11695 8749 11557 4171 
11703 8750 11563 4176 
11711 8755 11568 4177 
11714 8759 11573 4179 
11718 8763 11578 4181 
11724 8767 11579 4182 
11730 8770 11587 4188 
11732 8775 11592 4189 
11738 8783 11601 4193 
11745 8787 11607 4196 
11750 8788 11613 4198 
11753 8794 11617 4198 
11757 8799 11625 4199 
11766 8803 11629 4201 
11770 8807 11635 4205 
11773 8816 11643 4208 
11781 8820 11644 4209 
11786 8827 11650 4209 
11791 8829 11654 4211 
11792 8831 11658 4212 
11796 8837 11665 4212 
11799 8839 11670 4213 
11810 8843 11675 4215 
11816 8846 11680 4216 
11826 8850 11687 4218 
11828 8853 11693 4220 
11834 8858 11699 4222 
11841 8867 11707 4224 
11841 8872 11714 4227 
11845 8875 11719 4227 
11854 8878 11728 4228 
11859 8882 11736 4229 
11862 8890 11741 4232 
11867 8894 11748 4236 
11872 8899 11753 4238 
11879 8903 11760 4241 
11882 8909 11766 4243 
11886 8916 11774 4245 
11892 8920 11781 4252 
11898 8924 11785 4254 
11904 8928 11792 4255 
11909 8931 11796 4260 
11916 8934 11800 4264 
11924 8937 11806 4264 
11934 8942 11816 4266 
11938 8944 11824 4266 
11943 8950 11833 4268 
11949 8952 11841 4269 
11954 8955 11846 4271 
11957 8957 11852 4272 
11965 8962 11854 4272 
11969 8965 11859 4274 
11974 8968 11865 4276 
11978 8974 11872 4277 
11985 8974 11875 4277 
11995 8977 11882 4280 
12002 8979 11891 4282 
12007 8988 11897 4286 
12015 8992 11905 4287 
12021 8993 11909 4290 
12026 8996 11912 4291 
12029 8999 11917 4291 
12036 9001 11922 4292 
12039 9003 11923 4294 
12039 9010 11927 4295 
12047 9013 11928 4295 
12052 9020 11933 4300 
12052 9021 11944 4300 
12055 9023 11948 4302 
12066 9027 11956 4304 
12072 9031 11965 4305 
12080 9033 11970 4306 
12085 9038 11974 4306 
12090 9045 11981 4307 
12097 9047 11985 4308 
12106 9049 11992 4311 
12112 9054 11998 4315 
12119 9056 12003 4319 
12126 9060 12006 4322 
12134 9065 12012 4324 
12144 9069 12016 4325 
12151 9075 12021 4328 
12155 9079 12027 4332 
12160 9082 12032 4335 
12166 9085 12038 4338 
12172 9086 12046 4340 
12176 9094 12053 4342 
12184 9100 12059 4344 
12186 9105 12064 4345 
12194 9107 12070 4351 
12199 9116 12077 4351 
12206 9118 12080 4356 
12213 9123 12088 4359 
12217 9126 12091 4366 
12229 9131 12097 4367 
12238 9138 12107 4369 
12249 9142 12109 4371 
12255 9146 12119 4375 
12259 9147 12126 4379 
12265 9149 12132 4382 
12271 9154 12139 4384 
12274 9159 12140 4387 
12278 9160 12146 4387 
12285 9164 12155 4388 
12294 9171 12162 4391 
12300 9175 12168 4393 
12304 9177 12170 4396 
12308 9183 12175 4401 
12316 9192 12180 4402 
12325 9197 12186 4404 
12328 9202 12192 4405 
12333 9208 12198 4408 
12336 9210 12207 4410 
12338 9217 12214 4412 
12344 9221 12218 4415 
12356 9227 12225 4415 
12358 9229 12228 4417 
12366 9233 12234 4418 
12370 9236 12237 4423 
12375 9242 12239 4423 
12378 9245 12242 4423 
12384 9253 12247 4424 
12389 9259 12248 4426 
12397 9259 12255 4430 
12402 9263 12259 4431 
12406 9272 12264 4431 
12412 9275 12270 4432 
12416 9282 12274 4435 
12425 9284 12281 4437 
12431 9287 12289 4438 
12437 9291 12295 4440 
12439 9296 12304 4441 
12444 9302 12312 4443 
12451 9303 12318 4447 
12456 9305 12330 4450 
12462 9309 12335 4451 
12471 9314 12339 4451 
12478 9322 12343 4455 
12482 9329 12346 4455 
12489 9333 12347 4458 
12493 9338 12351 4458 
12497 9340 12365 4461 
12500 9345 12368 4463 
12503 9348 12375 4463 
12508 9357 12382 4464 
12512 9360 12389 4468 
12515 9366 12395 4468 
12523 9370 12401 4471 
12530 9375 12405 4472 
12537 9379 12414 4472 
12541 9384 12417 4475 
12549 9389 12420 4477 
12555 9389 12423 4478 
12560 9396 12434 4478 
12564 9397 12437 4480 
12567 9399 12446 4481 
12569 9403 12454 4484 
12572 9405 12460 4489 
12577 9409 12465 4490 
12583 9413 12469 4491 
12589 9418 12474 4492 
12594 9428 12481 4492 
12599 9432 12486 4496 
12604 9437 12491 4499 
12608 9444 12496 4499 
12610 9449 12506 4500 
12613 9452 12512 4503 
12618 9456 12522 4506 
12622 9460 12525 4506 
12628 9461 12531 4508 
12639 9464 12536 4511 
12646 9469 12546 4512 
12650 9472 12556 4513 
12659 9477 12559 4515 
12671 9479 12566 4516 
12674 9482 12575 4517 
12677 9486 12580 4518 
12684 9493 12587 4520 
12688 9497 12593 4522 
12698 9502 12600 4523 
12703 9508 12605 4525 
12709 9511 12613 4527 
12713 9520 12619 4529 
12722 9524 12623 4533 
12724 9529 12632 4533 
12729 9535 12640 4534 
12735 9543 12647 4539 
12738 9547 12657 4539 
12744 9552 12661 4545 
12752 9554 12668 4553 
12760 9557 12672 4554 
12763 9563 12679 4557 
12769 9568 12685 4559 
12771 9573 12692 4562 
12777 9580 12698 4565 
12782 9583 12707 4568 
12786 9588 12709 4569 
12790 9591 12712 4573 
12794 9592 12715 4577 
12796 9595 12720 4578 
12801 9598 12725 4582 
12805 9605 12730 4583 
12808 9609 12734 4584 
12812 9616 12741 4588 
12814 9620 12748 4590 
12818 9626 12756 4592 
12823 9633 12764 4595 
12835 9640 12768 4599 
12836 9644 12774 4604 
12841 9646 12781 4609 
12849 9652 12785 4612 
12854 9658 12791 4612 
12861 9661 12795 4614 
12863 9664 12806 4618 
12869 9674 12809 4619 
12878 9677 12813 4622 
12886 9683 12821 4623 
12891 9687 12826 4625 
12896 9689 12832 4626 
12902 9690 12835 4627 
12907 9693 12841 4630 
12911 9697 12848 4633 
12915 9700 12855 4637 
12920 9705 12862 4639 
12927 9709 12874 4640 
12931 9714 12887 4641 
12935 9716 12892 4642 
12939 9725 12892 4645 
12947 9727 12901 4646 
12950 9731 12907 4650 
12957 9735 12914 4653 
12961 9737 12922 4654 
12966 9745 12927 4655 
12971 9751 12935 4656 
12973 9755 12941 4658 
12984 9759 12947 4661 
12989 9765 12950 4662 
12991 9770 12954 4665 
13001 9774 12959 4666 
13005 9777 12967 4668 
13013 9780 12972 4671 
13022 9784 12977 4675 
13033 9791 12985 4676 
13036 9798 12992 4677 
13039 9804 12998 4679 
13042 9810 13004 4679 
13046 9815 13008 4680 
13055 9820 13013 4683 
13061 9827 13019 4684 
13066 9831 13025 4686 
13076 9838 13033 4686 
13081 9843 13041 4689 
13086 9846 13042 4690 
13096 9850 13045 4692 
13101 9857 13052 4693 
13105 9864 13058 4694 
13111 9867 13068 4697 
13116 9871 13076 4703 
13121 9877 13083 4704 
13129 9884 13088 4706 
13135 9889 13094 4707 
13135 9895 13102 4707 
13141 9902 13109 4708 
13147 9905 13115 4709 
13151 9912 13120 4712 
13157 9919 13125 4716 
13166 9930 13132 4718 
13176 9933 13137 4719 
13180 9941 13146 4723 
13191 9942 13148 4725 
13199 9946 13154 4726 
13203 9950 13168 4731 
13206 9953 13174 4736 
13212 9957 13181 4739 
13218 9961 13191 4741 
13222 9967 13195 4745 
13226 9971 13206 4748 
13236 9974 13207 4750 
13244 9977 13211 4752 
13247 9984 13216 4752 
13253 9994 13225 4754 
13258 9997 13229 4755 
13260 9998 13235 4760 
13263 10000 13242 4767 
13264 10004 13249 4768 
13269 10009 13254 4772 
13273 10011 13264 4775 
13280 10012 13269 4777 
13286 10015 13276 4780 
13293 10017 13280 4783 
13298 10019 13284 4784 
13304 10025 13290 4785 
13309 10029 13297 4789 
13316 10030 13302 4794 
13320 10033 13309 4798 
13324 10038 13314 4801 
13328 10045 13317 4803 
13331 10048 13323 4808 
13338 10055 13331 4810 
13342 10059 13335 4814 
13347 10061 13336 4815 
13355 10061 13341 4815 
13363 10066 13348 4819 
13370 10071 13355 4822 
13376 10075 13361 4826 
13381 10082 13368 4828 
13385 10085 13377 4829 
13393 10089 13380 4831 
13402 10089 13386 4835 
13404 10095 13395 4836 
13407 10101 13399 4838 
13415 10105 13411 4840 
13424 10109 13422 4841 
13432 10113 13428 4845 
13444 10117 13430 4846 
13449 10119 13438 4851 
13454 10128 13443 4853 
13459 10131 13447 4855 
13463 10134 13455 4857 
13466 10141 13460 4857 
13471 10148 13467 4857 
13475 10156 13473 4859 
13479 10159 13479 4860 
13483 10162 13486 4862 
13487 10165 13487 4865 
13492 10168 13491 4866 
13497 10175 13495 4866 
13499 10178 13501 4870 
13507 10191 13505 4870 
13514 10193 13510 4870 
13518 10197 13514 4872 
13522 10201 13524 4874 
13531 10209 13529 4876 
13538 10215 13535 4880 
13546 10217 13539 4881 
13551 10220 13547 4882 
13561 10223 13558 4883 
13568 10227 13563 4884 
13577 10227 13567 4885 
13582 10232 13576 4886 
13589 10238 13582 4887 
13595 10242 13588 4887 
13601 10246 13594 4890 
13608 10251 13597 4894 
13614 10256 13597 4895 
13617 10261 13605 4898 
13620 10267 13612 4899 
13626 10272 13619 4900 
13633 10276 13624 4901 
13641 10281 13633 4901 
13644 10285 13638 4905 
13650 10290 13645 4907 
13655 10297 13649 4911 
13662 10303 13651 4914 
13668 10306 13657 4916 
13673 10311 13664 4917 
13678 10313 13672 4917 
13685 10318 13680 4919 
13692 10321 13686 4924 
13701 10326 13692 4926 
13711 10329 13694 4927 
13720 10333 13698 4929 
13726 10336 13702 4932 
13730 10339 13706 4933 
13737 10344 13709 4934 
13743 10346 13711 4934 
13748 10349 13715 4934 
13757 10355 13721 4935 
13769 10359 13726 4935 
13775 10366 13729 4939 
13781 10370 13737 4941 
13788 10374 13746 4941 
13792 10377 13749 4942 
13796 10380 13755 4944 
13801 10386 13757 4945 
13808 10390 13764 4948 
13811 10393 13775 4949 
13817 10396 13779 4951 
13824 10401 13784 4951 
13830 10405 13786 4952 
13835 10406 13792 4954 
13835 10412 13803 4956 
13839 10418 13805 4961 
13843 10423 13810 4962 
13848 10431 13818 4962 
13854 10435 13824 4966 
13858 10439 13831 4969 
13864 10445 13835 4970 
13872 10451 13843 4974 
13877 10457 13851 4976 
13884 10458 13854 4979 
13891 10460 13860 4979 
13897 10463 13863 4982 
13901 10469 13869 4983 
13907 10471 13880 4984 
13914 10477 13884 4984 
13920 10479 13887 4987 
13926 10483 13892 4987 
13931 10488 13897 4992 
13937 10492 13902 4995 
13942 10497 13906 4995 
13948 10504 13911 4999 
13955 10511 13919 5002 
13961 10519 13924 5003 
13967 10530 13933 5003 
13972 10534 13935 5003 
13973 10539 13940 5005 
13974 10542 13944 5008 
13982 10545 13949 5009 
13982 10552 13956 5011 
13986 10554 13959 5013 
13994 10560 13964 5013 
13999 10563 13967 5013 
14002 10569 13972 5013 
14005 10574 13979 5017 
14006 10581 13985 5019 
14010 10585 13993 5021 
14016 10589 13997 5022 
14020 10594 13999 5023 
14027 10596 14001 5026 
14030 10601 14006 5029 
14033 10604 14010 5031 
14038 10609 14016 5034 
14047 10611 14020 5036 
14053 10618 14026 5037 
14058 10627 14031 5039 
14065 10631 14039 5041 
14069 10632 14049 5042 
14077 10637 14053 5042 
14084 10643 14062 5044 
14089 10647 14071 5047 
14096 10649 14077 5048 
14104 10654 14084 5050 
14112 10657 14089 5051 
14115 10663 14094 5052 
14118 10666 14098 5056 
14125 10668 14107 5059 
14128 10671 14113 5061 
14134 10675 14117 5064 
14138 10682 14126 5064 
14141 10690 14131 5068 
14148 10692 14136 5071 
14156 10695 14143 5072 
14165 10701 14152 5074 
14170 10706 14160 5075 
14173 10710 14165 5077 
14182 10717 14170 5080 
14187 10723 14176 5080 
14197 10731 14186 5084 
14201 10739 14195 5087 
14207 10746 14202 5089 
14208 10746 14207 5093 
14214 10750 14212 5097 
14219 10754 14215 5098 
14230 10761 14218 5100 
14237 10766 14225 5105 
14241 10773 14230 5106 
14250 10777 14243 5110 
14256 10780 14254 5114 
14263 10780 14259 5114 
14273 10786 14268 5115 
14279 10790 14272 5116 
14288 10794 14277 5120 
14291 10800 14284 5120 
14293 10805 14295 5123 
14298 10809 14301 5129 
14302 10811 14307 5131 
14313 10815 14315 5134 
14319 10817 14321 5136 
14326 10821 14328 5139 
14332 10826 14334 5140 
14341 10829 14344 5141 
14355 10830 14345 5142 
14361 10834 14350 5145 
14368 10836 14361 5146 
14374 10845 14362 5149 
14377 10851 14373 5152 
14384 10855 14375 5153 
14387 10857 14377 5156 
14389 10862 14384 5157 
14395 10863 14391 5159 
14404 10865 14399 5162 
14409 10871 14405 5162 
14414 10876 14413 5162 
14419 10883 14418 5163 
14424 10885 14421 5166 
14428 10891 14427 5169 
14434 10893 14432 5170 
14439 10895 14435 5173 
14442 10899 14440 5175 
14448 10902 14445 5176 
14452 10906 14449 5179 
14458 10913 14459 5183 
14465 10917 14462 5185 
14474 10922 14466 5186 
14481 10928 14476 5187 
14489 10935 14485 5187 
14493 10939 14488 5188 
14496 10948 14492 5192 
14499 10953 14500 5195 
14502 10960 14503 5196 
14508 10963 14506 5201 
14514 10973 14514 5206 
14518 10976 14522 5208 
14528 10978 14530 5210 
14531 10980 14537 5211 
14534 10987 14539 5212 
14541 10992 14545 5212 
14542 10997 14548 5217 
14548 10998 14557 5218 
14554 11001 14561 5219 
14557 11009 14565 5221 
14565 11017 14572 5222 
14570 11023 14576 5225 
14578 11029 14580 5227 
14581 11034 14585 5227 
14589 11035 14594 5229 
14595 11038 14603 5233 
14596 11042 14606 5237 
14602 11047 14610 5239 
14609 11050 14621 5239 
14618 11055 14625 5240 
14626 11058 14629 5247 
14634 11059 14639 5253 
14641 11062 14644 5253 
14644 11064 14649 5257 
14646 11071 14655 5258 
14650 11075 14659 5262 
14657 11079 14662 5263 
14664 11084 14669 5270 
14668 11089 14674 5273 
14680 11091 14680 5275 
14685 11094 14687 5278 
14690 11101 14692 5279 
14696 11107 14698 5282 
14702 11111 14702 5284 
14704 11113 14708 5285 
14711 11114 14717 5288 
14719 11116 14725 5289 
14724 11122 14730 5291 
14731 11129 14737 5293 
14735 11131 14747 5296 
14740 11134 14752 5298 
14748 11137 14763 5300 
14756 11142 14770 5303 
14765 11146 14777 5304 
14771 11149 14781 5305 
14779 11153 14789 5308 
14785 11159 14794 5308 
14787 11160 14801 5308 
14795 11163 14807 5311 
14800 11166 14810 5313 
14805 11171 14814 5318 
14810 11172 14821 5319 
14814 11176 14826 5322 
14818 11181 14827 5322 
14826 11189 14831 5324 
14830 11192 14834 5326 
14841 11194 14839 5328 
14846 11199 14845 5328 
14850 11202 14854 5330 
14852 11207 14860 5334 
14855 11211 14866 5338 
14866 11214 14877 5339 
14874 11224 14882 5339 
14879 11227 14887 5341 
14882 11230 14892 5343 
14886 11236 14898 5344 
14891 11238 14904 5346 
14898 11240 14911 5349 
14907 11245 14917 5351 
14912 11250 14918 5355 
14921 11259 14922 5358 
14924 11264 14931 5362 
14927 11265 14936 5366 
14933 11266 14939 5370 
14940 11268 14947 5370 
14943 11273 14954 5370 
14945 11274 14961 5372 
14952 11279 14967 5374 
14959 11288 14973 5375 
14960 11293 14979 5379 
14972 11296 14983 5380 
14977 11298 14997 5381 
14986 11305 14999 5386 
14993 11307 15009 5387 
15000 11312 15018 5389 
15005 11319 15027 5390 
15007 11324 15039 5391 
15011 11332 15046 5393 
15015 11334 15054 5394 
15016 11335 15064 5398 
15021 11339 15070 5403 
15025 11340 15072 5405 
15033 11344 15076 5405 
15039 11348 15082 5409 
15042 11352 15090 5410 
15047 11355 15095 5414 
15054 11361 15097 5418 
15063 11366 15100 5424 
15068 11371 15108 5426 
15074 11374 15110 5428 
15078 11378 15115 5429 
15089 11381 15124 5432 
15098 11382 15128 5439 
15108 11390 15137 5441 
15116 11394 15141 5446 
15124 11401 15144 5447 
15130 11405 15155 5451 
15137 11409 15164 5451 
15143 11416 15171 5451 
15151 11423 15177 5456 
15159 11426 15181 5458 
15167 11431 15187 5461 
15176 11437 15194 5462 
15181 11444 15199 5463 
15183 11445 15204 5464 
15188 11452 15212 5466 
15194 11457 15215 5468 
15201 11461 15223 5470 
15207 11464 15224 5473 
15210 11465 15228 5478 
15214 11466 15229 5480 
15222 11472 15234 5483 
15228 11477 15237 5486 
15233 11488 15247 5493 
15238 11489 15255 5493 
15242 11494 15260 5496 
15250 11495 15269 5499 
15254 11499 15271 5503 
15261 11506 15278 5507 
15263 11512 15281 5508 
15268 11516 15284 5508 
15272 11519 15293 5510 
15277 11524 15295 5511 
15278 11531 15303 5513 
15284 11536 15308 5519 
15288 11540 15318 5521 
15295 11543 15328 5523 
15300 11547 15334 5524 
15304 11548 15336 5524 
15310 11556 15344 5527 
15314 11562 15349 5527 
15319 11563 15353 5529 
15323 11566 15360 5532 
15327 11573 15367 5534 
15333 11579 15373 5535 
15339 11586 15381 5539 
15343 11589 15388 5544 
15348 11591 15396 5544 
15353 11593 15401 5547 
15360 11598 15403 5548 
15366 11602 15409 5548 
15376 11603 15417 5549 
15377 11607 15422 5551 
15386 11613 15428 5551 
15390 11615 15434 5555 
15393 11620 15438 5558 
15398 11623 15444 5559 
15403 11626 15454 5562 
15408 11631 15460 5565 
15412 11637 15466 5568 
15416 11642 15471 5569 
15425 11651 15476 5573 
15430 11658 15486 5579 
15442 11668 15493 5583 
15447 11672 15499 5587 
15454 11675 15506 5588 
15460 11681 15510 5594 
15467 11685 15516 5595 
15470 11687 15526 5596 
15473 11694 15531 5599 
15478 11695 15537 5600 
15483 11701 15544 5602 
15491 11707 15547 5602 
15499 11712 15554 5606 
15507 11716 15561 5610 
15515 11719 15567 5611 
15519 11723 15572 5614 
15520 11730 15582 5614 
15521 11735 15585 5615 
15524 11739 15591 5617 
15530 11744 15600 5619 
15537 11751 15603 5619 
15542 11759 15609 5621 
15544 11764 15614 5623 
15555 11769 15619 5626 
15560 11779 15624 5630 
15562 11785 15631 5631 
15565 11790 15638 5634 
15570 11794 15644 5634 
15575 11797 15654 5635 
15581 11803 15660 5637 
15594 11806 15666 5638 
15596 11808 15674 5638 
15601 11816 15682 5639 
15607 11819 15691 5640 
15613 11823 15696 5643 
15622 11830 15705 5646 
15624 11831 15710 5647 
15629 11836 15716 5650 
15633 11843 15721 5650 
15639 11847 15727 5653 
15647 11851 15731 5655 
15657 11859 15737 5656 
15662 11861 15745 5658 
15666 11867 15751 5658 
15672 11871 15757 5659 
15678 11879 15760 5661 
15681 11883 15762 5662 
15684 11888 15766 5664 
15688 11893 15771 5668 
15692 11897 15777 5669 
15696 11903 15785 5670 
15701 11907 15791 5671 
15706 11910 15794 5674 
15710 11919 15799 5676 
15717 11922 15802 5678 
15728 11927 15807 5679 
15732 11931 15814 5680 
15740 11938 15820 5680 
15746 11939 15826 5681 
15748 11942 15830 5683 
15751 11945 15835 5685 
15757 11948 15840 5687 
15762 11953 15850 5687 
15764 11959 15857 5687 
15771 11960 15863 5689 
15777 11964 15872 5694 
15786 11969 15879 5696 
15792 11971 15885 5697 
15798 11972 15893 5700 
15806 11978 15900 5703 
15812 11984 15905 5705 
15820 11992 15910 5707 
15825 11998 15917 5708 
15832 12003 15922 5713 
15836 12004 15926 5717 
15839 12006 15928 5718 
15844 12010 15932 5719 
15848 12013 15939 5722 
15851 12019 15946 5727 
15855 12022 15951 5730 
15863 12023 15955 5731 
15873 12026 15959 5732 
15875 12028 15967 5733 
15883 12034 15974 5738 
15885 12038 15978 5738 
15890 12042 15981 5741 
15896 12053 15992 5743 
15899 12056 15995 5744 
15907 12062 16000 5746 
15913 12068 16008 5748 
15921 12075 16013 5753 
15927 12083 16021 5755 
15933 12084 16026 5755 
15937 12094 16028 5759 
15942 12095 16032 5763 
15945 12099 16035 5764 
15952 12104 16042 5764 
15958 12111 16049 5765 
15971 12117 16056 5765 
15974 12122 16059 5767 
15982 12126 16067 5769 
15988 12128 16072 5771 
15994 12138 16077 5773 
15997 12144 16079 5775 
16007 12151 16085 5778 
16011 12156 16093 5782 
16018 12160 16099 5782 
16026 12166 16108 5782 
16030 12169 16119 5783 
16033 12173 16126 5788 
16038 12176 16137 5789 
16046 12179 16145 5791 
16052 12181 16151 5793 
16057 12186 16155 5795 
16064 12192 16164 5796 
16067 12196 16170 5797 
16074 12201 16174 5798 
16079 12208 16176 5800 
16085 12213 16181 5801 
16094 12220 16190 5802 
16097 12226 16198 5802 
16103 12232 16201 5803 
16109 12236 16209 5805 
16111 12246 16214 5806 
16116 12249 16219 5808 
16121 12253 16222 5810 
16125 12257 16229 5813 
16129 12261 16235 5817 
16134 12263 16241 5820 
16144 12267 16249 5826 
16151 12269 16258 5828 
16158 12271 16263 5831 
16162 12274 16269 5832 
16165 12276 16274 5833 
16167 12280 16278 5836 
16170 12283 16285 5837 
16174 12288 16291 5837 
16177 12292 16300 5841 
16183 12294 16311 5843 
16188 12296 16318 5845 
16191 12302 16322 5846 
16195 12305 16328 5847 
16199 12307 16333 5849 
16204 12312 16337 5850 
16212 12316 16346 5855 
16218 12322 16348 5857 
16221 12326 16352 5858 
16229 12329 16359 5859 
16232 12333 16363 5862 
16237 12338 16365 5864 
16244 12346 16374 5868 
16250 12350 16379 5869 
16254 12354 16383 5871 
16255 12360 16389 5871 
16265 12363 16396 5873 
16270 12367 16403 5876 
16274 12370 16410 5879 
16281 12375 16416 5883 
16286 12378 16426 5885 
16292 12381 16437 5885 
16296 12386 16442 5887 
16307 12388 16448 5887 
16312 12394 16453 5888 
16321 12399 16464 5889 
16327 12405 16475 5890 
16328 12409 16482 5890 
16337 12415 16490 5891 
16345 12422 16497 5891 
16352 12425 16500 5893 
16363 12427 16502 5893 
16365 12434 16511 5898 
16372 12439 16514 5902 
16377 12440 16518 5904 
16384 12448 16525 5906 
16389 12453 16526 5908 
16393 12457 16532 5910 
16397 12463 16541 5915 
16398 12468 16546 5916 
16404 12473 16554 5917 
16408 12478 16558 5918 
16417 12481 16562 5921 
16424 12485 16569 5926 
16429 12491 16575 5931 
16435 12495 16583 5931 
16439 12500 16591 5933 
16442 12505 16603 5934 
16447 12513 16607 5934 
16453 12520 16614 5936 
16460 12524 16623 5936 
16465 12529 16633 5937 
16473 12534 16642 5937 
16475 12541 16645 5937 
16480 12544 16650 5940 
16482 12550 16654 5941 
16489 12555 16658 5942 
16495 12557 16665 5943 
16499 12561 16676 5944 
16505 12563 16685 5946 
16509 12568 16689 5949 
16518 12577 16694 5950 
16527 12581 16699 5951 
16533 12588 16703 5955 
16540 12592 16708 5957 
16551 12597 16715 5961 
16558 12601 16721 5964 
16566 12605 16728 5966 
16571 12611 16734 5970 
16574 12614 16740 5975 
16579 12617 16743 5978 
16584 12626 16752 5979 
16589 12627 16756 5981 
16598 12629 16767 5981 
16604 12635 16772 5984 
16607 12636 16775 5987 
16613 12641 16780 5989 
16617 12643 16783 5993 
16621 12657 16791 5995 
16630 12661 16796 5997 
16634 12665 16800 5999 
16638 12669 16804 6006 
16644 12674 16810 6007 
16649 12681 16815 6008 
16651 12685 16825 6011 
16658 12689 16830 6011 
16667 12692 16836 6013 
16674 12694 16844 6014 
16683 12698 16848 6017 
16690 12703 16857 6019 
16698 12706 16864 6019 
16702 12715 16868 6022 
16707 12719 16879 6023 
16709 12725 16884 6024 
16713 12732 16894 6024 
16722 12737 16900 6025 
16727 12739 16907 6027 
16734 12746 16910 6030 
16743 12751 16920 6032 
16749 12754 16923 6033 
16752 12760 16929 6035 
16763 12764 16935 6036 
16768 12768 16940 6040 
16772 12773 16947 6040 
16774 12778 16951 6042 
16781 12789 16957 6045 
16787 12793 16962 6047 
16795 12803 16969 6048 
16801 12805 16982 6049 
16805 12806 16985 6051 
16807 12811 16992 6053 
16815 12814 17006 6054 
16820 12818 17012 6057 
16829 12827 17017 6061 
16837 12832 17023 6062 
16840 12837 17029 6066 
16847 12838 17041 6069 
16853 12840 17047 6073 
16860 12846 17056 6075 
16864 12849 17062 6076 
16866 12856 17067 6080 
16871 12856 17074 6082 
16880 12857 17078 6083 
16882 12861 17083 6084 
16887 12866 17091 6086 
16890 12870 17096 6087 
16893 12875 17104 6089 
16898 12877 17108 6093 
16902 12878 17117 6094 
16907 12884 17124 6097 
16918 12884 17129 6100 
16924 12890 17135 6100 
16930 12896 17145 6101 
16934 12902 17150 6106 
16941 12906 17154 6107 
16947 12913 17161 6108 
16959 12918 17169 6110 
16964 12921 17180 6113 
16973 12925 17190 6115 
16978 12932 17195 6120 
16990 12935 17199 6120 
16995 12936 17207 6128 
17004 12941 17211 6130 
17012 12948 17216 6133 
17016 12950 17223 6136 
17020 12956 17229 6137 
17025 12963 17231 6138 
17032 12966 17239 6139 
17035 12973 17251 6144 
17036 12978 17258 6146 
17040 12984 17262 6147 
17046 12987 17267 6148 
17050 12992 17271 6151 
17052 12999 17276 6152 
17061 13001 17281 6155 
17066 13001 17283 6155 
17075 13007 17289 6160 
17078 13019 17293 6163 
17085 13021 17299 6169 
17095 13025 17307 6170 
17100 13029 17315 6172 
17102 13037 17320 6172 
17106 13044 17329 6176 
17109 13045 17334 6177 
17118 13047 17338 6177 
17119 13054 17346 6181 
17124 13060 17347 6183 
17127 13062 17352 6186 
17131 13068 17359 6191 
17137 13074 17365 6196 
17139 13078 17368 6199 
17146 13081 17371 6199 
17151 13087 17376 6203 
17154 13095 17381 6209 
17160 13099 17390 6210 
17168 13105 17399 6211 
17174 13110 17402 6214 
17184 13118 17406 6219 
17186 13120 17414 6222 
17192 13123 17419 6225 
17195 13128 17426 6227 
17205 13136 17434 6229 
17209 13140 17441 6235 
17218 13146 17448 6236 
17223 13150 17451 6239 
17228 13154 17462 6239 
17235 13160 17465 6240 
17243 13163 17472 6243 
17247 13170 17477 6244 
17251 13175 17484 6248 
17254 13178 17487 6250 
17264 13187 17490 6250 
17273 13196 17496 6251 
17283 13200 17504 6254 
17291 13205 17508 6256 
17296 13208 17515 6257 
17306 13213 17523 6257 
17314 13219 17530 6260 
17318 13226 17534 6263 
17319 13231 17540 6269 
17322 13237 17544 6270 
17332 13240 17552 6271 
17337 13245 17557 6274 
17339 13253 17563 6274 
17343 13255 17568 6278 
17350 13260 17575 6278 
17351 13262 17582 6278 
17355 13268 17590 6280 
17359 13272 17596 6281 
17365 13278 17602 6286 
17371 13284 17608 6289 
17373 13287 17611 6290 
17380 13293 17615 6294 
17385 13297 17624 6297 
17391 13303 17629 6299 
17394 13308 17635 6300 
17399 13312 17642 6301 
17404 13314 17647 6302 
17408 13316 17653 6304 
17410 13321 17660 6307 
17416 13326 17664 6308 
17419 13330 17668 6308 
17427 13336 17674 6310 
17430 13342 17681 6313 
17434 13350 17687 6316 
17439 13356 17691 6316 
17449 13360 17699 6318 
17453 13365 17703 6321 
17464 13368 17711 6322 
17468 13368 17723 6322 
17471 13374 17728 6325 
17477 13376 17735 6327 
17481 13382 17744 6328 
17490 13390 17754 6330 
17495 13395 17762 6333 
17505 13403 17764 6334 
17512 13410 17766 6342 
17518 13411 17777 6344 
17522 13415 17781 6347 
17528 13418 17782 6351 
17531 13424 17790 6353 
17537 13427 17796 6358 
17545 13432 17799 6360 
17551 13435 17806 6362 
17554 13445 17817 6362 
17560 13448 17825 6363 
17567 13453 17837 6366 
17572 13456 17843 6371 
17573 13459 17851 6371 
17580 13464 17860 6374 
17589 13467 17865 6377 
17595 13473 17871 6379 
17599 13479 17881 6382 
17610 13484 17884 6386 
17613 13488 17890 6389 
17618 13494 17897 6390 
17620 13497 17901 6393 
17631 13503 17908 6394 
17636 13508 17921 6396 
17642 13514 17925 6399 
17652 13519 17931 6400 
17656 13519 17934 6401 
17662 13522 17938 6403 
17671 13524 17947 6406 
17676 13529 17952 6408 
17681 13535 17954 6410 
17687 13540 17960 6412 
17694 13544 17969 6415 
17698 13548 17983 6416 
17703 13555 17987 6421 
17710 13562 17993 6428 
17715 13565 18000 6428 
17718 13570 18004 6428 
17725 13574 18013 6430 
17734 13579 18018 6431 
17740 13590 18026 6433 
17748 13593 18030 6437 
17758 13599 18034 6440 
17768 13602 18040 6440 
17772 13606 18048 6442 
17775 13610 18052 6446 
17776 13612 18058 6446 
17782 13614 18060 6447 
17789 13618 18073 6447 
17790 13623 18078 6449 
17794 13630 18084 6453 
17799 13636 18093 6457 
17805 13637 18101 6461 
17815 13644 18108 6463 
17820 13650 18112 6464 
17827 13653 18123 6469 
17828 13658 18127 6473 
17831 13661 18130 6475 
17837 13663 18136 6477 
17841 13665 18138 6478 
17845 13670 18142 6484 
17849 13674 18150 6485 
17856 13684 18157 6491 
17863 13689 18163 6492 
17872 13692 18179 6495 
17879 13698 18187 6495 
17883 13698 18193 6499 
17890 13704 18195 6501 
17897 13706 18205 6505 
17899 13712 18212 6508 
17902 13717 18222 6509 
17903 13719 18229 6513 
17908 13727 18237 6519 
17920 13733 18244 6524 
17926 13736 18253 6524 
17929 13741 18262 6527 
17934 13746 18266 6530 
17939 13749 18272 6534 
17942 13759 18278 6535 
17947 13761 18285 6537 
17951 13770 18290 6542 
17959 13774 18298 6545 
17967 13788 18308 6546 
17971 13793 18312 6548 
17975 13798 18317 6551 
17978 13800 18325 6554 
17982 13804 18328 6558 
17991 13808 18332 6558 
17995 13814 18337 6559 
18002 13819 18341 6560 
18009 13827 18344 6563 
18019 13834 18348 6568 
18027 13838 18357 6569 
18033 13842 18369 6574 
18041 13844 18375 6575 
18045 13849 18381 6578 
18049 13853 18388 6580 
18057 13856 18389 6581 
18063 13861 18392 6581 
18069 13869 18395 6584 
18078 13872 18405 6586 
18083 13881 18410 6588 
18089 13885 18420 6591 
18097 13893 18429 6592 
18105 13897 18438 6592 
18110 13901 18450 6594 
18116 13902 18457 6597 
18121 13906 18460 6599 
18129 13914 18464 6601 
18135 13922 18468 6603 
18141 13925 18477 6605 
18147 13930 18482 6608 
18153 13935 18489 6611 
18159 13938 18497 6611 
18166 13945 18501 6614 
18172 13951 18511 6616 
18176 13953 18515 6616 
18178 13957 18521 6617 
18188 13964 18524 6620 
18192 13969 18530 6621 
18196 13975 18534 6623 
18199 13977 18539 6624 
18205 13984 18543 6625 
18211 13989 18552 6625 
18219 13992 18561 6627 
18227 13998 18568 6633 
18236 14004 18573 6633 
18239 14007 18577 6634 
18244 14011 18584 6637 
18250 14019 18596 6640 
18253 14025 18601 6640 
18259 14032 18605 6641 
18264 14038 18614 6643 
18269 14043 18622 6643 
18275 14047 18627 6644 
18283 14053 18633 6648 
18289 14060 18639 6649 
18293 14065 18644 6652 
18296 14070 18649 6655 
18302 14072 18655 6656 
18309 14077 18660 6658 
18317 14084 18671 6661 
18321 14086 18675 6665 
18328 14092 18687 6668 
18332 14096 18691 6671 
18336 14101 18699 6672 
18343 14108 18706 6674 
18347 14112 18712 6676 
18355 14120 18717 6677 
18360 14124 18727 6677 
18365 14127 18737 6679 
18371 14131 18749 6683 
18377 14135 18754 6684 
18380 14138 18758 6687 
18388 14141 18767 6690 
18392 14144 18774 6692 
18397 14145 18781 6695 
18403 14150 18792 6695 
18410 14158 18798 6698 
18416 14166 18813 6699 
18423 14168 18818 6700 
18429 14171 18823 6701 
18435 14173 18829 6703 
18447 14176 18836 6704 
18452 14178 18843 6708 
18456 14183 18846 6708 
18460 14188 18850 6709 
18467 14193 18857 6712 
18470 14197 18865 6714 
18478 14204 18872 6715 
18485 14209 18880 6717 
18498 14214 18886 6722 
18503 14218 18894 6723 
18507 14226 18899 6726 
18514 14228 18909 6728 
18520 14230 18916 6730 
18523 14236 18921 6733 
18527 14236 18928 6734 
18531 14241 18934 6737 
18538 14244 18941 6741 
18544 14249 18943 6747 
18550 14251 18954 6750 
18556 14253 18958 6752 
18562 14257 18968 6755 
18566 14264 18975 6760 
18569 14268 18983 6763 
18571 14275 18990 6764 
18579 14281 18993 6766 
18587 14290 18995 6769 
18589 14295 19007 6775 
18592 14304 19013 6777 
18595 14309 19018 6783 
18605 14314 19020 6787 
18613 14319 19026 6788 
18617 14323 19035 6789 
18621 14330 19040 6791 
18631 14334 19046 6793 
18636 14340 19052 6796 
18644 14346 19057 6796 
18650 14351 19068 6796 
18657 14359 19074 6798 
18664 14366 19079 6800 
18668 14372 19085 6802 
18671 14374 19097 6803 
18681 14378 19107 6805 
18689 14385 19113 6807 
18694 14388 19119 6808 
18701 14392 19128 6809 
18704 14397 19140 6809 
18707 14399 19148 6811 
18711 14402 19157 6817 
18720 14407 19162 6818 
18726 14412 19172 6820 
18728 14421 19178 6821 
18733 14424 19184 6823 
18737 14433 19192 6826 
18745 14435 19197 6827 
18751 14438 19205 6828 
18759 14447 19208 6828 
18767 14451 19216 6831 
18771 14456 19222 6831 
18779 14460 19227 6834 
18782 14463 19238 6835 
18788 14469 19245 6837 
18800 14473 19248 6839 
18809 14477 19258 6840 
18817 14482 19262 6840 
18826 14484 19267 6846 
18828 14487 19278 6847 
18838 14492 19281 6849 
18845 14493 19295 6851 
18854 14497 19301 6854 
18862 14503 19313 6854 
18866 14510 19317 6857 
18870 14510 19321 6859 
18878 14512 19323 6860 
18883 14517 19330 6864 
18885 14519 19336 6868 
18889 14521 19344 6870 
18896 14524 19349 6872 
18903 14533 19354 6875 
18905 14540 19356 6877 
18910 14549 19363 6878 
18918 14554 19372 6880 
18923 14558 19381 6881 
18926 14563 19386 6882 
18928 14567 19391 6882 
18932 14570 19401 6888 
18934 14578 19413 6891 
18937 14584 19419 6895 
18947 14589 19426 6896 
18951 14591 19430 6896 
18956 14595 19441 6900 
18961 14601 19447 6903 
18965 14607 19457 6907 
18967 14611 19464 6908 
18971 14612 19467 6912 
18973 14614 19473 6915 
18982 14619 19479 6920 
18986 14624 19481 6921 
18993 14629 19484 6923 
19002 14634 19493 6926 
19008 14644 19501 6929 
19016 14650 19509 6932 
19023 14655 19516 6935 
19030 14659 19527 6939 
19038 14666 19531 6942 
19046 14671 19536 6944 
19055 14677 19545 6946 
19062 14681 19550 6947 
19070 14688 19559 6947 
19075 14693 19569 6948 
19080 14696 19578 6951 
19087 14702 19586 6955 
19091 14703 19595 6957 
19096 14710 19603 6964 
19101 14718 19609 6967 
19110 14726 19617 6969 
19117 14734 19622 6969 
19121 14738 19625 6973 
19126 14744 19631 6976 
19131 14749 19638 6981 
19135 14753 19642 6981 
19143 14759 19647 6985 
19152 14766 19657 6988 
19158 14772 19663 6992 
19164 14777 19671 6993 
19169 14782 19679 6997 
19175 14787 19683 7000 
19178 14794 19689 7001 
19185 14800 19696 7005 
19192 14806 19707 7011 
19198 14812 19713 7015 
19205 14814 19723 7016 
19209 14817 19736 7018 
19216 14819 19742 7019 
19224 14822 19749 7022 
19229 14826 19755 7024 
19233 14831 19763 7026 
19238 14835 19775 7028 
19243 14838 19783 7029 
19247 14841 19791 7029 
19252 14845 19798 7032 
19258 14850 19802 7034 
19266 14854 19809 7036 
19274 14858 19817 7038 
19277 14863 19829 7039 
19283 14870 19831 7040 
19288 14874 19839 7041 
19293 14878 19848 7047 
19299 14883 19850 7050 
19307 14893 19856 7053 
19310 14898 19860 7056 
19313 14906 19866 7057 
19322 14910 19872 7059 
19332 14917 19878 7062 
19335 14920 19880 7064 
19337 14925 19885 7066 
19343 14928 19895 7067 
19349 14936 19904 7071 
19353 14943 19918 7074 
19364 14952 19922 7075 
19374 14956 19926 7077 
19377 14962 19935 7077 
19381 14968 19943 7080 
19387 14973 19947 7081 
19395 14975 19956 7081 
19403 14981 19961 7084 
19409 14984 19965 7087 
19415 14990 19975 7090 
19425 14993 19982 7093 
19434 14996 19988 7094 
19439 15001 19997 7095 
19444 15005 20003 7098 
19446 15007 20006 7101 
19452 15012 20016 7103 
19461 15015 20023 7104 
19467 15022 20029 7108 
19471 15027 20037 7109 
19482 15033 20040 7112 
19490 15036 20048 7114 
19495 15038 20059 7119 
19511 15039 20064 7122 
19513 15043 20068 7128 
19519 15050 20080 7128 
19525 15056 20082 7129 
19526 15063 20088 7129 
19532 15068 20093 7131 
19533 15072 20099 7134 
19538 15076 20105 7136 
19542 15080 20111 7139 
19543 15088 20118 7141 
19551 15091 20127 7141 
19557 15097 20136 7144 
19562 15106 20145 7147 
19568 15112 20153 7149 
19574 15115 20160 7151 
19578 15119 20168 7153 
19588 15122 20174 7158 
19594 15131 20179 7159 
19601 15134 20184 7161 
19607 15139 20194 7162 
19616 15143 20202 7164 
19619 15148 20208 7166 
19627 15151 20212 7167 
19632 15153 20217 7171 
19637 15158 20222 7171 
19641 15164 20226 7172 
19645 15173 20235 7175 
19656 15178 20242 7176 
19658 15184 20247 7178 
19669 15191 20253 7181 
19676 15194 20259 7186 
19680 15199 20266 7187 
19684 15205 20274 7190 
19691 15210 20279 7194 
19699 15214 20285 7195 
19702 15220 20290 7198 
19709 15227 20296 7198 
19713 15231 20297 7200 
19723 15236 20307 7202 
19728 15242 20311 7203 
19734 15243 20317 7208 
19739 15248 20321 7211 
19745 15252 20329 7211 
19754 15257 20333 7211 
19758 15262 20339 7211 
19769 15268 20342 7214 
19774 15273 20351 7214 
19779 15279 20355 7215 
19782 15281 20362 7216 
19787 15288 20367 7219 
19794 15293 20372 7221 
19799 15298 20376 7223 
19803 15302 20382 7225 
19815 15308 20387 7228 
19821 15312 20391 7232 
19828 15316 20397 7232 
19838 15321 20406 7235 
19844 15328 20417 7236 
19851 15330 20419 7241 
19858 15334 20428 7244 
19865 15343 20429 7246 
19870 15347 20434 7249 
19873 15351 20441 7251 
19878 15356 20447 7251 
19883 15363 20456 7253 
19892 15366 20459 7254 
19894 15368 20469 7260 
19901 15372 20474 7263 
19905 15378 20484 7264 
19910 15382 20488 7265 
19917 15385 20495 7266 
19919 15387 20504 7267 
19924 15390 20510 7273 
19926 15395 20514 7274 
19935 15399 20524 7275 
19937 15405 20531 7277 
19950 15411 20532 7277 
19953 15419 20540 7279 
19956 15423 20549 7283 
19961 15425 20553 7283 
19967 15431 20558 7286 
19976 15434 20560 7287 
19981 15436 20565 7292 
19987 15441 20577 7293 
19989 15445 20583 7294 
19996 15453 20590 7296 
20003 15456 20597 7300 
20008 15459 20600 7300 
20017 15463 20604 7302 
20025 15464 20608 7305 
20031 15474 20617 7308 
20035 15478 20623 7308 
20041 15481 20634 7310 
20047 15484 20637 7310 
20052 15486 20641 7313 
20059 15492 20648 7319 
20061 15497 20654 7320 
20065 15502 20662 7323 
20070 15505 20671 7326 
20077 15511 20673 7326 
20085 15518 20680 7328 
20089 15526 20685 7329 
20098 15528 20690 7330 
20104 15532 20693 7333 
20115 15537 20699 7334 
20121 15539 20703 7340 
20130 15546 20709 7342 
20137 15550 20716 7345 
20139 15559 20724 7345 
20143 15566 20731 7346 
20151 15571 20737 7348 
20154 15576 20744 7352 
20160 15580 20750 7355 
20164 15583 20754 7358 
20170 15586 20757 7362 
20174 15588 20763 7365 
20176 15591 20772 7370 
20181 15599 20775 7372 
20190 15606 20779 7374 
20198 15614 20786 7376 
20213 15621 20794 7378 
20217 15630 20801 7378 
20220 15637 20811 7380 
20229 15644 20817 7384 
20233 15653 20827 7385 
20238 15662 20836 7388 
20243 15666 20844 7391 
20248 15672 20858 7394 
20253 15679 20865 7395 
20259 15684 20869 7398 
20262 15689 20878 7401 
20271 15695 20883 7404 
20281 15702 20888 7407 
20283 15710 20894 7408 
20290 15712 20903 7410 
20296 15713 20908 7410 
20304 15715 20913 7415 
20310 15720 20919 7416 
20315 15726 20928 7416 
20319 15730 20937 7416 
20323 15735 20944 7419 
20328 15742 20950 7423 
20331 15746 20958 7431 
20338 15747 20965 7434 
20343 15750 20969 7437 
20348 15755 20978 7440 
20354 15763 20982 7440 
20363 15764 20988 7442 
20367 15765 20992 7446 
20376 15769 20999 7449 
20382 15773 21006 7450 
20387 15780 21009 7451 
20394 15789 21018 7452 
20401 15796 21019 7452 
20406 15804 21024 7456 
20409 15809 21031 7461 
20412 15814 21033 7464 
20416 15816 21037 7465 
20421 15825 21045 7467 
20425 15830 21050 7468 
20432 15832 21056 7469 
20442 15835 21068 7471 
20445 15841 21074 7474 
20453 15844 21083 7478 
20460 15850 21090 7481 
20464 15854 21093 7482 
20473 15859 21098 7483 
20482 15866 21100 7484 
20487 15874 21107 7487 
20491 15878 21116 7490 
20495 15882 21122 7492 
20499 15887 21129 7494 
20506 15893 21140 7497 
20509 15898 21147 7497 
20516 15903 21151 7499 
20522 15911 21155 7500 
20528 15917 21157 7507 
20533 15925 21157 7511 
20546 15931 21163 7512 
20551 15938 21168 7514 
20557 15944 21174 7517 
20562 15947 21179 7518 
20570 15954 21185 7523 
20574 15959 21190 7527 
20583 15965 21194 7528 
20587 15972 21198 7531 
20593 15974 21204 7535 
20598 15978 21210 7536 
20608 15985 21215 7540 
20611 15990 21224 7543 
20622 15999 21231 7547 
20629 16003 21238 7551 
20635 16008 21245 7554 
20637 16011 21248 7558 
20643 16012 21255 7560 
20647 16018 21260 7564 
20653 16024 21266 7567 
20662 16028 21269 7569 
20667 16034 21276 7574 
20674 16041 21279 7578 
20680 16045 21286 7582 
20683 16050 21290 7583 
20688 16057 21292 7586 
20694 16060 21295 7588 
20699 16064 21302 7591 
20704 16070 21311 7594 
20708 16075 21320 7594 
20716 16081 21325 7595 
20726 16083 21330 7597 
20734 16090 21337 7600 
20737 16093 21344 7604 
20744 16099 21347 7607 
20750 16105 21350 7609 
20756 16111 21355 7610 
20762 16116 21363 7613 
20768 16121 21368 7614 
20770 16123 21376 7618 
20774 16126 21386 7621 
20780 16133 21392 7626 
20786 16137 21396 7629 
20793 16141 21398 7631 
20798 16144 21405 7631 
20809 16146 21410 7634 
20813 16151 21414 7634 
20818 16157 21418 7636 
20831 16160 21422 7638 
20834 16163 21429 7641 
20837 16167 21436 7641 
20847 16176 21442 7644 
20855 16178 21451 7645 
20858 16184 21462 7650 
20864 16186 21462 7652 
20866 16196 21465 7654 
20871 16204 21472 7656 
20879 16207 21477 7660 
20883 16211 21481 7662 
20889 16216 21491 7664 
20894 16224 21496 7668 
20899 16230 21504 7670 
20903 16238 21510 7670 
20908 16242 21516 7671 
20914 16244 21525 7673 
20921 16247 21532 7678 
20929 16249 21545 7684 
20937 16251 21548 7686 
20942 16252 21554 7686 
20948 16257 21561 7691 
20956 16260 21568 7693 
20961 16265 21570 7695 
20963 16271 21576 7700 
20977 16276 21582 7700 
20983 16280 21587 7702 
20986 16285 21596 7705 
20993 16289 21601 7706 
21002 16296 21608 7709 
21009 16305 21620 7714 
21014 16310 21623 7718 
21016 16314 21632 7719 
21019 16320 21642 7725 
21025 16329 21648 7727 
21033 16331 21657 7728 
21036 16335 21660 7728 
21043 16336 21666 7729 
21051 16345 21674 7732 
21054 16351 21678 7735 
21063 16355 21687 7739 
21071 16359 21695 7741 
21075 16364 21701 7743 
21081 16365 21706 7747 
21085 16370 21713 7749 
21092 16372 21720 7751 
21103 16375 21725 7755 
21108 16378 21731 7756 
21110 16386 21736 7759 
21116 16389 21741 7760 
21122 16397 21745 7764 
21128 16400 21750 7765 
21132 16406 21758 7767 
21137 16411 21763 7767 
21140 16416 21772 7768 
21143 16420 21777 7773 
21144 16426 21785 7774 
21151 16427 21792 7775 
21152 16431 21800 7776 
21160 16437 21804 7781 
21166 16446 21810 7783 
21172 16449 21815 7786 
21176 16452 21821 7790 
21185 16458 21829 7792 
21191 16459 21837 7796 
21194 16465 21843 7797 
21198 16473 21846 7803 
21203 16476 21851 7804 
21207 16479 21861 7806 
21211 16481 21868 7809 
21221 16486 21870 7810 
21222 16493 21878 7813 
21227 16500 21880 7813 
21236 16508 21885 7813 
21243 16518 21894 7818 
21251 16522 21901 7819 
21255 16526 21911 7822 
21261 16529 21919 7826 
21267 16533 21926 7827 
21271 16535 21934 7830 
21276 16545 21940 7831 
21282 16550 21946 7834 
21288 16556 21946 7836 
21294 16560 21951 7839 
21297 16563 21958 7841 
21302 16568 21959 7845 
21312 16569 21970 7848 
21318 16574 21977 7852 
21323 16578 21983 7853 
21327 16585 21988 7855 
21333 16591 21993 7855 
21343 16593 22001 7857 
21348 16599 22010 7860 
21349 16603 22016 7864 
21352 16606 22023 7866 
21355 16618 22031 7866 
21361 16626 22038 7869 
21363 16627 22048 7873 
21368 16631 22058 7879 
21373 16632 22069 7881 
21378 16644 22071 7883 
21384 16646 22079 7885 
21390 16651 22085 7888 
21396 16658 22096 7889 
21403 16662 22110 7891 
21412 16667 22114 7894 
21416 16672 22120 7897 
21422 16677 22125 7903 
21428 16686 22134 7903 
21433 16690 22140 7903 
21439 16693 22143 7905 
21445 16696 22152 7907 
21449 16696 22157 7908 
21456 16702 22168 7910 
21457 16708 22173 7914 
21464 16712 22180 7917 
21472 16717 22187 7919 
21477 16721 22190 7921 
21485 16728 22199 7927 
21495 16734 22206 7929 
21501 16737 22211 7932 
21506 16739 22221 7934 
21513 16747 22226 7937 
21519 16750 22229 7939 
21526 16756 22236 7941 
21534 16759 22239 7942 
21541 16765 22246 7946 
21544 16771 22254 7950 
21548 16778 22263 7951 
21554 16783 22268 7953 
21559 16788 22283 7956 
21566 16793 22287 7958 
21572 16797 22290 7963 
21579 16805 22296 7966 
21583 16811 22299 7969 
21584 16820 22305 7973 
21590 16827 22308 7979 
21597 16831 22312 7981 
21603 16834 22320 7983 
21607 16840 22325 7985 
21614 16841 22332 7985 
21621 16843 22339 7986 
21629 16847 22349 7989 
21635 16851 22357 7990 
21640 16854 22362 7992 
21646 16856 22377 7992 
21650 16861 22382 7993 
21656 16866 22387 7996 
21661 16873 22390 8000 
21668 16876 22398 8000 
21677 16882 22403 8005 
21680 16885 22413 8006 
21685 16890 22420 8007 
21694 16900 22426 8013 
21700 16906 22430 8015 
21703 16909 22439 8016 
21711 16915 22442 8017 
21716 16920 22451 8019 
21717 16924 22456 8020 
21727 16930 22462 8024 
21732 16934 22466 8026 
21738 16938 22474 8028 
21744 16941 22487 8031 
21748 16946 22490 8032 
21752 16955 22498 8033 
21757 16961 22506 8035 
21763 16964 22516 8037 
21768 16974 22522 8039 
21775 16978 22525 8040 
21783 16981 22531 8042 
21793 16988 22536 8043 
21798 16994 22538 8043 
21801 16998 22544 8046 
21807 17005 22552 8050 
21815 17007 22559 8052 
21821 17009 22562 8052 
21824 17018 22577 8055 
21826 17021 22580 8057 
21836 17024 22588 8057 
21841 17027 22596 8058 
21849 17032 22601 8059 
21855 17038 22609 8061 
21863 17041 22613 8066 
21871 17043 22623 8069 
21877 17049 22628 8071 
21884 17058 22642 8075 
21891 17064 22653 8078 
21898 17067 22660 8081 
21901 17069 22664 8087 
21904 17075 22668 8091 
21904 17078 22673 8092 
21909 17080 22677 8096 
21919 17082 22683 8100 
21928 17083 22691 8100 
21940 17093 22696 8102 
21946 17100 22702 8103 
21954 17105 22708 8106 
21956 17109 22714 8109 
21960 17111 22724 8109 
21965 17117 22729 8110 
21966 17121 22733 8111 
21972 17131 22737 8112 
21976 17136 22743 8117 
21985 17142 22745 8118 
21990 17147 22754 8118 
21996 17156 22759 8119 
22007 17160 22764 8121 
22015 17165 22772 8124 
22021 17169 22782 8128 
22030 17175 22785 8132 
22041 17178 22795 8134 
22047 17183 22801 8137 
22054 17187 22810 8138 
22061 17193 22811 8140 
22062 17199 22817 8142 
22066 17203 22826 8146 
22071 17207 22831 8148 
22079 17213 22837 8149 
22095 17216 22840 8151 
22106 17218 22846 8152 
22109 17220 22849 8156 
22115 17225 22857 8157 
22118 17230 22865 8159 
22120 17237 22876 8161 
22124 17241 22884 8166 
22128 17248 22888 8168 
22134 17259 22896 8170 
