0 0 0 0 
7 4 5 4 
14 5 12 9 
18 9 17 9 
23 11 27 10 
26 12 32 13 
29 16 37 16 
31 19 39 20 
34 21 43 20 
36 24 46 22 
41 27 47 23 
44 30 52 25 
50 34 59 26 
56 35 64 28 
63 37 66 30 
71 38 69 33 
77 42 71 35 
80 46 78 37 
84 50 84 40 
87 51 91 41 
88 54 98 43 
93 58 106 45 
96 62 112 45 
99 64 117 48 
101 67 118 53 
108 68 125 57 
115 78 127 57 
120 82 133 59 
122 87 137 60 
125 90 145 62 
129 95 148 65 
131 98 154 66 
140 101 159 68 
144 103 165 72 
152 108 173 74 
159 109 180 76 
161 111 182 77 
171 116 188 77 
178 123 196 79 
183 127 201 80 
186 129 205 84 
193 131 213 85 
202 132 217 85 
205 139 223 86 
210 144 228 88 
214 146 236 91 
219 148 241 93 
222 151 245 95 
228 156 247 98 
235 157 252 99 
242 160 256 99 
245 166 263 102 
250 168 272 105 
260 170 277 107 
265 175 285 108 
270 181 292 109 
275 187 294 111 
279 191 302 113 
283 196 308 114 
288 198 316 119 
293 202 320 121 
301 212 329 123 
304 213 337 129 
308 217 340 130 
312 221 345 131 
316 228 349 134 
319 232 354 135 
327 233 363 138 
334 242 366 141 
343 246 375 143 
348 252 381 147 
357 253 384 148 
362 257 386 151 
368 259 392 151 
379 262 399 152 
383 265 405 154 
391 268 408 156 
395 272 411 157 
399 273 419 157 
406 276 422 157 
413 280 427 158 
421 283 428 160 
422 288 433 162 
425 295 438 164 
430 299 438 165 
437 305 443 165 
442 308 446 167 
449 313 451 167 
454 316 454 168 
459 318 457 168 
468 320 467 168 
471 324 473 169 
480 328 481 173 
486 332 488 175 
489 334 493 176 
491 338 499 178 
502 342 506 182 
505 344 512 185 
512 350 515 188 
520 351 517 191 
530 358 524 192 
537 361 532 195 
539 365 539 197 
545 369 547 197 
551 371 552 199 
555 374 556 201 
559 377 563 202 
564 382 566 203 
572 386 574 208 
578 391 580 210 
584 393 584 211 
591 398 590 211 
594 400 592 213 
599 402 598 219 
606 407 604 221 
612 411 606 221 
617 413 610 222 
622 417 613 222 
626 419 616 223 
631 422 619 223 
636 428 625 224 
644 433 632 226 
649 438 638 231 
653 441 642 231 
658 446 648 232 
665 449 654 233 
671 452 659 234 
678 456 665 237 
685 459 669 237 
690 463 673 237 
697 465 678 237 
701 466 686 237 
705 466 693 238 
719 468 699 238 
721 471 701 241 
729 472 706 244 
735 475 711 246 
743 480 716 246 
750 483 717 246 
754 485 726 249 
764 491 733 252 
772 495 739 253 
780 499 742 253 
785 504 748 253 
789 505 751 255 
796 507 755 256 
801 509 766 261 
806 510 771 261 
810 513 774 262 
818 517 778 262 
826 520 788 263 
833 524 792 264 
836 529 800 265 
844 531 806 265 
848 538 812 267 
852 545 817 268 
858 547 825 269 
863 551 835 274 
868 552 838 275 
874 555 841 280 
879 557 845 284 
884 561 850 287 
888 562 853 289 
894 567 856 289 
900 571 858 290 
905 578 864 290 
912 580 869 293 
918 583 876 297 
923 586 887 299 
925 587 892 301 
931 594 894 301 
937 597 901 304 
941 603 904 306 
947 605 909 311 
952 607 914 312 
955 608 920 316 
961 610 923 319 
966 612 926 321 
970 614 930 324 
973 617 937 326 
977 620 941 327 
989 631 944 329 
1002 636 953 330 
1007 642 959 336 
1016 647 964 337 
1022 654 967 339 
1024 659 971 342 
1027 661 974 343 
1027 665 979 345 
1031 671 981 349 
1037 672 985 350 
1042 677 993 351 
1046 678 1002 353 
1050 687 1006 353 
1059 691 1009 355 
1069 693 1019 358 
1072 695 1025 358 
1081 700 1029 359 
1088 703 1034 362 
1093 712 1036 362 
1095 715 1042 365 
1103 719 1048 368 
1109 721 1053 371 
1114 725 1055 373 
1120 732 1065 375 
1125 734 1070 378 
1127 738 1074 380 
1134 739 1076 382 
1140 742 1079 383 
1146 745 1083 385 
1155 749 1085 386 
1160 753 1088 388 
1166 761 1094 391 
1171 765 1101 392 
1178 769 1105 393 
1183 772 1111 393 
1185 777 1117 395 
1190 781 1120 397 
1192 783 1126 399 
1193 785 1132 402 
1197 786 1137 403 
1205 788 1146 406 
1209 792 1146 409 
1213 796 1149 411 
1221 796 1156 411 
1228 798 1158 413 
1235 802 1162 413 
1240 808 1169 415 
1244 810 1171 420 
1245 816 1178 420 
1251 822 1185 423 
1260 827 1189 428 
1265 828 1196 431 
1271 834 1201 432 
1279 839 1205 435 
1287 844 1209 437 
1294 847 1216 437 
1301 850 1221 439 
1309 853 1225 440 
1320 860 1229 442 
1325 865 1233 443 
1329 872 1239 444 
1333 877 1241 446 
1340 882 1245 449 
1347 886 1253 449 
1350 894 1255 450 
1357 902 1261 451 
1358 904 1270 453 
1362 909 1275 454 
1368 913 1281 456 
1371 918 1285 460 
1377 919 1289 461 
1382 923 1291 463 
1383 926 1297 465 
1389 929 1301 466 
1397 931 1307 467 
1402 933 1311 472 
1409 936 1314 473 
1413 940 1320 473 
1419 945 1324 475 
1428 949 1332 480 
1432 953 1336 481 
1434 957 1341 481 
1437 961 1345 484 
1440 964 1351 484 
1443 967 1357 484 
1446 970 1361 489 
1450 975 1366 492 
1459 980 1370 493 
1463 987 1374 495 
1469 992 1378 499 
1473 998 1380 500 
1476 1001 1386 502 
1484 1004 1392 503 
1489 1006 1397 504 
1495 1008 1406 509 
1500 1011 1408 509 
1505 1015 1410 511 
1512 1016 1414 513 
1516 1020 1420 516 
1523 1022 1421 519 
1527 1024 1429 520 
1533 1026 1433 522 
1538 1029 1441 522 
1549 1033 1449 523 
1554 1036 1454 527 
1557 1040 1461 527 
1562 1043 1465 531 
1567 1052 1468 532 
1574 1057 1473 533 
1582 1062 1477 534 
1586 1065 1482 534 
1590 1069 1485 536 
1596 1074 1491 539 
1602 1075 1496 544 
1609 1078 1505 545 
1613 1079 1511 547 
1622 1083 1513 548 
1623 1085 1516 548 
1628 1088 1523 549 
1634 1095 1527 552 
1642 1100 1529 555 
1651 1103 1538 559 
1656 1106 1546 559 
1661 1112 1553 563 
1667 1115 1558 564 
1673 1119 1561 566 
1680 1122 1567 568 
1686 1127 1571 568 
1693 1131 1577 570 
1702 1135 1580 572 
1703 1139 1587 573 
1710 1143 1591 576 
1714 1146 1596 578 
1721 1150 1603 578 
1730 1157 1608 579 
1733 1163 1609 580 
1738 1164 1612 584 
1740 1167 1620 586 
1752 1172 1626 590 
1755 1173 1633 592 
1764 1177 1637 594 
1772 1180 1640 596 
1777 1184 1649 598 
1785 1189 1651 599 
1790 1191 1654 601 
1799 1192 1657 602 
1805 1195 1662 603 
1809 1196 1666 606 
1814 1204 1669 607 
1819 1211 1679 608 
1824 1215 1685 611 
1833 1215 1693 612 
1841 1220 1696 615 
1848 1224 1701 615 
1853 1226 1707 616 
1855 1227 1711 618 
1856 1230 1714 622 
1864 1235 1719 624 
1873 1237 1723 625 
1878 1240 1727 626 
1883 1244 1731 627 
1888 1249 1738 629 
1895 1249 1743 632 
1897 1257 1748 633 
1899 1262 1754 634 
1905 1267 1758 636 
1911 1271 1764 637 
1914 1272 1770 639 
1920 1274 1772 640 
1927 1276 1778 641 
1933 1280 1781 643 
1936 1284 1787 647 
1940 1289 1798 648 
1944 1291 1801 648 
1952 1295 1806 651 
1954 1300 1814 651 
1959 1304 1820 652 
1965 1309 1826 654 
1970 1312 1829 654 
1973 1314 1836 655 
1982 1316 1841 657 
1990 1318 1842 657 
1999 1325 1848 658 
2006 1328 1854 660 
2016 1329 1859 664 
2026 1337 1867 666 
2031 1338 1869 668 
2033 1340 1872 669 
2038 1343 1874 669 
2044 1346 1881 670 
2047 1348 1883 671 
2052 1350 1890 672 
2058 1353 1894 672 
2065 1356 1898 674 
2070 1359 1903 674 
2072 1370 1905 675 
2078 1373 1912 677 
2084 1381 1915 681 
2094 1384 1917 682 
2100 1384 1921 683 
2104 1386 1926 684 
2108 1390 1932 686 
2114 1393 1941 688 
2121 1395 1944 690 
2125 1396 1947 691 
2133 1405 1949 693 
2137 1406 1955 697 
2143 1412 1957 701 
2147 1413 1962 702 
2154 1415 1967 703 
2162 1418 1975 707 
2165 1422 1979 712 
2168 1428 1983 713 
2171 1433 1991 714 
2177 1439 1995 718 
2180 1444 2002 719 
2187 1448 2010 724 
2191 1450 2014 726 
2196 1450 2018 728 
2203 1455 2022 730 
2205 1460 2027 734 
2212 1467 2028 736 
2223 1472 2038 737 
2231 1479 2042 738 
2236 1482 2046 739 
2244 1485 2050 740 
2250 1491 2054 741 
2252 1494 2060 741 
2255 1498 2067 742 
2261 1500 2073 742 
2267 1503 2079 742 
2273 1506 2086 742 
2283 1508 2088 744 
2293 1510 2093 745 
2301 1516 2098 747 
2305 1525 2105 749 
2314 1529 2110 750 
2320 1534 2113 755 
2327 1539 2116 759 
2331 1540 2119 761 
2335 1543 2126 763 
2338 1549 2130 763 
2345 1553 2135 767 
2354 1556 2142 768 
2365 1560 2147 771 
2370 1564 2149 772 
2376 1569 2152 774 
2384 1571 2159 774 
2387 1573 2168 777 
2392 1576 2172 779 
2396 1578 2179 780 
2399 1585 2186 782 
2402 1588 2189 785 
2408 1589 2191 785 
2419 1594 2193 788 
2420 1599 2197 790 
2424 1603 2203 791 
2431 1607 2205 791 
2439 1613 2210 791 
2441 1617 2216 794 
2446 1619 2224 796 
2452 1624 2230 796 
2457 1627 2236 802 
2460 1634 2242 805 
2466 1636 2246 808 
2475 1638 2252 812 
2480 1643 2258 813 
2485 1647 2265 818 
2491 1650 2271 822 
2498 1655 2276 824 
2500 1660 2282 825 
2506 1666 2289 827 
2511 1676 2294 828 
2517 1678 2302 832 
2525 1684 2309 836 
2530 1689 2314 838 
2540 1689 2318 840 
2548 1692 2321 841 
2552 1694 2325 844 
2559 1702 2335 844 
2566 1706 2338 845 
2570 1713 2341 848 
2574 1717 2345 852 
2580 1721 2353 853 
2581 1724 2359 853 
2587 1727 2364 857 
2597 1730 2367 858 
2602 1735 2373 858 
2606 1742 2378 859 
2614 1743 2383 860 
2618 1745 2392 860 
2622 1749 2393 860 
2628 1754 2398 863 
2636 1756 2400 865 
2642 1759 2405 866 
2645 1764 2413 868 
2651 1770 2419 868 
2658 1774 2423 868 
2664 1781 2429 870 
2670 1783 2434 872 
2674 1785 2446 874 
2680 1789 2455 875 
2684 1791 2456 877 
2685 1795 2461 880 
2690 1795 2467 881 
2693 1801 2472 883 
2694 1806 2478 885 
2699 1814 2483 888 
2705 1815 2490 891 
2708 1816 2493 892 
2717 1817 2497 892 
2723 1822 2502 895 
2726 1828 2508 897 
2731 1830 2511 898 
2736 1833 2517 898 
2738 1836 2521 901 
2745 1842 2525 901 
2750 1845 2536 904 
2755 1851 2539 905 
2761 1854 2545 906 
2769 1859 2550 906 
2772 1866 2557 909 
2782 1870 2566 910 
2785 1875 2571 911 
2793 1877 2575 914 
2801 1880 2579 914 
2806 1883 2583 920 
2809 1885 2593 922 
2817 1888 2596 922 
2822 1892 2603 923 
2825 1900 2607 925 
2830 1902 2612 927 
2834 1902 2616 929 
2837 1907 2625 929 
2841 1911 2634 929 
2848 1914 2637 931 
2856 1919 2643 931 
2862 1925 2657 933 
2869 1927 2661 936 
2875 1931 2665 937 
2880 1937 2672 940 
2883 1940 2681 940 
2889 1942 2687 946 
2896 1946 2689 948 
2902 1949 2695 948 
2904 1956 2699 949 
2908 1962 2711 953 
2915 1962 2714 955 
2920 1965 2718 958 
2922 1972 2724 960 
2926 1973 2726 961 
2933 1977 2729 965 
2941 1977 2733 967 
2945 1979 2737 970 
2953 1983 2747 971 
2956 1987 2750 973 
2962 1990 2753 974 
2969 1995 2762 974 
2977 2001 2769 977 
2983 2002 2777 977 
2989 2005 2779 980 
2995 2011 2782 981 
2999 2016 2786 984 
3002 2020 2791 984 
3005 2025 2798 985 
3011 2030 2802 985 
3017 2033 2810 986 
3024 2034 2817 989 
3029 2036 2821 992 
3033 2038 2828 993 
3039 2041 2829 993 
3040 2043 2834 995 
3045 2050 2843 997 
3049 2055 2846 1000 
3051 2057 2850 1001 
3057 2064 2857 1004 
3067 2068 2861 1005 
3071 2072 2866 1006 
3081 2074 2871 1008 
3088 2077 2873 1010 
3098 2079 2878 1011 
3103 2085 2884 1013 
3112 2088 2888 1013 
3118 2088 2890 1013 
3123 2094 2898 1017 
3130 2098 2903 1017 
3135 2101 2909 1017 
3137 2104 2918 1020 
3141 2107 2919 1021 
3144 2110 2925 1022 
3147 2116 2929 1024 
3150 2121 2934 1024 
3158 2125 2939 1026 
3167 2129 2943 1028 
3170 2133 2947 1031 
3175 2138 2949 1033 
3179 2141 2958 1036 
3188 2148 2965 1038 
3192 2153 2969 1041 
3195 2154 2974 1043 
3199 2159 2980 1044 
3205 2165 2985 1046 
3208 2168 2988 1046 
3217 2169 2991 1048 
3220 2173 2998 1049 
3225 2176 3002 1050 
3231 2180 3008 1051 
3242 2184 3015 1052 
3245 2188 3021 1053 
3251 2191 3024 1054 
3258 2191 3027 1058 
3265 2191 3037 1062 
3272 2192 3045 1063 
3278 2193 3052 1067 
3283 2197 3053 1068 
3292 2200 3058 1070 
3299 2202 3065 1074 
3304 2207 3068 1074 
3309 2213 3074 1076 
3316 2221 3075 1080 
3320 2223 3082 1081 
3321 2228 3085 1082 
3324 2230 3090 1083 
3328 2235 3093 1083 
3338 2242 3098 1085 
3342 2247 3109 1089 
3348 2248 3116 1093 
3354 2250 3125 1094 
3358 2254 3132 1095 
3358 2259 3135 1099 
3361 2267 3141 1101 
3364 2270 3142 1105 
3366 2276 3145 1106 
3371 2281 3147 1106 
3374 2286 3150 1107 
3383 2293 3156 1108 
3393 2298 3161 1112 
3397 2302 3169 1114 
3402 2305 3170 1114 
3408 2314 3176 1116 
3414 2320 3185 1119 
3427 2320 3191 1121 
3432 2328 3196 1124 
3436 2334 3202 1124 
3438 2339 3209 1127 
3441 2344 3212 1129 
3448 2351 3218 1129 
3453 2357 3225 1130 
3457 2363 3229 1131 
3462 2367 3234 1133 
3468 2373 3240 1138 
3476 2378 3245 1139 
3486 2383 3250 1140 
3491 2384 3260 1141 
3497 2386 3268 1143 
3503 2390 3276 1145 
3504 2396 3279 1148 
3507 2398 3285 1150 
3511 2400 3290 1153 
3515 2405 3295 1155 
3520 2413 3301 1157 
3525 2416 3314 1159 
3533 2418 3322 1161 
3535 2421 3329 1161 
3542 2427 3335 1162 
3548 2437 3340 1163 
3555 2445 3344 1165 
3557 2450 3348 1165 
3564 2453 3350 1170 
3572 2455 3355 1171 
3580 2459 3362 1173 
3588 2462 3365 1175 
3591 2464 3371 1177 
3595 2469 3376 1181 
3597 2473 3385 1184 
3602 2477 3388 1188 
3608 2481 3392 1191 
3616 2484 3396 1193 
3623 2487 3400 1196 
3625 2489 3403 1199 
3631 2491 3404 1199 
3636 2498 3409 1202 
3643 2501 3417 1202 
3649 2505 3422 1203 
3652 2508 3428 1204 
3659 2511 3434 1205 
3662 2517 3440 1208 
3666 2520 3443 1212 
3670 2523 3447 1212 
3676 2527 3449 1213 
3678 2529 3454 1214 
3680 2535 3459 1217 
3687 2536 3469 1218 
3693 2538 3474 1220 
3698 2539 3477 1220 
3704 2540 3481 1223 
3710 2543 3484 1225 
3715 2548 3489 1226 
3717 2550 3496 1230 
3724 2551 3499 1234 
3729 2555 3507 1238 
3734 2558 3518 1239 
3738 2559 3525 1243 
3742 2563 3528 1249 
3747 2567 3535 1255 
3751 2571 3537 1259 
3755 2574 3546 1262 
3762 2577 3552 1265 
3765 2584 3561 1267 
3769 2589 3566 1267 
3776 2592 3570 1267 
3780 2594 3576 1268 
3785 2597 3583 1269 
3788 2599 3586 1270 
3794 2599 3593 1270 
3798 2602 3597 1272 
3801 2608 3604 1272 
3806 2614 3609 1273 
3806 2620 3613 1274 
3813 2622 3619 1276 
3816 2628 3621 1278 
3826 2634 3629 1278 
3828 2641 3633 1278 
3832 2643 3635 1278 
3838 2647 3640 1281 
3842 2651 3646 1284 
3850 2657 3653 1287 
3856 2659 3658 1291 
3860 2661 3660 1291 
3866 2665 3667 1293 
3874 2669 3670 1294 
3880 2674 3678 1295 
3884 2678 3682 1298 
3886 2682 3684 1299 
3894 2686 3690 1303 
3904 2689 3697 1307 
3906 2694 3703 1309 
3910 2703 3710 1312 
3915 2705 3714 1314 
3918 2710 3720 1316 
3924 2718 3721 1316 
3928 2723 3723 1318 
3934 2730 3729 1321 
3941 2733 3732 1321 
3946 2735 3739 1322 
3950 2741 3746 1324 
3953 2744 3751 1325 
3955 2746 3756 1327 
3965 2750 3760 1328 
3972 2754 3767 1330 
3979 2758 3769 1331 
3986 2763 3773 1334 
3989 2764 3783 1337 
3994 2768 3789 1338 
4003 2773 3796 1342 
4005 2779 3802 1344 
4010 2783 3810 1344 
4015 2785 3815 1346 
4023 2789 3821 1348 
4025 2796 3823 1350 
4036 2803 3829 1353 
4044 2810 3836 1355 
4052 2812 3843 1356 
4059 2815 3852 1358 
4066 2818 3859 1361 
4070 2821 3869 1366 
4075 2825 3874 1367 
4079 2827 3877 1370 
4086 2830 3881 1373 
4088 2833 3883 1376 
4094 2835 3886 1377 
4098 2838 3889 1378 
4101 2843 3896 1378 
4105 2846 3902 1382 
4112 2852 3905 1383 
4119 2857 3910 1385 
4125 2864 3913 1387 
4135 2865 3924 1390 
4140 2871 3927 1391 
4145 2878 3930 1392 
4150 2880 3935 1395 
4154 2883 3937 1397 
4156 2887 3944 1399 
4158 2889 3946 1401 
4164 2897 3952 1403 
4168 2900 3956 1404 
4174 2901 3958 1404 
4182 2907 3963 1406 
4188 2914 3969 1408 
4192 2916 3972 1409 
4193 2927 3981 1411 
4196 2928 3988 1412 
4201 2930 3996 1413 
4208 2938 4001 1416 
4217 2946 4011 1421 
4224 2946 4015 1425 
4235 2948 4019 1427 
4237 2957 4023 1428 
4239 2963 4030 1430 
4245 2965 4031 1433 
4249 2971 4038 1434 
4252 2976 4040 1435 
4255 2980 4045 1436 
4259 2984 4051 1437 
4265 2991 4057 1437 
4269 2995 4067 1437 
4277 3000 4074 1439 
4285 3006 4074 1441 
4288 3007 4082 1444 
4296 3012 4086 1447 
4298 3014 4091 1449 
4301 3015 4093 1452 
4306 3020 4099 1453 
4312 3023 4102 1456 
4318 3023 4104 1458 
4320 3028 4108 1458 
4326 3029 4114 1460 
4332 3032 4118 1464 
4335 3037 4121 1465 
4338 3039 4128 1466 
4346 3044 4134 1466 
4349 3050 4139 1469 
4354 3053 4144 1473 
4364 3059 4147 1476 
4367 3065 4151 1477 
4376 3067 4155 1480 
4384 3072 4161 1481 
4386 3073 4163 1484 
4390 3077 4168 1485 
4396 3081 4174 1485 
4403 3087 4177 1485 
4413 3092 4178 1487 
4420 3094 4182 1487 
4424 3098 4186 1491 
4427 3100 4188 1491 
4434 3106 4194 1494 
4438 3108 4196 1497 
4443 3110 4200 1498 
4450 3113 4205 1499 
4453 3119 4212 1499 
4460 3123 4216 1501 
4467 3129 4219 1502 
4471 3130 4225 1503 
4479 3133 4230 1507 
4482 3139 4237 1511 
4490 3144 4240 1512 
4496 3146 4245 1514 
4500 3148 4246 1514 
4506 3154 4248 1518 
4513 3158 4252 1522 
4519 3162 4258 1522 
4522 3166 4262 1524 
4528 3168 4268 1525 
4536 3172 4271 1528 
4538 3175 4275 1529 
4542 3178 4280 1533 
4550 3182 4287 1536 
4559 3183 4293 1536 
4563 3183 4300 1538 
4568 3192 4307 1541 
4572 3198 4313 1545 
4578 3201 4320 1548 
4586 3203 4323 1549 
4591 3207 4326 1549 
4600 3214 4332 1552 
4601 3219 4340 1556 
4604 3223 4342 1559 
4609 3225 4344 1562 
4613 3231 4351 1564 
4617 3239 4359 1565 
4617 3241 4366 1565 
4622 3244 4371 1566 
4626 3251 4372 1567 
4633 3256 4383 1571 
4639 3260 4387 1573 
4642 3266 4393 1573 
4645 3272 4401 1574 
4650 3275 4406 1576 
4653 3280 4410 1580 
4662 3284 4415 1584 
4668 3289 4427 1585 
4672 3291 4437 1587 
4676 3295 4440 1590 
4680 3298 4449 1591 
4687 3304 4455 1592 
4693 3311 4460 1593 
4699 3314 4465 1597 
4703 3316 4472 1601 
4712 3324 4476 1602 
4716 3332 4484 1605 
4722 3335 4488 1607 
4723 3342 4495 1610 
4731 3345 4498 1611 
4741 3345 4506 1615 
4747 3348 4509 1617 
4756 3352 4513 1618 
4765 3355 4515 1618 
4771 3358 4519 1620 
4775 3362 4524 1621 
4785 3365 4525 1621 
4787 3369 4531 1621 
4794 3375 4535 1621 
4800 3376 4545 1623 
4804 3382 4552 1624 
4811 3387 4559 1626 
4819 3391 4564 1627 
4825 3393 4565 1629 
4829 3395 4572 1629 
4832 3399 4582 1632 
4839 3401 4586 1635 
4848 3408 4591 1636 
4854 3408 4596 1637 
4859 3411 4603 1638 
4863 3414 4609 1640 
4873 3418 4615 1642 
4879 3422 4622 1646 
4886 3423 4628 1646 
4891 3430 4632 1651 
4894 3433 4637 1652 
4896 3433 4646 1655 
4902 3440 4653 1655 
4906 3443 4658 1658 
4906 3449 4662 1658 
4910 3454 4665 1660 
4919 3458 4670 1660 
4922 3462 4675 1662 
4925 3464 4677 1666 
4929 3466 4680 1670 
4931 3468 4683 1671 
4937 3470 4689 1676 
4943 3475 4693 1681 
4946 3478 4700 1681 
4950 3480 4704 1684 
4953 3483 4711 1685 
4962 3485 4714 1685 
4966 3487 4721 1689 
4974 3490 4726 1691 
4977 3498 4729 1695 
4983 3500 4732 1697 
4986 3507 4737 1697 
4990 3514 4743 1701 
4995 3519 4749 1702 
4999 3523 4753 1703 
5002 3527 4758 1706 
5009 3532 4761 1711 
5016 3536 4765 1712 
5021 3539 4770 1713 
5026 3550 4772 1716 
5030 3555 4779 1717 
5035 3558 4782 1720 
5039 3560 4789 1722 
5044 3565 4796 1724 
5048 3572 4806 1726 
5055 3578 4810 1727 
5061 3581 4813 1729 
5068 3586 4817 1730 
5074 3589 4825 1733 
5082 3595 4827 1734 
5088 3598 4834 1735 
5094 3603 4838 1736 
5103 3604 4850 1738 
5106 3606 4856 1742 
5109 3609 4863 1744 
5116 3613 4864 1747 
5117 3615 4867 1747 
5121 3617 4873 1751 
5127 3620 4877 1751 
5127 3623 4886 1752 
5130 3629 4891 1752 
5137 3633 4894 1754 
5140 3635 4899 1757 
5142 3640 4907 1757 
5146 3641 4910 1759 
5151 3643 4914 1764 
5154 3648 4920 1768 
5163 3650 4926 1770 
5167 3655 4927 1772 
5169 3660 4932 1774 
5177 3661 4935 1776 
5180 3662 4940 1777 
5187 3669 4944 1777 
5191 3674 4949 1779 
5194 3679 4953 1779 
5201 3681 4957 1782 
5205 3685 4963 1784 
5212 3687 4971 1787 
5220 3691 4974 1787 
5225 3694 4982 1787 
5233 3697 4986 1789 
5239 3699 4988 1791 
5245 3699 4990 1793 
5251 3703 4995 1797 
5255 3706 5004 1800 
5258 3712 5010 1806 
5263 3714 5015 1807 
5269 3717 5020 1808 
5276 3721 5029 1810 
5282 3723 5036 1812 
5286 3725 5042 1813 
5288 3727 5049 1815 
5293 3729 5053 1818 
5298 3732 5058 1821 
5303 3735 5063 1823 
5307 3738 5068 1823 
5308 3740 5070 1824 
5313 3743 5073 1827 
5318 3750 5077 1828 
5325 3755 5081 1829 
5329 3758 5086 1831 
5335 3762 5090 1834 
5341 3766 5096 1837 
5346 3770 5102 1839 
5348 3778 5103 1839 
5354 3783 5107 1839 
5355 3786 5110 1839 
5366 3789 5116 1841 
5372 3796 5125 1844 
5374 3800 5128 1844 
5378 3807 5132 1845 
5384 3811 5137 1848 
5388 3814 5144 1849 
5393 3817 5149 1849 
5401 3821 5155 1852 
5408 3823 5162 1855 
5409 3827 5168 1855 
5418 3831 5172 1857 
5420 3837 5177 1858 
5423 3838 5180 1861 
5430 3843 5184 1864 
5433 3850 5188 1866 
5437 3856 5197 1870 
5439 3858 5198 1870 
5445 3861 5205 1873 
5448 3869 5208 1873 
5455 3875 5217 1874 
5460 3879 5224 1874 
5468 3881 5227 1878 
5470 3886 5231 1878 
5475 3890 5236 1879 
5480 3893 5245 1880 
5483 3899 5248 1883 
5490 3904 5252 1887 
5495 3906 5257 1889 
5499 3913 5262 1890 
5505 3916 5265 1892 
5507 3919 5268 1895 
5515 3922 5275 1896 
5519 3925 5283 1897 
5520 3930 5289 1898 
5524 3934 5291 1901 
5529 3941 5297 1905 
5532 3941 5303 1909 
5533 3946 5309 1910 
5538 3954 5315 1912 
5540 3956 5321 1913 
5547 3961 5332 1915 
5548 3963 5334 1917 
5556 3970 5344 1922 
5560 3976 5349 1925 
5564 3981 5356 1926 
5569 3983 5360 1926 
5571 3987 5365 1926 
5582 3989 5367 1928 
5589 3991 5370 1930 
5594 3998 5378 1930 
5600 4000 5384 1931 
5606 4004 5387 1934 
5613 4008 5394 1934 
5618 4011 5400 1936 
5622 4014 5406 1937 
5630 4017 5413 1938 
5636 4020 5421 1938 
5638 4024 5425 1942 
5641 4029 5433 1945 
5644 4031 5434 1946 
5650 4040 5438 1950 
5653 4043 5444 1951 
5659 4045 5449 1953 
5663 4049 5453 1959 
5670 4055 5455 1959 
5675 4058 5463 1962 
5679 4060 5466 1962 
5681 4066 5468 1963 
5685 4073 5476 1964 
5689 4076 5483 1966 
5691 4077 5490 1966 
5696 4079 5494 1967 
5704 4081 5503 1967 
5708 4086 5504 1968 
5715 4087 5510 1970 
5723 4088 5518 1973 
5731 4092 5522 1974 
5738 4094 5532 1977 
5745 4099 5538 1979 
5747 4102 5545 1981 
5754 4112 5548 1985 
5758 4115 5553 1988 
5764 4117 5557 1991 
5770 4122 5560 1992 
5774 4124 5566 1997 
5775 4129 5571 1997 
5778 4129 5572 1998 
5790 4131 5577 2001 
5796 4133 5581 2001 
5802 4140 5587 2001 
5806 4141 5593 2001 
5814 4146 5597 2006 
5816 4147 5603 2009 
5825 4148 5609 2011 
5829 4152 5613 2014 
5837 4154 5620 2017 
5845 4158 5625 2020 
5854 4161 5636 2021 
5856 4163 5639 2023 
5861 4166 5644 2026 
5864 4174 5649 2027 
5870 4177 5656 2031 
5877 4181 5663 2032 
5887 4189 5668 2032 
5893 4191 5673 2033 
5895 4194 5681 2038 
5898 4196 5686 2038 
5907 4199 5691 2043 
5910 4203 5694 2046 
5912 4208 5701 2048 
5922 4212 5706 2050 
5930 4219 5711 2051 
5937 4222 5717 2053 
5942 4225 5725 2054 
5946 4233 5726 2059 
5952 4234 5733 2061 
5962 4241 5738 2063 
5967 4245 5744 2067 
5972 4249 5750 2069 
5976 4254 5754 2071 
5980 4256 5765 2074 
5985 4261 5769 2077 
5987 4267 5775 2082 
5989 4273 5781 2085 
5993 4280 5787 2089 
5998 4282 5794 2090 
6004 4288 5801 2093 
6005 4290 5807 2096 
6008 4292 5812 2096 
6019 4294 5816 2098 
6025 4297 5823 2103 
6031 4301 5829 2108 
6032 4306 5831 2110 
6036 4310 5840 2110 
6046 4312 5843 2110 
6048 4319 5851 2112 
6055 4320 5858 2115 
6065 4324 5867 2116 
6074 4331 5876 2119 
6078 4335 5883 2121 
6082 4343 5890 2122 
6088 4347 5895 2124 
6096 4350 5898 2124 
6102 4355 5905 2125 
6110 4361 5909 2126 
6115 4368 5911 2127 
6119 4373 5915 2133 
6129 4376 5917 2135 
6134 4376 5923 2135 
6144 4384 5931 2138 
6149 4389 5934 2142 
6155 4391 5941 2144 
6159 4393 5944 2148 
6168 4396 5950 2150 
6172 4397 5954 2151 
6176 4399 5960 2153 
6180 4402 5964 2153 
6187 4407 5968 2155 
6192 4413 5972 2156 
6199 4417 5974 2157 
6207 4424 5976 2160 
6216 4429 5978 2161 
6224 4433 5982 2161 
6231 4435 5991 2162 
6234 4439 5992 2162 
6240 4441 5994 2167 
6244 4443 5999 2169 
6252 4448 6001 2174 
6258 4450 6005 2177 
6261 4452 6009 2179 
6268 4453 6012 2181 
6274 4458 6014 2185 
6283 4462 6021 2185 
6288 4465 6027 2186 
6291 4471 6032 2186 
6297 4475 6039 2186 
6303 4480 6043 2188 
6310 4482 6047 2188 
6316 4485 6055 2190 
6319 4486 6058 2190 
6324 4492 6066 2191 
6329 4495 6070 2192 
6333 4498 6076 2194 
6338 4501 6078 2195 
6343 4505 6090 2197 
6348 4510 6099 2200 
6355 4516 6106 2202 
6364 4520 6110 2204 
6371 4527 6113 2205 
6374 4532 6119 2207 
6379 4535 6127 2210 
6382 4541 6129 2215 
6384 4544 6131 2215 
6392 4549 6138 2216 
6398 4556 6145 2217 
6403 4559 6149 2218 
6406 4563 6154 2221 
6410 4568 6160 2221 
6414 4572 6168 2224 
6422 4574 6174 2227 
6425 4576 6177 2228 
6428 4578 6180 2230 
6432 4579 6183 2232 
6435 4582 6197 2233 
6439 4590 6203 2234 
6441 4596 6207 2239 
6446 4598 6212 2239 
6452 4604 6220 2241 
6461 4614 6222 2242 
6467 4616 6229 2243 
6470 4621 6235 2244 
6475 4624 6241 2245 
6481 4629 6247 2248 
6485 4632 6253 2248 
6490 4638 6256 2251 
6502 4641 6265 2253 
6509 4646 6270 2256 
6511 4654 6276 2257 
6516 4659 6279 2259 
6520 4665 6283 2262 
6525 4670 6288 2264 
6533 4673 6293 2268 
6537 4681 6298 2269 
6539 4686 6300 2271 
6543 4689 6310 2272 
6551 4694 6312 2274 
6557 4698 6320 2277 
6565 4703 6325 2280 
6568 4709 6326 2281 
6573 4716 6335 2283 
6581 4724 6340 2286 
6587 4731 6347 2288 
6594 4732 6353 2288 
6597 4738 6355 2289 
6603 4738 6357 2290 
6608 4741 6363 2290 
6616 4746 6370 2292 
6620 4749 6376 2294 
6626 4754 6381 2296 
6629 4758 6388 2298 
6638 4765 6393 2300 
6641 4769 6403 2302 
6645 4771 6410 2305 
6650 4776 6417 2307 
6657 4778 6421 2309 
6664 4781 6426 2310 
6672 4784 6431 2312 
6677 4788 6437 2313 
6687 4791 6446 2315 
6694 4796 6453 2315 
6699 4800 6456 2318 
6703 4802 6464 2319 
6709 4803 6468 2321 
6714 4809 6475 2325 
6717 4813 6480 2326 
6719 4820 6488 2326 
6723 4823 6496 2327 
6727 4827 6501 2328 
6730 4832 6507 2329 
6740 4841 6517 2330 
6745 4845 6524 2330 
6750 4849 6529 2333 
6761 4851 6533 2334 
6770 4855 6539 2336 
6781 4856 6547 2337 
6783 4865 6555 2338 
6785 4869 6559 2340 
6796 4875 6561 2342 
6801 4881 6563 2343 
6804 4883 6570 2344 
6810 4886 6577 2345 
6813 4889 6580 2347 
6817 4891 6590 2349 
6822 4893 6595 2353 
6825 4895 6600 2354 
6828 4899 6609 2355 
6835 4899 6613 2357 
6841 4902 6620 2358 
6846 4905 6623 2361 
6853 4908 6629 2362 
6857 4912 6634 2366 
6864 4916 6639 2368 
6871 4918 6643 2371 
6877 4923 6649 2372 
6880 4928 6652 2376 
6885 4929 6661 2378 
6887 4935 6666 2379 
6889 4939 6670 2381 
6897 4947 6676 2383 
6901 4951 6682 2386 
6907 4953 6689 2388 
6915 4955 6696 2389 
6916 4960 6700 2391 
6925 4961 6706 2394 
6930 4965 6711 2394 
6941 4970 6722 2396 
6950 4975 6732 2399 
6953 4980 6741 2403 
6960 4987 6746 2405 
6965 4990 6758 2405 
6969 4993 6763 2408 
6973 4994 6766 2410 
6980 4995 6772 2412 
6984 5001 6780 2413 
6990 5004 6784 2415 
6994 5004 6788 2416 
6999 5011 6795 2417 
7005 5013 6799 2421 
7012 5015 6802 2422 
7022 5020 6809 2424 
7028 5023 6815 2426 
7034 5024 6823 2429 
7039 5028 6826 2432 
7048 5032 6832 2435 
7051 5034 6836 2437 
7057 5036 6840 2438 
7067 5038 6844 2440 
7071 5040 6850 2442 
7076 5044 6857 2446 
7079 5049 6863 2447 
7085 5057 6868 2449 
7089 5061 6873 2450 
7095 5069 6880 2452 
7102 5073 6886 2455 
7109 5076 6891 2460 
7111 5081 6898 2464 
7116 5089 6904 2468 
7121 5092 6909 2469 
7127 5098 6913 2471 
7129 5106 6921 2471 
7133 5113 6924 2472 
7136 5117 6930 2473 
7142 5120 6935 2477 
7144 5125 6939 2479 
7148 5129 6947 2483 
7151 5133 6952 2484 
7155 5137 6955 2484 
7162 5141 6963 2484 
7165 5144 6972 2486 
7176 5150 6975 2487 
7183 5156 6981 2490 
7186 5159 6987 2495 
7190 5165 6991 2496 
7195 5166 6998 2499 
7203 5172 7004 2501 
7208 5178 7007 2506 
7212 5181 7012 2508 
7220 5183 7018 2509 
7222 5184 7024 2510 
7224 5185 7029 2510 
7230 5189 7037 2510 
7239 5197 7041 2511 
7249 5202 7047 2513 
7255 5209 7054 2514 
7262 5211 7064 2514 
7265 5217 7068 2517 
7276 5219 7070 2517 
7281 5225 7076 2521 
7286 5228 7083 2523 
7291 5231 7091 2523 
7295 5238 7099 2527 
7299 5242 7104 2531 
7305 5251 7108 2532 
7310 5254 7115 2534 
7315 5258 7121 2537 
7320 5263 7128 2538 
7326 5266 7130 2539 
7333 5271 7137 2541 
7338 5273 7143 2545 
7344 5274 7145 2545 
7349 5281 7149 2547 
7356 5287 7154 2552 
7363 5291 7163 2553 
7373 5297 7167 2553 
7375 5303 7175 2555 
7381 5309 7184 2557 
7384 5310 7191 2560 
7389 5316 7198 2561 
7391 5324 7205 2563 
7399 5326 7213 2568 
7403 5335 7223 2574 
7408 5337 7226 2574 
7411 5341 7230 2579 
7417 5350 7237 2579 
7425 5355 7244 2583 
7429 5357 7248 2585 
7439 5363 7251 2589 
7441 5368 7255 2590 
7445 5380 7261 2590 
7454 5385 7264 2591 
7457 5389 7266 2591 
7462 5393 7270 2592 
7470 5397 7276 2593 
7471 5401 7282 2594 
7473 5403 7287 2597 
7479 5405 7297 2602 
7483 5409 7306 2605 
7487 5414 7311 2607 
7490 5419 7314 2608 
7494 5424 7321 2609 
7501 5429 7326 2611 
7506 5432 7330 2613 
7511 5434 7335 2614 
7518 5438 7339 2618 
7525 5442 7346 2622 
7527 5449 7351 2623 
7537 5453 7355 2625 
7543 5459 7359 2628 
7548 5466 7362 2632 
7552 5476 7368 2633 
7555 5477 7372 2637 
7556 5482 7375 2637 
7558 5487 7381 2637 
7562 5493 7389 2638 
7568 5499 7396 2640 
7571 5504 7402 2640 
7575 5508 7407 2640 
7580 5515 7413 2641 
7585 5522 7416 2643 
7591 5526 7425 2645 
7598 5526 7430 2648 
7602 5529 7436 2649 
7608 5530 7441 2653 
7610 5533 7442 2653 
7620 5540 7446 2655 
7623 5542 7449 2658 
7635 5546 7453 2661 
7642 5550 7463 2663 
7644 5550 7467 2665 
7653 5554 7474 2665 
7657 5561 7481 2667 
7663 5566 7485 2668 
7664 5567 7493 2670 
7676 5571 7495 2671 
7682 5571 7498 2673 
7686 5577 7505 2674 
7693 5580 7511 2676 
7700 5583 7513 2678 
7706 5586 7519 2680 
7711 5592 7523 2682 
7716 5595 7527 2682 
7720 5598 7533 2682 
7722 5605 7539 2683 
7730 5608 7544 2685 
7737 5614 7548 2689 
7743 5616 7553 2692 
7747 5621 7559 2694 
7754 5623 7563 2695 
7758 5626 7569 2696 
7760 5631 7577 2699 
7765 5637 7583 2701 
7778 5641 7592 2701 
7786 5645 7598 2702 
7793 5648 7600 2703 
7801 5651 7602 2705 
7808 5655 7607 2708 
7809 5659 7612 2710 
7816 5664 7617 2712 
7825 5665 7629 2713 
7835 5666 7629 2715 
7842 5667 7633 2720 
7847 5670 7634 2722 
7857 5678 7640 2725 
7863 5683 7648 2727 
7874 5687 7654 2728 
7880 5690 7663 2728 
7882 5695 7669 2730 
7886 5698 7675 2735 
7894 5705 7679 2735 
7900 5710 7684 2737 
7905 5713 7689 2739 
7908 5714 7693 2741 
7914 5717 7703 2744 
7925 5719 7707 2747 
7928 5722 7713 2750 
7935 5725 7716 2753 
7937 5732 7719 2754 
7943 5736 7724 2754 
7949 5744 7725 2754 
7958 5750 7729 2755 
7964 5756 7736 2756 
7971 5758 7743 2756 
7975 5759 7749 2757 
7981 5762 7756 2759 
7983 5765 7763 2759 
7986 5770 7771 2762 
7998 5774 7773 2764 
8004 5777 7776 2766 
8006 5780 7781 2770 
8009 5783 7785 2772 
8016 5789 7789 2774 
8019 5793 7791 2776 
8023 5798 7794 2777 
8032 5801 7798 2777 
8034 5805 7804 2779 
8039 5811 7806 2779 
8043 5817 7814 2781 
8050 5820 7821 2782 
8057 5822 7825 2782 
8061 5823 7832 2785 
8065 5827 7835 2787 
8073 5829 7840 2790 
8078 5834 7843 2794 
8084 5837 7849 2796 
8088 5842 7858 2800 
8090 5847 7859 2803 
8093 5850 7864 2806 
8095 5851 7872 2807 
8097 5857 7880 2809 
8105 5861 7888 2810 
8112 5862 7893 2810 
8120 5867 7898 2813 
8124 5871 7904 2815 
8129 5872 7909 2817 
8134 5879 7911 2820 
8140 5884 7915 2823 
8145 5888 7919 2825 
8155 5892 7928 2827 
8160 5898 7935 2830 
8167 5900 7939 2831 
8170 5903 7941 2833 
8176 5906 7949 2835 
8181 5910 7954 2837 
8187 5915 7960 2840 
8190 5916 7967 2840 
8198 5920 7968 2840 
8201 5930 7974 2843 
8206 5933 7982 2845 
8210 5943 7988 2845 
8219 5946 7995 2849 
8223 5956 8000 2850 
8225 5959 8006 2852 
8227 5960 8012 2852 
8232 5963 8020 2855 
8234 5963 8030 2857 
8239 5969 8033 2858 
8248 5973 8039 2859 
8253 5979 8043 2860 
8260 5985 8047 2863 
8265 5989 8053 2868 
8271 5991 8060 2870 
8274 5997 8068 2872 
8279 5999 8072 2872 
8280 6003 8077 2874 
8286 6007 8083 2876 
8291 6015 8086 2877 
8298 6019 8096 2878 
8301 6023 8098 2879 
8307 6026 8104 2881 
8310 6028 8111 2882 
8317 6031 8121 2884 
8326 6037 8125 2886 
8334 6043 8129 2887 
8345 6046 8139 2889 
8346 6046 8144 2891 
8351 6048 8153 2894 
8353 6056 8156 2896 
8361 6059 8160 2897 
8368 6066 8168 2899 
8375 6072 8172 2901 
8384 6080 8181 2903 
8389 6084 8182 2904 
8394 6087 8187 2906 
8399 6090 8190 2909 
8403 6094 8196 2909 
8404 6100 8203 2909 
8413 6100 8206 2912 
8419 6104 8212 2912 
8425 6107 8217 2913 
8428 6109 8222 2914 
8434 6114 8228 2918 
8441 6118 8233 2920 
8444 6122 8239 2921 
8454 6127 8245 2922 
8459 6131 8250 2923 
8469 6134 8253 2925 
8475 6136 8257 2925 
8482 6144 8262 2927 
8488 6150 8269 2931 
8495 6154 8274 2934 
8500 6160 8280 2934 
8502 6167 8284 2935 
8508 6171 8291 2936 
8511 6174 8296 2937 
8515 6182 8305 2940 
8520 6182 8309 2942 
8530 6185 8314 2944 
8536 6187 8319 2947 
8540 6193 8322 2949 
8546 6198 8326 2950 
8550 6202 8332 2950 
8556 6206 8336 2955 
8565 6209 8341 2955 
8568 6214 8348 2955 
8574 6220 8351 2955 
8578 6221 8356 2956 
8582 6224 8361 2956 
8586 6227 8369 2957 
8590 6230 8377 2961 
8593 6238 8385 2965 
8596 6242 8390 2967 
8601 6242 8396 2969 
8605 6248 8398 2970 
8608 6253 8402 2971 
8613 6259 8409 2973 
8614 6264 8416 2974 
8621 6268 8418 2975 
8625 6271 8419 2979 
8632 6275 8421 2984 
8636 6279 8425 2987 
8642 6279 8437 2989 
8649 6283 8445 2992 
8655 6293 8449 2993 
8657 6297 8455 2993 
8662 6303 8459 2998 
8668 6305 8465 3003 
8674 6310 8470 3006 
8683 6314 8473 3010 
8686 6316 8479 3010 
8691 6322 8486 3013 
8696 6328 8488 3014 
8704 6333 8490 3017 
8707 6337 8495 3019 
8710 6340 8499 3022 
8714 6345 8506 3022 
8721 6351 8512 3022 
8726 6355 8517 3025 
8733 6362 8524 3026 
8740 6363 8534 3028 
8749 6367 8539 3031 
8754 6371 8542 3033 
8763 6373 8550 3034 
8768 6377 8554 3034 
8774 6382 8559 3034 
8777 6382 8566 3034 
8782 6382 8576 3036 
8787 6385 8580 3039 
8792 6390 8585 3041 
8793 6395 8586 3045 
8796 6402 8591 3047 
8800 6406 8597 3051 
8806 6408 8605 3053 
8814 6411 8614 3055 
8820 6415 8619 3058 
8821 6418 8628 3062 
8825 6426 8631 3064 
8832 6432 8637 3066 
8838 6434 8643 3067 
8846 6438 8647 3070 
8850 6443 8651 3072 
8854 6448 8662 3072 
8860 6451 8671 3074 
8863 6459 8679 3076 
8868 6464 8685 3076 
8876 6469 8689 3079 
8883 6471 8696 3081 
8889 6473 8705 3088 
8894 6479 8713 3088 
8897 6482 8719 3091 
8905 6486 8726 3092 
8912 6489 8731 3096 
8915 6489 8739 3098 
8923 6493 8747 3101 
8931 6496 8750 3103 
8936 6500 8753 3104 
8941 6504 8757 3106 
8949 6508 8763 3107 
8955 6513 8773 3109 
8961 6518 8776 3112 
8966 6520 8780 3115 
8970 6527 8784 3116 
8974 6530 8789 3117 
8977 6534 8795 3118 
8982 6543 8799 3119 
8987 6546 8813 3123 
8990 6550 8818 3124 
8999 6552 8823 3124 
9005 6559 8827 3124 
9010 6567 8835 3126 
9016 6574 8840 3129 
9022 6575 8850 3130 
9029 6577 8854 3132 
9031 6581 8862 3134 
9036 6585 8864 3136 
9041 6589 8866 3137 
9047 6595 8869 3137 
9052 6600 8876 3141 
9056 6604 8883 3141 
9061 6606 8893 3142 
9066 6610 8900 3143 
9072 6614 8903 3144 
9080 6619 8908 3146 
9087 6626 8915 3148 
9096 6631 8924 3151 
9099 6635 8930 3152 
9102 6641 8935 3157 
9108 6641 8940 3159 
9111 6645 8947 3162 
9115 6647 8952 3163 
9122 6650 8957 3164 
9131 6653 8966 3165 
9135 6660 8978 3165 
9140 6664 8984 3169 
9145 6670 8993 3172 
9146 6672 9000 3176 
9151 6676 9005 3177 
9156 6678 9012 3183 
9162 6683 9019 3184 
9166 6690 9027 3186 
9170 6695 9031 3186 
9176 6697 9032 3189 
9177 6699 9041 3194 
9181 6705 9049 3201 
9188 6709 9053 3203 
9191 6711 9061 3207 
9195 6714 9067 3207 
9200 6719 9073 3210 
9208 6721 9085 3212 
9211 6722 9090 3214 
9217 6724 9099 3218 
9223 6729 9103 3220 
9227 6734 9107 3221 
9231 6735 9112 3221 
9235 6741 9114 3224 
9241 6747 9116 3227 
9244 6750 9119 3230 
9252 6751 9130 3235 
9256 6760 9141 3239 
9261 6762 9149 3242 
9269 6764 9153 3245 
9275 6767 9154 3247 
9284 6768 9160 3250 
9289 6771 9166 3250 
9297 6774 9174 3253 
9308 6777 9185 3255 
9311 6782 9190 3257 
9317 6786 9195 3259 
9321 6792 9201 3260 
9327 6797 9205 3260 
9335 6799 9215 3260 
9344 6804 9223 3263 
9347 6809 9232 3265 
9355 6814 9237 3266 
9357 6816 9243 3269 
9359 6824 9249 3274 
9365 6826 9253 3279 
9372 6834 9259 3282 
9378 6836 9263 3283 
9382 6843 9272 3284 
9385 6848 9278 3285 
9389 6854 9285 3288 
9396 6857 9292 3289 
9403 6863 9298 3292 
9409 6866 9310 3293 
9416 6872 9316 3294 
9421 6874 9323 3298 
9431 6881 9329 3299 
9441 6887 9334 3299 
9446 6894 9336 3300 
9452 6898 9341 3302 
9460 6901 9344 3303 
9467 6909 9352 3304 
9472 6916 9358 3305 
9477 6920 9362 3306 
9483 6922 9367 3310 
9485 6926 9374 3312 
9487 6929 9380 3315 
9492 6931 9387 3318 
9501 6935 9395 3319 
9506 6938 9404 3320 
9509 6941 9411 3323 
9510 6945 9419 3325 
9513 6952 9424 3328 
9519 6956 9431 3331 
9526 6963 9436 3332 
9536 6965 9437 3334 
9545 6966 9447 3336 
9547 6974 9455 3340 
9555 6979 9460 3342 
9560 6982 9462 3344 
9564 6988 9466 3346 
9570 6997 9469 3347 
9575 7002 9478 3349 
9580 7008 9485 3349 
9585 7011 9486 3356 
9589 7016 9488 3356 
9598 7020 9492 3356 
9600 7025 9497 3358 
9604 7029 9499 3361 
9608 7036 9506 3363 
9614 7041 9512 3370 
9617 7043 9520 3371 
9625 7048 9524 3373 
9630 7051 9533 3375 
9638 7054 9539 3379 
9649 7057 9547 3381 
9658 7059 9552 3382 
9663 7063 9557 3383 
9667 7070 9561 3383 
9675 7075 9566 3386 
9684 7081 9569 3390 
9690 7085 9573 3393 
9699 7092 9578 3394 
9705 7093 9583 3396 
9712 7098 9583 3400 
9717 7098 9590 3403 
9721 7101 9595 3405 
9727 7105 9603 3406 
9733 7108 9615 3408 
9738 7113 9624 3410 
9739 7118 9625 3413 
9744 7130 9635 3419 
9747 7136 9642 3421 
9757 7141 9643 3424 
9761 7146 9646 3425 
9772 7151 9650 3427 
9775 7155 9661 3430 
9779 7160 9668 3430 
9782 7164 9673 3434 
9792 7169 9682 3437 
9802 7173 9691 3439 
9804 7178 9695 3440 
9808 7181 9698 3441 
9814 7187 9706 3445 
9823 7192 9713 3446 
9827 7197 9719 3447 
9830 7201 9726 3448 
9836 7205 9732 3451 
9840 7206 9733 3451 
9846 7206 9738 3456 
9851 7214 9746 3459 
9859 7216 9749 3462 
9865 7221 9751 3464 
9868 7223 9757 3465 
9876 7227 9762 3469 
9881 7234 9768 3471 
9888 7235 9774 3471 
9893 7240 9780 3472 
9897 7242 9786 3476 
9901 7246 9792 3476 
9904 7250 9800 3478 
9911 7256 9804 3481 
9915 7264 9807 3483 
9925 7268 9812 3486 
9931 7274 9817 3490 
9937 7280 9818 3492 
9944 7284 9828 3497 
9949 7290 9833 3498 
9950 7294 9839 3499 
9954 7300 9841 3501 
9959 7304 9845 3503 
9963 7308 9850 3506 
9971 7309 9853 3509 
9978 7312 9857 3512 
9980 7315 9864 3513 
9984 7320 9870 3514 
9989 7324 9873 3516 
9996 7327 9875 3520 
9997 7331 9883 3522 
10000 7335 9889 3522 
10005 7340 9894 3524 
10011 7343 9900 3527 
10017 7351 9906 3528 
10019 7359 9912 3529 
10024 7363 9916 3534 
10030 7367 9921 3534 
10038 7371 9929 3536 
10046 7378 9932 3537 
10050 7383 9938 3538 
10053 7388 9944 3539 
10055 7393 9953 3541 
10061 7398 9958 3543 
10070 7398 9962 3545 
10073 7403 9967 3548 
10078 7409 9970 3550 
10080 7412 9974 3553 
10081 7419 9979 3556 
10091 7423 9984 3558 
10095 7425 9987 3560 
10099 7430 9989 3561 
10101 7435 9994 3561 
10103 7439 9996 3562 
10105 7445 10002 3562 
10111 7453 10008 3563 
10119 7455 10013 3564 
10124 7462 10021 3566 
10129 7468 10030 3567 
10135 7476 10037 3568 
10142 7479 10044 3574 
10148 7484 10049 3576 
10152 7490 10052 3579 
10160 7494 10055 3581 
10164 7499 10061 3581 
10168 7504 10064 3583 
10170 7507 10072 3586 
10176 7508 10076 3589 
10184 7510 10080 3592 
10189 7513 10091 3594 
10197 7525 10095 3597 
10199 7533 10095 3599 
10206 7540 10103 3600 
10212 7545 10106 3600 
10214 7549 10110 3602 
10219 7552 10118 3604 
10225 7558 10125 3606 
10232 7564 10131 3607 
10238 7566 10137 3611 
10242 7572 10144 3614 
10247 7576 10147 3618 
10253 7579 10152 3618 
10258 7582 10157 3621 
10264 7584 10164 3623 
10267 7592 10168 3623 
10271 7596 10171 3625 
10281 7599 10173 3626 
10285 7604 10177 3628 
10286 7611 10179 3631 
10295 7614 10183 3634 
10300 7618 10189 3637 
10308 7619 10194 3639 
10310 7625 10197 3641 
10312 7627 10204 3645 
10317 7635 10211 3646 
10325 7638 10220 3648 
10331 7646 10228 3648 
10338 7652 10235 3649 
10349 7657 10241 3649 
10353 7658 10250 3650 
10360 7659 10259 3652 
10365 7665 10263 3654 
10371 7666 10266 3654 
10382 7670 10269 3657 
10383 7674 10273 3657 
10388 7682 10278 3658 
10390 7682 10282 3659 
10397 7685 10289 3662 
10400 7690 10291 3668 
10405 7698 10295 3670 
10409 7703 10301 3670 
10410 7706 10303 3672 
10413 7710 10308 3672 
10418 7716 10320 3672 
10424 7717 10324 3675 
10430 7721 10330 3676 
10435 7727 10334 3678 
10437 7735 10345 3680 
10441 7740 10350 3681 
10448 7743 10357 3687 
10449 7744 10364 3689 
10450 7750 10377 3692 
10455 7757 10382 3695 
10465 7762 10388 3697 
10468 7767 10394 3698 
10476 7774 10397 3700 
10481 7775 10406 3704 
10485 7777 10406 3706 
10488 7780 10408 3710 
10493 7782 10412 3714 
10498 7783 10419 3715 
10506 7787 10421 3716 
10515 7791 10427 3716 
10522 7795 10435 3717 
10525 7797 10442 3721 
10529 7806 10454 3721 
10535 7811 10457 3723 
10543 7815 10462 3724 
10544 7817 10466 3728 
10547 7819 10470 3729 
10555 7824 10476 3732 
10562 7830 10481 3735 
10575 7835 10487 3737 
10581 7840 10492 3737 
10588 7842 10499 3741 
10593 7843 10506 3743 
10597 7846 10508 3743 
10604 7850 10515 3746 
10613 7855 10520 3748 
10619 7861 10524 3751 
10625 7867 10530 3753 
10629 7872 10536 3755 
10636 7874 10542 3758 
10638 7881 10543 3761 
10648 7884 10546 3761 
10659 7886 10551 3763 
10670 7891 10558 3766 
10674 7895 10561 3768 
10680 7898 10566 3771 
10687 7899 10572 3772 
10691 7903 10580 3775 
10694 7909 10586 3777 
10701 7915 10591 3779 
10707 7919 10596 3782 
10712 7928 10602 3786 
10718 7932 10610 3788 
10721 7937 10614 3790 
10724 7942 10621 3794 
10730 7947 10632 3795 
10732 7952 10639 3799 
10741 7957 10650 3802 
10749 7962 10658 3804 
10755 7970 10662 3806 
10761 7977 10667 3806 
10764 7983 10670 3806 
10768 7986 10681 3806 
10773 7989 10687 3808 
10779 7996 10694 3811 
10785 8002 10702 3812 
10787 8006 10711 3812 
10790 8010 10716 3814 
10797 8015 10719 3817 
10801 8017 10723 3820 
10804 8024 10727 3820 
10811 8025 10734 3821 
10821 8027 10741 3822 
10829 8030 10750 3823 
10833 8038 10756 3827 
10842 8044 10762 3829 
10849 8047 10769 3831 
10854 8051 10773 3831 
10860 8055 10777 3833 
10866 8057 10781 3834 
10868 8063 10790 3836 
10874 8064 10795 3838 
10880 8066 10804 3838 
10888 8072 10810 3839 
10893 8078 10815 3841 
10900 8084 10820 3842 
10902 8087 10823 3845 
10905 8088 10830 3845 
10909 8093 10837 3847 
10915 8095 10848 3850 
10918 8101 10853 3852 
10930 8106 10861 3855 
10936 8112 10866 3858 
10939 8116 10876 3860 
10945 8119 10885 3861 
10948 8119 10889 3862 
10953 8129 10894 3865 
10962 8132 10897 3866 
10969 8139 10906 3866 
10970 8143 10912 3868 
10974 8146 10917 3870 
10976 8153 10925 3872 
10979 8158 10933 3872 
10988 8167 10941 3874 
10990 8170 10945 3875 
10992 8171 10954 3877 
10994 8179 10957 3880 
10997 8185 10963 3880 
11000 8190 10969 3883 
11003 8193 10973 3885 
11006 8198 10979 3888 
11009 8202 10981 3892 
11015 8205 10992 3894 
11018 8210 11003 3897 
11024 8213 11004 3899 
11030 8220 11011 3901 
11033 8227 11022 3905 
11034 8230 11032 3910 
11037 8233 11039 3913 
11038 8237 11050 3916 
11041 8241 11057 3919 
11049 8250 11062 3922 
11052 8256 11070 3923 
11056 8260 11077 3924 
11063 8268 11080 3927 
11070 8270 11088 3928 
11072 8276 11095 3931 
11079 8280 11104 3933 
11083 8288 11113 3934 
11086 8292 11119 3936 
11089 8294 11128 3938 
11095 8299 11132 3938 
11100 8303 11135 3942 
11106 8308 11142 3943 
11114 8315 11147 3945 
11121 8318 11149 3947 
11127 8320 11152 3951 
11133 8329 11158 3953 
11138 8335 11163 3954 
11146 8339 11172 3954 
11151 8342 11180 3959 
11157 8345 11184 3962 
11162 8350 11186 3963 
11167 8359 11188 3965 
11171 8363 11192 3967 
11174 8371 11197 3971 
11178 8375 11203 3974 
11185 8380 11207 3976 
11188 8387 11210 3977 
11193 8390 11218 3983 
11202 8394 11224 3984 
11207 8397 11233 3986 
11210 8399 11238 3986 
11212 8405 11245 3988 
11219 8408 11249 3988 
11224 8412 11256 3989 
11228 8417 11264 3990 
11234 8422 11270 3992 
11241 8426 11276 3992 
11244 8428 11283 3995 
11251 8429 11286 3997 
11253 8431 11292 3999 
11257 8433 11300 4000 
11262 8438 11311 4006 
11272 8447 11317 4009 
11276 8453 11322 4011 
11279 8454 11334 4013 
11288 8454 11339 4014 
11290 8460 11344 4015 
11296 8463 11348 4015 
11300 8469 11354 4016 
11304 8472 11363 4019 
11314 8474 11367 4022 
11319 8480 11373 4025 
11322 8483 11376 4027 
11329 8486 11383 4035 
11332 8491 11389 4038 
11339 8494 11393 4039 
11351 8495 11397 4041 
11363 8500 11404 4044 
11368 8503 11414 4045 
11373 8513 11419 4046 
11377 8515 11425 4047 
11383 8517 11431 4049 
11389 8520 11439 4052 
11397 8530 11445 4054 
11404 8532 11450 4056 
11409 8540 11465 4059 
11421 8545 11473 4060 
11424 8550 11481 4060 
11431 8555 11487 4061 
11437 8555 11492 4063 
11444 8561 11496 4064 
11449 8564 11504 4064 
11456 8569 11510 4067 
11460 8573 11516 4068 
11467 8575 11520 4073 
11470 8578 11525 4075 
11478 8582 11531 4079 
11485 8587 11538 4079 
11491 8590 11543 4081 
11499 8591 11548 4083 
11504 8597 11552 4087 
11509 8598 11559 4089 
11516 8604 11567 4093 
11521 8613 11573 4095 
11528 8619 11576 4095 
11531 8625 11581 4096 
11538 8628 11592 4098 
11541 8635 11596 4098 
11549 8637 11602 4098 
11556 8642 11608 4100 
11559 8647 11614 4102 
11568 8655 11622 4103 
11573 8659 11627 4107 
11581 8662 11632 4109 
11584 8666 11637 4110 
11586 8669 11641 4111 
11592 8674 11648 4113 
11594 8678 11653 4117 
11599 8682 11657 4120 
11601 8686 11661 4121 
11605 8688 11671 4122 
11610 8691 11678 4125 
11619 8694 11682 4128 
11624 8702 11687 4129 
11630 8707 11691 4133 
11633 8710 11696 4135 
11639 8718 11701 4139 
11649 8722 11704 4140 
11653 8725 11707 4144 
11660 8729 11715 4144 
11663 8737 11720 4145 
11667 8745 11722 4151 
11672 8746 11725 4154 
11677 8753 11728 4155 
11686 8754 11734 4157 
11692 8756 11741 4162 
11696 8761 11745 4163 
11703 8763 11750 4168 
11713 8768 11761 4170 
11717 8769 11765 4173 
11721 8774 11769 4179 
11726 8776 11774 4181 
11737 8781 11780 4186 
11744 8788 11784 4189 
11746 8790 11793 4189 
11748 8790 11802 4190 
11757 8794 11810 4192 
11761 8797 11817 4193 
11767 8802 11825 4193 
11771 8808 11834 4196 
11776 8810 11838 4200 
11785 8816 11846 4205 
11788 8821 11850 4206 
11794 8824 11856 4209 
11799 8825 11866 4212 
11803 8832 11868 4216 
11808 8836 11871 4220 
11811 8839 11875 4223 
11815 8842 11881 4224 
11818 8846 11888 4226 
11826 8852 11894 4228 
11830 8856 11899 4229 
11837 8860 11902 4233 
11842 8865 11907 4235 
11848 8868 11912 4236 
11854 8873 11922 4239 
11859 8885 11926 4243 
11865 8890 11930 4245 
11873 8894 11937 4246 
11878 8899 11939 4247 
11886 8902 11946 4251 
11897 8906 11952 4252 
11899 8909 11958 4254 
11901 8914 11968 4255 
11907 8915 11973 4257 
11913 8917 11976 4260 
11916 8921 11983 4260 
11920 8931 11990 4263 
11922 8936 11994 4264 
11928 8939 11999 4265 
11935 8946 12002 4267 
11939 8951 12007 4267 
11948 8958 12013 4269 
11956 8962 12018 4270 
11962 8966 12021 4271 
11967 8975 12023 4274 
11975 8982 12032 4276 
11977 8982 12037 4277 
11981 8983 12042 4279 
11987 8990 12044 4282 
11991 8995 12046 4287 
12001 9002 12051 4289 
12012 9007 12056 4294 
12022 9013 12062 4295 
12028 9022 12070 4296 
12031 9027 12074 4300 
12040 9030 12078 4302 
12043 9033 12084 4305 
12045 9040 12088 4307 
12055 9043 12096 4307 
12060 9045 12106 4308 
12068 9049 12113 4308 
12076 9053 12118 4311 
12081 9057 12129 4313 
12084 9065 12136 4315 
12093 9071 12144 4317 
12097 9073 12148 4319 
12103 9075 12153 4320 
12109 9081 12159 4320 
12114 9084 12165 4321 
12122 9088 12172 4324 
12129 9089 12177 4327 
12136 9092 12181 4329 
12139 9102 12188 4332 
12141 9106 12190 4335 
12151 9109 12197 4337 
12157 9112 12206 4339 
12162 9113 12211 4342 
12168 9115 12219 4345 
12173 9120 12223 4348 
12176 9129 12228 4349 
12181 9130 12235 4349 
12190 9137 12241 4349 
12196 9141 12249 4352 
12201 9146 12257 4352 
12201 9148 12266 4352 
12210 9150 12271 4356 
12215 9154 12282 4358 
12222 9159 12286 4358 
12225 9167 12290 4358 
12233 9170 12295 4360 
12238 9170 12299 4360 
12245 9174 12303 4361 
12251 9176 12309 4362 
12257 9181 12318 4364 
12261 9186 12324 4366 
12263 9193 12334 4367 
12271 9200 12341 4370 
12275 9208 12343 4373 
12283 9210 12350 4375 
12290 9212 12358 4377 
12296 9219 12366 4380 
12299 9221 12372 4383 
12305 9225 12380 4384 
12312 9230 12391 4386 
12319 9236 12401 4388 
12328 9238 12405 4390 
12335 9244 12408 4391 
12339 9249 12416 4391 
12343 9250 12423 4393 
12354 9255 12427 4393 
12359 9257 12433 4394 
12363 9260 12439 4394 
12368 9270 12445 4394 
12373 9276 12450 4395 
12378 9280 12459 4397 
12383 9290 12468 4400 
12387 9294 12474 4401 
12390 9297 12483 4403 
12395 9301 12492 4405 
12402 9303 12500 4408 
12407 9306 12506 4409 
12414 9309 12508 4410 
12419 9312 12515 4414 
12423 9314 12521 4415 
12432 9317 12531 4416 
12439 9323 12539 4418 
12444 9326 12545 4421 
12452 9328 12550 4423 
12458 9333 12556 4425 
12460 9340 12564 4427 
12467 9346 12570 4430 
12475 9350 12572 4432 
12480 9355 12582 4432 
12487 9358 12585 4433 
12496 9365 12588 4433 
12502 9369 12596 4435 
12508 9371 12601 4436 
12516 9374 12605 4437 
12522 9380 12611 4437 
12524 9387 12619 4438 
12528 9392 12625 4441 
12533 9393 12632 4442 
12541 9399 12639 4446 
12548 9402 12642 4448 
12554 9408 12646 4449 
12562 9413 12651 4452 
12573 9418 12657 4453 
12580 9421 12664 4455 
12587 9426 12667 4458 
12594 9434 12672 4461 
12601 9437 12676 4463 
12604 9441 12681 4464 
12609 9444 12685 4466 
12614 9453 12690 4469 
12618 9459 12697 4473 
12622 9462 12703 4476 
12628 9469 12711 4477 
12634 9476 12715 4480 
12641 9482 12720 4480 
12652 9484 12728 4482 
12658 9487 12734 4485 
12661 9493 12740 4486 
12668 9501 12748 4487 
12676 9506 12749 4487 
12681 9512 12759 4492 
12685 9517 12768 4494 
12693 9522 12778 4498 
12696 9525 12784 4501 
12703 9530 12790 4503 
12705 9533 12796 4504 
12708 9535 12808 4507 
12713 9537 12812 4508 
12720 9541 12821 4511 
12732 9544 12829 4514 
12735 9548 12834 4516 
12740 9551 12844 4517 
12750 9553 12848 4517 
12755 9557 12853 4520 
12761 9562 12858 4522 
12762 9564 12864 4523 
12767 9567 12870 4525 
12781 9571 12875 4526 
12788 9572 12882 4526 
12792 9576 12887 4529 
12797 9583 12893 4531 
12804 9586 12901 4531 
12815 9592 12909 4535 
12817 9594 12914 4542 
12824 9595 12922 4544 
12827 9603 12930 4545 
12828 9608 12938 4547 
12833 9611 12942 4551 
12842 9613 12946 4551 
12848 9615 12949 4551 
12849 9619 12955 4552 
12851 9626 12962 4553 
12860 9631 12968 4555 
12864 9636 12972 4555 
12870 9638 12982 4559 
12878 9640 12991 4563 
12882 9645 12996 4563 
12885 9648 13001 4565 
12891 9655 13007 4566 
12895 9664 13013 4568 
12900 9669 13018 4570 
12903 9679 13025 4570 
12906 9683 13030 4571 
12910 9685 13032 4571 
12916 9693 13036 4575 
12929 9699 13039 4577 
12937 9705 13048 4580 
12949 9711 13059 4587 
12959 9717 13068 4588 
12963 9723 13071 4590 
12968 9726 13075 4594 
12974 9727 13081 4594 
12979 9730 13086 4599 
12985 9733 13090 4601 
12990 9738 13093 4602 
12997 9743 13097 4602 
13002 9746 13103 4606 
13010 9750 13110 4606 
13016 9759 13117 4607 
13022 9764 13124 4608 
13027 9768 13137 4608 
13030 9771 13143 4608 
13034 9778 13147 4609 
13044 9785 13153 4609 
13051 9789 13160 4610 
13054 9791 13167 4610 
13060 9799 13170 4610 
13061 9801 13175 4612 
13065 9804 13181 4614 
13072 9810 13187 4614 
13078 9818 13197 4617 
13083 9821 13201 4617 
13089 9827 13207 4618 
13095 9830 13214 4620 
13101 9835 13217 4623 
13106 9840 13222 4623 
13111 9843 13226 4623 
13113 9849 13233 4626 
13120 9855 13244 4627 
13129 9861 13248 4629 
13136 9863 13256 4634 
13140 9868 13260 4635 
13147 9870 13264 4637 
13156 9876 13273 4639 
13163 9882 13277 4640 
13165 9883 13288 4641 
13178 9884 13292 4643 
13186 9887 13297 4643 
13192 9893 13305 4646 
13196 9897 13313 4647 
13203 9905 13322 4652 
13208 9911 13324 4654 
13217 9917 13327 4654 
13224 9922 13332 4656 
13234 9930 13341 4657 
13237 9931 13347 4658 
13244 9941 13351 4659 
13249 9947 13362 4662 
13255 9953 13371 4663 
13260 9956 13380 4666 
13266 9958 13386 4671 
13271 9959 13390 4674 
13275 9963 13399 4675 
13283 9966 13403 4677 
13290 9972 13413 4679 
13297 9978 13420 4680 
13303 9983 13424 4683 
13308 9990 13432 4684 
13317 9996 13438 4686 
13320 9999 13441 4687 
13327 10001 13450 4688 
13336 10007 13456 4690 
13342 10011 13461 4690 
13347 10015 13466 4694 
13351 10020 13468 4696 
13353 10026 13480 4698 
13358 10032 13487 4701 
13365 10039 13490 4702 
13373 10044 13497 4705 
13381 10049 13502 4706 
13386 10056 13507 4709 
13389 10059 13509 4711 
13395 10065 13518 4714 
13403 10067 13523 4715 
13406 10074 13526 4716 
13411 10080 13534 4718 
13417 10084 13535 4723 
13427 10087 13541 4724 
13432 10092 13547 4727 
13439 10101 13550 4730 
13443 10111 13561 4731 
13449 10114 13563 4732 
13458 10117 13570 4736 
13465 10121 13575 4739 
13471 10128 13580 4744 
13480 10130 13585 4747 
13483 10132 13590 4749 
13492 10135 13599 4752 
13499 10137 13602 4753 
13503 10145 13611 4756 
13511 10149 13621 4761 
13517 10154 13626 4764 
13522 10156 13632 4766 
13532 10159 13638 4767 
13537 10164 13648 4769 
13541 10172 13650 4771 
13544 10175 13657 4773 
13551 10176 13662 4777 
13558 10178 13668 4778 
13562 10183 13674 4779 
13569 10185 13687 4781 
13571 10193 13692 4783 
13576 10201 13702 4786 
13580 10209 13709 4788 
13585 10216 13716 4793 
13587 10220 13718 4794 
13590 10226 13724 4799 
13596 10228 13737 4800 
13599 10232 13741 4800 
13606 10237 13746 4801 
13611 10241 13750 4803 
13614 10246 13755 4805 
13621 10255 13763 4807 
13628 10258 13769 4811 
13632 10260 13775 4813 
13641 10262 13787 4818 
13643 10265 13790 4822 
13647 10274 13793 4824 
13655 10280 13800 4825 
13656 10283 13807 4826 
13663 10284 13814 4827 
13666 10289 13823 4830 
13670 10291 13826 4832 
13676 10293 13834 4832 
13684 10296 13839 4834 
13691 10302 13843 4835 
13695 10310 13848 4836 
13699 10316 13853 4837 
13702 10323 13862 4837 
13705 10326 13865 4841 
13710 10332 13871 4841 
13713 10336 13878 4841 
13719 10341 13887 4842 
13724 10348 13892 4846 
13731 10352 13897 4850 
13736 10359 13902 4855 
13744 10363 13907 4857 
13751 10373 13912 4864 
13755 10377 13920 4866 
13758 10380 13921 4868 
13761 10389 13928 4872 
13763 10394 13932 4875 
13773 10403 13936 4877 
13779 10409 13942 4879 
13783 10412 13951 4881 
13787 10417 13959 4882 
13793 10418 13963 4883 
13799 10421 13967 4884 
13805 10423 13972 4887 
13812 10424 13975 4888 
13821 10428 13978 4889 
13825 10434 13983 4891 
13834 10439 13990 4893 
13838 10448 13996 4895 
13843 10454 13999 4897 
13847 10456 14003 4899 
13849 10458 14009 4902 
13853 10463 14013 4905 
13859 10471 14018 4907 
13868 10473 14028 4908 
13881 10479 14036 4909 
13883 10485 14042 4910 
13893 10487 14046 4913 
13899 10490 14051 4917 
13904 10499 14053 4920 
13905 10507 14057 4922 
13910 10511 14062 4924 
13918 10514 14067 4926 
13923 10517 14078 4927 
13926 10519 14083 4929 
13928 10525 14086 4931 
13934 10531 14099 4933 
13945 10538 14104 4934 
13948 10542 14111 4936 
13951 10545 14116 4941 
13954 10550 14119 4941 
13959 10556 14127 4946 
13964 10560 14134 4947 
13966 10564 14143 4948 
13975 10569 14150 4949 
13982 10576 14152 4953 
13997 10582 14160 4953 
14001 10588 14163 4955 
14004 10596 14171 4956 
14012 10600 14177 4957 
14019 10601 14187 4958 
14024 10606 14192 4959 
14025 10608 14202 4961 
14030 10610 14209 4964 
14039 10618 14216 4967 
14046 10622 14224 4967 
14050 10630 14232 4969 
14055 10638 14237 4970 
14061 10643 14243 4974 
14068 10649 14247 4976 
14075 10650 14256 4977 
14079 10655 14262 4980 
14084 10657 14267 4981 
14089 10664 14271 4982 
14099 10668 14274 4983 
14109 10671 14282 4985 
14112 10677 14286 4986 
14115 10683 14296 4988 
14118 10687 14304 4991 
14124 10690 14312 4993 
14128 10694 14315 4993 
14134 10696 14324 4997 
14138 10701 14328 4998 
14154 10707 14336 4999 
14162 10718 14340 5002 
14170 10725 14348 5003 
14175 10730 14353 5007 
14179 10737 14354 5010 
14181 10742 14360 5012 
14187 10745 14367 5015 
14196 10749 14370 5017 
14202 10752 14373 5019 
14207 10757 14379 5020 
14211 10764 14382 5020 
14213 10771 14389 5021 
14221 10777 14396 5030 
14229 10780 14402 5033 
14237 10789 14409 5038 
14242 10791 14418 5039 
14250 10800 14422 5040 
14254 10805 14428 5043 
14260 10812 14438 5044 
14265 10815 14448 5045 
14273 10818 14452 5045 
14280 10823 14456 5046 
14286 10829 14459 5047 
14293 10831 14464 5049 
14299 10835 14471 5051 
14303 10841 14480 5052 
14304 10843 14484 5053 
14313 10845 14490 5055 
14320 10849 14494 5056 
14324 10852 14499 5057 
14328 10861 14505 5057 
14336 10866 14512 5063 
14339 10874 14515 5065 
14342 10878 14520 5069 
14350 10882 14527 5070 
14357 10891 14533 5073 
14362 10897 14537 5076 
14367 10905 14543 5077 
14374 10910 14548 5081 
14379 10913 14558 5081 
14382 10918 14567 5083 
14385 10920 14575 5084 
14390 10926 14582 5085 
14395 10937 14587 5085 
14402 10940 14593 5086 
14407 10942 14597 5087 
14411 10947 14605 5088 
14414 10955 14609 5088 
14419 10960 14614 5089 
14421 10962 14620 5093 
14425 10971 14625 5096 
14432 10975 14634 5100 
14435 10979 14640 5105 
14442 10981 14645 5107 
14449 10985 14651 5107 
14457 10990 14657 5111 
14463 10996 14666 5113 
14468 11003 14674 5114 
14475 11010 14681 5116 
14481 11012 14689 5119 
14486 11017 14694 5119 
14490 11018 14695 5121 
14493 11021 14702 5123 
14501 11027 14707 5124 
14504 11029 14714 5125 
14505 11034 14725 5129 
14513 11038 14732 5132 
14516 11041 14737 5132 
14520 11049 14742 5134 
14525 11051 14747 5139 
14536 11055 14752 5141 
14540 11058 14756 5143 
14544 11064 14760 5143 
14547 11073 14767 5143 
14552 11078 14774 5145 
14558 11081 14780 5150 
14565 11084 14787 5150 
14571 11090 14796 5151 
14578 11099 14802 5152 
14581 11102 14803 5154 
14588 11109 14811 5155 
14597 11113 14816 5156 
14603 11116 14822 5158 
14607 11124 14827 5159 
14610 11130 14834 5159 
14614 11133 14842 5162 
14620 11135 14855 5164 
14626 11139 14857 5165 
14634 11143 14864 5167 
14639 11147 14867 5170 
14649 11156 14874 5171 
14652 11159 14879 5175 
14656 11164 14893 5176 
14661 11169 14901 5179 
14668 11176 14906 5180 
14671 11180 14912 5184 
14678 11185 14919 5185 
14685 11189 14927 5187 
14691 11190 14934 5192 
14697 11196 14936 5194 
14703 11202 14941 5196 
14708 11206 14946 5199 
14719 11210 14951 5200 
14724 11216 14960 5202 
14734 11221 14966 5204 
14737 11230 14972 5209 
14743 11236 14977 5211 
14751 11241 14981 5212 
14755 11246 14994 5215 
14763 11250 15002 5216 
14773 11254 15007 5217 
14779 11257 15012 5220 
14787 11261 15018 5222 
14789 11265 15022 5223 
14795 11267 15027 5225 
14803 11270 15037 5227 
14807 11274 15041 5228 
14813 11278 15048 5230 
14816 11282 15051 5230 
14824 11285 15055 5233 
14833 11289 15058 5234 
14839 11291 15063 5235 
14845 11294 15072 5238 
14847 11299 15079 5241 
14853 11305 15083 5244 
14858 11309 15089 5244 
14865 11316 15093 5244 
14868 11320 15098 5249 
14874 11322 15105 5251 
14882 11326 15115 5252 
14890 11330 15122 5255 
14898 11334 15130 5258 
14902 11341 15134 5262 
14906 11349 15139 5262 
14911 11352 15145 5264 
14914 11355 15150 5266 
14922 11364 15155 5267 
14930 11366 15165 5268 
14937 11370 15170 5270 
14942 11375 15174 5270 
14946 11382 15180 5271 
14955 11386 15183 5274 
14959 11391 15187 5279 
14962 11401 15190 5283 
14966 11404 15193 5285 
14968 11407 15196 5285 
14976 11410 15201 5288 
14982 11415 15209 5291 
14987 11417 15220 5292 
14990 11420 15228 5294 
14997 11427 15232 5295 
15003 11428 15236 5295 
15007 11431 15242 5296 
15015 11437 15248 5298 
15020 11441 15252 5300 
15027 11447 15261 5303 
15034 11452 15268 5304 
15038 11454 15275 5305 
15049 11458 15280 5307 
15053 11459 15285 5307 
15061 11468 15291 5311 
15067 11475 15301 5313 
15073 11478 15308 5319 
15081 11484 15315 5320 
15086 11490 15322 5323 
15090 11495 15326 5326 
15093 11503 15337 5329 
15099 11507 15349 5332 
15104 11513 15357 5336 
15111 11517 15361 5337 
15118 11523 15367 5338 
15123 11525 15374 5338 
15127 11528 15379 5338 
15130 11535 15384 5342 
15137 11539 15392 5342 
15147 11550 15394 5345 
15152 11556 15399 5349 
15157 11563 15405 5353 
15161 11569 15412 5355 
15165 11576 15419 5358 
15170 11578 15425 5360 
15173 11581 15434 5360 
15181 11585 15448 5365 
15184 11587 15455 5365 
15188 11593 15463 5366 
15195 11597 15466 5370 
15200 11600 15471 5372 
15208 11602 15478 5375 
15216 11608 15484 5378 
15220 11614 15489 5379 
15224 11616 15497 5380 
15230 11618 15506 5383 
15237 11620 15512 5385 
15242 11622 15518 5386 
15248 11629 15523 5388 
15252 11634 15526 5389 
15261 11641 15530 5390 
15271 11648 15541 5392 
15273 11653 15551 5393 
15274 11657 15563 5398 
15282 11661 15575 5398 
15286 11664 15582 5400 
15294 11670 15585 5401 
15299 11674 15590 5402 
15307 11679 15595 5405 
15308 11681 15601 5407 
15315 11688 15608 5410 
15319 11692 15614 5411 
15326 11699 15616 5413 
15332 11707 15623 5414 
15341 11713 15629 5415 
15346 11716 15642 5416 
15351 11726 15647 5419 
15358 11728 15656 5422 
15360 11732 15660 5426 
15366 11736 15665 5428 
15373 11741 15673 5433 
15379 11749 15680 5437 
15387 11757 15686 5441 
15394 11762 15693 5445 
15399 11765 15698 5445 
15407 11770 15699 5450 
15411 11773 15703 5454 
15414 11776 15708 5455 
15420 11781 15716 5457 
15424 11784 15722 5460 
15428 11790 15731 5463 
15435 11798 15734 5463 
15437 11803 15742 5465 
15442 11807 15750 5470 
15446 11812 15762 5474 
15451 11817 15764 5477 
15461 11824 15772 5482 
15467 11828 15784 5486 
15475 11834 15793 5486 
15479 11841 15794 5489 
15486 11845 15797 5491 
15495 11853 15806 5496 
15502 11861 15814 5497 
15506 11870 15817 5499 
15509 11875 15823 5499 
15516 11880 15830 5499 
15519 11885 15836 5501 
15528 11890 15839 5503 
15537 11897 15841 5503 
15540 11899 15848 5505 
15554 11904 15855 5507 
15560 11909 15862 5507 
15566 11914 15872 5509 
15570 11922 15873 5509 
15573 11927 15876 5511 
15577 11929 15881 5514 
15583 11933 15888 5516 
15589 11937 15889 5518 
15593 11942 15894 5521 
15600 11946 15897 5521 
15613 11951 15905 5523 
15622 11954 15913 5526 
15626 11956 15917 5527 
15633 11962 15918 5531 
15643 11965 15922 5533 
15651 11971 15928 5537 
15655 11974 15943 5538 
15660 11979 15949 5539 
15670 11983 15952 5540 
15671 11986 15955 5544 
15677 11987 15964 5545 
15685 11990 15970 5548 
15689 11994 15979 5551 
15694 11998 15987 5555 
15700 12002 15996 5557 
15707 12005 16000 5557 
15714 12015 16008 5557 
15722 12017 16016 5560 
15727 12022 16020 5563 
15732 12027 16029 5567 
15739 12033 16037 5569 
15747 12035 16040 5570 
15747 12036 16045 5570 
15748 12041 16049 5572 
15754 12044 16058 5575 
15757 12051 16062 5576 
15759 12055 16068 5579 
15763 12058 16074 5580 
15766 12073 16079 5580 
15772 12076 16085 5583 
15779 12082 16088 5583 
15785 12085 16096 5586 
15790 12089 16106 5588 
15795 12094 16109 5591 
15799 12097 16115 5594 
15802 12103 16127 5596 
15809 12109 16131 5598 
15817 12111 16137 5601 
15826 12115 16142 5603 
15832 12118 16147 5605 
15838 12118 16150 5609 
15842 12124 16155 5612 
15852 12132 16165 5614 
15858 12139 16173 5617 
15861 12144 16178 5620 
15867 12150 16182 5623 
15870 12154 16189 5624 
15877 12160 16196 5627 
15883 12169 16202 5629 
15890 12170 16204 5631 
15894 12178 16213 5634 
15897 12182 16217 5638 
15904 12188 16221 5642 
15911 12192 16231 5642 
15920 12195 16241 5645 
15929 12199 16245 5646 
15931 12202 16250 5649 
15934 12209 16259 5650 
15943 12214 16269 5653 
15945 12218 16282 5658 
15954 12222 16288 5661 
15961 12226 16296 5664 
15964 12229 16299 5665 
15967 12233 16306 5669 
15971 12241 16307 5673 
15977 12246 16310 5675 
15987 12248 16313 5676 
15993 12253 16319 5677 
15998 12259 16329 5678 
16004 12268 16335 5685 
16010 12272 16338 5689 
16015 12277 16348 5689 
16021 12278 16352 5691 
16024 12283 16360 5691 
16029 12289 16368 5694 
16034 12293 16373 5697 
16041 12294 16379 5700 
16051 12298 16386 5703 
16060 12302 16395 5705 
16068 12306 16399 5705 
16074 12313 16404 5708 
16081 12318 16408 5711 
16087 12322 16416 5711 
16093 12326 16427 5712 
16098 12328 16432 5714 
16108 12329 16437 5715 
16114 12333 16440 5715 
16121 12337 16446 5716 
16128 12342 16450 5719 
16131 12348 16456 5723 
16135 12354 16459 5726 
16143 12357 16467 5726 
16149 12358 16474 5728 
16153 12361 16478 5729 
16157 12367 16482 5731 
16164 12368 16491 5731 
16169 12373 16498 5736 
16171 12379 16509 5736 
16178 12384 16517 5741 
16185 12388 16522 5744 
16192 12391 16526 5744 
16195 12396 16534 5745 
16201 12404 16538 5746 
16208 12406 16542 5747 
16217 12415 16549 5756 
16225 12423 16558 5759 
16229 12425 16563 5761 
16234 12426 16568 5764 
16242 12430 16577 5764 
16247 12434 16582 5764 
16253 12436 16587 5768 
16258 12440 16595 5770 
16267 12446 16596 5772 
16274 12454 16603 5772 
16281 12462 16609 5776 
16290 12463 16618 5780 
16293 12464 16624 5783 
16299 12467 16630 5784 
16302 12472 16634 5784 
16306 12477 16643 5787 
16312 12483 16648 5789 
16317 12490 16654 5790 
16322 12497 16662 5790 
16325 12502 16666 5794 
16329 12507 16673 5796 
16334 12510 16682 5797 
16339 12518 16685 5802 
16343 12521 16693 5804 
16348 12528 16698 5804 
16354 12534 16704 5807 
16362 12537 16712 5808 
16366 12543 16718 5811 
16367 12546 16725 5812 
16369 12551 16734 5813 
16378 12554 16741 5815 
16384 12556 16747 5818 
16393 12561 16755 5820 
16400 12563 16757 5820 
16404 12566 16769 5823 
16409 12570 16779 5825 
16418 12576 16783 5827 
16422 12581 16787 5827 
16427 12591 16797 5830 
16438 12597 16805 5831 
16444 12601 16815 5835 
16447 12606 16821 5839 
16453 12610 16829 5841 
16458 12616 16840 5844 
16462 12619 16844 5846 
16467 12625 16855 5849 
16471 12625 16858 5849 
16475 12631 16865 5854 
16482 12639 16875 5856 
16490 12641 16881 5860 
16498 12645 16887 5863 
16501 12648 16893 5864 
16505 12651 16904 5866 
16509 12655 16911 5870 
16513 12660 16918 5872 
16517 12665 16922 5873 
16529 12671 16924 5876 
16533 12674 16931 5879 
16535 12679 16938 5881 
16539 12688 16945 5884 
16543 12690 16953 5886 
16551 12694 16956 5887 
16557 12699 16960 5890 
16563 12704 16962 5893 
16570 12709 16970 5896 
16579 12717 16983 5898 
16581 12725 16989 5899 
16585 12730 16996 5901 
16587 12737 17001 5903 
16592 12740 17007 5909 
16602 12746 17008 5911 
16609 12751 17015 5912 
16616 12758 17023 5913 
16620 12759 17028 5914 
16632 12764 17036 5917 
16635 12768 17042 5918 
16645 12771 17052 5919 
16650 12774 17058 5922 
16655 12777 17064 5926 
16663 12785 17068 5929 
16671 12787 17075 5932 
16677 12792 17079 5934 
16682 12796 17083 5937 
16684 12800 17088 5941 
16691 12806 17093 5942 
16696 12810 17099 5943 
16707 12813 17112 5947 
16712 12819 17124 5952 
16720 12823 17125 5956 
16729 12826 17133 5958 
16734 12831 17139 5961 
16738 12838 17145 5965 
16742 12842 17149 5965 
16748 12845 17154 5966 
16753 12848 17162 5971 
16756 12851 17167 5972 
16761 12854 17172 5973 
16768 12861 17179 5975 
16776 12865 17184 5977 
16782 12869 17192 5979 
16789 12878 17198 5983 
16795 12884 17202 5983 
16801 12890 17211 5984 
16808 12895 17217 5986 
16812 12902 17224 5991 
16818 12909 17228 5993 
16821 12915 17232 5996 
16829 12918 17237 5997 
16839 12925 17243 5999 
16844 12930 17249 6002 
16847 12933 17256 6002 
16851 12933 17265 6003 
16862 12938 17272 6007 
16870 12942 17283 6008 
16879 12945 17287 6013 
16884 12949 17294 6013 
16891 12954 17299 6015 
16896 12957 17308 6018 
16904 12958 17316 6019 
16909 12961 17323 6023 
16913 12964 17327 6027 
16921 12972 17334 6032 
16930 12977 17342 6035 
16937 12981 17349 6037 
16940 12989 17351 6040 
16943 12992 17356 6041 
16950 12995 17362 6044 
16959 12997 17370 6048 
16967 13001 17378 6052 
16973 13006 17385 6054 
16980 13011 17396 6055 
16983 13017 17405 6059 
16990 13024 17409 6060 
16997 13026 17411 6062 
17003 13033 17419 6065 
17006 13040 17424 6066 
17015 13045 17430 6068 
17024 13052 17440 6071 
17032 13055 17446 6074 
17035 13062 17453 6075 
17044 13067 17459 6076 
17055 13073 17464 6077 
17057 13079 17473 6078 
17067 13080 17474 6079 
17071 13084 17481 6083 
17080 13084 17485 6086 
17092 13087 17492 6087 
17097 13093 17500 6090 
17105 13097 17508 6091 
17109 13098 17512 6094 
17113 13101 17519 6097 
17115 13105 17527 6098 
17123 13107 17536 6099 
17130 13109 17543 6102 
17137 13113 17551 6103 
17141 13116 17555 6103 
17146 13120 17562 6105 
17148 13123 17571 6107 
17156 13126 17580 6111 
17166 13130 17589 6112 
17175 13136 17597 6114 
17177 13144 17602 6115 
17182 13147 17609 6115 
17190 13154 17617 6116 
17197 13161 17624 6120 
17200 13166 17628 6120 
17208 13178 17636 6124 
17214 13183 17641 6127 
17222 13189 17645 6130 
17224 13192 17653 6134 
17230 13193 17661 6137 
17231 13198 17665 6138 
17241 13206 17670 6143 
17249 13214 17677 6148 
17253 13218 17683 6149 
17254 13220 17688 6152 
17260 13223 17695 6155 
17265 13230 17704 6155 
17272 13231 17717 6158 
17273 13237 17725 6159 
17274 13240 17735 6160 
17278 13248 17739 6163 
17283 13257 17744 6164 
17285 13262 17750 6168 
17285 13267 17758 6170 
17292 13273 17761 6174 
17297 13279 17768 6175 
17300 13281 17779 6180 
17306 13285 17787 6181 
17311 13289 17792 6181 
17319 13291 17798 6182 
17326 13293 17806 6186 
17330 13294 17812 6187 
17334 13295 17822 6189 
17342 13303 17826 6193 
17351 13312 17835 6196 
17358 13315 17842 6196 
17364 13317 17845 6197 
17367 13326 17852 6198 
17373 13333 17856 6200 
17375 13337 17862 6202 
17379 13340 17865 6204 
17388 13341 17874 6205 
17390 13344 17878 6207 
17397 13349 17884 6209 
17402 13353 17897 6209 
17409 13356 17902 6213 
17414 13362 17907 6214 
17421 13369 17913 6216 
17426 13375 17920 6217 
17430 13377 17931 6221 
17434 13379 17936 6221 
17440 13384 17943 6222 
17444 13389 17952 6222 
17447 13398 17963 6224 
17453 13403 17970 6228 
17464 13411 17975 6231 
17471 13412 17979 6232 
17473 13415 17984 6233 
17484 13419 17994 6236 
17489 13424 18001 6238 
17496 13427 18006 6242 
17499 13430 18013 6244 
17504 13432 18019 6246 
17509 13437 18023 6247 
17515 13443 18028 6252 
17521 13446 18032 6257 
17523 13449 18044 6260 
17531 13452 18051 6263 
17539 13457 18056 6264 
17545 13461 18067 6266 
17555 13468 18073 6270 
17558 13474 18077 6273 
17566 13477 18089 6277 
17570 13481 18093 6278 
17574 13486 18104 6279 
17578 13487 18112 6279 
17587 13489 18120 6280 
17590 13498 18128 6280 
17596 13503 18135 6282 
17603 13507 18142 6285 
17611 13512 18153 6289 
17620 13515 18159 6292 
17626 13521 18162 6292 
17632 13525 18165 6294 
17636 13527 18174 6294 
17640 13533 18175 6297 
17644 13536 18181 6298 
17647 13543 18185 6298 
17656 13547 18194 6301 
17661 13555 18198 6303 
17666 13560 18207 6309 
17671 13563 18216 6310 
17679 13568 18224 6310 
17690 13571 18230 6314 
17695 13576 18238 6314 
17697 13580 18246 6314 
17711 13582 18255 6318 
17720 13583 18263 6321 
17732 13588 18268 6323 
17745 13596 18278 6326 
17749 13597 18287 6327 
17751 13604 18291 6331 
17759 13613 18296 6333 
17762 13615 18306 6335 
17770 13617 18312 6338 
17775 13625 18317 6340 
17780 13627 18326 6342 
17792 13630 18333 6347 
17795 13636 18339 6348 
17799 13641 18345 6349 
17805 13649 18354 6352 
17809 13655 18360 6356 
17814 13657 18368 6357 
17820 13664 18373 6357 
17827 13666 18383 6359 
17838 13672 18387 6359 
17841 13678 18393 6365 
17849 13684 18395 6371 
17857 13685 18400 6372 
17861 13689 18405 6375 
17865 13690 18411 6375 
17871 13697 18419 6378 
17876 13697 18421 6381 
17881 13705 18428 6381 
17884 13709 18434 6385 
17888 13712 18446 6386 
17895 13718 18457 6389 
17905 13725 18465 6391 
17914 13727 18470 6391 
17924 13730 18478 6394 
17930 13738 18485 6397 
17936 13741 18494 6397 
17943 13745 18503 6400 
17952 13749 18513 6403 
17959 13755 18517 6406 
17969 13761 18526 6412 
17975 13766 18536 6413 
17981 13774 18544 6413 
17986 13775 18546 6415 
17995 13780 18550 6420 
18002 13785 18558 6420 
18009 13788 18561 6421 
18017 13797 18565 6422 
18022 13800 18568 6423 
18027 13802 18572 6426 
18033 13809 18584 6430 
18037 13814 18588 6433 
18041 13819 18596 6436 
18045 13825 18605 6440 
18049 13831 18611 6443 
18053 13832 18615 6444 
18058 13833 18622 6446 
18063 13841 18629 6448 
18064 13849 18635 6453 
18072 13853 18640 6453 
18079 13864 18646 6455 
18084 13871 18652 6455 
18089 13872 18660 6456 
18093 13876 18664 6456 
18100 13880 18673 6458 
18107 13890 18678 6459 
18117 13896 18685 6461 
18121 13898 18691 6462 
18128 13902 18696 6466 
18139 13905 18700 6466 
18146 13907 18712 6467 
18152 13913 18715 6468 
18159 13923 18719 6471 
18167 13926 18724 6472 
18173 13928 18732 6472 
18180 13934 18738 6473 
18187 13937 18743 6474 
18194 13941 18750 6480 
18198 13946 18754 6483 
18203 13951 18760 6485 
18208 13954 18766 6486 
18214 13958 18772 6488 
18224 13961 18781 6491 
18230 13965 18787 6494 
18240 13966 18793 6495 
18247 13968 18798 6497 
18253 13973 18805 6501 
18257 13977 18814 6501 
18265 13981 18823 6502 
18269 13987 18828 6507 
18275 13988 18831 6509 
18288 13994 18834 6511 
18296 13997 18840 6514 
18300 14000 18847 6515 
18306 14004 18860 6518 
18310 14012 18866 6518 
18311 14015 18874 6520 
18315 14017 18880 6522 
18322 14021 18885 6522 
18328 14025 18892 6525 
18329 14030 18896 6526 
18336 14034 18902 6529 
18348 14040 18911 6531 
18351 14044 18918 6534 
18358 14049 18926 6534 
18363 14056 18930 6537 
18373 14065 18938 6538 
18381 14069 18944 6540 
18387 14072 18947 6542 
18394 14077 18954 6542 
18406 14080 18957 6542 
18414 14087 18962 6543 
18422 14093 18966 6544 
18434 14097 18973 6546 
18438 14102 18979 6547 
18441 14106 18986 6548 
18446 14110 18990 6548 
18453 14112 19002 6550 
18457 14119 19012 6552 
18462 14125 19019 6557 
18470 14127 19025 6561 
18474 14131 19035 6564 
18481 14132 19040 6565 
18486 14134 19048 6568 
18489 14140 19057 6571 
18494 14141 19064 6571 
18502 14151 19070 6575 
18507 14153 19071 6577 
18510 14156 19079 6578 
18518 14160 19081 6581 
18526 14165 19089 6584 
18532 14169 19095 6585 
18539 14171 19108 6586 
18547 14179 19115 6588 
18556 14186 19118 6588 
18563 14190 19122 6590 
18570 14198 19123 6593 
18572 14203 19129 6596 
18575 14212 19136 6597 
18583 14221 19139 6598 
18586 14227 19144 6599 
18592 14233 19149 6604 
18597 14237 19157 6610 
18606 14243 19164 6616 
18610 14247 19173 6617 
18616 14253 19178 6621 
18622 14261 19187 6623 
18628 14266 19191 6626 
18635 14270 19201 6627 
18642 14279 19206 6629 
18651 14282 19214 6630 
18658 14286 19217 6633 
18663 14291 19222 6637 
18675 14294 19225 6639 
18685 14297 19236 6641 
18689 14306 19242 6641 
18693 14310 19251 6646 
18701 14314 19259 6646 
18707 14317 19265 6647 
18713 14320 19271 6650 
18716 14325 19278 6651 
18720 14332 19287 6655 
18725 14337 19294 6657 
18730 14342 19300 6659 
18735 14343 19307 6663 
18746 14346 19312 6666 
18757 14349 19320 6669 
18764 14354 19326 6671 
18777 14358 19332 6673 
18782 14362 19334 6675 
18787 14368 19339 6677 
18790 14370 19350 6677 
18794 14375 19358 6678 
18799 14381 19366 6682 
18803 14387 19368 6685 
18810 14391 19376 6687 
18815 14396 19386 6691 
18821 14400 19391 6693 
18824 14404 19396 6694 
18829 14406 19402 6694 
18832 14410 19411 6697 
18836 14415 19421 6701 
18840 14419 19429 6703 
18847 14423 19436 6704 
18850 14427 19440 6705 
18860 14430 19447 6707 
18869 14435 19456 6711 
18876 14438 19462 6713 
18883 14443 19473 6715 
18885 14447 19477 6716 
18893 14452 19485 6718 
18897 14454 19493 6719 
18900 14459 19500 6720 
18908 14464 19506 6722 
18915 14468 19511 6724 
18921 14471 19520 6727 
18930 14476 19527 6730 
18938 14479 19535 6732 
18943 14485 19539 6735 
18951 14492 19546 6736 
18956 14498 19553 6737 
18963 14502 19557 6738 
18969 14506 19564 6741 
18973 14515 19572 6744 
18981 14519 19581 6744 
18984 14520 19592 6747 
18990 14523 19596 6749 
18993 14526 19605 6753 
18999 14527 19609 6754 
19005 14536 19618 6755 
19012 14539 19625 6755 
19014 14548 19630 6758 
19016 14552 19636 6760 
19020 14557 19641 6761 
19023 14561 19650 6763 
19025 14563 19655 6764 
19030 14565 19669 6768 
19037 14573 19674 6770 
19040 14581 19680 6771 
19048 14589 19687 6772 
19052 14592 19697 6775 
19059 14597 19701 6778 
19061 14601 19710 6781 
19062 14607 19714 6784 
19068 14612 19721 6787 
19070 14615 19734 6789 
19078 14619 19740 6793 
19082 14623 19744 6796 
19085 14629 19750 6798 
19089 14635 19756 6800 
19095 14639 19765 6801 
19102 14643 19771 6802 
19111 14647 19776 6808 
19118 14650 19782 6811 
19126 14656 19785 6816 
19131 14659 19792 6819 
19136 14662 19793 6821 
19140 14665 19796 6823 
19150 14671 19802 6826 
19155 14676 19808 6829 
19160 14680 19812 6831 
19166 14683 19820 6834 
19170 14685 19822 6836 
19173 14691 19829 6841 
19178 14698 19837 6846 
19185 14701 19848 6848 
19187 14707 19853 6849 
19191 14712 19859 6852 
19191 14716 19870 6854 
19196 14726 19879 6855 
19202 14732 19880 6858 
19211 14733 19886 6859 
19213 14737 19892 6861 
19219 14744 19897 6864 
19224 14747 19902 6865 
19228 14749 19909 6866 
19234 14750 19919 6869 
19237 14756 19932 6869 
19242 14760 19938 6870 
19246 14765 19940 6874 
19249 14768 19951 6875 
19256 14772 19957 6880 
19258 14776 19962 6882 
19262 14779 19972 6884 
19266 14780 19980 6886 
19269 14782 19983 6887 
19280 14790 19989 6891 
19283 14795 19995 6892 
19286 14802 20006 6894 
19291 14804 20011 6898 
19298 14807 20018 6898 
19301 14811 20026 6901 
19310 14818 20033 6904 
19314 14821 20036 6906 
19319 14830 20043 6909 
19330 14837 20050 6910 
19334 14841 20054 6913 
19344 14847 20063 6913 
19347 14848 20070 6916 
19356 14854 20076 6923 
19365 14863 20083 6924 
19368 14871 20090 6925 
19375 14874 20097 6931 
19379 14879 20101 6934 
19385 14886 20110 6937 
19389 14888 20113 6939 
19397 14892 20116 6942 
19403 14895 20122 6944 
19408 14898 20125 6945 
19417 14900 20130 6948 
19424 14909 20135 6949 
19429 14917 20140 6952 
19435 14922 20151 6953 
19442 14928 20162 6953 
19451 14936 20170 6953 
19453 14941 20178 6956 
19458 14947 20184 6960 
19459 14954 20193 6963 
19465 14957 20200 6967 
19470 14963 20206 6971 
19476 14967 20211 6972 
19483 14968 20218 6976 
19489 14971 20225 6980 
19496 14975 20232 6982 
19503 14981 20240 6983 
19508 14989 20248 6985 
19513 14991 20254 6989 
19518 14994 20261 6990 
19523 14998 20265 6992 
19528 15007 20274 6992 
19537 15012 20278 6993 
19547 15016 20285 6994 
19553 15020 20290 6996 
19558 15023 20296 6996 
19564 15027 20303 6998 
19566 15029 20314 6999 
19569 15034 20324 7001 
19575 15037 20332 7006 
19579 15041 20341 7012 
19583 15044 20350 7012 
19593 15053 20358 7014 
19598 15056 20363 7015 
19606 15060 20366 7015 
19608 15066 20368 7016 
19614 15070 20372 7020 
19617 15077 20380 7023 
19625 15083 20388 7025 
19628 15089 20394 7026 
19632 15091 20401 7027 
19639 15097 20407 7034 
19645 15101 20414 7036 
19649 15104 20423 7036 
19651 15111 20428 7038 
19661 15114 20432 7039 
19668 15117 20436 7041 
19675 15126 20448 7045 
19686 15130 20455 7047 
19691 15134 20460 7047 
19694 15140 20470 7049 
19699 15144 20478 7050 
19702 15147 20492 7050 
19706 15152 20499 7053 
19714 15156 20509 7057 
19724 15161 20520 7058 
19731 15167 20528 7060 
19737 15174 20536 7060 
19744 15177 20544 7064 
19751 15184 20549 7065 
19763 15189 20559 7070 
19769 15190 20568 7073 
19775 15192 20579 7075 
19779 15197 20585 7080 
19783 15200 20593 7081 
19787 15204 20599 7082 
19795 15209 20603 7085 
19800 15210 20610 7086 
19805 15213 20618 7088 
19808 15217 20623 7088 
19815 15221 20627 7089 
19820 15223 20635 7094 
19833 15229 20637 7095 
19840 15234 20644 7096 
19849 15238 20655 7099 
19853 15242 20665 7099 
19858 15250 20675 7102 
19863 15257 20679 7103 
19870 15264 20683 7106 
19878 15271 20691 7109 
19883 15275 20693 7112 
19887 15281 20707 7112 
19892 15286 20720 7115 
19899 15288 20725 7119 
19906 15294 20733 7121 
19912 15303 20740 7126 
19917 15307 20748 7130 
19928 15313 20752 7135 
19937 15319 20761 7138 
19944 15324 20770 7139 
19954 15327 20777 7141 
19958 15328 20783 7144 
19962 15330 20789 7148 
19966 15338 20796 7150 
19969 15340 20800 7151 
19975 15344 20810 7153 
19978 15349 20818 7154 
19984 15355 20826 7155 
19989 15359 20832 7159 
20001 15366 20838 7163 
20010 15372 20842 7165 
20016 15379 20851 7168 
20021 15385 20855 7169 
20031 15388 20861 7177 
20038 15400 20865 7178 
20047 15405 20870 7185 
20053 15411 20876 7188 
20060 15422 20884 7190 
20067 15424 20896 7195 
20071 15436 20907 7197 
20077 15439 20910 7199 
20085 15446 20916 7201 
20090 15455 20919 7203 
20098 15462 20926 7207 
20104 15467 20935 7207 
20110 15469 20945 7209 
20116 15481 20951 7210 
20120 15486 20959 7214 
20128 15491 20965 7216 
20135 15494 20973 7218 
20143 15500 20981 7220 
20145 15507 20988 7222 
20150 15512 20995 7224 
20156 15517 20999 7226 
20158 15522 21005 7226 
20168 15527 21012 7229 
20176 15532 21021 7232 
20182 15536 21024 7233 
20192 15539 21029 7239 
20198 15543 21040 7241 
20201 15546 21044 7245 
20207 15552 21052 7246 
20208 15558 21057 7250 
20216 15560 21062 7252 
20220 15562 21072 7252 
20227 15567 21077 7253 
20237 15573 21084 7256 
20244 15580 21089 7262 
20246 15584 21093 7265 
20255 15590 21098 7268 
20262 15594 21104 7270 
20266 15599 21112 7270 
20271 15607 21118 7273 
20278 15613 21120 7276 
20282 15619 21127 7277 
20286 15623 21137 7278 
20290 15625 21140 7280 
20299 15631 21144 7281 
20307 15635 21151 7284 
20313 15640 21154 7286 
20320 15650 21160 7288 
20326 15652 21167 7289 
20334 15657 21175 7291 
20337 15660 21182 7294 
20344 15664 21187 7297 
20348 15670 21195 7298 
20356 15676 21204 7300 
20363 15680 21211 7302 
20365 15690 21221 7303 
20373 15694 21229 7304 
20376 15701 21234 7307 
20379 15704 21250 7309 
20384 15706 21256 7314 
20390 15714 21266 7315 
20395 15720 21272 7317 
20402 15724 21279 7319 
20410 15729 21289 7320 
20413 15730 21294 7322 
20421 15731 21299 7325 
20429 15738 21300 7327 
20432 15749 21305 7328 
20441 15757 21312 7331 
20447 15759 21319 7335 
20450 15762 21323 7339 
20453 15769 21328 7340 
20460 15778 21337 7342 
20466 15781 21343 7342 
20471 15784 21352 7343 
20475 15787 21359 7349 
20486 15793 21365 7352 
20491 15800 21368 7354 
20495 15802 21375 7357 
20500 15811 21379 7360 
20508 15817 21388 7365 
20513 15822 21396 7366 
20518 15825 21406 7368 
20524 15830 21416 7372 
20531 15837 21421 7376 
20533 15840 21425 7377 
20537 15847 21428 7379 
20541 15855 21438 7381 
20544 15859 21444 7383 
20545 15861 21449 7386 
20550 15865 21457 7389 
20557 15869 21467 7390 
20564 15873 21479 7393 
20570 15878 21489 7394 
20573 15883 21494 7395 
20577 15888 21498 7397 
20582 15891 21508 7403 
20588 15894 21513 7410 
20596 15898 21517 7411 
20600 15900 21525 7413 
20611 15906 21531 7417 
20617 15912 21536 7419 
20622 15915 21551 7422 
20632 15922 21557 7424 
20637 15927 21563 7425 
20641 15933 21568 7429 
20646 15938 21570 7430 
20651 15940 21576 7431 
20654 15945 21583 7437 
20654 15953 21592 7440 
20656 15959 21600 7444 
20661 15962 21608 7446 
20668 15968 21613 7449 
20676 15972 21618 7453 
20681 15976 21624 7455 
20686 15978 21634 7458 
20689 15986 21641 7461 
20696 15986 21649 7465 
20705 15989 21653 7468 
20712 15993 21658 7470 
20720 15996 21665 7471 
20726 16001 21673 7476 
20731 16004 21680 7476 
20737 16006 21684 7476 
20745 16008 21698 7480 
20750 16013 21703 7482 
20757 16016 21708 7485 
20760 16020 21718 7486 
20766 16027 21723 7489 
20770 16036 21730 7495 
20776 16039 21737 7495 
20784 16044 21745 7496 
20796 16048 21750 7498 
20805 16051 21759 7500 
20811 16058 21765 7501 
20816 16060 21773 7506 
20819 16063 21777 7507 
20825 16067 21786 7510 
20831 16070 21792 7514 
20841 16074 21797 7516 
20850 16078 21802 7518 
20859 16081 21811 7520 
20868 16089 21817 7522 
20872 16096 21823 7523 
20877 16101 21829 7526 
20881 16105 21835 7527 
20888 16108 21839 7528 
20892 16112 21846 7530 
20898 16123 21858 7531 
20908 16126 21865 7533 
20915 16133 21872 7536 
20920 16140 21876 7537 
20929 16144 21878 7541 
20933 16150 21886 7543 
20937 16153 21893 7543 
20943 16159 21898 7544 
20948 16162 21905 7544 
20954 16169 21911 7545 
20958 16171 21923 7548 
20963 16173 21930 7551 
20965 16176 21940 7554 
20969 16185 21945 7556 
20977 16191 21948 7558 
20984 16196 21955 7561 
20991 16199 21962 7563 
20995 16203 21967 7565 
21001 16208 21976 7566 
21008 16214 21980 7567 
21014 16220 21985 7568 
21022 16222 21990 7573 
21029 16225 21996 7577 
21039 16230 22008 7577 
21045 16234 22012 7579 
21054 16240 22021 7584 
21056 16247 22029 7585 
21061 16252 22038 7585 
21065 16258 22043 7590 
21073 16264 22051 7591 
21084 16270 22055 7595 
21086 16274 22063 7598 
21092 16276 22069 7599 
21099 16280 22079 7602 
21104 16291 22083 7607 
21111 16296 22089 7607 
21120 16302 22095 7607 
21123 16304 22101 7610 
21130 16307 22107 7612 
21132 16311 22110 7613 
21139 16316 22120 7614 
21146 16321 22124 7621 
21154 16326 22137 7625 
21157 16330 22139 7626 
21162 16335 22145 7628 
21166 16337 22154 7630 
21173 16340 22158 7634 
21182 16347 22164 7636 
21190 16355 22170 7638 
21198 16358 22180 7640 
21208 16361 22189 7641 
21215 16366 22197 7645 
21224 16370 22204 7646 
21229 16378 22214 7648 
21233 16381 22220 7650 
21239 16386 22225 7652 
21243 16393 22232 7656 
21247 16397 22237 7657 
21252 16401 22244 7659 
21260 16404 22247 7660 
21265 16409 22254 7662 
21272 16410 22258 7663 
21278 16414 22267 7663 
21285 16418 22276 7664 
21290 16425 22282 7665 
21294 16427 22287 7668 
21298 16431 22292 7670 
21303 16434 22298 7674 
21307 16434 22306 7675 
21316 16440 22315 7677 
21330 16443 22320 7679 
21338 16447 22327 7684 
21348 16450 22333 7689 
21355 16460 22337 7692 
21361 16462 22343 7693 
21370 16470 22348 7695 
21382 16475 22352 7703 
21394 16477 22361 7704 
21397 16482 22363 7708 
21403 16487 22368 7708 
21409 16492 22373 7708 
21418 16494 22383 7709 
21425 16501 22390 7712 
21428 16503 22397 7713 
21436 16508 22408 7716 
21444 16511 22414 7718 
21449 16514 22423 7719 
21455 16515 22430 7722 
21459 16519 22432 7725 
21460 16520 22437 7728 
21469 16525 22442 7730 
21472 16532 22446 7731 
21474 16538 22450 7732 
21483 16540 22457 7734 
21487 16545 22464 7736 
21496 16554 22477 7737 
21501 16560 22482 7740 
21508 16569 22486 7745 
21519 16571 22494 7746 
21527 16575 22498 7748 
21533 16581 22505 7750 
21538 16584 22514 7753 
21549 16596 22525 7754 
21553 16599 22529 7756 
21561 16601 22535 7758 
21567 16606 22542 7759 
21576 16610 22548 7761 
21580 16615 22554 7762 
21589 16621 22562 7765 
21598 16625 22571 7768 
21601 16627 22580 7770 
21605 16634 22589 7772 
21614 16641 22600 7773 
21621 16645 22606 7774 
21630 16654 22611 7777 
21638 16659 22616 7779 
21642 16662 22620 7779 
21650 16665 22626 7780 
21657 16670 22630 7781 
21663 16677 22640 7783 
21670 16681 22648 7786 
21676 16688 22656 7788 
21680 16695 22666 7793 
21683 16699 22675 7794 
21684 16709 22678 7798 
21690 16713 22686 7798 
21703 16720 22689 7801 
21707 16725 22695 7804 
21715 16732 22698 7808 
21720 16735 22708 7808 
21724 16739 22719 7811 
21735 16746 22721 7812 
21740 16748 22729 7813 
21745 16754 22733 7814 
21754 16759 22742 7815 
21759 16762 22747 7815 
21765 16772 22759 7817 
21771 16779 22766 7817 
21779 16784 22774 7819 
21787 16789 22775 7821 
21793 16791 22780 7823 
21798 16795 22787 7825 
21806 16797 22793 7827 
21808 16799 22804 7828 
21813 16802 22812 7832 
21817 16810 22817 7835 
21822 16812 22823 7838 
21829 16815 22830 7838 
21834 16818 22836 7840 
21844 16820 22846 7841 
21851 16828 22854 7842 
21855 16831 22864 7846 
21858 16837 22870 7847 
21867 16842 22873 7847 
21872 16846 22879 7852 
21880 16850 22883 7852 
21888 16851 22888 7853 
21891 16857 22892 7854 
21895 16861 22901 7855 
21902 16863 22904 7857 
21907 16872 22917 7862 
21915 16879 22922 7864 
21919 16884 22929 7865 
21927 16888 22937 7867 
21933 16891 22942 7867 
21941 16895 22947 7870 
21945 16899 22951 7874 
21952 16901 22960 7879 
21960 16906 22967 7880 
21969 16910 22976 7884 
21977 16914 22981 7886 
21985 16919 22988 7886 
21991 16928 22995 7888 
22000 16932 22998 7890 
22006 16937 23010 7892 
22011 16943 23018 7894 
22018 16949 23021 7898 
22022 16955 23026 7898 
22029 16961 23029 7898 
22035 16963 23035 7899 
22037 16969 23040 7902 
22042 16974 23043 7904 
22051 16977 23047 7906 
22059 16980 23052 7907 
22065 16983 23057 7908 
22071 16986 23064 7911 
22078 16993 23074 7913 
22085 16999 23078 7916 
22091 17001 23080 7918 
22101 17002 23090 7920 
22109 17005 23093 7923 
22119 17007 23100 7925 
22119 17011 23105 7931 
22127 17017 23110 7933 
22135 17022 23117 7935 
22140 17028 23126 7937 
22149 17036 23130 7944 
22157 17043 23136 7944 
22164 17054 23140 7945 
22165 17056 23146 7950 
22171 17061 23160 7952 
22174 17069 23165 7953 
22178 17073 23170 7956 
22187 17076 23180 7960 
22191 17084 23185 7962 
22195 17089 23194 7963 
22203 17099 23200 7964 
22216 17108 23206 7965 
22221 17112 23208 7967 
22224 17117 23215 7972 
22228 17125 23217 7974 
22234 17128 23222 7979 
22242 17131 23228 7983 
22248 17136 23236 7984 
22255 17144 23240 7988 
22261 17148 23247 7989 
22267 17151 23254 7992 
22272 17160 23259 7995 
22276 17165 23265 7996 
22281 17171 23271 7999 
22288 17175 23277 8003 
22295 17180 23280 8005 
22302 17186 23291 8008 
22310 17192 23296 8009 
22314 17195 23299 8009 
22317 17201 23307 8012 
22322 17206 23315 8015 
22328 17208 23321 8018 
22333 17212 23329 8020 
22340 17216 23338 8020 
22355 17219 23346 8020 
22360 17224 23354 8021 
22369 17226 23358 8022 
22373 17230 23363 8022 
22377 17233 23367 8023 
22386 17237 23375 8027 
22394 17243 23380 8032 
22400 17254 23384 8034 
22407 17260 23389 8034 
22416 17266 23399 8039 
22418 17271 23406 8041 
22422 17276 23416 8045 
22425 17280 23421 8048 
