0 0 0 0 
12 5 4 1 
21 14 9 1 
27 17 11 1 
32 21 18 3 
35 25 22 6 
39 30 25 8 
43 33 32 10 
48 36 37 11 
51 40 43 12 
55 43 46 14 
61 45 51 17 
69 51 53 21 
75 53 61 23 
84 56 69 26 
92 62 73 26 
95 65 74 27 
100 70 80 33 
104 73 85 35 
113 77 95 37 
119 84 100 40 
126 87 106 41 
132 88 108 41 
137 95 118 44 
143 100 127 47 
148 104 130 50 
156 106 136 52 
161 112 141 52 
162 115 145 53 
165 119 148 56 
169 123 152 60 
180 126 161 60 
187 128 164 61 
192 132 169 62 
197 137 171 66 
198 142 174 68 
203 146 176 69 
206 146 185 70 
209 147 191 72 
216 152 195 74 
219 153 200 74 
222 159 204 77 
223 162 210 79 
228 163 217 83 
235 166 221 84 
239 169 227 85 
244 171 233 89 
251 177 235 92 
257 181 241 94 
261 185 249 97 
264 192 252 98 
271 195 255 100 
275 198 256 101 
278 198 257 103 
281 203 258 106 
290 204 262 106 
295 207 271 108 
299 208 276 113 
303 214 283 117 
307 215 290 121 
312 220 298 122 
314 224 304 122 
317 227 309 122 
321 232 314 125 
326 234 321 126 
331 238 327 127 
336 244 329 129 
338 245 332 130 
341 248 336 134 
348 252 341 134 
355 254 347 135 
359 260 353 137 
363 267 358 139 
367 269 365 141 
372 273 369 144 
378 283 375 146 
385 287 383 147 
392 291 388 151 
402 296 393 152 
408 298 401 153 
413 303 404 153 
419 311 408 153 
427 317 414 159 
432 319 421 161 
437 322 423 164 
441 323 427 165 
448 328 430 168 
452 332 434 169 
454 338 436 169 
457 340 442 171 
461 343 447 174 
471 346 452 175 
478 350 454 177 
482 355 460 183 
486 356 466 186 
491 357 470 188 
498 361 474 190 
505 367 477 191 
509 369 480 195 
515 372 486 196 
522 376 491 197 
531 378 495 201 
535 382 498 202 
540 386 500 205 
543 390 506 208 
545 394 511 209 
548 396 522 210 
553 397 528 212 
560 401 533 216 
563 406 537 216 
571 408 540 218 
571 411 547 221 
575 413 550 223 
583 418 558 223 
589 419 565 226 
591 425 572 227 
596 426 579 228 
604 431 582 230 
610 433 586 233 
617 436 592 237 
625 441 599 238 
632 447 605 242 
637 451 612 242 
644 456 617 245 
651 461 624 247 
655 469 630 248 
662 472 633 250 
663 473 640 252 
667 476 644 255 
675 480 649 257 
681 489 652 259 
685 495 660 261 
691 495 670 265 
698 495 676 268 
704 497 680 270 
711 500 686 271 
719 505 691 273 
723 509 694 275 
727 513 697 276 
729 514 699 278 
736 518 703 279 
740 522 706 285 
748 524 711 287 
756 527 714 289 
763 532 717 291 
768 540 725 292 
774 541 729 294 
782 545 736 295 
786 547 742 297 
792 550 746 300 
802 554 755 300 
811 558 760 303 
813 561 768 304 
821 564 772 305 
825 567 774 307 
831 574 780 307 
837 575 783 310 
841 582 789 310 
844 584 791 310 
849 586 796 311 
854 589 804 312 
860 590 807 314 
867 594 811 317 
873 598 816 319 
878 604 821 321 
885 607 824 321 
893 611 830 321 
899 615 836 322 
905 620 837 323 
909 623 841 324 
912 627 847 327 
914 631 849 329 
919 632 850 330 
922 635 854 331 
927 636 857 332 
928 639 863 333 
936 642 867 335 
945 642 868 337 
955 646 873 339 
961 648 876 341 
970 652 880 344 
976 655 885 347 
984 659 888 350 
987 667 892 351 
993 674 895 353 
997 679 902 357 
1001 682 909 358 
1010 683 914 359 
1012 685 918 362 
1018 688 926 363 
1022 690 931 363 
1027 699 936 363 
1031 702 942 366 
1036 704 948 371 
1041 708 956 374 
1053 712 963 375 
1056 715 965 377 
1062 719 969 379 
1067 722 972 381 
1071 725 976 385 
1077 731 980 387 
1082 733 985 390 
1088 740 989 392 
1089 742 997 393 
1096 745 1002 394 
1096 746 1011 397 
1103 750 1018 398 
1108 753 1020 399 
1118 757 1027 403 
1126 764 1031 404 
1128 767 1038 408 
1132 769 1041 409 
1138 772 1045 411 
1145 777 1050 414 
1148 779 1059 417 
1156 783 1066 419 
1158 790 1070 420 
1161 793 1075 421 
1171 800 1082 423 
1176 801 1087 423 
1185 804 1094 425 
1191 806 1097 428 
1194 809 1102 428 
1201 812 1105 432 
1204 813 1106 432 
1209 816 1110 432 
1213 818 1116 433 
1218 825 1121 435 
1221 828 1128 436 
1228 830 1132 438 
1234 830 1139 438 
1239 833 1143 442 
1245 837 1147 443 
1248 839 1150 443 
1252 839 1153 443 
1258 841 1155 445 
1262 841 1157 446 
1271 846 1157 447 
1277 848 1165 449 
1281 853 1170 450 
1284 858 1175 452 
1290 860 1175 457 
1302 862 1178 458 
1306 869 1183 458 
1313 873 1192 459 
1320 877 1198 461 
1323 884 1205 465 
1333 889 1213 465 
1336 892 1219 467 
1345 896 1220 468 
1353 900 1226 473 
1356 905 1232 475 
1361 910 1239 479 
1365 915 1241 480 
1368 920 1246 480 
1375 922 1251 480 
1378 924 1257 483 
1382 930 1261 485 
1384 933 1267 487 
1392 935 1276 488 
1398 940 1281 490 
1400 942 1286 491 
1407 947 1290 491 
1414 950 1294 493 
1421 951 1296 494 
1429 960 1303 497 
1433 961 1308 497 
1437 964 1309 499 
1441 966 1312 499 
1450 968 1320 502 
1451 971 1324 504 
1452 975 1326 504 
1461 979 1329 505 
1467 982 1336 506 
1473 983 1342 507 
1477 990 1346 507 
1483 993 1346 507 
1485 999 1354 510 
1489 1002 1358 511 
1497 1004 1362 513 
1503 1005 1368 515 
1509 1012 1373 515 
1516 1016 1376 516 
1527 1018 1379 519 
1530 1024 1384 522 
1535 1026 1388 524 
1538 1029 1392 526 
1542 1030 1401 527 
1550 1034 1406 527 
1554 1037 1409 529 
1559 1039 1412 530 
1564 1044 1417 531 
1571 1050 1420 535 
1575 1053 1424 536 
1579 1057 1427 538 
1583 1060 1431 540 
1589 1066 1437 542 
1595 1075 1445 545 
1603 1080 1448 546 
1609 1085 1452 549 
1614 1088 1457 550 
1621 1091 1463 555 
1627 1092 1468 556 
1630 1096 1473 558 
1635 1099 1481 559 
1640 1105 1489 563 
1642 1106 1493 566 
1642 1107 1497 566 
1650 1110 1502 568 
1656 1114 1506 569 
1663 1114 1514 570 
1673 1116 1520 571 
1679 1121 1529 573 
1684 1126 1537 575 
1688 1130 1541 578 
1690 1133 1547 580 
1700 1138 1552 582 
1711 1145 1560 582 
1717 1153 1567 583 
1718 1158 1572 586 
1726 1159 1579 587 
1729 1165 1588 587 
1733 1168 1592 589 
1740 1170 1598 590 
1746 1179 1606 591 
1753 1182 1609 591 
1759 1186 1619 593 
1763 1192 1629 594 
1766 1200 1631 594 
1775 1204 1636 595 
1780 1210 1640 598 
1783 1214 1644 602 
1788 1221 1651 604 
1793 1223 1655 604 
1804 1225 1662 604 
1806 1227 1665 606 
1809 1228 1669 609 
1814 1231 1671 612 
1821 1236 1676 616 
1830 1241 1684 617 
1833 1247 1688 618 
1838 1250 1690 621 
1839 1255 1698 621 
1847 1257 1701 623 
1849 1262 1709 626 
1851 1268 1712 630 
1858 1272 1715 632 
1861 1274 1719 633 
1868 1277 1723 635 
1873 1284 1728 637 
1877 1288 1735 639 
1882 1290 1741 639 
1887 1294 1745 639 
1896 1297 1753 640 
1900 1300 1757 641 
1904 1300 1764 643 
1908 1304 1767 644 
1912 1308 1773 647 
1917 1311 1779 649 
1919 1314 1790 649 
1921 1317 1792 652 
1927 1321 1798 653 
1935 1326 1808 654 
1942 1328 1812 655 
1948 1332 1817 656 
1951 1333 1824 657 
1954 1335 1830 660 
1962 1338 1834 662 
1964 1340 1841 663 
1972 1346 1849 664 
1980 1351 1853 664 
1984 1357 1857 667 
1986 1360 1861 668 
1990 1364 1863 670 
1997 1367 1867 672 
2002 1368 1872 675 
2011 1373 1877 676 
2021 1378 1881 679 
2023 1384 1890 680 
2030 1389 1902 681 
2035 1394 1908 681 
2041 1402 1909 683 
2051 1404 1915 688 
2057 1407 1920 689 
2058 1409 1928 689 
2062 1411 1941 690 
2068 1419 1945 692 
2074 1425 1948 694 
2082 1431 1951 698 
2085 1434 1957 700 
2091 1435 1964 701 
2096 1441 1971 704 
2099 1443 1973 704 
2104 1445 1986 705 
2109 1448 1990 706 
2114 1452 1994 708 
2119 1458 1997 710 
2126 1458 2006 713 
2132 1464 2011 716 
2140 1467 2014 719 
2148 1469 2017 719 
2150 1473 2021 720 
2154 1476 2021 722 
2156 1478 2022 723 
2161 1482 2026 724 
2171 1486 2035 730 
2176 1489 2036 732 
2182 1490 2043 736 
2187 1493 2046 738 
2192 1496 2050 739 
2196 1503 2058 743 
2202 1507 2066 745 
2206 1513 2074 746 
2213 1519 2082 748 
2218 1523 2090 749 
2221 1527 2098 749 
2225 1529 2104 750 
2235 1530 2117 752 
2238 1533 2124 754 
2243 1536 2129 755 
2248 1539 2135 755 
2252 1541 2141 758 
2258 1545 2147 762 
2262 1549 2156 764 
2275 1551 2163 767 
2277 1556 2166 772 
2281 1560 2171 773 
2288 1563 2172 777 
2293 1565 2180 781 
2297 1569 2185 782 
2303 1572 2189 784 
2307 1576 2196 784 
2313 1577 2203 787 
2322 1579 2207 789 
2331 1586 2214 790 
2339 1587 2221 794 
2339 1593 2222 799 
2344 1594 2225 800 
2346 1599 2230 801 
2355 1599 2236 804 
2360 1604 2241 806 
2370 1610 2247 807 
2377 1612 2250 810 
2385 1614 2258 812 
2391 1614 2260 813 
2400 1620 2265 817 
2404 1624 2268 818 
2412 1628 2276 819 
2416 1635 2280 819 
2420 1640 2289 824 
2422 1642 2293 827 
2431 1648 2298 828 
2436 1653 2304 829 
2447 1657 2308 831 
2453 1657 2311 833 
2456 1661 2314 835 
2462 1664 2320 838 
2467 1666 2325 839 
2471 1674 2332 839 
2477 1679 2341 845 
2485 1686 2345 850 
2488 1689 2352 851 
2495 1691 2361 854 
2499 1693 2369 855 
2501 1697 2377 857 
2506 1699 2383 859 
2509 1705 2390 863 
2514 1712 2394 866 
2520 1715 2396 870 
2526 1720 2397 870 
2533 1720 2401 873 
2537 1730 2404 875 
2546 1731 2409 876 
2554 1735 2414 877 
2560 1737 2422 878 
2565 1738 2426 880 
2571 1741 2430 881 
2577 1744 2436 881 
2584 1751 2441 883 
2590 1754 2445 883 
2592 1756 2453 885 
2597 1760 2461 888 
2601 1762 2464 891 
2611 1767 2468 891 
2619 1769 2473 893 
2626 1775 2479 895 
2633 1780 2485 896 
2641 1784 2492 898 
2647 1790 2496 899 
2651 1793 2504 901 
2660 1798 2507 905 
2663 1802 2513 906 
2669 1804 2516 907 
2675 1806 2525 907 
2681 1810 2527 908 
2693 1815 2528 909 
2701 1822 2528 909 
2704 1826 2538 910 
2705 1833 2541 913 
2714 1838 2545 915 
2720 1839 2547 919 
2726 1843 2550 922 
2735 1845 2558 922 
2741 1849 2561 924 
2743 1854 2564 925 
2749 1858 2572 928 
2752 1865 2580 932 
2753 1870 2583 934 
2759 1871 2587 936 
2764 1875 2590 937 
2768 1880 2594 939 
2775 1885 2599 940 
2778 1889 2608 942 
2787 1892 2616 943 
2791 1892 2622 946 
2796 1894 2627 946 
2800 1894 2629 947 
2807 1896 2634 954 
2811 1897 2636 954 
2815 1898 2642 956 
2823 1901 2649 957 
2833 1906 2654 957 
2841 1909 2663 959 
2844 1910 2670 960 
2849 1917 2673 961 
2856 1919 2675 962 
2860 1921 2681 963 
2867 1922 2687 964 
2871 1929 2694 965 
2878 1932 2703 969 
2886 1940 2707 971 
2887 1946 2709 972 
2892 1951 2719 974 
2897 1954 2724 977 
2906 1957 2729 977 
2910 1963 2735 980 
2915 1965 2741 982 
2921 1965 2747 984 
2928 1968 2755 988 
2932 1969 2765 988 
2935 1975 2777 989 
2937 1978 2781 989 
2940 1982 2787 990 
2947 1983 2794 992 
2951 1988 2799 995 
2954 1991 2803 996 
2957 1998 2805 998 
2958 1998 2810 999 
2961 2003 2817 1002 
2967 2009 2820 1004 
2975 2012 2825 1004 
2982 2014 2833 1007 
2987 2016 2840 1008 
2990 2019 2845 1008 
2994 2021 2851 1009 
3001 2022 2855 1009 
3008 2028 2858 1009 
3011 2032 2867 1012 
3018 2040 2873 1015 
3026 2044 2878 1016 
3031 2047 2881 1017 
3038 2052 2884 1017 
3047 2057 2894 1019 
3050 2062 2900 1023 
3053 2063 2906 1024 
3057 2065 2914 1024 
3064 2069 2920 1027 
3070 2072 2933 1028 
3079 2076 2936 1030 
3082 2078 2940 1030 
3088 2084 2944 1032 
3093 2087 2951 1033 
3097 2090 2955 1034 
3107 2092 2968 1038 
3111 2096 2974 1040 
3114 2100 2978 1041 
3121 2105 2983 1042 
3129 2109 2990 1042 
3135 2114 2995 1044 
3144 2119 3000 1044 
3149 2123 3005 1048 
3158 2129 3009 1050 
3164 2130 3013 1054 
3167 2135 3016 1055 
3174 2147 3019 1058 
3178 2148 3023 1058 
3184 2154 3025 1061 
3188 2159 3031 1062 
3192 2168 3035 1065 
3197 2172 3038 1066 
3201 2177 3039 1068 
3203 2180 3045 1070 
3206 2183 3050 1071 
3209 2185 3053 1073 
3214 2188 3059 1075 
3221 2188 3063 1077 
3228 2192 3069 1078 
3234 2197 3073 1080 
3238 2200 3078 1082 
3247 2204 3082 1085 
3253 2207 3085 1088 
3256 2211 3093 1088 
3260 2215 3096 1091 
3264 2220 3104 1092 
3270 2226 3108 1095 
3272 2234 3114 1096 
3276 2236 3120 1097 
3285 2242 3126 1102 
3289 2245 3130 1106 
3292 2247 3134 1108 
3299 2249 3142 1109 
3305 2252 3147 1114 
3310 2256 3151 1116 
3314 2259 3157 1121 
3318 2260 3161 1123 
3321 2264 3165 1124 
3325 2269 3168 1127 
3332 2276 3174 1129 
3333 2280 3179 1130 
3338 2281 3186 1132 
3343 2283 3196 1132 
3352 2286 3204 1136 
3360 2290 3209 1138 
3365 2293 3212 1142 
3368 2298 3218 1146 
3376 2301 3223 1149 
3381 2304 3228 1154 
3389 2309 3239 1155 
3398 2312 3242 1159 
3406 2318 3243 1161 
3410 2320 3251 1164 
3417 2324 3260 1165 
3421 2327 3262 1168 
3422 2334 3268 1169 
3426 2336 3277 1169 
3432 2340 3282 1171 
3436 2343 3290 1173 
3440 2345 3299 1175 
3444 2352 3304 1175 
3446 2356 3315 1176 
3453 2359 3319 1177 
3459 2362 3324 1179 
3463 2366 3329 1183 
3469 2370 3333 1184 
3486 2377 3339 1186 
3489 2379 3344 1188 
3495 2385 3350 1191 
3503 2389 3354 1194 
3507 2393 3359 1197 
3512 2395 3367 1197 
3515 2402 3370 1198 
3520 2409 3376 1200 
3522 2415 3382 1201 
3525 2419 3386 1201 
3533 2419 3394 1202 
3542 2421 3400 1203 
3549 2423 3403 1206 
3554 2426 3408 1206 
3559 2431 3413 1211 
3563 2433 3415 1214 
3569 2437 3419 1215 
3573 2443 3426 1217 
3575 2446 3427 1218 
3582 2451 3430 1219 
3586 2455 3436 1224 
3593 2458 3441 1224 
3597 2459 3442 1227 
3603 2462 3446 1229 
3606 2466 3452 1233 
3615 2470 3459 1234 
3620 2474 3464 1237 
3626 2477 3466 1240 
3629 2479 3472 1242 
3633 2484 3476 1244 
3637 2489 3483 1245 
3644 2492 3490 1248 
3649 2496 3495 1249 
3656 2500 3500 1249 
3662 2501 3506 1250 
3667 2503 3515 1255 
3673 2508 3521 1258 
3679 2511 3528 1258 
3682 2515 3535 1258 
3689 2518 3541 1261 
3694 2522 3544 1261 
3699 2528 3548 1262 
3703 2532 3552 1264 
3711 2533 3555 1264 
3716 2536 3561 1266 
3724 2539 3561 1268 
3726 2542 3568 1270 
3729 2546 3573 1270 
3733 2552 3578 1271 
3739 2556 3581 1272 
3747 2556 3585 1274 
3754 2557 3589 1275 
3762 2561 3593 1279 
3765 2567 3597 1282 
3774 2569 3600 1284 
3783 2574 3607 1285 
3786 2583 3613 1287 
3790 2592 3618 1289 
3799 2600 3621 1290 
3805 2603 3627 1296 
3808 2609 3638 1299 
3816 2613 3645 1299 
3821 2615 3650 1301 
3825 2618 3655 1306 
3827 2623 3667 1309 
3834 2628 3669 1309 
3838 2632 3675 1309 
3841 2634 3678 1309 
3845 2636 3686 1309 
3852 2639 3691 1310 
3863 2641 3696 1312 
3872 2643 3698 1312 
3876 2647 3701 1313 
3882 2652 3707 1316 
3883 2657 3710 1317 
3889 2662 3716 1322 
3894 2663 3720 1324 
3899 2666 3727 1326 
3903 2670 3729 1326 
3909 2675 3735 1327 
3916 2675 3740 1329 
3922 2679 3742 1331 
3927 2682 3753 1334 
3931 2687 3759 1337 
3937 2690 3766 1340 
3940 2693 3770 1340 
3949 2695 3776 1344 
3957 2697 3780 1349 
3960 2698 3786 1351 
3969 2699 3796 1351 
3971 2701 3806 1352 
3977 2705 3810 1356 
3983 2708 3814 1358 
3989 2711 3822 1359 
3996 2717 3829 1359 
4000 2718 3833 1362 
4004 2720 3836 1364 
4005 2726 3838 1367 
4012 2733 3842 1370 
4015 2738 3844 1371 
4019 2740 3851 1373 
4023 2741 3856 1375 
4031 2741 3862 1380 
4036 2749 3866 1384 
4043 2756 3877 1385 
4046 2757 3885 1386 
4050 2762 3891 1386 
4053 2766 3896 1386 
4060 2768 3901 1388 
4064 2772 3905 1389 
4066 2777 3909 1391 
4073 2780 3913 1393 
4076 2782 3920 1395 
4082 2787 3925 1397 
4085 2789 3929 1398 
4090 2795 3933 1399 
4095 2798 3939 1399 
4100 2803 3944 1402 
4104 2808 3952 1405 
4110 2812 3962 1409 
4114 2816 3964 1413 
4121 2819 3974 1416 
4126 2821 3977 1419 
4132 2824 3980 1421 
4139 2830 3987 1424 
4142 2835 3994 1424 
4153 2837 3999 1427 
4160 2842 4002 1428 
4162 2845 4007 1429 
4168 2847 4014 1430 
4176 2851 4019 1431 
4184 2852 4027 1432 
4189 2853 4028 1435 
4196 2856 4030 1436 
4202 2858 4039 1436 
4205 2866 4044 1437 
4209 2870 4050 1439 
4217 2876 4057 1441 
4222 2878 4060 1443 
4226 2880 4068 1444 
4230 2885 4073 1450 
4236 2886 4079 1453 
4243 2891 4089 1454 
4252 2892 4095 1456 
4260 2898 4100 1458 
4266 2901 4104 1460 
4269 2905 4109 1462 
4280 2909 4117 1463 
4290 2911 4122 1464 
4293 2916 4128 1465 
4299 2917 4135 1467 
4303 2918 4140 1471 
4307 2922 4147 1474 
4314 2926 4151 1476 
4318 2933 4157 1479 
4325 2934 4162 1480 
4334 2938 4167 1481 
4337 2942 4172 1484 
4344 2945 4175 1485 
4350 2946 4177 1489 
4356 2949 4183 1491 
4365 2951 4188 1493 
4367 2956 4189 1495 
4373 2958 4195 1496 
4391 2959 4202 1499 
4401 2965 4205 1502 
4409 2966 4210 1504 
4412 2971 4217 1507 
4416 2973 4227 1509 
4420 2974 4231 1511 
4426 2976 4234 1513 
4427 2979 4238 1515 
4432 2986 4242 1518 
4438 2995 4247 1520 
4443 2998 4253 1523 
4449 3002 4259 1523 
4453 3009 4262 1524 
4454 3011 4275 1526 
4461 3019 4281 1527 
4471 3026 4287 1528 
4475 3028 4295 1529 
4482 3030 4297 1531 
4487 3033 4304 1534 
4494 3036 4307 1535 
4496 3037 4311 1535 
4505 3040 4314 1538 
4513 3044 4321 1540 
4519 3048 4329 1540 
4527 3052 4337 1540 
4531 3054 4340 1543 
4538 3059 4343 1545 
4545 3063 4348 1546 
4550 3068 4354 1549 
4554 3072 4365 1549 
4561 3076 4374 1549 
4567 3081 4377 1552 
4572 3081 4379 1552 
4579 3084 4384 1554 
4589 3087 4392 1555 
4594 3093 4397 1556 
4597 3095 4401 1558 
4606 3102 4408 1563 
4611 3105 4412 1565 
4615 3111 4418 1567 
4617 3115 4423 1571 
4624 3117 4427 1572 
4631 3120 4434 1574 
4633 3129 4441 1578 
4637 3130 4444 1581 
4645 3138 4446 1582 
4650 3140 4453 1584 
4656 3146 4456 1588 
4659 3151 4459 1589 
4669 3156 4464 1589 
4676 3160 4466 1590 
4680 3162 4468 1591 
4686 3166 4476 1593 
4688 3170 4480 1595 
4696 3176 4489 1596 
4699 3184 4493 1600 
4702 3187 4499 1602 
4704 3191 4503 1603 
4707 3196 4506 1603 
4711 3199 4512 1604 
4717 3202 4517 1607 
4722 3205 4521 1609 
4726 3208 4522 1609 
4729 3214 4525 1611 
4735 3220 4539 1614 
4741 3221 4545 1618 
4744 3224 4549 1619 
4748 3232 4555 1620 
4757 3235 4562 1622 
4761 3241 4564 1624 
4764 3246 4570 1626 
4770 3250 4571 1627 
4778 3254 4576 1628 
4779 3256 4583 1630 
4782 3262 4588 1632 
4790 3267 4595 1632 
4793 3269 4599 1634 
4803 3272 4605 1637 
4809 3276 4610 1637 
4815 3280 4617 1640 
4821 3287 4622 1641 
4823 3290 4627 1642 
4827 3294 4629 1643 
4836 3299 4634 1645 
4841 3300 4641 1647 
4847 3308 4644 1648 
4850 3313 4647 1649 
4855 3316 4657 1650 
4861 3320 4659 1653 
4866 3324 4666 1653 
4873 3328 4669 1654 
4884 3331 4675 1657 
4890 3335 4680 1659 
4896 3341 4687 1660 
4900 3348 4687 1661 
4906 3354 4689 1662 
4913 3356 4694 1663 
4914 3361 4695 1664 
4920 3364 4702 1665 
4923 3368 4708 1666 
4929 3368 4714 1668 
4935 3371 4717 1671 
4940 3375 4720 1673 
4944 3379 4725 1674 
4950 3382 4731 1675 
4955 3383 4736 1677 
4962 3386 4741 1678 
4969 3395 4750 1679 
4978 3397 4761 1679 
4982 3401 4767 1682 
4985 3404 4772 1684 
4991 3405 4781 1686 
4998 3411 4791 1688 
5001 3412 4798 1689 
5005 3416 4806 1693 
5010 3422 4811 1694 
5016 3427 4816 1698 
5019 3430 4819 1701 
5028 3433 4825 1704 
5037 3435 4827 1709 
5040 3436 4833 1712 
5043 3440 4838 1713 
5045 3447 4847 1713 
5048 3452 4849 1715 
5053 3455 4853 1716 
5058 3464 4858 1718 
5062 3467 4867 1721 
5067 3473 4879 1721 
5073 3477 4882 1721 
5080 3481 4886 1723 
5088 3485 4888 1725 
5092 3490 4894 1725 
5096 3495 4900 1725 
5097 3501 4905 1726 
5101 3503 4909 1728 
5107 3506 4915 1730 
5109 3509 4920 1732 
5116 3513 4930 1733 
5121 3517 4932 1734 
5124 3522 4938 1734 
5130 3526 4941 1735 
5135 3527 4945 1736 
5142 3528 4950 1736 
5146 3530 4954 1738 
5150 3537 4957 1739 
5157 3540 4961 1741 
5161 3545 4966 1741 
5169 3552 4972 1744 
5172 3556 4980 1744 
5179 3561 4988 1745 
5185 3564 4992 1751 
5188 3565 4998 1751 
5195 3566 5005 1752 
5201 3569 5009 1754 
5207 3572 5012 1756 
5211 3572 5015 1760 
5220 3581 5022 1763 
5225 3585 5028 1766 
5228 3589 5033 1767 
5232 3593 5037 1768 
5236 3597 5042 1769 
5241 3606 5046 1771 
5247 3607 5051 1771 
5252 3611 5057 1773 
5261 3614 5067 1774 
5267 3619 5070 1774 
5272 3623 5075 1775 
5276 3625 5081 1777 
5280 3627 5085 1778 
5288 3630 5088 1782 
5294 3639 5095 1786 
5302 3643 5099 1787 
5307 3645 5110 1789 
5311 3648 5115 1789 
5313 3651 5116 1790 
5318 3654 5120 1792 
5323 3660 5127 1796 
5329 3663 5136 1800 
5340 3668 5139 1801 
5346 3672 5141 1804 
5352 3676 5145 1805 
5359 3682 5150 1806 
5365 3685 5156 1808 
5375 3688 5160 1808 
5379 3695 5162 1810 
5387 3697 5169 1812 
5392 3703 5174 1814 
5403 3705 5178 1817 
5411 3709 5181 1817 
5414 3712 5189 1818 
5418 3715 5195 1823 
5425 3717 5199 1825 
5430 3722 5205 1825 
5437 3726 5211 1826 
5440 3729 5214 1827 
5446 3734 5218 1829 
5447 3740 5224 1830 
5453 3743 5227 1832 
5455 3748 5231 1832 
5458 3751 5237 1832 
5467 3761 5242 1835 
5469 3764 5247 1836 
5471 3768 5252 1837 
5478 3773 5257 1840 
5479 3778 5263 1842 
5486 3780 5267 1848 
5490 3783 5273 1848 
5493 3787 5281 1851 
5499 3791 5284 1851 
5502 3796 5286 1852 
5507 3798 5290 1854 
5511 3802 5295 1856 
5519 3803 5299 1861 
5524 3809 5304 1862 
5529 3809 5311 1864 
5534 3811 5318 1866 
5541 3814 5323 1868 
5548 3816 5330 1869 
5552 3823 5332 1875 
5557 3831 5334 1878 
5564 3832 5336 1881 
5567 3838 5342 1884 
5568 3841 5346 1887 
5574 3848 5352 1889 
5576 3848 5363 1890 
5579 3853 5368 1891 
5586 3856 5378 1893 
5587 3858 5379 1896 
5594 3861 5385 1897 
5596 3862 5390 1899 
5601 3864 5399 1901 
5605 3870 5405 1904 
5608 3876 5410 1907 
5611 3877 5414 1907 
5617 3879 5419 1909 
5622 3886 5425 1912 
5628 3890 5429 1914 
5635 3893 5434 1915 
5646 3894 5444 1917 
5654 3894 5450 1918 
5658 3896 5459 1920 
5661 3899 5462 1923 
5668 3902 5464 1923 
5677 3906 5470 1926 
5678 3910 5472 1929 
5682 3917 5477 1930 
5689 3921 5485 1930 
5694 3924 5489 1931 
5698 3926 5491 1931 
5703 3929 5494 1931 
5708 3935 5497 1934 
5713 3938 5504 1936 
5720 3941 5508 1936 
5729 3944 5512 1937 
5733 3947 5523 1940 
5734 3949 5525 1940 
5738 3955 5528 1941 
5741 3962 5532 1943 
5746 3965 5539 1947 
5750 3969 5544 1947 
5755 3969 5550 1952 
5760 3972 5555 1954 
5760 3976 5559 1956 
5765 3976 5564 1956 
5767 3978 5567 1959 
5771 3981 5567 1959 
5775 3986 5570 1960 
5779 3991 5576 1963 
5786 3997 5581 1963 
5791 4001 5583 1963 
5794 4003 5589 1966 
5803 4007 5593 1967 
5808 4012 5595 1968 
5813 4016 5602 1970 
5821 4019 5607 1972 
5825 4026 5610 1973 
5837 4030 5615 1973 
5842 4034 5623 1976 
5846 4041 5628 1978 
5853 4043 5633 1979 
5860 4045 5636 1979 
5865 4050 5642 1984 
5869 4053 5646 1985 
5874 4057 5651 1985 
5882 4062 5656 1986 
5886 4067 5661 1989 
5892 4071 5667 1993 
5898 4076 5674 1995 
5903 4080 5677 1997 
5912 4082 5690 2000 
5918 4084 5693 2003 
5923 4086 5702 2008 
5928 4087 5704 2010 
5933 4093 5711 2011 
5940 4097 5716 2013 
5949 4101 5722 2016 
5950 4104 5726 2019 
5957 4105 5736 2022 
5962 4111 5740 2028 
5966 4118 5743 2030 
5968 4119 5747 2031 
5975 4121 5750 2034 
5983 4122 5756 2034 
5989 4125 5765 2035 
5993 4129 5772 2036 
5997 4134 5779 2036 
6003 4139 5781 2040 
6010 4141 5785 2042 
6018 4145 5789 2045 
6023 4148 5800 2047 
6029 4150 5805 2052 
6037 4155 5809 2053 
6042 4161 5812 2053 
6047 4163 5819 2054 
6054 4168 5823 2056 
6062 4173 5826 2060 
6066 4176 5830 2061 
6073 4179 5836 2063 
6082 4180 5845 2064 
6087 4187 5855 2068 
6092 4188 5865 2073 
6095 4194 5870 2075 
6099 4195 5881 2077 
6105 4202 5884 2079 
6110 4209 5889 2082 
6114 4213 5894 2082 
6115 4218 5896 2084 
6117 4220 5900 2084 
6121 4227 5905 2084 
6126 4234 5909 2086 
6135 4239 5912 2087 
6138 4241 5917 2087 
6143 4245 5921 2088 
6147 4249 5926 2089 
6152 4251 5931 2092 
6158 4252 5939 2095 
6162 4256 5945 2096 
6167 4260 5953 2097 
6169 4263 5962 2098 
6176 4272 5964 2101 
6185 4272 5971 2104 
6193 4275 5975 2105 
6199 4277 5984 2106 
6202 4288 5988 2107 
6208 4291 5991 2112 
6212 4294 5996 2115 
6219 4298 6002 2116 
6221 4302 6008 2120 
6223 4305 6013 2121 
6229 4307 6017 2122 
6231 4310 6019 2122 
6241 4312 6029 2124 
6248 4318 6034 2126 
6257 4324 6039 2127 
6260 4329 6043 2128 
6266 4332 6049 2129 
6270 4334 6056 2133 
6274 4342 6061 2135 
6281 4347 6066 2135 
6284 4349 6070 2139 
6289 4355 6078 2141 
6295 4358 6082 2142 
6301 4359 6087 2146 
6306 4366 6093 2148 
6315 4368 6094 2149 
6323 4374 6099 2150 
6328 4378 6102 2152 
6336 4381 6107 2154 
6343 4381 6110 2157 
6352 4384 6114 2158 
6357 4384 6119 2162 
6364 4386 6123 2164 
6371 4393 6129 2166 
6378 4399 6141 2167 
6385 4406 6147 2171 
6389 4411 6153 2171 
6392 4414 6154 2173 
6394 4418 6160 2175 
6402 4425 6170 2176 
6406 4429 6175 2177 
6411 4435 6180 2180 
6414 4438 6184 2182 
6421 4438 6186 2184 
6428 4444 6189 2185 
6437 4447 6194 2189 
6442 4448 6197 2190 
6447 4455 6202 2190 
6454 4460 6209 2190 
6457 4462 6214 2192 
6467 4465 6223 2193 
6469 4471 6224 2193 
6474 4475 6236 2193 
6475 4482 6246 2195 
6482 4485 6248 2196 
6484 4487 6250 2199 
6487 4492 6256 2202 
6491 4495 6264 2203 
6496 4497 6269 2205 
6499 4499 6274 2208 
6506 4503 6285 2212 
6509 4510 6289 2213 
6514 4513 6294 2214 
6520 4516 6298 2216 
6527 4518 6303 2217 
6531 4522 6308 2220 
6536 4526 6312 2222 
6540 4532 6315 2223 
6543 4538 6323 2224 
6546 4543 6328 2224 
6554 4545 6336 2225 
6561 4548 6342 2227 
6569 4552 6347 2231 
6573 4558 6351 2234 
6580 4561 6356 2236 
6586 4566 6360 2238 
6594 4570 6365 2239 
6600 4575 6372 2240 
6605 4577 6379 2243 
6606 4581 6383 2249 
6612 4588 6388 2251 
6619 4596 6390 2256 
6623 4600 6397 2258 
6628 4606 6404 2258 
6631 4610 6412 2259 
6636 4612 6420 2261 
6639 4619 6426 2262 
6641 4620 6432 2264 
6652 4623 6439 2267 
6657 4625 6444 2267 
6664 4629 6450 2270 
6671 4633 6456 2272 
6679 4635 6464 2272 
6684 4639 6470 2275 
6690 4642 6477 2275 
6694 4644 6485 2278 
6696 4650 6486 2281 
6701 4653 6491 2281 
6707 4663 6500 2282 
6709 4668 6502 2283 
6714 4671 6508 2286 
6721 4675 6511 2288 
6726 4678 6516 2290 
6729 4681 6528 2293 
6735 4688 6534 2293 
6739 4691 6544 2295 
6747 4694 6549 2296 
6752 4697 6555 2298 
6756 4701 6564 2302 
6762 4705 6567 2307 
6770 4715 6571 2308 
6773 4715 6581 2310 
6778 4718 6586 2310 
6786 4721 6591 2310 
6792 4729 6599 2313 
6801 4733 6602 2314 
6805 4735 6606 2314 
6813 4736 6613 2316 
6816 4738 6619 2321 
6819 4744 6624 2324 
6820 4748 6630 2327 
6824 4752 6636 2329 
6831 4753 6638 2330 
6836 4756 6645 2333 
6842 4758 6650 2338 
6845 4761 6654 2341 
6847 4766 6661 2346 
6850 4769 6663 2349 
6855 4774 6668 2351 
6859 4780 6676 2352 
6864 4783 6685 2353 
6869 4788 6690 2355 
6877 4793 6703 2358 
6885 4797 6704 2361 
6887 4802 6712 2364 
6891 4804 6720 2366 
6898 4807 6723 2367 
6901 4812 6728 2369 
6904 4819 6734 2370 
6912 4824 6739 2370 
6914 4827 6742 2370 
6916 4830 6744 2371 
6930 4836 6746 2372 
6937 4838 6749 2375 
6939 4841 6756 2376 
6943 4845 6757 2379 
6946 4847 6762 2382 
6956 4854 6768 2384 
6961 4855 6775 2385 
6963 4860 6780 2387 
6967 4863 6787 2388 
6974 4868 6792 2391 
6979 4870 6794 2393 
6983 4874 6797 2395 
6987 4876 6806 2397 
6990 4879 6810 2400 
6994 4883 6818 2401 
6997 4891 6823 2406 
7004 4894 6830 2410 
7016 4898 6836 2411 
7021 4900 6837 2413 
7028 4909 6839 2414 
7035 4913 6846 2417 
7044 4920 6851 2418 
7050 4922 6859 2419 
7059 4925 6866 2422 
7066 4932 6869 2424 
7072 4935 6870 2428 
7081 4940 6875 2428 
7088 4944 6883 2429 
7095 4948 6888 2430 
7099 4951 6892 2433 
7101 4955 6904 2434 
7104 4960 6907 2437 
7109 4961 6916 2439 
7115 4963 6923 2440 
7118 4965 6928 2442 
7123 4969 6931 2445 
7126 4973 6934 2447 
7133 4980 6937 2448 
7138 4983 6943 2450 
7145 4984 6949 2450 
7150 4989 6954 2453 
7159 4993 6957 2456 
7160 4998 6963 2458 
7170 5002 6969 2458 
7172 5005 6975 2461 
7179 5005 6983 2464 
7187 5009 6992 2465 
7194 5015 6998 2469 
7199 5018 7006 2469 
7203 5023 7013 2470 
7208 5027 7018 2470 
7209 5032 7023 2471 
7212 5037 7026 2475 
7221 5040 7027 2476 
7227 5045 7033 2477 
7234 5047 7038 2481 
7238 5049 7041 2483 
7246 5050 7048 2485 
7250 5051 7052 2487 
7257 5056 7055 2491 
7266 5064 7063 2492 
7271 5069 7069 2494 
7281 5074 7073 2497 
7291 5077 7075 2498 
7292 5081 7078 2498 
7297 5087 7082 2499 
7304 5092 7087 2501 
7307 5096 7091 2506 
7311 5101 7099 2510 
7324 5106 7104 2512 
7332 5109 7108 2516 
7337 5114 7111 2517 
7343 5120 7113 2518 
7351 5121 7121 2519 
7353 5125 7128 2520 
7359 5135 7129 2522 
7363 5138 7134 2523 
7373 5146 7142 2525 
7376 5147 7149 2527 
7384 5151 7155 2529 
7390 5156 7160 2530 
7392 5162 7164 2532 
7400 5169 7168 2532 
7410 5173 7176 2535 
7419 5177 7182 2535 
7425 5181 7188 2539 
7430 5185 7198 2542 
7432 5188 7202 2544 
7439 5193 7206 2550 
7444 5197 7214 2550 
7449 5199 7224 2550 
7453 5201 7230 2552 
7457 5209 7237 2557 
7463 5211 7238 2558 
7470 5213 7244 2559 
7477 5216 7249 2560 
7481 5222 7252 2563 
7485 5227 7257 2564 
7487 5229 7264 2567 
7491 5230 7267 2569 
7495 5232 7272 2570 
7500 5237 7274 2575 
7508 5242 7279 2575 
7515 5249 7283 2577 
7523 5254 7289 2581 
7526 5258 7292 2585 
7529 5265 7294 2587 
7534 5269 7297 2588 
7538 5271 7299 2589 
7545 5276 7304 2589 
7551 5279 7310 2591 
7555 5285 7315 2594 
7565 5289 7323 2600 
7570 5291 7333 2603 
7577 5292 7337 2605 
7578 5298 7347 2609 
7587 5304 7357 2609 
7591 5308 7364 2611 
7594 5313 7371 2613 
7600 5318 7379 2614 
7606 5321 7387 2616 
7613 5326 7390 2619 
7619 5327 7392 2623 
7621 5331 7396 2623 
7623 5334 7400 2624 
7631 5341 7404 2625 
7643 5347 7407 2627 
7649 5351 7413 2629 
7653 5351 7416 2630 
7658 5355 7423 2632 
7663 5358 7427 2635 
7664 5362 7430 2636 
7672 5364 7433 2639 
7677 5365 7436 2640 
7680 5372 7444 2643 
7688 5375 7456 2645 
7689 5377 7460 2649 
7693 5383 7462 2651 
7697 5384 7468 2651 
7701 5385 7477 2655 
7706 5390 7482 2658 
7712 5391 7490 2661 
7716 5393 7495 2666 
7719 5397 7500 2668 
7725 5401 7504 2668 
7728 5407 7509 2669 
7730 5411 7514 2670 
7734 5415 7516 2672 
7740 5418 7520 2677 
7743 5424 7527 2679 
7750 5428 7535 2680 
7756 5431 7540 2680 
7763 5436 7547 2680 
7770 5444 7556 2683 
7774 5446 7560 2684 
7779 5451 7563 2685 
7784 5456 7571 2685 
7787 5463 7582 2687 
7792 5468 7589 2689 
7798 5473 7593 2690 
7805 5478 7602 2690 
7810 5483 7604 2693 
7815 5485 7609 2693 
7821 5490 7616 2694 
7826 5493 7623 2694 
7831 5495 7626 2697 
7834 5499 7632 2700 
7838 5503 7640 2703 
7843 5509 7643 2705 
7845 5511 7647 2707 
7850 5513 7654 2708 
7853 5516 7666 2711 
7861 5520 7672 2712 
7866 5522 7680 2716 
7872 5523 7686 2718 
7877 5527 7693 2720 
7884 5530 7698 2721 
7886 5533 7703 2726 
7892 5535 7713 2727 
7900 5539 7715 2732 
7908 5544 7720 2735 
7917 5548 7727 2737 
7925 5551 7732 2738 
7928 5555 7740 2740 
7933 5561 7747 2740 
7940 5565 7749 2741 
7944 5568 7755 2744 
7947 5574 7763 2745 
7950 5576 7768 2746 
7956 5583 7778 2747 
7960 5587 7787 2748 
7966 5595 7793 2748 
7974 5601 7805 2752 
7978 5607 7813 2754 
7988 5609 7815 2756 
7992 5613 7822 2759 
7996 5616 7828 2762 
8000 5624 7831 2764 
8005 5631 7838 2766 
8008 5635 7842 2767 
8012 5639 7850 2771 
8016 5641 7856 2777 
8022 5644 7862 2779 
8029 5648 7870 2783 
8034 5654 7877 2787 
8040 5658 7883 2788 
8045 5660 7890 2790 
8050 5666 7896 2790 
8055 5670 7904 2790 
8062 5671 7909 2793 
8067 5676 7915 2793 
8072 5681 7916 2794 
8077 5687 7922 2795 
8085 5689 7929 2796 
8090 5694 7934 2797 
8094 5699 7936 2798 
8101 5702 7938 2799 
8106 5709 7946 2801 
8106 5714 7955 2802 
8117 5714 7957 2805 
8124 5721 7961 2807 
8127 5723 7969 2810 
8132 5730 7975 2813 
8135 5734 7979 2815 
8140 5735 7986 2817 
8144 5739 7991 2820 
8151 5743 7993 2824 
8155 5746 8000 2828 
8160 5752 8006 2830 
8165 5754 8012 2831 
8172 5760 8019 2832 
8178 5765 8025 2834 
8186 5765 8028 2836 
8190 5770 8029 2836 
8194 5775 8035 2837 
8199 5776 8038 2840 
8205 5779 8041 2843 
8208 5782 8045 2844 
8215 5788 8049 2845 
8225 5792 8055 2846 
8232 5797 8059 2847 
8237 5802 8064 2849 
8242 5807 8069 2850 
8253 5810 8072 2852 
8259 5812 8078 2854 
8262 5817 8084 2859 
8271 5820 8093 2859 
8276 5824 8099 2860 
8282 5829 8103 2863 
8289 5833 8110 2866 
8294 5836 8115 2869 
8299 5840 8124 2872 
8305 5841 8128 2872 
8307 5847 8131 2874 
8311 5847 8138 2877 
8320 5850 8142 2877 
8327 5855 8148 2881 
8338 5861 8152 2882 
8343 5864 8154 2889 
8352 5870 8159 2893 
8356 5871 8164 2894 
8361 5878 8168 2895 
8364 5883 8173 2896 
8367 5887 8177 2898 
8371 5891 8182 2899 
8381 5897 8189 2900 
8383 5902 8197 2900 
8388 5904 8208 2902 
8392 5905 8212 2905 
8401 5908 8218 2906 
8409 5913 8221 2907 
8413 5917 8226 2911 
8415 5919 8232 2914 
8422 5924 8241 2916 
8426 5926 8252 2918 
8432 5929 8257 2921 
8434 5931 8261 2921 
8445 5933 8267 2923 
8454 5937 8273 2924 
8459 5940 8281 2925 
8464 5944 8287 2926 
8466 5948 8292 2929 
8474 5951 8296 2935 
8479 5955 8301 2936 
8483 5956 8312 2937 
8489 5959 8319 2939 
8496 5962 8325 2942 
8501 5966 8330 2943 
8506 5970 8335 2943 
8512 5973 8337 2947 
8514 5975 8338 2948 
8524 5982 8343 2948 
8529 5988 8349 2951 
8536 5991 8362 2952 
8537 5995 8368 2955 
8543 5997 8373 2956 
8550 6001 8377 2957 
8556 6004 8381 2957 
8561 6011 8388 2960 
8568 6016 8391 2962 
8574 6018 8398 2964 
8583 6021 8406 2966 
8587 6022 8413 2969 
8590 6027 8421 2971 
8598 6032 8424 2972 
8603 6037 8426 2974 
8610 6039 8435 2975 
8615 6046 8440 2976 
8622 6052 8450 2978 
8627 6056 8455 2980 
8629 6059 8461 2981 
8633 6062 8466 2983 
8640 6065 8469 2984 
8643 6066 8474 2985 
8647 6071 8475 2987 
8650 6076 8487 2989 
8658 6082 8492 2991 
8661 6089 8495 2992 
8667 6098 8500 2992 
8672 6101 8504 2992 
8677 6104 8510 2992 
8681 6106 8519 2995 
8688 6110 8524 2996 
8693 6112 8528 2996 
8700 6117 8534 2996 
8704 6124 8540 3001 
8706 6127 8545 3002 
8715 6132 8554 3002 
8717 6135 8563 3003 
8720 6136 8569 3003 
8724 6140 8575 3004 
8727 6141 8582 3007 
8734 6144 8584 3008 
8735 6149 8595 3008 
8741 6152 8600 3012 
8747 6153 8604 3014 
8750 6159 8611 3014 
8758 6163 8616 3015 
8763 6167 8623 3017 
8767 6172 8631 3017 
8773 6177 8634 3019 
8779 6183 8645 3022 
8782 6185 8656 3022 
8788 6189 8662 3023 
8795 6193 8665 3025 
8801 6198 8670 3027 
8804 6203 8673 3030 
8810 6206 8681 3032 
8815 6208 8687 3036 
8819 6211 8692 3038 
8828 6214 8693 3039 
8828 6217 8703 3040 
8836 6218 8708 3043 
8841 6224 8713 3044 
8845 6226 8719 3046 
8849 6230 8723 3047 
8855 6233 8728 3049 
8857 6236 8738 3052 
8863 6241 8743 3054 
8869 6246 8750 3055 
8879 6251 8755 3057 
8885 6259 8759 3057 
8891 6263 8766 3060 
8899 6268 8773 3062 
8903 6272 8782 3065 
8904 6276 8783 3068 
8910 6280 8785 3068 
8916 6287 8787 3070 
8926 6296 8790 3074 
8934 6301 8794 3076 
8937 6306 8796 3078 
8942 6311 8801 3080 
8949 6313 8804 3084 
8954 6317 8807 3084 
8962 6325 8814 3086 
8964 6331 8819 3088 
8968 6336 8820 3090 
8974 6341 8826 3090 
8980 6345 8833 3090 
8989 6351 8840 3097 
8993 6356 8849 3097 
8999 6361 8855 3098 
9001 6362 8865 3101 
9005 6365 8871 3104 
9009 6369 8874 3106 
9014 6373 8876 3106 
9018 6375 8880 3107 
9025 6376 8885 3107 
9029 6387 8893 3110 
9037 6389 8900 3112 
9040 6392 8910 3114 
9046 6395 8920 3117 
9050 6398 8927 3119 
9056 6403 8934 3120 
9064 6405 8940 3123 
9074 6407 8944 3126 
9080 6417 8950 3128 
9086 6420 8955 3130 
9088 6424 8960 3131 
9094 6430 8968 3133 
9097 6434 8971 3135 
9101 6440 8977 3136 
9107 6449 8986 3136 
9114 6455 8994 3137 
9120 6457 9009 3139 
9126 6464 9015 3142 
9127 6467 9018 3144 
9133 6471 9022 3145 
9138 6473 9035 3145 
9143 6478 9041 3147 
9144 6486 9043 3149 
9146 6489 9046 3149 
9150 6492 9052 3151 
9156 6498 9055 3155 
9166 6501 9061 3158 
9170 6506 9072 3160 
9174 6510 9077 3160 
9177 6514 9083 3162 
9182 6519 9088 3162 
9187 6524 9093 3164 
9190 6530 9104 3165 
9197 6535 9108 3166 
9204 6538 9112 3168 
9211 6541 9124 3169 
9221 6547 9131 3171 
9230 6550 9133 3173 
9237 6558 9139 3177 
9241 6563 9145 3180 
9243 6566 9149 3181 
9248 6569 9155 3183 
9254 6571 9160 3183 
9262 6578 9164 3185 
9268 6584 9169 3186 
9275 6591 9176 3188 
9283 6595 9184 3189 
9287 6599 9187 3192 
9294 6603 9196 3194 
9300 6606 9202 3198 
9303 6607 9206 3198 
9309 6611 9218 3198 
9313 6613 9227 3201 
9313 6615 9233 3204 
9318 6622 9239 3206 
9325 6625 9243 3208 
9327 6625 9245 3210 
9335 6630 9250 3213 
9340 6631 9256 3216 
9344 6636 9261 3218 
9349 6639 9267 3219 
9352 6644 9271 3222 
9355 6647 9277 3225 
9360 6649 9287 3226 
9367 6654 9293 3232 
9371 6655 9297 3233 
9375 6658 9299 3234 
9381 6663 9303 3234 
9388 6672 9305 3236 
9397 6676 9310 3238 
9401 6680 9318 3239 
9406 6684 9323 3244 
9412 6686 9328 3244 
9422 6691 9329 3247 
9427 6697 9334 3249 
9428 6701 9337 3250 
9436 6705 9342 3251 
9441 6709 9345 3253 
9445 6712 9348 3256 
9449 6715 9350 3258 
9457 6722 9353 3261 
9459 6724 9363 3264 
9463 6730 9370 3268 
9469 6735 9377 3272 
9474 6738 9380 3272 
9480 6743 9383 3275 
9488 6748 9392 3277 
9493 6750 9398 3278 
9498 6752 9402 3278 
9502 6754 9408 3279 
9504 6759 9415 3279 
9513 6762 9420 3282 
9518 6768 9423 3284 
9525 6774 9430 3285 
9530 6779 9436 3287 
9538 6786 9441 3289 
9540 6792 9445 3289 
9543 6796 9449 3295 
9547 6796 9453 3299 
9551 6799 9462 3300 
9555 6801 9465 3302 
9563 6805 9477 3303 
9570 6812 9482 3304 
9576 6815 9487 3306 
9578 6816 9491 3309 
9581 6823 9495 3310 
9587 6829 9498 3313 
9594 6831 9506 3314 
9599 6833 9512 3316 
9602 6839 9515 3320 
9606 6847 9521 3322 
9608 6849 9525 3323 
9615 6852 9531 3323 
9622 6859 9536 3324 
9631 6865 9540 3326 
9641 6871 9547 3329 
9644 6873 9555 3329 
9649 6877 9564 3331 
9654 6879 9570 3333 
9660 6880 9573 3334 
9667 6884 9578 3338 
9670 6886 9580 3342 
9671 6890 9587 3344 
9679 6892 9591 3344 
9685 6896 9595 3344 
9694 6898 9600 3344 
9706 6903 9605 3345 
9714 6908 9612 3353 
9715 6912 9619 3354 
9721 6916 9624 3355 
9726 6918 9630 3355 
9733 6920 9635 3356 
9738 6925 9639 3362 
9742 6931 9645 3364 
9746 6938 9650 3364 
9751 6942 9657 3368 
9762 6945 9665 3370 
9764 6948 9671 3372 
9766 6952 9678 3373 
9769 6958 9681 3376 
9780 6962 9687 3378 
9786 6965 9696 3379 
9797 6968 9705 3380 
9801 6976 9715 3383 
9805 6978 9724 3384 
9810 6978 9729 3388 
9815 6986 9736 3391 
9819 6989 9739 3393 
9820 6993 9744 3393 
9829 6994 9747 3396 
9836 6997 9755 3397 
9842 7000 9760 3398 
9845 7009 9764 3398 
9851 7011 9768 3399 
9856 7016 9771 3403 
9862 7018 9777 3407 
9868 7019 9784 3410 
9873 7020 9793 3413 
9882 7025 9802 3417 
9890 7030 9809 3419 
9894 7034 9817 3422 
9898 7036 9824 3423 
9901 7040 9830 3423 
9909 7046 9839 3425 
9915 7054 9845 3428 
9921 7057 9851 3428 
9925 7063 9861 3431 
9935 7064 9872 3432 
9943 7065 9876 3434 
9949 7071 9881 3435 
9951 7076 9892 3437 
9959 7082 9897 3438 
9965 7087 9899 3441 
9976 7088 9909 3442 
9983 7096 9910 3442 
9984 7102 9912 3442 
9990 7108 9916 3444 
9994 7114 9923 3447 
10000 7115 9925 3448 
10008 7120 9934 3448 
10015 7128 9939 3450 
10018 7130 9948 3453 
10020 7132 9953 3455 
10025 7138 9957 3455 
10029 7145 9961 3459 
10034 7149 9965 3465 
10042 7154 9967 3467 
10046 7158 9973 3468 
10052 7163 9982 3470 
10059 7167 9986 3471 
10065 7172 9993 3472 
10066 7177 10001 3475 
10070 7180 10004 3477 
10074 7184 10011 3478 
10080 7187 10015 3479 
10087 7188 10023 3481 
10092 7193 10028 3484 
10096 7199 10035 3488 
10102 7201 10048 3492 
10105 7203 10054 3494 
10112 7209 10058 3495 
10118 7216 10062 3498 
10121 7226 10066 3499 
10129 7232 10073 3502 
10134 7240 10077 3504 
10141 7246 10084 3507 
10146 7251 10087 3508 
10153 7257 10092 3510 
10154 7259 10096 3510 
10157 7266 10103 3513 
10162 7268 10109 3513 
10165 7272 10118 3514 
10166 7278 10127 3514 
10173 7283 10132 3516 
10180 7291 10135 3519 
10182 7297 10142 3519 
10186 7302 10149 3520 
10192 7303 10157 3520 
10198 7310 10158 3522 
10206 7317 10163 3523 
10211 7320 10167 3525 
10213 7323 10173 3527 
10221 7327 10177 3528 
10223 7332 10181 3530 
10227 7334 10186 3531 
10235 7339 10193 3533 
10244 7345 10197 3534 
10249 7354 10204 3536 
10254 7359 10211 3542 
10262 7366 10217 3543 
10269 7370 10224 3549 
10277 7372 10234 3550 
10283 7376 10241 3550 
10290 7380 10249 3553 
10295 7387 10255 3554 
10301 7398 10259 3557 
10308 7400 10268 3557 
10313 7407 10274 3559 
10314 7413 10280 3566 
10321 7414 10285 3572 
10327 7416 10293 3576 
10332 7421 10298 3580 
10337 7429 10309 3581 
10342 7432 10315 3581 
10347 7438 10318 3582 
10347 7445 10321 3584 
10349 7451 10325 3587 
10349 7456 10329 3588 
10353 7461 10332 3590 
10362 7462 10335 3597 
10365 7465 10345 3598 
10370 7470 10349 3599 
10377 7479 10355 3601 
10381 7483 10358 3601 
10383 7487 10369 3604 
10385 7493 10375 3606 
10392 7496 10380 3608 
10401 7504 10385 3609 
10408 7509 10387 3611 
10410 7512 10392 3612 
10412 7520 10399 3613 
10414 7522 10403 3615 
10419 7526 10410 3617 
10422 7530 10415 3618 
10427 7538 10421 3620 
10433 7542 10425 3622 
10439 7548 10429 3623 
10443 7551 10433 3623 
10446 7553 10441 3624 
10450 7554 10443 3630 
10455 7557 10445 3632 
10464 7558 10453 3632 
10470 7560 10457 3634 
10475 7565 10463 3636 
10480 7567 10468 3639 
10488 7572 10473 3640 
10492 7576 10479 3642 
10497 7581 10484 3645 
10500 7585 10493 3647 
10506 7588 10497 3648 
10509 7588 10504 3651 
10516 7595 10511 3652 
10521 7599 10516 3655 
10527 7601 10524 3660 
10532 7605 10529 3661 
10538 7606 10537 3664 
10542 7611 10540 3666 
10544 7611 10543 3668 
10551 7612 10549 3669 
10562 7621 10555 3669 
10564 7627 10560 3670 
10565 7630 10568 3671 
10569 7634 10570 3675 
10573 7639 10579 3678 
10580 7642 10588 3680 
10584 7648 10594 3680 
10587 7652 10600 3683 
10588 7656 10603 3685 
10599 7662 10607 3686 
10604 7664 10611 3689 
10606 7668 10615 3690 
10612 7673 10619 3691 
10617 7677 10628 3692 
10620 7678 10634 3694 
10629 7685 10637 3696 
10636 7690 10641 3697 
10646 7693 10646 3702 
10652 7698 10655 3703 
10660 7705 10659 3705 
10663 7710 10665 3707 
10668 7716 10667 3707 
10674 7719 10672 3708 
10683 7722 10674 3710 
10689 7729 10681 3710 
10697 7732 10689 3711 
10708 7737 10693 3712 
10711 7739 10701 3713 
10712 7743 10709 3716 
10718 7751 10717 3718 
10725 7755 10722 3721 
10736 7757 10725 3724 
10740 7761 10733 3727 
10755 7765 10749 3728 
10761 7766 10756 3731 
10767 7770 10766 3731 
10769 7774 10772 3733 
10773 7775 10775 3736 
10777 7777 10778 3736 
10784 7780 10784 3736 
10788 7785 10789 3740 
10793 7789 10798 3741 
10797 7794 10806 3741 
10801 7801 10810 3742 
10811 7805 10814 3744 
10820 7813 10818 3745 
10833 7814 10823 3746 
10833 7817 10828 3749 
10838 7818 10835 3752 
10843 7822 10839 3753 
10848 7825 10841 3753 
10854 7827 10848 3755 
10860 7830 10856 3759 
10866 7833 10862 3760 
10873 7837 10869 3761 
10879 7841 10874 3763 
10883 7843 10879 3767 
10893 7844 10888 3767 
10899 7845 10895 3771 
10905 7850 10901 3772 
10915 7857 10909 3775 
10920 7864 10914 3777 
10924 7869 10923 3780 
10929 7873 10925 3781 
10935 7876 10927 3781 
10938 7878 10931 3782 
10945 7886 10936 3784 
10947 7891 10942 3786 
10953 7898 10951 3788 
10961 7905 10956 3788 
10971 7909 10963 3792 
10976 7914 10971 3792 
10980 7921 10978 3798 
10989 7923 10983 3799 
10992 7926 10985 3800 
10995 7932 10990 3805 
11000 7938 10996 3807 
11008 7941 11001 3809 
11015 7942 11008 3810 
11018 7946 11013 3812 
11023 7949 11020 3814 
11031 7952 11029 3816 
11040 7955 11032 3818 
11048 7960 11037 3820 
11056 7963 11043 3825 
11059 7966 11057 3826 
11068 7971 11065 3826 
11072 7978 11068 3826 
11073 7979 11074 3827 
11075 7982 11077 3828 
11082 7984 11083 3829 
11085 7988 11083 3831 
11097 7995 11089 3834 
11102 8001 11098 3835 
11109 8004 11104 3840 
11113 8009 11113 3843 
11120 8011 11124 3844 
11124 8015 11129 3846 
11131 8019 11133 3849 
11137 8024 11137 3849 
11146 8028 11141 3852 
11151 8033 11148 3854 
11160 8036 11159 3858 
11168 8040 11161 3859 
11176 8043 11168 3859 
11181 8047 11175 3864 
11189 8052 11180 3866 
11195 8053 11183 3868 
11202 8056 11187 3869 
11207 8059 11191 3870 
11212 8062 11197 3872 
11216 8064 11202 3873 
11218 8066 11207 3878 
11220 8071 11208 3882 
11232 8075 11214 3886 
11239 8084 11220 3889 
11246 8088 11227 3890 
11254 8094 11232 3891 
11257 8098 11237 3894 
11262 8107 11242 3896 
11269 8111 11247 3899 
11275 8113 11255 3905 
11283 8116 11261 3905 
11290 8124 11264 3908 
11298 8128 11269 3910 
11302 8132 11275 3912 
11309 8136 11280 3916 
11316 8140 11283 3919 
11318 8141 11289 3919 
11321 8147 11294 3923 
11328 8147 11297 3926 
11331 8152 11304 3926 
11333 8152 11306 3929 
11338 8155 11308 3931 
11348 8160 11316 3932 
11355 8165 11319 3936 
11364 8170 11324 3937 
11366 8174 11330 3942 
11372 8176 11333 3943 
11381 8179 11343 3945 
11390 8183 11349 3946 
11397 8188 11355 3948 
11403 8193 11361 3948 
11412 8196 11369 3952 
11416 8203 11374 3955 
11419 8205 11381 3957 
11423 8209 11388 3958 
11429 8214 11390 3960 
11433 8219 11393 3961 
11438 8224 11398 3962 
11444 8227 11404 3963 
11448 8232 11408 3965 
11456 8237 11413 3967 
11460 8242 11421 3970 
11463 8245 11430 3971 
11468 8250 11438 3973 
11470 8256 11445 3976 
11474 8260 11451 3977 
11477 8263 11460 3981 
11481 8272 11466 3982 
11486 8283 11473 3985 
11490 8290 11475 3986 
11493 8294 11479 3989 
11497 8298 11487 3992 
11502 8300 11491 3994 
11506 8304 11497 3996 
11512 8306 11504 3997 
11514 8312 11508 3997 
11518 8312 11513 4000 
11525 8316 11521 4002 
11531 8319 11528 4003 
11535 8324 11536 4005 
11541 8326 11544 4005 
11544 8332 11551 4007 
11546 8335 11555 4009 
11550 8340 11561 4010 
11554 8346 11569 4014 
11560 8351 11572 4014 
11564 8357 11577 4017 
11566 8358 11583 4021 
11573 8367 11585 4022 
11578 8370 11588 4023 
11584 8373 11596 4024 
11586 8377 11602 4024 
11592 8380 11610 4027 
11602 8384 11619 4027 
11606 8386 11626 4029 
11615 8390 11633 4030 
11626 8394 11640 4031 
11631 8402 11647 4034 
11635 8412 11654 4037 
11639 8415 11655 4039 
11642 8419 11662 4040 
11647 8425 11665 4044 
11654 8427 11668 4046 
11661 8432 11678 4048 
11664 8437 11687 4049 
11665 8445 11695 4051 
11675 8450 11701 4054 
11678 8453 11704 4056 
11683 8457 11706 4056 
11690 8460 11712 4059 
11692 8463 11718 4062 
11698 8467 11726 4063 
11703 8471 11729 4064 
11708 8476 11734 4064 
11715 8481 11742 4068 
11718 8486 11750 4071 
11727 8487 11755 4071 
11733 8493 11762 4072 
11741 8498 11773 4076 
11749 8501 11779 4076 
11753 8505 11785 4081 
11758 8509 11790 4083 
11765 8514 11795 4083 
11774 8518 11799 4086 
11779 8520 11803 4089 
11784 8521 11806 4091 
11789 8524 11808 4092 
11796 8528 11817 4093 
11802 8531 11825 4097 
11805 8533 11830 4100 
11810 8538 11830 4100 
11814 8541 11834 4105 
11815 8544 11840 4108 
11819 8547 11842 4110 
11825 8553 11848 4111 
11833 8555 11853 4113 
11836 8558 11864 4114 
11843 8563 11870 4116 
11843 8565 11874 4116 
11851 8571 11878 4120 
11860 8575 11886 4122 
11867 8582 11889 4123 
11873 8584 11894 4124 
11877 8589 11897 4126 
11885 8593 11898 4127 
11887 8598 11904 4129 
11891 8604 11911 4131 
11896 8608 11917 4133 
11902 8610 11922 4135 
11911 8616 11931 4137 
11917 8619 11937 4139 
11920 8626 11941 4143 
11927 8630 11945 4146 
11939 8637 11950 4147 
11945 8646 11954 4151 
11955 8651 11959 4152 
11960 8653 11967 4154 
11965 8659 11979 4158 
11969 8665 11986 4161 
11973 8673 11988 4162 
11979 8677 11998 4164 
11987 8682 12008 4164 
11991 8687 12009 4165 
11996 8694 12013 4168 
12001 8699 12017 4170 
12003 8706 12021 4173 
12008 8709 12028 4173 
12010 8714 12035 4174 
12014 8723 12045 4175 
12019 8725 12054 4180 
12028 8728 12060 4180 
12031 8733 12069 4181 
12040 8739 12076 4183 
12048 8745 12081 4187 
12050 8749 12090 4190 
12053 8751 12097 4191 
12062 8755 12104 4191 
12064 8756 12106 4191 
12069 8760 12112 4192 
12077 8763 12119 4196 
12079 8768 12126 4202 
12091 8770 12130 4208 
12095 8773 12136 4211 
12099 8776 12139 4213 
12105 8783 12141 4215 
12112 8788 12144 4216 
12116 8791 12147 4216 
12123 8794 12156 4218 
12127 8799 12161 4222 
12135 8802 12173 4223 
12140 8803 12178 4224 
12145 8805 12187 4226 
12154 8812 12192 4226 
12165 8817 12196 4227 
12168 8823 12206 4230 
12173 8825 12215 4231 
12178 8833 12222 4234 
12182 8840 12229 4235 
12185 8845 12236 4236 
12193 8850 12243 4237 
12202 8854 12250 4239 
12211 8859 12256 4241 
12216 8862 12265 4243 
12224 8867 12269 4244 
12228 8872 12277 4244 
12236 8876 12282 4245 
12244 8883 12288 4250 
12253 8890 12293 4254 
12257 8894 12298 4254 
12260 8900 12303 4259 
12265 8902 12309 4260 
12274 8905 12315 4263 
12279 8913 12322 4263 
12284 8919 12327 4265 
12291 8923 12336 4267 
12295 8931 12338 4267 
12298 8933 12349 4270 
12308 8936 12354 4271 
12314 8940 12358 4272 
12326 8947 12366 4276 
12331 8950 12372 4277 
12334 8955 12379 4281 
12338 8957 12387 4283 
12343 8963 12392 4283 
12351 8965 12398 4283 
12357 8968 12399 4288 
12365 8969 12409 4289 
12368 8971 12415 4290 
12370 8972 12421 4292 
12376 8975 12425 4292 
12381 8982 12429 4294 
12387 8985 12432 4298 
12390 8992 12437 4299 
12398 8996 12440 4302 
12403 9002 12446 4303 
12405 9006 12455 4303 
12409 9010 12462 4303 
12412 9014 12466 4305 
12416 9018 12470 4307 
12422 9024 12475 4311 
12430 9029 12483 4312 
12432 9034 12486 4313 
12439 9042 12490 4317 
12444 9047 12500 4321 
12449 9052 12509 4327 
12454 9054 12521 4329 
12460 9059 12530 4332 
12464 9062 12540 4333 
12465 9065 12549 4333 
12471 9067 12554 4337 
12481 9071 12558 4339 
12489 9078 12566 4341 
12496 9083 12570 4343 
12501 9091 12580 4344 
12508 9096 12589 4346 
12513 9099 12594 4347 
12523 9100 12599 4349 
12526 9108 12602 4351 
12528 9114 12606 4351 
12531 9117 12613 4352 
12534 9121 12621 4354 
12538 9122 12626 4356 
12541 9125 12633 4357 
12550 9129 12641 4360 
12559 9133 12650 4361 
12565 9138 12656 4365 
12572 9148 12664 4366 
12577 9153 12668 4368 
12580 9160 12670 4370 
12582 9164 12673 4372 
12590 9164 12677 4375 
12595 9170 12686 4376 
12603 9173 12687 4379 
12611 9179 12689 4381 
12615 9187 12701 4386 
12620 9195 12710 4387 
12626 9204 12715 4390 
12635 9206 12721 4391 
12639 9210 12735 4393 
12640 9217 12742 4394 
12650 9225 12747 4395 
12655 9230 12756 4397 
12664 9232 12765 4400 
12672 9241 12770 4401 
12674 9247 12779 4401 
12682 9251 12785 4403 
12685 9254 12786 4405 
12691 9257 12793 4409 
12702 9263 12797 4412 
12708 9272 12801 4414 
12719 9276 12813 4417 
12723 9281 12818 4421 
12728 9285 12824 4423 
12733 9293 12831 4423 
12738 9297 12839 4425 
12748 9300 12851 4427 
12754 9303 12860 4427 
12756 9308 12865 4428 
12762 9314 12870 4429 
12767 9323 12875 4430 
12773 9328 12878 4430 
12777 9331 12883 4431 
12783 9337 12893 4431 
12785 9338 12900 4435 
12790 9345 12907 4437 
12794 9348 12912 4439 
12795 9351 12918 4446 
12799 9355 12925 4448 
12808 9361 12929 4451 
12813 9362 12937 4454 
12822 9364 12944 4459 
12829 9368 12948 4460 
12832 9374 12955 4460 
12837 9377 12959 4461 
12844 9381 12964 4462 
12853 9386 12974 4464 
12861 9393 12978 4470 
12869 9399 12986 4470 
12869 9405 12989 4471 
12873 9407 12994 4473 
12883 9409 12999 4476 
12890 9413 13008 4480 
12896 9417 13011 4481 
12901 9423 13012 4486 
12903 9429 13020 4489 
12908 9433 13024 4491 
12914 9437 13030 4492 
12920 9442 13037 4495 
12925 9447 13041 4497 
12928 9448 13046 4498 
12935 9454 13053 4498 
12940 9457 13056 4500 
12947 9460 13068 4504 
12952 9467 13072 4507 
12958 9470 13080 4510 
12960 9476 13084 4513 
12968 9476 13086 4515 
12978 9477 13093 4517 
12985 9483 13107 4517 
12991 9485 13111 4519 
12999 9490 13113 4519 
13003 9495 13116 4522 
13006 9498 13118 4524 
13014 9507 13128 4528 
13020 9510 13133 4532 
13024 9517 13138 4537 
13030 9523 13145 4539 
13035 9529 13148 4543 
13037 9536 13154 4546 
13045 9538 13157 4549 
13050 9543 13166 4552 
13056 9544 13170 4555 
13066 9547 13175 4555 
13073 9549 13179 4558 
13080 9553 13184 4559 
13088 9557 13190 4561 
13093 9561 13198 4563 
13098 9565 13203 4564 
13105 9568 13206 4568 
13108 9572 13211 4570 
13114 9576 13216 4573 
13116 9579 13220 4575 
13122 9585 13224 4578 
13126 9586 13227 4582 
13133 9591 13239 4583 
13144 9598 13244 4586 
13153 9602 13248 4588 
13155 9609 13249 4590 
13164 9614 13251 4593 
13169 9618 13257 4593 
13171 9620 13259 4596 
13179 9625 13261 4599 
13182 9633 13264 4604 
13188 9637 13267 4606 
13195 9643 13271 4607 
13200 9648 13277 4612 
13205 9653 13286 4615 
13210 9660 13291 4618 
13216 9663 13296 4619 
13219 9665 13306 4621 
13223 9673 13315 4623 
13228 9677 13320 4627 
13232 9680 13328 4627 
13241 9685 13333 4628 
13245 9687 13341 4634 
13251 9698 13345 4634 
13259 9701 13354 4634 
13263 9703 13358 4635 
13268 9709 13362 4639 
13274 9712 13368 4642 
13280 9718 13371 4644 
13286 9724 13378 4645 
13290 9734 13380 4646 
13297 9742 13394 4646 
13303 9745 13397 4648 
13307 9755 13412 4652 
13318 9761 13416 4655 
13327 9766 13423 4657 
13334 9770 13428 4659 
13338 9773 13436 4661 
13345 9780 13439 4662 
13348 9783 13445 4663 
13354 9791 13454 4667 
13363 9794 13460 4670 
13372 9797 13463 4674 
13378 9802 13471 4675 
13385 9808 13472 4679 
13390 9811 13478 4682 
13400 9813 13482 4685 
13407 9821 13489 4688 
13411 9827 13495 4690 
13417 9829 13501 4692 
13424 9831 13510 4693 
13436 9833 13516 4694 
13444 9836 13527 4696 
13450 9843 13530 4697 
13459 9854 13537 4698 
13461 9859 13543 4700 
13466 9865 13549 4702 
13474 9869 13553 4703 
13478 9878 13559 4706 
13481 9879 13567 4708 
13485 9884 13572 4709 
13490 9890 13580 4712 
13495 9895 13583 4714 
13499 9900 13586 4717 
13501 9900 13588 4721 
13505 9905 13593 4724 
13508 9911 13600 4727 
13512 9915 13606 4727 
13517 9926 13612 4729 
13525 9929 13619 4729 
13526 9936 13625 4732 
13531 9940 13629 4733 
13534 9945 13636 4736 
13537 9947 13643 4739 
13542 9947 13655 4740 
13547 9950 13663 4743 
13553 9954 13671 4743 
13557 9959 13676 4744 
13565 9965 13681 4744 
13568 9969 13686 4747 
13575 9971 13692 4750 
13579 9978 13696 4754 
13584 9982 13702 4754 
13588 9985 13711 4755 
13594 9989 13716 4755 
13601 9995 13721 4757 
13607 9998 13726 4760 
13618 10004 13735 4762 
13622 10010 13740 4764 
13627 10017 13747 4768 
13636 10019 13750 4769 
13640 10023 13757 4770 
13646 10028 13763 4773 
13653 10036 13769 4774 
13657 10042 13775 4775 
13664 10043 13776 4778 
13666 10045 13782 4780 
13668 10048 13787 4780 
13677 10054 13793 4780 
13684 10059 13800 4783 
13693 10070 13807 4786 
13698 10078 13808 4789 
13711 10079 13808 4792 
13717 10084 13815 4793 
13721 10091 13817 4795 
13725 10098 13823 4797 
13730 10100 13830 4799 
13732 10104 13834 4800 
13739 10110 13838 4801 
13746 10116 13847 4802 
13750 10121 13851 4805 
13758 10129 13854 4812 
13762 10135 13859 4814 
13769 10140 13867 4817 
13773 10145 13874 4820 
13781 10147 13878 4820 
13784 10153 13887 4823 
13791 10156 13889 4824 
13794 10160 13896 4826 
13799 10165 13900 4828 
13804 10169 13906 4828 
13815 10178 13911 4832 
13821 10183 13918 4837 
13826 10186 13927 4837 
13833 10190 13931 4839 
13841 10193 13936 4841 
13850 10196 13941 4841 
13857 10205 13947 4844 
13867 10208 13950 4847 
13874 10213 13957 4848 
13880 10219 13964 4851 
13887 10222 13969 4853 
13895 10228 13975 4853 
13898 10235 13981 4857 
13904 10241 13985 4862 
13911 10242 13990 4867 
13918 10245 13997 4868 
13926 10252 14003 4870 
13931 10258 14007 4873 
13937 10260 14012 4873 
13943 10265 14013 4874 
13948 10272 14017 4875 
13953 10277 14024 4877 
13961 10281 14030 4880 
13966 10285 14040 4880 
13971 10286 14048 4881 
13975 10293 14054 4884 
13984 10293 14059 4884 
13991 10295 14062 4885 
13998 10304 14072 4886 
14004 10312 14077 4888 
14008 10315 14084 4890 
14017 10319 14090 4891 
14020 10322 14095 4893 
14028 10325 14101 4894 
14034 10329 14107 4895 
14040 10336 14115 4897 
14053 10342 14119 4899 
14059 10349 14122 4903 
14063 10352 14130 4907 
14070 10356 14140 4909 
14078 10360 14146 4911 
14082 10364 14150 4913 
14089 10372 14156 4914 
14094 10381 14164 4918 
14102 10387 14170 4920 
14109 10393 14176 4921 
14114 10393 14179 4921 
14116 10402 14184 4922 
14119 10407 14188 4924 
14129 10408 14191 4926 
14135 10411 14195 4930 
14145 10417 14202 4930 
14151 10424 14204 4931 
14157 10432 14208 4933 
14161 10436 14213 4934 
14165 10443 14216 4934 
14172 10446 14224 4936 
14177 10451 14228 4939 
14181 10458 14235 4939 
14188 10461 14241 4942 
14197 10463 14245 4943 
14207 10466 14251 4943 
14211 10468 14258 4944 
14216 10475 14266 4948 
14219 10478 14273 4951 
14225 10488 14281 4953 
14230 10494 14285 4954 
14239 10498 14293 4956 
14241 10503 14298 4958 
14249 10510 14306 4961 
14256 10512 14313 4963 
14265 10513 14319 4964 
14268 10519 14325 4967 
14276 10523 14325 4968 
14278 10528 14333 4970 
14282 10535 14337 4972 
14284 10538 14341 4975 
14294 10542 14348 4977 
14300 10552 14354 4978 
14306 10555 14361 4979 
14310 10563 14368 4981 
14315 10570 14375 4982 
14321 10574 14379 4984 
14326 10580 14386 4985 
14329 10586 14393 4987 
14333 10597 14397 4988 
14336 10601 14405 4992 
14341 10606 14410 4997 
14349 10610 14414 4999 
14354 10613 14422 5001 
14361 10615 14427 5003 
14365 10617 14435 5004 
14373 10621 14443 5007 
14376 10624 14445 5011 
14382 10631 14448 5012 
14385 10636 14455 5016 
14393 10639 14463 5018 
14401 10641 14469 5020 
14404 10645 14473 5023 
14408 10651 14480 5025 
14414 10655 14486 5027 
14416 10661 14492 5028 
14419 10669 14497 5029 
14424 10675 14504 5030 
14430 10679 14510 5032 
14441 10682 14517 5033 
14445 10684 14524 5036 
14451 10688 14531 5038 
14460 10693 14537 5041 
14466 10697 14540 5044 
14475 10707 14544 5047 
14476 10711 14548 5048 
14483 10717 14556 5049 
14491 10726 14566 5051 
14500 10734 14571 5054 
14506 10741 14579 5058 
14509 10742 14586 5059 
14519 10751 14593 5061 
14525 10752 14597 5064 
14526 10758 14600 5066 
14534 10763 14606 5067 
14536 10771 14614 5072 
14542 10778 14619 5075 
14548 10784 14627 5077 
14552 10785 14639 5078 
14557 10787 14644 5079 
14563 10793 14648 5083 
14566 10802 14654 5084 
14570 10807 14660 5085 
14573 10813 14665 5088 
14581 10820 14670 5091 
14589 10826 14677 5093 
14594 10828 14686 5097 
14603 10832 14696 5098 
14608 10839 14701 5100 
14611 10842 14706 5104 
14619 10849 14711 5108 
14626 10852 14717 5109 
14630 10858 14723 5112 
14637 10860 14731 5114 
14640 10865 14736 5118 
14649 10873 14743 5119 
14653 10882 14750 5120 
14655 10884 14754 5123 
14659 10888 14755 5127 
14664 10894 14760 5129 
14670 10898 14765 5129 
14675 10903 14772 5131 
14682 10907 14777 5132 
14686 10911 14786 5135 
14693 10915 14791 5138 
14700 10918 14796 5139 
14704 10923 14801 5142 
14715 10925 14809 5145 
14724 10930 14812 5147 
14736 10937 14819 5149 
14740 10941 14826 5153 
14746 10952 14834 5157 
14750 10954 14838 5158 
14754 10957 14845 5161 
14759 10961 14849 5161 
14761 10970 14850 5162 
14767 10973 14855 5163 
14767 10978 14864 5163 
14774 10981 14867 5166 
14776 10985 14875 5166 
14781 10989 14882 5170 
14788 10997 14888 5173 
14797 11001 14892 5174 
14801 11006 14901 5175 
14805 11010 14908 5177 
14810 11015 14913 5181 
14814 11019 14916 5183 
14817 11025 14923 5183 
14824 11031 14931 5185 
14828 11038 14941 5186 
14831 11042 14944 5190 
14838 11047 14950 5191 
14842 11050 14955 5194 
14846 11056 14959 5195 
14855 11059 14962 5197 
14864 11064 14966 5201 
14869 11069 14971 5203 
14876 11075 14977 5204 
14884 11081 14987 5205 
14887 11083 14991 5206 
14890 11089 15001 5208 
14893 11091 15008 5209 
14900 11094 15013 5210 
14907 11096 15019 5213 
14911 11100 15026 5215 
14918 11109 15030 5215 
14924 11117 15035 5216 
14931 11120 15040 5218 
14939 11124 15052 5220 
14942 11128 15060 5223 
14944 11134 15067 5225 
14949 11136 15075 5228 
14953 11139 15080 5229 
14965 11144 15089 5229 
14969 11147 15092 5232 
14971 11149 15093 5236 
14975 11156 15101 5237 
14978 11158 15107 5237 
14984 11162 15115 5240 
14994 11168 15120 5243 
14998 11169 15126 5247 
15002 11173 15133 5249 
15010 11179 15140 5250 
15014 11185 15146 5253 
15018 11193 15150 5254 
15022 11199 15160 5255 
15028 11207 15165 5257 
15039 11209 15170 5257 
15042 11213 15176 5257 
15049 11218 15184 5258 
15052 11222 15192 5259 
15060 11224 15195 5260 
15066 11229 15203 5262 
15072 11235 15209 5264 
15076 11241 15213 5268 
15084 11244 15221 5269 
15093 11250 15228 5271 
15102 11250 15235 5274 
15114 11259 15240 5274 
15118 11261 15244 5275 
15124 11268 15248 5278 
15132 11269 15249 5281 
15138 11272 15254 5282 
15142 11276 15260 5283 
15155 11277 15272 5284 
15161 11284 15282 5284 
15168 11286 15289 5285 
15174 11292 15298 5287 
15180 11293 15298 5289 
15184 11298 15307 5292 
15186 11302 15314 5294 
15187 11306 15317 5298 
15194 11307 15326 5303 
15198 11311 15332 5304 
15204 11314 15343 5308 
15208 11316 15350 5311 
15210 11320 15351 5313 
15218 11323 15358 5316 
15220 11328 15361 5318 
15229 11332 15365 5322 
15236 11335 15373 5326 
15242 11339 15376 5330 
15246 11345 15383 5333 
15255 11345 15393 5336 
15260 11350 15399 5338 
15269 11358 15407 5340 
15280 11362 15416 5347 
15288 11369 15422 5349 
15290 11373 15429 5351 
15297 11377 15434 5354 
15303 11378 15437 5356 
15306 11381 15441 5358 
15313 11388 15445 5360 
15319 11390 15449 5361 
15327 11392 15457 5366 
15330 11395 15463 5369 
15334 11404 15469 5375 
15340 11410 15475 5377 
15346 11411 15481 5380 
15356 11418 15485 5383 
15362 11421 15487 5385 
15367 11426 15493 5390 
15379 11429 15495 5391 
15383 11437 15499 5393 
15387 11442 15509 5395 
15392 11447 15513 5399 
15396 11453 15519 5400 
15399 11455 15523 5401 
15406 11457 15533 5403 
15409 11463 15538 5404 
15412 11467 15543 5407 
15420 11471 15547 5411 
15427 11476 15554 5413 
15433 11479 15561 5415 
15437 11488 15570 5415 
15445 11491 15575 5418 
15451 11499 15583 5419 
15456 11502 15594 5419 
15467 11505 15601 5420 
15474 11512 15606 5422 
15482 11517 15615 5425 
15487 11526 15620 5427 
15497 11530 15622 5430 
15506 11533 15624 5434 
15513 11540 15628 5438 
15520 11544 15638 5440 
15525 11550 15641 5440 
15530 11551 15648 5442 
15535 11554 15656 5447 
15538 11556 15667 5448 
15543 11561 15678 5449 
15548 11568 15687 5449 
15553 11571 15695 5453 
15559 11576 15700 5454 
15568 11581 15706 5456 
15572 11587 15711 5460 
15578 11589 15715 5463 
15582 11593 15722 5464 
15588 11600 15727 5467 
15594 11609 15735 5471 
15603 11611 15740 5472 
15608 11616 15744 5475 
15613 11621 15750 5477 
15619 11628 15755 5480 
15627 11634 15760 5482 
15630 11637 15766 5486 
15635 11641 15774 5490 
15638 11642 15780 5490 
15647 11646 15786 5491 
15650 11649 15797 5491 
15659 11655 15801 5494 
15661 11659 15810 5494 
15666 11666 15812 5495 
15672 11667 15816 5496 
15673 11674 15822 5497 
15678 11682 15828 5498 
15683 11687 15830 5499 
15695 11689 15837 5501 
15697 11693 15841 5503 
15702 11696 15845 5504 
15706 11700 15855 5506 
15714 11706 15857 5507 
15720 11708 15862 5509 
15728 11715 15871 5511 
15736 11720 15880 5512 
15740 11728 15883 5515 
15746 11732 15885 5518 
15751 11737 15894 5519 
15757 11745 15900 5521 
15763 11750 15904 5521 
15764 11753 15910 5524 
15772 11758 15921 5526 
15777 11759 15926 5529 
15788 11762 15933 5535 
15796 11768 15936 5535 
15807 11779 15941 5535 
15812 11786 15949 5535 
15820 11790 15954 5537 
15824 11799 15956 5539 
15827 11801 15968 5543 
15833 11805 15974 5546 
15842 11809 15976 5550 
15847 11813 15985 5555 
15854 11816 15990 5556 
15862 11818 16000 5558 
15865 11823 16006 5559 
15871 11825 16015 5562 
15873 11834 16020 5567 
15878 11836 16026 5570 
15885 11840 16039 5574 
15891 11844 16045 5576 
15896 11846 16052 5576 
15903 11852 16060 5579 
15915 11853 16068 5581 
15923 11857 16069 5583 
15926 11860 16075 5584 
15934 11866 16082 5587 
15938 11870 16084 5591 
15943 11873 16088 5597 
15948 11877 16095 5598 
15951 11883 16101 5602 
15956 11886 16105 5603 
15959 11892 16116 5606 
15963 11897 16119 5607 
15970 11899 16125 5610 
15972 11902 16133 5612 
15977 11908 16140 5614 
15983 11911 16144 5619 
15988 11915 16148 5623 
15993 11918 16154 5627 
15997 11924 16160 5630 
16001 11928 16164 5632 
16008 11935 16171 5634 
16017 11940 16175 5635 
16025 11945 16181 5638 
16030 11949 16187 5641 
16033 11949 16191 5643 
16038 11957 16196 5647 
16043 11962 16206 5648 
16050 11967 16216 5648 
16060 11974 16223 5652 
16065 11981 16232 5656 
16068 11989 16242 5657 
16079 11994 16245 5659 
16083 11997 16251 5664 
16087 12002 16256 5666 
16091 12011 16262 5668 
16099 12013 16266 5670 
16111 12015 16267 5672 
16116 12017 16274 5674 
16118 12019 16277 5676 
16123 12022 16285 5677 
16126 12023 16292 5678 
16134 12026 16305 5678 
16140 12032 16310 5681 
16141 12034 16314 5682 
16148 12038 16320 5684 
16159 12047 16330 5687 
16163 12051 16334 5687 
16171 12059 16338 5688 
16172 12064 16344 5690 
16178 12070 16351 5693 
16182 12075 16352 5696 
16189 12078 16357 5699 
16195 12082 16361 5702 
16201 12088 16366 5709 
16213 12090 16371 5714 
16219 12095 16377 5715 
16225 12100 16380 5717 
16227 12105 16381 5719 
16240 12106 16384 5722 
16243 12113 16391 5724 
16251 12123 16397 5728 
16259 12123 16404 5730 
16264 12129 16409 5731 
16270 12134 16415 5732 
16275 12139 16421 5736 
16280 12143 16424 5740 
16284 12148 16434 5740 
16288 12153 16441 5742 
16289 12157 16450 5744 
16295 12162 16454 5745 
16301 12166 16458 5745 
16308 12175 16462 5749 
16310 12179 16469 5752 
16316 12185 16474 5754 
16325 12192 16483 5755 
16331 12195 16488 5761 
16336 12198 16498 5763 
16339 12201 16509 5766 
16349 12204 16513 5767 
16353 12207 16518 5770 
16357 12212 16520 5772 
16365 12215 16527 5773 
16372 12219 16531 5773 
16375 12220 16538 5774 
16382 12222 16546 5777 
16386 12228 16552 5778 
16393 12233 16557 5781 
16398 12234 16566 5783 
16404 12236 16575 5784 
16411 12238 16580 5785 
16422 12243 16589 5786 
16426 12245 16600 5789 
16436 12245 16607 5789 
16438 12248 16615 5789 
16443 12252 16621 5789 
16453 12256 16632 5790 
16455 12264 16638 5792 
16460 12267 16647 5793 
16465 12272 16653 5794 
16472 12280 16657 5795 
16478 12283 16667 5800 
16480 12287 16672 5804 
16483 12291 16681 5806 
16492 12296 16686 5810 
16495 12299 16692 5813 
16499 12301 16698 5814 
16507 12307 16704 5816 
16515 12309 16707 5817 
16519 12316 16712 5820 
16524 12319 16724 5822 
16530 12326 16732 5824 
16533 12329 16738 5828 
16540 12332 16743 5830 
16547 12339 16745 5832 
16550 12341 16752 5835 
16552 12346 16758 5840 
16555 12353 16762 5844 
16561 12353 16771 5845 
16569 12356 16784 5849 
16576 12361 16790 5853 
16584 12364 16798 5858 
16589 12368 16803 5860 
16591 12371 16811 5864 
16593 12373 16818 5870 
16599 12377 16820 5872 
16609 12381 16825 5873 
16617 12385 16832 5874 
16624 12389 16839 5874 
16628 12391 16847 5875 
16633 12395 16852 5876 
16638 12403 16859 5879 
16646 12407 16860 5883 
16650 12411 16866 5884 
16654 12417 16870 5886 
16661 12422 16876 5889 
16664 12426 16880 5892 
16669 12434 16889 5893 
16674 12435 16898 5898 
16682 12441 16907 5900 
16686 12445 16915 5900 
16695 12453 16924 5901 
16698 12454 16934 5902 
16699 12461 16941 5903 
16708 12463 16948 5906 
16711 12466 16961 5908 
16718 12475 16965 5910 
16726 12480 16968 5910 
16728 12485 16976 5914 
16736 12489 16981 5916 
16740 12493 16989 5919 
16746 12502 16993 5920 
16750 12504 17000 5922 
16756 12508 17006 5924 
16762 12513 17010 5925 
16764 12515 17015 5927 
16771 12519 17020 5930 
16778 12520 17026 5932 
16787 12523 17027 5932 
16789 12528 17032 5935 
16798 12531 17037 5939 
16807 12543 17044 5940 
16816 12545 17054 5942 
16816 12549 17058 5943 
16820 12554 17070 5947 
16821 12557 17076 5947 
16824 12565 17082 5949 
16833 12573 17088 5950 
16840 12576 17098 5952 
16843 12585 17105 5953 
16848 12588 17111 5956 
16852 12592 17116 5957 
16861 12597 17123 5960 
16869 12600 17131 5961 
16879 12610 17138 5964 
16885 12620 17148 5967 
16887 12624 17159 5967 
16894 12632 17164 5973 
16896 12636 17170 5978 
16904 12640 17174 5980 
16908 12641 17180 5981 
16913 12645 17187 5984 
16917 12649 17195 5988 
16920 12655 17198 5989 
16926 12655 17199 5990 
16930 12657 17203 5990 
16943 12662 17208 5991 
16948 12671 17212 5997 
16952 12677 17222 5999 
16961 12680 17230 6001 
16964 12684 17235 6004 
16973 12690 17243 6005 
16979 12694 17250 6006 
16984 12698 17253 6008 
16990 12704 17255 6010 
16995 12709 17263 6012 
17004 12712 17264 6013 
17009 12714 17269 6017 
17013 12721 17274 6021 
17019 12730 17283 6023 
17021 12735 17287 6024 
17024 12745 17294 6027 
17030 12748 17300 6027 
17038 12751 17314 6027 
17044 12754 17319 6029 
17049 12758 17326 6032 
17056 12763 17334 6032 
17061 12766 17343 6033 
17067 12772 17348 6034 
17076 12775 17354 6036 
17085 12778 17357 6038 
17094 12781 17364 6041 
17097 12785 17368 6041 
17106 12785 17371 6041 
17113 12787 17378 6043 
17119 12791 17384 6048 
17125 12795 17390 6050 
17129 12798 17396 6052 
17135 12801 17405 6056 
17139 12803 17407 6058 
17139 12806 17411 6059 
17143 12808 17417 6059 
17145 12812 17421 6060 
17148 12814 17430 6066 
17152 12818 17432 6068 
17159 12824 17441 6068 
17163 12828 17446 6069 
17168 12831 17450 6070 
17174 12835 17456 6073 
17181 12839 17465 6076 
17189 12845 17471 6076 
17194 12849 17482 6077 
17200 12853 17493 6077 
17207 12857 17497 6078 
17215 12861 17505 6084 
17218 12862 17510 6086 
17225 12868 17515 6090 
17234 12872 17518 6090 
17236 12880 17524 6091 
17242 12883 17531 6091 
17247 12886 17541 6093 
17253 12893 17547 6095 
17260 12895 17550 6097 
17266 12902 17554 6103 
17269 12905 17564 6105 
17279 12913 17575 6107 
17281 12916 17579 6110 
17287 12918 17584 6112 
17293 12929 17587 6116 
17301 12936 17594 6118 
17309 12938 17605 6122 
17310 12943 17612 6126 
17314 12946 17620 6126 
17317 12952 17622 6128 
17321 12961 17625 6130 
17329 12969 17629 6134 
17336 12973 17637 6135 
17341 12977 17645 6138 
17347 12984 17652 6140 
17352 12987 17658 6144 
17358 12994 17663 6145 
17364 12999 17668 6147 
17370 13002 17672 6149 
17377 13005 17677 6150 
17384 13010 17681 6150 
17393 13012 17690 6154 
17398 13017 17695 6158 
17402 13021 17705 6162 
17411 13026 17709 6165 
17416 13032 17714 6166 
17424 13035 17722 6170 
17432 13041 17728 6174 
17438 13043 17731 6177 
17441 13045 17738 6180 
17444 13052 17743 6184 
17454 13059 17748 6185 
17460 13067 17754 6187 
17468 13070 17762 6189 
17474 13075 17770 6189 
17481 13082 17775 6189 
17487 13088 17782 6189 
17492 13095 17790 6191 
17497 13100 17795 6197 
17503 13105 17805 6203 
17508 13108 17809 6206 
17514 13114 17819 6214 
17521 13123 17825 6218 
17528 13128 17831 6221 
17533 13135 17841 6224 
17538 13137 17847 6227 
17542 13144 17850 6229 
17546 13151 17853 6229 
17552 13153 17856 6230 
17553 13157 17860 6233 
17555 13158 17866 6234 
17556 13166 17875 6238 
17561 13176 17886 6241 
17567 13181 17894 6242 
17571 13186 17898 6246 
17575 13191 17902 6248 
17581 13195 17910 6249 
17584 13200 17913 6249 
17586 13206 17919 6252 
17595 13212 17927 6254 
17603 13217 17933 6254 
17611 13226 17941 6258 
17616 13234 17946 6258 
17625 13238 17950 6260 
17632 13243 17963 6262 
17636 13248 17972 6262 
17639 13254 17975 6263 
17642 13259 17985 6265 
17645 13265 17991 6266 
17649 13271 17998 6267 
17656 13273 18004 6269 
17662 13275 18007 6270 
17665 13282 18016 6271 
17668 13286 18022 6274 
17670 13289 18031 6274 
17670 13293 18041 6275 
17680 13299 18047 6278 
17682 13305 18049 6284 
17689 13308 18054 6285 
17692 13315 18059 6290 
17699 13318 18063 6292 
17703 13321 18070 6292 
17708 13325 18075 6293 
17712 13329 18091 6297 
17715 13336 18102 6303 
17721 13343 18108 6307 
17734 13345 18116 6309 
17739 13350 18122 6312 
17750 13356 18125 6312 
17760 13362 18129 6315 
17765 13369 18135 6318 
17771 13370 18141 6320 
17775 13370 18146 6324 
17780 13374 18148 6326 
17787 13381 18156 6328 
17793 13386 18167 6330 
17796 13389 18172 6330 
17798 13395 18180 6332 
17806 13397 18186 6333 
17812 13407 18192 6334 
17815 13414 18196 6335 
17818 13420 18201 6337 
17826 13424 18209 6340 
17832 13431 18218 6340 
17838 13436 18222 6344 
17844 13442 18230 6346 
17848 13446 18235 6349 
17855 13451 18241 6354 
17863 13456 18249 6358 
17870 13461 18255 6359 
17878 13466 18263 6360 
17888 13474 18272 6362 
17892 13476 18280 6364 
17896 13479 18286 6364 
17900 13483 18293 6369 
17902 13491 18301 6375 
17907 13493 18308 6376 
17911 13502 18311 6380 
17916 13508 18319 6384 
17920 13513 18325 6386 
17922 13521 18330 6388 
17929 13523 18339 6390 
17936 13528 18343 6391 
17941 13532 18350 6396 
17947 13536 18354 6396 
17953 13542 18360 6400 
17960 13546 18369 6403 
17966 13551 18376 6408 
17975 13553 18382 6411 
17983 13557 18385 6414 
17990 13560 18392 6414 
17998 13565 18396 6414 
18004 13573 18400 6414 
18011 13578 18404 6415 
18016 13580 18414 6418 
18020 13585 18419 6420 
18030 13588 18423 6420 
18033 13596 18425 6422 
18040 13605 18430 6427 
18046 13610 18434 6428 
18049 13615 18437 6429 
18055 13627 18444 6433 
18061 13632 18448 6435 
18069 13637 18451 6437 
18074 13644 18458 6440 
18080 13649 18462 6444 
18085 13653 18465 6446 
18087 13656 18474 6448 
18094 13658 18485 6452 
18099 13662 18498 6455 
18108 13668 18505 6461 
18114 13672 18512 6466 
18120 13673 18521 6469 
18126 13676 18528 6470 
18131 13680 18535 6472 
18140 13689 18543 6475 
18150 13690 18551 6475 
18156 13695 18559 6477 
18163 13702 18562 6477 
18171 13706 18567 6480 
18174 13711 18576 6484 
18182 13714 18582 6486 
18191 13719 18588 6486 
18192 13724 18595 6487 
18197 13726 18602 6490 
18202 13730 18607 6492 
18203 13732 18612 6493 
18210 13736 18614 6493 
18213 13740 18617 6493 
18217 13745 18624 6495 
18221 13750 18629 6495 
18226 13757 18634 6495 
18233 13761 18642 6497 
18237 13765 18647 6498 
18239 13774 18660 6500 
18246 13778 18668 6503 
18254 13781 18673 6509 
18261 13785 18683 6510 
18270 13796 18687 6511 
18279 13803 18693 6515 
18285 13805 18701 6518 
18289 13811 18706 6520 
18296 13815 18709 6521 
18301 13819 18717 6522 
18310 13824 18723 6524 
18314 13832 18731 6527 
18320 13838 18736 6529 
18326 13843 18745 6529 
18330 13846 18751 6531 
18336 13850 18758 6533 
18342 13855 18764 6534 
18351 13859 18774 6536 
18358 13865 18787 6539 
18360 13869 18795 6541 
18375 13873 18799 6542 
18376 13877 18807 6545 
18379 13881 18808 6548 
18384 13882 18821 6553 
18394 13889 18829 6556 
18399 13893 18842 6559 
18405 13898 18853 6561 
18415 13905 18858 6566 
18422 13911 18868 6567 
18427 13917 18878 6569 
18433 13919 18890 6572 
18439 13922 18894 6575 
18446 13928 18901 6579 
18456 13932 18908 6582 
18465 13932 18916 6584 
18471 13937 18924 6587 
18477 13942 18928 6588 
18482 13947 18937 6591 
18488 13951 18944 6592 
18495 13957 18951 6593 
18505 13957 18960 6596 
18513 13958 18968 6598 
18518 13963 18974 6599 
18523 13971 18979 6601 
18535 13977 18983 6603 
18541 13980 18993 6604 
18545 13983 18997 6607 
18550 13990 19004 6610 
18556 13993 19014 6615 
18562 13997 19018 6616 
18566 14002 19026 6620 
18567 14004 19031 6625 
18573 14009 19040 6626 
18581 14011 19050 6626 
18584 14015 19056 6627 
18587 14018 19064 6631 
18596 14025 19071 6634 
18603 14032 19077 6637 
18610 14032 19088 6640 
18614 14044 19094 6643 
18617 14047 19100 6646 
18620 14055 19106 6650 
18627 14060 19111 6652 
18630 14063 19121 6653 
18633 14066 19126 6656 
18639 14068 19137 6659 
18649 14077 19139 6659 
18651 14081 19144 6660 
18655 14088 19146 6663 
18660 14090 19153 6667 
18664 14094 19155 6671 
18668 14099 19158 6675 
18676 14103 19169 6677 
18682 14105 19172 6677 
18684 14112 19181 6680 
18694 14117 19185 6683 
18699 14120 19193 6683 
18707 14122 19200 6684 
18712 14127 19204 6686 
18715 14131 19210 6688 
18720 14135 19217 6690 
18727 14141 19221 6694 
18731 14149 19229 6694 
18735 14153 19234 6695 
18741 14155 19242 6696 
18749 14157 19247 6696 
18758 14164 19254 6697 
18765 14171 19260 6699 
18775 14178 19266 6700 
18780 14187 19267 6702 
18785 14190 19273 6703 
18790 14193 19278 6704 
18797 14200 19283 6706 
18802 14201 19289 6707 
18808 14206 19293 6708 
18818 14211 19302 6711 
18824 14213 19310 6713 
18832 14216 19318 6716 
18836 14219 19325 6721 
18838 14221 19330 6723 
18843 14227 19335 6725 
18849 14230 19340 6729 
18859 14238 19346 6732 
18864 14249 19353 6732 
18867 14254 19355 6736 
18872 14261 19359 6736 
18879 14264 19364 6738 
18882 14271 19368 6740 
18888 14275 19373 6742 
18896 14277 19378 6744 
18903 14282 19379 6748 
18908 14289 19386 6752 
18916 14292 19391 6753 
18923 14294 19395 6755 
18932 14297 19404 6761 
18938 14301 19409 6762 
18943 14306 19415 6763 
18947 14308 19422 6765 
18951 14312 19425 6766 
18959 14314 19430 6767 
18964 14319 19437 6769 
18971 14322 19443 6772 
18975 14324 19450 6775 
18981 14329 19457 6779 
18984 14334 19464 6782 
18990 14340 19468 6783 
19000 14341 19478 6785 
19005 14348 19480 6786 
19011 14351 19488 6789 
19018 14354 19495 6795 
19022 14361 19498 6796 
19028 14366 19507 6800 
19036 14368 19512 6803 
19039 14374 19519 6805 
19045 14377 19525 6807 
19049 14380 19530 6808 
19053 14388 19534 6810 
19057 14391 19538 6810 
19064 14395 19540 6813 
19069 14402 19546 6814 
19072 14406 19551 6819 
19075 14412 19559 6822 
19078 14420 19569 6824 
19083 14423 19573 6826 
19091 14430 19581 6826 
19095 14435 19584 6829 
19098 14440 19589 6829 
19105 14443 19597 6830 
19112 14446 19602 6833 
19119 14452 19608 6834 
19126 14454 19617 6835 
19131 14462 19626 6836 
19134 14466 19629 6841 
19145 14473 19637 6841 
19152 14479 19643 6844 
19157 14483 19652 6844 
19163 14489 19661 6846 
19167 14495 19670 6849 
19172 14501 19680 6850 
19179 14503 19687 6853 
19188 14506 19690 6855 
19195 14508 19698 6856 
19203 14513 19702 6856 
19208 14521 19709 6856 
19214 14530 19716 6859 
19223 14535 19726 6861 
19231 14540 19735 6861 
19236 14545 19739 6865 
19247 14550 19742 6869 
19251 14556 19750 6872 
19257 14562 19756 6873 
19264 14565 19762 6875 
19269 14572 19767 6878 
19275 14577 19769 6880 
19280 14581 19773 6887 
19289 14587 19784 6889 
19290 14589 19793 6892 
19296 14593 19799 6893 
19309 14602 19807 6895 
19317 14607 19815 6896 
19326 14610 19824 6896 
19332 14617 19830 6899 
19338 14621 19837 6902 
19341 14628 19840 6902 
19346 14630 19845 6904 
19353 14637 19852 6909 
19358 14644 19858 6909 
19365 14648 19862 6913 
19367 14652 19869 6913 
19370 14659 19873 6915 
19373 14664 19876 6915 
19378 14665 19884 6916 
19382 14672 19893 6920 
19392 14677 19898 6922 
19395 14679 19903 6923 
19404 14683 19910 6923 
19409 14688 19921 6925 
19415 14692 19929 6925 
19423 14696 19937 6928 
19431 14699 19941 6929 
19437 14703 19946 6931 
19443 14707 19955 6934 
19448 14708 19961 6936 
19457 14711 19968 6940 
19463 14716 19977 6941 
19467 14728 19983 6941 
19477 14731 19989 6941 
19484 14736 20002 6944 
19492 14740 20010 6947 
19497 14748 20016 6950 
19506 14753 20020 6954 
19512 14758 20023 6955 
19517 14761 20029 6957 
19522 14765 20039 6957 
19530 14769 20044 6958 
19537 14771 20057 6959 
19543 14774 20068 6962 
19546 14777 20073 6962 
19548 14780 20081 6965 
19554 14786 20087 6968 
19557 14788 20089 6970 
19565 14791 20099 6974 
19570 14797 20106 6975 
19580 14803 20110 6979 
19587 14806 20116 6983 
19596 14810 20118 6984 
19602 14817 20128 6989 
19611 14823 20138 6991 
19617 14825 20142 6991 
19620 14832 20148 6993 
19633 14837 20152 6994 
19641 14839 20159 6997 
19647 14841 20163 7000 
19655 14843 20169 7002 
19658 14845 20177 7004 
19661 14848 20183 7009 
19666 14854 20187 7010 
19671 14860 20193 7010 
19679 14863 20196 7011 
19682 14866 20201 7011 
19686 14869 20209 7013 
19696 14874 20216 7015 
19705 14879 20220 7016 
19712 14886 20224 7018 
19721 14893 20233 7020 
19727 14896 20248 7021 
19734 14899 20250 7021 
19736 14903 20257 7023 
19740 14908 20266 7025 
19745 14912 20268 7026 
19747 14921 20273 7029 
19751 14927 20275 7029 
19756 14932 20283 7033 
19764 14936 20288 7035 
19768 14942 20295 7039 
19770 14943 20306 7040 
19778 14945 20311 7041 
19783 14952 20318 7046 
19788 14957 20326 7048 
19795 14963 20332 7048 
19805 14966 20342 7056 
19809 14971 20348 7056 
19819 14979 20358 7057 
19825 14984 20367 7062 
19828 14990 20374 7064 
19832 14997 20383 7068 
19835 15001 20388 7069 
19838 15008 20393 7073 
19845 15009 20396 7076 
19850 15016 20407 7081 
19857 15019 20415 7084 
19861 15023 20419 7086 
19865 15030 20422 7087 
19869 15034 20428 7089 
19873 15037 20439 7089 
19878 15039 20442 7093 
19885 15048 20450 7100 
19889 15051 20457 7103 
19900 15055 20465 7103 
19905 15065 20470 7107 
19909 15069 20481 7112 
19915 15077 20488 7116 
19923 15078 20495 7119 
19927 15081 20500 7119 
19934 15087 20510 7125 
19939 15099 20519 7125 
19945 15104 20524 7125 
19952 15107 20534 7126 
19955 15113 20540 7129 
19961 15119 20545 7130 
19967 15123 20548 7132 
19973 15127 20553 7136 
19977 15134 20557 7137 
19983 15140 20561 7140 
19987 15142 20563 7140 
19991 15145 20570 7146 
19997 15149 20573 7150 
20004 15157 20583 7152 
20010 15162 20593 7155 
20016 15168 20600 7160 
20021 15173 20606 7161 
20027 15178 20610 7162 
20032 15180 20613 7165 
20037 15183 20621 7167 
20040 15187 20628 7168 
20049 15190 20633 7170 
20054 15194 20640 7170 
20059 15202 20646 7173 
20064 15203 20653 7174 
20070 15211 20658 7176 
20073 15215 20665 7178 
20076 15218 20675 7180 
20079 15221 20678 7183 
20087 15231 20684 7187 
20093 15236 20688 7188 
20100 15239 20692 7190 
20106 15245 20699 7190 
20107 15250 20707 7191 
20114 15254 20711 7193 
20119 15264 20716 7195 
20123 15276 20721 7195 
20129 15283 20726 7198 
20138 15289 20733 7200 
20147 15293 20746 7204 
20153 15296 20755 7205 
20160 15301 20760 7207 
20165 15305 20762 7212 
20173 15310 20767 7213 
20181 15317 20775 7219 
20185 15322 20783 7220 
20188 15326 20791 7227 
20191 15330 20800 7229 
20196 15335 20805 7230 
20200 15340 20813 7232 
20203 15342 20817 7233 
20213 15348 20824 7236 
20218 15351 20830 7238 
20225 15356 20839 7240 
20230 15359 20847 7242 
20236 15367 20850 7243 
20242 15371 20856 7246 
20247 15376 20865 7248 
20251 15379 20872 7252 
20253 15386 20880 7255 
20261 15388 20882 7260 
20265 15394 20890 7261 
20273 15398 20903 7264 
20278 15402 20913 7266 
20288 15409 20919 7268 
20293 15412 20930 7274 
20298 15417 20933 7277 
20305 15419 20939 7279 
20309 15425 20945 7282 
20311 15428 20954 7283 
20317 15430 20958 7285 
20322 15434 20964 7287 
20329 15437 20970 7289 
20338 15444 20973 7291 
20345 15453 20980 7293 
20354 15457 20987 7293 
20360 15458 20999 7294 
20361 15463 21004 7296 
20368 15469 21013 7302 
20373 15473 21022 7302 
20377 15477 21032 7305 
20383 15484 21040 7305 
20391 15491 21046 7305 
20397 15491 21054 7306 
20404 15497 21060 7307 
20409 15501 21073 7309 
20422 15510 21079 7311 
20427 15516 21084 7312 
20435 15523 21089 7317 
20441 15532 21095 7319 
20447 15533 21103 7324 
20455 15536 21114 7328 
20462 15543 21118 7336 
20465 15548 21121 7342 
20476 15551 21126 7342 
20479 15555 21138 7343 
20487 15558 21146 7345 
20490 15569 21150 7346 
20495 15578 21154 7348 
20499 15583 21161 7350 
20506 15587 21168 7352 
20514 15588 21175 7353 
20522 15588 21184 7353 
20523 15591 21191 7355 
20528 15601 21199 7358 
20533 15611 21206 7363 
20541 15614 21215 7368 
20546 15620 21224 7370 
20555 15625 21230 7372 
20562 15629 21234 7375 
20568 15631 21243 7379 
20571 15642 21247 7380 
20577 15645 21254 7381 
20579 15649 21262 7384 
20588 15655 21266 7387 
20600 15659 21272 7389 
20607 15665 21281 7392 
20614 15668 21285 7394 
20624 15673 21297 7395 
20631 15678 21307 7397 
20638 15681 21313 7397 
20647 15684 21316 7398 
20654 15693 21320 7401 
20667 15699 21323 7402 
20674 15708 21329 7404 
20679 15715 21341 7407 
20683 15718 21343 7409 
20689 15728 21350 7411 
20696 15737 21359 7415 
20700 15743 21362 7417 
20711 15749 21367 7418 
20715 15751 21377 7419 
20721 15753 21381 7421 
20729 15758 21390 7424 
20733 15766 21402 7428 
20739 15770 21417 7428 
20745 15773 21425 7429 
20751 15781 21428 7434 
20754 15783 21434 7436 
20763 15785 21442 7439 
20772 15791 21445 7443 
20776 15799 21452 7447 
20780 15807 21456 7448 
20785 15814 21463 7450 
20791 15816 21472 7451 
20799 15819 21480 7452 
20807 15829 21486 7458 
20812 15831 21493 7460 
20815 15837 21499 7463 
20824 15844 21512 7466 
20828 15848 21516 7471 
20836 15854 21525 7473 
20841 15860 21530 7475 
20845 15862 21533 7476 
20852 15866 21538 7480 
20863 15870 21542 7482 
20872 15874 21551 7483 
20875 15881 21557 7483 
20882 15885 21564 7484 
20885 15889 21571 7485 
20890 15896 21575 7487 
20902 15899 21578 7490 
20912 15903 21583 7491 
20919 15908 21588 7491 
20925 15912 21596 7497 
20930 15915 21599 7498 
20935 15917 21607 7498 
20938 15918 21614 7499 
20942 15920 21625 7501 
20948 15925 21635 7503 
20952 15929 21644 7503 
20961 15934 21651 7504 
20972 15939 21654 7507 
20977 15944 21661 7511 
20982 15951 21665 7512 
20988 15961 21671 7515 
20992 15964 21675 7516 
21001 15969 21681 7517 
21007 15976 21689 7520 
21010 15979 21694 7522 
21015 15984 21701 7526 
21021 15989 21709 7527 
21027 15992 21715 7529 
21034 15996 21722 7532 
21042 16002 21724 7533 
21048 16005 21731 7536 
21053 16010 21739 7537 
21060 16014 21741 7540 
21062 16015 21746 7540 
21065 16025 21750 7543 
21073 16027 21760 7545 
21077 16031 21764 7546 
21081 16034 21770 7549 
21085 16039 21777 7553 
21092 16045 21783 7555 
21097 16049 21789 7556 
21104 16052 21794 7558 
21111 16055 21800 7560 
21122 16060 21810 7562 
21128 16066 21820 7567 
21132 16077 21831 7570 
21136 16083 21840 7572 
21144 16084 21844 7573 
21149 16088 21854 7574 
21153 16094 21860 7575 
21158 16099 21865 7578 
21161 16109 21873 7579 
21166 16116 21883 7581 
21173 16119 21888 7582 
21177 16122 21896 7585 
21182 16124 21905 7585 
21188 16129 21914 7589 
21196 16134 21920 7591 
21204 16137 21927 7592 
21217 16138 21934 7593 
21226 16142 21938 7597 
21232 16149 21946 7600 
21236 16155 21954 7601 
21242 16161 21958 7603 
21247 16162 21970 7604 
21254 16167 21978 7606 
21263 16170 21983 7607 
21267 16171 21988 7608 
21274 16178 21998 7610 
21281 16179 22005 7611 
21288 16186 22011 7614 
21296 16198 22014 7617 
21303 16203 22024 7619 
21311 16210 22034 7622 
21319 16215 22043 7623 
21326 16219 22047 7629 
21330 16223 22053 7630 
21336 16228 22063 7633 
21347 16237 22070 7633 
21350 16245 22077 7635 
21356 16251 22084 7635 
21363 16259 22088 7637 
21370 16269 22091 7641 
21379 16275 22097 7642 
21387 16278 22102 7646 
21395 16284 22109 7648 
21402 16290 22112 7650 
21411 16300 22116 7651 
21419 16304 22122 7655 
21422 16308 22132 7656 
21427 16312 22138 7658 
21435 16319 22147 7658 
21442 16323 22154 7659 
21446 16329 22162 7659 
21452 16333 22167 7660 
21457 16339 22169 7661 
21470 16345 22174 7662 
21480 16348 22175 7667 
21487 16350 22183 7671 
21488 16352 22188 7675 
21492 16354 22194 7677 
21504 16359 22202 7678 
21510 16369 22205 7682 
21515 16374 22214 7686 
21522 16384 22222 7690 
21527 16389 22228 7692 
21535 16394 22235 7696 
21541 16399 22241 7697 
21550 16405 22244 7701 
21562 16410 22256 7705 
21569 16414 22261 7707 
21573 16420 22269 7708 
21576 16426 22275 7711 
21587 16429 22281 7712 
21596 16432 22291 7717 
21601 16440 22297 7720 
21607 16448 22303 7722 
21621 16458 22309 7724 
21629 16460 22315 7728 
21639 16463 22318 7728 
21640 16466 22322 7732 
21644 16468 22330 7734 
21646 16472 22335 7736 
21651 16476 22338 7741 
21668 16481 22345 7746 
21674 16487 22350 7748 
21683 16489 22359 7750 
21687 16496 22363 7755 
21694 16501 22371 7756 
21704 16505 22374 7758 
21711 16510 22381 7760 
21717 16513 22389 7765 
21719 16520 22399 7768 
21722 16527 22405 7771 
21729 16531 22410 7774 
21733 16538 22419 7775 
21742 16544 22424 7776 
21747 16545 22430 7778 
21752 16555 22436 7781 
21764 16557 22447 7783 
21770 16561 22452 7785 
21776 16566 22460 7788 
21783 16568 22461 7791 
21790 16577 22474 7793 
21797 16582 22482 7793 
21804 16586 22488 7796 
21809 16589 22493 7796 
21818 16592 22498 7796 
21825 16600 22501 7800 
21827 16602 22513 7804 
21828 16615 22516 7808 
21833 16620 22528 7810 
21842 16622 22536 7814 
21851 16626 22540 7814 
21859 16636 22549 7816 
21867 16638 22556 7820 
21876 16646 22565 7824 
21884 16650 22571 7826 
21891 16661 22576 7827 
21900 16668 22582 7831 
21908 16674 22586 7835 
21911 16680 22591 7838 
21917 16686 22594 7840 
21922 16691 22602 7844 
21927 16698 22607 7846 
21934 16704 22618 7848 
21942 16709 22623 7853 
21947 16716 22628 7853 
21957 16721 22635 7854 
21963 16729 22641 7857 
21969 16731 22647 7859 
21976 16733 22655 7861 
21981 16738 22662 7863 
21990 16745 22668 7865 
21995 16747 22674 7867 
22003 16754 22678 7871 
22009 16757 22689 7872 
22021 16763 22696 7874 
22028 16770 22701 7877 
22031 16772 22707 7880 
22034 16776 22710 7882 
22041 16780 22714 7882 
22048 16783 22719 7885 
22052 16787 22722 7886 
22062 16796 22724 7891 
22068 16798 22728 7894 
22075 16802 22735 7898 
22080 16809 22741 7905 
22086 16814 22745 7908 
22091 16822 22756 7910 
22096 16826 22762 7912 
22098 16831 22765 7914 
22100 16840 22779 7917 
22103 16845 22787 7918 
22114 16854 22794 7919 
22123 16855 22799 7922 
22129 16860 22807 7924 
22138 16871 22814 7926 
22144 16880 22819 7929 
22148 16886 22827 7932 
22151 16890 22831 7933 
22156 16893 22838 7935 
22162 16896 22848 7936 
22169 16900 22854 7940 
22180 16906 22857 7940 
22187 16912 22864 7943 
22193 16915 22872 7944 
22196 16919 22876 7948 
22202 16924 22883 7950 
22209 16928 22884 7954 
22219 16929 22892 7957 
22222 16932 22898 7961 
22227 16934 22906 7961 
22235 16938 22911 7965 
22238 16945 22916 7966 
22245 16951 22919 7970 
22250 16956 22921 7973 
22254 16959 22928 7976 
22258 16963 22935 7979 
22266 16966 22942 7983 
22268 16968 22949 7984 
22272 16971 22953 7989 
22273 16978 22960 7991 
22278 16983 22966 7993 
22286 16988 22972 7996 
22298 16989 22980 7997 
22303 16993 22986 7998 
22310 17000 22994 7999 
22313 17004 23000 8003 
22320 17008 23002 8004 
22327 17014 23009 8009 
22334 17016 23017 8012 
22340 17018 23022 8013 
22345 17024 23026 8013 
22348 17027 23030 8013 
22351 17031 23037 8015 
22356 17036 23046 8015 
22359 17041 23053 8019 
22365 17048 23058 8020 
22369 17052 23064 8022 
22375 17054 23076 8027 
22382 17058 23087 8028 
22393 17062 23093 8029 
22401 17069 23098 8029 
22403 17073 23102 8029 
