0 0 0 0 
4 4 5 2 
8 8 8 2 
10 12 13 4 
23 16 14 8 
24 22 18 9 
29 25 18 11 
33 29 21 13 
40 35 24 15 
41 36 25 16 
46 39 30 17 
48 43 33 19 
52 47 37 20 
56 48 45 21 
64 54 55 24 
72 56 59 26 
79 57 63 28 
87 62 67 29 
90 66 71 30 
96 70 77 31 
106 76 85 32 
117 79 88 36 
119 83 96 36 
124 85 103 40 
129 88 105 44 
138 93 110 46 
142 97 116 48 
149 99 120 50 
152 102 125 50 
159 106 135 51 
162 109 138 51 
171 112 139 51 
178 115 148 53 
180 121 151 55 
185 123 155 55 
191 127 158 57 
198 129 160 57 
209 132 165 59 
214 136 170 64 
219 139 180 65 
225 145 187 65 
233 152 194 68 
238 153 197 70 
242 154 200 73 
245 157 203 74 
248 160 212 75 
250 164 216 76 
257 167 222 78 
259 171 227 80 
264 173 238 81 
268 180 243 83 
272 182 248 85 
280 185 253 85 
285 186 255 85 
294 189 259 89 
300 193 263 94 
306 193 269 96 
309 199 276 97 
314 201 283 97 
318 206 289 99 
320 208 290 99 
324 211 299 102 
329 217 302 107 
333 221 312 110 
337 227 318 112 
345 231 324 112 
351 234 327 116 
358 234 338 118 
361 237 341 122 
364 242 349 123 
366 245 354 124 
370 247 356 125 
378 248 362 127 
382 249 369 129 
384 250 371 131 
393 250 378 133 
398 252 382 136 
406 257 386 138 
412 260 391 139 
420 266 400 140 
429 271 402 144 
440 276 408 146 
445 278 414 150 
453 278 420 153 
462 283 427 154 
469 284 435 155 
473 289 438 159 
477 294 443 159 
483 297 445 161 
491 300 449 161 
496 304 455 163 
501 308 458 163 
505 310 464 163 
507 315 473 163 
515 318 479 166 
519 324 480 168 
521 325 481 169 
528 328 488 169 
534 332 494 171 
539 337 494 171 
541 340 498 171 
546 343 503 172 
552 348 508 176 
557 350 510 178 
561 353 513 179 
568 355 522 183 
572 358 526 185 
577 364 533 186 
582 367 541 191 
584 370 546 195 
587 375 552 196 
594 376 555 203 
603 379 561 205 
608 383 567 205 
612 386 571 207 
620 387 576 209 
628 392 583 212 
632 394 588 212 
638 394 592 213 
643 397 597 216 
652 400 601 218 
657 403 603 221 
662 407 608 222 
667 408 614 223 
669 415 622 223 
679 418 629 226 
683 419 640 228 
691 422 647 228 
695 424 654 231 
701 427 659 233 
707 431 666 234 
711 435 673 234 
720 440 675 235 
726 443 681 237 
731 448 689 239 
738 453 698 241 
744 458 702 241 
747 460 709 241 
752 464 718 242 
760 470 728 245 
761 472 730 245 
769 473 735 247 
774 477 739 251 
777 480 741 252 
784 482 745 254 
787 485 749 259 
792 493 754 261 
795 496 759 264 
799 502 765 265 
804 503 774 266 
810 505 781 266 
821 512 786 269 
827 517 796 272 
836 526 806 274 
846 529 813 274 
850 531 814 275 
855 532 814 276 
860 541 817 277 
869 547 819 279 
880 550 826 282 
884 553 831 284 
891 557 836 285 
893 560 846 285 
899 564 851 285 
904 569 860 289 
914 572 862 290 
919 573 869 293 
929 577 873 295 
936 580 877 297 
943 582 884 300 
946 587 886 302 
951 592 893 303 
953 594 898 305 
956 599 903 307 
962 601 909 309 
968 605 913 313 
970 605 916 313 
972 611 922 316 
978 618 924 316 
982 620 930 317 
988 623 933 318 
992 626 939 318 
995 627 941 321 
1000 628 944 321 
1004 631 949 326 
1011 639 953 328 
1021 643 955 331 
1026 645 956 336 
1028 648 963 337 
1031 652 971 340 
1037 653 975 344 
1040 657 978 344 
1050 660 985 346 
1056 664 988 349 
1059 669 994 352 
1064 676 1000 353 
1069 680 1006 357 
1072 684 1010 358 
1073 685 1015 360 
1077 690 1023 361 
1081 694 1026 364 
1087 697 1032 367 
1092 700 1043 370 
1100 705 1049 370 
1105 706 1057 375 
1109 711 1062 375 
1114 717 1068 379 
1118 719 1073 381 
1125 723 1077 384 
1132 726 1083 388 
1143 727 1086 392 
1146 727 1090 395 
1153 729 1097 398 
1158 730 1102 400 
1163 734 1104 404 
1167 738 1110 408 
1170 740 1116 408 
1174 741 1121 409 
1178 746 1125 410 
1184 750 1129 412 
1196 754 1138 416 
1201 757 1141 417 
1207 762 1143 419 
1215 762 1147 420 
1223 763 1154 423 
1233 768 1157 424 
1238 772 1162 427 
1240 776 1164 428 
1242 777 1170 433 
1246 782 1175 435 
1252 786 1180 435 
1253 790 1185 435 
1255 793 1191 437 
1261 797 1193 440 
1265 805 1206 441 
1271 814 1212 441 
1275 816 1218 442 
1283 821 1220 443 
1288 824 1222 446 
1290 830 1225 447 
1296 835 1234 448 
1302 839 1240 450 
1303 840 1246 451 
1310 843 1249 452 
1313 849 1255 452 
1322 852 1258 453 
1326 859 1263 453 
1333 862 1268 454 
1340 868 1271 455 
1346 871 1274 458 
1352 878 1277 458 
1356 883 1284 460 
1358 888 1291 460 
1364 894 1295 464 
1371 897 1301 467 
1378 901 1305 470 
1383 901 1310 471 
1387 906 1318 474 
1395 910 1320 476 
1401 916 1326 478 
1406 917 1333 479 
1411 919 1339 483 
1414 926 1343 483 
1420 928 1349 487 
1424 931 1354 489 
1430 933 1358 490 
1435 935 1360 492 
1442 937 1368 494 
1446 940 1375 499 
1448 944 1380 499 
1449 947 1384 502 
1456 951 1390 505 
1461 955 1397 509 
1464 961 1403 512 
1472 963 1410 514 
1479 966 1416 516 
1485 973 1424 522 
1489 977 1428 523 
1490 978 1430 524 
1492 980 1435 524 
1500 983 1441 525 
1504 989 1446 528 
1508 992 1451 530 
1513 995 1453 535 
1517 999 1462 537 
1518 1002 1468 538 
1521 1006 1469 541 
1525 1011 1476 541 
1530 1019 1478 544 
1536 1021 1484 546 
1545 1026 1489 547 
1554 1031 1491 549 
1557 1032 1493 553 
1562 1034 1496 553 
1567 1038 1500 554 
1571 1038 1503 555 
1575 1039 1508 558 
1579 1042 1514 560 
1584 1045 1518 563 
1593 1048 1527 564 
1598 1051 1529 566 
1604 1052 1536 568 
1609 1055 1543 570 
1618 1059 1549 570 
1622 1061 1554 574 
1628 1067 1561 574 
1634 1071 1564 575 
1643 1072 1571 576 
1648 1076 1574 576 
1651 1079 1581 577 
1656 1086 1589 579 
1658 1090 1593 583 
1663 1091 1596 583 
1664 1097 1598 586 
1671 1098 1604 589 
1677 1104 1611 593 
1682 1107 1615 595 
1691 1111 1621 596 
1698 1118 1636 596 
1704 1119 1645 601 
1707 1121 1652 601 
1711 1126 1661 601 
1716 1127 1665 604 
1720 1132 1669 606 
1722 1134 1674 607 
1725 1138 1683 609 
1733 1141 1688 611 
1739 1147 1692 612 
1743 1149 1693 612 
1748 1154 1697 617 
1751 1157 1698 618 
1755 1161 1701 618 
1760 1163 1709 619 
1765 1166 1717 621 
1772 1174 1727 622 
1776 1177 1730 625 
1779 1183 1733 628 
1785 1186 1738 630 
1792 1193 1752 636 
1801 1196 1756 639 
1805 1199 1764 642 
1815 1202 1767 643 
1822 1209 1773 646 
1830 1210 1778 648 
1835 1213 1782 650 
1841 1215 1788 651 
1846 1218 1792 651 
1849 1219 1800 653 
1852 1223 1803 653 
1859 1228 1806 656 
1862 1232 1807 661 
1869 1236 1816 665 
1878 1240 1822 668 
1883 1246 1830 672 
1890 1249 1839 672 
1902 1253 1847 674 
1906 1258 1851 677 
1911 1262 1857 680 
1917 1264 1861 680 
1920 1265 1865 686 
1926 1270 1870 689 
1933 1275 1879 693 
1941 1278 1888 696 
1949 1280 1893 698 
1954 1286 1901 699 
1957 1289 1909 701 
1965 1291 1916 704 
1976 1298 1927 704 
1980 1306 1932 705 
1990 1308 1936 705 
1998 1312 1937 706 
2007 1313 1941 708 
2010 1317 1947 708 
2016 1320 1950 711 
2017 1324 1952 712 
2023 1326 1959 714 
2030 1332 1966 716 
2035 1334 1973 719 
2043 1336 1977 721 
2048 1337 1985 722 
2050 1346 1992 723 
2056 1349 1998 723 
2062 1355 2003 724 
2065 1356 2010 728 
2070 1359 2014 730 
2077 1361 2021 731 
2080 1366 2023 731 
2088 1368 2027 731 
2093 1371 2031 734 
2102 1374 2035 734 
2106 1379 2040 735 
2111 1383 2048 735 
2116 1389 2056 740 
2123 1399 2062 741 
2134 1402 2070 743 
2145 1404 2078 744 
2148 1405 2083 746 
2154 1408 2085 748 
2159 1413 2088 750 
2162 1417 2091 751 
2170 1419 2100 752 
2177 1423 2107 755 
2186 1424 2111 756 
2191 1429 2117 757 
2197 1434 2121 758 
2207 1436 2124 759 
2215 1439 2130 759 
2224 1444 2138 760 
2228 1446 2139 760 
2237 1450 2146 765 
2241 1453 2152 765 
2244 1457 2154 767 
2250 1462 2161 767 
2257 1462 2170 770 
2263 1469 2177 770 
2272 1473 2180 772 
2274 1475 2185 775 
2279 1478 2187 776 
2284 1483 2189 778 
2287 1488 2195 780 
2294 1491 2198 783 
2298 1496 2200 786 
2307 1498 2206 790 
2311 1500 2213 792 
2314 1504 2218 794 
2326 1506 2226 794 
2330 1510 2232 797 
2334 1511 2233 800 
2342 1517 2238 801 
2346 1523 2245 802 
2350 1527 2252 804 
2350 1530 2258 806 
2354 1534 2266 810 
2360 1539 2267 811 
2365 1542 2270 815 
2370 1548 2277 817 
2377 1551 2283 820 
2381 1554 2288 822 
2383 1555 2289 825 
2388 1556 2298 825 
2394 1560 2307 825 
2397 1562 2308 827 
2403 1566 2314 828 
2410 1569 2317 829 
2418 1570 2325 831 
2427 1573 2330 834 
2431 1577 2335 838 
2436 1583 2340 840 
2445 1586 2344 843 
2449 1590 2348 845 
2455 1591 2350 846 
2458 1592 2356 846 
2462 1599 2359 846 
2470 1605 2362 847 
2474 1611 2368 849 
2479 1615 2379 853 
2485 1620 2384 856 
2489 1621 2390 861 
2493 1625 2393 861 
2501 1630 2393 862 
2503 1631 2400 862 
2511 1631 2406 864 
2517 1634 2409 867 
2520 1637 2413 867 
2527 1641 2419 867 
2531 1642 2425 869 
2537 1646 2431 871 
2540 1656 2438 876 
2543 1661 2445 881 
2550 1665 2449 882 
2556 1671 2456 883 
2557 1677 2464 886 
2560 1679 2471 886 
2565 1682 2473 886 
2567 1687 2481 890 
2569 1690 2484 895 
2571 1693 2489 895 
2576 1700 2494 896 
2578 1703 2495 897 
2583 1706 2501 897 
2590 1708 2508 897 
2599 1708 2510 898 
2605 1715 2515 901 
2614 1722 2519 903 
2618 1726 2524 904 
2622 1727 2526 904 
2625 1730 2529 905 
2628 1731 2533 907 
2638 1732 2536 910 
2640 1740 2547 915 
2645 1743 2554 916 
2652 1744 2560 918 
2656 1750 2563 921 
2661 1757 2572 921 
2666 1760 2581 922 
2675 1765 2589 923 
2680 1767 2594 927 
2681 1772 2598 929 
2686 1776 2605 931 
2690 1780 2607 935 
2692 1783 2612 938 
2697 1789 2618 938 
2702 1793 2623 940 
2704 1794 2628 942 
2708 1795 2633 943 
2719 1800 2641 944 
2727 1802 2645 947 
2730 1807 2649 947 
2736 1810 2653 948 
2743 1812 2659 948 
2749 1815 2665 952 
2750 1820 2671 954 
2759 1822 2676 956 
2766 1829 2684 958 
2768 1833 2689 963 
2773 1835 2695 964 
2776 1840 2696 967 
2778 1844 2701 967 
2786 1847 2707 969 
2794 1852 2710 970 
2802 1856 2713 972 
2807 1863 2721 972 
2809 1870 2726 972 
2819 1871 2734 973 
2824 1872 2737 974 
2837 1876 2740 975 
2844 1879 2746 975 
2848 1882 2746 977 
2857 1889 2751 978 
2860 1893 2756 979 
2867 1897 2763 980 
2873 1902 2767 980 
2881 1902 2773 981 
2886 1908 2777 981 
2892 1913 2787 984 
2895 1916 2796 988 
2901 1922 2801 989 
2907 1926 2808 990 
2915 1927 2817 991 
2920 1932 2823 995 
2927 1936 2831 997 
2939 1938 2836 998 
2945 1940 2845 999 
2952 1944 2849 1003 
2956 1944 2852 1004 
2960 1948 2861 1008 
2961 1950 2864 1008 
2969 1954 2870 1010 
2976 1956 2879 1012 
2987 1959 2883 1014 
2992 1961 2887 1017 
2994 1962 2889 1018 
2997 1964 2899 1019 
3003 1968 2905 1023 
3010 1975 2909 1025 
3015 1981 2914 1025 
3020 1986 2918 1026 
3023 1988 2924 1029 
3032 1992 2929 1031 
3035 1996 2935 1032 
3041 2002 2936 1034 
3049 2004 2941 1035 
3057 2006 2943 1039 
3062 2010 2952 1040 
3068 2014 2958 1041 
3074 2018 2962 1042 
3077 2021 2964 1045 
3085 2028 2973 1045 
3091 2029 2979 1045 
3097 2031 2985 1046 
3100 2037 2993 1048 
3108 2041 2996 1050 
3114 2049 3003 1053 
3117 2052 3006 1054 
3119 2055 3011 1056 
3127 2061 3017 1057 
3131 2063 3019 1060 
3137 2066 3027 1061 
3142 2070 3035 1062 
3148 2071 3043 1065 
3152 2076 3051 1066 
3158 2081 3054 1066 
3163 2082 3058 1068 
3173 2084 3066 1071 
3181 2086 3070 1072 
3186 2089 3074 1076 
3191 2093 3075 1077 
3198 2096 3079 1078 
3202 2098 3089 1083 
3206 2101 3092 1084 
3214 2105 3097 1086 
3219 2112 3106 1087 
3224 2117 3114 1090 
3228 2122 3120 1092 
3239 2126 3126 1094 
3246 2128 3130 1095 
3251 2132 3133 1097 
3257 2136 3138 1099 
3265 2141 3143 1101 
3270 2144 3151 1102 
3275 2149 3159 1103 
3281 2154 3162 1104 
3285 2162 3166 1106 
3290 2171 3168 1106 
3298 2178 3173 1106 
3305 2179 3180 1107 
3310 2183 3187 1107 
3317 2186 3195 1111 
3324 2191 3199 1114 
3331 2199 3201 1115 
3340 2201 3209 1121 
3344 2205 3211 1123 
3351 2206 3218 1124 
3356 2208 3222 1127 
3360 2214 3230 1127 
3362 2221 3236 1129 
3369 2226 3243 1131 
3379 2230 3248 1133 
3388 2233 3254 1134 
3392 2238 3258 1135 
3400 2240 3265 1136 
3407 2243 3277 1136 
3415 2247 3280 1138 
3421 2252 3286 1140 
3423 2256 3292 1141 
3425 2262 3297 1145 
3432 2267 3298 1148 
3435 2270 3306 1151 
3442 2276 3310 1153 
3449 2283 3315 1154 
3451 2288 3319 1155 
3454 2290 3323 1157 
3461 2290 3328 1159 
3464 2295 3333 1159 
3470 2300 3339 1162 
3474 2304 3341 1163 
3480 2312 3347 1164 
3491 2316 3352 1167 
3497 2319 3357 1169 
3501 2325 3362 1170 
3510 2327 3366 1171 
3513 2329 3376 1172 
3519 2334 3385 1174 
3522 2340 3389 1175 
3528 2346 3392 1175 
3534 2346 3399 1176 
3538 2350 3404 1177 
3544 2356 3407 1181 
3551 2358 3413 1183 
3557 2363 3416 1186 
3562 2367 3421 1187 
3566 2372 3425 1188 
3572 2372 3427 1190 
3580 2373 3429 1191 
3586 2377 3437 1192 
3589 2382 3445 1193 
3591 2385 3448 1194 
3598 2389 3458 1196 
3604 2393 3462 1196 
3611 2396 3467 1199 
3616 2400 3472 1202 
3623 2404 3474 1202 
3631 2411 3475 1202 
3643 2414 3480 1202 
3652 2416 3484 1203 
3666 2417 3494 1204 
3669 2417 3499 1207 
3674 2421 3503 1207 
3682 2424 3511 1208 
3688 2428 3515 1211 
3697 2432 3519 1212 
3702 2433 3526 1216 
3703 2435 3533 1220 
3709 2439 3540 1221 
3712 2443 3544 1223 
3714 2448 3547 1224 
3718 2451 3552 1225 
3726 2455 3563 1226 
3729 2463 3565 1227 
3733 2466 3568 1229 
3742 2470 3571 1230 
3745 2471 3578 1230 
3750 2475 3583 1231 
3755 2479 3589 1233 
3762 2481 3595 1235 
3768 2490 3600 1238 
3771 2492 3604 1240 
3778 2494 3610 1241 
3785 2498 3615 1241 
3790 2499 3623 1242 
3796 2504 3627 1245 
3800 2512 3635 1246 
3811 2517 3641 1248 
3814 2522 3647 1249 
3824 2524 3650 1251 
3829 2529 3655 1255 
3835 2532 3656 1257 
3843 2536 3665 1257 
3847 2542 3670 1260 
3849 2543 3675 1264 
3857 2546 3679 1265 
3860 2550 3682 1266 
3864 2553 3687 1267 
3871 2557 3692 1270 
3875 2561 3697 1271 
3886 2566 3702 1271 
3895 2568 3709 1273 
3901 2571 3716 1278 
3904 2577 3722 1282 
3907 2583 3726 1284 
3911 2585 3731 1285 
3919 2591 3734 1285 
3927 2594 3737 1290 
3931 2598 3741 1292 
3935 2600 3748 1293 
3939 2602 3752 1295 
3945 2604 3755 1298 
3950 2605 3759 1302 
3954 2609 3766 1305 
3960 2609 3771 1308 
3962 2615 3779 1311 
3966 2622 3782 1312 
3972 2627 3789 1316 
3975 2635 3796 1317 
3981 2636 3803 1317 
3983 2637 3812 1320 
3987 2641 3821 1322 
3992 2644 3824 1324 
3994 2646 3830 1328 
3999 2649 3834 1331 
4004 2651 3838 1333 
4007 2656 3843 1335 
4008 2658 3847 1337 
4010 2664 3854 1339 
4013 2667 3862 1341 
4016 2673 3866 1342 
4020 2677 3869 1346 
4028 2679 3873 1349 
4030 2682 3879 1351 
4039 2688 3883 1353 
4043 2693 3890 1354 
4048 2697 3895 1356 
4051 2702 3900 1361 
4060 2705 3909 1363 
4067 2708 3913 1365 
4075 2712 3919 1367 
4080 2715 3921 1370 
4082 2718 3930 1372 
4084 2726 3935 1374 
4088 2730 3939 1375 
4088 2734 3944 1375 
4094 2736 3953 1375 
4100 2740 3956 1377 
4104 2743 3964 1381 
4107 2748 3975 1383 
4112 2750 3983 1386 
4117 2755 3989 1387 
4124 2759 3996 1388 
4129 2761 4004 1391 
4134 2766 4007 1391 
4139 2770 4010 1393 
4141 2771 4016 1393 
4146 2775 4026 1394 
4155 2779 4031 1394 
4158 2788 4041 1395 
4161 2791 4046 1399 
4164 2799 4050 1401 
4168 2802 4054 1402 
4175 2806 4060 1403 
4182 2808 4065 1404 
4185 2809 4070 1404 
4187 2812 4074 1406 
4191 2818 4081 1412 
4197 2824 4083 1413 
4205 2831 4087 1416 
4208 2837 4093 1420 
4210 2839 4098 1424 
4215 2841 4102 1428 
4223 2845 4105 1431 
4228 2849 4110 1434 
4231 2853 4115 1436 
4238 2856 4120 1436 
4246 2861 4127 1437 
4254 2867 4135 1439 
4261 2876 4143 1440 
4266 2880 4148 1443 
4272 2882 4151 1445 
4277 2883 4158 1445 
4286 2887 4163 1447 
4290 2890 4167 1447 
4297 2894 4172 1449 
4302 2894 4176 1450 
4309 2897 4183 1453 
4319 2902 4189 1453 
4324 2906 4197 1453 
4330 2909 4199 1454 
4336 2913 4206 1456 
4344 2917 4215 1457 
4351 2919 4222 1458 
4354 2926 4228 1460 
4361 2926 4231 1463 
4368 2932 4236 1464 
4368 2939 4242 1465 
4373 2940 4245 1469 
4377 2944 4247 1472 
4384 2950 4254 1472 
4388 2955 4256 1474 
4393 2957 4260 1475 
4397 2963 4264 1479 
4401 2968 4267 1480 
4410 2974 4272 1481 
4416 2977 4276 1483 
4423 2982 4280 1486 
4434 2987 4286 1490 
4439 2991 4292 1493 
4442 2996 4299 1493 
4448 2999 4305 1494 
4450 3001 4313 1495 
4457 3006 4318 1497 
4463 3010 4320 1499 
4471 3014 4325 1500 
4477 3018 4329 1501 
4478 3021 4338 1503 
4481 3024 4342 1503 
4487 3028 4348 1504 
4492 3034 4350 1504 
4497 3037 4359 1505 
4502 3042 4359 1505 
4508 3045 4366 1505 
4516 3048 4371 1507 
4522 3051 4376 1508 
4529 3054 4387 1511 
4537 3059 4396 1514 
4542 3063 4403 1517 
4544 3067 4408 1518 
4552 3072 4412 1518 
4561 3078 4419 1519 
4568 3081 4423 1521 
4570 3087 4423 1521 
4578 3093 4426 1523 
4580 3100 4434 1524 
4584 3103 4443 1525 
4592 3108 4450 1526 
4600 3111 4454 1527 
4603 3113 4457 1528 
4608 3121 4462 1529 
4614 3122 4469 1530 
4616 3123 4479 1530 
4623 3125 4485 1532 
4627 3131 4493 1532 
4632 3135 4497 1534 
4637 3136 4505 1535 
4643 3146 4511 1537 
4649 3151 4517 1539 
4653 3153 4526 1539 
4657 3157 4530 1542 
4664 3163 4532 1543 
4671 3168 4537 1543 
4677 3175 4541 1545 
4680 3184 4545 1547 
4686 3188 4550 1551 
4690 3193 4557 1552 
4697 3196 4562 1554 
4703 3200 4565 1558 
4709 3203 4573 1559 
4715 3207 4580 1562 
4723 3208 4591 1565 
4727 3214 4599 1565 
4733 3218 4608 1565 
4740 3221 4614 1567 
4745 3225 4620 1567 
4749 3227 4623 1569 
4755 3229 4626 1570 
4761 3230 4635 1570 
4768 3234 4645 1570 
4774 3241 4650 1572 
4778 3245 4653 1574 
4781 3250 4660 1574 
4788 3254 4663 1576 
4791 3261 4671 1578 
4796 3263 4678 1581 
4805 3267 4681 1582 
4808 3275 4683 1584 
4810 3279 4688 1586 
4816 3282 4696 1589 
4817 3286 4702 1589 
4824 3292 4709 1591 
4829 3294 4715 1592 
4837 3300 4721 1595 
4842 3304 4726 1596 
4847 3307 4735 1597 
4854 3313 4740 1599 
4862 3320 4742 1601 
4873 3322 4745 1601 
4877 3326 4750 1603 
4883 3328 4755 1603 
4886 3334 4757 1611 
4894 3335 4761 1613 
4899 3338 4765 1618 
4906 3341 4769 1619 
4908 3345 4773 1620 
4917 3348 4778 1620 
4919 3351 4782 1620 
4924 3355 4784 1622 
4930 3360 4788 1623 
4934 3365 4793 1623 
4938 3369 4795 1624 
4941 3371 4797 1626 
4943 3378 4802 1626 
4947 3384 4809 1627 
4955 3390 4814 1628 
4960 3392 4818 1630 
4963 3398 4825 1632 
4971 3405 4832 1634 
4976 3409 4837 1635 
4980 3413 4843 1637 
4984 3415 4846 1640 
4988 3421 4854 1643 
4993 3423 4861 1645 
5000 3424 4869 1648 
5005 3429 4872 1649 
5009 3432 4880 1653 
5011 3436 4887 1655 
5017 3441 4893 1658 
5023 3450 4898 1659 
5028 3453 4906 1661 
5034 3456 4910 1663 
5036 3460 4916 1664 
5040 3465 4921 1664 
5042 3471 4923 1666 
5049 3472 4925 1668 
5053 3476 4928 1671 
5060 3478 4932 1672 
5062 3482 4936 1673 
5069 3483 4941 1674 
5076 3488 4948 1677 
5082 3490 4953 1678 
5089 3493 4957 1681 
5093 3496 4962 1684 
5099 3498 4967 1684 
5105 3502 4973 1686 
5110 3505 4979 1687 
5115 3505 4983 1689 
5120 3508 4989 1695 
5129 3510 4991 1697 
5133 3515 4994 1701 
5141 3519 5001 1702 
5150 3521 5009 1705 
5155 3524 5013 1708 
5160 3526 5015 1712 
5164 3528 5021 1713 
5167 3532 5029 1714 
5168 3536 5036 1718 
5173 3538 5043 1724 
5178 3545 5050 1725 
5186 3549 5058 1726 
5189 3556 5061 1730 
5199 3561 5066 1733 
5205 3565 5071 1735 
5214 3568 5075 1736 
5219 3569 5085 1737 
5231 3574 5089 1738 
5235 3582 5093 1739 
5237 3591 5097 1740 
5242 3596 5103 1744 
5247 3600 5107 1746 
5252 3603 5113 1750 
5258 3604 5119 1751 
5266 3608 5122 1755 
5270 3613 5132 1756 
5278 3617 5134 1757 
5287 3621 5140 1759 
5291 3625 5145 1760 
5294 3631 5150 1760 
5297 3637 5158 1761 
5302 3640 5163 1763 
5305 3641 5165 1768 
5309 3642 5172 1770 
5311 3647 5177 1774 
5315 3648 5181 1776 
5323 3652 5188 1777 
5328 3654 5192 1779 
5335 3657 5198 1782 
5340 3661 5204 1786 
5347 3664 5207 1789 
5355 3671 5215 1790 
5359 3678 5219 1794 
5363 3687 5225 1798 
5367 3690 5230 1802 
5373 3696 5234 1802 
5378 3699 5240 1805 
5382 3705 5243 1805 
5386 3706 5250 1808 
5392 3711 5252 1811 
5400 3714 5261 1813 
5406 3720 5268 1815 
5410 3729 5276 1820 
5419 3732 5281 1821 
5426 3734 5285 1822 
5432 3736 5289 1823 
5441 3739 5298 1826 
5446 3746 5303 1830 
5450 3749 5306 1833 
5458 3752 5308 1835 
5463 3760 5315 1837 
5467 3762 5319 1839 
5471 3767 5328 1843 
5479 3768 5333 1846 
5482 3770 5344 1847 
5489 3775 5348 1849 
5494 3781 5354 1849 
5497 3786 5355 1851 
5502 3790 5361 1852 
5506 3792 5364 1853 
5511 3797 5372 1855 
5519 3800 5379 1858 
5524 3805 5383 1858 
5530 3807 5384 1860 
5534 3812 5391 1864 
5540 3814 5393 1864 
5542 3817 5401 1865 
5551 3821 5407 1865 
5556 3824 5409 1867 
5569 3830 5411 1871 
5571 3831 5416 1873 
5576 3837 5421 1876 
5582 3840 5430 1878 
5591 3844 5436 1879 
5596 3846 5438 1882 
5601 3857 5446 1883 
5605 3859 5451 1887 
5609 3863 5456 1890 
5612 3866 5461 1892 
5615 3867 5465 1892 
5621 3871 5473 1894 
5627 3872 5479 1897 
5633 3875 5485 1902 
5642 3883 5491 1903 
5650 3887 5496 1903 
5655 3892 5508 1904 
5661 3896 5513 1906 
5665 3900 5521 1907 
5671 3901 5530 1909 
5674 3906 5532 1909 
5682 3911 5536 1909 
5686 3916 5541 1909 
5690 3927 5547 1912 
5694 3932 5551 1916 
5700 3935 5558 1917 
5708 3938 5563 1921 
5714 3942 5569 1922 
5721 3947 5575 1924 
5727 3948 5581 1929 
5730 3954 5590 1935 
5738 3960 5599 1939 
5745 3964 5604 1940 
5751 3968 5605 1940 
5756 3971 5611 1941 
5761 3975 5617 1942 
5765 3979 5626 1943 
5770 3980 5628 1945 
5777 3987 5632 1947 
5782 3989 5635 1950 
5789 3995 5639 1951 
5797 3998 5642 1955 
5800 4010 5646 1957 
5802 4014 5650 1959 
5805 4018 5657 1959 
5811 4022 5662 1961 
5818 4027 5668 1967 
5822 4030 5670 1968 
5829 4035 5677 1971 
5835 4042 5684 1973 
5837 4045 5689 1976 
5840 4047 5692 1977 
5843 4049 5699 1979 
5851 4053 5702 1979 
5855 4056 5706 1982 
5861 4060 5710 1984 
5864 4064 5716 1984 
5872 4067 5722 1986 
5880 4072 5724 1987 
5883 4075 5728 1989 
5892 4080 5737 1991 
5899 4084 5744 1991 
5905 4087 5748 1996 
5914 4091 5752 2000 
5916 4096 5756 2000 
5926 4100 5762 2002 
5927 4102 5765 2004 
5930 4108 5770 2007 
5934 4114 5775 2007 
5942 4120 5784 2009 
5945 4124 5790 2011 
5956 4131 5797 2016 
5962 4134 5799 2020 
5969 4140 5804 2024 
5973 4143 5808 2029 
5977 4145 5811 2031 
5981 4148 5818 2032 
5989 4150 5825 2034 
5995 4156 5832 2034 
6000 4162 5834 2036 
6006 4167 5837 2038 
6007 4171 5844 2039 
6013 4177 5848 2039 
6017 4179 5855 2041 
6024 4183 5864 2043 
6032 4191 5871 2046 
6033 4195 5875 2049 
6037 4201 5882 2051 
6041 4207 5888 2051 
6045 4213 5895 2057 
6051 4215 5904 2057 
6060 4220 5909 2061 
6064 4226 5917 2062 
6073 4229 5921 2066 
6079 4230 5926 2067 
6085 4234 5929 2068 
6091 4236 5935 2071 
6098 4246 5940 2071 
6105 4249 5944 2073 
6112 4254 5949 2077 
6118 4259 5955 2077 
6130 4262 5959 2080 
6133 4268 5966 2082 
6139 4269 5973 2083 
6146 4274 5977 2084 
6152 4281 5982 2085 
6155 4286 5989 2086 
6158 4288 6000 2086 
6163 4291 6005 2090 
6165 4294 6020 2092 
6167 4296 6028 2094 
6172 4300 6035 2095 
6177 4307 6041 2095 
6178 4311 6045 2097 
6187 4312 6053 2099 
6190 4315 6058 2102 
6195 4317 6063 2102 
6199 4321 6072 2104 
6205 4324 6077 2104 
6210 4330 6080 2107 
6215 4333 6084 2111 
6219 4338 6094 2111 
6226 4340 6097 2113 
6237 4342 6103 2114 
6243 4349 6106 2115 
6248 4361 6111 2117 
6255 4365 6123 2119 
6259 4370 6126 2122 
6268 4375 6131 2122 
6271 4381 6145 2125 
6277 4386 6159 2127 
6284 4388 6163 2127 
6290 4391 6170 2129 
6296 4399 6177 2132 
6304 4405 6185 2134 
6308 4408 6188 2135 
6315 4411 6191 2140 
6318 4411 6197 2142 
6324 4412 6201 2146 
6326 4412 6208 2146 
6332 4412 6211 2147 
6339 4417 6221 2148 
6348 4423 6224 2152 
6355 4428 6229 2152 
6361 4432 6233 2152 
6367 4436 6240 2156 
6371 4440 6241 2158 
6376 4442 6244 2162 
6387 4445 6250 2164 
6391 4449 6254 2164 
6396 4454 6258 2167 
6400 4458 6263 2167 
6407 4464 6268 2168 
6415 4474 6279 2168 
6426 4477 6286 2169 
6432 4478 6292 2172 
6436 4482 6299 2173 
6441 4486 6300 2175 
6451 4491 6306 2177 
6458 4496 6312 2180 
6464 4497 6318 2182 
6467 4504 6319 2184 
6471 4511 6324 2188 
6477 4514 6330 2189 
6479 4516 6333 2190 
6482 4520 6335 2190 
6488 4522 6345 2190 
6495 4526 6348 2196 
6499 4528 6353 2197 
6505 4533 6356 2199 
6511 4536 6360 2201 
6522 4540 6364 2204 
6525 4549 6368 2205 
6533 4552 6375 2210 
6539 4555 6378 2213 
6544 4556 6382 2215 
6552 4560 6392 2217 
6557 4566 6401 2218 
6564 4569 6407 2220 
6567 4573 6414 2221 
6573 4574 6419 2223 
6578 4577 6429 2226 
6583 4580 6438 2227 
6589 4583 6443 2230 
6594 4589 6450 2231 
6600 4592 6454 2233 
6604 4596 6461 2237 
6611 4599 6470 2240 
6616 4602 6476 2241 
6620 4609 6482 2244 
6624 4612 6486 2247 
6628 4613 6493 2253 
6637 4616 6497 2253 
6644 4624 6501 2255 
6648 4626 6509 2256 
6652 4635 6516 2258 
6656 4639 6522 2262 
6659 4646 6527 2264 
6663 4652 6531 2266 
6666 4653 6540 2266 
6672 4657 6546 2270 
6676 4659 6558 2272 
6679 4662 6564 2272 
6686 4665 6567 2274 
6691 4670 6573 2276 
6693 4675 6578 2277 
6698 4680 6586 2278 
6706 4683 6593 2281 
6708 4689 6596 2282 
6712 4697 6601 2284 
6716 4700 6608 2286 
6724 4704 6612 2289 
6730 4706 6618 2290 
6734 4709 6624 2291 
6741 4717 6627 2292 
6745 4720 6633 2293 
6750 4725 6635 2293 
6758 4725 6646 2295 
6763 4732 6650 2295 
6769 4738 6655 2297 
6777 4744 6660 2298 
6783 4751 6666 2299 
6786 4755 6673 2300 
6792 4762 6676 2301 
6799 4769 6678 2304 
6804 4772 6685 2307 
6811 4775 6689 2309 
6813 4777 6692 2309 
6819 4781 6694 2311 
6824 4785 6699 2311 
6832 4791 6706 2313 
6839 4795 6710 2314 
6846 4798 6716 2315 
6849 4803 6725 2315 
6854 4809 6735 2318 
6856 4812 6742 2320 
6864 4813 6745 2323 
6867 4816 6749 2327 
6871 4821 6752 2328 
6877 4824 6758 2333 
6885 4828 6763 2333 
6890 4831 6770 2334 
6895 4834 6776 2338 
6897 4838 6785 2339 
6903 4843 6792 2344 
6912 4845 6797 2346 
6915 4849 6807 2347 
6920 4855 6813 2349 
6923 4859 6817 2350 
6926 4863 6820 2355 
6931 4866 6829 2356 
6935 4869 6836 2356 
6942 4873 6847 2357 
6945 4877 6850 2361 
6947 4881 6854 2364 
6953 4887 6859 2366 
6956 4891 6865 2370 
6967 4894 6871 2373 
6975 4898 6875 2374 
6980 4903 6887 2374 
6983 4909 6890 2379 
6990 4915 6895 2380 
6996 4918 6901 2383 
7004 4924 6907 2385 
7007 4928 6914 2388 
7011 4934 6919 2392 
7016 4938 6929 2393 
7021 4939 6933 2394 
7028 4943 6938 2396 
7031 4950 6945 2399 
7035 4954 6950 2402 
7039 4957 6955 2406 
7046 4961 6958 2407 
7056 4966 6965 2409 
7059 4971 6974 2410 
7065 4973 6982 2413 
7068 4977 6987 2417 
7069 4982 6990 2418 
7074 4984 6992 2419 
7078 4987 6998 2424 
7081 4993 7002 2424 
7087 4998 7008 2424 
7095 5000 7012 2426 
7100 5003 7015 2429 
7109 5010 7024 2431 
7116 5014 7033 2434 
7123 5018 7036 2437 
7130 5025 7040 2437 
7136 5030 7046 2441 
7139 5032 7052 2442 
7145 5038 7057 2445 
7147 5042 7061 2447 
7155 5046 7065 2448 
7159 5049 7071 2449 
7166 5052 7075 2450 
7173 5058 7079 2451 
7176 5061 7083 2452 
7187 5064 7087 2452 
7190 5066 7089 2455 
7196 5071 7092 2459 
7199 5074 7094 2461 
7204 5081 7101 2461 
7210 5086 7106 2463 
7212 5089 7112 2463 
7219 5098 7117 2467 
7222 5101 7121 2467 
7227 5103 7129 2467 
7234 5109 7137 2468 
7238 5114 7148 2471 
7241 5118 7154 2475 
7245 5124 7159 2475 
7249 5127 7165 2477 
7256 5132 7167 2480 
7264 5138 7170 2482 
7271 5142 7176 2487 
7276 5148 7183 2490 
7282 5154 7191 2492 
7287 5160 7198 2492 
7295 5167 7201 2492 
7300 5171 7207 2493 
7307 5175 7210 2493 
7313 5180 7216 2498 
7316 5187 7222 2500 
7324 5192 7226 2501 
7331 5198 7231 2502 
7334 5201 7238 2503 
7336 5205 7243 2507 
7340 5207 7249 2512 
7343 5211 7250 2517 
7348 5217 7256 2518 
7353 5220 7261 2519 
7357 5224 7265 2520 
7359 5233 7274 2521 
7362 5238 7277 2523 
7367 5243 7285 2527 
7370 5245 7290 2527 
7376 5248 7296 2527 
7387 5258 7300 2527 
7393 5264 7303 2530 
7398 5267 7311 2531 
7406 5271 7315 2534 
7410 5276 7322 2536 
7416 5286 7325 2537 
7420 5294 7331 2540 
7423 5296 7339 2544 
7426 5301 7347 2545 
7436 5303 7352 2548 
7439 5304 7357 2548 
7447 5308 7362 2551 
7454 5311 7366 2552 
7462 5313 7370 2557 
7466 5317 7381 2558 
7469 5323 7389 2561 
7478 5328 7396 2562 
7482 5330 7401 2565 
7484 5332 7407 2566 
7489 5336 7413 2567 
7492 5343 7418 2569 
7493 5343 7421 2569 
7499 5347 7430 2572 
7505 5352 7433 2575 
7512 5356 7439 2580 
7514 5359 7447 2582 
7519 5365 7450 2587 
7528 5369 7451 2589 
7536 5376 7454 2591 
7539 5380 7462 2592 
7542 5385 7465 2594 
7555 5390 7467 2600 
7560 5397 7476 2601 
7564 5400 7480 2604 
7570 5406 7489 2606 
7576 5413 7496 2606 
7584 5417 7506 2608 
7586 5419 7510 2608 
7588 5421 7513 2610 
7598 5422 7519 2613 
7605 5426 7524 2616 
7608 5430 7528 2617 
7613 5434 7532 2623 
7618 5437 7539 2625 
7622 5443 7543 2627 
7629 5448 7544 2633 
7633 5454 7550 2633 
7636 5459 7560 2633 
7640 5461 7565 2635 
7646 5465 7573 2637 
7652 5469 7575 2638 
7657 5472 7580 2640 
7664 5477 7586 2643 
7672 5480 7590 2644 
7676 5484 7595 2647 
7685 5489 7604 2647 
7691 5497 7609 2648 
7700 5498 7613 2650 
7703 5502 7621 2654 
7707 5506 7630 2657 
7712 5512 7636 2663 
7717 5514 7638 2666 
7719 5517 7644 2669 
7728 5522 7649 2669 
7732 5525 7658 2672 
7738 5527 7666 2673 
7743 5529 7673 2675 
7747 5533 7680 2677 
7754 5537 7685 2677 
7762 5543 7692 2678 
7764 5551 7697 2679 
7768 5560 7704 2684 
7771 5562 7707 2684 
7776 5564 7713 2684 
7783 5569 7720 2685 
7783 5569 7725 2688 
7791 5571 7728 2689 
7798 5571 7736 2691 
7804 5574 7744 2693 
7812 5579 7749 2696 
7816 5581 7757 2700 
7822 5582 7762 2700 
7824 5588 7764 2702 
7833 5593 7765 2703 
7837 5601 7770 2706 
7840 5606 7777 2708 
7842 5610 7785 2709 
7846 5616 7791 2711 
7850 5620 7796 2711 
7856 5625 7801 2713 
7863 5625 7805 2715 
7868 5626 7811 2717 
7874 5631 7820 2719 
7878 5634 7824 2720 
7881 5639 7831 2720 
7888 5641 7835 2722 
7892 5644 7843 2723 
7897 5646 7849 2725 
7901 5649 7857 2725 
7908 5652 7859 2726 
7915 5657 7864 2728 
7918 5662 7868 2731 
7922 5666 7874 2734 
7926 5671 7880 2737 
7931 5678 7881 2738 
7933 5682 7885 2740 
7935 5692 7888 2741 
7943 5698 7894 2742 
7949 5701 7905 2745 
7953 5703 7908 2747 
7956 5708 7917 2749 
7958 5710 7926 2750 
7968 5715 7934 2753 
7971 5718 7943 2753 
7979 5724 7950 2753 
7986 5727 7955 2754 
7989 5734 7961 2755 
7996 5738 7968 2755 
7999 5741 7972 2757 
8003 5745 7978 2759 
8006 5752 7983 2761 
8011 5758 7985 2764 
8019 5761 7992 2765 
8024 5765 7997 2765 
8035 5770 8003 2769 
8041 5778 8013 2770 
8049 5782 8016 2775 
8061 5788 8020 2776 
8065 5790 8027 2778 
8074 5794 8034 2779 
8084 5800 8041 2779 
8089 5805 8048 2779 
8095 5810 8053 2781 
8100 5817 8058 2783 
8110 5822 8064 2784 
8118 5824 8066 2786 
8126 5832 8071 2788 
8132 5837 8082 2790 
8139 5845 8089 2791 
8143 5847 8097 2793 
8147 5849 8102 2794 
8156 5856 8110 2795 
8161 5863 8113 2799 
8165 5866 8117 2800 
8167 5869 8124 2802 
8175 5872 8132 2805 
8180 5873 8138 2809 
8185 5875 8148 2809 
8189 5878 8156 2812 
8196 5883 8164 2812 
8202 5891 8167 2814 
8205 5895 8176 2817 
8210 5897 8182 2822 
8213 5898 8192 2823 
8220 5902 8199 2825 
8227 5909 8204 2825 
8231 5911 8206 2826 
8237 5912 8209 2827 
8242 5918 8211 2827 
8243 5920 8218 2828 
8249 5923 8223 2832 
8257 5928 8236 2832 
8264 5931 8243 2834 
8269 5940 8254 2835 
8280 5945 8258 2844 
8285 5955 8265 2844 
8293 5959 8270 2845 
8301 5962 8277 2845 
8302 5966 8279 2846 
8305 5973 8286 2848 
8309 5983 8291 2849 
8315 5989 8297 2851 
8322 5994 8306 2854 
8327 5997 8309 2854 
8331 6005 8313 2855 
8339 6010 8318 2862 
8346 6012 8322 2867 
8350 6015 8327 2867 
8355 6018 8334 2870 
8359 6027 8340 2873 
8362 6030 8344 2876 
8367 6036 8348 2877 
8373 6038 8353 2878 
8377 6041 8357 2879 
8382 6045 8361 2881 
8387 6048 8366 2882 
8392 6051 8369 2883 
8394 6056 8373 2886 
8400 6060 8380 2886 
8404 6065 8383 2887 
8410 6069 8385 2888 
8415 6074 8392 2891 
8422 6077 8398 2893 
8428 6081 8400 2894 
8436 6085 8411 2898 
8442 6089 8420 2901 
8448 6092 8425 2904 
8453 6094 8431 2907 
8463 6099 8433 2907 
8467 6102 8437 2908 
8472 6105 8445 2910 
8478 6113 8454 2913 
8482 6114 8456 2914 
8490 6118 8462 2916 
8495 6119 8469 2916 
8498 6119 8478 2917 
8504 6123 8483 2918 
8509 6125 8492 2920 
8513 6130 8500 2924 
8519 6135 8502 2927 
8521 6140 8512 2928 
8524 6145 8518 2930 
8531 6149 8522 2931 
8537 6154 8527 2933 
8540 6155 8532 2937 
8542 6160 8541 2938 
8545 6160 8543 2943 
8549 6163 8543 2943 
8554 6164 8552 2950 
8561 6168 8557 2953 
8563 6170 8560 2953 
8569 6172 8567 2958 
8577 6174 8575 2958 
8580 6178 8580 2961 
8582 6183 8584 2961 
8590 6190 8594 2962 
8594 6196 8604 2962 
8601 6201 8614 2966 
8606 6208 8621 2967 
8612 6211 8629 2969 
8617 6213 8635 2969 
8625 6219 8643 2970 
8633 6221 8646 2974 
8639 6224 8657 2975 
8644 6228 8665 2978 
8649 6232 8671 2978 
8655 6234 8679 2979 
8663 6239 8686 2982 
8668 6243 8692 2982 
8672 6245 8702 2983 
8680 6251 8707 2984 
8683 6255 8717 2985 
8686 6259 8722 2985 
8692 6265 8730 2987 
8699 6268 8737 2987 
8704 6269 8744 2989 
8712 6272 8750 2993 
8718 6272 8752 2994 
8725 6276 8757 2995 
8733 6281 8764 2996 
8741 6283 8767 2999 
8748 6287 8771 3001 
8756 6292 8781 3002 
8762 6295 8785 3004 
8769 6299 8788 3006 
8777 6303 8796 3006 
8783 6308 8800 3010 
8789 6315 8805 3011 
8793 6321 8814 3012 
8796 6326 8821 3012 
8801 6331 8827 3014 
8804 6334 8832 3016 
8810 6337 8840 3016 
8813 6341 8846 3018 
8818 6345 8853 3018 
8824 6350 8857 3020 
8831 6356 8862 3022 
8838 6359 8865 3024 
8845 6367 8869 3026 
8850 6370 8875 3027 
8857 6372 8881 3029 
8864 6376 8885 3032 
8866 6383 8888 3032 
8869 6388 8890 3034 
8876 6391 8893 3036 
8881 6397 8900 3039 
8890 6401 8905 3040 
8893 6406 8911 3040 
8904 6407 8914 3041 
8907 6411 8921 3043 
8912 6422 8925 3046 
8918 6425 8926 3047 
8922 6433 8930 3047 
8926 6436 8933 3050 
8932 6438 8939 3050 
8939 6448 8947 3054 
8948 6454 8950 3057 
8954 6454 8955 3058 
8959 6461 8963 3058 
8963 6463 8968 3059 
8969 6464 8968 3062 
8976 6471 8977 3064 
8981 6474 8983 3066 
8988 6478 8987 3068 
8991 6483 8994 3071 
8994 6489 9003 3074 
9000 6492 9006 3076 
9008 6498 9010 3079 
9013 6501 9016 3080 
9020 6505 9022 3083 
9025 6509 9027 3086 
9029 6513 9030 3089 
9037 6518 9036 3091 
9045 6525 9041 3095 
9048 6526 9049 3095 
9054 6528 9059 3097 
9062 6534 9062 3098 
9067 6537 9066 3099 
9074 6543 9072 3101 
9076 6547 9082 3104 
9080 6550 9087 3105 
9092 6557 9088 3107 
9098 6562 9097 3109 
9104 6570 9105 3110 
9111 6572 9109 3112 
9119 6573 9110 3114 
9126 6577 9116 3115 
9133 6582 9123 3115 
9140 6584 9131 3117 
9144 6584 9135 3117 
9147 6587 9138 3118 
9155 6590 9144 3120 
9161 6593 9151 3123 
9165 6601 9159 3127 
9171 6607 9165 3128 
9177 6609 9168 3132 
9183 6614 9173 3134 
9189 6617 9181 3135 
9194 6620 9185 3137 
9199 6626 9193 3141 
9207 6629 9199 3141 
9211 6635 9204 3146 
9215 6642 9209 3146 
9219 6646 9219 3148 
9223 6647 9224 3148 
9226 6656 9229 3149 
9233 6657 9236 3151 
9237 6661 9241 3153 
9245 6669 9248 3156 
9250 6674 9256 3159 
9255 6675 9262 3160 
9258 6679 9268 3160 
9262 6685 9272 3164 
9269 6691 9276 3168 
9279 6696 9280 3170 
9280 6700 9284 3173 
9282 6707 9287 3176 
9287 6710 9293 3180 
9291 6716 9299 3184 
9296 6724 9306 3185 
9300 6726 9310 3186 
9303 6732 9316 3187 
9307 6739 9316 3188 
9310 6743 9321 3193 
9314 6747 9322 3194 
9322 6754 9331 3197 
9326 6761 9336 3199 
9330 6764 9339 3200 
9337 6767 9347 3201 
9344 6771 9350 3203 
9349 6773 9356 3205 
9353 6775 9359 3208 
9360 6777 9366 3208 
9366 6784 9371 3209 
9376 6789 9378 3211 
9378 6800 9387 3214 
9383 6803 9390 3219 
9392 6804 9395 3222 
9401 6807 9398 3224 
9410 6814 9405 3224 
9416 6819 9408 3225 
9420 6821 9414 3225 
9426 6827 9421 3227 
9430 6829 9428 3229 
9436 6834 9435 3234 
9444 6840 9443 3237 
9450 6843 9456 3244 
9456 6843 9461 3247 
9462 6849 9464 3249 
9467 6854 9470 3249 
9474 6857 9474 3250 
9484 6862 9476 3250 
9486 6866 9478 3253 
9491 6872 9482 3254 
9498 6879 9486 3257 
9505 6880 9489 3259 
9508 6884 9497 3260 
9511 6888 9502 3262 
9518 6893 9510 3264 
9522 6898 9518 3265 
9527 6902 9520 3268 
9537 6905 9527 3269 
9546 6907 9533 3273 
9555 6911 9539 3276 
9558 6913 9544 3276 
9563 6915 9552 3277 
9569 6922 9561 3280 
9573 6925 9566 3281 
9575 6931 9570 3285 
9583 6933 9576 3290 
9590 6937 9579 3290 
9596 6940 9586 3292 
9596 6945 9593 3294 
9599 6945 9599 3294 
9604 6951 9606 3298 
9610 6954 9613 3298 
9616 6956 9616 3300 
9622 6963 9621 3301 
9625 6964 9626 3303 
9630 6970 9630 3306 
9632 6973 9631 3312 
9641 6976 9636 3315 
9646 6979 9642 3317 
9653 6983 9645 3317 
9658 6987 9650 3319 
9659 6992 9652 3319 
9665 6995 9661 3322 
9672 7006 9665 3323 
9678 7011 9669 3323 
9689 7015 9675 3325 
9693 7017 9682 3327 
9698 7021 9685 3327 
9705 7026 9690 3330 
9709 7031 9697 3331 
9713 7032 9707 3332 
9719 7036 9714 3338 
9726 7041 9721 3340 
9734 7045 9725 3341 
9741 7050 9730 3344 
9745 7051 9743 3346 
9748 7054 9751 3347 
9753 7055 9753 3349 
9757 7059 9758 3350 
9767 7062 9759 3352 
9769 7065 9764 3354 
9778 7066 9769 3356 
9787 7071 9773 3359 
9791 7072 9780 3360 
9797 7076 9785 3361 
9801 7080 9788 3365 
9805 7088 9793 3369 
9809 7092 9797 3369 
9816 7097 9803 3372 
9822 7104 9811 3373 
9830 7110 9817 3374 
9837 7118 9820 3376 
9844 7120 9825 3378 
9850 7125 9829 3379 
9857 7128 9831 3381 
9861 7132 9835 3383 
9868 7138 9837 3385 
9872 7145 9844 3386 
9877 7149 9851 3388 
9880 7152 9853 3391 
9883 7153 9856 3394 
9887 7157 9865 3395 
9889 7165 9878 3397 
9893 7167 9881 3399 
9901 7171 9886 3400 
9903 7179 9887 3402 
9910 7179 9895 3404 
9918 7186 9902 3407 
9923 7192 9906 3410 
9927 7199 9911 3414 
9933 7200 9915 3417 
9940 7203 9922 3418 
9944 7206 9926 3420 
9951 7209 9933 3421 
9960 7214 9941 3422 
9966 7215 9948 3422 
9975 7221 9952 3426 
9981 7232 9959 3429 
9981 7234 9964 3435 
9986 7239 9968 3436 
9993 7242 9974 3437 
10000 7245 9983 3438 
10007 7248 9988 3439 
10007 7253 9994 3441 
10012 7257 9999 3445 
10019 7257 10007 3448 
10021 7260 10013 3451 
10028 7263 10018 3452 
10033 7266 10025 3455 
10044 7271 10032 3457 
10050 7276 10038 3459 
10052 7283 10041 3460 
10055 7287 10050 3462 
10060 7292 10054 3463 
10068 7295 10060 3466 
10075 7296 10065 3468 
10081 7303 10068 3471 
10085 7304 10073 3471 
10089 7305 10076 3473 
10092 7310 10079 3473 
10096 7313 10086 3477 
10105 7318 10090 3478 
10113 7324 10100 3478 
10117 7327 10103 3480 
10121 7335 10108 3480 
10129 7340 10112 3482 
10139 7343 10120 3485 
10144 7347 10125 3488 
10151 7349 10135 3488 
10154 7352 10140 3488 
10162 7359 10149 3489 
10167 7361 10154 3491 
10171 7366 10160 3493 
10179 7372 10168 3495 
10182 7374 10177 3496 
10186 7376 10181 3497 
10194 7385 10188 3501 
10199 7387 10201 3504 
10204 7390 10206 3509 
10209 7394 10217 3511 
10217 7396 10221 3511 
10223 7398 10232 3515 
10226 7405 10237 3516 
10232 7407 10244 3517 
10237 7409 10249 3517 
10250 7417 10253 3517 
10253 7421 10256 3519 
10256 7426 10260 3521 
10260 7432 10262 3525 
10266 7437 10266 3529 
10271 7441 10273 3530 
10275 7446 10282 3536 
10280 7446 10286 3540 
10285 7448 10288 3542 
10293 7454 10295 3544 
10299 7462 10307 3546 
10304 7465 10311 3547 
10312 7473 10317 3548 
10319 7480 10322 3549 
10322 7486 10331 3552 
10327 7492 10337 3553 
10333 7496 10344 3555 
10341 7499 10349 3558 
10347 7502 10357 3560 
10350 7505 10366 3562 
10359 7516 10371 3566 
10365 7523 10377 3566 
10371 7528 10380 3566 
10378 7532 10385 3570 
10382 7536 10394 3570 
10387 7538 10398 3573 
10391 7541 10404 3576 
10399 7545 10410 3578 
10404 7552 10414 3579 
10408 7554 10419 3579 
10414 7556 10424 3582 
10422 7559 10428 3584 
10423 7564 10435 3585 
10425 7567 10441 3585 
10433 7567 10444 3586 
10440 7573 10449 3589 
10447 7578 10457 3590 
10453 7581 10462 3591 
10455 7587 10468 3591 
10463 7592 10471 3594 
10470 7596 10481 3597 
10477 7598 10489 3598 
10487 7603 10493 3599 
10494 7608 10500 3600 
10497 7612 10504 3601 
10499 7617 10512 3602 
10502 7624 10520 3604 
10508 7627 10527 3606 
10512 7632 10532 3606 
10524 7636 10536 3608 
10529 7643 10547 3610 
10536 7644 10550 3612 
10541 7647 10560 3613 
10547 7653 10567 3615 
10550 7658 10573 3617 
10555 7662 10582 3619 
10563 7670 10594 3619 
10566 7673 10600 3621 
10572 7679 10604 3623 
10579 7684 10607 3625 
10583 7686 10613 3628 
10591 7690 10620 3633 
10599 7695 10630 3634 
10603 7696 10636 3636 
10609 7703 10641 3640 
10613 7707 10642 3642 
10617 7708 10649 3644 
10620 7712 10654 3644 
10628 7715 10658 3647 
10629 7720 10662 3649 
10632 7726 10665 3649 
10637 7730 10673 3651 
10643 7730 10680 3655 
10649 7736 10687 3656 
10651 7740 10694 3656 
10655 7742 10699 3660 
10662 7751 10714 3663 
10668 7754 10716 3665 
10676 7756 10720 3667 
10679 7758 10725 3669 
10690 7760 10731 3670 
10697 7765 10743 3674 
10702 7769 10749 3677 
10710 7772 10754 3680 
10716 7780 10761 3680 
10723 7785 10768 3682 
10726 7792 10774 3684 
10731 7795 10779 3684 
10739 7800 10786 3689 
10740 7808 10789 3690 
10746 7815 10793 3691 
10750 7821 10800 3694 
10760 7823 10801 3697 
10762 7826 10804 3700 
10764 7830 10810 3702 
10772 7835 10816 3704 
10777 7840 10822 3707 
10780 7843 10828 3711 
10786 7847 10832 3713 
10797 7850 10841 3717 
10801 7856 10846 3721 
10808 7860 10849 3723 
10814 7867 10853 3725 
10823 7872 10857 3728 
10829 7878 10863 3731 
10833 7885 10868 3732 
10833 7889 10873 3734 
10835 7893 10880 3736 
10841 7894 10889 3736 
10844 7900 10894 3737 
10847 7908 10902 3739 
10854 7913 10910 3740 
10861 7917 10913 3742 
10866 7922 10917 3744 
10874 7925 10919 3745 
10876 7930 10924 3747 
10889 7939 10928 3749 
10894 7946 10933 3752 
10901 7956 10936 3754 
10908 7960 10943 3757 
10918 7961 10955 3761 
10925 7964 10957 3762 
10929 7971 10961 3764 
10938 7974 10964 3765 
10944 7983 10969 3768 
10947 7988 10970 3768 
10956 7994 10977 3772 
10961 7994 10980 3774 
10967 7996 10984 3775 
10974 8002 10991 3778 
10982 8006 10994 3779 
10987 8007 10999 3780 
10993 8014 11003 3781 
10999 8015 11012 3783 
11007 8019 11017 3786 
11014 8023 11023 3788 
11021 8030 11025 3794 
11030 8033 11032 3796 
11036 8036 11036 3797 
11038 8037 11040 3798 
11040 8040 11052 3800 
11047 8046 11058 3802 
11051 8050 11066 3804 
11054 8052 11070 3805 
11063 8055 11081 3806 
11068 8057 11084 3811 
11072 8062 11090 3811 
11077 8066 11096 3812 
11081 8073 11101 3814 
11086 8078 11106 3817 
11090 8084 11111 3821 
11094 8085 11119 3821 
11102 8088 11120 3821 
11112 8092 11132 3826 
11122 8096 11139 3830 
11125 8098 11147 3831 
11129 8103 11153 3833 
11134 8108 11156 3835 
11142 8111 11160 3840 
11145 8117 11165 3843 
11148 8125 11174 3844 
11154 8126 11180 3847 
11157 8129 11189 3848 
11160 8133 11192 3848 
11163 8138 11201 3849 
11171 8140 11205 3849 
11178 8148 11206 3853 
11187 8151 11211 3855 
11194 8157 11215 3856 
11199 8160 11222 3859 
11206 8162 11229 3861 
11212 8169 11241 3861 
11216 8174 11246 3869 
11218 8176 11249 3869 
11222 8181 11257 3871 
11223 8183 11260 3872 
11233 8185 11262 3875 
11240 8189 11268 3877 
11242 8191 11273 3878 
11250 8193 11277 3879 
11256 8200 11280 3880 
11262 8205 11284 3881 
11267 8209 11292 3882 
11271 8216 11302 3884 
11281 8223 11305 3885 
11286 8228 11312 3887 
11291 8232 11321 3890 
11298 8235 11334 3892 
11303 8244 11342 3892 
11308 8247 11348 3897 
11312 8254 11353 3898 
11318 8262 11356 3899 
11326 8266 11359 3901 
11332 8270 11360 3902 
11333 8275 11368 3907 
11335 8282 11374 3907 
11342 8285 11378 3911 
11350 8288 11385 3913 
11354 8291 11388 3914 
11360 8297 11391 3915 
11368 8300 11395 3918 
11374 8305 11400 3919 
11376 8308 11407 3919 
11383 8310 11412 3920 
11390 8312 11415 3920 
11395 8317 11417 3921 
11400 8321 11427 3921 
11404 8325 11434 3921 
11409 8326 11438 3924 
11413 8329 11445 3926 
11416 8331 11447 3928 
11421 8339 11457 3929 
11423 8346 11465 3931 
11429 8351 11468 3931 
11434 8357 11474 3934 
11439 8364 11479 3935 
11443 8365 11484 3937 
11448 8368 11492 3940 
11457 8372 11497 3943 
11460 8375 11506 3946 
11465 8383 11512 3947 
11473 8388 11516 3950 
11478 8394 11519 3952 
11481 8397 11525 3954 
11483 8403 11531 3955 
11489 8408 11535 3957 
11498 8411 11540 3958 
11502 8414 11543 3958 
11505 8421 11553 3962 
11509 8425 11557 3966 
11517 8430 11569 3968 
11522 8433 11578 3970 
11526 8435 11585 3971 
11529 8442 11592 3974 
11536 8447 11599 3975 
11545 8449 11603 3978 
11549 8452 11608 3979 
11550 8457 11614 3982 
11554 8460 11620 3983 
11559 8462 11627 3985 
11562 8464 11634 3986 
11565 8468 11639 3988 
11573 8471 11644 3991 
11577 8477 11649 3993 
11581 8480 11655 3995 
11588 8485 11662 3996 
11597 8489 11667 3997 
11604 8491 11671 3999 
11608 8498 11678 3999 
11612 8503 11686 4002 
11618 8516 11692 4004 
11624 8523 11696 4006 
11634 8527 11703 4007 
11640 8534 11710 4009 
11645 8537 11719 4011 
11649 8542 11727 4012 
11655 8547 11731 4014 
11661 8552 11737 4016 
11666 8556 11745 4019 
11668 8563 11753 4020 
11676 8569 11761 4022 
11679 8574 11766 4023 
11684 8578 11770 4024 
11688 8585 11783 4028 
11696 8585 11788 4030 
11701 8588 11797 4032 
11707 8592 11804 4034 
11712 8595 11814 4036 
11718 8600 11817 4036 
11723 8603 11822 4037 
11730 8607 11826 4040 
11734 8612 11831 4042 
11736 8614 11838 4042 
11739 8617 11844 4046 
11748 8625 11849 4050 
11755 8629 11858 4053 
11761 8634 11865 4055 
11764 8640 11870 4057 
11771 8641 11875 4059 
11776 8645 11877 4061 
11782 8649 11882 4064 
11784 8649 11887 4067 
11791 8652 11896 4069 
11795 8654 11903 4070 
11800 8655 11907 4071 
11806 8660 11914 4072 
11809 8664 11918 4075 
11814 8669 11927 4075 
11822 8673 11931 4076 
11825 8676 11936 4079 
11829 8683 11940 4081 
11831 8687 11949 4083 
11840 8692 11955 4085 
11849 8698 11962 4090 
11850 8703 11967 4094 
11856 8707 11976 4097 
11859 8713 11982 4097 
11864 8719 11991 4098 
11870 8721 11996 4102 
11876 8722 12001 4104 
11883 8728 12011 4108 
11887 8731 12013 4110 
11894 8736 12018 4112 
11901 8740 12029 4115 
11908 8743 12033 4116 
11912 8750 12041 4117 
11920 8753 12045 4119 
11927 8756 12052 4124 
11930 8760 12061 4127 
11940 8763 12066 4130 
11947 8767 12072 4133 
11950 8774 12078 4137 
11955 8781 12082 4138 
11960 8784 12086 4141 
11967 8788 12088 4143 
11975 8792 12096 4145 
11982 8794 12106 4145 
11992 8799 12116 4147 
11996 8803 12129 4152 
12001 8805 12137 4153 
12007 8808 12141 4155 
12009 8816 12151 4156 
12018 8820 12157 4158 
12030 8828 12164 4159 
12038 8833 12168 4161 
12044 8837 12177 4162 
12047 8842 12178 4163 
12053 8844 12182 4164 
12059 8847 12185 4166 
12061 8851 12191 4167 
12064 8856 12194 4168 
12074 8858 12202 4170 
12081 8861 12208 4172 
12088 8867 12214 4176 
12094 8871 12221 4178 
12096 8876 12225 4181 
12097 8881 12232 4184 
12099 8884 12241 4187 
12104 8889 12246 4189 
12109 8892 12252 4190 
12112 8898 12259 4194 
12120 8904 12260 4197 
12126 8911 12266 4200 
12132 8916 12271 4201 
12136 8921 12277 4202 
12142 8923 12282 4204 
12150 8924 12288 4207 
12157 8929 12293 4209 
12159 8936 12304 4213 
12162 8942 12314 4217 
12167 8947 12320 4220 
12172 8949 12327 4222 
12182 8950 12332 4223 
12187 8952 12336 4226 
12195 8957 12340 4227 
12201 8959 12349 4230 
12206 8963 12354 4234 
12210 8968 12360 4235 
12215 8974 12364 4239 
12217 8977 12368 4240 
12225 8981 12372 4243 
12230 8986 12378 4248 
12235 8992 12385 4249 
12239 8995 12391 4251 
12247 9000 12397 4252 
12253 9003 12401 4254 
12257 9006 12405 4256 
12261 9010 12414 4256 
12269 9016 12421 4260 
12273 9020 12426 4262 
12275 9021 12433 4262 
12279 9022 12441 4264 
12283 9026 12448 4269 
12287 9029 12451 4270 
12291 9034 12459 4272 
12294 9037 12467 4273 
12299 9045 12474 4273 
12305 9050 12480 4274 
12314 9053 12485 4275 
12317 9059 12493 4275 
12323 9062 12495 4275 
12328 9068 12504 4278 
12333 9070 12510 4279 
12337 9073 12516 4280 
12341 9080 12521 4281 
12349 9085 12524 4283 
12358 9091 12532 4283 
12368 9095 12539 4284 
12371 9102 12543 4286 
12372 9106 12546 4291 
12376 9111 12555 4295 
12384 9117 12561 4300 
12384 9119 12564 4303 
12392 9126 12568 4306 
12398 9128 12573 4308 
12404 9129 12579 4312 
12409 9136 12589 4315 
12415 9143 12597 4315 
12430 9148 12601 4321 
12437 9150 12605 4323 
12442 9154 12612 4326 
12446 9159 12619 4328 
12451 9165 12623 4329 
12460 9168 12629 4329 
12464 9173 12633 4333 
12472 9175 12640 4334 
12477 9180 12648 4336 
12483 9182 12654 4339 
12495 9184 12665 4341 
12500 9190 12671 4342 
12505 9193 12678 4347 
12509 9198 12682 4348 
12515 9201 12689 4351 
12521 9203 12694 4353 
12524 9204 12706 4353 
12526 9212 12712 4357 
12532 9219 12718 4358 
12537 9222 12723 4359 
12541 9228 12728 4362 
12547 9231 12734 4365 
12552 9232 12739 4369 
12556 9238 12747 4376 
12561 9240 12752 4376 
12569 9246 12754 4379 
12574 9249 12759 4380 
12579 9253 12763 4385 
12584 9255 12768 4388 
12591 9261 12772 4391 
12596 9264 12779 4391 
12606 9266 12785 4391 
12613 9270 12789 4393 
12620 9276 12795 4396 
12630 9279 12799 4397 
12633 9283 12807 4401 
12635 9288 12813 4401 
12641 9291 12817 4405 
12646 9299 12824 4408 
12660 9301 12830 4412 
12665 9306 12836 4416 
12672 9312 12847 4416 
12675 9317 12852 4419 
12681 9322 12858 4422 
12685 9325 12864 4425 
12692 9326 12871 4430 
12698 9329 12876 4431 
12701 9334 12886 4431 
12704 9339 12898 4433 
12707 9345 12901 4434 
12711 9352 12905 4443 
12715 9359 12909 4445 
12720 9365 12917 4451 
12726 9367 12922 4454 
12728 9369 12930 4456 
12734 9376 12936 4458 
12737 9378 12947 4460 
12750 9380 12952 4460 
12754 9386 12959 4461 
12763 9390 12965 4462 
12771 9391 12972 4463 
12778 9393 12974 4463 
12781 9397 12978 4466 
12791 9400 12987 4469 
12798 9402 12992 4470 
12804 9406 12996 4473 
12808 9411 12998 4476 
12812 9413 13003 4477 
12818 9424 13008 4479 
12827 9430 13019 4482 
12831 9436 13024 4485 
12835 9443 13033 4488 
12840 9447 13042 4488 
12846 9452 13047 4489 
12849 9455 13052 4489 
12857 9457 13060 4491 
12866 9460 13066 4492 
12875 9463 13070 4496 
12879 9470 13078 4496 
12884 9473 13083 4500 
12895 9475 13086 4501 
12902 9482 13094 4504 
12909 9486 13099 4509 
12917 9489 13103 4509 
12922 9493 13108 4512 
12927 9499 13114 4514 
12931 9504 13118 4516 
12938 9506 13126 4518 
12949 9512 13134 4522 
12952 9516 13141 4526 
12957 9521 13145 4528 
12964 9526 13151 4529 
12971 9529 13155 4532 
12976 9532 13162 4535 
12979 9536 13166 4536 
12989 9538 13172 4539 
12991 9543 13174 4542 
12997 9547 13179 4544 
13000 9551 13183 4547 
13007 9557 13186 4548 
13013 9563 13195 4550 
13017 9571 13198 4552 
13024 9577 13202 4557 
13030 9580 13210 4558 
13034 9584 13216 4558 
13037 9590 13218 4564 
13043 9597 13224 4567 
13050 9599 13231 4568 
13051 9604 13240 4569 
13062 9607 13247 4569 
13067 9612 13254 4570 
13073 9619 13256 4570 
13079 9625 13264 4572 
13086 9630 13272 4575 
13095 9631 13276 4579 
13099 9641 13281 4583 
13102 9646 13288 4583 
13110 9649 13294 4586 
13115 9650 13300 4586 
13122 9659 13304 4588 
13128 9665 13311 4590 
13133 9674 13317 4594 
13146 9681 13318 4597 
13156 9682 13322 4599 
13160 9688 13330 4602 
13163 9691 13341 4603 
13168 9696 13347 4603 
13173 9698 13358 4605 
13179 9707 13362 4608 
13185 9710 13366 4613 
13192 9715 13370 4617 
13196 9721 13377 4620 
13200 9725 13380 4622 
13207 9728 13387 4624 
13215 9732 13389 4624 
13218 9735 13393 4626 
13223 9741 13398 4628 
13227 9743 13406 4629 
13232 9744 13415 4631 
13236 9747 13419 4633 
13242 9752 13424 4635 
13249 9757 13432 4637 
13253 9759 13435 4639 
13260 9761 13442 4642 
13268 9766 13443 4642 
13278 9769 13453 4643 
13280 9775 13460 4644 
13287 9780 13464 4646 
13296 9784 13466 4648 
13299 9788 13473 4650 
13305 9791 13477 4651 
13309 9795 13486 4652 
13315 9798 13493 4654 
13319 9800 13499 4657 
13327 9803 13505 4660 
13332 9808 13511 4664 
13340 9810 13520 4668 
13347 9814 13520 4675 
13352 9820 13525 4676 
13356 9825 13530 4680 
13361 9830 13537 4680 
13364 9832 13541 4682 
13376 9836 13548 4684 
13383 9838 13550 4686 
13387 9844 13555 4687 
13392 9850 13559 4688 
13404 9857 13566 4690 
13410 9864 13568 4694 
13418 9869 13572 4701 
13421 9872 13581 4703 
13424 9877 13588 4705 
13430 9883 13593 4706 
13433 9894 13606 4712 
13437 9899 13612 4716 
13444 9901 13618 4719 
13449 9904 13626 4721 
13453 9909 13632 4722 
13459 9918 13638 4724 
13466 9923 13642 4726 
13470 9930 13645 4731 
13476 9934 13648 4732 
13480 9941 13654 4732 
13483 9946 13660 4733 
13492 9951 13667 4734 
13500 9953 13677 4739 
13506 9956 13685 4741 
13518 9960 13690 4742 
13524 9966 13698 4743 
13536 9972 13703 4743 
13542 9974 13710 4744 
13549 9977 13720 4746 
13553 9985 13725 4748 
13559 9988 13729 4749 
13565 9990 13731 4750 
13568 9994 13739 4751 
13573 10001 13745 4753 
13576 10005 13747 4754 
13583 10011 13750 4758 
13591 10016 13752 4760 
13594 10020 13756 4762 
13598 10026 13763 4764 
13601 10029 13769 4765 
13606 10033 13772 4766 
13609 10040 13782 4766 
13612 10047 13790 4770 
13617 10048 13795 4773 
13626 10052 13798 4775 
13631 10058 13805 4778 
13636 10062 13809 4780 
13641 10069 13818 4781 
13646 10075 13823 4783 
13653 10084 13830 4785 
13658 10085 13836 4786 
13664 10092 13841 4787 
13669 10097 13844 4790 
13672 10102 13854 4792 
13675 10105 13856 4793 
13680 10108 13861 4795 
13687 10117 13872 4795 
13690 10121 13880 4797 
13695 10126 13886 4799 
13702 10128 13894 4799 
13707 10131 13898 4802 
13713 10133 13912 4805 
13719 10135 13913 4805 
13723 10140 13915 4805 
13727 10141 13919 4809 
13734 10144 13920 4809 
13743 10147 13928 4810 
13745 10152 13937 4815 
13750 10157 13941 4816 
13754 10165 13944 4818 
13756 10168 13951 4821 
13763 10172 13958 4823 
13771 10178 13964 4823 
13773 10183 13972 4824 
13777 10187 13976 4824 
13779 10196 13983 4825 
13784 10196 13991 4829 
13788 10197 13995 4831 
13797 10201 14003 4831 
13806 10205 14009 4835 
13811 10211 14016 4839 
13811 10214 14022 4840 
13815 10216 14030 4841 
13822 10222 14035 4842 
13827 10226 14040 4842 
13833 10233 14046 4844 
13839 10237 14053 4846 
13844 10241 14057 4848 
13848 10250 14063 4850 
13854 10256 14071 4853 
13859 10265 14082 4857 
13867 10272 14085 4857 
13870 10278 14098 4859 
13873 10280 14101 4860 
13884 10283 14103 4862 
13890 10285 14107 4863 
13893 10291 14114 4868 
13900 10293 14120 4872 
13907 10296 14124 4878 
13916 10300 14132 4880 
13924 10307 14135 4882 
13928 10315 14141 4885 
13935 10321 14146 4886 
13938 10325 14154 4892 
13943 10327 14158 4894 
13948 10330 14163 4899 
13952 10340 14165 4904 
13955 10344 14169 4904 
13964 10350 14174 4906 
13974 10351 14181 4906 
13976 10357 14186 4909 
13982 10361 14192 4909 
13987 10368 14194 4909 
13996 10376 14200 4913 
14002 10378 14206 4914 
14016 10384 14211 4915 
14023 10387 14215 4917 
14025 10389 14224 4919 
14031 10396 14233 4923 
14039 10399 14243 4924 
14042 10402 14249 4927 
14048 10408 14260 4927 
14049 10412 14268 4931 
14055 10418 14274 4933 
14061 10425 14280 4938 
14064 10429 14284 4941 
14067 10431 14288 4942 
14073 10438 14291 4947 
14078 10442 14296 4951 
14086 10446 14304 4952 
14093 10451 14310 4955 
14097 10457 14317 4962 
14100 10463 14322 4965 
14106 10466 14325 4965 
14112 10467 14331 4966 
14120 10470 14335 4968 
14125 10476 14341 4971 
14136 10483 14352 4973 
14142 10493 14358 4974 
14145 10497 14361 4978 
14150 10502 14370 4981 
14157 10509 14376 4981 
14160 10512 14382 4982 
14164 10516 14386 4985 
14174 10518 14390 4989 
14181 10522 14396 4991 
14186 10529 14408 4995 
14192 10532 14413 4999 
14198 10536 14419 5000 
14203 10542 14423 5006 
14206 10545 14429 5007 
14214 10550 14431 5010 
14217 10554 14435 5012 
14224 10560 14441 5013 
14230 10566 14448 5016 
14236 10571 14455 5019 
14244 10574 14459 5020 
14246 10578 14462 5022 
14251 10582 14470 5025 
14254 10586 14475 5028 
14257 10590 14483 5030 
14261 10602 14493 5030 
14264 10604 14500 5033 
14272 10607 14509 5035 
14284 10616 14518 5038 
14287 10620 14522 5039 
14290 10621 14529 5043 
14293 10623 14535 5050 
14299 10629 14541 5055 
14303 10631 14550 5056 
14310 10635 14554 5056 
14315 10641 14557 5060 
14318 10646 14566 5065 
14321 10656 14572 5065 
14322 10658 14576 5067 
14326 10661 14581 5069 
14334 10664 14592 5069 
14341 10666 14600 5071 
14345 10667 14607 5073 
14349 10672 14616 5075 
14350 10676 14620 5075 
14353 10682 14626 5080 
14361 10687 14628 5082 
14365 10689 14635 5083 
14369 10694 14638 5088 
14372 10695 14643 5089 
14378 10700 14654 5092 
14381 10705 14659 5098 
14388 10710 14668 5101 
14391 10712 14673 5104 
14392 10720 14680 5105 
14397 10721 14689 5106 
14403 10728 14700 5106 
14406 10730 14703 5107 
14414 10735 14705 5109 
14421 10741 14711 5110 
14425 10743 14717 5113 
14433 10745 14722 5114 
14437 10746 14728 5115 
14447 10748 14730 5118 
14451 10754 14737 5118 
14457 10761 14740 5119 
14462 10766 14746 5121 
14469 10770 14752 5124 
14475 10774 14756 5127 
14484 10778 14765 5129 
14491 10785 14770 5130 
14496 10790 14774 5136 
14501 10794 14780 5137 
14506 10800 14789 5139 
14511 10803 14798 5142 
14517 10806 14805 5142 
14526 10810 14809 5144 
14529 10818 14812 5149 
14534 10823 14819 5152 
14536 10828 14827 5154 
14540 10829 14831 5159 
14547 10836 14836 5161 
14553 10841 14842 5163 
14556 10843 14847 5166 
14561 10852 14854 5168 
14566 10858 14856 5169 
14576 10868 14860 5172 
14577 10875 14863 5174 
14582 10877 14869 5176 
14586 10885 14870 5177 
14588 10894 14877 5179 
14598 10898 14888 5182 
14603 10899 14898 5185 
14609 10905 14906 5185 
14613 10909 14914 5187 
14622 10915 14917 5189 
14626 10918 14922 5190 
14628 10922 14927 5191 
14632 10926 14933 5194 
14637 10929 14940 5195 
14642 10933 14943 5196 
14648 10938 14948 5196 
14654 10940 14953 5199 
14659 10947 14959 5204 
14662 10952 14970 5205 
14668 10955 14974 5207 
14676 10958 14978 5210 
14682 10965 14984 5213 
14689 10975 14987 5214 
14698 10979 14996 5218 
14703 10985 15006 5220 
14706 10992 15010 5221 
14714 10996 15018 5222 
14720 11000 15022 5223 
14729 11007 15028 5224 
14735 11010 15036 5224 
14741 11015 15040 5226 
14742 11020 15042 5228 
14744 11028 15045 5230 
14748 11034 15047 5230 
14753 11035 15056 5231 
14759 11039 15061 5233 
14766 11040 15067 5233 
14773 11044 15069 5236 
14778 11046 15080 5237 
14782 11051 15086 5239 
14788 11058 15087 5240 
14794 11061 15092 5240 
14796 11064 15095 5241 
14799 11070 15106 5243 
14805 11076 15117 5245 
14809 11084 15126 5250 
14816 11089 15128 5252 
14819 11092 15135 5253 
14821 11094 15146 5256 
14827 11102 15148 5256 
14831 11109 15154 5258 
14837 11113 15157 5258 
14843 11121 15167 5261 
14847 11126 15176 5262 
14856 11130 15180 5265 
14864 11132 15188 5266 
14868 11136 15196 5268 
14873 11140 15200 5274 
14876 11147 15208 5277 
14882 11148 15217 5281 
14888 11150 15221 5284 
14892 11155 15225 5285 
14902 11158 15227 5288 
14907 11164 15235 5289 
14911 11168 15243 5290 
14915 11171 15249 5292 
14920 11176 15261 5292 
14927 11178 15265 5295 
14935 11182 15271 5297 
14943 11186 15278 5298 
14950 11191 15283 5300 
14957 11193 15289 5300 
14962 11194 15295 5302 
14967 11198 15295 5304 
14973 11203 15303 5304 
14980 11204 15310 5306 
14985 11208 15314 5307 
14988 11212 15322 5307 
14989 11215 15333 5311 
14993 11220 15337 5312 
14994 11225 15345 5315 
14997 11230 15351 5317 
14999 11233 15356 5322 
15002 11235 15361 5323 
15011 11238 15366 5326 
15014 11241 15373 5327 
15025 11249 15377 5330 
15035 11254 15383 5335 
15040 11260 15391 5335 
15044 11266 15395 5340 
15052 11273 15402 5343 
15056 11278 15404 5343 
15063 11285 15412 5346 
15066 11290 15417 5347 
15071 11292 15418 5348 
15074 11296 15423 5348 
15078 11304 15429 5348 
15082 11309 15434 5350 
15086 11311 15438 5354 
15093 11312 15443 5356 
15097 11316 15447 5356 
15100 11321 15457 5358 
15108 11326 15461 5359 
15117 11332 15466 5360 
15126 11338 15470 5362 
15131 11343 15476 5364 
15136 11350 15483 5364 
15141 11355 15491 5365 
15144 11360 15497 5369 
15153 11364 15500 5370 
15156 11368 15508 5372 
15163 11368 15517 5374 
15170 11370 15523 5376 
15174 11375 15529 5379 
15181 11379 15534 5380 
15188 11386 15538 5381 
15193 11390 15543 5384 
15198 11393 15550 5385 
15201 11399 15556 5386 
15206 11404 15556 5388 
15210 11409 15562 5391 
15219 11411 15572 5394 
15223 11414 15579 5400 
15228 11416 15583 5400 
15238 11421 15591 5402 
15247 11422 15596 5405 
15247 11427 15601 5408 
15254 11432 15609 5410 
15258 11434 15612 5413 
15262 11440 15618 5417 
15269 11450 15622 5419 
15276 11453 15629 5422 
15288 11457 15634 5425 
15292 11461 15641 5431 
15297 11464 15644 5432 
15302 11470 15650 5436 
15305 11475 15663 5437 
15306 11480 15668 5439 
15312 11488 15670 5440 
15317 11494 15674 5443 
15326 11498 15685 5447 
15329 11500 15693 5448 
15337 11503 15703 5450 
15343 11511 15709 5455 
15351 11512 15717 5457 
15357 11517 15722 5459 
15362 11522 15729 5462 
15370 11529 15735 5467 
15375 11534 15742 5468 
15378 11538 15749 5472 
15388 11543 15754 5474 
15393 11547 15763 5477 
15397 11551 15772 5478 
15401 11555 15780 5481 
15409 11559 15788 5483 
15412 11561 15795 5483 
15419 11568 15800 5485 
15427 11576 15809 5489 
15437 11578 15816 5492 
15446 11583 15825 5492 
15453 11588 15827 5495 
15464 11593 15836 5500 
15465 11596 15846 5502 
15475 11605 15849 5503 
15479 11609 15862 5506 
15483 11613 15868 5509 
15487 11616 15873 5510 
15490 11620 15882 5515 
15492 11627 15885 5517 
15496 11630 15895 5518 
15501 11635 15895 5518 
15504 11640 15900 5519 
15505 11642 15905 5522 
15508 11645 15909 5525 
15517 11647 15917 5530 
15525 11650 15926 5532 
15528 11654 15931 5533 
15531 11657 15935 5535 
15538 11661 15941 5537 
15542 11665 15945 5540 
15549 11671 15952 5541 
15557 11679 15958 5542 
15564 11682 15964 5544 
15572 11689 15966 5544 
15579 11694 15970 5547 
15586 11698 15977 5551 
15590 11700 15982 5553 
15593 11704 15984 5553 
15600 11709 15993 5556 
15605 11713 15996 5559 
15611 11714 16008 5559 
15617 11719 16012 5564 
15624 11721 16019 5565 
15630 11724 16024 5567 
15638 11727 16028 5567 
15646 11731 16032 5570 
15652 11733 16036 5571 
15656 11737 16043 5575 
15664 11742 16046 5576 
15674 11748 16056 5580 
15682 11749 16065 5581 
15690 11754 16077 5584 
15697 11759 16086 5588 
15706 11760 16098 5589 
15710 11765 16105 5591 
15714 11770 16115 5596 
15717 11780 16123 5596 
15722 11786 16129 5598 
15727 11787 16132 5600 
15736 11795 16136 5602 
15746 11801 16141 5605 
15749 11804 16150 5607 
15757 11809 16155 5610 
15764 11814 16162 5612 
15770 11818 16170 5613 
15777 11824 16175 5615 
15785 11827 16185 5619 
15789 11830 16192 5622 
15793 11834 16195 5624 
15802 11840 16200 5625 
15809 11844 16206 5629 
15818 11849 16211 5631 
15822 11854 16220 5635 
15829 11858 16227 5635 
15838 11864 16233 5638 
15853 11869 16237 5638 
15860 11877 16245 5645 
15864 11881 16256 5646 
15869 11887 16266 5649 
15874 11888 16268 5649 
15876 11899 16275 5651 
15887 11904 16280 5653 
15894 11908 16285 5659 
15903 11910 16291 5659 
15913 11912 16296 5664 
15919 11916 16306 5667 
15926 11918 16314 5669 
15929 11919 16323 5669 
15933 11925 16329 5669 
15939 11928 16333 5673 
15949 11931 16341 5675 
15959 11936 16346 5676 
15963 11943 16349 5677 
15969 11950 16353 5678 
15975 11952 16359 5680 
15982 11955 16366 5681 
15987 11959 16370 5686 
15993 11964 16375 5687 
15997 11970 16381 5688 
16003 11975 16388 5689 
16009 11978 16399 5689 
16015 11983 16402 5690 
16017 11989 16408 5692 
16023 11994 16412 5694 
16025 11997 16424 5695 
16032 12003 16426 5697 
16039 12004 16435 5703 
16046 12005 16442 5707 
16047 12011 16448 5710 
16050 12012 16452 5714 
16062 12018 16455 5716 
16068 12022 16468 5717 
16076 12027 16471 5722 
16081 12035 16479 5726 
16089 12039 16483 5728 
16097 12045 16490 5730 
16101 12050 16494 5735 
16110 12051 16499 5737 
16116 12060 16504 5739 
16127 12064 16513 5744 
16136 12070 16519 5745 
16142 12074 16526 5746 
16149 12081 16536 5747 
16161 12087 16543 5748 
16167 12093 16545 5750 
16174 12095 16548 5752 
16182 12098 16554 5753 
16184 12103 16559 5755 
16186 12107 16570 5759 
16197 12114 16578 5764 
16204 12118 16584 5766 
16208 12124 16590 5768 
16215 12126 16601 5771 
16224 12129 16606 5773 
16230 12138 16616 5777 
16239 12144 16626 5778 
16244 12148 16634 5781 
16249 12154 16640 5785 
16258 12158 16644 5791 
16264 12161 16655 5793 
16268 12165 16664 5796 
16277 12171 16675 5799 
16282 12176 16682 5799 
16286 12179 16688 5800 
16292 12185 16691 5803 
16298 12190 16701 5805 
16301 12198 16708 5809 
16308 12203 16711 5814 
16316 12207 16718 5817 
16322 12214 16723 5818 
16331 12218 16728 5821 
16334 12219 16731 5822 
16338 12228 16737 5827 
16341 12236 16746 5832 
16344 12240 16749 5836 
16349 12248 16756 5839 
16353 12254 16767 5845 
16360 12261 16771 5848 
16367 12264 16775 5849 
16372 12270 16783 5849 
16381 12273 16786 5850 
16385 12277 16793 5851 
16392 12283 16801 5857 
16398 12287 16808 5860 
16400 12290 16815 5860 
16403 12296 16819 5863 
16412 12301 16827 5866 
16418 12305 16831 5868 
16423 12312 16840 5872 
16427 12314 16849 5874 
16435 12316 16857 5875 
16447 12319 16857 5877 
16454 12325 16868 5877 
16462 12331 16875 5880 
16469 12335 16882 5884 
16475 12336 16893 5886 
16479 12339 16898 5888 
16489 12349 16902 5890 
16491 12355 16904 5893 
16497 12362 16913 5897 
16503 12366 16918 5900 
16509 12369 16924 5901 
16516 12375 16932 5901 
16518 12383 16942 5902 
16522 12391 16949 5906 
16526 12396 16954 5906 
16531 12404 16958 5909 
16536 12406 16964 5913 
16541 12408 16972 5916 
16547 12414 16977 5917 
16554 12418 16984 5918 
16559 12421 16989 5919 
16562 12425 16994 5922 
16567 12429 17001 5924 
16569 12434 17009 5929 
16573 12441 17013 5932 
16576 12444 17023 5932 
16582 12445 17028 5932 
16589 12451 17036 5935 
16595 12455 17042 5937 
16601 12459 17050 5937 
16607 12462 17055 5938 
16611 12466 17061 5940 
16617 12474 17068 5943 
16620 12477 17077 5944 
16623 12480 17080 5947 
16625 12482 17083 5949 
16628 12489 17091 5950 
16631 12496 17097 5956 
16640 12499 17104 5957 
16644 12502 17109 5959 
16649 12512 17115 5962 
16654 12518 17125 5963 
16660 12525 17128 5965 
16666 12528 17137 5969 
16673 12533 17140 5969 
16682 12536 17149 5971 
16687 12538 17159 5973 
16694 12544 17164 5976 
16698 12552 17170 5978 
16703 12556 17177 5978 
16713 12557 17182 5978 
16718 12562 17190 5980 
16727 12567 17198 5983 
16730 12571 17203 5987 
16734 12574 17207 5989 
16742 12581 17218 5992 
16747 12583 17227 5994 
16758 12588 17237 5996 
16768 12591 17243 5998 
16774 12597 17252 6000 
16784 12600 17257 6002 
16789 12607 17260 6003 
16796 12612 17267 6007 
16801 12615 17275 6013 
16803 12623 17281 6019 
16809 12625 17287 6019 
16815 12627 17295 6020 
16822 12630 17302 6021 
16834 12633 17305 6023 
16843 12640 17311 6026 
16849 12644 17318 6030 
16853 12652 17323 6032 
16858 12658 17327 6034 
16864 12658 17332 6038 
16868 12669 17338 6040 
16878 12675 17344 6041 
16885 12678 17351 6044 
16892 12680 17354 6051 
16902 12684 17360 6053 
16908 12689 17364 6056 
16913 12693 17369 6058 
16915 12694 17373 6058 
16924 12700 17381 6059 
16931 12708 17385 6063 
16935 12717 17391 6065 
16947 12719 17396 6067 
16949 12730 17404 6067 
16956 12732 17410 6068 
16962 12738 17420 6071 
16969 12741 17427 6073 
16975 12751 17435 6077 
16976 12755 17444 6079 
16980 12758 17447 6081 
16985 12763 17453 6083 
16991 12768 17459 6086 
16994 12771 17465 6089 
17002 12776 17473 6091 
17005 12780 17482 6091 
17013 12785 17493 6093 
17017 12793 17498 6098 
17022 12800 17503 6102 
17025 12804 17506 6102 
17031 12807 17510 6103 
17039 12813 17515 6104 
17043 12818 17526 6105 
17055 12827 17531 6105 
17062 12829 17541 6106 
17070 12830 17548 6109 
17075 12837 17556 6112 
17079 12841 17563 6113 
17088 12846 17568 6113 
17093 12851 17572 6115 
17099 12859 17578 6116 
17106 12862 17582 6118 
17110 12866 17587 6120 
17118 12872 17593 6122 
17125 12877 17598 6123 
17128 12883 17602 6125 
17134 12889 17608 6132 
17140 12891 17623 6133 
17149 12893 17629 6135 
17153 12898 17641 6137 
17156 12906 17647 6138 
17166 12911 17654 6142 
17166 12916 17657 6143 
17169 12918 17664 6143 
17175 12925 17669 6143 
17183 12929 17676 6144 
17193 12932 17684 6145 
17201 12942 17693 6150 
17206 12951 17698 6150 
17210 12953 17703 6155 
17215 12962 17708 6157 
17220 12964 17715 6160 
17225 12965 17721 6165 
17233 12965 17731 6166 
17237 12970 17738 6169 
17239 12970 17747 6170 
17243 12971 17752 6173 
17248 12978 17761 6177 
17249 12980 17765 6177 
17252 12983 17774 6179 
17254 12989 17779 6183 
17259 12992 17784 6186 
17268 12995 17789 6189 
17274 12998 17800 6190 
17280 13002 17803 6193 
17283 13006 17805 6194 
17283 13007 17810 6198 
17288 13011 17815 6199 
17290 13015 17822 6200 
17296 13016 17828 6201 
17300 13020 17832 6202 
17303 13027 17838 6202 
17306 13032 17842 6203 
17309 13034 17848 6205 
17315 13041 17852 6209 
17320 13048 17860 6213 
17322 13052 17865 6217 
17326 13057 17873 6218 
17333 13061 17882 6221 
17339 13066 17886 6221 
17341 13072 17895 6224 
17347 13079 17907 6226 
17352 13086 17916 6229 
17358 13094 17921 6231 
17359 13096 17928 6235 
17364 13102 17933 6235 
17371 13107 17939 6237 
17380 13111 17947 6240 
17385 13117 17961 6242 
17390 13124 17972 6244 
17394 13128 17981 6246 
17402 13133 17992 6248 
17405 13138 18000 6253 
17411 13144 18006 6257 
17421 13149 18012 6260 
17428 13154 18021 6261 
17431 13158 18028 6264 
17439 13160 18040 6264 
17443 13165 18047 6266 
17451 13169 18050 6269 
17458 13174 18057 6269 
17468 13176 18061 6273 
17474 13181 18070 6278 
17483 13183 18078 6280 
17487 13185 18085 6282 
17490 13190 18089 6285 
17493 13194 18097 6290 
17498 13196 18101 6292 
17504 13199 18106 6295 
17510 13203 18113 6297 
17516 13205 18118 6299 
17518 13207 18125 6301 
17525 13210 18132 6303 
17530 13219 18142 6304 
17537 13225 18151 6305 
17540 13230 18157 6309 
17543 13235 18164 6311 
17548 13236 18172 6311 
17551 13243 18180 6314 
17557 13249 18185 6317 
17565 13255 18189 6323 
17568 13260 18201 6323 
17576 13263 18209 6326 
17584 13266 18215 6327 
17591 13272 18222 6328 
17598 13278 18228 6332 
17605 13282 18235 6336 
17610 13284 18237 6340 
17615 13287 18243 6341 
17618 13289 18249 6341 
17623 13295 18257 6344 
17633 13299 18261 6346 
17641 13303 18268 6347 
17647 13309 18275 6350 
17655 13314 18285 6354 
17658 13321 18292 6356 
17662 13328 18296 6360 
17669 13334 18303 6363 
17682 13340 18311 6364 
17689 13345 18317 6368 
17692 13349 18327 6370 
17696 13356 18334 6373 
17704 13359 18338 6374 
17715 13364 18343 6376 
17722 13367 18346 6377 
17725 13371 18351 6381 
17729 13375 18356 6385 
17735 13383 18362 6393 
17738 13385 18369 6395 
17743 13390 18371 6395 
17746 13397 18376 6396 
17759 13403 18380 6397 
17765 13408 18384 6399 
17777 13413 18390 6401 
17780 13419 18394 6402 
17785 13424 18401 6402 
17786 13427 18407 6405 
17790 13436 18412 6407 
17793 13439 18421 6408 
17799 13444 18427 6412 
17808 13453 18430 6415 
17815 13460 18442 6419 
17820 13463 18449 6423 
17829 13469 18457 6425 
17836 13472 18461 6435 
17846 13474 18468 6439 
17853 13476 18475 6440 
17860 13480 18485 6441 
17866 13484 18489 6443 
17870 13487 18499 6443 
17876 13489 18503 6444 
17877 13495 18511 6444 
17885 13501 18517 6444 
17888 13504 18527 6447 
17898 13508 18533 6451 
17903 13513 18539 6453 
17910 13514 18546 6456 
17914 13519 18550 6457 
17921 13526 18556 6457 
17928 13526 18565 6458 
17932 13530 18576 6462 
17935 13533 18581 6467 
17944 13537 18592 6469 
17946 13542 18598 6471 
17956 13548 18603 6474 
17960 13550 18612 6476 
17966 13554 18621 6477 
17970 13559 18625 6480 
17980 13566 18637 6481 
17988 13571 18643 6485 
17992 13572 18647 6486 
17993 13573 18652 6488 
17998 13576 18656 6491 
18005 13580 18662 6494 
18011 13581 18668 6497 
18015 13583 18672 6497 
18024 13590 18679 6499 
18032 13591 18687 6501 
18039 13596 18695 6503 
18044 13599 18700 6505 
18048 13607 18708 6508 
18049 13613 18711 6511 
18052 13617 18717 6514 
18056 13623 18724 6515 
18062 13627 18731 6517 
18071 13630 18733 6519 
18075 13633 18743 6521 
18080 13634 18745 6522 
18088 13638 18751 6524 
18097 13644 18755 6529 
18105 13646 18760 6530 
18111 13649 18769 6533 
18113 13656 18774 6534 
18119 13659 18776 6534 
18124 13669 18785 6538 
18129 13672 18792 6540 
18139 13674 18800 6542 
18142 13678 18808 6544 
18149 13684 18820 6546 
18153 13694 18823 6547 
18160 13695 18829 6551 
18167 13697 18833 6552 
18178 13705 18837 6555 
18186 13709 18845 6557 
18196 13714 18852 6561 
18201 13724 18862 6563 
18204 13728 18870 6563 
18210 13732 18873 6564 
18225 13736 18877 6565 
18237 13741 18885 6568 
18245 13744 18893 6569 
18251 13750 18899 6572 
18256 13761 18906 6572 
18261 13765 18913 6577 
18266 13772 18918 6579 
18269 13775 18923 6579 
18271 13781 18926 6580 
18275 13785 18930 6581 
18282 13789 18935 6584 
18288 13793 18941 6585 
18291 13795 18942 6589 
18296 13799 18955 6593 
18299 13803 18958 6596 
18302 13808 18966 6599 
18308 13811 18970 6602 
18315 13816 18976 6602 
18320 13820 18982 6608 
18324 13823 18986 6610 
18327 13829 18995 6612 
18333 13840 19001 6614 
18339 13845 19005 6615 
18345 13854 19010 6615 
18349 13859 19014 6620 
18354 13862 19016 6625 
18359 13867 19020 6626 
18363 13873 19028 6628 
18368 13882 19032 6630 
18370 13884 19035 6632 
18374 13891 19043 6633 
18376 13900 19050 6635 
18383 13903 19058 6639 
18387 13910 19064 6641 
18390 13911 19076 6642 
18393 13913 19078 6645 
18400 13916 19086 6646 
18407 13920 19093 6648 
18411 13923 19100 6650 
18422 13927 19109 6651 
18435 13932 19115 6652 
18439 13935 19125 6654 
18447 13939 19133 6655 
18452 13945 19140 6657 
18461 13948 19144 6661 
18469 13956 19153 6663 
18473 13963 19160 6666 
18478 13969 19165 6666 
18482 13973 19170 6668 
18485 13977 19176 6670 
18491 13983 19178 6671 
18498 13990 19185 6671 
18502 13998 19189 6673 
18509 14002 19194 6676 
18512 14007 19203 6682 
18517 14011 19212 6684 
18521 14017 19222 6689 
18531 14022 19228 6692 
18539 14026 19234 6694 
18543 14032 19235 6696 
18550 14039 19242 6697 
18560 14047 19246 6699 
18563 14052 19252 6700 
18566 14059 19256 6701 
18570 14063 19262 6702 
18578 14067 19268 6704 
18583 14072 19273 6708 
18590 14079 19278 6709 
18592 14086 19285 6709 
18599 14093 19291 6713 
18602 14095 19293 6716 
18609 14099 19295 6717 
18615 14103 19302 6719 
18619 14111 19311 6722 
18626 14113 19317 6723 
18627 14117 19319 6725 
18632 14120 19327 6726 
18636 14127 19332 6727 
18645 14129 19340 6730 
18648 14142 19350 6734 
18652 14143 19358 6741 
18662 14147 19365 6742 
18670 14152 19373 6743 
18679 14155 19381 6743 
18687 14162 19389 6744 
18691 14164 19394 6748 
18696 14169 19403 6750 
18705 14173 19408 6753 
18708 14181 19414 6754 
18717 14185 19422 6756 
18723 14191 19426 6757 
18731 14194 19430 6761 
18734 14202 19437 6765 
18745 14208 19443 6767 
18751 14211 19449 6768 
18760 14218 19454 6768 
18766 14223 19461 6769 
18772 14230 19469 6771 
18780 14236 19473 6776 
18787 14237 19483 6778 
18794 14240 19490 6778 
18797 14244 19496 6779 
18799 14249 19506 6780 
18803 14251 19512 6781 
18812 14260 19520 6782 
18819 14262 19525 6783 
18826 14269 19531 6783 
18831 14273 19538 6785 
18835 14274 19543 6786 
18843 14277 19547 6786 
18847 14283 19552 6792 
18853 14286 19557 6796 
18860 14290 19564 6797 
18864 14294 19569 6802 
18872 14299 19576 6804 
18881 14304 19583 6805 
18891 14311 19590 6806 
18900 14316 19592 6811 
18906 14322 19599 6812 
18913 14330 19603 6818 
18917 14335 19612 6820 
18921 14337 19616 6821 
18926 14338 19621 6824 
18931 14339 19629 6825 
18936 14344 19633 6831 
18946 14349 19641 6832 
18948 14352 19646 6833 
18950 14358 19649 6837 
18955 14362 19658 6839 
18964 14365 19665 6841 
18977 14375 19671 6846 
18980 14380 19678 6848 
18985 14384 19685 6850 
18990 14386 19689 6852 
18999 14392 19698 6852 
19003 14397 19702 6854 
19010 14400 19708 6857 
19020 14406 19712 6861 
19021 14408 19719 6861 
19027 14414 19726 6862 
19032 14417 19729 6867 
19037 14422 19736 6867 
19044 14430 19738 6870 
19050 14437 19745 6872 
19055 14444 19757 6876 
19058 14450 19762 6878 
19067 14454 19768 6879 
19075 14461 19781 6879 
19083 14468 19787 6881 
19090 14475 19793 6883 
19092 14476 19798 6886 
19097 14484 19803 6886 
19104 14489 19810 6887 
19110 14491 19815 6888 
19114 14494 19819 6892 
19116 14499 19825 6895 
19123 14503 19834 6895 
19129 14507 19843 6897 
19134 14512 19845 6899 
19141 14517 19852 6902 
19149 14524 19856 6903 
19156 14524 19860 6905 
19163 14526 19867 6908 
19168 14531 19869 6909 
19173 14537 19875 6911 
19178 14545 19880 6913 
19183 14554 19883 6918 
19185 14557 19890 6923 
19191 14561 19901 6924 
19196 14567 19903 6929 
19200 14572 19912 6930 
19203 14577 19919 6931 
19210 14582 19922 6935 
19216 14587 19928 6936 
19221 14593 19937 6936 
19228 14600 19943 6938 
19235 14602 19947 6943 
19242 14603 19952 6946 
19253 14609 19960 6948 
19263 14617 19964 6949 
19275 14621 19970 6953 
19282 14625 19973 6955 
19287 14628 19978 6960 
19291 14633 19985 6961 
19300 14639 19993 6963 
19304 14645 19999 6967 
19312 14651 20005 6969 
19315 14655 20011 6970 
19319 14659 20014 6977 
19325 14667 20022 6981 
19327 14671 20028 6984 
19331 14678 20035 6985 
19338 14683 20043 6986 
19345 14690 20052 6989 
19351 14694 20059 6992 
19357 14700 20070 6996 
19366 14708 20079 7000 
19376 14713 20091 7002 
19381 14715 20097 7002 
19383 14724 20101 7002 
19390 14728 20106 7005 
19395 14735 20118 7007 
19400 14738 20123 7009 
19405 14741 20133 7011 
19416 14747 20140 7011 
19426 14755 20145 7014 
19434 14757 20149 7015 
19439 14762 20156 7018 
19441 14766 20165 7021 
19446 14773 20169 7024 
19453 14774 20171 7025 
19462 14780 20177 7026 
19466 14786 20183 7029 
19476 14791 20193 7031 
19482 14795 20197 7032 
19490 14803 20208 7033 
19495 14806 20216 7036 
19500 14811 20224 7038 
19506 14817 20225 7039 
19510 14824 20236 7044 
19514 14829 20251 7046 
19522 14833 20259 7048 
19527 14834 20263 7050 
19532 14842 20267 7052 
19539 14850 20273 7057 
19541 14856 20278 7058 
19546 14860 20282 7061 
19552 14864 20286 7066 
19558 14866 20290 7071 
19563 14869 20296 7074 
19572 14873 20303 7080 
19578 14879 20312 7080 
19584 14883 20317 7080 
19588 14888 20323 7082 
19597 14894 20326 7085 
19601 14897 20333 7088 
19605 14901 20342 7092 
19614 14908 20353 7093 
19618 14914 20359 7097 
19622 14917 20365 7099 
19626 14921 20374 7102 
19632 14925 20380 7106 
19641 14928 20384 7107 
19647 14929 20394 7107 
19653 14935 20399 7112 
19660 14940 20408 7115 
19666 14945 20412 7119 
19670 14950 20418 7122 
19672 14959 20426 7122 
19677 14965 20434 7122 
19682 14968 20441 7124 
19688 14976 20448 7128 
19698 14982 20452 7130 
19703 14988 20452 7135 
19707 14992 20459 7137 
19711 14994 20465 7137 
19714 14999 20472 7137 
19718 15004 20476 7140 
19727 15012 20486 7142 
19733 15018 20494 7144 
19735 15023 20503 7147 
19742 15028 20505 7147 
19748 15035 20511 7147 
19751 15042 20518 7150 
19757 15047 20523 7154 
19761 15054 20533 7156 
19767 15061 20543 7158 
19772 15066 20548 7160 
19779 15071 20553 7163 
19785 15075 20560 7166 
19790 15082 20567 7170 
19796 15088 20575 7173 
19802 15093 20581 7175 
19809 15096 20589 7175 
19813 15097 20597 7176 
19822 15101 20606 7177 
19827 15106 20615 7177 
19836 15110 20623 7180 
19847 15114 20633 7181 
19853 15123 20640 7182 
19865 15126 20645 7184 
19869 15131 20651 7186 
19874 15136 20661 7191 
19879 15143 20669 7193 
19889 15151 20678 7196 
19896 15156 20683 7198 
19903 15161 20689 7199 
19911 15165 20696 7200 
19913 15171 20699 7201 
19921 15173 20703 7204 
19928 15174 20711 7205 
19934 15178 20714 7206 
19948 15181 20724 7207 
19952 15188 20731 7209 
19956 15191 20734 7214 
19961 15196 20739 7217 
19966 15198 20742 7218 
19974 15203 20748 7221 
19984 15209 20754 7224 
19990 15214 20762 7230 
19997 15223 20769 7232 
20004 15225 20774 7234 
20008 15229 20782 7237 
20016 15232 20794 7238 
20022 15236 20810 7238 
20029 15239 20815 7239 
20036 15245 20822 7239 
20045 15254 20826 7242 
20051 15260 20830 7242 
20056 15265 20837 7243 
20058 15270 20846 7246 
20061 15275 20855 7249 
20067 15280 20865 7249 
20072 15286 20870 7250 
20075 15292 20876 7252 
20080 15300 20883 7254 
20084 15306 20892 7258 
20087 15308 20895 7260 
20091 15313 20898 7262 
20098 15315 20903 7262 
20102 15323 20905 7267 
20107 15326 20912 7269 
20111 15332 20919 7270 
20118 15334 20921 7271 
20126 15338 20925 7271 
20129 15343 20932 7273 
20136 15349 20935 7275 
20139 15352 20937 7277 
20145 15358 20944 7278 
20148 15362 20952 7279 
20155 15368 20958 7281 
20166 15371 20966 7284 
20168 15374 20974 7285 
20173 15374 20981 7288 
20179 15378 20987 7292 
20188 15382 20994 7292 
20191 15389 21000 7296 
20196 15394 21004 7299 
20203 15396 21013 7300 
20207 15399 21019 7302 
20215 15403 21029 7303 
20217 15410 21033 7306 
20222 15422 21043 7308 
20226 15429 21051 7309 
20235 15432 21055 7309 
20238 15438 21058 7309 
20244 15442 21065 7312 
20251 15444 21068 7312 
20255 15444 21073 7312 
20259 15452 21078 7312 
20263 15463 21083 7316 
20269 15472 21092 7318 
20275 15476 21100 7322 
20281 15483 21104 7324 
20288 15491 21110 7324 
20297 15497 21115 7324 
20304 15498 21123 7327 
20315 15501 21131 7330 
20315 15508 21138 7330 
20316 15512 21144 7331 
20318 15517 21148 7332 
20323 15521 21157 7336 
20329 15526 21164 7338 
20334 15530 21171 7340 
20339 15533 21181 7344 
20347 15538 21189 7347 
20355 15542 21193 7348 
20361 15548 21199 7350 
20368 15553 21206 7352 
20373 15558 21218 7353 
20378 15560 21222 7357 
20385 15562 21230 7359 
20393 15566 21233 7363 
20398 15570 21240 7367 
20404 15577 21246 7367 
20409 15585 21258 7373 
20414 15589 21265 7374 
20418 15596 21272 7379 
20428 15600 21278 7383 
20434 15601 21282 7387 
20442 15604 21287 7387 
20447 15607 21292 7388 
20453 15611 21298 7389 
20459 15616 21308 7390 
20466 15620 21311 7392 
20469 15625 21317 7395 
20475 15632 21324 7399 
20481 15634 21330 7403 
20488 15638 21336 7405 
20496 15642 21340 7407 
20498 15649 21343 7407 
20505 15654 21350 7409 
20510 15662 21352 7410 
20514 15667 21361 7413 
20519 15670 21362 7415 
20522 15677 21369 7417 
20529 15682 21376 7418 
20539 15689 21384 7423 
20542 15693 21389 7425 
20545 15702 21396 7427 
20554 15706 21403 7430 
20565 15711 21411 7432 
20573 15718 21418 7436 
20580 15721 21425 7440 
20589 15729 21426 7444 
20593 15733 21433 7444 
20598 15736 21446 7450 
20602 15740 21456 7453 
20606 15743 21464 7456 
20610 15746 21468 7459 
20618 15753 21474 7460 
20628 15759 21479 7462 
20636 15763 21490 7465 
20643 15765 21500 7469 
20647 15772 21503 7471 
20659 15778 21508 7475 
20662 15781 21518 7477 
20670 15785 21525 7478 
20680 15792 21531 7480 
20685 15797 21538 7481 
20692 15803 21543 7484 
20702 15805 21548 7485 
20712 15810 21551 7488 
20716 15812 21556 7488 
20719 15816 21565 7489 
20726 15818 21572 7495 
20732 15824 21580 7497 
20741 15828 21593 7498 
20745 15834 21598 7501 
20754 15842 21606 7504 
20761 15845 21615 7504 
20771 15850 21622 7505 
20777 15855 21630 7507 
20783 15859 21640 7509 
20789 15860 21648 7512 
20795 15864 21653 7516 
20801 15869 21661 7520 
20808 15875 21666 7521 
20814 15884 21670 7521 
20817 15888 21679 7524 
20819 15891 21687 7528 
20821 15895 21694 7530 
20826 15902 21697 7532 
20835 15907 21704 7532 
20841 15916 21711 7533 
20850 15919 21719 7539 
20860 15927 21724 7543 
20866 15931 21734 7545 
20876 15936 21742 7549 
20884 15943 21745 7552 
20891 15949 21753 7555 
20899 15952 21762 7556 
20905 15957 21767 7557 
20912 15963 21773 7558 
20923 15967 21775 7563 
20929 15974 21781 7566 
20938 15978 21786 7574 
20943 15983 21791 7577 
20949 15990 21803 7578 
20955 15995 21804 7580 
20960 16000 21810 7581 
20966 16005 21818 7587 
20970 16011 21827 7588 
20977 16016 21832 7592 
20984 16016 21844 7594 
20989 16022 21851 7595 
20996 16029 21856 7597 
21001 16031 21861 7597 
21007 16035 21864 7598 
21011 16043 21871 7598 
21018 16047 21882 7601 
21024 16050 21885 7603 
21029 16055 21888 7605 
21040 16060 21894 7605 
21045 16064 21906 7609 
21050 16070 21912 7610 
21053 16076 21918 7614 
21056 16083 21928 7615 
21062 16086 21934 7617 
21068 16090 21943 7619 
21073 16096 21953 7620 
21080 16097 21956 7621 
21086 16102 21960 7621 
21092 16108 21967 7622 
21098 16110 21970 7623 
21105 16115 21980 7624 
21108 16121 21987 7625 
21117 16124 21993 7626 
21122 16130 21997 7631 
21126 16132 22004 7633 
21137 16137 22012 7633 
21147 16143 22022 7633 
21154 16145 22026 7635 
21164 16150 22031 7639 
21171 16155 22036 7642 
21174 16160 22049 7646 
21177 16170 22059 7647 
21180 16174 22062 7650 
21185 16177 22067 7655 
21188 16178 22068 7656 
21199 16184 22075 7659 
21209 16188 22087 7664 
21215 16196 22090 7665 
21217 16204 22094 7668 
21225 16209 22106 7670 
21229 16214 22111 7674 
21229 16222 22120 7675 
21233 16225 22125 7677 
21238 16230 22132 7682 
21246 16237 22137 7684 
21250 16245 22147 7689 
21259 16248 22151 7693 
21264 16251 22157 7695 
21273 16259 22161 7698 
21285 16261 22171 7700 
21289 16267 22178 7701 
21298 16270 22182 7705 
21304 16273 22188 7705 
21311 16277 22193 7706 
21316 16286 22201 7708 
21318 16287 22205 7713 
21324 16292 22213 7714 
21328 16300 22221 7717 
21329 16307 22230 7720 
21338 16312 22234 7722 
21339 16318 22244 7725 
21343 16323 22250 7727 
21348 16328 22259 7731 
21352 16331 22264 7731 
21359 16337 22271 7735 
21367 16339 22279 7738 
21371 16342 22287 7739 
21376 16348 22294 7742 
21380 16353 22296 7745 
21382 16357 22304 7746 
21386 16361 22307 7751 
21388 16371 22311 7752 
21392 16375 22319 7755 
21396 16379 22324 7757 
21403 16383 22334 7761 
21414 16386 22343 7763 
21419 16392 22346 7764 
21425 16396 22349 7767 
21431 16400 22354 7772 
21433 16403 22362 7774 
21439 16408 22373 7776 
21444 16415 22378 7777 
21453 16418 22381 7782 
21460 16428 22387 7785 
21466 16433 22397 7787 
21473 16440 22400 7791 
21479 16444 22402 7793 
21482 16446 22411 7794 
21487 16452 22420 7796 
21498 16454 22425 7804 
21504 16456 22435 7808 
21505 16461 22441 7810 
21513 16465 22446 7812 
21520 16470 22454 7814 
21528 16477 22461 7814 
21534 16479 22468 7818 
21539 16483 22474 7825 
21545 16488 22477 7826 
21551 16491 22481 7831 
21557 16496 22487 7835 
21564 16500 22491 7836 
21571 16507 22500 7841 
21574 16512 22504 7841 
21579 16517 22509 7843 
21584 16522 22515 7847 
21591 16532 22520 7847 
21598 16538 22524 7850 
21606 16544 22534 7853 
21612 16546 22539 7857 
21618 16549 22546 7862 
21628 16552 22550 7863 
21631 16553 22560 7866 
21636 16554 22565 7866 
21643 16557 22571 7869 
21646 16560 22576 7869 
21651 16566 22587 7872 
21656 16568 22594 7874 
21659 16572 22603 7876 
21663 16576 22609 7879 
21667 16580 22616 7881 
21677 16587 22622 7882 
21685 16591 22630 7883 
21693 16596 22643 7884 
21701 16600 22646 7889 
21707 16605 22649 7893 
21714 16610 22654 7896 
21726 16613 22661 7898 
21727 16614 22667 7900 
21728 16616 22676 7907 
21731 16624 22681 7911 
21737 16630 22689 7916 
21743 16634 22699 7921 
21749 16637 22708 7923 
21751 16646 22711 7923 
21761 16652 22715 7927 
21767 16657 22723 7930 
21772 16662 22733 7934 
21776 16666 22737 7937 
21781 16671 22743 7938 
21787 16676 22755 7938 
21790 16683 22764 7938 
21796 16687 22776 7939 
21800 16693 22785 7941 
21807 16696 22796 7942 
21813 16701 22802 7944 
21818 16705 22804 7950 
21825 16710 22811 7953 
21830 16716 22816 7956 
21838 16725 22821 7960 
21843 16728 22831 7965 
21850 16731 22835 7970 
21854 16738 22839 7972 
21858 16741 22848 7974 
21865 16747 22852 7977 
21872 16754 22859 7980 
21887 16758 22866 7987 
21896 16759 22877 7991 
21898 16765 22885 7994 
21901 16770 22891 7997 
21902 16778 22900 8001 
21908 16784 22908 8004 
21913 16788 22917 8005 
21918 16793 22926 8010 
21921 16797 22933 8014 
21925 16803 22938 8014 
21932 16805 22944 8015 
21938 16809 22956 8019 
21945 16813 22960 8020 
21957 16815 22966 8022 
21959 16822 22971 8023 
21962 16827 22981 8025 
21978 16833 22982 8027 
21988 16842 22992 8028 
21992 16847 23002 8031 
22000 16850 23009 8031 
22011 16856 23021 8033 
22015 16860 23033 8035 
22024 16863 23038 8037 
22027 16868 23044 8039 
22034 16873 23051 8042 
22043 16880 23061 8044 
22053 16883 23072 8046 
22058 16889 23076 8047 
22063 16892 23082 8047 
22066 16895 23090 8049 
22071 16901 23094 8053 
22076 16907 23098 8055 
22081 16907 23104 8057 
22082 16910 23113 8059 
22089 16915 23115 8061 
22097 16920 23121 8062 
22104 16927 23131 8065 
22109 16931 23138 8068 
22123 16937 23147 8073 
22129 16947 23150 8076 
22133 16954 23159 8078 
22139 16956 23166 8079 
22143 16960 23171 8082 
22150 16963 23174 8084 
22154 16967 23178 8084 
22161 16975 23186 8086 
22167 16979 23195 8089 
22175 16982 23196 8093 
22180 16987 23203 8095 
22186 16991 23211 8097 
22193 16999 23220 8097 
22197 17006 23229 8099 
22199 17009 23240 8100 
22202 17012 23246 8101 
22210 17017 23256 8106 
22217 17022 23261 8109 
22228 17027 23269 8110 
22231 17032 23278 8112 
22239 17038 23281 8116 
22244 17043 23291 8119 
22250 17046 23296 8125 
22259 17052 23303 8127 
22263 17056 23310 8131 
22269 17060 23315 8134 
22275 17066 23320 8135 
22282 17071 23325 8137 
22288 17073 23329 8140 
22295 17077 23337 8143 
22301 17079 23346 8145 
22307 17081 23347 8148 
22312 17086 23352 8150 
22319 17088 23358 8151 
22324 17092 23365 8156 
22330 17095 23374 8160 
22334 17103 23377 8160 
22337 17104 23382 8160 
22348 17108 23392 8161 
22356 17110 23400 8162 
22367 17116 23404 8164 
22373 17118 23416 8168 
22375 17123 23421 8174 
22383 17130 23426 8175 
22389 17134 23437 8176 
22393 17138 23446 8176 
22400 17142 23453 8180 
22405 17144 23454 8183 
22412 17146 23464 8186 
22418 17150 23472 8189 
