0 0 0 0 
4 4 5 0 
9 10 9 2 
15 13 14 2 
20 15 17 4 
24 21 24 5 
29 23 30 5 
40 24 36 5 
45 26 38 6 
46 28 39 9 
58 33 43 13 
64 37 43 13 
68 39 46 17 
69 43 54 23 
75 46 55 27 
79 49 57 29 
87 49 61 32 
93 51 66 32 
97 55 68 33 
103 59 70 34 
109 62 73 36 
115 69 76 39 
119 71 84 39 
122 75 92 42 
131 82 95 43 
138 86 98 44 
143 88 102 44 
151 92 106 47 
154 98 117 49 
164 100 121 52 
170 102 129 52 
173 108 135 56 
179 109 138 58 
184 111 146 64 
187 114 147 69 
191 116 151 69 
194 117 153 69 
198 119 156 73 
199 124 163 73 
206 130 169 79 
211 133 176 82 
219 137 181 83 
230 138 183 85 
238 139 186 87 
243 141 192 88 
246 144 199 92 
254 148 202 92 
264 152 206 93 
271 156 207 96 
275 160 212 98 
280 163 218 101 
285 167 226 103 
290 170 231 104 
294 175 236 108 
298 176 240 110 
303 177 247 110 
307 181 251 111 
310 184 258 111 
321 188 263 112 
330 190 269 115 
336 193 272 118 
341 194 278 119 
345 198 285 119 
346 200 294 123 
349 204 297 124 
353 207 302 127 
358 212 307 131 
359 216 318 133 
365 218 325 134 
370 221 333 137 
374 227 335 138 
377 231 335 139 
382 233 339 140 
389 241 343 141 
393 246 350 142 
395 248 356 143 
400 251 363 143 
407 252 369 145 
413 256 372 149 
417 260 377 151 
425 266 382 152 
429 269 387 155 
433 272 392 155 
442 275 397 156 
446 277 403 157 
456 279 408 159 
461 285 415 159 
469 286 418 161 
476 288 422 162 
482 292 427 164 
485 296 439 164 
490 300 441 166 
498 303 447 166 
502 307 452 167 
504 314 457 169 
508 318 464 171 
511 319 470 172 
518 323 475 175 
523 325 479 177 
530 328 481 178 
535 329 486 181 
545 331 489 184 
551 334 496 186 
556 335 502 190 
564 337 504 193 
567 340 508 195 
572 342 514 197 
574 347 524 197 
578 353 528 200 
584 361 535 200 
594 367 545 201 
598 369 548 205 
606 373 557 207 
613 374 563 210 
622 376 570 213 
629 381 574 216 
637 388 576 218 
640 393 581 220 
646 399 589 220 
650 403 599 222 
655 405 606 224 
660 406 608 226 
666 408 615 227 
670 410 619 228 
675 413 621 228 
680 418 627 231 
685 423 629 233 
689 428 632 235 
696 432 637 236 
701 436 645 237 
706 441 650 241 
710 442 656 242 
715 444 661 246 
719 447 669 249 
727 450 675 251 
730 452 682 252 
735 453 687 256 
739 453 690 259 
745 455 696 263 
752 458 699 265 
755 460 704 268 
762 462 707 270 
765 464 709 270 
767 470 718 273 
771 472 723 273 
778 474 732 274 
783 476 734 277 
793 479 737 278 
804 487 741 281 
809 491 746 284 
818 492 749 289 
824 494 758 290 
832 500 764 293 
841 504 767 295 
847 509 774 296 
853 512 777 297 
858 517 782 297 
860 525 787 298 
862 526 789 299 
871 529 794 302 
877 537 799 303 
882 541 804 306 
888 549 810 310 
892 554 812 312 
897 558 816 315 
903 563 819 317 
905 567 823 318 
909 569 829 321 
916 572 833 322 
926 577 839 323 
929 577 844 325 
933 580 846 326 
937 584 854 327 
944 587 856 329 
948 595 863 329 
954 597 869 332 
960 601 874 333 
964 604 876 335 
970 608 881 338 
977 611 887 339 
982 615 893 342 
989 619 899 342 
991 622 901 342 
996 626 908 344 
1000 630 913 346 
1010 633 922 347 
1015 636 924 348 
1022 640 926 351 
1027 641 930 353 
1032 647 937 356 
1039 651 941 358 
1046 653 949 362 
1052 658 951 363 
1054 660 955 365 
1058 666 960 368 
1067 669 964 369 
1071 672 969 370 
1076 678 972 372 
1085 681 973 373 
1090 684 978 376 
1097 685 982 377 
1100 692 988 380 
1106 696 994 381 
1108 701 1001 384 
1108 704 1005 388 
1113 706 1012 390 
1119 710 1019 390 
1123 715 1027 393 
1126 716 1034 394 
1130 721 1039 396 
1131 724 1043 397 
1132 726 1047 399 
1134 732 1050 400 
1141 736 1057 403 
1145 738 1066 405 
1149 741 1071 406 
1156 744 1074 410 
1161 747 1081 412 
1172 752 1089 414 
1173 753 1094 415 
1176 761 1102 415 
1183 764 1108 416 
1190 765 1112 416 
1196 771 1117 420 
1202 773 1126 421 
1207 776 1131 422 
1214 781 1138 425 
1217 783 1143 430 
1222 787 1147 433 
1227 791 1151 434 
1230 795 1158 436 
1237 798 1165 436 
1240 802 1168 437 
1244 809 1171 438 
1249 812 1172 439 
1256 818 1175 440 
1259 820 1178 442 
1267 824 1184 444 
1271 826 1187 444 
1277 834 1192 447 
1282 835 1197 448 
1285 838 1202 449 
1290 844 1208 453 
1298 847 1213 458 
1301 851 1215 460 
1306 855 1218 464 
1317 859 1223 469 
1322 863 1226 470 
1325 868 1238 472 
1331 868 1241 473 
1338 874 1248 475 
1339 879 1254 477 
1348 882 1258 480 
1355 887 1264 480 
1363 895 1265 481 
1366 901 1267 483 
1369 902 1276 484 
1377 905 1280 486 
1378 911 1287 488 
1383 911 1291 489 
1389 915 1298 490 
1396 917 1302 491 
1403 920 1306 491 
1412 924 1314 494 
1420 930 1314 496 
1424 933 1319 500 
1430 939 1326 502 
1433 944 1330 506 
1443 948 1341 506 
1449 951 1346 507 
1450 959 1357 509 
1455 963 1361 511 
1462 967 1364 512 
1472 972 1367 513 
1477 975 1372 515 
1480 981 1377 519 
1483 988 1384 521 
1488 992 1390 522 
1493 995 1395 522 
1502 996 1402 523 
1505 1002 1407 524 
1509 1009 1412 524 
1512 1010 1415 525 
1519 1015 1423 526 
1524 1021 1427 529 
1528 1024 1435 531 
1532 1029 1445 533 
1534 1032 1449 537 
1541 1036 1455 538 
1545 1042 1460 539 
1549 1047 1468 540 
1552 1051 1470 541 
1557 1056 1474 543 
1564 1057 1477 545 
1567 1059 1479 547 
1573 1062 1482 547 
1577 1065 1487 548 
1580 1067 1494 551 
1588 1071 1499 553 
1593 1075 1510 553 
1599 1078 1512 554 
1601 1082 1520 559 
1606 1086 1523 561 
1609 1089 1528 563 
1609 1093 1531 564 
1616 1099 1536 566 
1619 1103 1538 567 
1623 1113 1543 569 
1628 1114 1548 569 
1632 1118 1550 571 
1634 1120 1553 573 
1643 1122 1558 573 
1651 1129 1561 576 
1656 1132 1566 577 
1661 1139 1568 581 
1664 1144 1576 581 
1672 1152 1580 582 
1675 1157 1588 584 
1681 1158 1594 586 
1686 1164 1597 590 
1692 1170 1601 592 
1696 1170 1604 594 
1699 1172 1609 595 
1704 1179 1613 601 
1707 1180 1619 604 
1715 1184 1623 604 
1718 1187 1631 605 
1722 1194 1638 606 
1725 1196 1641 606 
1734 1198 1646 607 
1736 1204 1647 610 
1739 1211 1651 614 
1742 1213 1656 621 
1748 1215 1661 623 
1755 1217 1666 627 
1758 1218 1677 631 
1761 1220 1684 631 
1766 1222 1690 639 
1770 1226 1697 639 
1777 1229 1702 640 
1783 1233 1710 641 
1789 1234 1716 643 
1792 1234 1723 645 
1796 1241 1729 648 
1804 1244 1734 651 
1809 1245 1742 652 
1813 1247 1749 652 
1821 1248 1756 655 
1828 1252 1757 658 
1829 1255 1765 660 
1834 1256 1766 661 
1839 1261 1772 662 
1847 1264 1778 663 
1850 1269 1784 665 
1851 1271 1785 667 
1855 1273 1788 669 
1863 1277 1792 671 
1867 1278 1797 674 
1873 1279 1804 678 
1876 1282 1811 679 
1880 1286 1812 681 
1884 1291 1817 681 
1890 1300 1820 683 
1895 1301 1828 684 
1904 1304 1839 689 
1906 1312 1844 689 
1911 1315 1850 690 
1917 1320 1853 691 
1923 1325 1857 694 
1933 1331 1865 695 
1938 1334 1872 699 
1942 1336 1880 700 
1947 1339 1887 704 
1954 1341 1895 705 
1962 1345 1901 707 
1964 1347 1905 708 
1969 1351 1910 709 
1979 1353 1912 710 
1983 1356 1916 710 
1994 1359 1917 712 
2002 1362 1920 714 
2006 1363 1929 718 
2010 1366 1934 722 
2019 1369 1938 723 
2023 1370 1942 725 
2026 1375 1953 727 
2031 1378 1960 730 
2038 1382 1966 733 
2042 1386 1969 733 
2045 1389 1976 733 
2050 1390 1980 734 
2055 1394 1984 737 
2060 1399 1988 739 
2066 1402 1993 740 
2071 1406 1999 740 
2075 1413 2004 742 
2079 1416 2011 746 
2087 1423 2015 747 
2094 1426 2017 748 
2103 1429 2024 751 
2104 1434 2030 754 
2113 1440 2034 754 
2116 1446 2039 757 
2120 1454 2046 759 
2125 1457 2053 761 
2133 1460 2058 763 
2139 1461 2065 764 
2145 1465 2070 764 
2147 1472 2074 766 
2150 1473 2078 770 
2155 1475 2083 772 
2161 1482 2091 776 
2169 1486 2093 779 
2175 1490 2097 781 
2178 1493 2104 781 
2184 1497 2108 785 
2188 1504 2112 789 
2191 1505 2116 791 
2196 1509 2119 793 
2198 1512 2124 793 
2202 1515 2127 794 
2210 1518 2129 796 
2218 1519 2132 799 
2225 1523 2139 800 
2230 1528 2144 802 
2236 1528 2150 804 
2244 1532 2154 806 
2248 1536 2162 806 
2250 1545 2164 809 
2255 1550 2169 809 
2260 1554 2179 810 
2265 1559 2182 811 
2269 1565 2188 815 
2276 1567 2190 817 
2277 1572 2193 820 
2282 1573 2199 823 
2286 1576 2203 826 
2294 1583 2206 830 
2302 1584 2214 830 
2309 1588 2220 832 
2311 1592 2230 834 
2314 1594 2236 835 
2319 1597 2242 838 
2327 1599 2245 842 
2332 1606 2250 843 
2344 1612 2256 845 
2351 1616 2260 846 
2356 1620 2264 848 
2363 1625 2273 851 
2367 1629 2277 852 
2373 1637 2283 853 
2385 1643 2289 857 
2394 1648 2295 860 
2401 1650 2302 862 
2409 1653 2316 865 
2414 1657 2321 867 
2418 1661 2325 867 
2426 1665 2330 873 
2432 1670 2338 873 
2441 1674 2340 878 
2449 1678 2346 881 
2455 1682 2353 883 
2461 1686 2360 886 
2467 1696 2365 888 
2472 1702 2375 890 
2476 1711 2381 890 
2480 1711 2385 891 
2484 1713 2392 892 
2495 1715 2396 893 
2499 1720 2403 893 
2500 1721 2407 895 
2504 1722 2411 896 
2508 1723 2421 900 
2511 1727 2424 903 
2515 1731 2428 904 
2518 1734 2434 906 
2522 1739 2436 910 
2529 1739 2441 912 
2534 1739 2445 912 
2538 1744 2450 914 
2543 1750 2453 916 
2553 1753 2459 917 
2561 1760 2466 920 
2566 1763 2470 920 
2571 1765 2478 923 
2576 1769 2484 924 
2585 1775 2488 925 
2592 1779 2491 929 
2598 1783 2499 931 
2598 1785 2503 931 
2605 1788 2509 932 
2620 1792 2520 934 
2623 1797 2525 939 
2626 1800 2531 940 
2632 1803 2536 942 
2642 1807 2542 943 
2647 1815 2545 943 
2657 1819 2552 944 
2661 1821 2554 944 
2670 1822 2557 948 
2673 1828 2562 951 
2679 1829 2564 952 
2684 1830 2567 955 
2690 1831 2573 957 
2690 1835 2578 958 
2703 1837 2588 961 
2711 1841 2596 964 
2718 1845 2600 965 
2723 1849 2610 967 
2731 1850 2620 969 
2735 1850 2627 970 
2740 1854 2631 971 
2745 1858 2638 972 
2753 1863 2646 972 
2759 1870 2650 974 
2762 1872 2659 976 
2768 1877 2668 976 
2772 1881 2674 977 
2779 1884 2683 977 
2787 1889 2690 978 
2789 1892 2694 980 
2795 1897 2699 983 
2796 1900 2703 986 
2805 1902 2709 988 
2813 1904 2712 991 
2817 1911 2717 992 
2823 1914 2724 994 
2827 1917 2731 995 
2832 1923 2739 999 
2837 1925 2742 1000 
2841 1931 2748 1003 
2846 1934 2751 1004 
2854 1940 2753 1007 
2862 1943 2757 1009 
2869 1948 2767 1011 
2877 1953 2768 1013 
2879 1957 2770 1015 
2885 1963 2782 1016 
2889 1968 2787 1018 
2893 1971 2792 1020 
2899 1977 2793 1021 
2903 1983 2800 1026 
2913 1984 2806 1027 
2920 1986 2813 1030 
2922 1990 2821 1031 
2929 1994 2827 1034 
2937 1996 2831 1036 
2943 1998 2836 1036 
2946 2001 2843 1039 
2953 2002 2844 1039 
2957 2005 2849 1039 
2961 2008 2857 1040 
2966 2012 2865 1040 
2973 2020 2868 1040 
2980 2020 2874 1043 
2985 2023 2879 1045 
2989 2026 2884 1048 
2999 2029 2888 1049 
3004 2030 2895 1050 
3011 2034 2900 1052 
3022 2037 2905 1055 
3027 2039 2912 1057 
3035 2047 2915 1060 
3039 2051 2921 1063 
3044 2055 2927 1065 
3053 2062 2931 1066 
3057 2069 2935 1067 
3061 2077 2940 1068 
3067 2080 2947 1070 
3072 2085 2955 1071 
3074 2091 2962 1071 
3078 2093 2965 1072 
3082 2101 2970 1074 
3085 2103 2972 1074 
3090 2106 2974 1074 
3097 2110 2979 1076 
3103 2115 2985 1078 
3111 2120 2989 1078 
3113 2121 2992 1078 
3118 2126 3003 1080 
3124 2131 3010 1080 
3130 2134 3011 1083 
3132 2140 3015 1085 
3134 2144 3020 1085 
3142 2145 3024 1088 
3148 2150 3030 1091 
3152 2153 3038 1092 
3158 2160 3044 1092 
3159 2167 3051 1096 
3170 2171 3060 1096 
3182 2175 3067 1096 
3187 2180 3071 1099 
3191 2185 3077 1100 
3196 2186 3081 1105 
3201 2192 3088 1105 
3204 2197 3089 1108 
3211 2202 3095 1109 
3218 2207 3101 1111 
3226 2211 3109 1113 
3232 2214 3112 1115 
3235 2216 3117 1116 
3242 2220 3123 1116 
3249 2221 3129 1117 
3256 2222 3132 1119 
3262 2226 3136 1124 
3267 2231 3138 1124 
3271 2235 3141 1128 
3274 2242 3145 1130 
3276 2244 3151 1130 
3280 2247 3161 1131 
3284 2250 3167 1131 
3287 2254 3169 1133 
3293 2257 3176 1135 
3304 2261 3182 1135 
3307 2262 3188 1139 
3312 2265 3194 1140 
3319 2267 3203 1145 
3328 2270 3207 1145 
3334 2272 3213 1146 
3341 2272 3220 1147 
3346 2273 3224 1149 
3350 2277 3232 1151 
3355 2281 3238 1155 
3361 2286 3241 1155 
3367 2293 3248 1158 
3375 2294 3255 1161 
3386 2297 3262 1167 
3391 2301 3263 1170 
3394 2306 3267 1175 
3399 2307 3273 1178 
3407 2310 3275 1181 
3412 2313 3281 1181 
3418 2319 3288 1184 
3425 2321 3295 1186 
3432 2324 3304 1186 
3437 2329 3310 1187 
3440 2335 3312 1189 
3446 2336 3318 1190 
3451 2344 3323 1191 
3458 2348 3334 1194 
3463 2353 3337 1197 
3473 2356 3345 1198 
3479 2357 3351 1200 
3483 2361 3357 1201 
3485 2367 3359 1201 
3492 2368 3368 1202 
3498 2372 3374 1203 
3501 2376 3382 1205 
3505 2377 3384 1206 
3510 2381 3397 1206 
3518 2382 3405 1209 
3523 2387 3407 1212 
3525 2390 3418 1215 
3531 2393 3420 1218 
3537 2397 3425 1220 
3541 2400 3427 1221 
3545 2403 3431 1223 
3550 2412 3435 1226 
3552 2416 3444 1227 
3556 2419 3449 1228 
3560 2422 3453 1228 
3570 2427 3459 1229 
3576 2432 3467 1229 
3581 2437 3470 1230 
3588 2441 3471 1231 
3596 2444 3477 1235 
3598 2447 3486 1236 
3605 2450 3495 1238 
3606 2455 3500 1240 
3614 2461 3504 1240 
3619 2465 3509 1248 
3628 2469 3514 1250 
3634 2471 3517 1251 
3639 2477 3522 1252 
3641 2478 3527 1254 
3641 2480 3532 1254 
3650 2482 3536 1256 
3655 2489 3541 1257 
3658 2496 3544 1259 
3661 2498 3546 1260 
3670 2501 3547 1262 
3674 2504 3557 1266 
3680 2506 3565 1268 
3684 2509 3571 1269 
3692 2515 3576 1270 
3697 2517 3579 1273 
3707 2518 3587 1274 
3713 2523 3594 1277 
3720 2527 3604 1279 
3727 2530 3611 1282 
3734 2534 3616 1283 
3736 2537 3623 1285 
3743 2541 3628 1287 
3744 2546 3631 1290 
3748 2548 3640 1296 
3753 2553 3647 1297 
3760 2555 3655 1298 
3764 2561 3659 1299 
3772 2563 3665 1305 
3776 2564 3671 1310 
3786 2569 3675 1311 
3792 2576 3680 1313 
3798 2581 3685 1316 
3805 2582 3688 1318 
3810 2584 3695 1318 
3815 2586 3700 1320 
3819 2592 3704 1323 
3824 2596 3711 1324 
3829 2598 3716 1324 
3838 2601 3725 1325 
3844 2605 3732 1327 
3846 2612 3736 1328 
3853 2614 3738 1329 
3856 2619 3743 1329 
3863 2625 3748 1329 
3865 2631 3757 1331 
3868 2637 3758 1331 
3873 2639 3762 1336 
3877 2642 3767 1336 
3883 2646 3775 1336 
3885 2648 3784 1338 
3889 2651 3791 1339 
3892 2654 3793 1340 
3899 2655 3798 1341 
3903 2659 3804 1341 
3905 2661 3815 1342 
3907 2664 3820 1347 
3914 2672 3822 1350 
3921 2676 3826 1354 
3923 2681 3832 1356 
3927 2685 3838 1359 
3930 2690 3843 1362 
3938 2692 3852 1362 
3940 2695 3857 1365 
3945 2701 3868 1369 
3958 2704 3875 1371 
3959 2707 3879 1372 
3968 2710 3885 1374 
3973 2711 3893 1375 
3974 2714 3899 1377 
3981 2719 3901 1381 
3985 2725 3905 1384 
3993 2731 3910 1387 
3996 2733 3915 1388 
4003 2744 3918 1391 
4006 2749 3927 1393 
4009 2754 3933 1395 
4015 2756 3937 1396 
4018 2757 3944 1396 
4021 2762 3946 1398 
4026 2770 3948 1401 
4030 2776 3955 1402 
4040 2780 3959 1402 
4048 2784 3964 1404 
4049 2787 3971 1406 
4053 2790 3974 1406 
4058 2795 3978 1407 
4062 2801 3981 1408 
4066 2806 3983 1409 
4069 2810 3987 1414 
4073 2814 3992 1415 
4084 2818 4004 1418 
4087 2820 4010 1418 
4089 2826 4016 1418 
4092 2828 4020 1418 
4095 2831 4026 1421 
4102 2834 4032 1425 
4107 2836 4039 1427 
4111 2840 4049 1429 
4113 2845 4056 1430 
4116 2848 4065 1434 
4118 2849 4067 1438 
4124 2851 4075 1439 
4132 2852 4078 1439 
4136 2858 4080 1439 
4146 2860 4086 1440 
4153 2864 4092 1441 
4155 2867 4096 1444 
4164 2871 4102 1445 
4172 2876 4111 1446 
4175 2879 4116 1448 
4182 2883 4118 1449 
4187 2888 4123 1452 
4192 2892 4130 1454 
4197 2899 4137 1459 
4203 2903 4141 1460 
4211 2906 4145 1462 
4214 2907 4152 1466 
4226 2911 4159 1468 
4236 2913 4161 1470 
4241 2918 4169 1472 
4246 2921 4177 1474 
4247 2925 4180 1475 
4252 2931 4188 1475 
4258 2931 4192 1477 
4261 2933 4199 1480 
4265 2938 4204 1487 
4271 2939 4209 1488 
4274 2944 4214 1491 
4280 2949 4217 1495 
4288 2952 4222 1496 
4297 2958 4229 1499 
4303 2961 4237 1503 
4310 2964 4243 1507 
4316 2965 4248 1507 
4328 2970 4255 1508 
4329 2973 4260 1511 
4331 2978 4264 1513 
4336 2983 4267 1516 
4342 2984 4274 1518 
4348 2989 4280 1522 
4352 2992 4287 1522 
4362 2996 4291 1523 
4368 3001 4294 1523 
4377 3002 4297 1525 
4382 3004 4302 1526 
4384 3005 4312 1527 
4392 3008 4318 1528 
4395 3015 4319 1532 
4399 3023 4324 1534 
4402 3032 4329 1534 
4412 3035 4335 1536 
4415 3038 4342 1536 
4418 3041 4345 1536 
4424 3043 4355 1537 
4425 3046 4358 1538 
4433 3049 4362 1541 
4439 3054 4364 1543 
4444 3056 4369 1544 
4449 3061 4375 1548 
4458 3066 4381 1549 
4463 3070 4385 1550 
4469 3072 4393 1552 
4475 3075 4403 1553 
4479 3084 4408 1554 
4487 3089 4411 1557 
4490 3093 4412 1558 
4495 3099 4419 1560 
4503 3104 4424 1561 
4510 3108 4431 1567 
4516 3112 4439 1568 
4526 3119 4443 1570 
4532 3124 4449 1573 
4534 3126 4455 1574 
4540 3132 4460 1577 
4544 3134 4468 1580 
4552 3140 4475 1580 
4559 3147 4480 1581 
4567 3148 4481 1582 
4575 3150 4486 1588 
4581 3157 4493 1590 
4586 3164 4495 1591 
4588 3168 4499 1592 
4591 3174 4502 1593 
4597 3179 4507 1597 
4604 3183 4513 1598 
4607 3189 4517 1601 
4612 3194 4523 1602 
4619 3201 4530 1602 
4624 3209 4541 1602 
4632 3214 4543 1604 
4640 3217 4552 1605 
4644 3221 4558 1608 
4649 3227 4563 1611 
4653 3230 4567 1613 
4659 3234 4578 1614 
4662 3237 4586 1615 
4664 3241 4593 1617 
4669 3241 4598 1618 
4672 3248 4600 1620 
4675 3251 4604 1623 
4682 3256 4608 1624 
4689 3256 4614 1625 
4700 3259 4620 1628 
4706 3261 4627 1629 
4708 3266 4633 1629 
4711 3269 4636 1631 
4717 3273 4640 1634 
4722 3277 4649 1635 
4727 3281 4653 1640 
4729 3282 4654 1642 
4731 3285 4659 1642 
4740 3289 4663 1644 
4744 3290 4668 1646 
4749 3294 4671 1648 
4756 3297 4676 1649 
4760 3299 4678 1653 
4764 3302 4682 1656 
4772 3305 4685 1661 
4777 3308 4689 1663 
4781 3311 4694 1665 
4789 3313 4704 1666 
4793 3318 4709 1668 
4800 3324 4713 1670 
4804 3331 4717 1672 
4809 3334 4725 1673 
4816 3340 4730 1675 
4820 3350 4738 1678 
4824 3352 4745 1679 
4830 3361 4749 1682 
4834 3369 4757 1684 
4840 3379 4767 1687 
4845 3386 4772 1690 
4852 3391 4779 1692 
4860 3393 4784 1693 
4863 3397 4787 1693 
4871 3399 4793 1695 
4874 3403 4797 1698 
4879 3404 4800 1699 
4891 3405 4803 1702 
4895 3409 4807 1703 
4904 3413 4815 1704 
4909 3417 4820 1705 
4916 3419 4828 1705 
4922 3424 4835 1707 
4931 3428 4837 1707 
4933 3431 4842 1707 
4939 3434 4848 1710 
4942 3440 4851 1711 
4946 3443 4859 1713 
4950 3447 4867 1717 
4956 3452 4874 1717 
4959 3456 4878 1722 
4962 3461 4884 1724 
4965 3464 4891 1727 
4971 3470 4895 1728 
4976 3474 4902 1728 
4982 3475 4911 1730 
4983 3481 4916 1731 
4985 3483 4924 1732 
4989 3488 4931 1736 
4995 3489 4938 1737 
5002 3492 4944 1739 
5006 3496 4948 1741 
5012 3499 4954 1744 
5016 3504 4963 1749 
5019 3510 4966 1750 
5026 3512 4974 1753 
5030 3515 4980 1756 
5034 3518 4985 1757 
5043 3520 4989 1758 
5048 3527 4995 1760 
5054 3528 5001 1761 
5056 3532 5003 1763 
5061 3535 5010 1767 
5066 3537 5012 1768 
5071 3541 5016 1773 
5074 3542 5021 1778 
5078 3545 5024 1779 
5083 3554 5026 1780 
5091 3557 5031 1781 
5105 3561 5036 1784 
5110 3564 5047 1784 
5116 3566 5048 1784 
5120 3569 5051 1785 
5125 3571 5054 1788 
5127 3573 5057 1790 
5133 3578 5062 1791 
5140 3579 5066 1793 
5142 3586 5069 1796 
5149 3593 5077 1802 
5155 3598 5080 1805 
5159 3604 5085 1807 
5165 3605 5087 1809 
5167 3607 5093 1809 
5174 3609 5101 1813 
5177 3614 5109 1815 
5181 3619 5112 1818 
5187 3622 5114 1819 
5190 3625 5118 1820 
5193 3630 5123 1823 
5195 3635 5130 1823 
5200 3637 5137 1825 
5204 3642 5141 1825 
5208 3647 5144 1826 
5216 3652 5151 1829 
5222 3657 5155 1830 
5230 3661 5160 1831 
5234 3664 5169 1832 
5245 3667 5174 1833 
5250 3674 5178 1835 
5251 3677 5185 1835 
5259 3680 5188 1837 
5262 3680 5189 1839 
5266 3688 5192 1839 
5275 3695 5197 1841 
5277 3703 5199 1841 
5285 3705 5205 1843 
5288 3715 5210 1844 
5293 3718 5219 1845 
5301 3722 5229 1847 
5307 3725 5232 1847 
5312 3728 5238 1851 
5321 3732 5251 1857 
5328 3739 5256 1858 
5332 3744 5261 1861 
5338 3746 5266 1863 
5342 3749 5269 1864 
5351 3752 5274 1865 
5359 3756 5277 1870 
5362 3761 5286 1872 
5369 3765 5292 1874 
5376 3770 5296 1876 
5381 3770 5300 1879 
5386 3777 5302 1882 
5391 3783 5317 1884 
5399 3790 5319 1886 
5402 3792 5324 1890 
5408 3793 5333 1893 
5414 3795 5339 1894 
5418 3802 5345 1899 
5422 3805 5348 1901 
5432 3807 5358 1904 
5438 3810 5366 1906 
5442 3819 5374 1908 
5447 3822 5381 1909 
5448 3823 5391 1909 
5454 3824 5398 1909 
5458 3830 5401 1913 
5464 3831 5407 1915 
5469 3833 5410 1918 
5473 3835 5418 1918 
5477 3838 5427 1919 
5484 3843 5433 1922 
5491 3849 5435 1923 
5495 3853 5442 1927 
5499 3859 5445 1928 
5504 3861 5455 1930 
5505 3868 5461 1932 
5512 3873 5462 1934 
5517 3879 5466 1936 
5524 3883 5472 1939 
5529 3887 5479 1940 
5533 3891 5486 1942 
5535 3897 5497 1942 
5540 3901 5508 1945 
5547 3904 5514 1947 
5556 3905 5519 1952 
5563 3908 5526 1953 
5568 3913 5531 1954 
5575 3916 5540 1955 
5581 3921 5553 1956 
5588 3926 5557 1958 
5596 3929 5563 1960 
5601 3933 5566 1965 
5607 3936 5573 1967 
5613 3940 5580 1971 
5619 3944 5587 1977 
5623 3951 5592 1981 
5632 3957 5598 1982 
5638 3959 5605 1983 
5641 3966 5610 1985 
5648 3970 5615 1989 
5657 3973 5620 1991 
5663 3975 5625 1993 
5666 3980 5629 1993 
5672 3984 5637 1997 
5678 3989 5640 2000 
5681 3991 5643 2003 
5684 3993 5646 2005 
5689 3995 5654 2008 
5692 4002 5661 2009 
5697 4002 5665 2010 
5701 4008 5668 2011 
5708 4009 5673 2013 
5719 4011 5677 2015 
5726 4016 5681 2015 
5732 4017 5685 2020 
5736 4021 5693 2021 
5743 4023 5699 2023 
5748 4027 5707 2025 
5754 4031 5709 2028 
5760 4032 5719 2029 
5763 4036 5726 2031 
5768 4040 5732 2036 
5775 4044 5736 2037 
5779 4048 5742 2038 
5782 4054 5749 2038 
5787 4058 5753 2039 
5793 4060 5763 2041 
5799 4066 5767 2041 
5804 4069 5771 2048 
5811 4076 5778 2051 
5815 4079 5785 2053 
5819 4084 5791 2054 
5824 4092 5799 2055 
5830 4096 5800 2058 
5837 4102 5808 2062 
5841 4108 5812 2064 
5850 4119 5818 2067 
5856 4125 5822 2072 
5861 4130 5825 2073 
5866 4134 5828 2075 
5867 4138 5839 2079 
5870 4145 5845 2079 
5878 4148 5855 2080 
5882 4149 5859 2085 
5888 4154 5865 2087 
5895 4160 5865 2087 
5899 4164 5869 2091 
5905 4173 5873 2091 
5912 4182 5877 2092 
5921 4188 5886 2094 
5923 4191 5893 2095 
5929 4197 5897 2096 
5940 4199 5898 2099 
5941 4203 5903 2102 
5951 4209 5910 2103 
5954 4214 5918 2104 
5964 4217 5928 2106 
5969 4221 5932 2111 
5974 4224 5934 2111 
5979 4226 5940 2113 
5982 4229 5946 2114 
5987 4234 5947 2115 
5991 4239 5955 2115 
5997 4241 5961 2116 
6004 4243 5966 2118 
6009 4246 5972 2119 
6012 4249 5981 2121 
6016 4251 5987 2123 
6026 4256 5990 2123 
6031 4259 5996 2126 
6036 4269 6000 2127 
6040 4270 6005 2130 
6043 4274 6011 2132 
6048 4276 6017 2134 
6052 4277 6021 2134 
6059 4278 6023 2135 
6062 4282 6029 2139 
6069 4287 6031 2141 
6077 4290 6037 2142 
6081 4295 6039 2144 
6084 4299 6048 2147 
6088 4302 6050 2149 
6098 4305 6052 2153 
6104 4306 6053 2154 
6110 4310 6062 2155 
6116 4319 6069 2155 
6119 4320 6076 2156 
6122 4324 6080 2157 
6128 4325 6087 2158 
6138 4328 6089 2159 
6146 4331 6096 2162 
6155 4336 6105 2163 
6161 4341 6111 2165 
6163 4346 6120 2167 
6167 4349 6131 2169 
6172 4352 6135 2172 
6179 4356 6138 2174 
6183 4363 6147 2176 
6186 4369 6149 2178 
6192 4375 6156 2179 
6196 4381 6161 2182 
6201 4387 6167 2186 
6208 4392 6174 2187 
6211 4398 6178 2188 
6214 4407 6187 2188 
6216 4411 6192 2191 
6221 4415 6199 2192 
6223 4422 6203 2192 
6227 4424 6210 2192 
6233 4428 6215 2193 
6237 4435 6223 2195 
6242 4438 6226 2196 
6249 4442 6228 2197 
6255 4446 6235 2197 
6257 4453 6239 2197 
6263 4454 6244 2199 
6270 4459 6253 2203 
6275 4462 6262 2204 
6277 4465 6266 2206 
6282 4468 6275 2210 
6294 4473 6278 2211 
6301 4475 6284 2212 
6306 4477 6289 2212 
6312 4489 6293 2216 
6317 4493 6304 2216 
6321 4499 6311 2217 
6325 4506 6324 2220 
6326 4512 6330 2223 
6332 4515 6333 2226 
6340 4520 6338 2229 
6341 4527 6344 2230 
6346 4531 6352 2230 
6355 4540 6360 2232 
6359 4541 6362 2233 
6365 4544 6365 2238 
6372 4548 6371 2240 
6379 4551 6374 2240 
6384 4554 6382 2241 
6391 4560 6386 2241 
6395 4564 6394 2243 
6404 4564 6400 2246 
6411 4569 6410 2247 
6417 4576 6415 2249 
6423 4578 6418 2250 
6430 4583 6420 2251 
6434 4587 6427 2252 
6435 4590 6430 2256 
6438 4598 6433 2260 
6444 4604 6439 2264 
6451 4611 6442 2266 
6455 4615 6450 2268 
6462 4619 6452 2268 
6469 4621 6456 2269 
6475 4625 6462 2270 
6482 4631 6467 2270 
6487 4634 6476 2273 
6494 4637 6484 2274 
6499 4646 6489 2275 
6505 4650 6494 2276 
6510 4653 6496 2278 
6518 4659 6508 2278 
6522 4661 6513 2281 
6528 4668 6517 2282 
6534 4673 6522 2284 
6537 4676 6525 2286 
6545 4680 6530 2287 
6553 4685 6536 2291 
6558 4690 6540 2292 
6561 4694 6544 2294 
6569 4696 6551 2294 
6572 4702 6560 2295 
6580 4705 6567 2297 
6586 4712 6577 2299 
6590 4714 6581 2300 
6591 4717 6586 2304 
6597 4718 6591 2305 
6603 4723 6599 2307 
6609 4726 6603 2309 
6615 4731 6605 2318 
6624 4741 6614 2319 
6629 4745 6620 2322 
6633 4750 6623 2327 
6635 4752 6632 2327 
6643 4758 6636 2328 
6648 4760 6640 2328 
6660 4761 6648 2330 
6665 4764 6655 2331 
6672 4766 6660 2333 
6677 4768 6663 2334 
6681 4776 6667 2337 
6684 4777 6673 2337 
6690 4780 6675 2339 
6694 4784 6679 2339 
6701 4788 6683 2341 
6710 4790 6686 2343 
6714 4794 6688 2348 
6716 4801 6692 2354 
6724 4804 6699 2354 
6730 4811 6707 2355 
6737 4813 6713 2355 
6743 4814 6716 2356 
6747 4820 6722 2357 
6751 4823 6723 2357 
6752 4825 6732 2357 
6756 4832 6737 2358 
6760 4836 6745 2358 
6771 4839 6751 2359 
6777 4841 6756 2362 
6780 4846 6761 2364 
6784 4851 6769 2366 
6790 4857 6777 2367 
6797 4864 6778 2368 
6804 4867 6781 2373 
6808 4872 6786 2378 
6814 4876 6789 2383 
6815 4878 6793 2383 
6819 4884 6799 2386 
6825 4887 6800 2391 
6833 4892 6806 2393 
6836 4898 6813 2395 
6844 4902 6821 2396 
6848 4906 6828 2396 
6856 4909 6834 2398 
6860 4911 6839 2399 
6865 4915 6848 2399 
6871 4918 6853 2400 
6879 4925 6858 2401 
6887 4927 6863 2402 
6890 4931 6868 2405 
6895 4935 6877 2406 
6898 4937 6883 2406 
6906 4941 6887 2408 
6911 4947 6889 2411 
6915 4950 6891 2415 
6921 4953 6902 2417 
6928 4955 6903 2418 
6931 4959 6905 2419 
6936 4963 6915 2422 
6939 4966 6916 2425 
6944 4968 6919 2427 
6948 4972 6926 2430 
6954 4979 6932 2433 
6958 4985 6938 2434 
6962 4986 6946 2437 
6968 4992 6952 2439 
6975 4994 6956 2442 
6985 5001 6960 2445 
6992 5008 6966 2446 
7000 5015 6974 2447 
7008 5020 6982 2450 
7015 5027 6992 2452 
7024 5033 6998 2453 
7031 5037 7003 2453 
7040 5041 7013 2453 
7043 5041 7019 2453 
7046 5047 7022 2453 
7051 5053 7025 2454 
7054 5055 7032 2461 
7059 5060 7036 2463 
7063 5065 7039 2463 
7070 5068 7043 2465 
7076 5077 7046 2465 
7079 5079 7048 2465 
7085 5081 7055 2469 
7091 5084 7058 2470 
7095 5086 7065 2471 
7101 5094 7070 2471 
7106 5096 7072 2471 
7110 5098 7076 2472 
7117 5104 7082 2476 
7120 5109 7087 2477 
7129 5113 7091 2479 
7138 5117 7095 2480 
7142 5122 7101 2481 
7148 5131 7104 2481 
7155 5135 7108 2484 
7161 5138 7110 2485 
7166 5144 7111 2487 
7173 5150 7114 2488 
7176 5153 7122 2489 
7178 5154 7128 2490 
7184 5156 7130 2495 
7187 5158 7133 2496 
7187 5166 7142 2496 
7193 5174 7145 2496 
7195 5178 7153 2496 
7201 5180 7156 2499 
7203 5180 7161 2500 
7209 5184 7172 2501 
7215 5187 7177 2503 
7218 5187 7183 2505 
7222 5191 7185 2506 
7226 5194 7191 2506 
7229 5195 7195 2511 
7235 5198 7198 2515 
7241 5204 7201 2516 
7248 5210 7203 2517 
7252 5215 7210 2517 
7263 5216 7215 2519 
7267 5224 7221 2520 
7274 5226 7224 2523 
7276 5231 7227 2524 
7284 5235 7228 2527 
7294 5242 7234 2530 
7301 5250 7238 2531 
7304 5255 7239 2533 
7312 5255 7244 2534 
7317 5258 7251 2535 
7321 5262 7255 2536 
7327 5264 7259 2536 
7334 5270 7267 2537 
7340 5275 7270 2541 
7349 5281 7278 2542 
7354 5287 7286 2544 
7362 5294 7291 2544 
7369 5301 7294 2546 
7372 5304 7302 2547 
7377 5306 7308 2549 
7383 5306 7312 2549 
7389 5308 7317 2551 
7393 5311 7321 2551 
7398 5317 7324 2553 
7402 5317 7332 2554 
7409 5321 7334 2557 
7412 5322 7340 2558 
7415 5329 7345 2561 
7419 5332 7348 2565 
7431 5336 7355 2566 
7437 5338 7361 2567 
7440 5342 7364 2567 
7443 5347 7368 2569 
7446 5350 7371 2571 
7450 5355 7377 2575 
7455 5358 7379 2575 
7463 5364 7382 2577 
7468 5367 7383 2578 
7473 5370 7387 2579 
7482 5375 7392 2581 
7487 5376 7397 2584 
7490 5385 7403 2584 
7499 5392 7409 2585 
7506 5396 7416 2588 
7508 5401 7420 2590 
7515 5404 7424 2594 
7519 5408 7426 2594 
7524 5415 7433 2596 
7529 5419 7438 2601 
7534 5429 7443 2603 
7542 5431 7449 2606 
7550 5435 7454 2607 
7555 5440 7462 2608 
7558 5445 7463 2610 
7565 5446 7466 2611 
7571 5448 7473 2612 
7575 5454 7478 2612 
7582 5460 7482 2614 
7588 5464 7485 2617 
7594 5466 7492 2618 
7599 5469 7498 2618 
7604 5474 7505 2622 
7609 5484 7513 2624 
7610 5487 7518 2625 
7614 5490 7524 2625 
7620 5493 7529 2626 
7623 5501 7534 2628 
7626 5504 7540 2631 
7634 5507 7545 2632 
7642 5512 7549 2634 
7647 5516 7551 2634 
7653 5523 7558 2636 
7662 5527 7566 2636 
7662 5533 7569 2639 
7669 5537 7577 2642 
7671 5541 7585 2649 
7672 5546 7590 2651 
7678 5548 7596 2655 
7680 5551 7604 2655 
7685 5555 7608 2657 
7694 5559 7615 2660 
7701 5561 7620 2662 
7710 5562 7626 2665 
7716 5571 7632 2667 
7720 5576 7640 2670 
7730 5582 7648 2672 
7735 5586 7653 2674 
7742 5590 7658 2675 
7749 5596 7663 2677 
7754 5599 7665 2678 
7764 5604 7672 2679 
7773 5612 7681 2684 
7775 5615 7689 2688 
7784 5622 7695 2691 
7790 5626 7699 2691 
7792 5629 7708 2694 
7799 5635 7714 2696 
7807 5638 7724 2698 
7813 5644 7726 2699 
7818 5648 7730 2699 
7820 5651 7737 2700 
7828 5655 7740 2701 
7836 5659 7748 2702 
7844 5664 7754 2704 
7851 5666 7757 2707 
7855 5669 7762 2707 
7864 5671 7771 2710 
7876 5674 7781 2712 
7883 5676 7783 2713 
7886 5678 7785 2715 
7890 5680 7788 2716 
7896 5689 7792 2717 
7901 5693 7794 2719 
7911 5700 7800 2721 
7914 5703 7807 2722 
7921 5713 7812 2724 
7928 5718 7817 2727 
7936 5720 7821 2727 
7941 5725 7829 2731 
7952 5730 7837 2733 
7956 5738 7847 2736 
7959 5743 7851 2738 
7964 5745 7855 2740 
7974 5745 7858 2743 
7979 5749 7862 2746 
7983 5753 7871 2748 
7989 5757 7877 2749 
7994 5761 7887 2750 
8000 5768 7892 2753 
8006 5772 7900 2754 
8008 5775 7906 2759 
8015 5780 7909 2762 
8021 5785 7916 2766 
8024 5787 7921 2768 
8033 5792 7924 2769 
8041 5799 7934 2771 
8045 5802 7937 2775 
8049 5810 7940 2778 
8057 5815 7944 2779 
8065 5821 7949 2780 
8072 5827 7958 2781 
8076 5831 7965 2781 
8084 5837 7967 2781 
8087 5844 7974 2783 
8090 5849 7981 2784 
8098 5852 7985 2784 
8103 5861 7991 2785 
8105 5863 7998 2788 
8110 5866 8003 2790 
8116 5870 8006 2791 
8123 5876 8010 2791 
8127 5880 8017 2793 
8133 5881 8019 2795 
8138 5885 8021 2796 
8144 5886 8024 2798 
8150 5890 8027 2801 
8153 5896 8034 2802 
8158 5898 8038 2803 
8164 5899 8040 2805 
8165 5905 8043 2807 
8176 5907 8049 2808 
8184 5908 8053 2812 
8189 5910 8057 2813 
8196 5914 8061 2814 
8202 5917 8070 2814 
8204 5921 8072 2815 
8210 5927 8080 2816 
8214 5934 8086 2818 
8217 5936 8087 2821 
8223 5940 8096 2824 
8229 5943 8104 2828 
8236 5946 8112 2832 
8240 5948 8115 2834 
8247 5955 8117 2837 
8249 5958 8120 2837 
8251 5962 8123 2837 
8257 5964 8131 2838 
8263 5967 8134 2839 
8263 5970 8138 2842 
8266 5972 8145 2842 
8275 5976 8153 2846 
8280 5981 8158 2847 
8286 5986 8167 2848 
8295 5992 8170 2849 
8301 5996 8178 2851 
8305 6001 8183 2853 
8308 6009 8188 2856 
8311 6014 8193 2857 
8316 6017 8194 2857 
8323 6020 8198 2858 
8332 6021 8202 2861 
8337 6023 8209 2862 
8342 6026 8215 2865 
8345 6033 8217 2866 
8347 6040 8221 2867 
8356 6045 8223 2867 
8359 6051 8225 2869 
8366 6055 8231 2870 
8372 6059 8236 2873 
8373 6062 8241 2874 
8379 6066 8244 2877 
8385 6068 8250 2879 
8388 6074 8253 2881 
8393 6077 8257 2885 
8400 6079 8268 2888 
8406 6083 8274 2889 
8413 6089 8281 2893 
8416 6094 8290 2894 
8425 6096 8294 2897 
8432 6101 8299 2899 
8437 6109 8311 2901 
8439 6116 8312 2903 
8442 6119 8320 2905 
8448 6122 8325 2906 
8458 6124 8335 2906 
8463 6132 8337 2909 
8470 6137 8342 2912 
8473 6138 8349 2912 
8476 6142 8354 2913 
8483 6148 8362 2915 
8487 6150 8370 2920 
8492 6155 8379 2923 
8496 6160 8383 2926 
8502 6165 8389 2929 
8510 6167 8394 2933 
8516 6168 8401 2935 
8521 6174 8406 2939 
8526 6177 8412 2941 
8530 6182 8415 2946 
8538 6187 8423 2946 
8546 6193 8432 2946 
8549 6201 8437 2949 
8554 6202 8441 2951 
8561 6204 8450 2953 
8569 6207 8455 2955 
8574 6211 8460 2956 
8579 6218 8473 2959 
8584 6222 8477 2963 
8590 6226 8489 2966 
8595 6233 8493 2969 
8598 6238 8496 2972 
8602 6242 8498 2978 
8603 6245 8503 2982 
8605 6252 8510 2985 
8609 6256 8516 2985 
8612 6262 8523 2991 
8619 6267 8532 2993 
8625 6273 8537 2997 
8630 6282 8541 2999 
8636 6286 8549 3000 
8639 6292 8555 3001 
8642 6295 8559 3005 
8647 6300 8565 3005 
8653 6306 8570 3007 
8657 6308 8578 3008 
8666 6313 8583 3008 
8674 6319 8585 3008 
8678 6325 8593 3009 
8685 6328 8598 3009 
8691 6331 8600 3012 
8695 6333 8608 3015 
8697 6334 8617 3016 
8701 6337 8623 3016 
8703 6342 8629 3020 
8712 6343 8635 3020 
8719 6347 8638 3022 
8724 6356 8645 3024 
8725 6363 8649 3024 
8729 6370 8650 3025 
8733 6375 8658 3028 
8738 6378 8660 3029 
8745 6382 8666 3031 
8750 6387 8672 3033 
8754 6394 8680 3034 
8764 6394 8685 3034 
8769 6395 8689 3038 
8778 6397 8699 3040 
8783 6400 8707 3042 
8787 6404 8713 3044 
8794 6407 8715 3048 
8801 6412 8724 3048 
8805 6417 8728 3049 
8813 6420 8736 3050 
8819 6423 8741 3052 
8826 6425 8745 3054 
8836 6426 8750 3059 
8843 6432 8757 3062 
8846 6437 8764 3064 
8849 6442 8767 3066 
8854 6451 8769 3068 
8860 6455 8772 3071 
8866 6461 8784 3073 
8870 6464 8789 3075 
8878 6470 8794 3076 
8883 6472 8802 3080 
8887 6477 8810 3083 
8892 6483 8818 3086 
8896 6489 8824 3086 
8904 6496 8828 3088 
8910 6504 8834 3088 
8916 6514 8840 3092 
8924 6518 8845 3095 
8928 6520 8847 3095 
8930 6525 8855 3098 
8933 6528 8859 3101 
8941 6534 8863 3101 
8949 6538 8867 3103 
8952 6542 8872 3103 
8956 6542 8876 3106 
8959 6545 8885 3109 
8965 6545 8897 3111 
8968 6550 8902 3111 
8971 6555 8911 3113 
8977 6561 8918 3114 
8984 6564 8924 3114 
8987 6571 8931 3114 
8993 6572 8938 3120 
8997 6575 8946 3121 
9003 6579 8954 3121 
9008 6587 8958 3122 
9013 6590 8966 3124 
9016 6598 8971 3125 
9019 6601 8977 3128 
9022 6604 8981 3130 
9028 6609 8992 3133 
9033 6611 9000 3134 
9036 6620 9004 3135 
9043 6623 9009 3135 
9046 6631 9012 3138 
9053 6636 9017 3141 
9059 6641 9024 3142 
9063 6648 9028 3144 
9066 6652 9031 3147 
9067 6654 9036 3148 
9069 6659 9037 3150 
9076 6663 9044 3151 
9084 6667 9052 3153 
9089 6669 9060 3154 
9093 6672 9063 3157 
9097 6674 9068 3157 
9104 6677 9073 3157 
9108 6683 9075 3160 
9117 6687 9084 3161 
9122 6687 9089 3164 
9124 6690 9092 3171 
9129 6695 9099 3173 
9137 6703 9103 3174 
9142 6709 9108 3176 
9146 6711 9113 3176 
9151 6713 9116 3180 
9159 6715 9119 3182 
9162 6720 9122 3184 
9163 6726 9126 3190 
9168 6726 9132 3190 
9172 6729 9139 3190 
9176 6734 9149 3190 
9180 6737 9155 3191 
9184 6739 9158 3193 
9187 6744 9163 3194 
9197 6747 9169 3197 
9207 6749 9174 3199 
9213 6750 9180 3202 
9218 6758 9186 3203 
9223 6759 9188 3206 
9226 6760 9194 3206 
9231 6762 9199 3209 
9236 6767 9206 3211 
9243 6770 9213 3212 
9252 6771 9222 3213 
9257 6778 9229 3216 
9262 6781 9234 3217 
9263 6788 9237 3219 
9266 6790 9242 3222 
9271 6794 9250 3223 
9274 6801 9256 3225 
9279 6805 9265 3228 
9282 6811 9271 3228 
9289 6818 9277 3230 
9292 6824 9281 3231 
9297 6829 9286 3232 
9303 6833 9296 3233 
9306 6838 9304 3237 
9315 6840 9309 3241 
9319 6849 9311 3249 
9324 6852 9319 3250 
9329 6856 9325 3256 
9338 6860 9331 3259 
9344 6864 9333 3262 
9345 6866 9340 3265 
9351 6870 9348 3267 
9354 6870 9356 3270 
9359 6872 9368 3271 
9361 6876 9369 3273 
9366 6883 9375 3276 
9370 6888 9378 3278 
9375 6892 9382 3279 
9384 6897 9386 3280 
9389 6900 9390 3282 
9396 6906 9397 3284 
9403 6911 9405 3287 
9410 6917 9412 3290 
9418 6921 9419 3293 
9427 6924 9428 3295 
9431 6929 9433 3296 
9439 6933 9439 3298 
9446 6939 9443 3299 
9448 6942 9449 3300 
9453 6943 9455 3301 
9456 6946 9457 3303 
9462 6952 9458 3305 
9470 6958 9465 3306 
9475 6965 9470 3306 
9479 6971 9485 3308 
9483 6972 9490 3310 
9489 6974 9494 3312 
9495 6982 9502 3313 
9499 6984 9508 3313 
9504 6988 9519 3313 
9507 6995 9525 3316 
9515 6999 9532 3319 
9518 7001 9535 3321 
9522 7009 9539 3321 
9529 7012 9543 3323 
9531 7016 9548 3326 
9537 7020 9556 3327 
9544 7025 9562 3328 
9549 7030 9569 3330 
9552 7034 9576 3334 
9556 7040 9578 3337 
9564 7047 9581 3339 
9567 7048 9587 3341 
9570 7051 9594 3343 
9573 7052 9597 3348 
9580 7056 9603 3349 
9587 7059 9612 3350 
9591 7062 9617 3352 
9595 7068 9621 3354 
9601 7069 9625 3354 
9609 7075 9630 3355 
9616 7076 9633 3356 
9620 7078 9635 3358 
9628 7080 9641 3361 
9635 7084 9649 3366 
9643 7086 9653 3371 
9652 7092 9661 3371 
9657 7096 9668 3373 
9661 7100 9671 3374 
9668 7103 9673 3376 
9674 7106 9678 3378 
9675 7111 9681 3381 
9680 7116 9686 3383 
9684 7119 9690 3384 
9688 7126 9696 3386 
9690 7129 9699 3387 
9694 7136 9707 3388 
9700 7136 9712 3390 
9705 7144 9719 3391 
9710 7147 9725 3398 
9719 7151 9732 3399 
9725 7157 9738 3399 
9728 7160 9742 3400 
9730 7165 9748 3403 
9735 7166 9752 3404 
9736 7167 9763 3405 
9742 7170 9769 3406 
9745 7175 9777 3408 
9750 7178 9780 3408 
9754 7180 9785 3410 
9761 7182 9788 3413 
9764 7184 9794 3414 
9770 7187 9800 3414 
9774 7193 9811 3417 
9779 7195 9813 3419 
9781 7199 9815 3421 
9788 7205 9820 3423 
9791 7209 9824 3423 
9799 7213 9827 3424 
9803 7215 9831 3430 
9809 7219 9838 3432 
9815 7227 9847 3433 
9818 7229 9853 3434 
9825 7229 9857 3437 
9832 7232 9863 3440 
9837 7235 9867 3441 
9843 7235 9870 3443 
9855 7237 9877 3444 
9860 7239 9881 3445 
9865 7244 9888 3449 
9870 7248 9893 3452 
9879 7252 9897 3454 
9888 7256 9907 3456 
9896 7261 9912 3460 
9901 7265 9916 3465 
9907 7269 9919 3469 
9916 7274 9925 3469 
9922 7279 9935 3471 
9925 7284 9941 3473 
9928 7288 9949 3476 
9933 7292 9957 3480 
9939 7297 9962 3482 
9943 7303 9967 3484 
9949 7305 9977 3487 
9954 7314 9983 3492 
9957 7318 9983 3495 
9959 7326 9984 3496 
9962 7336 9990 3501 
9969 7344 9996 3501 
9971 7348 10003 3502 
9981 7356 10013 3507 
9992 7359 10020 3509 
9998 7361 10028 3511 
10002 7365 10036 3513 
10005 7369 10041 3513 
10011 7374 10044 3515 
10015 7380 10050 3518 
10022 7384 10053 3523 
10031 7388 10060 3523 
10038 7391 10066 3524 
10043 7393 10071 3528 
10046 7400 10072 3529 
10051 7404 10079 3530 
10055 7411 10089 3538 
10059 7416 10098 3540 
10071 7423 10102 3542 
10082 7430 10108 3544 
10085 7432 10114 3546 
10092 7435 10121 3547 
10102 7441 10126 3551 
10103 7448 10132 3552 
10107 7450 10137 3554 
10112 7455 10150 3559 
10116 7461 10157 3559 
10121 7463 10160 3560 
10126 7466 10168 3563 
10134 7472 10175 3567 
10143 7474 10180 3572 
10147 7478 10188 3573 
10157 7482 10196 3575 
10163 7484 10203 3576 
10170 7489 10207 3577 
10175 7493 10211 3577 
10181 7502 10223 3580 
10186 7507 10230 3580 
10193 7516 10235 3582 
10196 7519 10241 3583 
10204 7523 10245 3584 
10209 7525 10249 3586 
10212 7526 10256 3588 
10215 7528 10263 3592 
10220 7534 10273 3594 
10226 7535 10279 3595 
10233 7542 10286 3596 
10239 7547 10290 3600 
10244 7548 10293 3603 
10248 7553 10302 3605 
10252 7557 10308 3606 
10256 7560 10315 3608 
10261 7561 10321 3610 
10264 7564 10325 3610 
10267 7568 10331 3613 
10274 7571 10337 3614 
10278 7576 10342 3616 
10279 7578 10350 3618 
10282 7580 10356 3621 
10293 7586 10361 3622 
10298 7593 10366 3624 
10303 7595 10370 3627 
10307 7600 10375 3630 
10314 7603 10379 3633 
10320 7605 10384 3634 
10326 7608 10390 3637 
10330 7613 10392 3639 
10336 7617 10403 3643 
10343 7622 10411 3645 
10351 7624 10420 3647 
10358 7627 10427 3648 
10365 7633 10435 3649 
10369 7635 10440 3649 
10374 7642 10448 3649 
10379 7643 10456 3651 
10387 7645 10461 3652 
10395 7650 10466 3657 
10401 7652 10475 3659 
10406 7655 10480 3660 
10409 7658 10486 3660 
10416 7664 10493 3663 
10420 7669 10499 3664 
10426 7677 10502 3666 
10428 7680 10512 3667 
10434 7684 10517 3671 
10441 7685 10521 3673 
10448 7688 10524 3676 
10454 7692 10529 3676 
10465 7700 10539 3676 
10470 7704 10543 3679 
10478 7710 10555 3680 
10482 7718 10559 3680 
10489 7722 10563 3682 
10493 7724 10565 3684 
10499 7727 10568 3687 
10502 7730 10573 3687 
10512 7732 10578 3689 
10514 7736 10589 3690 
10518 7741 10594 3691 
10522 7743 10602 3693 
10526 7745 10611 3694 
10532 7746 10617 3696 
10537 7752 10623 3699 
10540 7758 10632 3703 
10544 7763 10640 3705 
10550 7768 10648 3706 
10559 7773 10653 3706 
10564 7776 10657 3708 
10574 7782 10664 3709 
10579 7786 10669 3712 
10583 7795 10678 3713 
10590 7799 10683 3714 
10593 7802 10692 3716 
10605 7805 10700 3717 
10609 7808 10702 3719 
10613 7813 10710 3719 
10622 7818 10717 3720 
10629 7821 10722 3722 
10633 7825 10725 3723 
10638 7828 10730 3724 
10645 7838 10734 3724 
10651 7844 10739 3726 
10656 7849 10747 3729 
10659 7853 10750 3732 
10667 7854 10756 3735 
10672 7861 10760 3737 
10682 7864 10766 3738 
10685 7870 10769 3739 
10688 7873 10774 3740 
10693 7877 10781 3744 
10699 7880 10784 3745 
10706 7883 10789 3748 
10707 7885 10794 3754 
10708 7890 10797 3757 
10717 7893 10800 3760 
10726 7897 10804 3765 
10728 7903 10808 3767 
10737 7905 10811 3769 
10744 7912 10819 3773 
10751 7917 10824 3776 
10758 7921 10829 3780 
10764 7926 10835 3781 
10771 7931 10838 3784 
10776 7940 10843 3784 
10780 7941 10848 3785 
10786 7945 10854 3785 
10790 7950 10859 3789 
10798 7957 10865 3789 
10804 7960 10873 3789 
10811 7970 10882 3792 
10818 7973 10895 3793 
10820 7974 10901 3794 
10825 7978 10907 3795 
10829 7984 10912 3796 
10838 7987 10914 3799 
10840 7992 10924 3800 
10848 7999 10929 3804 
10854 8001 10936 3806 
10860 8007 10946 3809 
10867 8010 10950 3810 
10868 8014 10953 3811 
10872 8019 10958 3814 
10875 8027 10962 3816 
10881 8033 10968 3818 
10885 8038 10975 3820 
10889 8044 10982 3821 
10894 8050 10986 3823 
10900 8057 10993 3825 
10904 8061 11001 3827 
10914 8066 11007 3832 
10915 8069 11013 3834 
10923 8073 11021 3835 
10927 8075 11027 3836 
10931 8078 11031 3838 
10939 8082 11037 3840 
10946 8087 11044 3842 
10950 8092 11050 3842 
10961 8095 11056 3843 
10969 8099 11060 3847 
10974 8102 11065 3849 
10976 8105 11069 3852 
10983 8106 11076 3853 
10987 8108 11080 3855 
10993 8109 11088 3857 
11003 8114 11094 3857 
11013 8118 11100 3858 
11017 8120 11106 3863 
11019 8125 11109 3865 
11026 8133 11114 3865 
11034 8137 11118 3866 
11038 8142 11123 3869 
11042 8146 11132 3873 
11050 8150 11136 3875 
11058 8158 11146 3878 
11065 8160 11152 3879 
11074 8166 11159 3880 
11082 8168 11164 3882 
11088 8170 11166 3883 
11096 8173 11171 3885 
11104 8179 11177 3885 
11109 8181 11179 3886 
11118 8182 11187 3890 
11131 8189 11200 3891 
11135 8192 11202 3892 
11138 8194 11208 3893 
11140 8197 11211 3894 
11145 8202 11214 3894 
11148 8207 11220 3895 
11150 8211 11225 3895 
11154 8215 11229 3896 
11159 8222 11233 3898 
11162 8227 11240 3900 
11167 8232 11245 3903 
11179 8237 11252 3904 
11185 8241 11257 3904 
11191 8246 11261 3908 
11198 8251 11268 3909 
11202 8261 11273 3911 
11204 8267 11281 3915 
11215 8269 11287 3917 
11219 8279 11294 3921 
11221 8283 11305 3923 
11227 8288 11314 3925 
11233 8295 11319 3927 
11238 8298 11324 3928 
11245 8302 11328 3931 
11250 8304 11336 3933 
11254 8309 11340 3934 
11264 8314 11343 3936 
11269 8319 11349 3938 
11275 8325 11358 3939 
11280 8328 11364 3944 
11281 8334 11371 3947 
11285 8337 11377 3949 
11289 8341 11386 3951 
11294 8346 11392 3954 
11300 8351 11395 3956 
11306 8354 11405 3959 
11310 8361 11408 3959 
11314 8364 11412 3962 
11316 8370 11417 3963 
11319 8373 11420 3964 
11324 8378 11422 3965 
11329 8380 11427 3966 
11332 8387 11437 3971 
11335 8390 11442 3974 
11340 8398 11450 3976 
11345 8400 11457 3978 
11347 8402 11464 3979 
11353 8406 11468 3980 
11361 8409 11476 3981 
11367 8413 11481 3985 
11372 8417 11492 3985 
11383 8428 11493 3986 
11391 8437 11496 3988 
11396 8442 11503 3991 
11404 8445 11512 3992 
11404 8451 11518 3992 
11407 8455 11527 3993 
11413 8461 11530 3996 
11417 8470 11538 3997 
11419 8474 11541 4000 
11425 8475 11546 4002 
11432 8478 11550 4003 
11440 8486 11554 4004 
11444 8489 11559 4007 
11448 8499 11565 4008 
11455 8500 11579 4010 
11463 8506 11587 4010 
11467 8509 11591 4011 
11470 8510 11598 4013 
11479 8512 11601 4014 
11482 8516 11604 4017 
11487 8520 11613 4019 
11492 8529 11615 4022 
11492 8534 11624 4025 
11495 8538 11631 4026 
11504 8541 11633 4032 
11505 8547 11637 4033 
11511 8549 11640 4034 
11515 8551 11646 4039 
11520 8557 11653 4044 
11525 8564 11658 4044 
11531 8572 11668 4049 
11539 8574 11674 4052 
11546 8581 11678 4054 
11550 8585 11689 4057 
11553 8588 11695 4061 
11559 8594 11704 4063 
11561 8598 11710 4067 
11569 8605 11719 4068 
11576 8610 11726 4073 
11583 8616 11734 4076 
11590 8622 11741 4078 
11593 8627 11744 4080 
11601 8633 11747 4084 
11609 8639 11752 4086 
11615 8640 11762 4091 
11618 8643 11769 4091 
11622 8653 11775 4093 
11625 8659 11783 4098 
11633 8662 11785 4102 
11637 8669 11791 4103 
11642 8677 11796 4105 
11650 8681 11801 4108 
11655 8690 11810 4110 
11661 8693 11816 4111 
11666 8701 11820 4117 
11669 8706 11824 4118 
11673 8712 11829 4121 
11677 8717 11833 4125 
11683 8722 11837 4127 
11691 8725 11848 4129 
11694 8729 11853 4133 
11702 8736 11858 4134 
11711 8742 11863 4135 
11713 8748 11870 4135 
11720 8752 11876 4136 
11725 8755 11880 4139 
11732 8760 11886 4142 
11737 8764 11893 4143 
11740 8769 11898 4145 
11747 8774 11903 4146 
11752 8779 11907 4148 
11756 8786 11919 4150 
11761 8788 11926 4151 
11767 8791 11930 4155 
11771 8794 11936 4158 
11777 8799 11941 4159 
11783 8802 11944 4161 
11790 8806 11949 4163 
11793 8811 11957 4164 
11800 8812 11963 4168 
11809 8822 11971 4173 
11814 8826 11977 4173 
11820 8832 11985 4175 
11825 8835 11989 4182 
11835 8838 11993 4183 
11841 8841 11998 4184 
11850 8845 12004 4189 
11850 8851 12009 4194 
11856 8853 12014 4195 
11857 8854 12019 4198 
11861 8857 12026 4200 
11867 8860 12033 4203 
11873 8865 12039 4206 
11882 8869 12041 4208 
11886 8872 12049 4208 
11889 8877 12056 4209 
11895 8881 12065 4214 
11898 8886 12071 4218 
11903 8893 12075 4220 
11906 8895 12078 4222 
11914 8905 12082 4224 
11921 8911 12087 4225 
11933 8920 12095 4228 
11936 8925 12099 4230 
11939 8932 12104 4230 
11944 8939 12110 4232 
11947 8942 12111 4235 
11951 8946 12119 4237 
11958 8950 12128 4243 
11966 8953 12134 4247 
11972 8958 12138 4248 
11980 8961 12142 4249 
11984 8965 12145 4252 
11988 8973 12153 4252 
11997 8974 12159 4254 
12004 8982 12162 4259 
12009 8987 12168 4261 
12015 8991 12170 4261 
12020 8998 12174 4265 
12023 9000 12180 4269 
12026 9001 12187 4275 
12035 9007 12195 4276 
12041 9014 12202 4276 
12047 9022 12208 4281 
12053 9026 12214 4282 
12057 9029 12218 4282 
12062 9034 12222 4282 
12068 9037 12227 4287 
12075 9043 12233 4289 
12079 9050 12241 4294 
12084 9056 12244 4298 
12092 9060 12252 4299 
12097 9063 12260 4301 
12100 9066 12266 4302 
12104 9070 12271 4306 
12109 9077 12282 4308 
12115 9078 12286 4309 
12120 9079 12291 4309 
12128 9083 12296 4312 
12134 9089 12298 4315 
12140 9091 12302 4317 
12145 9095 12310 4321 
12153 9097 12315 4324 
12157 9102 12317 4326 
12165 9108 12327 4327 
12174 9114 12334 4327 
12184 9119 12338 4327 
12188 9121 12345 4333 
12195 9124 12350 4334 
12201 9128 12360 4336 
12205 9130 12372 4336 
12211 9133 12378 4338 
12218 9139 12386 4341 
12223 9140 12392 4343 
12226 9143 12399 4346 
12237 9146 12413 4349 
12241 9150 12418 4351 
12248 9151 12422 4353 
12252 9155 12427 4353 
12259 9161 12430 4356 
12264 9163 12436 4360 
12269 9164 12444 4363 
12276 9170 12450 4365 
12286 9174 12452 4368 
12295 9176 12462 4369 
12299 9182 12469 4373 
12312 9185 12473 4376 
12318 9189 12479 4376 
12323 9192 12484 4376 
12327 9200 12488 4379 
12333 9204 12498 4382 
12338 9207 12507 4382 
12341 9211 12511 4384 
12346 9213 12516 4388 
12353 9214 12520 4389 
12360 9218 12526 4390 
12366 9222 12531 4391 
12371 9230 12535 4396 
12375 9237 12539 4396 
12378 9240 12547 4397 
12381 9245 12554 4401 
12387 9250 12561 4402 
12391 9261 12566 4405 
12395 9264 12576 4406 
12398 9270 12583 4408 
12405 9280 12589 4413 
12408 9285 12596 4414 
12413 9291 12603 4416 
12419 9297 12611 4417 
12426 9308 12615 4419 
12434 9313 12617 4420 
12437 9318 12624 4425 
12450 9328 12629 4429 
12456 9331 12634 4430 
12464 9333 12641 4432 
12468 9336 12645 4434 
12472 9342 12651 4434 
12481 9346 12659 4435 
12484 9350 12664 4436 
12486 9355 12669 4442 
12494 9359 12672 4443 
12499 9368 12681 4444 
12506 9372 12684 4446 
12506 9379 12694 4448 
12512 9382 12700 4452 
12519 9385 12704 4454 
12529 9387 12711 4457 
12535 9390 12723 4458 
12539 9391 12726 4458 
12546 9399 12730 4460 
12551 9400 12740 4461 
12556 9406 12746 4464 
12563 9415 12753 4464 
12566 9418 12756 4464 
12574 9424 12759 4465 
12580 9427 12761 4469 
12586 9430 12766 4473 
12594 9436 12770 4477 
12599 9440 12780 4478 
12607 9443 12788 4480 
12615 9448 12790 4481 
12623 9455 12791 4482 
12628 9462 12797 4483 
12640 9464 12801 4488 
12646 9464 12807 4490 
12649 9464 12815 4491 
12658 9469 12818 4495 
12662 9471 12823 4502 
12669 9474 12833 4502 
12675 9479 12843 4504 
12676 9482 12849 4507 
12679 9484 12858 4510 
12680 9490 12869 4513 
12684 9495 12876 4514 
12688 9498 12884 4516 
12690 9501 12889 4519 
12698 9506 12895 4519 
12701 9509 12904 4520 
12707 9517 12915 4520 
12712 9522 12917 4521 
12722 9525 12920 4523 
12722 9536 12927 4523 
12723 9542 12934 4524 
12728 9547 12938 4526 
12734 9553 12942 4528 
12737 9556 12947 4530 
12742 9564 12954 4530 
12745 9569 12961 4531 
12750 9573 12970 4531 
12760 9577 12978 4531 
12765 9580 12980 4533 
12768 9586 12987 4536 
12778 9587 12991 4537 
12783 9589 12997 4542 
12794 9591 13005 4544 
12801 9601 13007 4546 
12805 9610 13014 4546 
12808 9612 13018 4549 
12817 9619 13022 4551 
12818 9623 13028 4553 
12822 9626 13035 4553 
12828 9629 13042 4557 
12835 9634 13047 4558 
12839 9637 13053 4561 
12847 9641 13057 4561 
12856 9644 13060 4563 
12861 9651 13070 4564 
12865 9655 13071 4566 
12874 9659 13078 4567 
12881 9663 13085 4569 
12883 9666 13092 4569 
12889 9670 13096 4569 
12893 9673 13100 4571 
12897 9679 13108 4572 
12899 9685 13113 4574 
12906 9689 13118 4576 
12912 9698 13122 4577 
12917 9701 13131 4578 
12923 9705 13136 4580 
12930 9714 13147 4580 
12934 9718 13154 4581 
12937 9723 13159 4583 
12948 9725 13165 4585 
12960 9727 13171 4588 
12964 9730 13176 4591 
12971 9733 13178 4593 
12972 9738 13184 4596 
12977 9742 13192 4597 
12982 9748 13201 4599 
12988 9752 13206 4601 
12996 9754 13215 4603 
13000 9757 13225 4604 
13007 9761 13228 4606 
13014 9763 13233 4608 
13021 9768 13240 4612 
13027 9773 13241 4615 
13033 9777 13244 4617 
13035 9784 13252 4619 
13041 9785 13258 4621 
13043 9789 13260 4622 
13049 9795 13267 4626 
13053 9801 13276 4628 
13061 9804 13281 4630 
13071 9810 13289 4633 
13081 9815 13293 4636 
13091 9823 13298 4638 
13093 9832 13303 4641 
13100 9837 13305 4645 
13101 9837 13313 4645 
13106 9843 13319 4647 
13107 9851 13330 4650 
13110 9856 13335 4652 
13114 9864 13339 4653 
13125 9870 13346 4654 
13126 9875 13350 4660 
13130 9882 13357 4665 
13137 9890 13362 4666 
13139 9898 13368 4668 
13149 9904 13373 4672 
13156 9910 13376 4675 
13159 9912 13387 4678 
13164 9916 13391 4678 
13171 9920 13396 4679 
13173 9929 13402 4683 
13177 9931 13412 4685 
13183 9934 13421 4685 
13189 9937 13428 4689 
13193 9945 13434 4690 
13196 9952 13438 4693 
13201 9956 13443 4693 
13208 9965 13446 4693 
13213 9967 13451 4695 
13218 9969 13459 4698 
13221 9977 13470 4701 
13227 9984 13473 4704 
13231 9986 13479 4708 
13238 9991 13487 4708 
13243 9999 13497 4712 
13246 10005 13503 4712 
13249 10010 13506 4715 
13253 10015 13512 4717 
13258 10017 13518 4720 
13265 10027 13523 4727 
13273 10030 13533 4729 
13275 10033 13540 4733 
13278 10034 13549 4737 
13282 10041 13553 4738 
13293 10044 13560 4741 
13298 10048 13569 4743 
13302 10057 13576 4744 
13307 10059 13582 4745 
13315 10066 13589 4748 
13323 10069 13592 4749 
13329 10073 13600 4752 
13338 10074 13603 4753 
13345 10080 13608 4755 
13358 10084 13615 4759 
13363 10087 13620 4760 
13374 10090 13628 4762 
13380 10097 13630 4768 
13385 10101 13636 4769 
13391 10104 13642 4771 
13393 10111 13647 4773 
13396 10115 13655 4774 
13404 10120 13658 4776 
13413 10122 13664 4778 
13419 10125 13673 4781 
13424 10129 13680 4781 
13429 10132 13684 4781 
13429 10139 13689 4784 
13431 10142 13693 4784 
13438 10146 13701 4788 
13443 10150 13705 4788 
13448 10155 13709 4791 
13454 10163 13715 4793 
13464 10168 13720 4796 
13465 10174 13733 4798 
13469 10179 13741 4801 
13476 10184 13747 4801 
13477 10189 13754 4804 
13487 10193 13761 4807 
13492 10204 13769 4810 
13493 10209 13777 4810 
13497 10212 13783 4812 
13501 10218 13792 4814 
13505 10226 13796 4818 
13509 10232 13802 4822 
13512 10235 13808 4822 
13517 10239 13816 4823 
13526 10243 13824 4825 
13531 10249 13828 4827 
13536 10254 13831 4830 
13541 10258 13835 4832 
13549 10261 13841 4833 
13552 10264 13848 4835 
13563 10270 13854 4836 
13568 10278 13860 4839 
13572 10285 13863 4839 
13572 10289 13878 4842 
13581 10292 13886 4844 
13584 10294 13890 4847 
13589 10297 13899 4851 
13597 10299 13907 4853 
13601 10304 13914 4855 
13603 10308 13921 4857 
13607 10310 13927 4862 
13615 10313 13934 4863 
13621 10319 13943 4866 
13628 10320 13949 4867 
13633 10325 13952 4869 
13640 10326 13962 4872 
13645 10329 13967 4878 
13648 10331 13976 4879 
13653 10336 13980 4881 
13659 10339 13984 4885 
13666 10343 13987 4887 
13669 10347 13995 4891 
13675 10348 13996 4895 
13682 10352 14002 4896 
13689 10357 14006 4899 
13696 10362 14010 4903 
13703 10363 14018 4906 
13709 10369 14024 4908 
13717 10376 14032 4911 
13724 10381 14039 4914 
13730 10387 14044 4919 
13738 10396 14054 4923 
13738 10401 14063 4926 
13744 10406 14064 4929 
13748 10411 14066 4931 
13756 10415 14070 4933 
13762 10419 14074 4935 
13769 10427 14079 4936 
13777 10431 14083 4938 
13784 10434 14091 4939 
13792 10438 14097 4942 
13800 10443 14106 4944 
13807 10447 14112 4946 
13811 10458 14119 4949 
13819 10463 14127 4953 
13827 10464 14136 4953 
13836 10468 14143 4956 
13842 10473 14150 4960 
13851 10476 14160 4963 
13854 10483 14163 4967 
13860 10487 14172 4971 
13871 10492 14176 4975 
13879 10494 14186 4976 
13885 10497 14192 4977 
13888 10499 14203 4979 
13892 10501 14213 4981 
13896 10509 14223 4983 
13904 10513 14227 4985 
13909 10515 14237 4987 
13912 10518 14241 4988 
13914 10521 14244 4990 
13919 10524 14253 4991 
13923 10526 14259 4994 
13930 10533 14262 4995 
13933 10537 14269 4996 
13936 10546 14275 4997 
13940 10551 14278 4998 
13941 10555 14284 4999 
13944 10557 14290 5005 
13949 10561 14295 5006 
13953 10564 14298 5007 
13957 10565 14310 5007 
13961 10569 14319 5009 
13968 10575 14323 5012 
13970 10579 14330 5017 
13977 10583 14337 5018 
13984 10590 14341 5019 
13994 10591 14348 5021 
13996 10596 14353 5022 
14007 10599 14359 5025 
14008 10606 14364 5028 
14015 10610 14372 5030 
14018 10617 14380 5032 
14024 10622 14393 5036 
14029 10627 14401 5038 
14034 10631 14405 5041 
14043 10637 14411 5042 
14046 10643 14415 5045 
14056 10649 14420 5046 
14063 10655 14424 5046 
14072 10658 14430 5048 
14077 10662 14438 5050 
14080 10668 14448 5053 
14085 10674 14461 5054 
14089 10676 14466 5056 
14094 10677 14478 5058 
14098 10677 14488 5062 
14104 10684 14492 5064 
14105 10690 14504 5065 
14108 10695 14508 5067 
14110 10698 14516 5069 
14115 10702 14523 5070 
14124 10706 14528 5073 
14131 10706 14539 5076 
14137 10710 14545 5078 
14146 10714 14552 5080 
14154 10720 14554 5083 
14158 10722 14558 5083 
14166 10726 14563 5083 
14171 10733 14567 5083 
14175 10738 14571 5088 
14182 10740 14577 5088 
14191 10744 14585 5090 
14196 10748 14589 5093 
14201 10751 14594 5094 
14210 10753 14601 5096 
14217 10759 14609 5099 
14225 10764 14616 5103 
14228 10767 14622 5105 
14232 10772 14624 5111 
14235 10775 14635 5114 
14247 10778 14639 5116 
14254 10783 14648 5117 
14259 10786 14655 5122 
14268 10787 14660 5124 
14272 10792 14668 5126 
14275 10795 14674 5128 
14281 10801 14679 5128 
14289 10807 14689 5131 
14294 10812 14693 5132 
14304 10818 14696 5134 
14308 10819 14704 5134 
14313 10824 14707 5136 
14315 10827 14711 5137 
14319 10828 14718 5139 
14320 10832 14724 5141 
14326 10839 14730 5142 
14330 10847 14738 5144 
14337 10853 14746 5146 
14342 10857 14752 5146 
14349 10862 14758 5148 
14356 10865 14763 5154 
14366 10869 14765 5156 
14372 10869 14773 5157 
14377 10873 14780 5159 
14379 10881 14786 5160 
14388 10886 14794 5162 
14393 10891 14801 5163 
14400 10892 14805 5167 
14409 10903 14813 5170 
14412 10908 14823 5170 
14418 10910 14834 5173 
14423 10917 14845 5173 
14433 10921 14849 5176 
14438 10927 14851 5178 
14444 10931 14857 5181 
14451 10937 14862 5184 
14459 10939 14869 5187 
14470 10945 14876 5190 
14473 10951 14880 5191 
14479 10955 14881 5193 
14485 10960 14888 5195 
14490 10965 14894 5197 
14498 10970 14902 5201 
14504 10977 14904 5202 
14508 10985 14914 5203 
14511 10993 14921 5205 
14519 10999 14925 5206 
14530 11003 14933 5206 
14536 11007 14941 5207 
14541 11012 14945 5208 
14544 11018 14954 5210 
14553 11021 14962 5213 
14564 11027 14968 5216 
14573 11032 14972 5217 
14579 11034 14975 5217 
14584 11036 14983 5217 
14591 11041 14993 5220 
14595 11050 14997 5223 
14604 11055 15005 5225 
14612 11059 15008 5228 
14617 11062 15015 5230 
14622 11068 15022 5231 
14629 11072 15026 5233 
14632 11076 15033 5235 
14636 11081 15037 5238 
14640 11086 15046 5240 
14646 11088 15055 5242 
14652 11092 15061 5245 
14656 11095 15069 5247 
14664 11096 15073 5251 
14668 11100 15080 5252 
14673 11105 15088 5254 
14678 11111 15093 5258 
14683 11113 15095 5260 
14688 11117 15097 5264 
14698 11121 15108 5267 
14704 11129 15111 5270 
14711 11131 15117 5271 
14716 11133 15123 5275 
14719 11136 15130 5276 
14723 11144 15143 5280 
14727 11148 15149 5284 
14731 11154 15153 5290 
14739 11158 15160 5293 
14744 11160 15168 5294 
14748 11167 15175 5297 
14757 11175 15180 5299 
14758 11179 15187 5299 
14767 11181 15194 5300 
14770 11184 15198 5300 
14780 11187 15209 5303 
14790 11196 15216 5303 
14795 11204 15224 5304 
14802 11209 15232 5306 
14806 11211 15239 5307 
14809 11213 15247 5310 
14813 11216 15252 5311 
14816 11224 15258 5312 
14820 11227 15264 5316 
14823 11229 15271 5317 
14832 11229 15278 5319 
14837 11231 15287 5319 
14846 11238 15294 5321 
14848 11241 15303 5322 
14855 11242 15308 5323 
14858 11243 15311 5329 
14865 11250 15322 5332 
14878 11253 15327 5334 
14883 11262 15335 5334 
14891 11267 15341 5337 
14896 11272 15348 5338 
14903 11274 15354 5342 
14906 11279 15360 5343 
14913 11282 15362 5346 
14922 11285 15372 5349 
14927 11291 15374 5349 
14932 11294 15381 5351 
14938 11301 15389 5355 
14941 11304 15395 5355 
14948 11308 15403 5356 
14953 11310 15410 5359 
14957 11314 15416 5361 
14964 11319 15423 5365 
14974 11321 15430 5370 
14981 11326 15436 5371 
14986 11332 15446 5371 
14992 11336 15449 5374 
14995 11341 15452 5375 
14999 11343 15461 5378 
15007 11345 15464 5379 
15012 11351 15468 5383 
15017 11360 15471 5384 
15022 11365 15480 5384 
15023 11370 15489 5387 
15026 11377 15499 5393 
15030 11381 15503 5394 
15035 11386 15509 5396 
15038 11392 15518 5396 
15043 11397 15529 5396 
15048 11403 15534 5399 
15053 11409 15538 5400 
15062 11410 15543 5402 
15070 11414 15549 5403 
15077 11420 15554 5408 
15082 11431 15563 5408 
15089 11433 15566 5411 
15092 11435 15573 5412 
15097 11440 15581 5413 
15104 11444 15588 5415 
15110 11447 15595 5415 
15116 11452 15600 5418 
15123 11455 15607 5419 
15129 11459 15613 5422 
15133 11468 15622 5425 
15138 11475 15630 5427 
15146 11482 15637 5429 
15152 11487 15642 5432 
15160 11490 15647 5435 
15166 11496 15656 5437 
15180 11502 15660 5440 
15184 11508 15665 5440 
15185 11516 15674 5441 
15190 11521 15680 5442 
15194 11527 15687 5443 
15199 11533 15693 5443 
15206 11535 15701 5445 
15212 11540 15707 5449 
15221 11548 15719 5449 
15229 11553 15727 5452 
15240 11555 15733 5456 
15245 11561 15743 5460 
15247 11566 15749 5460 
15253 11569 15757 5463 
15262 11574 15768 5466 
15269 11582 15776 5469 
15272 11586 15782 5470 
15281 11590 15789 5473 
15289 11592 15794 5475 
15298 11593 15800 5479 
15298 11597 15811 5484 
15301 11602 15817 5485 
15308 11606 15821 5488 
15314 11614 15826 5491 
15321 11616 15830 5491 
15327 11624 15834 5492 
15330 11633 15836 5496 
15336 11642 15842 5496 
15340 11644 15846 5498 
15350 11650 15849 5499 
15355 11652 15852 5500 
15363 11654 15860 5503 
15364 11657 15869 5504 
15368 11661 15876 5507 
15376 11664 15883 5510 
15382 11668 15889 5514 
15385 11673 15894 5515 
15389 11675 15895 5519 
15396 11679 15899 5522 
15401 11684 15901 5523 
15406 11694 15908 5524 
15409 11698 15913 5524 
15412 11699 15920 5526 
15415 11700 15922 5527 
15421 11707 15926 5530 
15427 11710 15933 5532 
15437 11715 15944 5533 
15443 11718 15951 5534 
15448 11720 15963 5536 
15450 11726 15967 5536 
15456 11733 15971 5538 
15461 11739 15978 5540 
15466 11740 15982 5544 
15475 11743 15988 5547 
15481 11744 15989 5548 
15483 11748 15993 5552 
15486 11753 16001 5553 
15493 11755 16004 5556 
15496 11756 16009 5556 
15501 11759 16019 5559 
15507 11761 16022 5559 
15511 11762 16025 5560 
15519 11765 16034 5564 
15525 11767 16040 5565 
15528 11772 16051 5568 
15534 11774 16058 5569 
15542 11779 16065 5570 
15551 11783 16071 5571 
15554 11786 16077 5572 
15559 11794 16082 5572 
15565 11795 16092 5575 
15569 11800 16100 5578 
15577 11803 16105 5581 
15583 11805 16109 5581 
15592 11812 16115 5582 
15600 11816 16118 5584 
15610 11824 16121 5585 
15616 11833 16126 5587 
15622 11839 16131 5589 
15627 11845 16142 5590 
15635 11849 16148 5590 
15638 11857 16155 5590 
15645 11869 16159 5591 
15654 11871 16168 5595 
15661 11876 16176 5596 
15664 11880 16185 5598 
15669 11882 16190 5601 
15671 11883 16203 5603 
15673 11887 16212 5607 
15677 11894 16221 5609 
15686 11896 16229 5609 
15690 11901 16234 5613 
15698 11904 16246 5617 
15705 11910 16253 5619 
15708 11914 16260 5620 
15713 11919 16261 5621 
15715 11922 16269 5625 
15724 11930 16274 5628 
15727 11934 16280 5631 
15738 11934 16287 5633 
15744 11940 16291 5636 
15748 11949 16295 5638 
15755 11957 16300 5640 
15765 11964 16305 5643 
15767 11965 16312 5646 
15771 11969 16318 5648 
15775 11980 16325 5652 
15781 11983 16332 5653 
15787 11989 16340 5655 
15791 11992 16347 5658 
15798 11996 16354 5660 
15802 11997 16359 5666 
15807 11999 16363 5666 
15815 12001 16371 5666 
15825 12010 16381 5667 
15830 12014 16386 5669 
15832 12021 16393 5670 
15841 12024 16400 5674 
15849 12029 16411 5676 
15856 12036 16419 5677 
15862 12040 16426 5685 
15873 12046 16429 5686 
15877 12047 16435 5690 
15885 12054 16439 5691 
15886 12058 16445 5693 
15890 12064 16449 5696 
15895 12067 16453 5697 
15900 12068 16459 5700 
15910 12080 16464 5702 
15917 12084 16470 5704 
15919 12089 16481 5706 
15921 12094 16488 5709 
15926 12099 16497 5711 
15931 12101 16504 5713 
15938 12105 16510 5716 
15943 12109 16516 5716 
15951 12112 16525 5718 
15956 12115 16527 5720 
15961 12120 16533 5725 
15965 12123 16538 5726 
15970 12126 16542 5729 
15977 12130 16546 5731 
15984 12132 16550 5734 
15990 12139 16551 5736 
15993 12144 16557 5739 
15996 12149 16563 5739 
16002 12153 16569 5740 
16009 12156 16572 5746 
16014 12159 16579 5749 
16019 12162 16584 5752 
16023 12168 16595 5754 
16029 12172 16600 5759 
16033 12178 16615 5761 
16036 12183 16621 5762 
16042 12188 16626 5763 
16049 12191 16633 5763 
16054 12195 16641 5768 
16060 12203 16654 5770 
16065 12206 16658 5771 
16070 12208 16664 5771 
16075 12215 16668 5772 
16078 12222 16676 5774 
16083 12229 16683 5776 
16089 12234 16691 5780 
16094 12236 16695 5781 
16099 12241 16702 5783 
16107 12246 16707 5786 
16110 12253 16711 5788 
16120 12259 16716 5788 
16125 12266 16727 5794 
16133 12269 16735 5796 
16138 12277 16741 5797 
16147 12284 16748 5798 
16150 12287 16751 5801 
16161 12294 16758 5803 
16164 12300 16759 5808 
16169 12304 16764 5810 
16177 12310 16771 5811 
16184 12320 16777 5813 
16187 12324 16781 5815 
16197 12328 16787 5822 
16206 12331 16796 5826 
16210 12335 16799 5828 
16214 12337 16803 5829 
16220 12338 16813 5831 
16227 12341 16819 5832 
16232 12346 16829 5833 
16239 12350 16838 5834 
16245 12354 16844 5835 
16259 12358 16846 5839 
16263 12371 16859 5842 
16273 12377 16866 5845 
16279 12380 16871 5848 
16284 12386 16877 5851 
16288 12388 16884 5852 
16296 12395 16888 5854 
16304 12403 16895 5857 
16314 12407 16899 5861 
16319 12414 16908 5863 
16321 12415 16916 5866 
16328 12419 16924 5869 
16332 12423 16930 5873 
16338 12432 16931 5879 
16345 12441 16935 5882 
16349 12449 16938 5885 
16354 12456 16948 5886 
16359 12463 16952 5887 
16361 12468 16957 5891 
16362 12475 16970 5892 
16367 12481 16978 5894 
16371 12490 16982 5895 
16374 12496 16988 5898 
16383 12499 16997 5901 
16396 12504 17000 5902 
16399 12510 17001 5907 
16404 12512 17002 5908 
16408 12515 17006 5911 
16415 12522 17011 5913 
16421 12527 17018 5918 
16426 12532 17022 5922 
16428 12534 17027 5926 
16432 12536 17034 5929 
16442 12546 17044 5930 
16445 12555 17049 5930 
16450 12558 17053 5931 
16457 12562 17057 5932 
16463 12566 17060 5935 
16470 12569 17066 5939 
16475 12573 17076 5940 
16481 12573 17082 5941 
16484 12575 17085 5946 
16491 12576 17096 5950 
16495 12583 17100 5953 
16504 12586 17103 5955 
16515 12590 17103 5957 
16525 12593 17107 5959 
16530 12599 17117 5961 
16540 12604 17124 5964 
16550 12609 17129 5969 
16554 12614 17134 5969 
16559 12618 17137 5970 
16563 12623 17145 5972 
16571 12626 17150 5973 
16580 12631 17155 5974 
16582 12634 17159 5975 
16590 12636 17166 5977 
16596 12640 17174 5979 
16605 12644 17178 5982 
16609 12648 17181 5985 
16617 12653 17187 5987 
16623 12657 17190 5989 
16630 12663 17198 5994 
16637 12669 17200 5996 
16647 12673 17206 5998 
16655 12679 17212 5998 
16668 12685 17220 6000 
16671 12692 17230 6001 
16675 12700 17231 6002 
16678 12703 17237 6004 
16683 12710 17242 6007 
16685 12715 17248 6009 
16688 12718 17252 6010 
16691 12721 17254 6013 
16698 12726 17262 6016 
16705 12730 17269 6017 
16708 12733 17275 6020 
16712 12744 17280 6022 
16717 12751 17286 6025 
16724 12756 17293 6030 
16730 12759 17297 6030 
16735 12762 17304 6032 
16744 12766 17314 6036 
16748 12769 17317 6037 
16753 12772 17320 6039 
16755 12774 17330 6041 
16761 12781 17337 6047 
16766 12788 17343 6047 
16772 12793 17350 6049 
16778 12797 17356 6053 
16780 12801 17359 6056 
16788 12804 17368 6060 
16793 12810 17372 6062 
16801 12814 17378 6064 
16807 12821 17387 6068 
16811 12823 17391 6070 
16820 12830 17396 6075 
16828 12834 17401 6077 
16835 12841 17411 6081 
16837 12852 17421 6082 
16842 12855 17428 6084 
16850 12856 17431 6086 
16853 12860 17433 6087 
16859 12863 17438 6088 
16865 12868 17446 6090 
16875 12874 17451 6090 
16884 12876 17455 6090 
16889 12881 17461 6093 
16899 12889 17467 6096 
16904 12896 17470 6096 
16907 12904 17479 6096 
16910 12911 17487 6097 
16915 12914 17491 6101 
16918 12917 17498 6101 
16922 12919 17506 6103 
16925 12925 17513 6106 
16928 12927 17516 6107 
16933 12934 17524 6107 
16938 12942 17527 6109 
16942 12944 17534 6112 
16946 12950 17539 6113 
16955 12951 17548 6116 
16961 12955 17554 6118 
16966 12960 17557 6119 
16971 12965 17568 6123 
16977 12965 17575 6127 
16983 12971 17578 6128 
16989 12977 17583 6129 
16992 12983 17591 6132 
16998 12987 17596 6133 
17000 12992 17602 6133 
17004 13000 17609 6139 
17011 13007 17616 6140 
17018 13015 17620 6142 
17023 13019 17623 6145 
17032 13021 17634 6148 
17037 13024 17643 6150 
17044 13027 17647 6151 
17050 13031 17649 6152 
17059 13035 17653 6152 
17065 13039 17660 6155 
17072 13041 17664 6157 
17082 13048 17668 6160 
17088 13050 17677 6164 
17092 13057 17680 6166 
17095 13060 17684 6169 
17099 13068 17690 6172 
17102 13077 17698 6173 
17114 13079 17700 6178 
17120 13079 17707 6183 
17126 13083 17716 6189 
17131 13087 17721 6190 
17133 13091 17726 6191 
17140 13097 17731 6191 
17146 13099 17738 6192 
17155 13102 17744 6193 
17159 13104 17752 6196 
17164 13108 17760 6197 
17165 13111 17765 6200 
17172 13114 17769 6206 
17177 13120 17778 6208 
17181 13125 17781 6209 
17188 13132 17784 6212 
17194 13135 17792 6216 
17202 13138 17800 6220 
17206 13142 17810 6223 
17212 13145 17819 6223 
17216 13148 17823 6225 
17223 13153 17827 6227 
17232 13157 17832 6228 
17236 13165 17840 6232 
17242 13170 17848 6232 
17247 13171 17852 6233 
17254 13177 17858 6237 
17257 13180 17862 6238 
17262 13185 17867 6239 
17268 13191 17874 6243 
17276 13193 17881 6245 
17281 13195 17884 6247 
17288 13201 17893 6250 
17296 13206 17898 6251 
17303 13212 17899 6254 
17315 13215 17906 6254 
17321 13221 17913 6255 
17329 13224 17924 6258 
17335 13226 17929 6262 
17342 13231 17935 6262 
17347 13238 17939 6264 
17354 13245 17945 6266 
17361 13250 17949 6270 
17366 13253 17955 6271 
17373 13257 17965 6272 
17381 13262 17971 6273 
17389 13266 17977 6274 
17399 13271 17987 6275 
17402 13274 17994 6276 
17411 13278 17999 6276 
17425 13282 18004 6278 
17428 13289 18010 6279 
17433 13290 18022 6280 
17440 13293 18030 6283 
17448 13296 18033 6287 
17455 13302 18040 6289 
17457 13309 18044 6294 
17459 13313 18049 6297 
17463 13318 18059 6298 
17467 13322 18062 6299 
17471 13328 18069 6301 
17478 13329 18073 6303 
17484 13333 18084 6303 
17488 13337 18089 6305 
17493 13344 18095 6306 
17496 13348 18100 6310 
17503 13350 18110 6313 
17509 13352 18122 6317 
17517 13358 18129 6321 
17527 13362 18139 6322 
17532 13369 18144 6323 
17540 13370 18149 6323 
17545 13375 18154 6327 
17550 13379 18158 6330 
17554 13382 18165 6333 
17563 13384 18167 6333 
17571 13387 18174 6334 
17578 13389 18179 6342 
17583 13393 18187 6344 
17590 13400 18192 6352 
17595 13403 18199 6353 
17602 13408 18201 6356 
17609 13413 18209 6358 
17612 13420 18214 6360 
17617 13425 18219 6362 
17622 13431 18230 6363 
17627 13436 18238 6366 
17631 13441 18245 6367 
17637 13446 18248 6369 
17642 13452 18255 6370 
17648 13459 18259 6374 
17650 13469 18264 6376 
17656 13478 18270 6377 
17660 13484 18274 6378 
17667 13486 18278 6379 
17673 13490 18286 6380 
17675 13496 18293 6380 
17681 13500 18298 6381 
17684 13504 18304 6387 
17694 13508 18308 6389 
17704 13515 18317 6395 
17709 13522 18323 6399 
17714 13528 18331 6403 
17719 13534 18335 6406 
17726 13540 18347 6409 
17731 13545 18353 6411 
17737 13550 18360 6415 
17743 13556 18366 6416 
17752 13561 18376 6419 
17757 13568 18380 6419 
17762 13574 18386 6421 
17766 13578 18394 6423 
17771 13583 18395 6423 
17775 13587 18402 6424 
17783 13589 18406 6427 
17787 13593 18412 6428 
17797 13595 18420 6429 
17805 13602 18426 6430 
17808 13608 18438 6432 
17815 13612 18449 6432 
17819 13617 18457 6432 
17829 13623 18465 6437 
17835 13631 18475 6440 
17841 13634 18478 6441 
17846 13637 18492 6443 
17853 13643 18498 6445 
17865 13651 18508 6445 
17868 13655 18518 6445 
17873 13660 18527 6447 
17875 13666 18531 6449 
17880 13668 18540 6450 
17894 13677 18544 6451 
17901 13681 18551 6454 
17912 13684 18558 6457 
17916 13690 18563 6460 
17924 13693 18569 6462 
17932 13701 18572 6464 
17938 13704 18579 6466 
17948 13707 18585 6467 
17953 13712 18590 6468 
17958 13720 18593 6471 
17967 13730 18596 6473 
17981 13734 18601 6474 
17987 13743 18604 6475 
17993 13749 18613 6477 
18000 13755 18622 6478 
18005 13759 18626 6480 
18013 13762 18633 6481 
18023 13765 18637 6482 
18025 13771 18639 6484 
18032 13775 18650 6486 
18038 13777 18657 6489 
18039 13782 18663 6491 
18049 13787 18673 6491 
18055 13791 18679 6495 
18061 13794 18683 6495 
18068 13795 18687 6495 
18074 13801 18695 6495 
18082 13809 18697 6497 
18087 13812 18703 6499 
18094 13816 18707 6500 
18101 13818 18715 6502 
18109 13822 18719 6502 
18114 13826 18723 6506 
18122 13829 18730 6506 
18127 13833 18740 6508 
18131 13838 18743 6511 
18137 13842 18755 6512 
18143 13847 18761 6514 
18149 13849 18771 6517 
18154 13851 18777 6523 
18163 13855 18781 6523 
18170 13860 18788 6527 
18173 13862 18794 6531 
18179 13865 18801 6534 
18185 13872 18806 6535 
18194 13876 18813 6539 
18200 13879 18818 6541 
18208 13883 18827 6543 
18212 13885 18841 6547 
18223 13889 18848 6550 
18228 13892 18856 6552 
18237 13895 18864 6557 
18243 13902 18872 6559 
18251 13905 18876 6559 
18256 13912 18885 6563 
18263 13919 18893 6565 
18273 13923 18895 6567 
18277 13928 18905 6568 
18278 13936 18914 6570 
18287 13941 18918 6572 
18294 13947 18924 6573 
18302 13952 18929 6576 
18313 13957 18936 6577 
18316 13962 18942 6582 
18323 13965 18950 6587 
18329 13971 18957 6590 
18338 13973 18964 6591 
18346 13980 18974 6592 
18351 13984 18984 6593 
18355 13990 18991 6595 
18366 13993 18996 6597 
18368 13994 19010 6600 
18377 13999 19016 6601 
18385 14005 19026 6603 
18390 14014 19031 6605 
18397 14016 19037 6609 
18403 14017 19046 6613 
18407 14022 19056 6615 
18413 14032 19058 6620 
18421 14033 19064 6624 
18424 14041 19069 6627 
18431 14048 19076 6629 
18437 14056 19087 6632 
18443 14059 19093 6634 
18451 14063 19096 6634 
18461 14068 19106 6636 
18466 14072 19112 6641 
18469 14076 19118 6643 
18471 14084 19123 6644 
18478 14087 19131 6649 
18485 14091 19137 6653 
18487 14094 19142 6655 
18492 14100 19150 6658 
18501 14104 19156 6661 
18508 14106 19159 6664 
18516 14111 19170 6667 
18520 14117 19172 6669 
18523 14120 19175 6670 
18527 14124 19181 6673 
18530 14132 19185 6678 
18534 14136 19193 6681 
18540 14142 19201 6685 
18547 14145 19205 6688 
18551 14149 19210 6691 
18555 14153 19216 6695 
18559 14158 19231 6698 
18562 14165 19236 6701 
18570 14171 19243 6702 
18582 14176 19249 6703 
18586 14178 19255 6706 
18587 14182 19266 6708 
18592 14183 19270 6708 
18596 14187 19276 6710 
18603 14189 19281 6711 
18612 14192 19286 6714 
18617 14199 19293 6717 
18623 14205 19303 6719 
18630 14210 19308 6721 
18636 14215 19318 6722 
18637 14219 19325 6723 
18645 14223 19332 6725 
18650 14227 19334 6726 
18657 14233 19342 6728 
18663 14239 19347 6733 
18669 14245 19350 6734 
18677 14250 19354 6735 
18684 14259 19360 6739 
18694 14264 19364 6740 
18700 14270 19373 6744 
18704 14276 19379 6747 
18709 14283 19385 6749 
18712 14291 19389 6750 
18718 14297 19395 6751 
18727 14305 19400 6752 
18730 14310 19403 6755 
18739 14315 19411 6759 
18743 14319 19417 6760 
18747 14326 19426 6761 
18756 14330 19431 6762 
18762 14336 19436 6765 
18767 14340 19442 6765 
18771 14344 19446 6768 
18777 14352 19450 6770 
18781 14359 19457 6774 
18785 14361 19468 6778 
18789 14369 19476 6778 
18796 14376 19484 6781 
18802 14381 19491 6783 
18806 14385 19496 6786 
18811 14389 19507 6786 
18815 14391 19511 6787 
18818 14394 19518 6788 
18824 14398 19524 6789 
18829 14403 19533 6791 
18836 14406 19540 6794 
18843 14410 19550 6798 
18847 14413 19560 6801 
18852 14415 19571 6803 
18855 14418 19578 6806 
18865 14423 19583 6807 
18868 14432 19588 6807 
18875 14436 19592 6810 
18880 14448 19600 6814 
18890 14454 19609 6814 
18897 14460 19616 6821 
18904 14465 19619 6822 
18913 14471 19625 6824 
18917 14478 19628 6827 
18924 14481 19634 6828 
18927 14490 19639 6830 
18929 14498 19640 6836 
18934 14505 19646 6840 
18939 14511 19650 6844 
18946 14515 19659 6847 
18956 14518 19663 6850 
18964 14522 19672 6853 
18970 14530 19677 6856 
18975 14535 19683 6857 
18979 14538 19686 6858 
18983 14545 19700 6861 
18986 14549 19710 6864 
18990 14554 19720 6868 
18995 14561 19726 6868 
19000 14573 19733 6870 
19004 14578 19741 6871 
19012 14586 19743 6872 
19020 14593 19748 6873 
19022 14596 19754 6875 
19027 14599 19767 6875 
19034 14603 19770 6877 
19042 14604 19777 6881 
19045 14609 19783 6884 
19050 14611 19786 6889 
19056 14618 19794 6890 
19064 14623 19802 6892 
19070 14629 19809 6894 
19073 14633 19814 6900 
19077 14640 19818 6903 
19083 14647 19823 6908 
19093 14655 19831 6909 
19100 14659 19836 6912 
19108 14669 19842 6914 
19114 14671 19852 6916 
19120 14675 19859 6920 
19125 14676 19870 6922 
19134 14683 19876 6925 
19141 14687 19882 6926 
19153 14693 19895 6928 
19158 14697 19903 6933 
19164 14710 19908 6936 
19168 14713 19915 6936 
19171 14719 19921 6938 
19177 14725 19929 6940 
19189 14733 19935 6941 
19194 14737 19939 6943 
19202 14743 19945 6946 
19210 14746 19953 6947 
19217 14749 19956 6950 
19226 14752 19966 6951 
19235 14757 19967 6952 
19240 14764 19976 6956 
19246 14766 19982 6957 
19249 14768 19989 6959 
19253 14775 19993 6960 
19257 14778 19999 6963 
19265 14787 20006 6966 
19270 14791 20012 6969 
19276 14796 20016 6973 
19279 14803 20021 6974 
19285 14809 20029 6976 
19291 14816 20037 6976 
19297 14818 20043 6978 
19303 14824 20048 6982 
19315 14835 20055 6984 
19321 14842 20059 6984 
19326 14847 20063 6985 
19335 14850 20064 6986 
19342 14853 20069 6991 
19346 14860 20072 6991 
19348 14862 20076 6997 
19353 14868 20087 6999 
19358 14872 20089 7001 
19366 14879 20095 7005 
19369 14887 20104 7009 
19372 14892 20111 7011 
19378 14894 20119 7011 
19383 14900 20124 7012 
19390 14904 20128 7014 
19394 14908 20135 7014 
19401 14913 20142 7018 
19406 14913 20147 7020 
19414 14914 20156 7025 
19419 14920 20162 7027 
19425 14926 20168 7030 
19429 14931 20177 7033 
19433 14936 20182 7039 
19439 14938 20185 7042 
19444 14940 20194 7045 
19450 14950 20201 7048 
19454 14960 20206 7050 
19458 14968 20218 7054 
19461 14971 20224 7054 
19470 14980 20231 7057 
19475 14990 20239 7061 
19483 14995 20244 7062 
19491 15001 20250 7062 
19494 15003 20259 7064 
19496 15011 20264 7067 
19505 15015 20273 7070 
19517 15020 20280 7073 
19526 15024 20287 7075 
19532 15027 20296 7076 
19534 15031 20302 7076 
19538 15034 20305 7079 
19545 15041 20309 7082 
19553 15047 20318 7085 
19560 15052 20323 7090 
19567 15057 20329 7092 
19581 15058 20337 7093 
19586 15060 20341 7094 
19590 15068 20347 7099 
19595 15073 20355 7104 
19603 15080 20360 7107 
19607 15082 20365 7107 
19613 15083 20368 7108 
19616 15088 20376 7109 
19620 15090 20386 7111 
19625 15093 20391 7115 
19628 15101 20401 7118 
19632 15106 20408 7119 
19638 15117 20416 7120 
19649 15119 20426 7122 
19655 15125 20435 7124 
19661 15127 20439 7124 
19671 15129 20445 7129 
19674 15133 20451 7132 
19683 15136 20455 7133 
19694 15141 20459 7134 
19697 15142 20463 7136 
19703 15147 20466 7137 
19709 15150 20472 7141 
19717 15157 20475 7146 
19724 15168 20486 7148 
19728 15176 20492 7150 
19729 15178 20499 7153 
19734 15182 20505 7154 
19741 15182 20510 7157 
19749 15186 20516 7160 
19759 15189 20526 7164 
19769 15192 20529 7165 
19777 15197 20535 7165 
19781 15206 20550 7168 
19784 15211 20558 7170 
19788 15217 20565 7172 
19793 15226 20572 7176 
19801 15233 20574 7179 
19803 15239 20582 7181 
19809 15244 20585 7182 
19814 15249 20588 7183 
19822 15254 20595 7184 
19826 15256 20604 7187 
19836 15262 20608 7191 
19839 15264 20612 7193 
19848 15270 20621 7195 
19851 15274 20631 7196 
19855 15279 20637 7199 
19859 15282 20643 7200 
19864 15284 20652 7201 
19867 15288 20655 7204 
19869 15295 20662 7206 
19873 15299 20669 7207 
19884 15307 20676 7208 
19891 15316 20681 7210 
19895 15322 20685 7214 
19901 15329 20691 7215 
19909 15331 20697 7216 
19915 15339 20706 7221 
19921 15349 20715 7223 
19930 15351 20721 7224 
19939 15355 20731 7226 
19945 15360 20739 7228 
19953 15364 20747 7228 
19962 15365 20758 7232 
19964 15368 20768 7232 
19971 15372 20777 7236 
19979 15379 20780 7238 
19987 15382 20786 7239 
19992 15387 20794 7239 
20001 15393 20799 7241 
20004 15399 20803 7244 
20013 15404 20806 7247 
20021 15408 20812 7251 
20028 15411 20815 7251 
20032 15413 20817 7253 
20039 15420 20823 7255 
20049 15424 20832 7258 
20055 15428 20837 7259 
20060 15435 20844 7263 
20070 15437 20846 7263 
20078 15441 20852 7265 
20090 15446 20856 7267 
20099 15450 20865 7268 
20103 15457 20868 7271 
20108 15464 20876 7272 
20116 15468 20886 7278 
20122 15472 20888 7280 
20125 15477 20891 7283 
20129 15479 20898 7284 
20134 15486 20901 7286 
20141 15491 20906 7290 
20148 15497 20916 7290 
20157 15500 20924 7294 
20162 15504 20930 7295 
20168 15511 20936 7298 
20174 15515 20940 7300 
20179 15519 20946 7305 
20183 15524 20952 7309 
20196 15530 20960 7310 
20201 15532 20966 7314 
20205 15533 20976 7316 
20210 15539 20988 7316 
20216 15545 20993 7319 
20217 15547 21001 7322 
20229 15553 21007 7325 
20238 15560 21015 7327 
20243 15566 21025 7328 
20248 15568 21031 7329 
20254 15571 21039 7330 
20265 15577 21048 7332 
20274 15583 21052 7332 
20279 15585 21055 7333 
20285 15592 21059 7335 
20291 15596 21065 7336 
20295 15600 21068 7337 
20295 15602 21074 7338 
20302 15603 21081 7340 
20310 15608 21086 7340 
20313 15613 21089 7341 
20323 15622 21098 7344 
20330 15628 21109 7345 
20335 15631 21116 7347 
20343 15634 21127 7351 
20353 15640 21130 7353 
20357 15645 21135 7357 
20361 15651 21143 7361 
20368 15658 21154 7363 
20372 15663 21158 7364 
20377 15668 21163 7365 
20384 15670 21170 7368 
20392 15671 21179 7370 
20402 15678 21190 7372 
20408 15684 21200 7372 
20418 15689 21203 7375 
20429 15697 21208 7376 
20430 15704 21211 7377 
20437 15710 21218 7378 
20441 15713 21226 7382 
20446 15718 21236 7385 
20452 15724 21238 7387 
20457 15732 21242 7389 
20464 15735 21248 7392 
20473 15742 21255 7394 
20478 15745 21259 7397 
20481 15750 21265 7398 
20487 15757 21273 7401 
20493 15761 21279 7403 
20500 15763 21285 7405 
20504 15768 21293 7406 
20508 15770 21299 7410 
20510 15776 21310 7414 
20517 15781 21317 7416 
20521 15785 21324 7420 
20528 15787 21328 7424 
20534 15791 21336 7426 
20544 15796 21346 7429 
20554 15798 21351 7432 
20558 15801 21355 7434 
20564 15806 21362 7434 
20570 15812 21369 7437 
20576 15816 21379 7439 
20583 15821 21388 7440 
20586 15830 21392 7442 
20594 15833 21399 7446 
20602 15838 21402 7452 
20607 15842 21409 7454 
20617 15847 21418 7455 
20628 15853 21423 7459 
20633 15854 21431 7461 
20637 15856 21440 7463 
20641 15860 21444 7465 
20644 15869 21448 7466 
20650 15875 21454 7467 
20654 15880 21460 7468 
20657 15884 21468 7469 
20664 15891 21471 7475 
20668 15893 21477 7477 
20674 15894 21482 7479 
20680 15900 21486 7481 
20684 15903 21493 7481 
20690 15906 21496 7481 
20694 15912 21500 7483 
20704 15918 21505 7486 
20714 15920 21511 7490 
20718 15922 21513 7492 
20723 15929 21520 7493 
20727 15930 21524 7499 
20730 15934 21536 7500 
20738 15944 21539 7502 
20745 15952 21546 7505 
20749 15958 21553 7507 
20755 15958 21560 7507 
20757 15965 21567 7508 
20764 15969 21576 7515 
20769 15974 21585 7515 
20777 15980 21592 7516 
20784 15985 21601 7519 
20788 15992 21606 7521 
20788 15997 21612 7525 
20792 16004 21618 7526 
20797 16012 21627 7531 
20804 16019 21631 7536 
20811 16022 21637 7539 
20815 16027 21643 7540 
20821 16030 21650 7540 
20827 16032 21657 7543 
20832 16034 21662 7543 
20837 16040 21672 7549 
20840 16042 21675 7553 
20845 16049 21684 7555 
20851 16055 21689 7558 
20856 16056 21693 7559 
20857 16066 21699 7561 
20863 16070 21704 7562 
20871 16080 21711 7567 
20875 16085 21716 7568 
20882 16088 21722 7572 
20892 16088 21731 7576 
20898 16094 21739 7578 
20901 16100 21745 7580 
20911 16103 21751 7584 
20919 16112 21757 7584 
20923 16117 21764 7589 
20936 16121 21772 7591 
20939 16124 21778 7593 
20943 16130 21783 7595 
20950 16138 21791 7598 
20955 16143 21797 7600 
20965 16150 21801 7601 
20970 16153 21813 7604 
20978 16159 21818 7607 
20983 16162 21825 7609 
20986 16168 21826 7615 
20991 16174 21835 7618 
20994 16184 21839 7620 
20999 16187 21845 7624 
21004 16188 21857 7629 
21008 16193 21861 7631 
21018 16197 21864 7634 
21022 16198 21871 7635 
21027 16202 21879 7636 
21033 16203 21882 7636 
21038 16208 21890 7638 
21044 16209 21897 7640 
21052 16215 21904 7643 
21063 16223 21911 7644 
21071 16226 21917 7647 
21075 16229 21918 7647 
21081 16237 21924 7649 
21089 16241 21932 7652 
21097 16247 21940 7654 
21101 16255 21945 7657 
21106 16262 21948 7662 
21110 16264 21955 7662 
21116 16265 21965 7664 
21120 16272 21972 7670 
21125 16275 21977 7676 
21131 16279 21983 7678 
21136 16287 21993 7679 
21142 16297 22002 7680 
21150 16306 22007 7684 
21153 16313 22014 7687 
21156 16317 22017 7690 
21159 16322 22024 7694 
21162 16325 22032 7698 
21172 16329 22033 7699 
21179 16331 22045 7701 
21187 16337 22049 7702 
21194 16340 22057 7704 
21204 16348 22059 7705 
21211 16352 22066 7707 
21220 16364 22072 7710 
21223 16366 22077 7713 
21229 16372 22083 7714 
21236 16376 22088 7715 
21240 16382 22097 7718 
21244 16387 22106 7720 
21253 16391 22117 7723 
21258 16396 22124 7729 
21266 16400 22131 7733 
21273 16405 22135 7734 
21282 16406 22142 7734 
21287 16414 22151 7735 
21289 16417 22160 7739 
21293 16421 22167 7742 
21299 16426 22174 7743 
21304 16431 22180 7745 
21308 16439 22186 7748 
21314 16444 22191 7751 
21321 16450 22202 7754 
21329 16455 22211 7756 
21333 16458 22215 7759 
21337 16458 22223 7763 
21342 16467 22233 7766 
21346 16470 22240 7768 
21353 16477 22246 7769 
21360 16481 22251 7771 
21369 16486 22255 7774 
21379 16489 22259 7776 
21388 16497 22262 7778 
21393 16505 22270 7780 
21399 16507 22280 7782 
21409 16510 22293 7785 
21411 16516 22305 7789 
21416 16519 22311 7789 
21422 16523 22312 7790 
21427 16529 22322 7795 
21431 16530 22330 7797 
21438 16534 22331 7799 
21446 16538 22334 7805 
21451 16543 22340 7810 
21456 16551 22345 7814 
21462 16552 22347 7817 
21463 16556 22353 7818 
21470 16560 22359 7820 
21476 16563 22368 7825 
21481 16565 22375 7828 
21487 16570 22382 7834 
21492 16576 22385 7835 
21496 16582 22393 7836 
21509 16586 22398 7839 
21513 16590 22405 7846 
21521 16597 22409 7848 
21529 16601 22413 7849 
21534 16605 22422 7853 
21538 16607 22428 7854 
21542 16613 22433 7857 
21546 16621 22439 7860 
21551 16626 22444 7860 
21559 16633 22455 7863 
21564 16641 22459 7863 
21567 16649 22467 7864 
21571 16660 22473 7865 
21582 16663 22481 7865 
21589 16667 22489 7865 
21591 16670 22491 7867 
21606 16674 22497 7869 
21614 16677 22501 7871 
21623 16686 22507 7873 
21628 16689 22511 7875 
21633 16694 22522 7876 
21636 16701 22529 7880 
21643 16709 22535 7882 
21650 16716 22542 7886 
21654 16723 22547 7887 
21658 16727 22557 7890 
21665 16733 22567 7892 
21671 16737 22575 7897 
21677 16744 22583 7900 
21688 16750 22592 7903 
21695 16755 22601 7906 
21702 16761 22605 7907 
21706 16766 22610 7908 
21712 16771 22617 7912 
21716 16775 22628 7915 
21722 16779 22633 7919 
21727 16783 22637 7922 
21731 16791 22648 7925 
21737 16797 22655 7927 
21742 16798 22666 7928 
21745 16803 22673 7929 
21753 16810 22680 7930 
21765 16816 22689 7931 
21778 16822 22697 7932 
21786 16830 22707 7939 
21789 16835 22714 7941 
21797 16841 22721 7946 
21800 16845 22731 7948 
21805 16851 22735 7948 
21809 16854 22740 7952 
21818 16860 22744 7953 
21829 16863 22753 7957 
21833 16869 22760 7960 
21838 16873 22765 7961 
21845 16882 22771 7965 
21851 16889 22777 7969 
21853 16892 22781 7969 
21859 16895 22789 7971 
21863 16901 22792 7974 
21871 16904 22799 7974 
21878 16910 22804 7978 
21883 16913 22810 7980 
21891 16916 22813 7982 
21898 16923 22820 7984 
21902 16927 22824 7987 
21908 16932 22829 7988 
21915 16936 22835 7990 
21919 16939 22843 7993 
21921 16947 22854 7994 
21922 16949 22860 7997 
21932 16951 22863 7998 
21936 16956 22866 8001 
21939 16960 22870 8003 
21947 16963 22878 8003 
21953 16966 22881 8007 
21954 16969 22886 8007 
21962 16972 22895 8009 
21972 16974 22901 8011 
21979 16977 22912 8013 
21982 16983 22914 8015 
21989 16987 22918 8016 
21991 16992 22930 8018 
21998 16993 22937 8022 
22005 16996 22944 8025 
22016 17000 22948 8027 
22024 17005 22954 8029 
22030 17011 22960 8034 
22033 17014 22967 8036 
22038 17017 22972 8036 
22048 17022 22980 8037 
22049 17026 22990 8039 
22058 17035 22992 8041 
22065 17043 23003 8044 
22070 17048 23009 8047 
22073 17050 23012 8048 
22079 17056 23018 8053 
22085 17060 23024 8055 
22091 17065 23031 8058 
22094 17069 23038 8064 
22104 17072 23051 8065 
22109 17073 23057 8067 
22116 17073 23060 8069 
22128 17078 23063 8073 
22133 17084 23069 8074 
22138 17093 23082 8076 
22145 17096 23088 8077 
22149 17102 23096 8080 
22153 17107 23102 8082 
22159 17113 23111 8091 
22171 17118 23121 8095 
22177 17123 23124 8099 
22182 17127 23133 8102 
22187 17129 23137 8105 
22188 17136 23146 8106 
22190 17143 23152 8108 
22194 17149 23163 8114 
22201 17157 23168 8116 
22204 17162 23173 8118 
22214 17166 23175 8120 
22217 17174 23183 8121 
22220 17180 23187 8123 
22226 17185 23193 8125 
22233 17190 23198 8130 
22244 17199 23202 8131 
22251 17203 23207 8133 
22262 17208 23214 8134 
22268 17214 23217 8135 
22271 17220 23225 8136 
22278 17227 23233 8139 
22282 17232 23241 8139 
22291 17241 23245 8142 
22303 17250 23254 8145 
22309 17256 23260 8148 
22313 17257 23266 8150 
22317 17259 23273 8152 
22319 17259 23283 8157 
22324 17262 23292 8163 
22329 17265 23297 8163 
22332 17270 23301 8165 
22338 17275 23307 8168 
22344 17277 23318 8170 
22354 17282 23322 8175 
22362 17285 23325 8176 
22367 17289 23330 8182 
22374 17297 23336 8182 
22376 17304 23339 8183 
22384 17312 23344 8184 
22390 17316 23347 8184 
22397 17321 23361 8186 
22403 17328 23367 8186 
