0 0 0 0 
9 3 9 3 
17 3 12 4 
21 5 20 6 
23 11 24 9 
29 16 28 10 
34 21 31 12 
37 23 36 15 
42 29 42 18 
50 32 47 19 
56 33 52 21 
62 40 57 21 
68 41 64 22 
78 43 73 23 
87 47 79 25 
93 50 82 26 
98 53 88 28 
102 56 93 31 
108 60 96 31 
110 62 104 33 
113 63 106 34 
117 65 109 35 
122 66 113 37 
126 68 119 40 
129 71 121 41 
134 77 125 45 
144 77 129 46 
152 80 134 46 
158 83 139 51 
161 89 144 53 
166 90 149 55 
171 93 154 56 
177 97 160 58 
179 100 168 59 
186 103 178 62 
194 105 187 62 
197 107 193 66 
210 110 199 68 
215 112 206 72 
219 121 210 72 
225 124 215 75 
229 128 220 75 
236 132 227 75 
244 137 232 76 
253 139 236 79 
258 143 239 81 
269 147 243 83 
274 150 244 84 
281 151 247 85 
283 154 255 88 
289 157 257 90 
297 166 268 91 
304 171 276 92 
308 176 280 94 
310 179 285 98 
314 188 287 99 
321 191 290 100 
328 196 296 102 
330 200 304 103 
335 205 313 105 
337 207 318 105 
345 209 327 106 
349 217 329 109 
354 219 337 110 
356 222 342 110 
360 227 346 111 
365 231 347 112 
368 235 349 112 
377 242 356 114 
383 247 356 119 
390 249 360 120 
396 251 363 123 
400 251 367 124 
404 254 369 126 
407 257 371 127 
412 264 377 129 
416 265 381 130 
419 269 385 131 
424 272 396 131 
426 274 398 136 
430 278 406 137 
439 279 409 139 
443 282 417 142 
448 284 419 144 
451 290 423 145 
452 292 431 146 
457 297 434 147 
461 300 444 149 
468 305 448 150 
473 314 450 151 
476 317 455 153 
480 327 462 154 
490 330 470 154 
495 334 473 154 
501 338 477 156 
509 346 482 158 
512 347 487 161 
516 357 491 164 
520 358 494 167 
527 362 501 171 
535 369 502 171 
541 372 504 175 
550 373 511 179 
555 375 515 182 
566 377 520 184 
569 380 525 189 
571 384 533 191 
576 391 536 191 
581 395 543 191 
587 400 549 193 
592 401 553 196 
598 406 560 200 
603 410 562 201 
609 413 569 202 
615 417 571 203 
622 421 577 204 
628 427 581 207 
634 433 588 209 
637 436 592 211 
644 439 596 212 
652 443 601 214 
656 450 605 218 
658 456 615 219 
662 458 621 220 
666 460 627 222 
671 463 634 224 
681 467 637 225 
687 471 642 226 
690 473 647 227 
695 475 650 227 
705 480 657 228 
709 482 661 229 
713 486 665 229 
718 487 675 232 
720 488 683 235 
723 492 689 235 
731 499 695 238 
733 502 702 239 
739 506 707 240 
751 507 710 244 
763 512 715 246 
764 517 723 250 
774 518 727 253 
782 523 729 256 
792 527 732 258 
801 533 738 258 
804 538 747 259 
812 539 751 260 
815 545 758 261 
821 547 760 261 
829 551 763 263 
834 553 765 263 
841 559 771 268 
846 562 777 271 
853 564 781 274 
859 567 786 276 
862 572 792 278 
867 579 795 279 
874 584 798 284 
878 586 804 284 
880 591 811 285 
882 596 814 286 
887 598 823 287 
892 602 823 288 
893 606 825 291 
897 610 828 294 
904 613 836 295 
908 619 839 296 
912 621 843 297 
919 625 847 297 
926 627 855 297 
932 629 862 299 
936 635 866 303 
940 637 869 305 
949 640 870 309 
957 642 875 310 
963 646 877 315 
971 655 881 319 
974 655 888 320 
978 657 892 321 
982 659 895 322 
985 661 899 325 
987 663 903 328 
995 666 905 329 
1002 669 906 329 
1008 674 908 329 
1013 680 916 331 
1018 681 919 338 
1027 685 924 339 
1027 689 934 341 
1033 692 941 346 
1036 698 945 347 
1040 706 949 347 
1042 710 954 350 
1052 714 957 350 
1057 716 960 353 
1061 721 964 355 
1068 726 969 357 
1071 730 975 360 
1078 739 981 361 
1086 743 986 363 
1095 745 991 366 
1100 748 997 370 
1106 749 1001 370 
1108 750 1005 371 
1113 752 1007 377 
1121 756 1018 379 
1130 759 1021 380 
1133 762 1026 384 
1137 767 1027 385 
1143 768 1032 389 
1148 772 1040 392 
1154 775 1046 394 
1163 783 1046 396 
1168 785 1050 400 
1175 790 1057 400 
1181 790 1060 403 
1184 792 1066 405 
1189 797 1071 406 
1194 799 1077 409 
1197 801 1083 410 
1204 807 1089 410 
1208 809 1094 414 
1213 812 1098 419 
1223 813 1099 420 
1227 820 1101 421 
1233 822 1102 423 
1236 823 1107 426 
1241 827 1111 428 
1244 830 1115 429 
1251 836 1124 430 
1258 840 1128 432 
1264 846 1133 435 
1267 848 1138 435 
1280 852 1144 437 
1286 855 1148 437 
1290 858 1149 439 
1296 860 1151 440 
1300 863 1159 441 
1301 867 1165 442 
1305 869 1169 442 
1308 872 1178 443 
1313 874 1183 444 
1319 880 1192 446 
1324 882 1203 451 
1327 885 1213 451 
1333 891 1217 453 
1338 894 1223 453 
1341 900 1228 453 
1350 902 1233 454 
1357 907 1239 456 
1358 908 1242 457 
1363 913 1245 458 
1371 916 1251 461 
1372 920 1255 463 
1377 925 1259 464 
1382 930 1265 466 
1387 932 1267 469 
1393 936 1275 469 
1400 940 1283 471 
1404 943 1290 472 
1406 945 1294 475 
1411 948 1300 475 
1412 952 1307 476 
1419 956 1314 477 
1424 958 1317 480 
1427 962 1324 481 
1431 967 1331 481 
1437 970 1332 484 
1443 976 1339 484 
1444 979 1341 485 
1447 983 1347 487 
1452 987 1350 491 
1459 989 1355 494 
1461 993 1359 500 
1469 996 1368 505 
1475 999 1375 505 
1476 1002 1380 509 
1481 1009 1384 512 
1481 1017 1388 516 
1483 1018 1393 518 
1489 1023 1399 521 
1498 1028 1403 523 
1500 1031 1411 525 
1508 1037 1417 526 
1511 1042 1422 528 
1516 1045 1428 530 
1525 1048 1434 532 
1526 1048 1436 536 
1531 1051 1441 539 
1535 1057 1448 541 
1543 1066 1455 543 
1546 1069 1465 545 
1553 1071 1469 546 
1559 1076 1473 546 
1564 1079 1481 548 
1570 1084 1486 551 
1574 1088 1494 551 
1578 1091 1501 551 
1586 1093 1505 553 
1591 1094 1510 554 
1597 1100 1518 556 
1603 1103 1525 559 
1612 1113 1529 564 
1615 1122 1535 568 
1621 1127 1540 568 
1625 1131 1544 570 
1629 1134 1548 573 
1635 1140 1551 577 
1639 1143 1557 581 
1647 1147 1560 583 
1648 1147 1565 586 
1652 1150 1571 588 
1658 1152 1580 591 
1660 1154 1583 592 
1665 1159 1590 594 
1672 1160 1594 596 
1678 1164 1597 598 
1687 1169 1602 598 
1696 1174 1606 599 
1703 1179 1610 599 
1706 1187 1615 601 
1710 1192 1622 603 
1714 1197 1628 605 
1720 1206 1637 608 
1727 1209 1642 612 
1733 1212 1646 613 
1735 1216 1652 616 
1739 1220 1655 617 
1743 1223 1660 619 
1746 1225 1668 620 
1755 1227 1680 622 
1760 1229 1684 624 
1767 1234 1687 624 
1771 1238 1689 627 
1775 1240 1693 629 
1779 1242 1701 629 
1782 1246 1717 631 
1785 1248 1727 633 
1789 1252 1731 635 
1796 1253 1734 636 
1804 1256 1738 638 
1808 1256 1744 643 
1813 1258 1750 646 
1818 1261 1756 647 
1826 1264 1762 649 
1834 1265 1770 651 
1841 1268 1774 655 
1845 1271 1777 657 
1859 1277 1781 657 
1862 1280 1785 658 
1866 1284 1786 659 
1871 1288 1788 659 
1880 1290 1791 660 
1885 1292 1798 662 
1891 1297 1803 665 
1896 1300 1808 666 
1900 1304 1815 666 
1908 1306 1817 668 
1916 1308 1822 668 
1921 1309 1831 669 
1927 1313 1834 671 
1937 1320 1841 674 
1939 1324 1844 674 
1944 1328 1849 677 
1950 1333 1854 677 
1956 1336 1862 677 
1961 1339 1870 679 
1966 1340 1877 680 
1974 1343 1884 681 
1979 1346 1893 683 
1989 1347 1904 685 
1992 1350 1910 685 
1996 1358 1914 686 
1998 1361 1918 687 
2003 1365 1920 688 
2006 1370 1923 689 
2008 1370 1926 691 
2013 1376 1932 694 
2016 1380 1936 696 
2025 1385 1945 697 
2030 1388 1951 699 
2034 1394 1955 702 
2040 1396 1960 703 
2049 1398 1963 703 
2051 1399 1971 705 
2056 1403 1976 708 
2060 1407 1981 711 
2065 1410 1986 713 
2071 1417 1992 713 
2074 1420 1993 717 
2078 1421 2003 720 
2087 1426 2005 721 
2092 1429 2009 723 
2096 1431 2014 726 
2106 1436 2015 728 
2115 1439 2021 730 
2123 1443 2033 731 
2127 1447 2036 734 
2136 1451 2043 734 
2140 1457 2047 736 
2146 1460 2051 739 
2154 1466 2055 740 
2158 1468 2059 743 
2165 1471 2063 748 
2169 1472 2071 748 
2176 1473 2075 748 
2183 1475 2080 751 
2189 1477 2089 752 
2192 1482 2092 754 
2197 1484 2096 757 
2200 1487 2103 763 
2207 1490 2109 766 
2213 1499 2112 766 
2217 1505 2118 767 
2221 1506 2127 770 
2225 1506 2135 771 
2232 1510 2137 771 
2238 1512 2144 776 
2249 1513 2151 778 
2257 1516 2153 785 
2260 1516 2157 786 
2266 1517 2162 788 
2270 1519 2163 789 
2279 1521 2168 792 
2284 1525 2171 795 
2292 1528 2177 795 
2296 1530 2182 797 
2299 1537 2186 800 
2304 1539 2190 801 
2309 1544 2195 801 
2318 1546 2200 802 
2327 1553 2203 803 
2331 1556 2207 803 
2338 1559 2218 806 
2348 1562 2222 807 
2353 1569 2227 808 
2360 1573 2233 810 
2366 1579 2237 814 
2373 1581 2246 818 
2378 1584 2255 820 
2384 1585 2261 820 
2392 1590 2267 822 
2399 1598 2276 825 
2404 1603 2280 827 
2408 1604 2283 830 
2412 1608 2286 831 
2414 1609 2297 834 
2418 1610 2301 835 
2426 1617 2305 835 
2434 1620 2309 838 
2439 1626 2314 839 
2446 1626 2316 841 
2450 1628 2322 842 
2456 1632 2328 843 
2462 1635 2331 844 
2470 1635 2336 845 
2480 1643 2340 845 
2488 1647 2346 849 
2491 1653 2351 849 
2498 1659 2354 851 
2503 1661 2361 855 
2506 1665 2363 858 
2509 1672 2369 860 
2514 1678 2374 860 
2518 1679 2379 860 
2524 1680 2386 861 
2528 1684 2395 864 
2533 1688 2397 865 
2537 1692 2401 865 
2542 1696 2409 868 
2549 1699 2414 869 
2551 1704 2418 871 
2558 1707 2422 875 
2561 1712 2426 877 
2567 1718 2429 878 
2572 1718 2434 879 
2575 1719 2438 879 
2582 1720 2446 882 
2594 1723 2449 882 
2602 1727 2455 883 
2609 1729 2460 883 
2612 1731 2462 884 
2618 1737 2468 887 
2626 1740 2471 891 
2627 1743 2478 892 
2629 1745 2485 896 
2633 1751 2489 896 
2642 1753 2494 896 
2645 1757 2499 900 
2646 1759 2506 902 
2649 1768 2515 902 
2657 1770 2519 905 
2664 1774 2526 907 
2670 1775 2528 907 
2676 1779 2533 908 
2680 1786 2545 908 
2683 1786 2545 911 
2687 1790 2547 912 
2692 1794 2553 915 
2698 1797 2559 917 
2705 1800 2562 921 
2710 1804 2568 922 
2711 1808 2574 922 
2716 1813 2578 925 
2717 1819 2582 928 
2725 1823 2586 929 
2731 1829 2589 931 
2737 1832 2592 931 
2740 1834 2599 933 
2746 1837 2603 936 
2753 1841 2609 938 
2755 1844 2616 940 
2762 1848 2619 941 
2768 1849 2630 941 
2775 1853 2636 944 
2780 1857 2642 946 
2788 1860 2646 950 
2796 1861 2649 950 
2802 1866 2652 955 
2805 1868 2655 955 
2812 1870 2658 956 
2820 1873 2666 958 
2827 1877 2668 961 
2830 1881 2669 961 
2837 1888 2673 966 
2843 1891 2676 967 
2846 1892 2678 970 
2852 1895 2681 974 
2855 1897 2681 978 
2857 1902 2683 979 
2860 1905 2687 981 
2869 1910 2690 981 
2875 1915 2696 984 
2878 1919 2701 985 
2881 1922 2707 986 
2890 1925 2711 989 
2899 1928 2718 990 
2904 1931 2721 992 
2911 1934 2726 993 
2916 1937 2729 993 
2919 1939 2733 994 
2926 1944 2736 995 
2930 1948 2742 997 
2934 1953 2749 1003 
2939 1960 2750 1003 
2940 1964 2756 1007 
2947 1965 2759 1009 
2952 1966 2763 1010 
2955 1969 2770 1013 
2965 1969 2774 1014 
2970 1973 2779 1016 
2974 1977 2789 1018 
2979 1982 2798 1019 
2985 1984 2802 1022 
2990 1987 2806 1025 
2992 1990 2811 1026 
2996 1995 2813 1027 
3004 1999 2819 1028 
3007 2002 2823 1032 
3016 2005 2828 1036 
3020 2008 2829 1038 
3026 2008 2836 1040 
3030 2012 2843 1041 
3037 2014 2851 1041 
3042 2017 2861 1044 
3046 2020 2869 1045 
3055 2023 2874 1048 
3066 2024 2875 1050 
3069 2035 2880 1051 
3076 2039 2886 1052 
3078 2044 2894 1053 
3083 2046 2900 1054 
3087 2048 2906 1054 
3091 2052 2909 1054 
3096 2054 2914 1054 
3100 2060 2923 1056 
3105 2064 2930 1056 
3106 2067 2940 1058 
3110 2073 2943 1061 
3113 2074 2951 1065 
3116 2077 2955 1069 
3121 2084 2962 1071 
3129 2086 2966 1073 
3137 2088 2969 1075 
3140 2089 2973 1078 
3147 2098 2978 1078 
3149 2101 2985 1079 
3154 2106 2992 1081 
3158 2111 2999 1085 
3159 2111 3002 1087 
3165 2116 3006 1088 
3168 2120 3010 1089 
3178 2125 3016 1089 
3183 2128 3019 1095 
3187 2130 3026 1098 
3195 2133 3030 1098 
3197 2135 3034 1098 
3200 2138 3040 1100 
3206 2138 3046 1105 
3215 2145 3051 1106 
3223 2149 3058 1107 
3233 2152 3065 1108 
3238 2156 3071 1110 
3241 2158 3076 1112 
3246 2161 3084 1112 
3253 2164 3093 1115 
3258 2168 3098 1117 
3262 2170 3106 1117 
3267 2171 3112 1117 
3275 2176 3120 1117 
3280 2181 3125 1118 
3289 2185 3130 1121 
3295 2186 3136 1123 
3300 2191 3144 1127 
3307 2197 3151 1129 
3315 2200 3161 1129 
3320 2204 3172 1130 
3324 2209 3175 1134 
3329 2210 3183 1137 
3338 2212 3188 1139 
3346 2213 3190 1141 
3352 2218 3196 1143 
3356 2225 3198 1146 
3366 2231 3200 1147 
3372 2239 3207 1149 
3376 2242 3211 1149 
3380 2248 3214 1150 
3384 2250 3218 1152 
3391 2257 3223 1153 
3399 2260 3228 1156 
3404 2263 3233 1156 
3408 2263 3239 1157 
3413 2267 3245 1161 
3419 2270 3256 1161 
3419 2271 3258 1163 
3424 2274 3261 1163 
3428 2277 3264 1165 
3433 2284 3269 1166 
3440 2288 3272 1167 
3448 2289 3276 1169 
3453 2291 3279 1174 
3462 2293 3288 1174 
3466 2296 3294 1176 
3469 2299 3303 1178 
3476 2304 3308 1181 
3478 2307 3313 1182 
3483 2309 3315 1183 
3491 2309 3324 1184 
3498 2312 3334 1184 
3501 2315 3342 1186 
3505 2321 3349 1188 
3508 2328 3352 1188 
3516 2332 3357 1190 
3522 2335 3359 1192 
3527 2338 3363 1192 
3536 2343 3372 1194 
3543 2344 3377 1196 
3547 2349 3385 1199 
3558 2352 3390 1201 
3564 2355 3396 1202 
3572 2365 3400 1202 
3578 2368 3407 1202 
3581 2371 3413 1203 
3586 2374 3416 1203 
3590 2377 3425 1208 
3594 2384 3430 1215 
3602 2386 3431 1216 
3612 2392 3436 1220 
3619 2394 3444 1223 
3626 2398 3447 1223 
3631 2401 3450 1225 
3635 2406 3455 1228 
3643 2413 3459 1231 
3646 2415 3464 1233 
3649 2418 3469 1234 
3657 2424 3477 1238 
3664 2426 3482 1240 
3673 2429 3483 1246 
3684 2432 3485 1249 
3693 2435 3491 1253 
3701 2443 3498 1256 
3704 2447 3505 1258 
3709 2455 3510 1262 
3717 2458 3514 1264 
3722 2467 3518 1266 
3731 2471 3522 1267 
3734 2473 3522 1268 
3739 2475 3527 1268 
3742 2478 3534 1272 
3747 2482 3540 1275 
3758 2485 3543 1276 
3763 2490 3545 1278 
3766 2491 3548 1279 
3772 2494 3554 1281 
3781 2497 3560 1285 
3784 2498 3567 1287 
3786 2500 3579 1289 
3789 2505 3584 1295 
3798 2511 3587 1298 
3807 2514 3594 1300 
3813 2516 3603 1303 
3820 2518 3605 1307 
3825 2521 3607 1309 
3827 2523 3614 1310 
3834 2530 3618 1311 
3834 2532 3623 1313 
3838 2539 3629 1315 
3842 2544 3635 1316 
3852 2553 3639 1319 
3856 2558 3644 1320 
3861 2560 3647 1321 
3866 2568 3655 1322 
3872 2572 3659 1324 
3876 2575 3665 1325 
3884 2576 3669 1326 
3890 2579 3674 1329 
3897 2583 3680 1331 
3904 2587 3685 1331 
3908 2587 3688 1333 
3914 2589 3693 1337 
3916 2597 3694 1337 
3926 2601 3699 1344 
3931 2602 3706 1346 
3940 2607 3714 1347 
3944 2610 3718 1348 
3948 2613 3721 1349 
3956 2621 3725 1351 
3960 2622 3731 1353 
3964 2628 3736 1355 
3973 2631 3739 1355 
3979 2635 3745 1358 
3985 2638 3746 1360 
3994 2641 3753 1361 
4005 2646 3761 1362 
4010 2654 3768 1364 
4011 2657 3776 1368 
4013 2661 3781 1370 
4017 2666 3785 1371 
4022 2667 3791 1373 
4026 2671 3796 1377 
4032 2675 3802 1378 
4041 2676 3810 1379 
4044 2678 3817 1380 
4051 2680 3825 1380 
4055 2683 3832 1382 
4059 2685 3840 1384 
4064 2690 3845 1387 
4069 2695 3856 1388 
4074 2700 3856 1392 
4084 2701 3864 1394 
4092 2709 3867 1397 
4098 2714 3878 1401 
4106 2718 3882 1403 
4108 2723 3888 1405 
4114 2727 3894 1406 
4118 2732 3902 1407 
4121 2735 3907 1409 
4124 2738 3910 1410 
4131 2743 3914 1411 
4135 2746 3922 1413 
4136 2750 3931 1415 
4139 2754 3934 1416 
4142 2759 3939 1417 
4148 2762 3943 1420 
4154 2765 3950 1420 
4159 2771 3953 1422 
4166 2772 3960 1423 
4168 2774 3967 1426 
4174 2776 3972 1428 
4178 2780 3978 1431 
4182 2783 3984 1433 
4189 2784 3989 1437 
4198 2791 3993 1437 
4205 2795 4000 1438 
4211 2800 4005 1438 
4216 2806 4012 1441 
4221 2811 4016 1443 
4224 2814 4021 1446 
4226 2821 4026 1448 
4232 2824 4033 1450 
4235 2826 4041 1452 
4240 2830 4047 1453 
4244 2838 4055 1458 
4247 2841 4059 1463 
4251 2849 4065 1464 
4255 2854 4069 1464 
4265 2855 4073 1465 
4269 2860 4079 1467 
4275 2865 4087 1470 
4281 2867 4094 1472 
4289 2871 4095 1475 
4293 2873 4096 1479 
4300 2876 4098 1482 
4308 2878 4103 1483 
4312 2885 4111 1488 
4318 2889 4117 1491 
4323 2893 4122 1491 
4328 2897 4126 1493 
4333 2901 4130 1495 
4341 2905 4134 1497 
4346 2909 4140 1499 
4356 2917 4146 1500 
4359 2923 4152 1500 
4367 2929 4157 1502 
4375 2931 4162 1504 
4384 2934 4166 1506 
4387 2937 4171 1507 
4393 2944 4175 1509 
4397 2950 4184 1510 
4404 2952 4191 1515 
4412 2954 4193 1516 
4417 2960 4196 1519 
4424 2964 4202 1522 
4429 2967 4211 1527 
4436 2972 4215 1528 
4438 2979 4224 1528 
4441 2979 4230 1530 
4447 2982 4236 1532 
4450 2988 4239 1533 
4461 2990 4243 1535 
4463 2994 4248 1537 
4465 2999 4257 1539 
4471 3002 4260 1540 
4475 3007 4266 1544 
4483 3011 4271 1550 
4490 3013 4278 1553 
4495 3014 4289 1554 
4504 3016 4297 1557 
4509 3018 4303 1560 
4514 3021 4305 1561 
4521 3022 4309 1562 
4527 3028 4317 1562 
4533 3029 4324 1564 
4539 3031 4328 1565 
4540 3035 4338 1567 
4546 3038 4345 1567 
4553 3045 4347 1569 
4562 3046 4350 1570 
4571 3049 4355 1572 
4580 3052 4361 1574 
4584 3053 4364 1578 
4588 3057 4369 1580 
4591 3062 4375 1581 
4597 3065 4380 1584 
4602 3071 4387 1585 
4607 3076 4395 1587 
4613 3080 4400 1588 
4618 3081 4403 1591 
4621 3086 4410 1592 
4622 3090 4412 1595 
4627 3094 4415 1601 
4633 3100 4418 1604 
4637 3105 4423 1605 
4641 3109 4428 1606 
4644 3112 4439 1606 
4648 3115 4443 1607 
4652 3120 4444 1610 
4658 3122 4450 1613 
4661 3126 4453 1614 
4663 3130 4460 1615 
4669 3135 4464 1616 
4673 3139 4466 1617 
4678 3143 4470 1617 
4684 3148 4477 1623 
4692 3150 4479 1627 
4699 3156 4482 1629 
4706 3156 4489 1631 
4712 3165 4494 1631 
4720 3167 4496 1633 
4722 3167 4501 1634 
4728 3168 4504 1635 
4741 3169 4514 1637 
4751 3172 4517 1639 
4757 3177 4521 1641 
4763 3184 4525 1643 
4765 3186 4528 1644 
4769 3189 4533 1645 
4773 3195 4536 1645 
4775 3200 4542 1648 
4780 3204 4546 1649 
4784 3208 4551 1653 
4789 3213 4558 1654 
4800 3217 4562 1655 
4803 3221 4565 1658 
4805 3221 4569 1661 
4814 3223 4573 1661 
4819 3227 4579 1665 
4833 3234 4587 1666 
4843 3237 4593 1666 
4847 3241 4602 1666 
4855 3244 4606 1669 
4855 3245 4609 1672 
4862 3251 4612 1674 
4866 3253 4619 1675 
4871 3258 4624 1676 
4875 3262 4630 1677 
4882 3266 4637 1677 
4888 3270 4646 1681 
4896 3275 4653 1682 
4901 3282 4661 1684 
4905 3289 4669 1684 
4910 3294 4670 1686 
4914 3300 4672 1686 
4920 3304 4680 1688 
4924 3307 4685 1690 
4930 3308 4692 1690 
4939 3312 4700 1690 
4943 3317 4706 1691 
4948 3319 4712 1695 
4953 3323 4717 1698 
4953 3330 4722 1700 
4956 3337 4727 1700 
4959 3339 4732 1701 
4961 3342 4742 1704 
4965 3343 4747 1706 
4969 3348 4751 1708 
4975 3351 4752 1709 
4982 3353 4761 1713 
4986 3355 4764 1715 
4991 3358 4771 1718 
4997 3360 4780 1721 
4999 3360 4786 1723 
5003 3365 4795 1725 
5010 3370 4798 1726 
5018 3377 4806 1730 
5025 3380 4811 1732 
5029 3388 4820 1734 
5033 3389 4828 1736 
5040 3392 4833 1738 
5044 3394 4838 1739 
5046 3401 4851 1739 
5049 3404 4857 1742 
5056 3407 4861 1745 
5065 3409 4867 1747 
5069 3416 4874 1750 
5073 3420 4876 1750 
5077 3422 4882 1754 
5084 3424 4888 1757 
5091 3427 4896 1761 
5098 3428 4899 1762 
5101 3433 4911 1765 
5109 3440 4919 1767 
5117 3441 4924 1767 
5121 3445 4929 1768 
5125 3447 4942 1770 
5131 3450 4947 1771 
5135 3455 4951 1773 
5140 3460 4958 1774 
5144 3462 4963 1775 
5147 3464 4967 1779 
5154 3470 4971 1780 
5157 3473 4974 1782 
5166 3476 4979 1787 
5172 3482 4984 1790 
5183 3485 4990 1792 
5187 3486 4991 1795 
5194 3487 4992 1796 
5199 3494 4996 1798 
5202 3495 5000 1802 
5210 3497 5007 1802 
5216 3503 5010 1803 
5219 3506 5014 1805 
5227 3509 5018 1805 
5232 3514 5027 1805 
5233 3519 5032 1807 
5238 3524 5038 1809 
5245 3527 5042 1811 
5253 3531 5052 1815 
5263 3536 5053 1817 
5269 3536 5058 1819 
5276 3540 5062 1823 
5281 3545 5066 1826 
5284 3549 5074 1828 
5287 3551 5081 1829 
5296 3554 5090 1831 
5302 3558 5094 1833 
5308 3561 5103 1837 
5314 3566 5109 1841 
5317 3573 5115 1845 
5320 3578 5122 1849 
5323 3582 5129 1850 
5330 3586 5134 1850 
5337 3590 5136 1852 
5344 3591 5138 1854 
5348 3599 5143 1855 
5352 3609 5147 1856 
5357 3617 5154 1858 
5360 3625 5159 1859 
5366 3631 5162 1859 
5369 3631 5169 1861 
5380 3634 5174 1861 
5386 3636 5179 1862 
5390 3642 5184 1865 
5397 3646 5191 1870 
5401 3648 5198 1870 
5410 3653 5201 1871 
5418 3659 5207 1875 
5423 3663 5212 1877 
5429 3666 5218 1878 
5435 3669 5227 1879 
5441 3674 5237 1881 
5448 3676 5240 1882 
5458 3680 5245 1883 
5460 3683 5250 1885 
5468 3690 5254 1888 
5471 3694 5257 1890 
5477 3697 5261 1893 
5480 3702 5265 1893 
5484 3705 5269 1896 
5491 3707 5276 1899 
5496 3708 5284 1902 
5498 3710 5290 1904 
5503 3714 5296 1906 
5508 3720 5299 1910 
5513 3723 5309 1913 
5516 3729 5315 1914 
5521 3738 5319 1916 
5524 3745 5326 1920 
5528 3750 5332 1920 
5539 3758 5336 1923 
5543 3762 5340 1923 
5553 3764 5349 1923 
5564 3770 5356 1925 
5568 3772 5361 1926 
5574 3774 5364 1928 
5579 3778 5366 1930 
5588 3783 5371 1933 
5589 3785 5377 1934 
5594 3790 5381 1937 
5596 3794 5387 1937 
5603 3797 5393 1940 
5613 3802 5398 1942 
5624 3805 5402 1945 
5629 3807 5413 1947 
5632 3814 5417 1950 
5635 3815 5423 1951 
5641 3819 5427 1953 
5647 3820 5436 1956 
5656 3824 5442 1960 
5664 3826 5452 1962 
5669 3830 5459 1963 
5671 3831 5464 1963 
5673 3835 5469 1966 
5677 3837 5474 1966 
5684 3843 5477 1967 
5690 3851 5484 1969 
5696 3852 5492 1971 
5701 3859 5494 1974 
5707 3866 5499 1975 
5712 3869 5505 1975 
5717 3872 5513 1977 
5728 3874 5517 1981 
5730 3878 5526 1982 
5731 3880 5531 1985 
5736 3883 5537 1986 
5739 3887 5543 1987 
5742 3897 5549 1989 
5745 3902 5551 1991 
5750 3904 5556 1994 
5756 3910 5558 2000 
5761 3913 5565 2003 
5767 3919 5568 2004 
5776 3928 5573 2009 
5779 3935 5576 2011 
5780 3938 5580 2013 
5790 3942 5581 2014 
5797 3944 5586 2015 
5801 3947 5591 2019 
5808 3951 5598 2023 
5810 3954 5607 2024 
5814 3958 5620 2028 
5817 3961 5623 2029 
5823 3966 5630 2030 
5833 3971 5636 2030 
5839 3974 5644 2033 
5845 3978 5650 2033 
5855 3981 5657 2034 
5861 3987 5664 2037 
5869 3989 5670 2037 
5876 3992 5674 2038 
5880 3995 5680 2039 
5883 3999 5688 2042 
5890 4007 5692 2044 
5896 4011 5700 2046 
5904 4014 5709 2047 
5907 4017 5713 2048 
5907 4026 5717 2050 
5913 4033 5723 2053 
5915 4035 5733 2055 
5919 4037 5742 2057 
5922 4045 5747 2058 
5929 4048 5751 2058 
5933 4051 5754 2060 
5937 4051 5758 2060 
5941 4053 5763 2062 
5946 4056 5770 2063 
5954 4058 5776 2064 
5956 4061 5783 2067 
5963 4066 5787 2068 
5969 4068 5794 2068 
5971 4073 5798 2069 
5976 4078 5806 2069 
5979 4085 5812 2070 
5985 4092 5818 2072 
5991 4098 5823 2075 
5997 4103 5826 2079 
6000 4103 5831 2083 
6009 4104 5837 2085 
6012 4110 5840 2086 
6015 4112 5845 2088 
6024 4113 5850 2089 
6031 4116 5855 2089 
6036 4117 5861 2091 
6039 4119 5864 2092 
6042 4123 5866 2093 
6046 4126 5872 2093 
6052 4129 5875 2096 
6057 4134 5880 2097 
6060 4137 5890 2097 
6068 4141 5896 2100 
6073 4147 5902 2101 
6075 4151 5908 2103 
6082 4155 5910 2106 
6085 4158 5914 2107 
6092 4161 5916 2111 
6098 4164 5920 2113 
6107 4168 5923 2113 
6109 4175 5929 2115 
6116 4178 5936 2116 
6121 4184 5943 2118 
6129 4188 5947 2119 
6135 4193 5952 2120 
6142 4198 5955 2122 
6149 4203 5962 2123 
6158 4210 5965 2124 
6165 4216 5972 2124 
6169 4218 5982 2125 
6173 4222 5985 2126 
6179 4222 5995 2126 
6189 4227 5998 2127 
6194 4230 6009 2128 
6194 4234 6017 2129 
6199 4238 6019 2130 
6200 4239 6026 2132 
6202 4248 6030 2132 
6208 4251 6034 2135 
6213 4251 6037 2138 
6220 4256 6041 2139 
6224 4258 6046 2140 
6229 4262 6049 2140 
6236 4271 6055 2142 
6238 4277 6061 2144 
6242 4279 6069 2147 
6252 4285 6074 2149 
6254 4290 6077 2151 
6262 4296 6080 2152 
6265 4301 6083 2152 
6272 4304 6088 2152 
6276 4309 6090 2152 
6279 4313 6096 2154 
6285 4317 6101 2157 
6289 4317 6105 2157 
6294 4324 6109 2161 
6304 4329 6119 2164 
6313 4334 6125 2164 
6320 4337 6134 2165 
6328 4343 6141 2166 
6333 4344 6147 2167 
6343 4349 6151 2170 
6346 4354 6154 2172 
6357 4359 6158 2173 
6364 4362 6168 2174 
6368 4365 6176 2176 
6373 4372 6180 2179 
6379 4374 6184 2181 
6384 4379 6189 2182 
6391 4382 6196 2184 
6392 4389 6199 2184 
6401 4392 6205 2184 
6410 4393 6210 2186 
6417 4396 6216 2189 
6422 4399 6225 2190 
6428 4402 6232 2194 
6434 4404 6236 2195 
6437 4406 6247 2197 
6440 4412 6251 2201 
6443 4415 6256 2201 
6447 4421 6260 2204 
6451 4424 6267 2207 
6455 4427 6269 2210 
6460 4429 6273 2210 
6462 4431 6280 2210 
6467 4435 6285 2213 
6471 4442 6290 2216 
6477 4448 6295 2219 
6480 4456 6301 2222 
6485 4463 6304 2223 
6489 4463 6308 2225 
6496 4465 6309 2229 
6504 4469 6313 2230 
6513 4471 6319 2230 
6517 4475 6324 2235 
6522 4480 6328 2235 
6526 4484 6332 2235 
6529 4487 6335 2237 
6539 4490 6342 2239 
6544 4494 6348 2239 
6552 4500 6351 2241 
6557 4505 6354 2241 
6560 4512 6358 2244 
6563 4518 6367 2244 
6569 4519 6374 2248 
6574 4526 6379 2250 
6576 4531 6387 2252 
6580 4533 6390 2254 
6584 4537 6395 2255 
6586 4540 6403 2256 
6598 4543 6411 2257 
6608 4548 6418 2257 
6615 4554 6425 2258 
6619 4556 6433 2259 
6624 4561 6438 2260 
6627 4564 6442 2265 
6633 4570 6450 2266 
6638 4572 6457 2270 
6640 4580 6464 2271 
6643 4583 6470 2273 
6648 4587 6472 2276 
6653 4590 6476 2277 
6658 4590 6484 2281 
6664 4593 6487 2283 
6669 4597 6492 2288 
6671 4602 6497 2292 
6675 4607 6501 2294 
6676 4616 6506 2296 
6684 4624 6515 2296 
6694 4627 6519 2298 
6702 4630 6530 2299 
6706 4635 6534 2299 
6711 4640 6542 2299 
6716 4654 6547 2300 
6718 4659 6551 2304 
6721 4663 6554 2307 
6729 4669 6561 2307 
6737 4674 6566 2308 
6743 4675 6569 2308 
6747 4677 6576 2309 
6756 4681 6581 2312 
6763 4687 6584 2314 
6769 4690 6586 2314 
6775 4694 6595 2315 
6786 4699 6600 2318 
6792 4705 6602 2318 
6797 4705 6607 2322 
6801 4713 6609 2326 
6804 4718 6611 2330 
6808 4720 6615 2331 
6812 4725 6619 2331 
6816 4729 6624 2332 
6819 4734 6631 2336 
6823 4743 6636 2338 
6828 4751 6637 2340 
6833 4756 6641 2342 
6839 4763 6642 2346 
6844 4765 6648 2348 
6853 4769 6656 2349 
6856 4774 6661 2352 
6862 4775 6668 2353 
6866 4781 6677 2359 
6875 4786 6686 2360 
6879 4789 6689 2360 
6886 4791 6695 2361 
6893 4799 6699 2362 
6898 4801 6703 2365 
6902 4810 6707 2366 
6906 4820 6715 2369 
6913 4823 6719 2373 
6918 4827 6722 2375 
6923 4833 6728 2378 
6927 4837 6738 2378 
6935 4841 6745 2378 
6941 4848 6750 2381 
6946 4851 6759 2384 
6952 4854 6765 2387 
6957 4858 6775 2388 
6959 4862 6779 2388 
6963 4865 6783 2389 
6969 4868 6789 2391 
6977 4871 6793 2394 
6985 4877 6802 2397 
6988 4879 6806 2400 
6992 4883 6813 2402 
7001 4884 6817 2406 
7011 4890 6820 2409 
7015 4891 6829 2411 
7018 4895 6832 2415 
7022 4899 6842 2419 
7024 4905 6845 2422 
7027 4911 6850 2426 
7035 4912 6857 2427 
7041 4920 6862 2427 
7049 4925 6868 2428 
7052 4927 6874 2429 
7061 4930 6878 2432 
7071 4933 6880 2434 
7078 4939 6884 2435 
7085 4946 6887 2436 
7088 4952 6893 2438 
7098 4956 6899 2440 
7103 4962 6904 2443 
7111 4963 6906 2444 
7119 4968 6911 2445 
7120 4969 6918 2450 
7125 4972 6923 2454 
7130 4975 6928 2455 
7134 4982 6944 2455 
7140 4985 6949 2459 
7146 4989 6951 2460 
7153 4997 6955 2462 
7160 4999 6962 2464 
7169 5005 6965 2468 
7171 5007 6971 2469 
7174 5011 6977 2472 
7182 5014 6981 2474 
7190 5019 6982 2476 
7195 5024 6985 2477 
7203 5025 6989 2479 
7206 5030 6990 2479 
7212 5035 6993 2481 
7218 5040 7000 2484 
7229 5048 7003 2484 
7238 5054 7010 2486 
7247 5057 7015 2489 
7254 5061 7020 2489 
7256 5065 7026 2493 
7260 5069 7028 2494 
7261 5073 7032 2497 
7271 5079 7038 2499 
7276 5083 7042 2501 
7285 5090 7046 2501 
7287 5094 7051 2503 
7290 5098 7059 2504 
7293 5100 7062 2507 
7302 5104 7072 2508 
7307 5106 7076 2508 
7313 5114 7084 2510 
7315 5117 7090 2513 
7319 5121 7096 2514 
7325 5127 7102 2514 
7330 5136 7105 2516 
7332 5137 7110 2518 
7343 5139 7116 2519 
7349 5146 7122 2520 
7354 5149 7134 2520 
7359 5153 7136 2521 
7363 5160 7141 2524 
7366 5165 7150 2526 
7369 5171 7155 2527 
7376 5178 7159 2527 
7377 5182 7159 2529 
7381 5185 7165 2530 
7384 5188 7169 2531 
7393 5193 7177 2532 
7400 5197 7183 2535 
7403 5201 7189 2537 
7408 5206 7196 2538 
7412 5207 7199 2539 
7422 5213 7205 2541 
7428 5216 7209 2543 
7433 5220 7215 2543 
7440 5224 7220 2545 
7448 5229 7231 2547 
7454 5232 7240 2551 
7457 5235 7244 2555 
7461 5237 7254 2560 
7470 5239 7257 2560 
7472 5245 7264 2562 
7476 5246 7267 2564 
7481 5250 7274 2566 
7488 5254 7278 2568 
7494 5261 7282 2570 
7500 5267 7288 2573 
7502 5270 7294 2574 
7508 5272 7304 2575 
7512 5275 7309 2579 
7521 5277 7314 2579 
7526 5283 7324 2582 
7535 5289 7331 2583 
7540 5295 7337 2585 
7544 5296 7339 2588 
7546 5299 7351 2588 
7550 5302 7358 2590 
7558 5305 7367 2592 
7562 5308 7371 2594 
7569 5313 7376 2596 
7583 5320 7379 2598 
7586 5320 7386 2601 
7592 5326 7393 2601 
7597 5327 7396 2604 
7600 5332 7396 2604 
7605 5337 7400 2608 
7609 5338 7408 2609 
7615 5342 7412 2612 
7620 5344 7420 2613 
7623 5347 7427 2615 
7631 5349 7433 2617 
7636 5351 7443 2619 
7644 5353 7446 2620 
7648 5356 7453 2623 
7651 5359 7462 2625 
7657 5361 7467 2627 
7664 5368 7471 2631 
7667 5372 7474 2633 
7676 5376 7477 2633 
7681 5381 7480 2633 
7687 5384 7486 2635 
7687 5391 7487 2635 
7692 5397 7493 2636 
7698 5401 7500 2639 
7705 5410 7503 2640 
7712 5415 7506 2641 
7724 5420 7510 2643 
7734 5424 7519 2643 
7741 5428 7525 2646 
7745 5435 7529 2651 
7750 5439 7536 2654 
7757 5443 7540 2656 
7763 5447 7546 2662 
7769 5451 7547 2663 
7778 5455 7554 2663 
7785 5458 7558 2665 
7791 5464 7563 2666 
7794 5470 7572 2667 
7797 5475 7581 2671 
7801 5476 7588 2674 
7807 5479 7594 2677 
7815 5482 7606 2679 
7822 5489 7609 2682 
7830 5491 7615 2685 
7834 5495 7622 2688 
7838 5497 7627 2689 
7844 5502 7632 2691 
7849 5504 7633 2694 
7851 5506 7635 2697 
7861 5510 7637 2698 
7864 5513 7641 2699 
7865 5517 7645 2704 
7874 5521 7651 2708 
7882 5524 7656 2710 
7890 5526 7658 2711 
7894 5529 7675 2712 
7900 5533 7680 2715 
7906 5539 7688 2719 
7909 5541 7694 2724 
7914 5548 7701 2727 
7915 5550 7707 2729 
7916 5553 7710 2734 
7926 5557 7718 2735 
7933 5564 7725 2737 
7941 5568 7727 2738 
7944 5573 7734 2740 
7950 5579 7741 2740 
7956 5582 7743 2743 
7961 5586 7757 2743 
7968 5593 7761 2743 
7972 5600 7765 2744 
7976 5603 7767 2744 
7982 5604 7773 2746 
7990 5606 7781 2747 
7998 5610 7789 2748 
8003 5613 7792 2752 
8010 5618 7794 2755 
8016 5623 7802 2756 
8022 5629 7804 2761 
8023 5634 7807 2764 
8028 5635 7809 2768 
8035 5641 7816 2769 
8039 5642 7821 2769 
8042 5645 7826 2772 
8044 5650 7833 2776 
8052 5654 7837 2779 
8053 5662 7841 2780 
8060 5667 7843 2781 
8069 5673 7848 2783 
8072 5680 7854 2783 
8076 5686 7861 2783 
8081 5691 7864 2785 
8086 5699 7867 2787 
8095 5701 7878 2787 
8097 5705 7881 2791 
8100 5709 7889 2793 
8106 5716 7891 2794 
8110 5719 7895 2796 
8116 5721 7900 2796 
8121 5725 7907 2798 
8126 5731 7911 2799 
8129 5734 7917 2800 
8130 5737 7922 2800 
8134 5742 7925 2801 
8140 5749 7931 2805 
8141 5751 7936 2808 
8147 5752 7944 2809 
8152 5757 7949 2810 
8156 5762 7956 2814 
8157 5765 7960 2816 
8161 5770 7965 2818 
8169 5774 7970 2821 
8180 5778 7976 2823 
8184 5779 7980 2823 
8185 5785 7989 2826 
8188 5789 7993 2827 
8193 5792 7998 2827 
8197 5795 8005 2829 
8203 5799 8008 2835 
8205 5806 8010 2837 
8209 5807 8014 2837 
8214 5811 8017 2840 
8219 5820 8020 2841 
8222 5823 8024 2841 
8227 5824 8028 2841 
8237 5827 8034 2846 
8241 5835 8038 2847 
8245 5839 8044 2849 
8248 5845 8048 2851 
8251 5852 8054 2853 
8257 5857 8060 2853 
8262 5859 8063 2856 
8266 5868 8069 2857 
8267 5869 8080 2859 
8270 5873 8089 2862 
8274 5877 8093 2864 
8277 5880 8098 2867 
8283 5883 8103 2867 
8288 5886 8108 2869 
8288 5888 8116 2870 
8292 5893 8119 2871 
8296 5896 8129 2872 
8300 5897 8131 2873 
8308 5905 8133 2875 
8312 5911 8141 2876 
8318 5914 8143 2877 
8322 5915 8149 2882 
8329 5919 8153 2884 
8336 5925 8159 2887 
8342 5927 8165 2887 
8348 5936 8175 2890 
8353 5942 8181 2891 
8355 5947 8186 2893 
8365 5951 8191 2896 
8369 5953 8198 2898 
8375 5957 8201 2899 
8380 5961 8203 2900 
8385 5965 8212 2902 
8390 5972 8219 2904 
8393 5978 8230 2905 
8398 5981 8235 2907 
8403 5991 8241 2908 
8410 5996 8252 2909 
8414 5998 8259 2910 
8418 6005 8261 2911 
8421 6008 8270 2913 
8429 6011 8276 2916 
8435 6016 8283 2919 
8439 6017 8291 2920 
8447 6020 8296 2922 
8449 6028 8298 2924 
8455 6032 8300 2926 
8459 6033 8307 2929 
8462 6039 8313 2931 
8475 6046 8319 2933 
8482 6047 8325 2934 
8487 6050 8333 2937 
8488 6052 8335 2937 
8492 6056 8340 2940 
8500 6060 8349 2943 
8503 6062 8355 2943 
8508 6067 8363 2946 
8513 6072 8366 2950 
8518 6077 8371 2952 
8525 6081 8377 2955 
8536 6082 8381 2955 
8542 6083 8390 2957 
8545 6086 8393 2958 
8552 6089 8405 2959 
8558 6094 8412 2962 
8563 6099 8421 2964 
8570 6103 8429 2966 
8574 6111 8437 2966 
8577 6117 8442 2968 
8580 6123 8445 2971 
8583 6127 8449 2972 
8587 6132 8450 2972 
8592 6135 8458 2973 
8595 6142 8460 2974 
8601 6147 8466 2976 
8603 6152 8472 2978 
8609 6156 8479 2981 
8613 6158 8483 2984 
8618 6164 8490 2987 
8625 6167 8501 2991 
8627 6168 8505 2993 
8631 6176 8515 2997 
8639 6180 8517 2998 
8645 6184 8519 2998 
8651 6191 8522 3002 
8657 6193 8526 3006 
8661 6199 8528 3008 
8669 6203 8535 3008 
8677 6207 8540 3010 
8680 6210 8548 3011 
8687 6215 8556 3013 
8692 6219 8562 3014 
8698 6225 8568 3015 
8702 6227 8573 3015 
8710 6231 8578 3015 
8715 6236 8582 3019 
8722 6240 8586 3020 
8727 6242 8595 3022 
8734 6245 8599 3027 
8739 6249 8607 3029 
8745 6250 8615 3029 
8748 6251 8619 3031 
8755 6255 8626 3033 
8759 6256 8634 3034 
8766 6258 8639 3035 
8776 6262 8653 3036 
8783 6267 8661 3040 
8789 6269 8668 3043 
8795 6273 8672 3045 
8795 6278 8679 3046 
8801 6282 8681 3047 
8809 6285 8684 3049 
8811 6286 8691 3049 
8819 6289 8696 3051 
8822 6292 8703 3051 
8826 6297 8708 3051 
8831 6305 8711 3053 
8834 6308 8721 3054 
8837 6311 8728 3056 
8841 6315 8732 3056 
8846 6322 8738 3058 
8850 6328 8746 3060 
8859 6334 8755 3062 
8863 6338 8761 3064 
8870 6347 8768 3065 
8874 6355 8773 3069 
8880 6359 8776 3069 
8886 6362 8779 3070 
8893 6366 8787 3072 
8897 6373 8789 3073 
8901 6375 8795 3075 
8904 6382 8800 3078 
8908 6386 8805 3078 
8912 6392 8812 3081 
8919 6395 8819 3082 
8923 6396 8827 3082 
8927 6402 8828 3086 
8930 6403 8837 3086 
8931 6412 8846 3087 
8933 6414 8852 3088 
8937 6422 8856 3089 
8945 6423 8858 3089 
8946 6427 8864 3093 
8952 6435 8871 3094 
8953 6436 8874 3095 
8958 6439 8876 3097 
8964 6446 8882 3104 
8970 6451 8887 3105 
8975 6456 8888 3107 
8978 6460 8895 3109 
8981 6465 8903 3112 
8989 6469 8909 3114 
8995 6472 8918 3117 
9006 6476 8921 3120 
9014 6480 8924 3121 
9019 6487 8926 3121 
9029 6492 8936 3125 
9036 6501 8941 3125 
9044 6507 8942 3128 
9053 6511 8950 3130 
9055 6514 8957 3133 
9061 6519 8961 3134 
9071 6523 8965 3136 
9077 6526 8971 3137 
9088 6537 8975 3140 
9094 6541 8976 3142 
9100 6544 8984 3142 
9107 6548 8988 3146 
9114 6552 8996 3148 
9120 6558 8997 3153 
9122 6561 9005 3154 
9125 6567 9008 3154 
9131 6569 9013 3155 
9135 6573 9019 3157 
9141 6577 9023 3158 
9150 6579 9027 3162 
9155 6584 9034 3164 
9163 6588 9041 3164 
9170 6589 9042 3165 
9173 6593 9053 3166 
9180 6595 9062 3168 
9185 6601 9069 3169 
9190 6602 9074 3170 
9195 6608 9078 3171 
9198 6613 9084 3172 
9203 6617 9087 3174 
9208 6624 9092 3178 
9210 6626 9103 3180 
9212 6632 9108 3182 
9216 6638 9109 3186 
9224 6645 9117 3186 
9230 6649 9123 3189 
9234 6652 9125 3191 
9240 6657 9131 3193 
9247 6658 9134 3196 
9250 6661 9144 3199 
9254 6663 9151 3202 
9260 6667 9155 3204 
9268 6669 9159 3206 
9275 6674 9165 3208 
9282 6680 9172 3210 
9287 6683 9180 3212 
9293 6687 9188 3216 
9295 6692 9193 3217 
9303 6695 9194 3218 
9309 6699 9200 3220 
9314 6701 9211 3223 
9320 6703 9219 3228 
9328 6706 9225 3230 
9331 6715 9230 3232 
9338 6721 9236 3235 
9348 6728 9246 3236 
9351 6731 9255 3238 
9354 6741 9263 3238 
9357 6743 9265 3241 
9365 6746 9268 3244 
9372 6751 9276 3245 
9376 6752 9278 3246 
9385 6755 9281 3248 
9388 6758 9289 3251 
9393 6762 9294 3252 
9398 6766 9299 3258 
9402 6767 9302 3259 
9408 6770 9306 3260 
9413 6774 9311 3264 
9418 6777 9319 3266 
9421 6783 9320 3268 
9427 6788 9325 3269 
9432 6789 9328 3271 
9435 6794 9332 3273 
9441 6797 9341 3276 
9449 6802 9352 3279 
9454 6809 9355 3282 
9465 6816 9361 3282 
9471 6823 9364 3285 
9474 6825 9367 3285 
9482 6827 9373 3287 
9488 6830 9377 3290 
9492 6833 9381 3292 
9500 6837 9389 3294 
9505 6841 9392 3296 
9509 6844 9397 3299 
9518 6848 9402 3305 
9527 6853 9411 3307 
9537 6858 9419 3308 
9544 6860 9428 3309 
9552 6862 9434 3310 
9558 6872 9443 3312 
9564 6877 9448 3317 
9568 6879 9453 3320 
9575 6884 9458 3320 
9580 6890 9462 3320 
9588 6894 9468 3322 
9594 6896 9475 3323 
9595 6898 9479 3325 
9600 6903 9486 3328 
9607 6906 9492 3333 
9612 6912 9497 3335 
9618 6918 9503 3337 
9624 6925 9505 3339 
9631 6932 9512 3339 
9634 6941 9517 3341 
9638 6945 9522 3344 
9644 6948 9526 3346 
9648 6951 9532 3349 
9654 6956 9534 3350 
9656 6962 9540 3350 
9662 6964 9547 3351 
9664 6966 9557 3354 
9668 6973 9566 3356 
9676 6975 9573 3360 
9682 6979 9577 3364 
9691 6988 9578 3366 
9696 6991 9581 3370 
9706 7001 9592 3372 
9714 7003 9597 3374 
9718 7006 9607 3376 
9723 7009 9616 3379 
9725 7013 9619 3382 
9733 7016 9627 3384 
9740 7020 9635 3385 
9744 7023 9641 3390 
9747 7024 9649 3391 
9753 7027 9653 3393 
9755 7030 9655 3394 
9758 7037 9665 3400 
9767 7037 9668 3402 
9776 7039 9672 3405 
9783 7044 9679 3409 
9784 7050 9682 3410 
9788 7054 9689 3414 
9792 7059 9693 3417 
9800 7061 9700 3418 
9811 7066 9706 3420 
9813 7072 9709 3421 
9824 7078 9716 3423 
9827 7079 9722 3427 
9830 7085 9728 3427 
9836 7089 9731 3429 
9838 7095 9737 3433 
9843 7096 9744 3437 
9850 7104 9750 3439 
9856 7107 9755 3439 
9858 7110 9760 3443 
9861 7115 9770 3444 
9863 7122 9776 3447 
9866 7129 9781 3447 
9873 7134 9784 3448 
9883 7142 9787 3450 
9890 7147 9790 3453 
9895 7147 9799 3456 
9900 7153 9804 3460 
9907 7155 9809 3463 
9910 7158 9816 3464 
9913 7167 9820 3465 
9920 7173 9826 3465 
9931 7175 9833 3465 
9938 7182 9839 3468 
9945 7187 9842 3472 
9953 7191 9848 3473 
9960 7195 9851 3474 
9962 7204 9861 3474 
9967 7211 9868 3477 
9974 7215 9874 3477 
9981 7219 9876 3480 
9987 7224 9883 3481 
9995 7229 9892 3483 
9996 7233 9895 3484 
10002 7236 9900 3487 
10010 7243 9905 3487 
10014 7247 9909 3488 
10020 7249 9913 3494 
10023 7251 9922 3495 
10026 7255 9933 3496 
10030 7259 9943 3500 
10032 7262 9947 3502 
10038 7266 9950 3503 
10046 7269 9952 3507 
10052 7278 9957 3508 
10056 7281 9964 3509 
10060 7287 9967 3509 
10067 7294 9973 3509 
10073 7302 9977 3510 
10075 7307 9983 3513 
10082 7311 9991 3515 
10089 7315 9994 3516 
10096 7316 10003 3518 
10103 7323 10009 3519 
10109 7329 10010 3519 
10116 7337 10015 3522 
10121 7344 10017 3522 
10127 7349 10021 3524 
10129 7353 10026 3525 
10136 7357 10030 3529 
10138 7361 10039 3531 
10144 7362 10048 3532 
10150 7365 10051 3533 
10153 7369 10056 3537 
10161 7375 10057 3537 
10164 7377 10061 3542 
10171 7380 10065 3548 
10176 7385 10070 3551 
10178 7388 10078 3552 
10181 7394 10083 3554 
10182 7398 10092 3556 
10185 7400 10095 3559 
10192 7406 10100 3561 
10195 7413 10104 3561 
10197 7415 10110 3561 
10202 7418 10112 3565 
10208 7418 10116 3566 
10212 7422 10121 3568 
10215 7430 10123 3571 
10218 7435 10126 3574 
10227 7438 10130 3577 
10230 7445 10135 3578 
10235 7450 10138 3580 
10242 7455 10146 3580 
10246 7459 10148 3581 
10253 7460 10156 3586 
10258 7463 10160 3590 
10262 7468 10165 3591 
10266 7473 10171 3593 
10270 7479 10172 3596 
10274 7481 10178 3597 
10279 7485 10190 3599 
10285 7488 10197 3601 
10290 7494 10203 3604 
10298 7498 10208 3608 
10301 7500 10212 3609 
10305 7503 10218 3613 
10309 7505 10229 3614 
10314 7513 10237 3614 
10318 7521 10242 3615 
10320 7532 10248 3617 
10323 7538 10255 3617 
10329 7540 10263 3619 
10332 7545 10265 3620 
10332 7552 10270 3624 
10338 7554 10271 3625 
10343 7563 10280 3628 
10348 7564 10287 3629 
10355 7567 10294 3630 
10356 7567 10298 3633 
10361 7572 10302 3634 
10366 7580 10307 3636 
10373 7584 10312 3636 
10377 7587 10315 3637 
10383 7594 10320 3638 
10393 7598 10327 3638 
10404 7602 10336 3640 
10407 7603 10346 3640 
10413 7607 10353 3643 
10418 7609 10357 3644 
10426 7614 10363 3647 
10433 7617 10370 3652 
10435 7625 10377 3652 
10443 7629 10381 3653 
10444 7637 10390 3654 
10447 7639 10395 3656 
10456 7643 10406 3659 
10463 7651 10417 3660 
10469 7656 10426 3662 
10474 7659 10432 3664 
10481 7666 10435 3666 
10486 7668 10443 3666 
10492 7673 10447 3666 
10497 7678 10454 3668 
10504 7683 10462 3669 
10511 7686 10467 3669 
10516 7688 10471 3671 
10521 7691 10477 3673 
10531 7695 10485 3673 
10537 7702 10493 3674 
10541 7708 10495 3675 
10545 7709 10497 3676 
10549 7712 10503 3678 
10552 7716 10513 3682 
10557 7725 10523 3684 
10558 7729 10525 3689 
10564 7735 10527 3691 
10568 7739 10533 3692 
10573 7744 10538 3693 
10582 7748 10543 3696 
10586 7750 10547 3698 
10590 7759 10550 3701 
10595 7762 10555 3702 
10596 7766 10561 3706 
10602 7769 10568 3711 
10607 7770 10573 3713 
10607 7775 10581 3715 
10611 7778 10590 3717 
10618 7782 10594 3717 
10622 7785 10597 3719 
10629 7790 10601 3720 
10635 7791 10604 3722 
10643 7794 10611 3723 
10648 7799 10613 3729 
10657 7801 10618 3730 
10663 7802 10628 3733 
10668 7806 10635 3734 
10670 7811 10638 3735 
10676 7815 10647 3736 
10681 7819 10655 3741 
10686 7827 10656 3743 
10693 7827 10661 3744 
10698 7831 10668 3746 
10705 7834 10672 3747 
10708 7842 10677 3748 
10711 7846 10682 3751 
10715 7847 10687 3754 
10723 7853 10690 3758 
10728 7858 10695 3759 
10732 7861 10697 3763 
10741 7864 10701 3765 
10744 7868 10708 3768 
10752 7872 10711 3771 
10758 7879 10715 3774 
10764 7885 10720 3776 
10767 7889 10726 3780 
10775 7892 10733 3782 
10780 7897 10738 3782 
10785 7898 10742 3782 
10789 7901 10747 3784 
10790 7907 10754 3788 
10795 7911 10758 3790 
10804 7914 10761 3790 
10805 7917 10769 3791 
10812 7923 10776 3792 
10814 7927 10783 3793 
10823 7934 10793 3796 
10832 7936 10801 3799 
10838 7944 10806 3800 
10848 7946 10814 3802 
10850 7951 10821 3809 
10854 7953 10828 3809 
10860 7955 10835 3811 
10863 7962 10840 3812 
10867 7966 10845 3813 
10871 7968 10848 3817 
10874 7973 10857 3819 
10879 7977 10865 3822 
10882 7981 10875 3827 
10887 7984 10877 3829 
10894 7985 10884 3832 
10901 7989 10889 3836 
10910 7992 10897 3839 
10914 7997 10897 3841 
10919 8000 10901 3845 
10927 8004 10904 3848 
10934 8005 10910 3851 
10938 8008 10916 3852 
10941 8013 10924 3854 
10945 8018 10926 3855 
10953 8021 10933 3856 
10959 8025 10935 3860 
10964 8028 10940 3862 
10973 8033 10950 3864 
10980 8040 10956 3866 
10985 8047 10962 3866 
10990 8050 10967 3866 
10993 8058 10972 3869 
10994 8063 10981 3870 
11001 8068 10988 3872 
11006 8072 10991 3873 
11011 8080 10996 3875 
11014 8085 11001 3878 
11025 8091 11008 3883 
11030 8094 11015 3884 
11033 8102 11026 3885 
11037 8109 11032 3887 
11045 8118 11040 3890 
11051 8123 11054 3891 
11057 8128 11060 3894 
11061 8136 11068 3896 
11071 8140 11070 3897 
11080 8145 11072 3899 
11086 8146 11077 3900 
11095 8150 11081 3900 
11106 8156 11085 3901 
11111 8160 11095 3906 
11117 8163 11104 3909 
11123 8168 11110 3909 
11127 8174 11117 3910 
11132 8177 11119 3912 
11137 8179 11131 3913 
11140 8182 11137 3916 
11146 8183 11143 3917 
11148 8186 11144 3919 
11156 8191 11150 3919 
11159 8194 11154 3922 
11163 8197 11159 3924 
11168 8202 11164 3924 
11175 8207 11171 3925 
11183 8210 11177 3926 
11187 8216 11183 3928 
11191 8218 11189 3930 
11197 8222 11190 3931 
11200 8228 11193 3932 
11207 8232 11197 3935 
11214 8238 11206 3938 
11218 8244 11210 3940 
11222 8246 11213 3940 
11228 8252 11216 3941 
11236 8259 11223 3942 
11237 8261 11228 3943 
11243 8270 11236 3947 
11253 8274 11253 3951 
11260 8282 11261 3952 
11271 8288 11264 3952 
11282 8293 11268 3953 
11286 8298 11271 3954 
11291 8300 11277 3955 
11295 8302 11282 3957 
11302 8305 11286 3960 
11310 8311 11293 3960 
11316 8314 11300 3960 
11320 8321 11305 3963 
11325 8326 11311 3966 
11334 8328 11322 3966 
11340 8332 11332 3969 
11342 8335 11334 3970 
11351 8340 11340 3972 
11355 8347 11345 3973 
11360 8354 11352 3975 
11366 8357 11356 3976 
11372 8360 11362 3979 
11378 8364 11367 3982 
11383 8365 11374 3983 
11388 8371 11378 3985 
11394 8377 11389 3985 
11397 8380 11395 3987 
11405 8383 11396 3987 
11410 8387 11399 3987 
11418 8392 11405 3989 
11420 8397 11410 3990 
11423 8398 11417 3992 
11434 8402 11423 3993 
11439 8405 11429 3996 
11446 8410 11435 3997 
11449 8418 11438 3998 
11461 8423 11448 4000 
11464 8427 11457 4002 
11471 8435 11468 4006 
11475 8438 11476 4008 
11486 8441 11483 4011 
11496 8446 11489 4013 
11503 8451 11497 4014 
11508 8456 11504 4016 
11516 8463 11506 4020 
11522 8465 11514 4024 
11530 8467 11520 4024 
11535 8469 11529 4028 
11539 8475 11539 4030 
11542 8479 11543 4033 
11549 8482 11545 4036 
11557 8484 11553 4038 
11559 8487 11560 4040 
11564 8491 11569 4041 
11572 8493 11576 4047 
11575 8496 11583 4048 
11581 8501 11589 4052 
11587 8506 11593 4052 
11592 8510 11596 4057 
11601 8514 11603 4060 
11606 8517 11609 4063 
11614 8521 11614 4065 
11621 8525 11618 4067 
11625 8526 11624 4071 
11626 8531 11629 4073 
11635 8535 11639 4077 
11640 8537 11644 4078 
11643 8541 11649 4079 
11648 8545 11661 4080 
11652 8548 11664 4081 
11659 8551 11670 4083 
11662 8556 11677 4085 
11667 8560 11685 4086 
11675 8567 11690 4086 
11682 8573 11699 4087 
11685 8578 11707 4089 
11695 8583 11718 4092 
11700 8590 11721 4094 
11704 8594 11728 4096 
11708 8601 11735 4097 
11713 8607 11739 4098 
11720 8611 11749 4098 
11725 8617 11752 4101 
11727 8621 11754 4103 
11731 8625 11756 4104 
11738 8632 11761 4105 
11743 8634 11770 4105 
11746 8634 11774 4110 
11752 8637 11779 4111 
11758 8639 11782 4112 
11765 8645 11786 4112 
11773 8649 11794 4115 
11780 8655 11802 4117 
11785 8658 11807 4117 
11791 8659 11808 4119 
11797 8668 11814 4124 
11800 8673 11822 4126 
11806 8677 11828 4134 
11810 8681 11830 4136 
11821 8684 11835 4138 
11827 8691 11843 4143 
11831 8695 11848 4147 
11834 8697 11857 4150 
11842 8698 11862 4152 
11845 8702 11868 4155 
11855 8705 11880 4158 
11858 8710 11886 4158 
11861 8712 11892 4160 
11864 8715 11898 4163 
11873 8720 11903 4165 
11878 8723 11911 4166 
11881 8730 11919 4168 
11884 8735 11924 4173 
11889 8741 11930 4175 
11893 8745 11936 4177 
11904 8746 11937 4177 
11910 8750 11944 4180 
11913 8755 11947 4181 
11922 8758 11950 4182 
11927 8762 11954 4187 
11931 8764 11964 4188 
11937 8770 11971 4193 
11943 8777 11976 4194 
11949 8780 11981 4195 
11951 8787 11987 4200 
11958 8788 11992 4200 
11964 8792 11999 4201 
11970 8796 12007 4203 
11974 8800 12011 4204 
11977 8805 12020 4208 
11983 8811 12030 4209 
11988 8820 12032 4211 
11992 8824 12037 4213 
11996 8825 12039 4214 
11998 8828 12046 4214 
12007 8833 12052 4215 
12013 8839 12056 4215 
12015 8841 12062 4216 
12020 8848 12068 4220 
12024 8851 12075 4223 
12027 8855 12076 4224 
12036 8859 12083 4224 
12041 8863 12094 4227 
12047 8867 12102 4230 
12052 8871 12107 4231 
12059 8875 12114 4232 
12064 8884 12121 4233 
12070 8885 12124 4234 
12075 8888 12130 4235 
12078 8891 12134 4236 
12083 8894 12139 4237 
12086 8899 12147 4242 
12088 8902 12155 4246 
12091 8905 12159 4246 
12095 8913 12166 4248 
12105 8917 12171 4251 
12116 8922 12179 4253 
12118 8927 12186 4255 
12122 8930 12190 4256 
12127 8939 12198 4260 
12133 8941 12204 4262 
12136 8945 12210 4263 
12143 8947 12214 4264 
12150 8954 12219 4267 
12152 8963 12226 4269 
12159 8966 12231 4269 
12166 8971 12242 4271 
12168 8974 12248 4271 
12179 8977 12254 4272 
12188 8982 12258 4278 
12196 8984 12266 4280 
12204 8987 12271 4283 
12209 8992 12274 4284 
12215 8996 12279 4287 
12218 8997 12284 4290 
12225 9004 12287 4292 
12230 9010 12295 4294 
12235 9014 12301 4297 
12237 9018 12305 4298 
12244 9020 12313 4299 
12250 9025 12314 4302 
12256 9028 12319 4302 
12264 9031 12321 4305 
12269 9036 12326 4306 
12278 9041 12336 4310 
12282 9045 12340 4314 
12287 9050 12345 4317 
12295 9053 12351 4319 
12303 9059 12359 4321 
12308 9064 12366 4322 
12311 9068 12371 4323 
12314 9073 12374 4325 
12321 9075 12377 4327 
12324 9081 12385 4327 
12332 9084 12389 4330 
12340 9089 12394 4331 
12345 9092 12399 4333 
12347 9094 12407 4336 
12352 9094 12410 4336 
12362 9095 12412 4337 
12366 9100 12420 4339 
12377 9105 12426 4340 
12380 9109 12432 4343 
12387 9111 12437 4346 
12393 9115 12440 4347 
12396 9119 12447 4350 
12406 9120 12448 4352 
12410 9123 12455 4352 
12415 9126 12468 4354 
12419 9129 12473 4355 
12422 9133 12480 4360 
12428 9140 12483 4366 
12431 9144 12487 4368 
12435 9147 12491 4370 
12441 9153 12497 4374 
12448 9158 12506 4377 
12453 9166 12512 4379 
12457 9169 12518 4381 
12459 9175 12521 4382 
12470 9179 12529 4383 
12475 9182 12531 4383 
12479 9185 12537 4385 
12486 9192 12543 4386 
12490 9198 12547 4389 
12494 9202 12554 4391 
12497 9204 12560 4395 
12499 9208 12568 4396 
12503 9213 12576 4400 
12511 9216 12582 4400 
12516 9220 12590 4400 
12521 9227 12595 4404 
12529 9230 12600 4405 
12537 9233 12607 4408 
12541 9234 12612 4409 
12551 9238 12619 4410 
12557 9244 12622 4413 
12561 9251 12631 4417 
12565 9255 12640 4418 
12573 9260 12644 4420 
12579 9269 12651 4425 
12585 9273 12658 4427 
12592 9281 12662 4428 
12597 9283 12667 4430 
12606 9289 12671 4430 
12608 9291 12684 4433 
12615 9295 12688 4434 
12621 9298 12695 4437 
12624 9299 12698 4443 
12632 9303 12702 4445 
12637 9305 12711 4448 
12639 9309 12717 4449 
12644 9315 12723 4454 
12650 9320 12730 4455 
12658 9327 12737 4456 
12660 9332 12743 4459 
12662 9334 12751 4461 
12670 9342 12754 4461 
12676 9343 12758 4463 
12680 9349 12763 4463 
12686 9355 12767 4466 
12690 9360 12772 4467 
12695 9368 12778 4469 
12697 9373 12783 4471 
12702 9379 12789 4474 
12712 9382 12798 4474 
12717 9387 12801 4476 
12721 9389 12803 4478 
12726 9394 12810 4480 
12732 9399 12813 4483 
12734 9401 12819 4488 
12744 9406 12824 4492 
12755 9410 12827 4496 
12760 9417 12831 4497 
12761 9424 12837 4497 
12764 9429 12842 4499 
12772 9434 12847 4500 
12779 9441 12851 4502 
12785 9446 12854 4504 
12792 9451 12860 4507 
12798 9457 12864 4511 
12804 9458 12873 4516 
12810 9462 12878 4517 
12819 9466 12886 4518 
12823 9468 12889 4520 
12832 9471 12896 4521 
12838 9474 12901 4522 
12840 9476 12908 4522 
12840 9479 12910 4524 
12848 9481 12917 4525 
12850 9487 12925 4525 
12855 9492 12929 4527 
12860 9495 12934 4528 
12867 9497 12939 4534 
12873 9497 12940 4536 
12878 9499 12946 4537 
12883 9502 12953 4539 
12888 9508 12962 4541 
12895 9512 12971 4542 
12897 9516 12975 4543 
12900 9522 12981 4548 
12905 9526 12991 4549 
12913 9527 12995 4550 
12918 9533 13002 4552 
12920 9536 13013 4553 
12926 9536 13019 4555 
12935 9539 13029 4558 
12942 9543 13035 4558 
12952 9547 13039 4561 
12959 9550 13043 4562 
12968 9559 13050 4563 
12976 9569 13052 4563 
12979 9571 13062 4566 
12983 9578 13072 4567 
12991 9583 13077 4569 
12996 9594 13080 4569 
13002 9596 13086 4573 
13013 9600 13092 4576 
13018 9607 13102 4579 
13022 9610 13108 4584 
13029 9615 13114 4587 
13032 9619 13120 4591 
13036 9623 13127 4594 
13044 9628 13133 4595 
13050 9641 13140 4596 
13057 9643 13143 4598 
13066 9650 13155 4599 
13073 9656 13159 4601 
13081 9660 13165 4601 
13085 9663 13171 4604 
13091 9666 13175 4604 
13099 9674 13180 4605 
13105 9676 13187 4606 
13115 9682 13189 4606 
13118 9685 13193 4607 
13126 9692 13198 4608 
13130 9695 13207 4609 
13137 9701 13210 4610 
13148 9706 13218 4612 
13156 9712 13223 4615 
13162 9715 13230 4615 
13169 9718 13238 4615 
13171 9722 13244 4616 
13178 9730 13252 4618 
13182 9734 13255 4619 
13187 9738 13264 4619 
13193 9742 13269 4623 
13199 9747 13275 4623 
13203 9752 13284 4627 
13206 9753 13288 4628 
13208 9761 13296 4630 
13217 9772 13304 4631 
13227 9779 13312 4632 
13235 9785 13316 4635 
13241 9785 13322 4640 
13244 9786 13327 4641 
13249 9791 13335 4643 
13253 9795 13339 4644 
13263 9804 13345 4646 
13266 9809 13349 4648 
13272 9813 13357 4649 
13275 9819 13364 4649 
13283 9826 13370 4650 
13287 9832 13376 4656 
13293 9836 13383 4660 
13296 9841 13392 4665 
13301 9847 13398 4668 
13304 9851 13400 4672 
13310 9856 13409 4673 
13317 9857 13419 4673 
13321 9862 13424 4677 
13329 9867 13435 4680 
13335 9875 13441 4680 
13339 9878 13446 4680 
13346 9881 13453 4683 
13352 9883 13455 4686 
13360 9888 13460 4689 
13367 9892 13462 4691 
13377 9895 13468 4695 
13383 9901 13474 4697 
13385 9909 13479 4698 
13390 9910 13488 4701 
13400 9915 13491 4704 
13407 9919 13493 4709 
13408 9922 13498 4709 
13415 9927 13502 4710 
13419 9932 13506 4712 
13425 9941 13513 4713 
13431 9947 13518 4716 
13435 9951 13524 4719 
13444 9955 13530 4722 
13447 9966 13534 4724 
13451 9971 13540 4727 
13461 9973 13547 4730 
13462 9980 13554 4733 
13472 9984 13559 4735 
13480 9986 13562 4739 
13489 9991 13564 4743 
13495 9995 13568 4743 
13499 9999 13577 4745 
13502 10003 13584 4748 
13512 10006 13587 4749 
13517 10011 13592 4750 
13525 10014 13596 4753 
13534 10016 13605 4757 
13541 10018 13611 4757 
13549 10022 13618 4760 
13553 10027 13629 4767 
13556 10030 13642 4769 
13561 10036 13645 4774 
13567 10041 13652 4777 
13573 10043 13658 4782 
13578 10051 13664 4786 
13581 10054 13668 4787 
13586 10061 13673 4789 
13589 10064 13680 4793 
13592 10070 13690 4793 
13596 10072 13692 4794 
13598 10075 13695 4798 
13600 10080 13702 4799 
13605 10085 13705 4802 
13614 10090 13710 4805 
13617 10094 13712 4808 
13621 10097 13717 4810 
13630 10098 13719 4812 
13636 10103 13724 4815 
13640 10105 13729 4817 
13648 10110 13736 4821 
13654 10116 13741 4823 
13659 10123 13745 4823 
13664 10130 13749 4824 
13670 10138 13755 4825 
13673 10142 13757 4827 
13678 10148 13761 4828 
13684 10150 13774 4831 
13687 10151 13778 4831 
13693 10153 13786 4834 
13700 10158 13794 4837 
13707 10163 13804 4837 
13710 10164 13808 4838 
13718 10172 13812 4839 
13723 10177 13814 4840 
13725 10185 13819 4840 
13730 10187 13823 4842 
13739 10192 13829 4844 
13745 10195 13839 4847 
13751 10199 13844 4851 
13753 10202 13849 4854 
13758 10205 13850 4855 
13763 10210 13857 4857 
13766 10216 13862 4857 
13770 10221 13871 4858 
13776 10223 13873 4861 
13782 10227 13878 4864 
13788 10232 13883 4865 
13795 10235 13890 4867 
13801 10237 13898 4868 
13807 10239 13907 4871 
13810 10247 13914 4873 
13818 10249 13919 4876 
13824 10257 13924 4879 
13827 10259 13929 4879 
13836 10262 13938 4882 
13842 10265 13943 4885 
13849 10270 13947 4888 
13852 10275 13953 4891 
13856 10281 13958 4892 
13864 10285 13967 4896 
13870 10290 13969 4898 
13874 10293 13974 4898 
13879 10297 13979 4906 
13884 10303 13983 4907 
13889 10308 13987 4912 
13897 10312 13993 4913 
13903 10315 13998 4915 
13908 10318 14000 4916 
13912 10323 14003 4917 
13913 10327 14008 4917 
13917 10331 14014 4918 
13923 10334 14017 4920 
13926 10340 14024 4921 
13934 10342 14035 4924 
13938 10345 14042 4927 
13945 10350 14047 4928 
13953 10356 14053 4928 
13962 10362 14060 4930 
13968 10369 14066 4933 
13972 10374 14071 4934 
13978 10378 14074 4937 
13987 10381 14075 4940 
13996 10383 14080 4942 
14001 10389 14083 4944 
14005 10394 14085 4945 
14009 10398 14090 4946 
14017 10404 14099 4947 
14024 10406 14103 4950 
14027 10407 14106 4953 
14038 10411 14112 4954 
14041 10415 14120 4957 
14049 10419 14126 4957 
14053 10424 14135 4959 
14060 10429 14144 4960 
14073 10437 14147 4962 
14079 10441 14155 4965 
14088 10446 14159 4968 
14091 10454 14170 4971 
14096 10460 14177 4973 
14103 10464 14181 4973 
14110 10469 14188 4974 
14119 10473 14192 4975 
14125 10480 14199 4978 
14128 10480 14205 4978 
14131 10483 14210 4982 
14138 10487 14217 4982 
14143 10492 14221 4983 
14147 10495 14229 4983 
14149 10496 14238 4983 
14154 10500 14248 4987 
14157 10507 14253 4987 
14163 10507 14261 4991 
14165 10511 14269 4991 
14169 10516 14274 4995 
14170 10520 14281 4995 
14175 10526 14288 4997 
14181 10532 14294 5001 
14183 10534 14304 5004 
14188 10537 14310 5006 
14195 10541 14317 5008 
14200 10544 14324 5008 
14205 10547 14326 5009 
14214 10552 14332 5010 
14221 10557 14340 5014 
14229 10566 14347 5022 
14232 10571 14354 5022 
14234 10576 14359 5022 
14239 10577 14367 5025 
14241 10583 14374 5026 
14248 10591 14381 5029 
14251 10598 14388 5031 
14258 10601 14390 5032 
14267 10605 14396 5033 
14272 10611 14402 5035 
14277 10614 14407 5039 
14283 10618 14412 5041 
14289 10622 14421 5042 
14300 10627 14430 5043 
14310 10628 14437 5044 
14317 10634 14443 5045 
14323 10638 14452 5048 
14325 10639 14456 5050 
14339 10644 14462 5052 
14342 10645 14470 5054 
14344 10651 14474 5056 
14349 10657 14476 5057 
14360 10662 14483 5057 
14366 10666 14490 5058 
14373 10676 14494 5062 
14378 10683 14498 5065 
14381 10687 14506 5067 
14385 10690 14515 5067 
14392 10695 14520 5069 
14395 10704 14528 5074 
14401 10711 14533 5077 
14406 10718 14537 5085 
14414 10722 14541 5087 
14423 10727 14553 5089 
14429 10731 14560 5090 
14429 10735 14565 5095 
14433 10738 14570 5096 
14437 10745 14574 5101 
14447 10752 14576 5102 
14456 10757 14582 5104 
14461 10765 14588 5104 
14465 10773 14593 5105 
14472 10782 14599 5106 
14474 10789 14607 5107 
14480 10795 14613 5107 
14491 10799 14616 5110 
14499 10802 14625 5111 
14506 10807 14635 5113 
14510 10816 14636 5114 
14512 10818 14642 5117 
14516 10824 14646 5119 
14517 10830 14650 5123 
14524 10835 14657 5125 
14531 10841 14661 5126 
14537 10845 14665 5130 
14541 10846 14671 5132 
14547 10849 14680 5132 
14559 10851 14686 5133 
14560 10854 14699 5135 
14565 10858 14705 5136 
14570 10861 14709 5136 
14575 10868 14715 5141 
14577 10870 14720 5146 
14583 10873 14722 5146 
14587 10879 14729 5148 
14591 10880 14730 5152 
14599 10888 14732 5159 
14604 10892 14739 5160 
14609 10900 14748 5162 
14613 10903 14752 5164 
14617 10904 14758 5165 
14620 10909 14759 5166 
14622 10911 14768 5169 
14631 10915 14772 5172 
14636 10919 14775 5172 
14642 10925 14780 5172 
14652 10936 14787 5173 
14655 10941 14796 5174 
14660 10946 14800 5176 
14662 10952 14804 5177 
14668 10957 14813 5179 
14672 10962 14816 5181 
14680 10964 14818 5184 
14687 10971 14822 5184 
14693 10973 14832 5186 
14697 10979 14838 5186 
14704 10980 14844 5186 
14709 10987 14852 5188 
14717 10988 14858 5193 
14720 10991 14861 5195 
14724 10993 14870 5199 
14730 11003 14878 5202 
14734 11007 14887 5205 
14736 11013 14894 5209 
14741 11023 14897 5214 
14747 11034 14903 5214 
14755 11038 14908 5217 
14760 11041 14911 5220 
14763 11045 14917 5222 
14768 11053 14928 5223 
14777 11056 14931 5225 
14780 11060 14937 5227 
14785 11066 14940 5228 
14789 11068 14946 5230 
14795 11070 14952 5232 
14799 11074 14959 5233 
14805 11076 14963 5233 
14817 11082 14965 5233 
14826 11084 14972 5234 
14829 11087 14977 5236 
14836 11092 14983 5238 
14841 11096 14988 5244 
14847 11100 14994 5247 
14852 11103 14999 5248 
14858 11108 15007 5251 
14872 11117 15013 5252 
14880 11121 15016 5252 
14884 11124 15024 5257 
14889 11128 15031 5258 
14896 11130 15033 5259 
14900 11135 15039 5260 
14903 11137 15046 5260 
14907 11141 15052 5262 
14913 11150 15062 5264 
14919 11157 15066 5269 
14923 11164 15070 5270 
14930 11167 15077 5273 
14936 11170 15087 5276 
14939 11174 15091 5277 
14948 11180 15095 5278 
14952 11190 15102 5279 
14957 11193 15108 5282 
14966 11197 15112 5285 
14978 11201 15116 5287 
14981 11202 15121 5289 
14990 11206 15129 5290 
14996 11211 15136 5291 
15005 11214 15143 5294 
15007 11218 15148 5295 
15013 11227 15154 5296 
15021 11236 15158 5296 
15025 11239 15167 5298 
15027 11242 15174 5299 
15033 11245 15178 5300 
15037 11249 15183 5303 
15044 11252 15188 5305 
15052 11254 15189 5307 
15056 11256 15198 5315 
15059 11261 15205 5316 
15066 11264 15209 5320 
15070 11271 15220 5323 
15079 11277 15229 5324 
15085 11281 15236 5327 
15091 11284 15242 5328 
15096 11291 15247 5332 
15102 11297 15253 5334 
15108 11297 15256 5337 
15112 11301 15258 5341 
15116 11305 15268 5346 
15119 11307 15270 5349 
15122 11309 15272 5351 
15128 11314 15275 5354 
15130 11317 15282 5355 
15136 11319 15290 5356 
15143 11324 15294 5359 
15154 11329 15305 5360 
15156 11335 15311 5360 
15159 11337 15316 5364 
15167 11343 15324 5365 
15174 11348 15328 5366 
15178 11353 15332 5368 
15190 11358 15341 5372 
15199 11366 15347 5373 
15205 11372 15350 5374 
15209 11377 15355 5378 
15212 11381 15365 5385 
15218 11383 15370 5385 
15225 11388 15377 5388 
15232 11392 15380 5391 
15236 11397 15387 5392 
15242 11401 15399 5393 
15248 11402 15404 5396 
15254 11403 15406 5397 
15260 11408 15413 5399 
15263 11411 15420 5401 
15266 11416 15422 5404 
15272 11419 15428 5407 
15277 11425 15434 5410 
15284 11427 15443 5415 
15287 11432 15448 5419 
15293 11437 15457 5422 
15295 11446 15460 5423 
15302 11447 15472 5423 
15311 11454 15480 5423 
15315 11455 15486 5425 
15322 11461 15491 5430 
15329 11467 15500 5433 
15334 11475 15505 5435 
15336 11481 15508 5435 
15342 11483 15512 5438 
15346 11489 15515 5439 
15352 11490 15523 5441 
15357 11493 15528 5446 
15364 11501 15538 5451 
15371 11504 15540 5451 
15382 11508 15545 5454 
15387 11511 15549 5456 
15394 11517 15553 5457 
15398 11519 15561 5458 
15405 11523 15566 5459 
15412 11527 15574 5460 
15415 11531 15575 5462 
15422 11536 15581 5465 
15430 11541 15586 5469 
15435 11544 15590 5470 
15439 11548 15595 5471 
15442 11552 15599 5474 
15444 11556 15605 5476 
15446 11559 15608 5476 
15449 11564 15618 5478 
15454 11569 15622 5481 
15455 11573 15628 5485 
15461 11577 15633 5487 
15463 11582 15634 5492 
15468 11589 15642 5493 
15474 11594 15648 5495 
15481 11599 15653 5495 
15485 11603 15656 5498 
15491 11605 15659 5499 
15501 11612 15665 5500 
15503 11616 15673 5502 
15510 11621 15678 5503 
15515 11629 15683 5506 
15523 11631 15687 5509 
15531 11634 15690 5509 
15539 11640 15697 5513 
15541 11649 15706 5516 
15549 11653 15713 5518 
15554 11659 15717 5520 
15557 11666 15719 5521 
15561 11671 15726 5524 
15562 11675 15732 5528 
15568 11681 15738 5531 
15572 11686 15747 5533 
15575 11691 15752 5535 
15582 11696 15757 5538 
15590 11699 15760 5541 
15595 11703 15767 5542 
15602 11711 15772 5542 
15604 11711 15777 5545 
15606 11717 15783 5546 
15611 11721 15793 5550 
15617 11728 15800 5554 
15626 11735 15807 5554 
15630 11738 15812 5559 
15636 11745 15815 5563 
15646 11756 15821 5566 
15650 11762 15830 5570 
15656 11768 15838 5574 
15660 11771 15847 5576 
15664 11777 15852 5579 
15668 11780 15860 5581 
15669 11783 15866 5586 
15671 11787 15868 5590 
15675 11788 15875 5594 
15684 11789 15878 5597 
15690 11792 15885 5598 
15694 11796 15891 5602 
15698 11802 15896 5604 
15701 11805 15900 5605 
15709 11807 15907 5608 
15716 11814 15912 5611 
15721 11818 15915 5612 
15728 11823 15920 5614 
15733 11833 15924 5616 
15739 11837 15927 5618 
15744 11846 15934 5618 
15756 11848 15939 5620 
15760 11848 15945 5621 
15770 11851 15957 5624 
15776 11856 15964 5629 
15783 11864 15970 5632 
15797 11870 15975 5632 
15802 11875 15978 5632 
15809 11884 15989 5633 
15817 11892 15992 5633 
15823 11897 15996 5634 
15830 11903 16002 5635 
15835 11906 16007 5635 
15837 11914 16010 5636 
15844 11918 16014 5637 
15856 11927 16018 5640 
15863 11933 16028 5643 
15870 11935 16034 5645 
15875 11939 16036 5647 
15880 11945 16043 5647 
15885 11949 16049 5649 
15894 11953 16056 5649 
15899 11961 16065 5651 
15914 11965 16071 5653 
15926 11971 16078 5656 
15936 11978 16078 5658 
15939 11983 16085 5661 
15944 11988 16088 5664 
15947 11992 16094 5664 
15953 11999 16099 5665 
15956 12006 16102 5668 
15961 12007 16109 5672 
15966 12012 16114 5672 
15968 12014 16120 5674 
15972 12020 16127 5677 
15977 12024 16132 5678 
15983 12027 16137 5681 
15986 12030 16145 5683 
15994 12033 16153 5687 
15995 12037 16156 5689 
16000 12042 16160 5693 
16006 12043 16167 5695 
16008 12049 16176 5696 
16010 12052 16183 5698 
16018 12056 16189 5702 
16025 12061 16194 5702 
16029 12063 16200 5705 
16033 12067 16205 5707 
16039 12072 16212 5710 
16045 12078 16217 5712 
16051 12081 16221 5714 
16056 12085 16227 5715 
16066 12090 16233 5718 
16073 12097 16243 5718 
16078 12104 16253 5722 
16082 12106 16261 5722 
16087 12107 16268 5723 
16095 12112 16277 5726 
16102 12115 16287 5727 
16104 12123 16294 5727 
16110 12127 16302 5729 
16115 12131 16314 5734 
16124 12135 16321 5735 
16128 12139 16323 5737 
16134 12140 16329 5740 
16138 12143 16334 5743 
16146 12147 16343 5744 
16150 12149 16347 5745 
16158 12152 16350 5745 
16161 12156 16358 5746 
16165 12160 16365 5749 
16172 12165 16372 5751 
16177 12172 16379 5752 
16185 12174 16382 5755 
16188 12178 16388 5757 
16192 12183 16391 5759 
16194 12191 16395 5761 
16204 12193 16399 5763 
16208 12195 16403 5767 
16214 12198 16406 5769 
16223 12201 16409 5772 
16228 12208 16414 5776 
16234 12212 16419 5780 
16246 12214 16426 5782 
16252 12221 16432 5782 
16256 12225 16437 5784 
16260 12232 16444 5787 
16265 12235 16447 5788 
16276 12238 16454 5788 
16277 12240 16459 5790 
16279 12244 16468 5793 
16284 12249 16471 5796 
16288 12250 16482 5797 
16295 12257 16490 5799 
16299 12261 16495 5803 
16303 12268 16501 5805 
16306 12273 16506 5807 
16311 12275 16511 5808 
16320 12280 16525 5810 
16324 12282 16529 5813 
16329 12286 16541 5814 
16332 12293 16545 5818 
16338 12300 16554 5821 
16342 12303 16559 5824 
16347 12308 16565 5824 
16353 12314 16569 5824 
16359 12319 16577 5826 
16366 12325 16582 5829 
16373 12331 16593 5832 
16379 12337 16601 5833 
16382 12343 16605 5837 
16384 12346 16608 5843 
16391 12355 16611 5844 
16402 12358 16619 5846 
16409 12362 16626 5848 
16410 12368 16633 5851 
16417 12372 16639 5852 
16423 12383 16645 5853 
16428 12390 16650 5856 
16434 12393 16655 5858 
16443 12400 16660 5861 
16452 12403 16666 5864 
16464 12408 16670 5864 
16472 12411 16675 5866 
16478 12414 16680 5867 
16486 12422 16686 5869 
16492 12427 16694 5873 
16496 12431 16696 5876 
16504 12439 16703 5877 
16506 12442 16710 5878 
16514 12449 16718 5879 
16518 12457 16724 5882 
16524 12462 16731 5883 
16527 12467 16737 5887 
16533 12471 16741 5891 
16540 12478 16747 5892 
16544 12485 16760 5895 
16552 12490 16769 5895 
16553 12498 16771 5896 
16558 12501 16780 5899 
16563 12505 16790 5901 
16573 12508 16793 5905 
16577 12510 16797 5907 
16582 12514 16799 5908 
16587 12518 16805 5910 
16594 12525 16807 5913 
16597 12526 16813 5917 
16604 12530 16819 5918 
16608 12534 16825 5921 
16612 12537 16829 5924 
16618 12539 16832 5927 
16624 12544 16843 5930 
16629 12552 16852 5930 
16635 12558 16859 5934 
16640 12564 16864 5936 
16645 12569 16868 5940 
16647 12570 16872 5942 
16651 12576 16880 5944 
16652 12584 16886 5945 
16658 12589 16891 5947 
16668 12596 16892 5948 
16676 12597 16898 5949 
16682 12608 16902 5949 
16688 12613 16909 5951 
16692 12620 16916 5953 
16697 12626 16920 5956 
16705 12633 16924 5958 
16712 12636 16928 5959 
16717 12641 16931 5961 
16721 12647 16940 5964 
16727 12651 16949 5967 
16733 12656 16954 5968 
16740 12660 16960 5969 
16750 12663 16968 5970 
16754 12667 16978 5971 
16763 12669 16988 5973 
16770 12671 16993 5974 
16777 12674 16997 5974 
16783 12680 17001 5974 
16788 12684 17009 5976 
16794 12692 17016 5978 
16800 12696 17018 5980 
16804 12702 17023 5982 
16808 12712 17027 5985 
16812 12715 17031 5987 
16813 12723 17041 5988 
16819 12727 17047 5988 
16826 12733 17057 5990 
16831 12738 17068 5992 
16840 12743 17074 5994 
16842 12746 17081 5995 
16846 12751 17088 5998 
16851 12755 17097 5999 
16854 12760 17103 6001 
16857 12762 17109 6002 
16858 12769 17116 6004 
16862 12772 17126 6005 
16866 12781 17130 6005 
16873 12783 17138 6008 
16878 12789 17139 6010 
16883 12793 17147 6010 
16892 12797 17155 6012 
16898 12804 17162 6016 
16900 12812 17167 6016 
16906 12816 17175 6021 
16917 12822 17182 6024 
16922 12827 17193 6025 
16929 12830 17201 6027 
16936 12835 17206 6029 
16945 12839 17214 6030 
16952 12846 17218 6033 
16957 12854 17224 6036 
16964 12861 17231 6036 
16967 12867 17238 6038 
16969 12874 17239 6041 
16973 12879 17246 6042 
16978 12881 17250 6043 
16982 12888 17254 6046 
16985 12893 17260 6048 
16990 12896 17267 6052 
16999 12900 17274 6054 
17007 12903 17279 6057 
17013 12905 17287 6060 
17018 12906 17290 6064 
17021 12909 17298 6065 
17027 12919 17303 6068 
17032 12920 17304 6072 
17036 12927 17313 6074 
17042 12933 17319 6077 
17049 12936 17322 6078 
17053 12939 17327 6079 
17062 12944 17333 6082 
17071 12947 17340 6083 
17073 12947 17342 6087 
17076 12950 17346 6089 
17085 12955 17353 6095 
17089 12961 17360 6095 
17091 12968 17367 6095 
17097 12972 17375 6097 
17103 12978 17381 6098 
17106 12984 17391 6099 
17110 12988 17399 6102 
17114 12993 17404 6106 
17119 12996 17408 6110 
17127 12998 17414 6112 
17130 13000 17421 6113 
17139 13006 17427 6114 
17149 13008 17430 6119 
17156 13013 17435 6122 
17162 13016 17440 6125 
17170 13022 17446 6126 
17176 13028 17450 6128 
17184 13033 17452 6132 
17191 13037 17458 6133 
17197 13040 17469 6135 
17203 13045 17474 6136 
17208 13053 17480 6143 
17217 13057 17491 6143 
17221 13064 17501 6145 
17224 13067 17506 6148 
17230 13073 17511 6149 
17234 13077 17516 6152 
17238 13079 17524 6155 
17246 13083 17529 6157 
17250 13088 17537 6160 
17259 13090 17544 6162 
17265 13093 17549 6165 
17272 13097 17553 6167 
17278 13100 17555 6172 
17283 13105 17563 6173 
17293 13113 17567 6178 
17297 13121 17574 6180 
17303 13127 17578 6185 
17310 13128 17583 6186 
17313 13131 17590 6188 
17322 13137 17598 6190 
17324 13142 17603 6191 
17326 13145 17611 6195 
17330 13146 17618 6200 
17334 13156 17622 6203 
17335 13159 17631 6206 
17340 13159 17638 6209 
17347 13165 17643 6211 
17358 13172 17649 6215 
17362 13177 17659 6219 
17371 13181 17663 6220 
17376 13192 17665 6220 
17380 13197 17669 6223 
17389 13200 17676 6226 
17395 13205 17682 6227 
17402 13211 17690 6230 
17407 13220 17697 6232 
17412 13220 17700 6232 
17420 13225 17703 6235 
17423 13233 17708 6236 
17432 13234 17712 6237 
17439 13237 17723 6240 
17445 13239 17727 6244 
17453 13242 17732 6247 
17455 13250 17741 6252 
17459 13254 17744 6254 
17464 13261 17753 6255 
17469 13263 17756 6258 
17473 13270 17762 6260 
17482 13275 17770 6264 
17487 13277 17775 6265 
17489 13281 17782 6266 
17494 13284 17787 6268 
17497 13289 17794 6269 
17503 13292 17802 6270 
17511 13292 17809 6271 
17515 13299 17812 6274 
17520 13303 17826 6276 
17527 13313 17835 6277 
17533 13319 17843 6280 
17539 13325 17852 6283 
17545 13328 17858 6285 
17549 13335 17862 6288 
17554 13337 17868 6291 
17562 13340 17879 6296 
17566 13346 17883 6297 
17568 13350 17888 6301 
17577 13358 17891 6303 
17582 13365 17892 6304 
17589 13370 17897 6305 
17596 13374 17901 6308 
17601 13379 17907 6311 
17608 13380 17915 6315 
17615 13383 17923 6320 
17622 13389 17927 6323 
17628 13393 17931 6324 
17638 13397 17933 6327 
17646 13398 17935 6328 
17656 13404 17943 6329 
17663 13409 17953 6330 
17671 13415 17969 6333 
17677 13419 17974 6336 
17681 13426 17980 6339 
17688 13434 17990 6341 
17694 13438 17999 6344 
17697 13445 18000 6349 
17704 13450 18009 6351 
17709 13457 18014 6353 
17718 13460 18016 6353 
17725 13468 18020 6354 
17738 13473 18026 6354 
17747 13475 18033 6357 
17753 13478 18036 6359 
17756 13484 18041 6360 
17760 13488 18046 6363 
17769 13491 18052 6365 
17773 13495 18062 6369 
17777 13502 18068 6371 
17783 13506 18079 6374 
17792 13513 18088 6376 
17796 13519 18097 6378 
17803 13523 18104 6383 
17808 13528 18109 6383 
17817 13532 18112 6384 
17825 13533 18116 6386 
17830 13537 18122 6389 
17837 13544 18129 6391 
17846 13546 18136 6395 
17854 13549 18145 6396 
17862 13556 18150 6397 
17866 13560 18154 6400 
17871 13563 18160 6403 
17877 13568 18171 6404 
17883 13572 18174 6406 
17885 13577 18176 6409 
17891 13584 18184 6412 
17894 13588 18191 6412 
17897 13591 18197 6416 
17906 13599 18204 6419 
17909 13605 18210 6423 
17912 13610 18217 6425 
17918 13615 18223 6426 
17920 13621 18224 6427 
17927 13627 18228 6432 
17931 13632 18230 6435 
17939 13635 18236 6439 
17941 13641 18244 6442 
17947 13645 18250 6444 
17950 13650 18255 6446 
17957 13652 18264 6446 
17963 13656 18274 6448 
17968 13661 18281 6452 
17973 13664 18287 6457 
17982 13669 18292 6459 
17990 13675 18299 6461 
17994 13681 18305 6463 
18001 13685 18310 6464 
18006 13694 18317 6466 
18012 13699 18328 6471 
18018 13705 18329 6473 
18025 13710 18336 6475 
18036 13714 18342 6476 
18049 13720 18345 6481 
18053 13724 18350 6482 
18063 13727 18356 6484 
18072 13733 18361 6488 
18075 13737 18370 6490 
18083 13738 18379 6492 
18089 13742 18392 6494 
18093 13747 18400 6495 
18096 13751 18410 6497 
18101 13763 18416 6500 
18105 13764 18422 6502 
18111 13771 18431 6503 
18117 13774 18435 6503 
18120 13776 18437 6506 
18126 13782 18440 6506 
18131 13787 18445 6508 
18137 13791 18451 6510 
18143 13799 18455 6511 
18148 13803 18463 6512 
18149 13808 18470 6514 
18154 13819 18477 6515 
18162 13824 18483 6516 
18167 13827 18489 6518 
18174 13833 18492 6522 
18176 13838 18496 6525 
18183 13842 18504 6528 
18188 13849 18514 6532 
18196 13855 18519 6535 
18200 13860 18526 6537 
18202 13863 18539 6539 
18210 13865 18540 6540 
18213 13866 18545 6542 
18220 13871 18553 6544 
18229 13875 18558 6546 
18233 13877 18569 6548 
18236 13881 18576 6548 
18241 13886 18582 6549 
18246 13892 18584 6550 
18253 13901 18586 6553 
18256 13910 18594 6554 
18260 13918 18604 6555 
18266 13921 18612 6556 
18271 13927 18619 6559 
18276 13931 18622 6562 
18284 13936 18629 6564 
18285 13944 18631 6568 
18289 13947 18636 6573 
18294 13950 18641 6573 
18296 13955 18648 6575 
18302 13960 18654 6579 
18303 13966 18660 6580 
18311 13976 18665 6582 
18316 13979 18672 6582 
18323 13981 18678 6584 
18332 13984 18684 6585 
18338 13992 18690 6587 
18345 13994 18695 6589 
18353 13998 18700 6593 
18361 14003 18706 6596 
18370 14007 18708 6600 
18375 14011 18715 6602 
18378 14020 18725 6604 
18387 14026 18733 6609 
18390 14029 18741 6610 
18395 14033 18748 6612 
18400 14037 18760 6614 
18406 14040 18764 6616 
18413 14045 18766 6617 
18418 14050 18771 6622 
18424 14054 18780 6626 
18432 14057 18784 6628 
18435 14063 18793 6630 
18438 14074 18796 6634 
18440 14081 18803 6638 
18449 14084 18811 6638 
18453 14092 18817 6639 
18456 14096 18822 6640 
18466 14101 18829 6644 
18470 14103 18834 6645 
18472 14109 18837 6649 
18475 14116 18843 6650 
18478 14120 18850 6652 
18482 14124 18855 6656 
18485 14127 18859 6657 
18492 14135 18868 6658 
18500 14140 18876 6661 
18503 14146 18886 6664 
18510 14150 18892 6666 
18518 14152 18897 6668 
18522 14154 18906 6669 
18530 14159 18912 6672 
18533 14164 18917 6676 
18537 14173 18922 6679 
18545 14178 18928 6683 
18550 14187 18936 6685 
18556 14192 18938 6689 
18565 14196 18942 6691 
18578 14197 18947 6693 
18585 14199 18954 6697 
18588 14205 18959 6699 
18592 14214 18964 6699 
18599 14221 18972 6701 
18607 14224 18980 6702 
18613 14235 18984 6703 
18619 14243 18987 6705 
18629 14251 18994 6706 
18635 14254 19003 6708 
18638 14264 19007 6709 
18645 14270 19013 6712 
18646 14278 19022 6713 
18648 14290 19027 6715 
18654 14295 19030 6718 
18658 14302 19036 6719 
18670 14311 19043 6721 
18676 14319 19049 6723 
18681 14320 19055 6726 
18686 14326 19063 6726 
18693 14331 19070 6727 
18699 14336 19076 6728 
18704 14338 19083 6731 
18709 14343 19086 6733 
18714 14350 19090 6735 
18720 14352 19098 6736 
18725 14354 19102 6739 
18733 14363 19106 6739 
18737 14368 19113 6741 
18742 14373 19122 6744 
18749 14378 19128 6744 
18755 14384 19134 6746 
18761 14387 19145 6750 
18764 14391 19150 6752 
18769 14393 19152 6754 
18774 14396 19158 6755 
18779 14401 19164 6756 
18786 14408 19168 6756 
18793 14409 19171 6759 
18798 14415 19175 6762 
18804 14418 19181 6764 
18811 14425 19188 6766 
18812 14430 19197 6769 
18815 14434 19202 6770 
18822 14444 19204 6774 
18831 14448 19212 6775 
18837 14451 19217 6778 
18842 14453 19226 6784 
18847 14460 19229 6785 
18854 14461 19235 6789 
18856 14464 19237 6791 
18858 14468 19245 6791 
18862 14473 19251 6794 
18869 14481 19257 6794 
18876 14488 19264 6796 
18881 14492 19271 6798 
18888 14497 19278 6802 
18896 14499 19286 6805 
18899 14501 19290 6810 
18908 14504 19297 6813 
18916 14510 19305 6813 
18922 14515 19309 6817 
18926 14522 19317 6819 
18932 14523 19324 6819 
18932 14527 19328 6819 
18937 14532 19335 6823 
18939 14538 19343 6825 
18941 14540 19349 6829 
18946 14545 19358 6832 
18951 14552 19367 6836 
18960 14557 19373 6837 
18965 14562 19375 6840 
18969 14565 19387 6842 
18975 14570 19395 6843 
18987 14576 19404 6844 
18993 14579 19410 6845 
18998 14586 19418 6845 
19003 14588 19424 6846 
19010 14593 19431 6847 
19013 14597 19436 6848 
19020 14599 19446 6848 
19023 14608 19454 6849 
19027 14611 19459 6854 
19036 14618 19464 6856 
19046 14621 19470 6860 
19052 14623 19479 6866 
19053 14623 19485 6870 
19056 14625 19494 6872 
19061 14629 19501 6872 
19064 14637 19505 6873 
19071 14640 19509 6873 
19076 14644 19517 6875 
19082 14650 19524 6879 
19085 14657 19529 6880 
19092 14660 19536 6882 
19105 14662 19541 6884 
19105 14664 19547 6889 
19112 14667 19556 6893 
19115 14673 19565 6897 
19121 14681 19570 6899 
19128 14686 19578 6902 
19133 14693 19584 6906 
19138 14697 19591 6908 
19145 14705 19596 6910 
19149 14708 19602 6912 
19159 14711 19608 6914 
19165 14713 19618 6916 
19170 14718 19627 6918 
19178 14720 19631 6920 
19184 14729 19633 6924 
19187 14733 19640 6925 
19196 14737 19648 6928 
19202 14740 19652 6931 
19207 14748 19660 6933 
19209 14754 19671 6933 
19214 14758 19678 6934 
19222 14761 19686 6934 
19228 14765 19696 6936 
19231 14774 19702 6937 
19238 14778 19709 6937 
19242 14786 19716 6937 
19245 14791 19721 6942 
19249 14795 19730 6943 
19257 14803 19737 6945 
19263 14809 19745 6948 
19268 14810 19756 6948 
19273 14818 19765 6950 
19277 14821 19772 6954 
19283 14828 19783 6957 
19293 14830 19790 6959 
19297 14835 19799 6959 
19302 14843 19804 6961 
19307 14850 19812 6963 
19314 14853 19816 6963 
19317 14860 19820 6965 
19322 14862 19827 6968 
19326 14866 19833 6969 
19333 14868 19840 6973 
19336 14872 19844 6974 
19339 14880 19851 6976 
19341 14887 19859 6977 
19349 14896 19867 6980 
19357 14902 19868 6985 
19365 14904 19877 6986 
19370 14907 19885 6990 
19376 14915 19895 6994 
19382 14922 19898 6996 
19387 14925 19903 6997 
19391 14930 19909 7000 
19398 14937 19917 7000 
19404 14944 19927 7002 
19408 14945 19932 7002 
19415 14951 19939 7005 
19419 14957 19947 7008 
19421 14962 19953 7008 
19428 14965 19965 7009 
19435 14970 19971 7012 
19440 14974 19977 7016 
19442 14977 19981 7017 
19448 14989 19985 7019 
19453 14994 19995 7022 
19461 15001 20001 7023 
19468 15008 20007 7025 
19475 15010 20013 7028 
19482 15016 20023 7028 
19488 15018 20033 7031 
19494 15028 20041 7037 
19495 15030 20050 7038 
19505 15034 20058 7038 
19511 15041 20065 7039 
19520 15046 20071 7042 
19527 15050 20072 7047 
19531 15054 20080 7047 
19544 15062 20087 7052 
19549 15070 20092 7057 
19552 15074 20097 7058 
19560 15077 20104 7059 
19564 15081 20108 7060 
19571 15086 20115 7060 
19576 15091 20123 7062 
19580 15096 20128 7062 
19586 15101 20136 7065 
19587 15104 20141 7069 
19590 15110 20147 7072 
19592 15118 20154 7074 
19595 15122 20161 7076 
19599 15125 20167 7078 
19606 15127 20175 7081 
19611 15133 20182 7082 
19614 15136 20187 7082 
19619 15144 20192 7084 
19623 15149 20204 7085 
19630 15154 20214 7087 
19637 15158 20219 7087 
19647 15162 20224 7088 
19654 15163 20229 7091 
19655 15171 20233 7093 
19661 15177 20240 7096 
19669 15178 20248 7099 
19676 15185 20256 7099 
19681 15196 20260 7101 
19688 15201 20263 7101 
19691 15207 20269 7105 
19698 15210 20275 7108 
19704 15216 20280 7110 
19709 15221 20286 7112 
19713 15229 20290 7112 
19722 15234 20300 7116 
19727 15240 20302 7117 
19730 15246 20305 7122 
19735 15248 20310 7124 
19740 15254 20312 7128 
19746 15256 20317 7133 
19748 15263 20323 7136 
19751 15266 20329 7137 
19754 15272 20336 7140 
19762 15275 20343 7141 
19768 15277 20352 7145 
19772 15282 20356 7145 
19779 15289 20364 7148 
19784 15291 20368 7151 
19796 15297 20372 7153 
19800 15303 20376 7153 
19805 15307 20385 7154 
19812 15313 20392 7159 
19816 15316 20400 7161 
19825 15321 20406 7163 
19830 15326 20413 7167 
19834 15334 20417 7168 
19838 15338 20424 7171 
19840 15340 20432 7174 
19845 15347 20435 7177 
19850 15350 20440 7180 
19854 15356 20447 7184 
19859 15361 20459 7188 
19866 15367 20460 7188 
19874 15374 20466 7192 
19883 15376 20470 7194 
19889 15378 20478 7197 
19896 15382 20485 7198 
19903 15389 20492 7202 
19910 15394 20495 7205 
19914 15398 20499 7205 
19916 15403 20503 7205 
19924 15412 20510 7206 
19930 15415 20519 7209 
19936 15418 20525 7211 
19940 15422 20531 7213 
19951 15425 20540 7214 
19957 15430 20546 7217 
19964 15435 20554 7217 
19971 15445 20558 7221 
19981 15448 20563 7222 
19985 15453 20566 7228 
19988 15458 20570 7232 
19991 15461 20575 7234 
20000 15467 20580 7235 
20012 15473 20585 7236 
20019 15478 20590 7236 
20030 15479 20593 7238 
20036 15486 20600 7241 
20043 15492 20606 7244 
20052 15499 20615 7244 
20055 15501 20620 7247 
20065 15505 20628 7248 
20074 15510 20631 7251 
20083 15515 20635 7252 
20089 15523 20636 7254 
20095 15528 20640 7255 
20099 15529 20647 7256 
20101 15533 20651 7257 
20105 15537 20654 7258 
20112 15543 20661 7261 
20126 15544 20673 7266 
20128 15549 20683 7269 
20132 15555 20689 7271 
20136 15559 20698 7272 
20144 15567 20705 7276 
20147 15571 20712 7278 
20154 15573 20720 7281 
20157 15575 20726 7287 
20161 15579 20736 7291 
20163 15582 20741 7293 
20166 15587 20751 7294 
20168 15593 20759 7296 
20175 15596 20764 7298 
20183 15598 20769 7302 
20187 15605 20777 7304 
20196 15610 20782 7304 
20199 15613 20786 7307 
20203 15615 20789 7311 
20206 15620 20794 7314 
20212 15623 20797 7317 
20218 15630 20807 7318 
20225 15633 20815 7320 
20226 15637 20819 7320 
20233 15643 20820 7322 
20246 15647 20825 7326 
20257 15653 20837 7329 
20259 15655 20839 7330 
20265 15658 20843 7332 
20269 15665 20849 7332 
20273 15667 20854 7332 
20279 15670 20864 7335 
20286 15675 20872 7340 
20294 15680 20881 7343 
20299 15689 20889 7345 
20307 15693 20903 7348 
20311 15698 20912 7351 
20319 15700 20921 7354 
20321 15704 20926 7355 
20331 15708 20933 7356 
20336 15716 20934 7356 
20346 15718 20938 7357 
20353 15720 20946 7362 
20357 15724 20953 7363 
20362 15728 20960 7366 
20364 15738 20970 7367 
20372 15742 20981 7370 
20378 15748 20989 7372 
20385 15753 20996 7375 
20391 15758 21002 7378 
20394 15762 21004 7380 
20399 15770 21013 7381 
20405 15778 21018 7385 
20410 15785 21026 7386 
20415 15789 21032 7390 
20419 15793 21042 7391 
20429 15797 21048 7397 
20433 15801 21053 7401 
20441 15803 21069 7405 
20447 15810 21075 7408 
20454 15816 21082 7411 
20458 15818 21089 7414 
20472 15822 21098 7417 
20476 15825 21109 7419 
20481 15828 21114 7420 
20491 15831 21117 7422 
20495 15835 21120 7425 
20499 15841 21126 7431 
20503 15845 21136 7432 
20512 15850 21141 7433 
20519 15858 21148 7435 
20524 15861 21155 7439 
20529 15868 21167 7441 
20534 15873 21175 7444 
20538 15877 21184 7446 
20547 15882 21188 7446 
20551 15887 21195 7448 
20555 15893 21208 7450 
20560 15902 21217 7450 
20565 15906 21224 7455 
20574 15910 21230 7455 
20576 15915 21236 7456 
20586 15918 21243 7457 
20591 15922 21250 7457 
20592 15924 21254 7461 
20596 15927 21262 7463 
20602 15930 21266 7465 
20605 15939 21268 7466 
20609 15943 21274 7469 
20617 15946 21276 7472 
20624 15953 21282 7474 
20630 15959 21288 7478 
20636 15963 21293 7480 
20642 15967 21301 7484 
20642 15973 21306 7487 
20648 15977 21312 7491 
20650 15982 21321 7495 
20657 15986 21328 7496 
20660 15992 21334 7498 
20665 15999 21344 7501 
20671 16008 21352 7507 
20676 16013 21362 7511 
20682 16019 21366 7512 
20687 16022 21369 7515 
20693 16026 21375 7519 
20698 16027 21381 7521 
20702 16032 21384 7525 
20705 16035 21392 7527 
20711 16039 21404 7529 
20720 16046 21412 7530 
20727 16048 21420 7535 
20731 16049 21424 7537 
20738 16053 21431 7539 
20744 16059 21442 7539 
20750 16067 21445 7541 
20761 16071 21454 7543 
20769 16075 21462 7544 
20776 16077 21467 7544 
20780 16081 21473 7545 
20783 16088 21474 7547 
20788 16089 21481 7551 
20794 16096 21491 7553 
20800 16100 21500 7554 
20806 16102 21506 7555 
20809 16108 21517 7558 
20819 16113 21520 7561 
20823 16120 21532 7564 
20828 16127 21540 7567 
20834 16130 21543 7570 
20838 16137 21546 7574 
20843 16146 21554 7576 
20856 16151 21557 7577 
20865 16153 21560 7583 
20874 16158 21571 7583 
20879 16159 21579 7587 
20883 16169 21587 7588 
20888 16173 21594 7593 
20892 16178 21601 7595 
20898 16182 21612 7598 
20908 16182 21620 7599 
20917 16187 21626 7601 
20920 16190 21632 7601 
20924 16195 21637 7603 
20928 16202 21647 7605 
20934 16208 21655 7607 
20938 16213 21666 7610 
20945 16216 21668 7613 
20956 16221 21673 7616 
20962 16225 21678 7618 
20966 16228 21681 7619 
20971 16232 21689 7620 
20977 16234 21693 7620 
20983 16244 21698 7625 
20988 16250 21706 7626 
20991 16253 21712 7626 
20998 16261 21718 7630 
21003 16269 21721 7631 
21008 16274 21723 7634 
21010 16280 21727 7636 
21017 16282 21733 7638 
21025 16289 21738 7645 
21032 16299 21743 7651 
21037 16304 21747 7654 
21044 16308 21751 7655 
21051 16315 21762 7656 
21057 16320 21767 7658 
21063 16326 21771 7659 
21066 16332 21780 7661 
21070 16339 21794 7665 
21078 16340 21800 7668 
21084 16343 21810 7669 
21091 16347 21818 7670 
21097 16355 21823 7671 
21102 16359 21827 7675 
21106 16362 21831 7676 
21110 16367 21838 7676 
21116 16375 21846 7680 
21121 16379 21852 7684 
21127 16384 21862 7685 
21133 16390 21871 7688 
21140 16393 21881 7695 
21143 16395 21887 7701 
21146 16404 21891 7703 
21158 16407 21896 7704 
21164 16411 21899 7706 
21174 16413 21906 7709 
21179 16422 21912 7714 
21182 16426 21919 7717 
21189 16431 21927 7718 
21195 16437 21930 7720 
21201 16444 21941 7723 
21204 16452 21946 7724 
21213 16455 21953 7725 
21219 16460 21958 7727 
21220 16461 21965 7730 
21224 16467 21971 7732 
21235 16476 21974 7737 
21245 16478 21985 7738 
21252 16482 21990 7741 
21255 16484 21999 7742 
21259 16489 22004 7742 
21267 16495 22010 7742 
21273 16500 22018 7745 
21280 16503 22026 7749 
21282 16504 22033 7753 
21291 16514 22040 7758 
21298 16520 22048 7763 
21305 16523 22054 7768 
21311 16530 22064 7770 
21315 16534 22071 7773 
21322 16540 22081 7773 
21332 16543 22090 7777 
21336 16550 22096 7778 
21340 16556 22100 7783 
21349 16560 22103 7786 
21358 16562 22107 7790 
21367 16566 22109 7793 
21371 16568 22114 7794 
21377 16573 22124 7796 
21379 16576 22128 7797 
21384 16578 22133 7799 
21393 16579 22144 7803 
21402 16585 22149 7804 
21407 16591 22153 7807 
21418 16595 22160 7811 
21421 16598 22166 7816 
21423 16604 22168 7818 
21429 16615 22172 7820 
21436 16619 22177 7824 
21445 16623 22183 7827 
21446 16628 22188 7829 
21449 16635 22198 7830 
21454 16640 22204 7833 
21461 16648 22212 7834 
21470 16653 22221 7839 
21480 16660 22233 7844 
21491 16662 22239 7849 
21497 16664 22247 7850 
21506 16668 22251 7853 
21511 16674 22257 7855 
21514 16678 22262 7859 
21523 16683 22264 7862 
21531 16687 22270 7868 
21536 16689 22276 7870 
21544 16692 22281 7872 
21551 16700 22291 7877 
21557 16711 22295 7877 
21563 16716 22300 7880 
21570 16718 22304 7882 
21575 16724 22314 7885 
21579 16730 22325 7886 
21583 16734 22336 7886 
21593 16737 22340 7889 
21597 16741 22350 7892 
21605 16746 22357 7893 
21613 16753 22365 7898 
21625 16759 22375 7901 
21630 16765 22383 7906 
21631 16774 22388 7909 
21635 16781 22395 7911 
21641 16785 22401 7914 
21653 16788 22407 7914 
21659 16793 22416 7916 
21662 16798 22422 7917 
21670 16802 22428 7919 
21677 16805 22433 7923 
21682 16812 22438 7930 
21690 16817 22441 7935 
21699 16824 22445 7939 
21706 16829 22455 7943 
21712 16836 22458 7944 
21719 16840 22466 7948 
21725 16845 22473 7949 
21730 16853 22480 7952 
21740 16857 22488 7953 
21743 16864 22501 7957 
21746 16870 22506 7960 
21755 16875 22512 7961 
21759 16879 22516 7965 
21770 16881 22521 7966 
21776 16884 22533 7966 
21782 16889 22545 7966 
21788 16894 22552 7968 
21794 16901 22559 7971 
21805 16905 22566 7974 
21811 16910 22573 7976 
21818 16916 22578 7977 
21827 16921 22582 7977 
21833 16924 22587 7979 
21839 16933 22589 7981 
21843 16937 22594 7984 
21853 16939 22598 7987 
21861 16945 22605 7988 
21866 16953 22612 7991 
21869 16961 22617 7994 
21874 16964 22626 8001 
21878 16966 22631 8002 
21887 16971 22635 8007 
21894 16977 22646 8008 
21903 16984 22655 8009 
21906 16986 22662 8009 
21912 16991 22670 8010 
21914 16998 22674 8016 
21918 17002 22681 8018 
21925 17008 22688 8023 
21930 17012 22694 8024 
21934 17015 22699 8026 
21938 17018 22705 8027 
21949 17023 22713 8028 
21955 17029 22717 8031 
21960 17031 22723 8034 
21967 17033 22728 8035 
21969 17040 22738 8035 
21975 17044 22744 8035 
21983 17050 22760 8036 
21990 17053 22767 8037 
21996 17058 22773 8041 
22002 17066 22778 8042 
22010 17071 22785 8044 
22014 17075 22794 8047 
22021 17080 22802 8051 
22027 17085 22808 8053 
22033 17088 22814 8054 
22037 17096 22818 8057 
22042 17098 22822 8060 
22047 17103 22830 8061 
22052 17105 22844 8067 
22057 17109 22850 8073 
22059 17112 22857 8074 
22065 17115 22865 8076 
22070 17118 22870 8080 
22076 17127 22875 8081 
22084 17129 22888 8082 
22089 17132 22891 8087 
22097 17137 22905 8088 
22105 17139 22914 8090 
22113 17141 22924 8092 
22121 17151 22928 8093 
22126 17153 22938 8095 
22128 17156 22945 8097 
22135 17161 22955 8098 
