0 0 0 0 
2 1 5 5 
5 5 13 7 
15 10 18 11 
22 18 25 14 
27 19 34 15 
35 27 40 17 
36 29 46 17 
42 32 54 18 
45 37 61 18 
51 42 69 21 
55 47 74 26 
70 52 79 27 
78 54 87 30 
85 55 93 32 
94 61 101 35 
96 63 108 36 
104 68 111 37 
110 71 115 38 
119 75 120 40 
123 77 129 43 
125 83 136 46 
129 83 141 49 
134 88 144 50 
142 95 147 52 
150 98 149 53 
156 102 153 57 
163 108 161 58 
169 113 172 60 
175 116 176 63 
179 122 180 67 
185 126 183 69 
192 129 189 71 
198 134 194 73 
203 140 198 74 
210 143 202 77 
211 144 208 81 
214 147 216 84 
220 151 222 84 
228 156 227 86 
234 162 232 90 
236 168 238 91 
239 175 243 95 
243 177 252 97 
249 180 258 98 
253 185 268 102 
254 189 272 103 
258 193 281 106 
263 198 284 107 
268 200 292 109 
273 207 293 111 
279 209 299 116 
281 212 302 116 
283 218 306 117 
291 221 312 117 
296 226 319 121 
299 232 320 124 
304 236 321 124 
308 239 326 125 
313 243 333 126 
315 246 338 128 
321 249 341 133 
328 255 344 135 
335 258 352 136 
340 266 356 137 
346 270 359 141 
351 275 365 144 
358 277 368 147 
364 282 375 149 
368 290 379 152 
372 292 385 153 
378 296 392 155 
384 299 401 159 
386 304 406 161 
391 308 411 164 
396 309 414 166 
400 313 421 168 
404 319 427 169 
410 325 430 171 
412 331 431 172 
416 339 435 173 
421 341 437 174 
428 343 446 175 
432 347 455 181 
438 351 457 184 
444 355 465 185 
448 359 470 186 
453 365 473 188 
457 368 480 190 
463 370 486 191 
468 373 491 194 
474 376 493 197 
477 381 499 197 
487 386 505 198 
493 390 510 203 
498 393 516 205 
503 400 516 208 
508 405 519 210 
516 409 524 210 
525 412 526 211 
528 414 534 213 
531 418 538 214 
538 421 545 216 
543 425 549 216 
550 428 555 218 
555 433 564 219 
558 435 571 221 
567 439 577 221 
573 442 579 223 
580 444 582 224 
585 446 587 225 
589 448 591 226 
593 448 599 228 
599 450 605 229 
602 456 611 230 
609 458 616 231 
619 458 625 233 
625 464 631 238 
630 466 635 239 
632 468 639 239 
637 471 643 240 
642 474 644 244 
650 482 648 245 
653 482 653 246 
655 484 659 250 
657 488 666 252 
662 490 673 252 
665 495 677 254 
671 500 680 255 
677 502 683 257 
684 504 686 261 
687 506 690 261 
690 508 697 263 
694 511 701 265 
699 516 705 265 
703 519 712 266 
710 520 720 267 
715 524 724 269 
720 525 730 272 
725 528 732 273 
729 532 735 274 
734 535 739 279 
736 537 741 281 
739 539 744 285 
743 540 751 287 
748 545 757 287 
754 548 761 291 
759 551 766 291 
762 558 773 292 
764 563 779 294 
767 567 787 295 
772 568 791 296 
777 572 794 299 
784 575 801 300 
788 582 808 302 
794 584 813 302 
801 591 817 303 
807 595 827 306 
810 598 831 309 
814 600 836 310 
818 608 845 311 
822 613 849 312 
826 618 853 313 
836 619 859 315 
841 620 861 316 
852 626 864 316 
856 631 866 320 
864 632 871 324 
872 634 878 324 
879 635 884 324 
889 638 888 327 
895 640 892 327 
899 642 898 328 
900 643 908 328 
908 646 912 328 
913 646 920 329 
917 652 926 333 
927 654 933 335 
932 658 944 337 
936 663 948 340 
940 668 952 344 
948 675 959 347 
953 676 967 349 
957 679 979 349 
957 682 981 351 
969 683 985 354 
976 685 990 355 
978 689 997 356 
981 689 1000 357 
987 691 1004 362 
993 697 1006 363 
1000 698 1012 366 
1002 699 1015 368 
1007 702 1023 370 
1013 709 1027 371 
1014 715 1034 373 
1019 716 1038 375 
1027 720 1045 378 
1029 724 1050 380 
1037 728 1058 380 
1041 731 1062 380 
1050 733 1068 381 
1055 736 1072 383 
1059 741 1079 385 
1064 748 1086 386 
1074 752 1091 389 
1075 757 1098 395 
1079 761 1101 397 
1085 766 1106 400 
1089 768 1110 403 
1091 774 1113 404 
1093 778 1118 406 
1099 779 1121 407 
1106 786 1127 408 
1111 790 1131 408 
1118 794 1137 409 
1121 796 1141 412 
1128 801 1149 413 
1132 804 1158 414 
1138 812 1166 414 
1143 817 1172 417 
1152 824 1179 420 
1156 827 1186 422 
1160 835 1194 423 
1167 840 1195 425 
1173 842 1203 427 
1180 844 1209 429 
1186 850 1212 430 
1188 854 1215 430 
1193 856 1220 431 
1198 858 1225 432 
1206 860 1228 434 
1212 861 1239 434 
1215 864 1242 436 
1222 870 1249 436 
1229 872 1254 437 
1235 875 1258 438 
1241 880 1260 439 
1248 881 1264 439 
1254 883 1269 443 
1257 887 1275 443 
1269 893 1282 445 
1272 897 1285 447 
1280 899 1289 449 
1284 903 1294 451 
1291 909 1298 453 
1296 912 1304 455 
1302 915 1310 458 
1308 919 1315 463 
1313 923 1324 464 
1322 926 1326 464 
1327 930 1331 467 
1332 936 1341 468 
1337 941 1345 469 
1338 947 1352 469 
1343 952 1360 469 
1349 956 1367 469 
1352 962 1368 469 
1358 966 1374 472 
1364 973 1381 473 
1377 977 1387 473 
1380 980 1392 475 
1385 984 1400 479 
1387 987 1408 483 
1391 991 1414 483 
1395 995 1417 484 
1402 997 1421 486 
1407 1002 1434 489 
1414 1005 1440 492 
1419 1007 1443 494 
1430 1011 1450 497 
1436 1018 1454 497 
1439 1024 1460 502 
1443 1027 1465 503 
1449 1031 1472 504 
1454 1035 1480 509 
1456 1042 1483 511 
1461 1049 1491 513 
1466 1054 1497 516 
1474 1057 1501 520 
1478 1060 1507 524 
1484 1063 1513 527 
1488 1068 1523 530 
1489 1071 1530 532 
1495 1073 1534 533 
1497 1079 1539 533 
1506 1083 1540 541 
1513 1084 1546 544 
1523 1090 1557 545 
1529 1097 1566 545 
1531 1099 1575 546 
1542 1101 1580 546 
1549 1101 1587 551 
1560 1101 1589 552 
1569 1109 1593 553 
1573 1114 1598 555 
1582 1118 1603 557 
1588 1121 1609 559 
1594 1127 1611 562 
1597 1132 1614 562 
1603 1136 1618 562 
1613 1143 1622 562 
1617 1146 1625 566 
1617 1147 1626 568 
1622 1151 1630 569 
1625 1154 1635 572 
1628 1159 1639 574 
1634 1163 1648 575 
1643 1170 1654 576 
1648 1174 1659 579 
1656 1179 1669 580 
1661 1183 1672 581 
1667 1188 1673 583 
1674 1195 1680 586 
1676 1199 1682 586 
1679 1203 1686 589 
1682 1206 1690 589 
1684 1210 1696 592 
1688 1212 1701 593 
1695 1219 1708 593 
1703 1222 1710 595 
1707 1225 1721 599 
1708 1229 1727 600 
1710 1231 1732 602 
1719 1236 1740 604 
1723 1244 1742 606 
1729 1247 1749 608 
1736 1248 1758 610 
1738 1252 1760 613 
1747 1259 1766 614 
1754 1263 1773 615 
1761 1266 1774 617 
1767 1272 1776 619 
1772 1273 1780 619 
1775 1277 1787 622 
1780 1284 1795 626 
1782 1285 1803 626 
1791 1287 1810 628 
1794 1289 1813 630 
1802 1294 1819 631 
1808 1299 1826 633 
1813 1305 1831 635 
1822 1307 1836 635 
1829 1313 1839 638 
1836 1315 1845 641 
1843 1318 1849 643 
1851 1318 1853 646 
1855 1325 1859 648 
1858 1326 1864 649 
1861 1332 1869 649 
1868 1339 1875 650 
1870 1343 1878 651 
1874 1346 1882 652 
1878 1351 1888 655 
1887 1354 1892 658 
1896 1357 1893 662 
1901 1357 1898 666 
1908 1361 1902 668 
1910 1366 1907 668 
1913 1369 1914 670 
1922 1374 1921 670 
1926 1376 1925 670 
1931 1378 1930 672 
1939 1383 1934 674 
1943 1384 1938 677 
1951 1388 1944 679 
1956 1393 1950 680 
1962 1395 1953 682 
1967 1398 1956 683 
1975 1401 1965 683 
1983 1405 1972 686 
1987 1406 1973 688 
1993 1409 1977 692 
2002 1412 1980 694 
2008 1420 1986 696 
2014 1428 1990 699 
2023 1434 1993 702 
2031 1441 2000 704 
2037 1442 2004 705 
2043 1445 2007 705 
2044 1450 2010 708 
2051 1455 2017 709 
2059 1459 2021 710 
2065 1462 2030 711 
2071 1465 2035 711 
2074 1468 2041 712 
2084 1474 2046 715 
2091 1476 2050 717 
2096 1480 2055 717 
2104 1482 2060 718 
2107 1486 2067 720 
2113 1492 2070 725 
2121 1496 2073 727 
2125 1498 2076 729 
2131 1500 2084 729 
2134 1504 2087 730 
2138 1509 2093 732 
2144 1513 2099 736 
2150 1518 2103 738 
2152 1525 2112 739 
2156 1533 2115 743 
2162 1541 2117 746 
2169 1541 2122 746 
2175 1544 2127 746 
2178 1547 2140 748 
2181 1550 2149 751 
2188 1552 2155 753 
2198 1556 2162 755 
2203 1560 2166 758 
2206 1564 2171 761 
2212 1566 2177 761 
2216 1568 2181 765 
2219 1574 2188 766 
2224 1579 2191 768 
2230 1582 2196 770 
2234 1586 2198 772 
2237 1588 2201 772 
2241 1590 2204 774 
2243 1593 2209 776 
2247 1596 2214 777 
2254 1597 2221 778 
2260 1602 2225 779 
2264 1610 2230 779 
2271 1615 2238 782 
2276 1619 2244 783 
2281 1624 2249 788 
2287 1629 2258 788 
2292 1632 2265 789 
2297 1633 2269 790 
2299 1636 2275 793 
2302 1638 2284 794 
2306 1643 2288 797 
2310 1644 2290 799 
2314 1644 2297 799 
2316 1647 2299 802 
2323 1652 2303 802 
2326 1655 2304 805 
2331 1658 2306 808 
2337 1663 2309 811 
2341 1666 2319 811 
2347 1669 2322 811 
2350 1671 2324 814 
2357 1676 2329 815 
2361 1682 2331 816 
2363 1686 2337 818 
2372 1689 2344 820 
2377 1691 2348 822 
2384 1699 2356 824 
2390 1700 2359 826 
2396 1704 2362 827 
2405 1708 2366 829 
2415 1711 2367 831 
2420 1714 2375 832 
2421 1715 2378 833 
2427 1716 2385 835 
2434 1720 2392 836 
2438 1721 2395 841 
2440 1724 2398 843 
2446 1730 2402 844 
2454 1732 2406 846 
2458 1737 2414 848 
2463 1739 2422 850 
2470 1742 2426 853 
2473 1747 2431 855 
2479 1751 2438 855 
2483 1758 2441 857 
2487 1761 2447 857 
2493 1763 2453 859 
2499 1764 2457 861 
2502 1767 2464 862 
2510 1769 2469 864 
2517 1773 2476 867 
2523 1775 2480 868 
2527 1782 2483 868 
2534 1784 2485 870 
2537 1786 2494 872 
2542 1790 2498 873 
2550 1792 2506 875 
2555 1797 2513 875 
2559 1801 2518 878 
2564 1805 2526 882 
2569 1808 2528 884 
2572 1811 2533 885 
2575 1814 2536 888 
2581 1818 2540 891 
2585 1823 2544 891 
2590 1826 2549 892 
2592 1827 2555 895 
2596 1828 2560 897 
2600 1836 2564 897 
2603 1840 2570 899 
2607 1849 2577 901 
2610 1851 2579 905 
2618 1855 2584 906 
2622 1859 2588 907 
2627 1864 2591 908 
2638 1865 2595 908 
2645 1872 2596 909 
2650 1875 2603 910 
2658 1875 2609 911 
2662 1877 2616 913 
2667 1880 2624 915 
2673 1884 2631 917 
2677 1888 2639 917 
2679 1891 2647 919 
2684 1893 2649 920 
2686 1897 2653 921 
2690 1902 2659 923 
2696 1903 2664 925 
2704 1907 2666 928 
2706 1911 2674 928 
2707 1912 2675 928 
2713 1916 2676 928 
2726 1917 2681 929 
2731 1919 2687 930 
2734 1921 2692 934 
2739 1922 2698 935 
2747 1926 2702 937 
2753 1928 2709 940 
2757 1931 2712 942 
2762 1936 2714 946 
2766 1942 2716 947 
2771 1948 2719 948 
2773 1952 2728 952 
2775 1960 2735 955 
2777 1964 2742 957 
2783 1969 2745 959 
2788 1972 2750 960 
2798 1977 2758 961 
2803 1981 2763 962 
2809 1990 2772 964 
2816 1992 2776 965 
2819 1994 2780 966 
2826 1995 2783 968 
2829 1999 2785 969 
2835 2002 2791 972 
2839 2006 2797 976 
2847 2012 2804 979 
2850 2014 2814 983 
2858 2017 2815 987 
2868 2021 2823 987 
2876 2027 2827 987 
2878 2032 2833 988 
2885 2037 2839 991 
2889 2040 2842 994 
2893 2044 2845 994 
2896 2050 2846 996 
2901 2052 2852 998 
2906 2058 2858 998 
2912 2059 2862 999 
2917 2063 2866 1001 
2929 2065 2871 1005 
2934 2071 2877 1008 
2936 2072 2880 1009 
2943 2075 2888 1010 
2947 2079 2892 1012 
2952 2083 2902 1013 
2958 2086 2906 1014 
2966 2088 2910 1015 
2972 2089 2914 1020 
2979 2089 2921 1024 
2985 2091 2925 1026 
2991 2094 2930 1028 
3000 2099 2935 1028 
3005 2102 2938 1029 
3013 2103 2943 1033 
3018 2106 2945 1034 
3026 2109 2947 1034 
3029 2114 2949 1035 
3034 2119 2954 1036 
3040 2122 2959 1038 
3046 2124 2966 1041 
3052 2128 2972 1045 
3058 2129 2975 1046 
3065 2133 2979 1047 
3072 2135 2988 1047 
3078 2139 2992 1050 
3085 2145 2995 1051 
3088 2150 2999 1053 
3094 2152 3002 1054 
3095 2157 3010 1055 
3101 2160 3017 1056 
3104 2165 3020 1061 
3109 2167 3030 1066 
3117 2171 3033 1069 
3129 2172 3039 1070 
3133 2173 3045 1073 
3140 2173 3050 1076 
3147 2179 3058 1077 
3156 2182 3062 1079 
3162 2189 3065 1081 
3167 2197 3068 1082 
3174 2198 3078 1084 
3177 2203 3082 1085 
3182 2211 3084 1086 
3189 2215 3088 1089 
3194 2217 3094 1091 
3199 2220 3101 1091 
3202 2224 3105 1094 
3214 2229 3111 1096 
3221 2234 3114 1097 
3224 2243 3117 1098 
3227 2249 3123 1099 
3236 2252 3128 1100 
3243 2256 3130 1102 
3245 2261 3141 1104 
3252 2265 3148 1106 
3261 2269 3153 1108 
3268 2271 3159 1110 
3274 2274 3163 1112 
3283 2280 3172 1114 
3291 2282 3181 1115 
3297 2285 3182 1116 
3305 2289 3192 1116 
3315 2293 3196 1120 
3317 2298 3204 1123 
3323 2300 3207 1126 
3327 2304 3214 1127 
3334 2311 3217 1129 
3338 2315 3222 1132 
3341 2319 3229 1133 
3346 2322 3235 1137 
3352 2327 3237 1138 
3357 2333 3243 1138 
3367 2340 3245 1138 
3371 2343 3250 1140 
3377 2348 3254 1142 
3385 2354 3256 1146 
3392 2357 3257 1147 
3396 2361 3262 1149 
3403 2364 3268 1151 
3415 2369 3273 1151 
3420 2372 3280 1152 
3426 2372 3289 1155 
3434 2378 3292 1157 
3438 2382 3295 1158 
3441 2390 3299 1161 
3446 2394 3305 1161 
3451 2402 3310 1161 
3458 2409 3316 1162 
3459 2413 3320 1165 
3464 2416 3323 1167 
3469 2421 3326 1171 
3480 2422 3333 1171 
3485 2427 3335 1175 
3488 2429 3339 1176 
3490 2435 3342 1181 
3501 2442 3348 1183 
3503 2447 3357 1185 
3509 2450 3359 1188 
3513 2451 3369 1189 
3517 2455 3371 1190 
3523 2459 3379 1194 
3534 2462 3383 1195 
3539 2466 3391 1196 
3541 2468 3397 1198 
3544 2471 3405 1199 
3553 2475 3412 1201 
3558 2477 3415 1202 
3565 2481 3421 1205 
3570 2484 3423 1208 
3579 2489 3428 1209 
3585 2491 3431 1212 
3589 2495 3435 1214 
3594 2501 3440 1216 
3597 2509 3445 1217 
3606 2515 3450 1219 
3615 2520 3454 1221 
3618 2526 3457 1221 
3621 2527 3462 1222 
3627 2533 3469 1226 
3634 2537 3475 1226 
3635 2538 3483 1227 
3639 2542 3488 1229 
3642 2545 3489 1233 
3648 2545 3499 1234 
3651 2548 3503 1235 
3657 2552 3511 1237 
3660 2559 3515 1240 
3667 2563 3519 1240 
3669 2564 3522 1243 
3678 2567 3527 1247 
3684 2572 3532 1248 
3691 2575 3535 1249 
3697 2579 3540 1251 
3701 2584 3548 1253 
3705 2587 3552 1256 
3714 2592 3560 1259 
3716 2596 3563 1259 
3718 2596 3566 1260 
3724 2601 3572 1261 
3732 2602 3579 1261 
3738 2609 3586 1262 
3743 2615 3591 1268 
3749 2616 3595 1272 
3754 2619 3599 1272 
3758 2628 3609 1274 
3767 2632 3616 1279 
3772 2635 3621 1282 
3774 2641 3626 1283 
3776 2645 3627 1284 
3778 2651 3634 1284 
3787 2655 3642 1286 
3791 2657 3646 1288 
3795 2659 3654 1290 
3798 2664 3661 1291 
3803 2665 3664 1297 
3809 2667 3672 1297 
3815 2671 3677 1300 
3823 2673 3682 1301 
3828 2679 3686 1302 
3834 2681 3690 1304 
3839 2686 3694 1305 
3846 2689 3696 1308 
3854 2692 3700 1309 
3858 2695 3704 1309 
3865 2699 3713 1310 
3866 2701 3716 1311 
3872 2705 3722 1311 
3880 2708 3725 1314 
3885 2713 3728 1316 
3891 2716 3733 1317 
3898 2718 3740 1322 
3901 2725 3745 1325 
3904 2731 3750 1325 
3905 2733 3759 1327 
3910 2736 3766 1329 
3913 2741 3773 1332 
3917 2745 3777 1338 
3921 2749 3785 1340 
3926 2756 3793 1343 
3930 2758 3797 1344 
3937 2765 3803 1345 
3942 2770 3815 1347 
3945 2772 3818 1348 
3950 2777 3822 1350 
3953 2778 3825 1352 
3958 2783 3828 1353 
3962 2786 3836 1356 
3970 2791 3840 1357 
3979 2793 3846 1362 
3982 2796 3849 1364 
3984 2799 3854 1366 
3989 2800 3861 1367 
3992 2803 3867 1367 
3999 2806 3869 1367 
4007 2807 3877 1368 
4022 2814 3881 1370 
4027 2819 3886 1372 
4033 2823 3889 1373 
4040 2825 3892 1376 
4048 2828 3900 1378 
4054 2830 3907 1379 
4056 2833 3911 1379 
4061 2834 3916 1381 
4064 2839 3924 1382 
4071 2846 3929 1384 
4076 2853 3937 1385 
4078 2856 3944 1389 
4079 2863 3955 1392 
4085 2866 3961 1394 
4090 2870 3966 1394 
4094 2872 3968 1398 
4101 2875 3971 1399 
4105 2882 3976 1402 
4109 2886 3981 1405 
4111 2892 3991 1407 
4116 2896 3995 1408 
4122 2901 3999 1411 
4130 2904 4005 1412 
4141 2907 4014 1413 
4146 2910 4020 1416 
4148 2913 4023 1417 
4152 2914 4027 1419 
4155 2919 4030 1421 
4159 2922 4032 1423 
4160 2924 4037 1423 
4163 2926 4041 1423 
4170 2930 4051 1423 
4178 2934 4056 1426 
4185 2936 4064 1427 
4193 2941 4071 1431 
4199 2949 4082 1434 
4202 2951 4083 1437 
4206 2953 4087 1438 
4210 2957 4094 1439 
4212 2960 4099 1441 
4216 2964 4104 1442 
4217 2970 4109 1444 
4222 2973 4112 1444 
4223 2979 4118 1446 
4226 2981 4122 1449 
4235 2985 4124 1449 
4241 2989 4131 1453 
4242 2990 4137 1456 
4247 2994 4142 1458 
4251 3001 4152 1459 
4257 3003 4159 1464 
4260 3006 4160 1467 
4263 3013 4167 1471 
4266 3015 4174 1471 
4277 3020 4181 1473 
4284 3024 4192 1473 
4287 3027 4199 1473 
4293 3035 4209 1474 
4295 3040 4215 1475 
4302 3045 4220 1475 
4306 3047 4225 1476 
4310 3052 4228 1477 
4315 3058 4233 1478 
4322 3061 4239 1479 
4329 3067 4245 1481 
4332 3071 4252 1482 
4340 3076 4256 1485 
4344 3083 4259 1487 
4345 3084 4264 1488 
4348 3088 4268 1491 
4355 3091 4276 1492 
4358 3097 4279 1493 
4364 3100 4286 1496 
4366 3103 4295 1497 
4369 3104 4297 1497 
4376 3109 4302 1497 
4379 3114 4307 1498 
4385 3117 4317 1499 
4389 3121 4323 1501 
4395 3128 4325 1501 
4400 3132 4330 1503 
4402 3138 4338 1506 
4406 3141 4341 1506 
4415 3146 4346 1508 
4420 3150 4353 1510 
4426 3156 4358 1511 
4428 3159 4365 1512 
4435 3166 4375 1516 
4440 3171 4378 1517 
4444 3176 4385 1521 
4449 3178 4389 1521 
4452 3181 4393 1521 
4458 3184 4397 1528 
4463 3184 4400 1529 
4466 3188 4412 1532 
4471 3194 4420 1536 
4479 3200 4429 1538 
4488 3202 4435 1541 
4496 3207 4439 1545 
4500 3212 4450 1546 
4510 3218 4456 1548 
4517 3223 4463 1551 
4519 3227 4468 1554 
4524 3229 4476 1554 
4529 3232 4484 1555 
4537 3233 4490 1556 
4543 3235 4495 1561 
4550 3240 4500 1561 
4556 3246 4504 1562 
4560 3248 4507 1564 
4570 3251 4511 1565 
4575 3254 4516 1567 
4579 3255 4527 1569 
4590 3260 4531 1570 
4596 3263 4539 1572 
4603 3267 4542 1573 
4606 3268 4551 1578 
4610 3273 4559 1579 
4614 3276 4561 1582 
4616 3278 4566 1583 
4622 3279 4567 1586 
4629 3282 4569 1587 
4634 3284 4571 1590 
4639 3292 4579 1591 
4645 3297 4587 1594 
4649 3304 4594 1595 
4652 3310 4604 1595 
4657 3313 4612 1596 
4660 3317 4617 1596 
4663 3321 4619 1598 
4671 3324 4629 1600 
4678 3327 4630 1602 
4686 3332 4638 1602 
4692 3337 4640 1604 
4699 3342 4648 1608 
4711 3342 4656 1611 
4722 3344 4666 1613 
4729 3345 4667 1614 
4735 3349 4674 1615 
4742 3352 4678 1617 
4744 3355 4683 1621 
4749 3359 4684 1621 
4752 3361 4688 1621 
4759 3367 4694 1622 
4765 3369 4697 1624 
4768 3371 4704 1625 
4775 3378 4710 1626 
4781 3381 4716 1628 
4788 3385 4719 1632 
4793 3388 4725 1636 
4799 3391 4731 1636 
4804 3393 4737 1636 
4807 3401 4742 1638 
4816 3405 4747 1643 
4821 3407 4749 1643 
4829 3409 4755 1645 
4833 3415 4760 1645 
4837 3419 4766 1646 
4844 3424 4774 1649 
4849 3427 4779 1650 
4851 3432 4786 1653 
4855 3435 4795 1655 
4862 3437 4799 1657 
4866 3439 4801 1660 
4873 3441 4804 1664 
4880 3444 4812 1665 
4885 3448 4814 1669 
4888 3453 4821 1669 
4895 3457 4826 1670 
4902 3460 4832 1674 
4908 3462 4838 1676 
4913 3467 4846 1679 
4919 3472 4849 1681 
4927 3474 4852 1682 
4930 3477 4856 1686 
4936 3482 4861 1687 
4942 3488 4864 1690 
4948 3493 4873 1690 
4956 3494 4877 1696 
4964 3501 4881 1697 
4972 3510 4884 1700 
4977 3513 4890 1701 
4980 3516 4898 1705 
4986 3518 4908 1705 
4990 3523 4912 1708 
4991 3526 4921 1710 
4999 3528 4926 1710 
5007 3533 4934 1713 
5015 3536 4935 1716 
5018 3540 4940 1718 
5029 3544 4946 1723 
5033 3548 4956 1726 
5037 3551 4961 1728 
5043 3559 4966 1730 
5053 3561 4969 1731 
5059 3565 4973 1731 
5069 3569 4980 1733 
5074 3570 4986 1733 
5078 3576 4992 1734 
5085 3580 4994 1737 
5088 3581 4998 1738 
5092 3583 5006 1739 
5098 3586 5012 1739 
5102 3591 5016 1739 
5105 3593 5018 1740 
5108 3600 5022 1743 
5110 3605 5028 1745 
5117 3609 5033 1748 
5121 3614 5040 1752 
5126 3619 5044 1753 
5129 3622 5051 1755 
5139 3623 5058 1756 
5143 3627 5063 1763 
5151 3632 5067 1764 
5155 3638 5073 1768 
5162 3642 5077 1768 
5165 3649 5084 1768 
5170 3652 5086 1771 
5175 3656 5090 1772 
5178 3660 5095 1775 
5181 3665 5100 1777 
5188 3671 5105 1781 
5196 3674 5106 1781 
5204 3678 5118 1782 
5212 3682 5122 1782 
5218 3684 5125 1782 
5223 3687 5129 1783 
5229 3691 5131 1788 
5236 3694 5138 1790 
5239 3697 5142 1793 
5241 3703 5148 1796 
5246 3706 5156 1798 
5251 3709 5164 1800 
5253 3713 5171 1802 
5255 3718 5180 1806 
5261 3724 5187 1809 
5266 3729 5194 1812 
5275 3733 5201 1817 
5285 3738 5205 1819 
5290 3743 5208 1822 
5295 3746 5211 1826 
5302 3747 5213 1826 
5308 3752 5218 1827 
5312 3757 5222 1828 
5318 3763 5225 1832 
5320 3763 5234 1835 
5324 3768 5239 1838 
5331 3775 5244 1840 
5334 3781 5249 1843 
5338 3784 5256 1846 
5343 3787 5263 1849 
5347 3789 5268 1852 
5354 3791 5273 1852 
5357 3795 5280 1853 
5358 3797 5285 1856 
5362 3802 5290 1857 
5372 3805 5294 1857 
5375 3809 5300 1861 
5378 3812 5305 1861 
5381 3817 5306 1863 
5385 3819 5312 1869 
5390 3825 5316 1870 
5394 3828 5320 1873 
5398 3832 5325 1873 
5402 3837 5336 1877 
5408 3844 5340 1881 
5411 3848 5345 1881 
5416 3854 5354 1882 
5420 3858 5358 1886 
5428 3860 5361 1887 
5436 3861 5367 1891 
5441 3864 5372 1893 
5449 3870 5376 1894 
5456 3874 5389 1895 
5457 3879 5393 1896 
5461 3882 5399 1899 
5465 3889 5399 1900 
5469 3894 5402 1902 
5473 3897 5410 1906 
5483 3905 5418 1908 
5492 3910 5425 1910 
5500 3917 5433 1916 
5503 3923 5441 1918 
5509 3927 5445 1919 
5518 3936 5452 1920 
5523 3937 5462 1920 
5529 3940 5471 1921 
5538 3940 5476 1921 
5543 3944 5482 1921 
5552 3951 5487 1923 
5556 3954 5495 1924 
5566 3958 5502 1924 
5567 3960 5509 1926 
5573 3961 5511 1927 
5583 3969 5516 1930 
5590 3972 5517 1933 
5593 3975 5525 1935 
5603 3980 5530 1940 
5607 3983 5541 1944 
5613 3990 5546 1944 
5618 3993 5555 1944 
5622 3999 5557 1948 
5627 4003 5560 1948 
5634 4009 5565 1948 
5639 4014 5573 1951 
5643 4018 5581 1954 
5654 4019 5586 1955 
5661 4022 5591 1960 
5666 4027 5593 1963 
5672 4030 5596 1966 
5680 4037 5599 1967 
5684 4040 5611 1971 
5691 4045 5617 1971 
5700 4048 5622 1974 
5706 4053 5627 1976 
5714 4057 5632 1978 
5720 4060 5638 1979 
5727 4062 5641 1981 
5731 4067 5647 1981 
5735 4072 5657 1983 
5738 4073 5661 1983 
5744 4078 5666 1985 
5749 4082 5670 1988 
5755 4085 5674 1992 
5762 4089 5678 1992 
5768 4091 5682 1993 
5774 4095 5691 1994 
5783 4098 5697 1996 
5787 4100 5701 1998 
5793 4107 5708 2000 
5798 4112 5713 2000 
5801 4115 5718 2002 
5808 4117 5724 2004 
5814 4123 5732 2004 
5816 4125 5742 2006 
5821 4129 5748 2009 
5829 4138 5756 2013 
5831 4144 5766 2014 
5836 4147 5770 2015 
5841 4149 5771 2017 
5846 4153 5775 2019 
5853 4157 5781 2022 
5861 4163 5782 2025 
5869 4169 5790 2027 
5870 4170 5796 2027 
5874 4175 5802 2028 
5881 4183 5808 2029 
5884 4184 5814 2032 
5890 4188 5820 2034 
5896 4192 5827 2036 
5897 4196 5838 2039 
5901 4202 5842 2040 
5909 4208 5849 2043 
5911 4213 5853 2043 
5918 4223 5856 2043 
5923 4225 5862 2045 
5933 4227 5870 2047 
5937 4231 5877 2047 
5941 4237 5888 2048 
5945 4241 5893 2050 
5951 4242 5897 2051 
5963 4245 5906 2054 
5972 4248 5909 2057 
5976 4253 5913 2057 
5979 4256 5919 2057 
5981 4264 5926 2058 
5985 4270 5930 2061 
5989 4271 5933 2064 
5993 4278 5935 2066 
5998 4283 5939 2067 
6002 4284 5942 2068 
6005 4285 5948 2070 
6015 4291 5952 2072 
6019 4295 5954 2075 
6022 4300 5960 2077 
6026 4305 5963 2081 
6031 4306 5967 2081 
6036 4310 5970 2082 
6040 4313 5977 2083 
6045 4314 5984 2084 
6048 4318 5986 2086 
6056 4322 5991 2088 
6060 4325 5996 2089 
6061 4327 6004 2093 
6070 4332 6016 2094 
6080 4338 6023 2098 
6088 4339 6029 2099 
6096 4344 6034 2100 
6102 4349 6037 2102 
6105 4351 6042 2104 
6108 4354 6047 2104 
6112 4358 6050 2105 
6121 4360 6055 2108 
6127 4366 6057 2111 
6131 4368 6061 2112 
6136 4371 6062 2116 
6142 4375 6069 2120 
6146 4379 6075 2120 
6152 4382 6081 2121 
6154 4382 6086 2122 
6162 4389 6092 2124 
6169 4391 6097 2124 
6174 4392 6107 2125 
6179 4396 6113 2128 
6186 4397 6118 2129 
6189 4401 6124 2130 
6192 4409 6127 2132 
6199 4411 6131 2135 
6204 4411 6135 2137 
6211 4416 6140 2138 
6217 4418 6146 2141 
6221 4423 6150 2143 
6236 4425 6153 2146 
6244 4426 6162 2147 
6253 4433 6167 2151 
6258 4439 6174 2156 
6264 4446 6178 2156 
6272 4448 6189 2159 
6279 4454 6191 2160 
6285 4456 6194 2161 
6290 4459 6201 2164 
6291 4463 6204 2167 
6297 4466 6204 2169 
6307 4470 6212 2171 
6312 4476 6214 2175 
6324 4480 6216 2175 
6335 4487 6219 2176 
6344 4495 6226 2176 
6346 4498 6231 2179 
6349 4503 6237 2181 
6351 4507 6241 2183 
6354 4510 6246 2183 
6359 4518 6250 2186 
6367 4521 6254 2189 
6371 4526 6261 2190 
6374 4526 6267 2192 
6379 4531 6275 2197 
6386 4537 6278 2199 
6391 4539 6289 2202 
6398 4542 6292 2204 
6408 4542 6297 2204 
6410 4545 6300 2206 
6417 4549 6308 2207 
6421 4551 6315 2209 
6425 4555 6322 2211 
6429 4559 6327 2214 
6438 4562 6334 2218 
6439 4564 6339 2218 
6446 4570 6343 2219 
6449 4578 6352 2221 
6451 4580 6359 2223 
6453 4583 6364 2226 
6456 4587 6368 2227 
6461 4589 6373 2230 
6465 4591 6382 2231 
6471 4592 6385 2231 
6474 4593 6388 2232 
6480 4596 6393 2234 
6482 4603 6394 2238 
6488 4609 6396 2241 
6496 4613 6398 2245 
6500 4613 6400 2246 
6503 4616 6408 2248 
6510 4620 6412 2251 
6515 4623 6417 2255 
6519 4626 6423 2256 
6529 4631 6428 2260 
6534 4635 6430 2261 
6540 4643 6438 2264 
6548 4647 6445 2266 
6551 4652 6448 2269 
6554 4655 6451 2272 
6559 4658 6457 2277 
6565 4661 6461 2280 
6570 4664 6469 2280 
6575 4666 6477 2284 
6579 4667 6480 2285 
6584 4670 6485 2287 
6591 4672 6490 2289 
6599 4675 6498 2291 
6607 4682 6502 2292 
6614 4683 6508 2293 
6622 4685 6520 2298 
6624 4689 6524 2304 
6631 4693 6530 2305 
6636 4694 6536 2309 
6641 4700 6541 2312 
6647 4702 6546 2315 
6655 4706 6552 2318 
6657 4710 6557 2320 
6663 4711 6565 2320 
6668 4718 6568 2322 
6677 4727 6570 2323 
6684 4731 6572 2327 
6690 4736 6578 2329 
6698 4741 6589 2333 
6702 4744 6594 2334 
6710 4749 6596 2335 
6717 4755 6607 2338 
6719 4757 6608 2339 
6725 4760 6615 2342 
6731 4760 6619 2342 
6739 4766 6626 2342 
6745 4772 6635 2343 
6749 4779 6642 2349 
6749 4780 6651 2352 
6752 4782 6654 2353 
6758 4786 6662 2354 
6767 4791 6670 2355 
6771 4794 6675 2357 
6777 4800 6678 2359 
6781 4804 6684 2360 
6787 4805 6688 2363 
6794 4809 6695 2365 
6801 4813 6704 2366 
6809 4815 6710 2366 
6818 4820 6719 2367 
6823 4820 6723 2367 
6830 4826 6733 2369 
6832 4830 6743 2371 
6835 4835 6750 2372 
6839 4840 6756 2373 
6844 4843 6766 2375 
6852 4846 6771 2378 
6856 4852 6778 2381 
6858 4858 6782 2383 
6867 4863 6790 2384 
6871 4866 6795 2385 
6875 4874 6801 2386 
6881 4881 6812 2388 
6885 4884 6816 2392 
6888 4891 6820 2393 
6893 4893 6827 2394 
6902 4898 6835 2395 
6905 4903 6838 2395 
6910 4908 6843 2396 
6922 4913 6852 2398 
6934 4915 6856 2402 
6940 4922 6862 2405 
6946 4926 6864 2406 
6950 4928 6866 2406 
6954 4931 6870 2406 
6960 4935 6874 2408 
6971 4937 6878 2410 
6985 4941 6884 2412 
6989 4942 6886 2414 
6994 4945 6888 2415 
7000 4953 6894 2417 
7003 4960 6904 2420 
7010 4964 6911 2420 
7018 4965 6916 2421 
7024 4969 6918 2423 
7028 4973 6921 2425 
7038 4975 6927 2426 
7044 4977 6933 2432 
7053 4984 6939 2434 
7061 4988 6943 2437 
7064 4996 6947 2439 
7069 5003 6951 2444 
7075 5008 6958 2446 
7076 5012 6962 2448 
7086 5018 6968 2452 
7095 5022 6971 2455 
7100 5025 6973 2457 
7103 5032 6978 2459 
7108 5036 6982 2462 
7114 5041 6987 2464 
7117 5045 6992 2468 
7124 5051 7005 2472 
7133 5054 7013 2476 
7135 5057 7019 2478 
7145 5058 7025 2479 
7151 5064 7032 2480 
7155 5068 7040 2480 
7160 5072 7046 2483 
7162 5076 7048 2485 
7170 5081 7052 2486 
7178 5092 7056 2487 
7182 5095 7059 2488 
7185 5096 7068 2493 
7191 5097 7072 2497 
7194 5100 7076 2498 
7199 5104 7079 2499 
7206 5108 7083 2500 
7209 5108 7087 2503 
7214 5113 7094 2504 
7217 5122 7100 2506 
7224 5126 7103 2508 
7228 5129 7108 2512 
7237 5132 7112 2517 
7245 5135 7119 2519 
7253 5136 7126 2522 
7256 5143 7135 2522 
7258 5146 7140 2526 
7263 5147 7151 2528 
7270 5149 7158 2533 
7274 5154 7161 2537 
7277 5162 7166 2539 
7283 5170 7168 2539 
7289 5176 7180 2542 
7294 5181 7184 2542 
7298 5184 7186 2542 
7301 5191 7190 2544 
7309 5191 7193 2547 
7317 5198 7198 2548 
7323 5202 7204 2550 
7327 5206 7212 2552 
7336 5213 7218 2552 
7339 5215 7223 2553 
7342 5219 7227 2553 
7345 5223 7230 2555 
7350 5225 7234 2559 
7359 5229 7240 2559 
7364 5235 7250 2562 
7369 5238 7255 2564 
7375 5241 7263 2566 
7379 5244 7267 2569 
7385 5246 7270 2572 
7392 5252 7278 2572 
7399 5256 7285 2573 
7403 5266 7289 2574 
7407 5266 7295 2576 
7412 5274 7301 2579 
7415 5279 7304 2584 
7419 5281 7311 2584 
7430 5283 7318 2584 
7435 5284 7322 2587 
7440 5286 7327 2587 
7446 5289 7333 2587 
7449 5294 7336 2588 
7454 5299 7343 2591 
7459 5300 7347 2592 
7464 5303 7350 2592 
7474 5306 7356 2594 
7476 5310 7365 2595 
7480 5315 7370 2595 
7483 5320 7377 2599 
7489 5323 7380 2601 
7498 5331 7382 2602 
7504 5334 7391 2602 
7511 5337 7397 2603 
7518 5337 7401 2605 
7522 5343 7405 2607 
7529 5344 7410 2608 
7535 5349 7415 2609 
7537 5352 7422 2611 
7541 5355 7428 2612 
7546 5363 7433 2614 
7551 5368 7438 2616 
7557 5370 7444 2617 
7564 5372 7449 2617 
7569 5374 7453 2618 
7576 5377 7460 2621 
7582 5381 7464 2623 
7590 5385 7472 2624 
7597 5391 7481 2626 
7604 5398 7483 2627 
7607 5401 7491 2627 
7611 5405 7500 2632 
7615 5407 7505 2636 
7621 5411 7512 2638 
7627 5417 7515 2641 
7629 5420 7524 2643 
7635 5426 7530 2646 
7641 5429 7534 2648 
7644 5434 7540 2650 
7650 5438 7543 2652 
7651 5442 7549 2652 
7656 5447 7551 2655 
7659 5452 7553 2659 
7661 5458 7562 2661 
7663 5462 7567 2664 
7668 5466 7573 2664 
7673 5469 7582 2669 
7676 5474 7586 2670 
7682 5481 7590 2671 
7683 5490 7592 2672 
7689 5497 7594 2673 
7693 5501 7599 2675 
7696 5506 7607 2679 
7702 5517 7613 2683 
7711 5518 7617 2687 
7717 5520 7623 2688 
7722 5523 7627 2688 
7728 5531 7632 2693 
7733 5539 7640 2693 
7735 5546 7649 2695 
7738 5549 7661 2695 
7748 5555 7661 2696 
7753 5560 7664 2697 
7760 5565 7671 2699 
7762 5573 7680 2700 
7767 5576 7686 2702 
7773 5580 7693 2705 
7778 5583 7700 2708 
7782 5585 7706 2708 
7794 5592 7713 2711 
7800 5599 7717 2712 
7803 5607 7723 2715 
7808 5610 7730 2715 
7812 5612 7736 2716 
7815 5617 7741 2717 
7822 5621 7744 2718 
7825 5624 7747 2718 
7831 5626 7749 2720 
7835 5629 7757 2721 
7838 5636 7762 2724 
7848 5637 7764 2726 
7851 5640 7769 2727 
7854 5646 7780 2730 
7859 5646 7787 2731 
7869 5649 7792 2733 
7876 5655 7796 2733 
7878 5659 7799 2737 
7882 5663 7804 2738 
7888 5667 7810 2741 
7890 5671 7815 2742 
7894 5674 7823 2746 
7901 5677 7831 2747 
7904 5682 7835 2749 
7908 5688 7839 2754 
7909 5691 7841 2755 
7914 5692 7850 2756 
7925 5695 7857 2760 
7931 5698 7863 2763 
7934 5699 7870 2764 
7939 5700 7879 2767 
7946 5704 7887 2767 
7955 5711 7895 2767 
7962 5713 7898 2769 
7965 5716 7903 2772 
7969 5720 7907 2776 
7974 5724 7912 2778 
7978 5729 7921 2779 
7982 5732 7927 2781 
7986 5735 7931 2783 
7989 5739 7936 2787 
7998 5746 7938 2789 
8005 5750 7943 2792 
8012 5750 7947 2792 
8018 5751 7950 2794 
8022 5758 7953 2794 
8026 5763 7955 2795 
8031 5765 7961 2799 
8035 5772 7966 2800 
8039 5776 7969 2802 
8046 5780 7977 2803 
8048 5786 7985 2804 
8054 5792 7990 2806 
8058 5799 8000 2809 
8060 5806 8004 2810 
8061 5813 8014 2810 
8068 5820 8021 2812 
8070 5822 8026 2814 
8074 5823 8029 2816 
8081 5824 8034 2816 
8083 5828 8040 2816 
8087 5830 8046 2817 
8092 5836 8052 2819 
8101 5842 8062 2819 
8107 5848 8070 2823 
8107 5851 8080 2824 
8112 5854 8084 2825 
8121 5860 8092 2827 
8126 5864 8099 2828 
8132 5868 8104 2829 
8137 5873 8107 2830 
8141 5878 8114 2831 
8144 5880 8119 2832 
8145 5884 8121 2833 
8152 5888 8129 2837 
8155 5892 8131 2841 
8159 5894 8135 2843 
8163 5901 8139 2846 
8168 5907 8143 2847 
8170 5912 8150 2847 
8175 5915 8156 2848 
8179 5920 8162 2849 
8182 5925 8167 2849 
8186 5929 8174 2853 
8189 5936 8180 2857 
8194 5940 8188 2860 
8198 5940 8189 2861 
8202 5941 8192 2863 
8203 5944 8197 2863 
8212 5944 8203 2865 
8215 5949 8208 2866 
8217 5953 8211 2868 
8224 5954 8219 2869 
8230 5961 8225 2869 
8238 5965 8229 2872 
8248 5971 8233 2874 
8253 5974 8237 2877 
8255 5978 8246 2878 
8261 5981 8249 2879 
8265 5984 8254 2880 
8271 5987 8258 2880 
8273 5991 8260 2880 
8281 5997 8267 2884 
8289 6000 8273 2885 
8294 6001 8281 2887 
8303 6004 8283 2889 
8309 6015 8291 2891 
8311 6024 8296 2893 
8314 6025 8303 2894 
8317 6029 8307 2895 
8319 6032 8312 2900 
8326 6034 8318 2902 
8329 6041 8323 2906 
8334 6046 8329 2910 
8338 6050 8333 2914 
8348 6053 8339 2916 
8355 6061 8344 2916 
8362 6066 8349 2917 
8366 6069 8356 2918 
8373 6070 8359 2918 
8378 6075 8366 2919 
8386 6079 8373 2920 
8391 6083 8382 2920 
8398 6088 8387 2922 
8399 6090 8392 2924 
8402 6093 8401 2926 
8406 6094 8405 2927 
8408 6100 8413 2929 
8415 6104 8418 2932 
8418 6108 8425 2933 
8422 6116 8433 2933 
8427 6122 8437 2936 
8430 6128 8448 2938 
8434 6133 8451 2939 
8438 6139 8456 2940 
8443 6145 8463 2940 
8449 6149 8464 2942 
8453 6149 8469 2944 
8458 6154 8475 2944 
8463 6158 8480 2947 
8469 6161 8485 2947 
8472 6166 8491 2950 
8476 6169 8498 2951 
8480 6175 8503 2953 
8487 6180 8512 2954 
8491 6181 8520 2954 
8498 6190 8524 2957 
8506 6192 8529 2958 
8512 6199 8533 2960 
8515 6202 8534 2964 
8520 6205 8538 2965 
8521 6208 8542 2966 
8530 6213 8545 2966 
8539 6214 8551 2969 
8541 6216 8557 2971 
8549 6218 8562 2971 
8553 6222 8568 2974 
8560 6229 8572 2974 
8564 6235 8577 2975 
8572 6237 8583 2977 
8580 6238 8589 2980 
8585 6243 8596 2982 
8588 6247 8599 2984 
8594 6249 8610 2986 
8599 6250 8611 2987 
8607 6253 8616 2988 
8610 6255 8617 2988 
8619 6259 8620 2988 
8624 6265 8624 2991 
8633 6268 8626 2992 
8636 6276 8633 2995 
8638 6282 8638 2997 
8645 6285 8647 2997 
8650 6289 8650 2997 
8656 6294 8656 2998 
8658 6297 8662 2999 
8662 6302 8667 3002 
8668 6310 8676 3004 
8676 6312 8683 3004 
8683 6318 8691 3008 
8684 6325 8695 3010 
8690 6332 8700 3010 
8697 6333 8705 3010 
8700 6336 8716 3014 
8706 6336 8723 3017 
8714 6342 8733 3019 
8724 6346 8740 3021 
8728 6347 8747 3025 
8734 6349 8759 3029 
8736 6355 8761 3030 
8738 6357 8765 3034 
8742 6361 8771 3038 
8743 6367 8774 3038 
8753 6370 8780 3040 
8761 6373 8789 3044 
8773 6380 8795 3045 
8786 6387 8801 3048 
8794 6392 8807 3051 
8799 6396 8810 3053 
8803 6396 8815 3055 
8811 6397 8823 3057 
8814 6399 8832 3058 
8821 6403 8834 3059 
8825 6403 8841 3059 
8828 6406 8848 3063 
8836 6409 8855 3064 
8841 6412 8859 3065 
8847 6416 8867 3066 
8847 6418 8874 3068 
8851 6421 8883 3068 
8857 6422 8892 3070 
8866 6424 8899 3071 
8871 6424 8902 3072 
8877 6427 8908 3074 
8883 6432 8914 3079 
8887 6435 8924 3080 
8894 6438 8932 3083 
8897 6441 8939 3084 
8901 6448 8943 3084 
8904 6452 8952 3086 
8909 6459 8956 3092 
8915 6463 8962 3094 
8921 6468 8967 3096 
8927 6472 8973 3097 
8931 6478 8982 3099 
8936 6480 8986 3101 
8940 6486 8992 3102 
8947 6488 8997 3104 
8953 6491 9003 3109 
8960 6493 9007 3110 
8964 6495 9011 3111 
8967 6499 9023 3115 
8979 6504 9028 3121 
8981 6506 9034 3124 
8986 6514 9038 3126 
8994 6518 9042 3128 
9000 6520 9047 3128 
9005 6524 9053 3128 
9009 6528 9057 3133 
9013 6530 9060 3135 
9020 6534 9065 3138 
9025 6540 9078 3139 
9028 6542 9082 3141 
9033 6545 9088 3144 
9041 6550 9090 3145 
9043 6555 9093 3145 
9052 6556 9095 3147 
9056 6560 9096 3147 
9061 6564 9100 3149 
9066 6568 9104 3150 
9069 6572 9110 3154 
9072 6574 9114 3157 
9075 6578 9116 3157 
9078 6581 9117 3160 
9089 6588 9121 3161 
9095 6592 9127 3165 
9105 6592 9136 3168 
9112 6598 9140 3169 
9118 6600 9142 3171 
9128 6606 9147 3172 
9135 6610 9153 3174 
9141 6612 9161 3175 
9153 6615 9163 3177 
9156 6618 9167 3180 
9157 6621 9174 3181 
9163 6631 9175 3187 
9166 6637 9186 3188 
9175 6640 9190 3191 
9179 6642 9196 3193 
9189 6642 9204 3194 
9196 6644 9209 3196 
9203 6647 9217 3196 
9206 6648 9218 3197 
9215 6654 9223 3198 
9226 6659 9230 3198 
9230 6664 9232 3203 
9240 6668 9241 3204 
9247 6672 9246 3206 
9252 6676 9248 3207 
9258 6682 9252 3208 
9264 6687 9254 3210 
9272 6688 9258 3213 
9279 6691 9264 3215 
9288 6695 9275 3216 
9296 6696 9280 3219 
9299 6698 9285 3220 
9304 6703 9288 3222 
9312 6704 9291 3223 
9313 6708 9294 3224 
9317 6713 9297 3226 
9326 6717 9304 3228 
9332 6722 9314 3230 
9336 6722 9317 3233 
9345 6724 9326 3233 
9353 6733 9330 3235 
9357 6739 9333 3237 
9364 6742 9334 3240 
9369 6748 9340 3241 
9374 6753 9345 3241 
9376 6757 9352 3243 
9383 6760 9356 3245 
9386 6764 9359 3247 
9395 6770 9367 3251 
9400 6778 9374 3253 
9406 6784 9378 3258 
9415 6789 9387 3259 
9415 6796 9392 3260 
9417 6801 9401 3262 
9422 6805 9406 3262 
9433 6810 9412 3262 
9439 6814 9423 3262 
9443 6815 9429 3266 
9448 6821 9439 3269 
9456 6823 9441 3271 
9466 6830 9444 3272 
9471 6833 9450 3276 
9476 6837 9454 3279 
9479 6839 9462 3281 
9486 6844 9468 3283 
9495 6847 9472 3285 
9501 6853 9477 3287 
9510 6860 9484 3288 
9513 6864 9492 3290 
9522 6868 9502 3291 
9528 6870 9505 3292 
9536 6873 9516 3294 
9538 6878 9522 3295 
9545 6883 9528 3300 
9553 6884 9533 3304 
9557 6889 9538 3306 
9562 6891 9546 3310 
9572 6893 9551 3312 
9579 6898 9555 3314 
9587 6902 9563 3316 
9592 6909 9564 3317 
9599 6912 9571 3319 
9602 6915 9577 3320 
9608 6921 9580 3321 
9613 6925 9586 3324 
9619 6929 9587 3326 
9628 6935 9594 3329 
9638 6936 9604 3329 
9645 6941 9609 3334 
9655 6944 9613 3335 
9663 6949 9616 3335 
9672 6956 9624 3336 
9675 6960 9630 3339 
9682 6963 9638 3341 
9683 6970 9643 3343 
9686 6971 9649 3344 
9692 6979 9656 3346 
9695 6981 9659 3348 
9701 6984 9660 3350 
9707 6990 9665 3351 
9710 6995 9670 3353 
9713 7000 9676 3356 
9719 7001 9679 3356 
9723 7003 9683 3358 
9727 7007 9691 3360 
9729 7010 9695 3361 
9735 7017 9699 3362 
9743 7021 9699 3364 
9749 7025 9704 3369 
9751 7030 9714 3370 
9755 7034 9721 3370 
9758 7039 9723 3373 
9764 7042 9731 3374 
9768 7045 9739 3374 
9774 7054 9746 3376 
9780 7058 9753 3376 
9785 7062 9756 3378 
9788 7066 9762 3380 
9796 7070 9769 3383 
9800 7071 9776 3384 
9808 7073 9782 3387 
9811 7076 9786 3389 
9813 7081 9793 3391 
9816 7085 9797 3393 
9822 7087 9808 3394 
9824 7093 9813 3396 
9829 7100 9819 3397 
9832 7103 9827 3404 
9838 7107 9838 3408 
9844 7113 9841 3411 
9847 7115 9848 3411 
9851 7120 9854 3413 
9856 7120 9861 3415 
9865 7123 9868 3416 
9867 7127 9874 3417 
9870 7133 9884 3417 
9878 7136 9889 3419 
9885 7138 9893 3419 
9888 7145 9900 3420 
9893 7152 9904 3421 
9898 7156 9910 3423 
9901 7160 9918 3426 
9909 7163 9922 3426 
9914 7171 9927 3430 
9920 7177 9935 3430 
9924 7181 9942 3432 
9929 7185 9948 3433 
9938 7193 9955 3434 
9943 7196 9961 3438 
9950 7200 9967 3439 
9959 7204 9978 3441 
9965 7213 9984 3448 
9971 7221 9988 3449 
9980 7222 9992 3451 
9988 7225 9999 3453 
9994 7232 10004 3455 
10004 7240 10006 3456 
10011 7241 10011 3459 
10018 7246 10016 3460 
10021 7252 10020 3464 
10023 7255 10026 3465 
10026 7263 10032 3466 
10031 7267 10036 3468 
10035 7269 10041 3475 
10041 7271 10047 3479 
10048 7276 10053 3479 
10055 7279 10061 3479 
10063 7285 10063 3484 
10068 7291 10067 3489 
10078 7296 10071 3490 
10085 7303 10077 3490 
10086 7304 10080 3491 
10091 7306 10085 3493 
10099 7312 10091 3495 
10104 7317 10100 3498 
10110 7322 10110 3498 
10115 7325 10117 3501 
10122 7331 10123 3504 
10128 7335 10128 3505 
10136 7341 10133 3508 
10141 7349 10144 3509 
10143 7351 10149 3511 
10150 7365 10154 3512 
10157 7368 10161 3512 
10161 7374 10165 3514 
10167 7378 10172 3515 
10173 7384 10179 3515 
10176 7388 10186 3516 
10182 7393 10192 3516 
10184 7396 10194 3518 
10186 7399 10207 3519 
10193 7403 10212 3520 
10198 7406 10219 3522 
10205 7410 10221 3524 
10207 7411 10229 3527 
10211 7418 10232 3529 
10215 7424 10235 3530 
10220 7427 10242 3534 
10229 7433 10248 3535 
10236 7435 10256 3538 
10243 7439 10264 3541 
10247 7444 10272 3545 
10253 7445 10283 3550 
10259 7448 10288 3555 
10264 7451 10293 3555 
10268 7456 10296 3555 
10275 7460 10302 3556 
10283 7469 10308 3558 
10289 7473 10311 3561 
10299 7475 10314 3563 
10309 7478 10322 3564 
10317 7481 10327 3568 
10321 7482 10332 3569 
10333 7489 10336 3572 
10343 7495 10341 3576 
10349 7498 10345 3580 
10354 7499 10350 3580 
10357 7502 10356 3581 
10363 7503 10360 3582 
10369 7507 10363 3587 
10371 7519 10371 3590 
10378 7523 10375 3592 
10382 7526 10381 3593 
10390 7530 10383 3594 
10392 7531 10388 3597 
10396 7537 10393 3597 
10400 7544 10402 3600 
10403 7547 10410 3600 
10411 7549 10416 3600 
10418 7551 10422 3603 
10422 7556 10426 3606 
10425 7559 10436 3607 
10427 7565 10441 3607 
10435 7569 10444 3608 
10444 7574 10449 3610 
10449 7578 10457 3610 
10452 7579 10468 3611 
10464 7586 10473 3612 
10470 7587 10476 3615 
10476 7588 10486 3616 
10482 7592 10487 3618 
10486 7592 10493 3622 
10489 7597 10497 3624 
10497 7599 10509 3627 
10501 7603 10512 3633 
10508 7607 10515 3634 
10511 7613 10520 3635 
10517 7617 10528 3637 
10522 7619 10530 3642 
10528 7622 10537 3644 
10533 7627 10548 3646 
10534 7629 10559 3646 
10542 7634 10563 3646 
10550 7638 10568 3648 
10557 7644 10575 3649 
10564 7647 10578 3652 
10567 7654 10585 3654 
10576 7659 10592 3657 
10581 7668 10599 3660 
10588 7672 10606 3661 
10594 7677 10613 3663 
10599 7683 10620 3665 
10604 7687 10625 3668 
10608 7694 10633 3669 
10612 7700 10640 3670 
10616 7705 10646 3672 
10619 7708 10650 3674 
10624 7713 10653 3677 
10636 7718 10658 3680 
10638 7721 10664 3684 
10646 7725 10667 3685 
10654 7732 10670 3687 
10657 7736 10673 3690 
10665 7740 10677 3692 
10671 7745 10681 3694 
10678 7754 10688 3695 
10680 7760 10697 3695 
10685 7764 10703 3697 
10688 7765 10709 3700 
10695 7771 10716 3701 
10700 7777 10723 3704 
10708 7779 10726 3706 
10710 7785 10732 3707 
10715 7786 10742 3709 
10724 7790 10743 3710 
10728 7793 10746 3710 
10734 7796 10750 3710 
10741 7803 10756 3710 
10747 7805 10763 3711 
10753 7809 10768 3713 
10757 7810 10772 3715 
10764 7812 10779 3717 
10768 7816 10788 3718 
10772 7820 10793 3720 
10773 7822 10800 3723 
10775 7828 10803 3725 
10778 7831 10809 3727 
10782 7836 10814 3727 
10789 7841 10820 3729 
10792 7849 10827 3730 
10793 7853 10831 3736 
10797 7858 10838 3736 
10801 7861 10845 3738 
10806 7863 10855 3741 
10813 7865 10858 3745 
10825 7872 10867 3746 
10830 7876 10873 3746 
10837 7877 10876 3747 
10841 7883 10885 3749 
10847 7888 10888 3753 
10848 7892 10895 3756 
10851 7897 10906 3757 
10854 7899 10910 3761 
10858 7908 10916 3763 
10867 7914 10917 3768 
10873 7917 10921 3769 
10875 7921 10927 3771 
10878 7926 10938 3774 
10885 7928 10942 3776 
10890 7930 10947 3779 
10897 7933 10958 3781 
10905 7935 10965 3781 
10909 7936 10971 3782 
10912 7943 10978 3784 
10916 7946 10987 3785 
10918 7950 10996 3786 
10923 7952 10999 3788 
10931 7954 11002 3792 
10933 7958 11011 3792 
10936 7961 11014 3792 
10941 7966 11019 3792 
10946 7969 11025 3795 
10949 7974 11033 3796 
10955 7980 11042 3801 
10956 7985 11049 3803 
10962 7989 11053 3807 
10968 7993 11062 3810 
10974 7996 11069 3811 
10981 8002 11072 3815 
10985 8007 11078 3816 
10990 8013 11084 3816 
10993 8018 11087 3816 
11000 8020 11091 3817 
11005 8024 11102 3820 
11010 8032 11109 3820 
11014 8036 11118 3823 
11018 8041 11123 3823 
11022 8045 11128 3824 
11026 8048 11131 3825 
11033 8054 11138 3825 
11037 8056 11146 3827 
11040 8060 11152 3830 
11045 8067 11157 3830 
11052 8074 11164 3830 
11055 8081 11170 3831 
11067 8086 11177 3833 
11070 8090 11185 3837 
11075 8092 11192 3839 
11076 8095 11196 3840 
11082 8097 11207 3843 
11087 8104 11211 3844 
11092 8107 11219 3845 
11101 8115 11225 3848 
11105 8118 11228 3854 
11107 8123 11231 3855 
11111 8129 11237 3857 
11118 8133 11245 3859 
11121 8137 11253 3860 
11128 8145 11259 3865 
11130 8149 11265 3868 
11136 8153 11270 3869 
11142 8157 11281 3870 
11149 8165 11285 3875 
11155 8173 11289 3878 
11158 8180 11299 3880 
11166 8183 11305 3880 
11173 8186 11316 3881 
11179 8191 11323 3887 
11184 8192 11329 3889 
11189 8199 11334 3891 
11194 8204 11339 3892 
11196 8207 11343 3892 
11203 8211 11353 3893 
11211 8218 11357 3897 
11219 8219 11364 3900 
11224 8224 11369 3901 
11231 8225 11376 3901 
11234 8227 11382 3902 
11237 8231 11384 3906 
11241 8233 11389 3907 
11247 8238 11396 3909 
11251 8243 11403 3912 
11254 8247 11408 3913 
11260 8251 11413 3915 
11269 8256 11422 3917 
11275 8264 11428 3919 
11281 8267 11433 3922 
11286 8271 11439 3930 
11297 8278 11447 3933 
11305 8280 11455 3934 
11311 8285 11459 3936 
11318 8288 11463 3938 
11323 8298 11470 3938 
11328 8305 11474 3941 
11335 8305 11480 3944 
11345 8312 11485 3944 
11358 8316 11492 3946 
11362 8319 11497 3947 
11366 8321 11505 3948 
11373 8328 11513 3950 
11375 8332 11521 3954 
11379 8337 11527 3955 
11385 8343 11536 3958 
11396 8345 11545 3962 
11405 8352 11548 3964 
11410 8356 11550 3970 
11413 8356 11555 3970 
11419 8366 11561 3973 
11428 8372 11571 3974 
11436 8374 11575 3976 
11441 8377 11581 3977 
11448 8387 11583 3979 
11450 8390 11585 3979 
11458 8395 11590 3981 
11469 8399 11595 3986 
11473 8404 11599 3988 
11482 8407 11604 3991 
11487 8410 11612 3993 
11495 8415 11613 3994 
11502 8424 11616 4001 
11509 8433 11624 4004 
11512 8435 11631 4005 
11518 8438 11636 4005 
11522 8444 11645 4007 
11527 8449 11649 4008 
11532 8452 11656 4008 
11535 8462 11664 4014 
11547 8467 11671 4014 
11553 8471 11679 4015 
11559 8475 11683 4018 
11563 8476 11691 4020 
11569 8481 11696 4023 
11578 8486 11699 4025 
11582 8492 11704 4026 
11590 8497 11711 4029 
11593 8503 11717 4030 
11599 8512 11721 4030 
11607 8518 11724 4031 
11618 8522 11733 4034 
11624 8526 11739 4036 
11633 8530 11745 4038 
11636 8536 11749 4041 
11642 8541 11758 4042 
11646 8545 11767 4042 
11653 8548 11772 4042 
11660 8550 11779 4043 
11670 8554 11782 4045 
11676 8555 11789 4047 
11685 8557 11794 4052 
11691 8561 11797 4057 
11693 8563 11800 4059 
11697 8565 11809 4060 
11704 8568 11818 4064 
11709 8573 11822 4064 
11713 8576 11824 4065 
11717 8581 11830 4067 
11722 8585 11838 4068 
11726 8588 11840 4068 
11733 8591 11848 4068 
11735 8598 11855 4072 
11741 8602 11858 4074 
11746 8608 11861 4080 
11749 8613 11866 4082 
11755 8619 11871 4083 
11761 8622 11875 4086 
11767 8630 11881 4088 
11775 8634 11887 4091 
11782 8636 11897 4093 
11786 8642 11900 4094 
11792 8643 11905 4095 
11796 8647 11911 4097 
11802 8652 11916 4098 
11809 8655 11927 4100 
11818 8659 11932 4101 
11827 8662 11937 4102 
11832 8666 11943 4103 
11842 8671 11948 4105 
11849 8676 11953 4107 
11861 8680 11960 4107 
11866 8681 11966 4110 
11870 8684 11970 4111 
11878 8690 11974 4113 
11879 8694 11980 4115 
11883 8699 11990 4118 
11887 8705 11995 4118 
11895 8709 11996 4119 
11903 8712 11999 4120 
11912 8718 12007 4121 
11916 8719 12015 4121 
11922 8723 12019 4125 
11925 8728 12028 4125 
11929 8730 12037 4128 
11934 8733 12043 4129 
11940 8738 12051 4130 
11948 8744 12055 4131 
11953 8750 12059 4135 
11960 8755 12066 4139 
11967 8758 12071 4140 
11975 8764 12081 4141 
11981 8770 12087 4144 
11988 8776 12091 4145 
11994 8779 12098 4149 
11996 8779 12101 4150 
12007 8788 12110 4151 
12012 8798 12115 4153 
12017 8799 12123 4153 
12022 8804 12126 4155 
12030 8809 12131 4158 
12036 8813 12136 4158 
12045 8813 12143 4159 
12054 8820 12150 4162 
12062 8822 12156 4163 
12066 8827 12159 4164 
12069 8830 12167 4168 
12076 8833 12172 4171 
12087 8841 12176 4174 
12093 8843 12183 4176 
12096 8847 12189 4176 
12099 8850 12194 4180 
12109 8855 12202 4183 
12116 8858 12207 4185 
12122 8864 12216 4189 
12124 8872 12220 4192 
12130 8875 12230 4192 
12131 8878 12236 4192 
12135 8884 12245 4192 
12139 8889 12253 4194 
12146 8895 12257 4195 
12149 8895 12261 4196 
12152 8906 12269 4200 
12158 8912 12274 4201 
12163 8917 12281 4202 
12164 8921 12286 4204 
12174 8923 12296 4206 
12179 8928 12299 4208 
12186 8931 12305 4211 
12192 8933 12311 4216 
12198 8938 12320 4217 
12207 8943 12325 4217 
12210 8946 12335 4222 
12214 8952 12340 4226 
12222 8955 12345 4227 
12225 8959 12353 4229 
12231 8965 12359 4231 
12237 8970 12366 4235 
12240 8973 12373 4236 
12240 8980 12384 4242 
12248 8984 12389 4245 
12253 8987 12393 4246 
12259 8989 12396 4246 
12267 8995 12405 4247 
12272 8999 12408 4250 
12276 9001 12412 4250 
12281 9007 12419 4251 
12282 9010 12424 4252 
12286 9017 12430 4255 
12290 9023 12440 4256 
12294 9025 12446 4258 
12296 9032 12450 4259 
12300 9035 12453 4261 
12307 9041 12456 4265 
12313 9042 12460 4268 
12316 9043 12467 4269 
12320 9048 12476 4271 
12325 9054 12483 4273 
12334 9061 12486 4273 
12339 9063 12498 4276 
12345 9070 12504 4277 
12352 9073 12511 4278 
12362 9075 12514 4278 
12368 9079 12520 4280 
12371 9086 12524 4281 
12381 9090 12527 4282 
12388 9096 12536 4287 
12396 9102 12542 4287 
12401 9108 12544 4289 
12404 9115 12552 4290 
12413 9117 12558 4291 
12418 9123 12563 4293 
12424 9128 12568 4293 
12427 9133 12573 4295 
12432 9136 12579 4297 
12435 9139 12583 4298 
12439 9147 12587 4298 
12445 9151 12595 4302 
12452 9156 12598 4305 
12462 9160 12602 4306 
12470 9164 12607 4308 
12475 9170 12610 4310 
12484 9174 12614 4313 
12487 9182 12619 4316 
12497 9188 12634 4317 
12500 9189 12637 4318 
12504 9190 12647 4318 
12511 9195 12656 4320 
12517 9199 12661 4323 
12522 9205 12668 4325 
12527 9211 12672 4326 
12531 9218 12676 4327 
12535 9222 12688 4328 
12540 9235 12697 4329 
12550 9235 12699 4333 
12556 9235 12704 4333 
12560 9241 12710 4334 
12564 9247 12717 4334 
12574 9250 12720 4335 
12579 9253 12724 4335 
12584 9258 12732 4336 
12588 9264 12733 4339 
12595 9269 12740 4343 
12603 9272 12746 4345 
12605 9273 12752 4349 
12613 9278 12757 4353 
12620 9284 12765 4354 
12627 9289 12769 4356 
12632 9296 12773 4358 
12635 9298 12782 4361 
12641 9301 12784 4361 
12651 9304 12789 4364 
12655 9308 12798 4366 
12661 9310 12809 4366 
12669 9318 12818 4370 
12675 9324 12823 4374 
12681 9330 12827 4375 
12684 9330 12835 4379 
12691 9337 12838 4382 
12694 9343 12841 4384 
12701 9348 12846 4390 
12705 9353 12857 4390 
12708 9357 12860 4392 
12715 9362 12862 4395 
12718 9368 12867 4399 
12727 9371 12873 4403 
12733 9374 12876 4405 
12740 9378 12881 4406 
12745 9385 12883 4408 
12751 9387 12890 4408 
12763 9393 12896 4408 
12767 9398 12902 4408 
12770 9404 12911 4411 
12776 9407 12921 4413 
12783 9411 12925 4416 
12788 9416 12931 4417 
12794 9422 12939 4418 
12802 9430 12944 4420 
12812 9433 12949 4426 
12817 9435 12954 4427 
12822 9440 12961 4430 
12826 9443 12966 4431 
12831 9449 12971 4433 
12841 9450 12976 4439 
12846 9454 12981 4441 
12847 9461 12984 4441 
12854 9463 12987 4448 
12859 9467 12989 4451 
12864 9472 12996 4453 
12869 9476 13005 4453 
12873 9478 13018 4454 
12880 9482 13021 4455 
12886 9487 13027 4457 
12891 9490 13035 4457 
12897 9498 13042 4460 
12908 9500 13044 4463 
12915 9504 13052 4463 
12920 9505 13056 4465 
12926 9506 13063 4469 
12936 9513 13068 4471 
12946 9517 13071 4473 
12949 9520 13079 4479 
12953 9523 13083 4482 
12957 9526 13088 4485 
12963 9526 13094 4489 
12968 9534 13097 4490 
12973 9537 13111 4492 
12982 9541 13117 4495 
12990 9546 13121 4496 
12996 9550 13124 4497 
13001 9557 13125 4499 
13007 9561 13129 4505 
13012 9568 13138 4508 
13015 9573 13145 4510 
13019 9578 13152 4513 
13026 9584 13158 4516 
13032 9588 13164 4516 
13036 9596 13169 4518 
13043 9601 13178 4521 
13048 9610 13184 4523 
13055 9611 13189 4525 
13060 9617 13191 4528 
13061 9619 13197 4530 
13067 9627 13202 4533 
13074 9633 13209 4539 
13079 9634 13215 4540 
13089 9635 13221 4543 
13091 9644 13225 4546 
13101 9648 13228 4546 
13107 9655 13235 4548 
13116 9660 13241 4550 
13122 9662 13245 4554 
13130 9664 13251 4559 
13131 9669 13258 4563 
13139 9673 13263 4566 
13146 9682 13267 4569 
13150 9685 13277 4572 
13156 9689 13285 4575 
13162 9691 13291 4577 
13169 9695 13295 4580 
13177 9698 13300 4584 
13186 9704 13305 4585 
13197 9712 13310 4589 
13200 9717 13317 4589 
13204 9721 13321 4590 
13207 9724 13325 4592 
13216 9729 13333 4597 
13220 9732 13338 4599 
13226 9736 13344 4601 
13236 9738 13349 4602 
13242 9743 13353 4603 
13245 9746 13357 4605 
13250 9747 13363 4607 
13257 9751 13372 4609 
13262 9758 13380 4609 
13269 9763 13383 4611 
13273 9763 13390 4613 
13278 9766 13402 4616 
13281 9768 13410 4619 
13285 9770 13414 4621 
13288 9780 13421 4623 
13298 9787 13424 4625 
13308 9792 13430 4627 
13310 9800 13433 4631 
13315 9804 13437 4635 
13325 9807 13440 4639 
13334 9811 13443 4641 
13338 9816 13457 4643 
13346 9817 13467 4646 
13348 9822 13479 4647 
13353 9831 13479 4650 
13358 9836 13483 4652 
13361 9839 13490 4655 
13366 9843 13499 4657 
13368 9843 13507 4659 
13374 9845 13511 4661 
13379 9851 13516 4661 
13383 9859 13522 4663 
13384 9860 13528 4665 
13395 9863 13532 4667 
13402 9867 13542 4668 
13411 9870 13547 4668 
13417 9871 13556 4670 
13426 9877 13564 4674 
13431 9882 13568 4677 
13437 9887 13574 4680 
13443 9892 13579 4682 
13445 9899 13583 4685 
13450 9904 13589 4686 
13454 9908 13593 4688 
13457 9916 13595 4688 
13465 9922 13602 4690 
13469 9926 13611 4693 
13472 9931 13613 4694 
13479 9935 13617 4699 
13482 9944 13622 4702 
13492 9950 13629 4708 
13498 9954 13633 4710 
13501 9959 13637 4710 
13508 9961 13644 4712 
13512 9964 13651 4716 
13518 9967 13655 4717 
13524 9970 13660 4718 
13531 9971 13667 4719 
13535 9975 13673 4721 
13541 9980 13679 4723 
13546 9983 13686 4728 
13554 9989 13693 4730 
13556 9992 13700 4733 
13559 9998 13707 4733 
13563 10002 13712 4734 
13564 10007 13718 4737 
13568 10010 13726 4738 
13572 10012 13730 4740 
13574 10015 13736 4741 
13579 10017 13740 4744 
13584 10020 13743 4746 
13591 10027 13748 4749 
13597 10034 13753 4751 
13601 10036 13764 4755 
13604 10039 13769 4758 
13609 10041 13779 4760 
13616 10046 13780 4761 
13623 10050 13785 4765 
13630 10052 13791 4766 
13636 10056 13800 4767 
13643 10059 13803 4771 
13650 10064 13808 4774 
13654 10071 13812 4775 
13659 10078 13817 4777 
13662 10080 13822 4778 
13674 10086 13826 4781 
13680 10090 13831 4784 
13686 10093 13833 4785 
13698 10098 13841 4786 
13699 10102 13845 4788 
13709 10106 13848 4789 
13716 10109 13853 4791 
13719 10111 13858 4795 
13720 10121 13868 4796 
13725 10126 13877 4797 
13729 10131 13879 4798 
13740 10134 13884 4798 
13745 10138 13890 4801 
13748 10142 13896 4804 
13753 10147 13899 4807 
13759 10151 13905 4807 
13767 10154 13910 4807 
13768 10156 13913 4807 
13777 10162 13926 4810 
13784 10165 13932 4812 
13788 10168 13938 4813 
13791 10171 13942 4814 
13796 10175 13945 4820 
13799 10178 13954 4824 
13805 10185 13962 4826 
13812 10187 13967 4827 
13815 10190 13971 4829 
13818 10192 13981 4831 
13821 10195 13986 4834 
13829 10201 13995 4840 
13836 10205 13997 4844 
13842 10211 14011 4846 
13849 10214 14013 4847 
13854 10219 14020 4850 
13859 10225 14024 4853 
13866 10231 14031 4855 
13871 10234 14035 4856 
13876 10245 14039 4857 
13887 10249 14047 4860 
13896 10256 14056 4863 
13903 10261 14065 4865 
13908 10264 14071 4866 
13914 10271 14077 4867 
13921 10274 14082 4867 
13926 10279 14088 4870 
13933 10286 14100 4874 
13939 10291 14107 4879 
13946 10298 14110 4881 
13951 10301 14113 4885 
13960 10305 14124 4889 
13966 10308 14129 4889 
13970 10313 14135 4891 
13973 10319 14140 4894 
13979 10322 14148 4895 
13987 10326 14153 4899 
13993 10334 14155 4901 
13998 10340 14165 4901 
14000 10342 14173 4903 
14006 10345 14183 4905 
14017 10346 14189 4908 
14023 10350 14192 4910 
14028 10351 14199 4912 
14035 10353 14205 4913 
14037 10357 14210 4915 
14044 10361 14220 4920 
14047 10368 14223 4925 
14055 10375 14226 4928 
14056 10384 14228 4929 
14063 10389 14234 4931 
14071 10390 14241 4933 
14075 10396 14249 4939 
14079 10396 14253 4943 
14082 10399 14262 4945 
14091 10405 14269 4946 
14095 10411 14271 4949 
14100 10413 14281 4953 
14108 10420 14285 4954 
14116 10429 14293 4960 
14121 10439 14296 4964 
14122 10440 14301 4967 
14129 10442 14304 4967 
14132 10447 14311 4968 
14137 10452 14314 4970 
14146 10455 14320 4972 
14151 10458 14327 4974 
14162 10462 14333 4978 
14168 10470 14338 4979 
14176 10473 14343 4981 
14183 10476 14350 4984 
14189 10478 14357 4988 
14191 10482 14363 4991 
14199 10484 14369 4991 
14205 10490 14376 4992 
14210 10491 14388 4993 
14220 10493 14394 4993 
14225 10500 14398 4995 
14227 10503 14405 4997 
14228 10507 14411 4999 
14231 10512 14423 5002 
14237 10515 14429 5002 
14243 10518 14437 5003 
14247 10523 14441 5007 
14254 10523 14444 5010 
14258 10525 14453 5012 
14261 10530 14460 5013 
14263 10533 14465 5015 
14272 10537 14467 5017 
14278 10540 14472 5019 
14285 10546 14478 5022 
14290 10549 14484 5023 
14300 10551 14493 5026 
14307 10555 14499 5030 
14309 10559 14509 5033 
14315 10565 14513 5033 
14321 10568 14519 5033 
14324 10575 14526 5033 
14332 10580 14532 5034 
14339 10586 14539 5034 
14344 10596 14544 5035 
14349 10600 14550 5037 
14351 10604 14556 5038 
14355 10605 14563 5038 
14362 10611 14569 5041 
14368 10613 14577 5044 
14373 10615 14582 5046 
14382 10619 14588 5047 
14388 10625 14593 5050 
14393 10634 14602 5052 
14398 10640 14607 5054 
14403 10642 14614 5055 
14412 10647 14616 5059 
14418 10651 14618 5062 
14423 10656 14622 5064 
14429 10661 14629 5066 
14434 10664 14637 5066 
14437 10666 14645 5067 
14442 10670 14651 5068 
14447 10675 14655 5069 
14455 10679 14665 5070 
14458 10681 14671 5072 
14467 10685 14680 5074 
14474 10690 14686 5076 
14479 10697 14689 5082 
14482 10707 14696 5085 
14487 10714 14703 5086 
14491 10717 14708 5087 
14498 10720 14715 5092 
14504 10725 14721 5094 
14506 10731 14729 5096 
14512 10735 14733 5099 
14515 10742 14738 5104 
14521 10744 14743 5105 
14527 10751 14749 5105 
14530 10756 14756 5108 
14534 10761 14760 5112 
14542 10762 14767 5114 
14550 10765 14771 5116 
14552 10776 14772 5118 
14558 10778 14779 5120 
14560 10785 14791 5122 
14567 10792 14796 5126 
14573 10802 14802 5127 
14576 10804 14806 5129 
14580 10809 14813 5132 
14586 10811 14819 5133 
14592 10817 14826 5138 
14597 10821 14831 5140 
14602 10824 14835 5141 
14609 10826 14839 5144 
14617 10831 14845 5145 
14623 10837 14853 5148 
14628 10842 14864 5153 
14632 10848 14871 5154 
14641 10854 14882 5158 
14646 10858 14887 5161 
14651 10863 14892 5164 
14662 10868 14899 5165 
14669 10875 14904 5168 
14678 10876 14912 5168 
14684 10876 14918 5169 
14685 10881 14926 5171 
14692 10885 14931 5174 
14701 10887 14936 5175 
14706 10892 14937 5175 
14711 10896 14948 5179 
14717 10902 14961 5180 
14723 10907 14965 5181 
14724 10912 14976 5182 
14733 10918 14984 5183 
14741 10923 14992 5188 
14744 10927 14994 5189 
14750 10931 15006 5192 
14759 10935 15013 5194 
14767 10938 15023 5198 
14771 10940 15028 5203 
14776 10947 15035 5204 
14779 10954 15040 5204 
14789 10955 15046 5206 
14795 10957 15048 5209 
14797 10960 15059 5212 
14803 10962 15060 5215 
14808 10966 15069 5219 
14823 10969 15073 5220 
14826 10974 15082 5221 
14833 10977 15088 5223 
14837 10981 15098 5223 
14845 10984 15101 5225 
14847 10985 15114 5228 
14851 10986 15122 5231 
14854 10992 15128 5236 
14857 10997 15138 5236 
14861 11003 15152 5238 
14862 11004 15163 5240 
14870 11011 15170 5240 
14876 11018 15177 5241 
14887 11021 15181 5242 
14892 11021 15188 5242 
14899 11023 15194 5244 
14904 11027 15198 5245 
14911 11032 15205 5247 
14915 11041 15206 5250 
14922 11043 15210 5252 
14931 11049 15214 5254 
14935 11051 15228 5255 
14942 11057 15235 5260 
14945 11067 15240 5263 
14947 11069 15245 5263 
14952 11074 15252 5266 
14956 11080 15258 5271 
14962 11083 15264 5272 
14966 11086 15271 5275 
14973 11088 15275 5276 
14980 11093 15282 5278 
14983 11098 15284 5281 
14992 11104 15291 5281 
14996 11110 15301 5282 
15002 11113 15304 5286 
15010 11122 15310 5288 
15013 11128 15314 5289 
15018 11133 15318 5291 
15020 11144 15321 5292 
15023 11148 15322 5294 
15029 11151 15328 5295 
15034 11158 15332 5298 
15041 11162 15334 5298 
15045 11165 15336 5301 
15051 11169 15348 5301 
15056 11172 15356 5303 
15062 11178 15360 5304 
15065 11178 15366 5304 
15067 11184 15373 5306 
15075 11189 15379 5307 
15080 11192 15383 5308 
15084 11198 15390 5315 
15088 11201 15396 5317 
15097 11203 15403 5319 
15104 11208 15408 5323 
15106 11212 15411 5325 
15113 11213 15416 5328 
15118 11219 15422 5331 
15121 11224 15428 5334 
15126 11231 15435 5337 
15131 11238 15440 5341 
15138 11241 15446 5346 
15141 11245 15452 5349 
15145 11254 15456 5350 
15152 11257 15463 5352 
15157 11260 15470 5355 
15159 11268 15477 5356 
15166 11273 15484 5356 
15170 11277 15491 5358 
15177 11283 15495 5361 
15179 11287 15502 5364 
15185 11292 15508 5365 
15189 11300 15517 5367 
15195 11303 15524 5367 
15199 11309 15528 5369 
15201 11313 15534 5370 
15206 11318 15538 5371 
15210 11323 15544 5373 
15216 11329 15552 5375 
15222 11331 15558 5377 
15227 11334 15564 5378 
15230 11338 15569 5381 
15234 11346 15576 5382 
15245 11352 15582 5384 
15248 11354 15590 5386 
15249 11359 15594 5387 
15255 11365 15598 5389 
15263 11371 15607 5389 
15270 11374 15612 5390 
15280 11376 15616 5392 
15289 11381 15626 5396 
15294 11383 15632 5397 
15298 11385 15638 5401 
15302 11389 15645 5404 
15310 11392 15651 5406 
15316 11397 15656 5407 
15323 11402 15662 5408 
15325 11408 15668 5411 
15331 11409 15674 5414 
15337 11412 15686 5417 
15343 11413 15688 5418 
15348 11420 15693 5419 
15354 11421 15698 5421 
15360 11428 15705 5425 
15364 11440 15710 5428 
15367 11446 15718 5428 
15374 11451 15727 5431 
15379 11456 15734 5432 
15382 11461 15740 5433 
15386 11463 15744 5434 
15389 11469 15749 5434 
15396 11476 15754 5435 
15402 11479 15759 5441 
15406 11481 15763 5443 
15413 11484 15769 5444 
15419 11491 15772 5446 
15426 11499 15778 5449 
15431 11508 15782 5451 
15434 11511 15786 5454 
15439 11514 15789 5458 
15447 11526 15796 5458 
15451 11529 15803 5461 
15459 11532 15810 5462 
15465 11537 15817 5465 
15471 11546 15823 5468 
15475 11551 15834 5471 
15480 11551 15842 5474 
15482 11552 15850 5475 
15488 11559 15858 5478 
15489 11565 15866 5479 
15494 11571 15874 5481 
15502 11574 15882 5486 
15508 11582 15888 5487 
15514 11589 15893 5489 
15519 11591 15897 5490 
15524 11596 15906 5492 
15530 11605 15909 5496 
15536 11609 15913 5499 
15540 11614 15917 5501 
15543 11622 15925 5506 
15547 11624 15932 5507 
15551 11627 15939 5510 
15560 11633 15948 5514 
15564 11639 15953 5516 
15571 11640 15959 5518 
15575 11646 15964 5523 
15581 11649 15968 5524 
15583 11654 15973 5525 
15589 11659 15980 5526 
15593 11665 15988 5530 
15597 11667 15991 5534 
15602 11670 15997 5535 
15606 11674 16002 5535 
15610 11677 16010 5538 
15614 11682 16015 5542 
15618 11688 16023 5542 
15625 11695 16027 5546 
15628 11704 16029 5550 
15637 11710 16033 5553 
15646 11712 16043 5557 
15649 11717 16051 5558 
15660 11725 16055 5559 
15665 11730 16063 5561 
15675 11735 16072 5562 
15678 11741 16076 5565 
15686 11749 16085 5566 
15692 11753 16095 5569 
15699 11758 16105 5572 
15703 11758 16111 5573 
15708 11759 16118 5574 
15712 11763 16123 5577 
15717 11764 16129 5578 
15721 11771 16132 5579 
15727 11774 16137 5580 
15733 11777 16140 5583 
15740 11786 16146 5585 
15749 11796 16152 5591 
15754 11800 16158 5591 
15760 11803 16165 5594 
15768 11807 16170 5596 
15770 11814 16175 5597 
15776 11818 16181 5599 
15784 11824 16189 5602 
15788 11829 16195 5603 
15794 11833 16202 5607 
15800 11839 16205 5609 
15802 11843 16211 5610 
15808 11845 16221 5611 
15815 11854 16227 5612 
15823 11859 16233 5614 
15830 11869 16240 5616 
15835 11875 16246 5619 
15840 11882 16251 5621 
15847 11888 16256 5621 
15848 11891 16259 5623 
15856 11893 16263 5625 
15863 11901 16265 5628 
15869 11905 16272 5633 
15873 11910 16275 5634 
15876 11916 16281 5639 
15878 11920 16286 5641 
15880 11924 16293 5641 
15888 11930 16299 5643 
15898 11936 16306 5645 
15906 11940 16312 5646 
15912 11944 16317 5647 
15917 11951 16322 5648 
15922 11958 16330 5650 
15931 11962 16336 5651 
15937 11967 16340 5653 
15945 11969 16347 5659 
15948 11973 16354 5663 
15956 11975 16363 5666 
15963 11980 16370 5668 
15967 11985 16378 5672 
15972 11987 16383 5675 
15978 11990 16388 5679 
15985 11992 16393 5680 
15989 11994 16402 5682 
15996 12000 16412 5684 
16004 12002 16415 5686 
16014 12004 16426 5688 
16020 12009 16432 5688 
16029 12014 16440 5689 
16035 12017 16445 5689 
16044 12021 16448 5692 
16049 12023 16454 5692 
16052 12033 16463 5693 
16059 12037 16472 5695 
16071 12045 16476 5697 
16076 12047 16484 5698 
16086 12051 16490 5701 
16091 12055 16500 5704 
16095 12064 16505 5706 
16105 12074 16514 5707 
16111 12075 16518 5709 
16118 12078 16522 5710 
16123 12083 16527 5712 
16128 12087 16533 5719 
16133 12091 16540 5720 
16141 12099 16545 5721 
16143 12100 16550 5725 
16152 12105 16554 5729 
16156 12109 16559 5731 
16167 12111 16566 5731 
16174 12118 16571 5737 
16180 12118 16578 5739 
16183 12121 16592 5745 
16188 12123 16597 5746 
16192 12128 16604 5750 
16202 12132 16612 5750 
16206 12137 16618 5752 
16211 12142 16623 5753 
16217 12145 16633 5755 
16222 12151 16639 5760 
16229 12155 16644 5763 
16232 12160 16650 5766 
16239 12167 16658 5766 
16245 12170 16662 5768 
16253 12179 16666 5768 
16257 12180 16676 5772 
16264 12183 16685 5774 
16268 12191 16691 5776 
16274 12194 16703 5777 
16278 12199 16707 5780 
16286 12204 16714 5784 
16292 12207 16723 5788 
16298 12208 16728 5789 
16301 12211 16735 5791 
16304 12215 16745 5793 
16308 12220 16750 5795 
16313 12225 16755 5798 
16318 12231 16758 5800 
16323 12235 16761 5802 
16331 12239 16774 5803 
16342 12242 16780 5803 
16346 12247 16786 5804 
16353 12252 16789 5805 
16354 12255 16794 5806 
16359 12265 16798 5809 
16363 12272 16801 5811 
16367 12276 16810 5814 
16370 12279 16819 5816 
16373 12287 16824 5819 
16380 12294 16826 5821 
16384 12297 16833 5821 
16392 12301 16841 5822 
16397 12305 16850 5823 
16403 12310 16856 5826 
16414 12315 16861 5830 
16417 12321 16871 5833 
16423 12325 16877 5835 
16426 12331 16885 5837 
16432 12336 16888 5838 
16435 12340 16897 5840 
16445 12348 16901 5843 
16450 12351 16906 5843 
16459 12358 16912 5844 
16463 12364 16916 5846 
16471 12367 16919 5846 
16480 12371 16923 5847 
16487 12378 16931 5848 
16498 12383 16935 5849 
16506 12389 16945 5851 
16510 12393 16958 5852 
16521 12398 16962 5853 
16522 12401 16967 5856 
16528 12408 16975 5858 
16530 12410 16981 5858 
16538 12412 16985 5861 
16543 12414 16993 5862 
16548 12419 17003 5864 
16553 12424 17010 5870 
16559 12428 17016 5873 
16562 12436 17023 5873 
16566 12440 17028 5874 
16569 12443 17035 5878 
16578 12449 17040 5880 
16586 12455 17051 5881 
16590 12459 17056 5883 
16595 12461 17062 5888 
16610 12466 17070 5889 
16613 12470 17079 5897 
16617 12475 17088 5897 
16624 12479 17095 5898 
16626 12483 17105 5898 
16630 12484 17111 5899 
16635 12491 17115 5901 
16643 12500 17117 5904 
16647 12503 17128 5904 
16650 12504 17135 5907 
16660 12514 17147 5910 
16668 12521 17151 5913 
16670 12526 17157 5916 
16675 12533 17165 5916 
16678 12535 17170 5918 
16681 12543 17179 5919 
16686 12549 17182 5920 
16693 12555 17187 5922 
16703 12559 17194 5927 
16708 12561 17198 5928 
16712 12562 17201 5929 
16719 12570 17207 5932 
16724 12570 17212 5937 
16729 12582 17217 5940 
16738 12588 17224 5941 
16744 12592 17230 5943 
16749 12597 17237 5946 
16755 12603 17241 5948 
16765 12613 17252 5949 
16770 12617 17258 5949 
16774 12621 17264 5952 
16777 12627 17272 5957 
16787 12632 17279 5961 
16795 12637 17289 5961 
16799 12643 17296 5964 
16806 12646 17300 5966 
16819 12648 17305 5968 
16826 12654 17311 5973 
16832 12662 17314 5975 
16838 12669 17321 5977 
16842 12674 17327 5978 
16848 12679 17332 5979 
16855 12686 17340 5982 
16861 12693 17356 5983 
16867 12699 17359 5987 
16872 12703 17366 5987 
16879 12707 17373 5991 
16887 12713 17375 5996 
16892 12713 17381 5999 
16899 12721 17386 6001 
16902 12724 17388 6004 
16910 12729 17394 6007 
16919 12731 17402 6009 
16924 12735 17406 6010 
16929 12739 17412 6011 
16933 12742 17421 6012 
16937 12745 17425 6013 
16942 12750 17437 6017 
16949 12753 17443 6021 
16953 12755 17448 6022 
16958 12762 17454 6025 
16964 12765 17460 6029 
16970 12767 17469 6030 
16975 12770 17482 6031 
16976 12774 17489 6033 
16985 12780 17493 6038 
16990 12785 17502 6040 
16997 12790 17509 6041 
17000 12797 17513 6042 
17005 12800 17515 6044 
17016 12804 17516 6045 
17022 12807 17522 6047 
17035 12813 17530 6047 
17043 12818 17537 6049 
17048 12826 17545 6049 
17050 12829 17547 6049 
17054 12835 17550 6051 
17059 12840 17555 6053 
17068 12845 17560 6054 
17075 12852 17566 6057 
17083 12857 17575 6061 
17090 12862 17585 6064 
17098 12865 17590 6068 
17100 12867 17594 6070 
17105 12872 17601 6072 
17112 12878 17608 6074 
17119 12883 17615 6077 
17124 12892 17631 6081 
17134 12901 17635 6082 
17138 12906 17642 6082 
17143 12916 17647 6083 
17151 12919 17654 6086 
17158 12923 17660 6089 
17164 12925 17668 6090 
17171 12928 17671 6093 
17178 12931 17678 6094 
17183 12936 17680 6096 
17189 12938 17682 6100 
17194 12942 17691 6102 
17197 12944 17695 6103 
17207 12948 17704 6106 
17209 12952 17714 6108 
17219 12956 17720 6111 
17224 12957 17729 6115 
17229 12962 17736 6118 
17237 12966 17739 6120 
17246 12968 17743 6124 
17251 12970 17748 6125 
17255 12973 17755 6127 
17259 12978 17759 6128 
17265 12978 17768 6132 
17268 12983 17773 6134 
17271 12990 17779 6134 
17276 12993 17786 6136 
17285 12997 17789 6139 
17290 13000 17794 6140 
17293 13003 17797 6142 
17301 13011 17802 6145 
17305 13020 17810 6145 
17313 13027 17816 6145 
17317 13035 17828 6145 
17326 13040 17833 6148 
17332 13047 17841 6152 
17342 13053 17852 6153 
17351 13058 17856 6156 
17353 13064 17862 6157 
17359 13066 17868 6160 
17364 13071 17876 6161 
17368 13075 17878 6165 
17378 13080 17885 6166 
17387 13086 17890 6172 
17395 13090 17903 6172 
17404 13095 17909 6173 
17408 13099 17913 6175 
17416 13105 17918 6175 
17426 13111 17925 6176 
17431 13112 17931 6179 
17434 13117 17938 6183 
17434 13120 17943 6186 
17442 13123 17947 6188 
17450 13125 17956 6191 
17457 13131 17959 6192 
17466 13135 17967 6194 
17475 13141 17977 6195 
17482 13145 17987 6197 
17487 13150 17990 6198 
17491 13156 17996 6199 
17495 13163 18001 6201 
17502 13168 18014 6204 
17508 13172 18018 6208 
17512 13174 18022 6209 
17520 13179 18025 6210 
17527 13184 18028 6214 
17534 13188 18038 6217 
17541 13191 18045 6220 
17543 13194 18052 6223 
17551 13200 18056 6224 
17559 13201 18060 6226 
17569 13208 18070 6229 
17578 13215 18071 6230 
17582 13219 18080 6233 
17590 13223 18093 6234 
17593 13230 18100 6237 
17598 13235 18106 6240 
17602 13241 18112 6241 
17607 13244 18116 6243 
17615 13249 18120 6246 
17618 13257 18125 6246 
17625 13262 18131 6249 
17629 13264 18139 6251 
17634 13269 18143 6253 
17640 13273 18149 6257 
17649 13281 18156 6263 
17652 13285 18160 6265 
17664 13292 18171 6267 
17671 13296 18175 6268 
17680 13297 18179 6272 
17682 13301 18187 6276 
17687 13305 18194 6276 
17690 13308 18199 6278 
17701 13314 18205 6281 
17703 13316 18211 6281 
17709 13324 18214 6282 
17722 13330 18215 6284 
17731 13335 18223 6286 
17739 13347 18227 6290 
17746 13353 18235 6293 
17755 13356 18242 6294 
17761 13358 18246 6295 
17765 13362 18254 6298 
17770 13369 18261 6302 
17776 13375 18269 6309 
17779 13384 18277 6310 
17782 13387 18286 6310 
17790 13391 18295 6311 
17796 13393 18297 6317 
17801 13397 18302 6321 
17807 13404 18309 6323 
17810 13406 18314 6326 
17816 13408 18316 6328 
17820 13411 18322 6331 
17827 13414 18325 6333 
17830 13415 18328 6335 
17835 13419 18332 6338 
17839 13427 18337 6339 
17847 13432 18345 6340 
17852 13436 18354 6340 
17857 13437 18361 6341 
17860 13440 18365 6342 
17867 13441 18368 6343 
17875 13445 18373 6345 
17881 13448 18382 6346 
17887 13456 18385 6348 
17893 13459 18393 6351 
17901 13463 18399 6352 
17907 13466 18408 6358 
17914 13475 18418 6361 
17919 13480 18423 6362 
17922 13481 18429 6365 
17923 13484 18432 6370 
17931 13490 18434 6374 
17939 13497 18446 6378 
17948 13508 18453 6384 
17960 13513 18462 6385 
17973 13517 18465 6388 
17978 13521 18476 6391 
17987 13528 18483 6394 
17995 13532 18486 6399 
18005 13541 18495 6400 
18010 13542 18497 6401 
18017 13549 18507 6404 
18025 13553 18510 6405 
18027 13557 18513 6410 
18032 13558 18520 6413 
18035 13561 18526 6414 
18044 13568 18535 6417 
18047 13573 18540 6418 
18055 13578 18546 6420 
18059 13584 18555 6424 
18065 13587 18563 6427 
18075 13594 18571 6428 
18084 13599 18575 6429 
18090 13605 18580 6432 
18095 13611 18586 6433 
18104 13618 18589 6434 
18109 13623 18593 6438 
18113 13626 18600 6438 
18115 13629 18606 6439 
18121 13634 18616 6445 
18131 13636 18619 6446 
18140 13640 18627 6448 
18148 13643 18637 6451 
18153 13645 18647 6452 
18160 13656 18655 6455 
18160 13660 18660 6456 
18164 13668 18666 6461 
18173 13671 18673 6462 
18177 13676 18680 6463 
18186 13680 18690 6465 
18194 13684 18696 6466 
18199 13689 18707 6467 
18205 13694 18717 6469 
18215 13698 18726 6470 
18223 13706 18734 6472 
18228 13713 18739 6477 
18232 13718 18745 6479 
18238 13721 18751 6482 
18251 13731 18757 6487 
18256 13740 18761 6488 
18263 13748 18767 6495 
18267 13750 18773 6499 
18273 13758 18783 6501 
18278 13763 18792 6502 
18282 13767 18801 6506 
18289 13771 18804 6512 
18295 13774 18811 6515 
18300 13779 18821 6516 
18307 13785 18826 6518 
18311 13789 18831 6519 
18319 13794 18836 6519 
18329 13798 18841 6521 
18337 13801 18849 6523 
18344 13808 18852 6523 
18355 13814 18856 6525 
18362 13814 18859 6525 
18367 13821 18865 6527 
18369 13827 18871 6528 
18371 13830 18878 6532 
18374 13836 18887 6532 
18380 13846 18893 6536 
18386 13855 18895 6537 
18392 13857 18906 6538 
18393 13862 18911 6540 
18401 13867 18915 6542 
18404 13870 18923 6545 
18413 13878 18928 6547 
18416 13881 18932 6549 
18423 13887 18940 6552 
18432 13892 18948 6553 
18443 13896 18957 6556 
18446 13904 18965 6558 
18450 13908 18971 6560 
18455 13912 18978 6563 
18459 13917 18980 6566 
18464 13921 18985 6566 
18471 13927 18996 6567 
18475 13933 19005 6569 
18483 13938 19009 6573 
18490 13940 19014 6575 
18496 13943 19019 6578 
18500 13946 19022 6581 
18506 13948 19027 6584 
18514 13951 19034 6587 
18518 13958 19037 6588 
18527 13962 19044 6592 
18533 13968 19053 6593 
18537 13976 19057 6595 
18539 13980 19064 6595 
18544 13989 19069 6595 
18551 13996 19079 6595 
18555 14000 19087 6597 
18563 14008 19096 6599 
18568 14016 19099 6601 
18569 14020 19107 6602 
18575 14029 19111 6603 
18583 14031 19118 6604 
18586 14035 19125 6607 
18597 14042 19131 6611 
18603 14047 19138 6615 
18609 14052 19144 6616 
18616 14059 19148 6620 
18621 14066 19153 6621 
18627 14069 19157 6624 
18638 14075 19162 6627 
18640 14082 19166 6630 
18644 14092 19171 6631 
18646 14101 19182 6634 
18657 14107 19191 6636 
18661 14111 19193 6637 
18663 14113 19202 6638 
18664 14115 19206 6644 
18669 14117 19212 6648 
18675 14118 19217 6654 
18684 14124 19224 6658 
18690 14128 19232 6659 
18698 14132 19239 6661 
18701 14140 19243 6663 
18708 14143 19250 6665 
18710 14147 19258 6667 
18714 14150 19265 6670 
18719 14155 19272 6670 
18719 14159 19282 6672 
18725 14162 19287 6675 
18728 14165 19292 6677 
18732 14173 19302 6679 
18739 14178 19307 6683 
18747 14185 19312 6684 
18748 14189 19318 6686 
18753 14192 19321 6689 
18763 14195 19328 6692 
18768 14203 19330 6695 
18773 14212 19338 6697 
18785 14219 19342 6698 
18791 14224 19353 6700 
18796 14233 19359 6700 
18799 14239 19368 6700 
18805 14245 19383 6704 
18811 14249 19394 6706 
18815 14255 19402 6707 
18822 14259 19407 6708 
18828 14265 19409 6709 
18838 14266 19416 6715 
18842 14270 19419 6719 
18850 14272 19423 6720 
18853 14279 19428 6723 
18859 14286 19431 6730 
18867 14294 19436 6734 
18871 14297 19438 6735 
18877 14302 19441 6735 
18884 14303 19447 6736 
18892 14310 19453 6737 
18899 14315 19460 6741 
18902 14318 19463 6741 
18909 14324 19471 6746 
18916 14331 19485 6750 
18918 14339 19490 6751 
18920 14344 19497 6755 
18930 14346 19501 6757 
18936 14350 19508 6757 
18941 14359 19516 6759 
18946 14363 19520 6761 
18953 14366 19526 6763 
18960 14369 19534 6769 
18964 14375 19539 6769 
18967 14382 19546 6770 
18971 14388 19555 6772 
18982 14391 19560 6773 
18991 14397 19564 6776 
19000 14402 19570 6780 
19007 14404 19577 6782 
19014 14410 19579 6785 
19022 14421 19588 6786 
19033 14424 19595 6788 
19038 14430 19599 6788 
19046 14434 19605 6790 
19053 14439 19612 6791 
19058 14442 19617 6793 
19062 14449 19623 6795 
19073 14453 19627 6796 
19082 14456 19632 6798 
19088 14459 19641 6800 
19098 14462 19649 6800 
19101 14467 19657 6804 
19105 14473 19666 6807 
19109 14476 19673 6812 
19116 14480 19677 6814 
19120 14485 19686 6815 
19128 14487 19694 6816 
19131 14491 19703 6816 
19134 14494 19707 6817 
19137 14498 19717 6820 
19142 14503 19721 6821 
19146 14506 19724 6821 
19150 14512 19731 6826 
19159 14518 19738 6827 
19166 14521 19744 6829 
19170 14524 19752 6830 
19174 14527 19758 6832 
19182 14531 19762 6833 
19194 14536 19768 6834 
19201 14541 19775 6838 
19207 14545 19786 6840 
19211 14549 19796 6844 
19217 14555 19803 6846 
19220 14562 19809 6847 
19223 14565 19814 6847 
19226 14569 19823 6850 
19232 14576 19825 6853 
19239 14581 19834 6856 
19242 14584 19840 6860 
19251 14587 19847 6864 
19256 14590 19853 6868 
19264 14597 19856 6876 
19272 14599 19862 6878 
19276 14604 19866 6879 
19278 14610 19871 6884 
19286 14611 19882 6886 
19291 14617 19888 6888 
19297 14621 19894 6888 
19300 14623 19900 6891 
19305 14629 19904 6894 
19310 14638 19909 6897 
19315 14642 19914 6897 
19321 14646 19921 6900 
19325 14652 19931 6902 
19335 14657 19940 6905 
19341 14659 19944 6906 
19346 14662 19950 6906 
19351 14667 19956 6909 
19356 14670 19964 6910 
19363 14675 19970 6910 
19369 14677 19977 6912 
19376 14681 19984 6915 
19383 14687 19991 6918 
19387 14690 20001 6919 
19392 14691 20010 6920 
19398 14696 20020 6922 
19403 14700 20022 6925 
19406 14703 20027 6928 
19416 14707 20034 6930 
19427 14710 20043 6934 
19436 14712 20053 6938 
19444 14716 20062 6943 
19451 14718 20070 6949 
19460 14724 20074 6952 
19465 14728 20079 6956 
19470 14736 20090 6959 
19476 14745 20097 6961 
19482 14750 20100 6961 
19485 14755 20105 6963 
19490 14762 20112 6966 
19492 14767 20120 6967 
19496 14771 20124 6971 
19502 14779 20133 6972 
19510 14782 20140 6974 
19515 14785 20145 6975 
19522 14791 20148 6977 
19532 14795 20152 6977 
19539 14797 20161 6979 
19540 14802 20168 6982 
19547 14806 20178 6985 
19552 14812 20184 6988 
19558 14817 20190 6988 
19562 14825 20197 6990 
19570 14830 20204 6990 
19576 14835 20212 6991 
19580 14841 20219 6995 
19583 14849 20229 6997 
19593 14855 20235 6998 
19600 14861 20240 7000 
19605 14865 20246 7001 
19613 14870 20250 7002 
19618 14873 20256 7003 
19623 14879 20265 7006 
19629 14884 20270 7011 
19636 14891 20279 7015 
19642 14895 20282 7018 
19649 14899 20288 7020 
19656 14904 20290 7023 
19666 14907 20297 7026 
19669 14911 20300 7028 
19674 14918 20303 7029 
19677 14924 20310 7030 
19682 14929 20319 7033 
19688 14934 20325 7034 
19692 14941 20330 7037 
19704 14947 20333 7039 
19704 14954 20341 7040 
19711 14960 20344 7042 
19723 14963 20355 7043 
19729 14968 20362 7046 
19733 14971 20368 7048 
19741 14974 20376 7051 
19746 14983 20379 7056 
19748 14990 20386 7057 
19754 14993 20393 7058 
19763 14997 20404 7061 
19767 15003 20410 7063 
19773 15006 20416 7067 
19779 15011 20423 7068 
19785 15015 20427 7071 
19792 15017 20433 7072 
19800 15025 20440 7074 
19807 15029 20447 7076 
19812 15034 20455 7078 
19817 15041 20462 7081 
19823 15044 20470 7083 
19833 15048 20477 7086 
19843 15055 20483 7088 
19852 15060 20486 7090 
19857 15064 20494 7091 
19864 15072 20497 7095 
19875 15077 20506 7098 
19883 15082 20515 7101 
19889 15092 20522 7102 
19897 15095 20528 7106 
19901 15100 20534 7107 
19906 15103 20541 7108 
19913 15105 20551 7112 
19916 15109 20561 7116 
19920 15116 20565 7117 
19924 15121 20573 7118 
19930 15127 20578 7118 
19938 15137 20582 7119 
19942 15141 20592 7119 
19949 15147 20596 7119 
19954 15153 20602 7122 
19962 15154 20608 7126 
19968 15158 20615 7128 
19974 15165 20623 7130 
19982 15169 20628 7130 
19991 15177 20632 7131 
19995 15183 20635 7134 
20003 15185 20643 7137 
20007 15188 20647 7138 
20014 15192 20650 7138 
20022 15199 20656 7140 
20033 15209 20661 7142 
20037 15215 20668 7143 
20038 15219 20674 7147 
20041 15223 20678 7150 
20048 15228 20685 7151 
20055 15235 20691 7158 
20062 15238 20697 7160 
20067 15239 20703 7160 
20072 15243 20708 7164 
20074 15245 20716 7167 
20081 15250 20725 7168 
20087 15256 20732 7169 
20098 15260 20738 7171 
20113 15263 20745 7175 
20116 15270 20748 7177 
20122 15272 20757 7182 
20128 15278 20766 7183 
20138 15283 20774 7184 
20145 15296 20780 7185 
20149 15304 20785 7186 
20157 15307 20792 7188 
20160 15310 20797 7192 
20167 15318 20803 7197 
20177 15324 20811 7198 
20180 15327 20823 7199 
20186 15332 20825 7200 
20191 15339 20832 7201 
20196 15345 20837 7204 
20203 15348 20849 7207 
20207 15354 20856 7210 
20209 15359 20859 7212 
20215 15363 20862 7217 
20220 15367 20869 7222 
20223 15370 20872 7224 
20230 15380 20879 7225 
20235 15388 20884 7228 
20241 15391 20886 7230 
20250 15393 20893 7231 
20258 15401 20899 7235 
20265 15406 20903 7237 
20270 15412 20907 7239 
20274 15418 20917 7241 
20284 15422 20922 7243 
20292 15428 20929 7246 
20299 15430 20932 7248 
20308 15434 20935 7251 
20317 15439 20943 7255 
20327 15448 20950 7258 
20330 15451 20956 7260 
20331 15456 20962 7262 
20337 15460 20970 7267 
20339 15465 20979 7272 
20345 15471 20984 7274 
20351 15476 20988 7276 
20356 15479 20992 7276 
20363 15486 21002 7279 
20364 15490 21007 7285 
20370 15492 21017 7289 
20371 15494 21022 7292 
20376 15506 21030 7292 
20382 15508 21035 7294 
20386 15508 21040 7296 
20394 15513 21047 7299 
20398 15522 21052 7299 
20408 15528 21063 7301 
20412 15530 21067 7302 
20415 15533 21074 7303 
20423 15536 21077 7307 
20426 15542 21082 7308 
20428 15548 21087 7311 
20439 15555 21098 7312 
20447 15563 21101 7314 
20451 15567 21110 7315 
20460 15572 21116 7315 
20467 15574 21122 7318 
20476 15578 21130 7323 
20482 15585 21138 7326 
20490 15594 21151 7329 
20501 15599 21158 7330 
20507 15603 21163 7333 
20512 15609 21172 7334 
20519 15612 21174 7335 
20522 15614 21181 7338 
20527 15624 21185 7342 
20534 15626 21192 7346 
20537 15634 21200 7349 
20547 15637 21208 7353 
20552 15641 21217 7353 
20558 15643 21224 7357 
20559 15649 21229 7358 
20567 15649 21237 7359 
20576 15651 21246 7362 
20579 15657 21252 7366 
20584 15662 21260 7369 
20585 15667 21262 7371 
20588 15672 21271 7373 
20595 15681 21280 7375 
20600 15687 21289 7377 
20606 15701 21297 7380 
20612 15709 21304 7383 
20622 15712 21309 7384 
20627 15713 21314 7385 
20636 15717 21319 7386 
20645 15724 21324 7390 
20651 15730 21329 7390 
20658 15736 21334 7392 
20665 15739 21339 7394 
20669 15745 21344 7395 
20675 15748 21353 7401 
20680 15754 21360 7404 
20683 15757 21368 7408 
20688 15762 21373 7408 
20692 15768 21382 7412 
20703 15771 21389 7414 
20717 15776 21398 7416 
20720 15778 21406 7418 
20724 15785 21417 7420 
20727 15792 21422 7421 
20733 15807 21426 7424 
20737 15811 21434 7429 
20743 15814 21437 7431 
20752 15815 21440 7433 
20755 15819 21447 7437 
20760 15821 21452 7438 
20765 15826 21458 7440 
20769 15830 21462 7442 
20778 15835 21467 7445 
20789 15842 21473 7447 
20794 15843 21481 7449 
20800 15848 21491 7450 
20804 15853 21499 7452 
20807 15857 21504 7456 
20808 15864 21510 7458 
20814 15866 21516 7459 
20816 15868 21521 7460 
20821 15873 21529 7464 
20837 15881 21535 7465 
20842 15887 21543 7469 
20847 15896 21549 7473 
20853 15897 21553 7473 
20857 15904 21559 7475 
20861 15909 21567 7476 
20871 15917 21577 7478 
20875 15923 21585 7480 
20877 15926 21588 7481 
20882 15932 21589 7483 
20888 15940 21598 7483 
20901 15944 21602 7484 
20907 15950 21608 7486 
20913 15957 21618 7486 
20920 15960 21624 7487 
20924 15962 21630 7488 
20926 15967 21639 7489 
20932 15973 21645 7490 
20938 15977 21651 7492 
20945 15985 21660 7495 
20949 15990 21667 7496 
20958 15994 21672 7497 
20965 15999 21682 7498 
20971 16003 21684 7501 
20975 16013 21691 7503 
20982 16023 21695 7508 
20989 16031 21699 7511 
20999 16035 21705 7518 
21003 16041 21711 7521 
21009 16045 21722 7522 
21015 16051 21724 7526 
21019 16056 21735 7528 
21026 16057 21742 7528 
21035 16060 21750 7530 
21041 16064 21756 7533 
21048 16066 21760 7536 
21056 16072 21767 7538 
21066 16079 21775 7538 
21076 16088 21784 7543 
21084 16092 21794 7545 
21092 16096 21798 7549 
21099 16101 21804 7552 
21103 16107 21813 7554 
21111 16115 21819 7558 
21118 16122 21824 7561 
21125 16126 21833 7563 
21128 16132 21839 7570 
21133 16141 21845 7574 
21141 16145 21852 7578 
21149 16154 21860 7581 
21154 16159 21864 7582 
21157 16161 21869 7584 
21160 16169 21875 7587 
21166 16178 21881 7589 
21171 16182 21888 7592 
21174 16186 21892 7593 
21182 16188 21896 7593 
21182 16192 21904 7594 
21190 16198 21906 7596 
21194 16204 21913 7599 
21198 16210 21919 7600 
21204 16213 21922 7601 
21210 16220 21931 7602 
21213 16224 21934 7604 
21213 16230 21944 7606 
21220 16233 21952 7607 
21223 16238 21957 7608 
21228 16242 21966 7611 
21233 16244 21974 7613 
21237 16249 21979 7615 
21245 16251 21982 7618 
21252 16254 21991 7622 
21260 16257 21998 7626 
21267 16263 22005 7627 
21271 16265 22008 7631 
21279 16271 22014 7636 
21288 16274 22018 7641 
21291 16280 22022 7643 
21297 16282 22034 7644 
21303 16287 22041 7648 
21310 16291 22047 7653 
21316 16297 22051 7654 
21320 16305 22060 7654 
21324 16309 22065 7659 
21328 16312 22074 7660 
21338 16316 22088 7662 
21349 16321 22092 7664 
21354 16323 22102 7666 
21362 16329 22110 7667 
21370 16333 22115 7669 
21375 16336 22124 7670 
21383 16342 22135 7674 
21389 16347 22140 7678 
21394 16356 22145 7679 
21399 16364 22153 7682 
21406 16369 22161 7684 
21415 16374 22170 7685 
21418 16381 22178 7690 
21422 16389 22183 7692 
21430 16393 22193 7695 
21438 16397 22201 7700 
21444 16399 22208 7703 
21450 16403 22218 7705 
21455 16407 22227 7710 
21463 16412 22233 7711 
21470 16416 22242 7713 
21474 16420 22248 7714 
21478 16423 22257 7719 
21482 16425 22266 7722 
21491 16429 22272 7729 
21498 16437 22280 7729 
21507 16444 22284 7732 
21512 16445 22291 7734 
21518 16448 22296 7737 
21527 16454 22302 7739 
21537 16464 22307 7740 
21548 16472 22310 7740 
21559 16478 22316 7743 
21563 16480 22320 7745 
21568 16484 22326 7748 
21575 16487 22332 7751 
21581 16492 22338 7754 
21587 16498 22345 7757 
21590 16504 22352 7757 
21597 16506 22359 7760 
21603 16512 22366 7762 
21610 16518 22370 7767 
21618 16522 22374 7768 
21622 16530 22380 7770 
21628 16533 22388 7773 
21635 16541 22395 7773 
21640 16543 22397 7778 
21646 16550 22406 7780 
21651 16557 22410 7781 
21653 16563 22415 7783 
21659 16571 22418 7785 
21663 16580 22423 7786 
21670 16589 22433 7787 
21680 16595 22439 7791 
21694 16600 22448 7791 
21701 16603 22457 7792 
21717 16615 22465 7795 
21724 16618 22474 7797 
21728 16627 22479 7799 
21734 16633 22488 7802 
21741 16637 22498 7802 
21746 16641 22505 7803 
21753 16648 22511 7805 
21759 16653 22516 7809 
21765 16657 22524 7812 
21768 16660 22529 7814 
21771 16668 22536 7817 
21780 16674 22543 7817 
21786 16679 22547 7818 
21792 16685 22563 7821 
21799 16690 22566 7823 
21804 16695 22570 7828 
21808 16698 22578 7829 
21812 16701 22585 7830 
21818 16708 22594 7830 
21825 16713 22599 7832 
21832 16722 22608 7836 
21840 16726 22612 7839 
21848 16734 22617 7839 
21856 16738 22631 7840 
21860 16745 22637 7841 
21866 16758 22644 7843 
21872 16766 22646 7844 
21886 16774 22655 7845 
21890 16780 22662 7847 
21901 16788 22668 7850 
21907 16792 22676 7854 
21916 16796 22682 7855 
21926 16799 22693 7857 
21931 16804 22701 7860 
21936 16814 22706 7866 
21941 16822 22711 7868 
21952 16825 22714 7872 
21962 16831 22723 7872 
21968 16838 22729 7874 
21973 16841 22738 7877 
21978 16845 22749 7878 
21985 16846 22758 7879 
21991 16854 22764 7883 
22001 16861 22776 7888 
22006 16867 22779 7891 
22009 16877 22785 7892 
22013 16881 22792 7895 
22021 16883 22799 7899 
22027 16889 22808 7900 
22035 16897 22810 7904 
22045 16901 22817 7907 
22057 16908 22821 7910 
22067 16913 22827 7910 
22070 16917 22833 7911 
22071 16919 22838 7913 
22073 16921 22843 7913 
22080 16928 22854 7915 
22087 16933 22858 7916 
22092 16940 22863 7916 
22101 16947 22868 7919 
22109 16958 22877 7921 
22116 16968 22881 7923 
22122 16972 22887 7925 
22130 16978 22893 7930 
22137 16985 22904 7934 
22153 16992 22909 7937 
22159 16996 22923 7937 
22162 17005 22928 7938 
22166 17006 22935 7940 
22175 17010 22936 7942 
22185 17015 22938 7946 
22191 17023 22945 7947 
22200 17034 22952 7951 
22205 17036 22960 7953 
22209 17039 22966 7956 
22216 17046 22968 7962 
22222 17052 22973 7963 
22233 17059 22981 7966 
22241 17064 22989 7968 
22247 17070 22992 7973 
22252 17072 23000 7975 
22258 17075 23010 7976 
22271 17079 23017 7977 
22278 17081 23024 7983 
22286 17089 23033 7986 
22291 17096 23039 7986 
22300 17098 23048 7987 
22311 17103 23055 7987 
22324 17112 23064 7988 
22326 17117 23071 7990 
22329 17122 23083 7991 
22333 17132 23094 7993 
22338 17138 23099 7995 
22344 17143 23102 7997 
22347 17147 23107 8000 
22353 17152 23112 8001 
22359 17156 23118 8004 
22368 17165 23123 8007 
22376 17166 23128 8008 
22385 17169 23136 8009 
22397 17173 23139 8010 
22400 17175 23146 8014 
22412 17180 23151 8014 
22415 17186 23163 8016 
22420 17196 23168 8017 
22428 17204 23174 8019 
22436 17207 23180 8020 
22442 17211 23191 8022 
22449 17222 23198 8026 
22454 17229 23202 8029 
22459 17234 23211 8029 
22465 17236 23219 8034 
22471 17243 23225 8037 
22474 17244 23231 8037 
22482 17251 23237 8041 
22495 17256 23245 8043 
22502 17261 23249 8047 
22506 17273 23256 8053 
22511 17284 23259 8055 
22515 17291 23269 8058 
22522 17293 23274 8061 
22523 17299 23279 8062 
22526 17309 23283 8066 
22532 17314 23290 8068 
22541 17321 23293 8070 
22553 17326 23299 8072 
22557 17331 23307 8075 
22564 17339 23311 8075 
