0 0 0 0 
3 3 6 0 
4 6 9 4 
10 8 12 6 
16 12 12 7 
24 15 15 8 
30 18 19 9 
32 19 23 12 
42 22 30 13 
44 26 39 13 
48 32 45 15 
59 36 47 15 
65 39 55 19 
69 40 57 23 
72 45 60 25 
78 50 67 26 
84 58 71 29 
88 61 74 30 
93 65 76 30 
98 68 79 31 
101 68 83 32 
106 70 89 34 
119 72 92 35 
129 75 100 38 
136 79 106 40 
138 84 109 40 
141 85 117 43 
145 90 124 44 
152 93 127 48 
159 94 129 49 
167 95 130 51 
172 98 135 53 
179 105 138 54 
183 107 144 56 
190 110 152 57 
193 112 157 59 
201 117 163 60 
207 119 169 62 
212 123 173 66 
217 126 175 67 
219 131 182 71 
224 137 184 71 
228 141 187 73 
230 142 189 74 
234 146 194 76 
239 151 198 77 
243 154 204 77 
247 158 210 77 
252 159 216 80 
260 165 223 82 
267 165 226 83 
272 168 232 83 
278 172 238 84 
289 175 247 85 
293 179 253 88 
301 183 255 90 
304 184 261 92 
308 187 267 94 
310 188 271 97 
314 191 276 100 
319 195 280 102 
321 200 284 103 
326 203 286 103 
330 205 290 106 
339 208 298 110 
344 213 304 111 
353 215 310 111 
356 220 314 113 
363 221 320 116 
369 226 324 116 
374 230 329 118 
381 233 336 120 
387 237 344 122 
392 245 349 124 
395 249 351 125 
403 251 353 126 
405 255 357 127 
411 255 364 129 
417 262 368 131 
422 267 375 134 
427 273 379 138 
434 277 389 142 
439 278 394 143 
443 283 397 144 
450 287 403 144 
451 290 406 145 
455 297 410 148 
457 298 411 149 
460 301 416 149 
465 303 421 149 
469 306 426 150 
473 307 433 151 
479 310 435 153 
489 314 439 154 
492 319 440 157 
501 324 449 158 
503 331 451 159 
509 335 455 161 
511 338 458 162 
515 342 465 166 
523 343 467 167 
529 345 474 167 
529 349 480 169 
531 352 483 173 
534 356 487 173 
541 363 492 174 
544 364 498 177 
551 367 502 177 
555 373 507 181 
560 377 515 183 
565 381 519 187 
570 386 520 187 
576 389 527 187 
580 391 531 189 
586 395 539 192 
593 400 545 196 
598 405 549 200 
602 410 555 202 
604 415 558 204 
614 419 568 205 
622 424 576 206 
627 426 585 209 
631 428 590 211 
639 431 593 214 
645 433 600 215 
650 439 608 217 
656 442 611 219 
661 447 618 220 
664 451 623 222 
671 459 627 224 
677 463 631 224 
680 464 637 228 
689 465 642 232 
692 467 646 236 
695 472 648 237 
700 474 653 238 
704 476 658 240 
710 477 664 244 
712 478 668 245 
721 481 674 251 
727 482 680 254 
732 486 684 256 
740 491 689 257 
746 493 695 258 
749 496 700 259 
754 501 706 261 
763 506 708 261 
767 512 716 263 
775 513 720 265 
776 516 731 267 
782 518 735 267 
788 523 741 267 
797 525 748 267 
801 531 752 268 
807 535 760 270 
810 540 763 274 
817 543 769 276 
825 549 775 279 
827 550 781 281 
835 559 785 282 
840 563 789 284 
847 568 797 287 
855 570 800 287 
862 574 806 290 
866 575 811 292 
873 579 815 293 
879 584 819 295 
883 589 826 297 
889 595 832 301 
895 597 834 304 
901 599 840 304 
909 602 844 308 
912 604 849 311 
917 608 852 312 
917 613 857 312 
917 618 862 315 
919 620 870 320 
927 621 873 324 
931 623 874 327 
938 626 878 330 
945 634 887 333 
950 638 892 334 
955 640 898 336 
960 643 901 339 
966 647 907 340 
974 650 914 345 
984 654 917 347 
987 657 924 347 
989 665 929 349 
996 671 932 352 
1006 674 937 353 
1011 676 939 353 
1018 679 945 353 
1026 691 951 355 
1031 694 957 357 
1040 697 960 357 
1047 699 965 360 
1051 704 969 362 
1057 707 977 364 
1066 709 983 366 
1072 712 989 366 
1078 713 992 370 
1085 714 996 370 
1091 716 1002 370 
1095 721 1007 371 
1102 727 1015 371 
1107 729 1020 371 
1117 733 1026 375 
1120 740 1035 375 
1126 741 1044 375 
1132 741 1052 377 
1141 745 1058 379 
1145 747 1066 381 
1150 753 1073 382 
1154 757 1076 384 
1156 758 1080 384 
1162 762 1087 384 
1165 765 1096 385 
1171 770 1102 388 
1177 773 1109 389 
1184 776 1113 389 
1191 778 1118 389 
1199 782 1123 390 
1202 786 1127 394 
1213 788 1132 395 
1220 792 1139 400 
1225 797 1143 404 
1229 800 1148 406 
1233 803 1154 411 
1237 805 1159 412 
1243 811 1166 412 
1248 814 1171 415 
1254 818 1173 415 
1256 821 1178 417 
1263 825 1182 418 
1268 827 1187 420 
1273 828 1194 423 
1275 831 1205 427 
1279 835 1212 429 
1285 839 1216 430 
1289 841 1217 430 
1296 846 1222 432 
1301 851 1226 434 
1312 852 1230 435 
1316 855 1238 438 
1319 858 1238 441 
1322 862 1246 443 
1327 867 1255 446 
1333 869 1259 446 
1337 873 1263 448 
1346 874 1264 448 
1352 878 1267 450 
1355 882 1270 450 
1364 886 1274 451 
1369 893 1280 451 
1375 896 1286 453 
1380 903 1289 453 
1386 906 1292 454 
1391 908 1304 455 
1402 910 1311 456 
1411 911 1316 457 
1414 914 1319 459 
1420 918 1327 460 
1427 923 1330 462 
1431 929 1332 462 
1440 932 1336 466 
1445 936 1339 469 
1451 938 1345 471 
1455 940 1350 472 
1460 945 1360 475 
1462 949 1362 477 
1470 952 1367 482 
1474 954 1373 483 
1477 959 1378 485 
1481 961 1385 485 
1486 963 1395 485 
1492 970 1400 485 
1499 971 1406 485 
1508 975 1410 490 
1516 980 1416 492 
1523 986 1418 493 
1535 991 1424 495 
1543 992 1430 496 
1547 996 1435 497 
1556 1003 1442 498 
1559 1005 1448 502 
1564 1010 1452 505 
1571 1013 1462 506 
1577 1019 1468 508 
1589 1023 1472 509 
1597 1028 1481 511 
1600 1030 1485 511 
1605 1038 1492 512 
1609 1042 1497 514 
1618 1044 1508 518 
1620 1048 1513 520 
1622 1050 1521 523 
1626 1056 1523 524 
1629 1058 1531 525 
1636 1065 1535 527 
1647 1066 1541 528 
1659 1068 1544 531 
1667 1068 1553 535 
1672 1077 1558 538 
1679 1082 1566 538 
1686 1084 1571 542 
1695 1088 1575 544 
1699 1090 1580 546 
1705 1093 1586 548 
1711 1097 1591 549 
1722 1098 1595 550 
1726 1101 1601 550 
1727 1105 1606 551 
1732 1114 1611 553 
1740 1116 1618 557 
1746 1122 1624 561 
1749 1126 1628 562 
1758 1129 1634 564 
1763 1134 1641 565 
1768 1137 1648 566 
1774 1139 1650 567 
1776 1145 1659 568 
1777 1148 1661 568 
1782 1153 1665 572 
1788 1155 1674 574 
1791 1160 1681 578 
1793 1162 1689 578 
1797 1165 1692 581 
1803 1170 1694 582 
1806 1175 1699 584 
1813 1179 1703 585 
1815 1181 1709 588 
1819 1185 1718 589 
1822 1190 1725 590 
1825 1191 1729 592 
1829 1192 1734 593 
1831 1197 1738 596 
1832 1202 1743 600 
1841 1208 1747 604 
1846 1211 1751 604 
1848 1213 1757 607 
1854 1219 1760 608 
1855 1225 1765 609 
1858 1232 1768 612 
1864 1235 1774 613 
1871 1240 1781 614 
1878 1247 1784 618 
1888 1250 1791 621 
1894 1255 1795 621 
1899 1258 1799 624 
1906 1264 1808 627 
1909 1266 1813 627 
1912 1269 1817 628 
1920 1274 1823 629 
1928 1276 1828 632 
1930 1278 1835 633 
1936 1285 1845 638 
1942 1286 1852 638 
1948 1294 1854 639 
1952 1300 1858 643 
1962 1302 1864 643 
1964 1305 1869 645 
1970 1306 1872 647 
1982 1316 1876 648 
1988 1319 1883 651 
1991 1325 1889 654 
1995 1327 1895 656 
2002 1330 1897 658 
2009 1333 1902 658 
2015 1341 1907 664 
2021 1348 1913 666 
2029 1352 1916 670 
2035 1356 1919 671 
2041 1361 1923 673 
2048 1363 1932 674 
2053 1368 1936 675 
2056 1371 1941 679 
2061 1374 1942 679 
2067 1375 1946 680 
2072 1379 1951 683 
2075 1381 1954 687 
2081 1383 1962 688 
2082 1388 1972 690 
2087 1395 1976 691 
2090 1398 1980 691 
2095 1401 1984 693 
2106 1404 1990 696 
2112 1409 1994 697 
2120 1413 1998 697 
2123 1416 2003 698 
2127 1425 2011 698 
2137 1429 2016 701 
2140 1432 2019 702 
2143 1434 2024 707 
2146 1436 2030 709 
2149 1440 2034 711 
2153 1446 2043 711 
2160 1450 2048 715 
2164 1452 2054 718 
2165 1456 2057 718 
2169 1457 2062 718 
2175 1460 2069 722 
2184 1465 2076 725 
2189 1468 2085 726 
2196 1470 2091 729 
2205 1474 2097 731 
2209 1477 2102 733 
2213 1482 2106 735 
2218 1491 2112 739 
2223 1493 2121 739 
2227 1498 2126 741 
2231 1502 2133 741 
2238 1506 2138 742 
2243 1510 2147 743 
2249 1513 2153 743 
2254 1518 2154 746 
2259 1520 2161 746 
2263 1522 2162 748 
2267 1525 2169 749 
2273 1528 2173 750 
2280 1534 2180 751 
2282 1534 2185 753 
2286 1539 2192 756 
2290 1542 2201 757 
2296 1544 2206 760 
2301 1549 2212 765 
2303 1553 2222 767 
2306 1555 2228 768 
2309 1563 2236 770 
2313 1565 2244 771 
2320 1568 2247 773 
2324 1571 2254 775 
2330 1575 2260 775 
2337 1578 2262 776 
2345 1584 2266 779 
2352 1588 2273 783 
2356 1592 2277 786 
2361 1595 2282 787 
2363 1599 2284 789 
2367 1608 2289 791 
2369 1611 2298 791 
2370 1614 2301 793 
2373 1617 2305 796 
2377 1620 2308 798 
2380 1621 2310 801 
2392 1626 2315 801 
2395 1626 2317 803 
2405 1630 2324 804 
2411 1632 2329 805 
2418 1638 2337 808 
2421 1641 2342 810 
2425 1647 2347 814 
2432 1653 2352 814 
2436 1656 2358 815 
2441 1658 2362 816 
2448 1661 2367 816 
2455 1665 2374 819 
2461 1668 2380 820 
2464 1670 2387 824 
2471 1673 2393 829 
2477 1674 2396 831 
2482 1677 2398 832 
2487 1683 2402 833 
2493 1687 2409 837 
2502 1692 2418 842 
2506 1699 2423 844 
2510 1704 2428 847 
2513 1707 2433 849 
2519 1710 2439 849 
2523 1714 2444 850 
2530 1719 2446 852 
2537 1725 2453 853 
2544 1730 2456 855 
2547 1737 2463 856 
2555 1744 2466 859 
2562 1745 2470 862 
2565 1750 2478 864 
2567 1753 2479 868 
2576 1757 2481 872 
2585 1762 2485 873 
2590 1769 2490 875 
2597 1776 2493 876 
2599 1778 2498 877 
2605 1782 2502 880 
2608 1787 2505 881 
2614 1792 2511 883 
2617 1800 2515 888 
2621 1801 2518 888 
2627 1807 2525 890 
2635 1812 2530 891 
2638 1817 2534 894 
2644 1821 2543 899 
2650 1825 2550 900 
2655 1827 2554 903 
2660 1827 2559 906 
2666 1832 2565 908 
2671 1835 2572 908 
2675 1840 2575 911 
2682 1840 2582 912 
2685 1845 2591 913 
2693 1852 2596 917 
2701 1857 2598 918 
2707 1861 2602 921 
2711 1863 2605 921 
2714 1867 2607 922 
2720 1872 2613 923 
2728 1877 2614 927 
2732 1882 2623 931 
2738 1884 2627 937 
2744 1886 2631 937 
2748 1890 2637 940 
2756 1892 2646 942 
2760 1893 2650 949 
2769 1899 2656 953 
2772 1904 2660 956 
2775 1907 2664 958 
2777 1913 2671 961 
2784 1916 2674 965 
2789 1918 2682 965 
2793 1922 2685 966 
2797 1926 2691 970 
2815 1929 2696 970 
2827 1933 2700 971 
2835 1935 2705 973 
2840 1937 2711 976 
2842 1942 2720 977 
2848 1947 2725 978 
2854 1949 2728 979 
2855 1953 2733 981 
2862 1954 2737 983 
2868 1959 2744 987 
2874 1961 2751 989 
2879 1964 2753 994 
2885 1966 2760 995 
2888 1969 2763 996 
2890 1973 2772 997 
2899 1978 2780 998 
2909 1980 2784 999 
2912 1981 2788 1000 
2916 1984 2794 1003 
2921 1988 2799 1007 
2926 1990 2805 1009 
2929 1994 2811 1009 
2937 1997 2818 1010 
2941 2007 2819 1012 
2951 2008 2821 1012 
2958 2009 2824 1013 
2968 2013 2827 1016 
2975 2019 2830 1017 
2977 2020 2835 1018 
2984 2024 2838 1021 
2989 2027 2841 1026 
2993 2029 2849 1028 
2999 2031 2855 1031 
3005 2035 2857 1033 
3009 2037 2862 1036 
3013 2042 2868 1037 
3018 2047 2875 1039 
3022 2051 2879 1041 
3023 2053 2886 1047 
3029 2055 2894 1049 
3030 2060 2901 1052 
3032 2065 2903 1053 
3039 2068 2911 1057 
3055 2073 2915 1058 
3060 2080 2924 1060 
3065 2084 2931 1062 
3066 2091 2935 1065 
3073 2094 2939 1066 
3085 2097 2947 1069 
3091 2099 2951 1069 
3097 2102 2955 1069 
3104 2110 2960 1070 
3109 2116 2963 1071 
3113 2119 2969 1073 
3117 2123 2972 1074 
3121 2125 2980 1075 
3122 2125 2993 1076 
3127 2127 2996 1081 
3137 2129 3001 1082 
3139 2134 3004 1085 
3144 2137 3011 1086 
3153 2139 3016 1088 
3156 2143 3022 1093 
3160 2149 3027 1093 
3163 2151 3030 1093 
3168 2152 3033 1093 
3178 2154 3041 1095 
3184 2161 3045 1096 
3188 2163 3051 1100 
3194 2168 3057 1101 
3200 2177 3062 1103 
3203 2179 3070 1104 
3207 2182 3073 1104 
3211 2188 3077 1108 
3218 2193 3081 1110 
3225 2194 3084 1110 
3232 2196 3087 1111 
3234 2200 3095 1111 
3243 2201 3100 1113 
3249 2204 3105 1113 
3251 2206 3111 1115 
3261 2210 3120 1117 
3269 2214 3125 1120 
3273 2217 3130 1122 
3278 2225 3134 1123 
3284 2227 3140 1125 
3289 2230 3144 1126 
3294 2235 3150 1126 
3302 2235 3155 1128 
3309 2239 3163 1129 
3313 2243 3169 1132 
3316 2249 3172 1133 
3322 2252 3175 1139 
3326 2257 3184 1142 
3332 2261 3195 1142 
3337 2267 3199 1144 
3341 2268 3202 1147 
3346 2274 3207 1149 
3352 2280 3211 1150 
3359 2282 3217 1151 
3362 2284 3224 1153 
3367 2290 3232 1162 
3376 2292 3233 1167 
3380 2296 3238 1168 
3389 2305 3242 1168 
3391 2306 3250 1169 
3395 2308 3255 1171 
3399 2311 3261 1173 
3401 2316 3265 1174 
3405 2321 3268 1175 
3412 2325 3274 1177 
3419 2329 3275 1177 
3422 2335 3282 1177 
3428 2336 3289 1179 
3432 2341 3295 1180 
3435 2345 3298 1182 
3442 2351 3302 1184 
3451 2355 3306 1185 
3454 2358 3310 1187 
3458 2361 3314 1189 
3466 2365 3317 1190 
3471 2369 3319 1193 
3481 2380 3325 1195 
3483 2382 3333 1195 
3490 2385 3337 1198 
3495 2389 3341 1200 
3499 2391 3347 1202 
3504 2394 3354 1202 
3515 2396 3359 1203 
3523 2398 3364 1204 
3529 2400 3367 1207 
3532 2404 3371 1212 
3536 2408 3375 1219 
3546 2411 3384 1220 
3555 2414 3386 1224 
3558 2422 3389 1226 
3564 2429 3394 1228 
3569 2432 3397 1229 
3575 2436 3403 1231 
3578 2439 3409 1235 
3587 2445 3414 1236 
3593 2453 3417 1237 
3602 2458 3421 1242 
3607 2460 3428 1243 
3614 2463 3432 1245 
3619 2467 3436 1245 
3621 2469 3442 1245 
3627 2479 3447 1248 
3631 2484 3448 1252 
3636 2489 3454 1253 
3640 2491 3460 1253 
3647 2493 3461 1255 
3657 2497 3463 1257 
3666 2503 3470 1260 
3671 2507 3476 1262 
3675 2510 3479 1263 
3681 2513 3480 1265 
3686 2518 3484 1266 
3690 2523 3489 1268 
3694 2529 3493 1269 
3697 2533 3503 1270 
3704 2541 3509 1273 
3708 2543 3513 1273 
3713 2549 3516 1278 
3718 2551 3521 1281 
3727 2552 3523 1283 
3731 2559 3531 1285 
3734 2567 3535 1288 
3741 2570 3541 1289 
3745 2573 3544 1290 
3754 2578 3550 1292 
3758 2584 3559 1296 
3763 2586 3561 1297 
3769 2590 3566 1299 
3778 2593 3578 1302 
3782 2595 3581 1303 
3786 2596 3587 1303 
3794 2600 3595 1304 
3798 2605 3602 1305 
3806 2606 3606 1306 
3813 2609 3615 1310 
3816 2610 3620 1311 
3823 2613 3623 1312 
3827 2616 3626 1314 
3836 2620 3632 1316 
3842 2623 3638 1318 
3850 2628 3646 1319 
3853 2632 3651 1323 
3857 2635 3658 1324 
3863 2645 3663 1327 
3872 2648 3665 1328 
3878 2652 3669 1329 
3887 2659 3675 1330 
3895 2661 3683 1331 
3902 2663 3692 1333 
3906 2663 3699 1336 
3912 2668 3702 1336 
3917 2673 3704 1337 
3923 2677 3707 1338 
3928 2678 3718 1342 
3931 2680 3723 1346 
3942 2684 3731 1348 
3947 2687 3739 1349 
3949 2688 3743 1352 
3953 2691 3749 1353 
3957 2692 3759 1355 
3966 2694 3760 1356 
3970 2700 3767 1356 
3973 2705 3772 1358 
3978 2710 3774 1360 
3989 2717 3778 1361 
3991 2719 3787 1366 
3999 2724 3790 1367 
4004 2728 3797 1369 
4008 2733 3804 1373 
4013 2737 3807 1373 
4023 2742 3810 1381 
4027 2745 3815 1383 
4037 2751 3823 1384 
4041 2757 3832 1384 
4050 2764 3838 1384 
4053 2769 3841 1385 
4064 2773 3849 1385 
4072 2776 3856 1386 
4077 2779 3859 1386 
4082 2784 3867 1388 
4088 2789 3872 1388 
4098 2795 3875 1390 
4103 2797 3879 1391 
4107 2801 3882 1391 
4111 2805 3887 1392 
4113 2809 3891 1395 
4115 2815 3898 1395 
4118 2816 3902 1396 
4120 2819 3910 1397 
4127 2823 3911 1399 
4132 2828 3920 1400 
4141 2832 3922 1401 
4148 2842 3926 1403 
4152 2849 3931 1405 
4157 2854 3934 1408 
4163 2858 3936 1408 
4171 2863 3938 1410 
4176 2871 3943 1413 
4182 2877 3945 1417 
4186 2883 3951 1419 
4191 2885 3955 1420 
4198 2889 3958 1422 
4204 2891 3965 1423 
4210 2895 3974 1428 
4214 2899 3983 1430 
4224 2900 3988 1433 
4227 2901 3997 1437 
4232 2903 4000 1438 
4238 2907 4008 1441 
4244 2913 4013 1442 
4252 2916 4019 1445 
4254 2923 4025 1447 
4264 2933 4029 1450 
4271 2937 4041 1450 
4280 2942 4045 1451 
4287 2950 4048 1452 
4295 2954 4054 1453 
4302 2957 4058 1455 
4309 2963 4062 1457 
4317 2970 4065 1459 
4319 2975 4069 1459 
4331 2979 4076 1460 
4337 2981 4078 1462 
4342 2986 4086 1462 
4347 2988 4092 1462 
4356 2994 4094 1466 
4361 2998 4101 1467 
4367 3000 4111 1472 
4375 3003 4115 1474 
4381 3009 4119 1477 
4384 3012 4129 1480 
4387 3016 4136 1483 
4393 3018 4139 1484 
4400 3021 4146 1484 
4405 3022 4153 1486 
4412 3024 4157 1488 
4419 3029 4159 1488 
4431 3032 4163 1492 
4438 3034 4167 1493 
4441 3037 4173 1495 
4447 3041 4174 1496 
4457 3045 4177 1497 
4464 3050 4184 1499 
4474 3050 4188 1500 
4485 3052 4194 1502 
4488 3057 4197 1503 
4495 3058 4204 1503 
4498 3061 4213 1505 
4500 3065 4216 1507 
4505 3069 4220 1507 
4506 3073 4229 1508 
4512 3077 4233 1512 
4516 3080 4237 1513 
4520 3083 4243 1516 
4521 3090 4249 1518 
4527 3094 4259 1521 
4533 3099 4261 1523 
4543 3104 4266 1526 
4547 3107 4270 1531 
4554 3111 4274 1534 
4560 3114 4279 1534 
4563 3118 4285 1536 
4569 3122 4290 1536 
4573 3126 4294 1537 
4578 3128 4299 1537 
4581 3134 4302 1539 
4583 3137 4313 1540 
4589 3137 4319 1543 
4592 3141 4326 1543 
4599 3146 4335 1545 
4603 3149 4341 1545 
4608 3151 4343 1547 
4610 3155 4349 1549 
4614 3158 4356 1549 
4620 3165 4360 1550 
4628 3169 4362 1551 
4632 3173 4365 1552 
4637 3179 4370 1553 
4644 3181 4374 1557 
4652 3192 4383 1558 
4660 3193 4392 1562 
4662 3201 4397 1562 
4670 3203 4405 1565 
4676 3205 4410 1566 
4681 3209 4414 1566 
4685 3211 4418 1567 
4691 3212 4425 1569 
4697 3215 4430 1570 
4705 3217 4438 1571 
4709 3220 4441 1572 
4719 3225 4449 1575 
4721 3227 4454 1577 
4728 3229 4456 1582 
4732 3230 4458 1584 
4741 3235 4460 1587 
4741 3238 4465 1588 
4748 3248 4473 1592 
4754 3252 4475 1596 
4762 3257 4490 1597 
4770 3261 4494 1599 
4775 3263 4500 1601 
4783 3265 4504 1602 
4788 3268 4510 1603 
4794 3270 4514 1605 
4800 3276 4521 1606 
4801 3283 4522 1606 
4806 3286 4529 1607 
4810 3289 4533 1608 
4814 3289 4538 1610 
4818 3294 4544 1613 
4820 3294 4553 1615 
4827 3297 4555 1617 
4830 3298 4558 1617 
4834 3299 4564 1619 
4838 3302 4568 1620 
4848 3303 4575 1624 
4853 3307 4580 1626 
4856 3309 4584 1628 
4861 3312 4589 1630 
4869 3317 4596 1633 
4874 3322 4605 1634 
4877 3323 4608 1636 
4883 3324 4614 1640 
4886 3325 4619 1641 
4889 3328 4628 1642 
4893 3331 4636 1642 
4902 3337 4641 1644 
4909 3340 4648 1645 
4914 3341 4657 1647 
4916 3342 4660 1649 
4924 3349 4667 1650 
4925 3355 4672 1650 
4932 3360 4681 1654 
4934 3363 4687 1656 
4941 3368 4690 1659 
4949 3369 4695 1661 
4952 3373 4700 1664 
4960 3379 4709 1668 
4963 3386 4716 1669 
4969 3387 4720 1672 
4974 3392 4721 1674 
4986 3396 4728 1674 
4992 3402 4733 1679 
4996 3409 4737 1680 
4999 3418 4743 1685 
5004 3420 4745 1686 
5008 3424 4749 1688 
5017 3425 4752 1688 
5021 3426 4756 1689 
5024 3432 4762 1689 
5030 3436 4766 1692 
5036 3441 4771 1695 
5039 3445 4776 1696 
5042 3447 4780 1697 
5044 3448 4784 1697 
5047 3450 4788 1698 
5053 3454 4791 1700 
5058 3455 4798 1701 
5065 3459 4803 1703 
5072 3464 4807 1704 
5076 3468 4818 1706 
5079 3474 4822 1709 
5086 3477 4827 1709 
5086 3479 4831 1709 
5092 3482 4837 1710 
5094 3486 4842 1712 
5099 3490 4846 1712 
5102 3494 4847 1712 
5108 3497 4857 1715 
5113 3502 4861 1715 
5121 3507 4870 1719 
5124 3513 4879 1724 
5129 3514 4883 1729 
5135 3522 4887 1730 
5142 3526 4891 1734 
5146 3530 4895 1736 
5152 3532 4900 1737 
5155 3536 4907 1740 
5162 3538 4915 1740 
5166 3541 4919 1742 
5169 3547 4922 1743 
5175 3552 4926 1746 
5177 3556 4931 1748 
5184 3565 4937 1755 
5191 3569 4940 1755 
5196 3572 4944 1756 
5200 3574 4949 1758 
5207 3579 4955 1758 
5211 3583 4958 1759 
5216 3591 4964 1760 
5221 3595 4973 1762 
5225 3599 4979 1763 
5230 3602 4985 1765 
5234 3609 4990 1767 
5239 3615 4994 1769 
5246 3625 5000 1771 
5255 3630 5002 1773 
5262 3632 5009 1774 
5272 3635 5014 1775 
5277 3642 5018 1778 
5279 3647 5025 1780 
5284 3652 5027 1782 
5288 3653 5033 1784 
5291 3655 5036 1785 
5295 3657 5043 1787 
5303 3663 5046 1791 
5308 3670 5050 1793 
5316 3671 5057 1797 
5318 3673 5058 1800 
5326 3676 5067 1802 
5336 3679 5073 1805 
5339 3682 5078 1812 
5345 3688 5085 1815 
5352 3690 5091 1818 
5359 3695 5096 1822 
5366 3697 5099 1822 
5370 3702 5107 1824 
5376 3705 5113 1827 
5384 3708 5119 1828 
5389 3714 5128 1828 
5394 3719 5130 1830 
5397 3723 5133 1832 
5403 3727 5137 1834 
5412 3729 5144 1835 
5417 3732 5151 1835 
5422 3736 5154 1837 
5427 3738 5158 1838 
5433 3746 5168 1841 
5439 3748 5173 1843 
5442 3750 5178 1847 
5447 3753 5181 1848 
5451 3758 5188 1848 
5456 3764 5197 1850 
5461 3768 5200 1850 
5470 3769 5207 1852 
5474 3772 5215 1857 
5480 3776 5221 1859 
5487 3779 5225 1862 
5492 3781 5228 1868 
5496 3785 5236 1872 
5499 3789 5240 1873 
5505 3790 5249 1875 
5509 3793 5256 1877 
5516 3800 5266 1879 
5522 3804 5274 1882 
5526 3809 5281 1883 
5531 3813 5289 1885 
5538 3815 5296 1885 
5546 3820 5311 1888 
5550 3824 5316 1891 
5555 3829 5320 1891 
5563 3837 5327 1893 
5572 3840 5333 1895 
5575 3843 5336 1897 
5579 3847 5346 1900 
5589 3852 5354 1900 
5595 3857 5357 1904 
5599 3859 5358 1905 
5605 3863 5366 1907 
5611 3867 5369 1908 
5614 3868 5373 1910 
5616 3871 5376 1913 
5620 3874 5380 1914 
5623 3876 5385 1915 
5626 3879 5390 1916 
5631 3883 5396 1918 
5636 3886 5398 1922 
5643 3891 5401 1923 
5645 3893 5407 1923 
5649 3896 5415 1924 
5657 3900 5426 1927 
5665 3902 5435 1930 
5670 3907 5439 1933 
5677 3909 5445 1935 
5685 3918 5453 1936 
5690 3922 5458 1939 
5691 3929 5461 1943 
5694 3933 5465 1947 
5699 3937 5470 1948 
5706 3944 5473 1951 
5709 3948 5479 1954 
5711 3956 5483 1956 
5718 3960 5487 1959 
5724 3964 5493 1960 
5731 3967 5499 1961 
5738 3969 5508 1964 
5747 3974 5513 1964 
5755 3975 5518 1966 
5766 3978 5521 1968 
5770 3984 5522 1968 
5779 3987 5525 1969 
5784 3992 5531 1970 
5793 3995 5535 1972 
5795 4002 5538 1973 
5802 4011 5547 1974 
5808 4013 5558 1974 
5814 4020 5564 1977 
5819 4025 5569 1980 
5821 4026 5578 1981 
5825 4028 5580 1983 
5834 4030 5584 1986 
5839 4033 5591 1990 
5843 4036 5593 1992 
5846 4040 5599 1993 
5855 4044 5603 1994 
5860 4051 5606 1995 
5862 4058 5613 1998 
5868 4067 5622 2001 
5871 4068 5624 2002 
5877 4072 5632 2004 
5883 4078 5640 2005 
5887 4082 5649 2007 
5893 4086 5654 2010 
5898 4089 5664 2012 
5905 4095 5669 2014 
5911 4099 5672 2015 
5916 4103 5677 2017 
5921 4109 5682 2021 
5926 4116 5688 2022 
5932 4120 5693 2023 
5941 4122 5702 2026 
5949 4124 5708 2030 
5953 4124 5709 2031 
5957 4125 5711 2033 
5961 4130 5720 2034 
5967 4136 5723 2036 
5970 4139 5729 2037 
5977 4140 5732 2039 
5981 4144 5736 2041 
5988 4147 5743 2042 
5993 4151 5748 2045 
5999 4158 5752 2045 
6002 4163 5756 2048 
6008 4167 5759 2050 
6009 4170 5765 2052 
6016 4172 5772 2054 
6023 4175 5777 2056 
6028 4178 5781 2059 
6035 4179 5785 2060 
6038 4185 5788 2064 
6040 4188 5794 2066 
6041 4192 5800 2066 
6044 4200 5810 2069 
6051 4204 5819 2071 
6056 4209 5823 2075 
6064 4210 5828 2078 
6066 4214 5834 2081 
6070 4215 5838 2081 
6073 4216 5841 2087 
6079 4219 5844 2087 
6084 4223 5850 2089 
6091 4229 5859 2089 
6096 4235 5863 2093 
6099 4240 5865 2093 
6105 4243 5871 2096 
6111 4246 5877 2096 
6117 4252 5880 2097 
6123 4259 5883 2097 
6129 4263 5888 2099 
6132 4270 5892 2101 
6137 4271 5900 2103 
6140 4276 5909 2109 
6148 4277 5916 2110 
6156 4281 5921 2113 
6160 4283 5928 2113 
6164 4289 5932 2114 
6167 4293 5938 2118 
6174 4294 5943 2120 
6183 4299 5945 2128 
6190 4303 5949 2129 
6197 4305 5950 2129 
6200 4309 5956 2130 
6201 4314 5960 2134 
6206 4320 5964 2136 
6217 4325 5970 2140 
6222 4327 5982 2141 
6224 4332 5986 2143 
6230 4337 5994 2144 
6239 4340 6003 2145 
6245 4346 6008 2148 
6252 4348 6019 2152 
6261 4351 6026 2154 
6265 4354 6031 2154 
6269 4363 6037 2155 
6272 4365 6042 2155 
6279 4370 6048 2157 
6287 4376 6054 2160 
6294 4379 6056 2161 
6299 4388 6063 2162 
6302 4393 6067 2163 
6307 4397 6071 2167 
6313 4402 6074 2170 
6317 4407 6081 2176 
6321 4410 6090 2177 
6328 4412 6091 2179 
6332 4413 6096 2183 
6335 4416 6102 2184 
6339 4423 6108 2184 
6342 4425 6115 2186 
6345 4432 6120 2188 
6350 4438 6125 2188 
6358 4444 6129 2191 
6370 4450 6134 2192 
6375 4450 6142 2193 
6383 4455 6143 2194 
6390 4456 6150 2197 
6397 4460 6155 2197 
6402 4462 6167 2200 
6408 4466 6174 2201 
6415 4471 6177 2203 
6425 4475 6186 2206 
6430 4480 6189 2208 
6436 4484 6193 2209 
6443 4490 6199 2213 
6445 4496 6203 2214 
6450 4499 6210 2215 
6459 4504 6213 2215 
6463 4508 6218 2217 
6468 4511 6221 2220 
6470 4524 6226 2221 
6474 4528 6234 2224 
6478 4530 6243 2227 
6484 4534 6246 2229 
6486 4542 6252 2233 
6489 4544 6254 2233 
6497 4550 6259 2233 
6501 4554 6262 2236 
6507 4559 6268 2240 
6512 4562 6272 2243 
6513 4571 6281 2244 
6524 4576 6286 2245 
6529 4577 6294 2247 
6532 4585 6299 2249 
6537 4587 6303 2255 
6541 4591 6311 2258 
6545 4595 6314 2262 
6551 4598 6317 2263 
6558 4601 6320 2266 
6568 4607 6325 2267 
6572 4612 6331 2267 
6575 4616 6335 2269 
6581 4620 6343 2274 
6583 4624 6351 2278 
6587 4628 6355 2280 
6594 4630 6359 2284 
6598 4633 6364 2285 
6600 4636 6370 2288 
6604 4640 6380 2290 
6611 4642 6387 2292 
6614 4646 6394 2294 
6620 4649 6399 2295 
6625 4652 6402 2298 
6626 4658 6409 2300 
6630 4661 6414 2300 
6633 4662 6418 2301 
6636 4668 6423 2303 
6640 4675 6426 2306 
6646 4680 6428 2308 
6654 4685 6435 2310 
6660 4690 6437 2313 
6671 4694 6442 2314 
6674 4697 6449 2314 
6677 4700 6455 2316 
6679 4704 6463 2318 
6685 4711 6469 2318 
6691 4713 6472 2322 
6696 4717 6476 2323 
6702 4719 6478 2324 
6705 4725 6481 2324 
6711 4730 6488 2329 
6712 4732 6496 2330 
6718 4735 6502 2332 
6721 4742 6507 2337 
6729 4745 6515 2339 
6735 4749 6517 2340 
6740 4751 6518 2341 
6745 4756 6520 2341 
6753 4764 6527 2344 
6758 4769 6533 2347 
6761 4771 6537 2350 
6766 4776 6541 2350 
6769 4779 6549 2350 
6774 4785 6553 2351 
6779 4790 6563 2352 
6784 4795 6572 2353 
6790 4800 6583 2356 
6795 4808 6585 2358 
6800 4813 6591 2358 
6802 4820 6595 2358 
6809 4824 6601 2358 
6814 4827 6605 2362 
6816 4834 6612 2363 
6820 4839 6621 2363 
6825 4841 6630 2363 
6831 4847 6639 2363 
6835 4852 6644 2364 
6835 4856 6649 2364 
6844 4860 6654 2367 
6849 4862 6659 2369 
6855 4866 6661 2372 
6857 4870 6668 2372 
6864 4875 6674 2373 
6867 4875 6678 2374 
6876 4882 6683 2376 
6881 4891 6684 2378 
6882 4892 6695 2379 
6889 4897 6702 2381 
6894 4901 6705 2383 
6898 4905 6709 2385 
6904 4907 6714 2386 
6912 4912 6720 2388 
6917 4917 6724 2389 
6919 4922 6730 2391 
6928 4923 6734 2392 
6938 4925 6742 2396 
6941 4930 6747 2397 
6943 4940 6752 2399 
6948 4943 6755 2399 
6953 4944 6758 2402 
6956 4945 6763 2404 
6961 4948 6768 2407 
6965 4953 6777 2407 
6970 4957 6788 2408 
6977 4963 6795 2410 
6985 4968 6802 2411 
6994 4971 6806 2413 
6998 4975 6811 2413 
7001 4984 6815 2415 
7005 4986 6821 2415 
7008 4990 6826 2415 
7014 4990 6829 2415 
7019 4996 6835 2416 
7025 5002 6840 2418 
7028 5006 6842 2418 
7030 5012 6846 2421 
7033 5015 6853 2424 
7038 5020 6858 2427 
7041 5030 6863 2429 
7048 5033 6869 2430 
7058 5036 6874 2431 
7062 5041 6879 2432 
7070 5046 6885 2434 
7073 5051 6891 2439 
7077 5051 6894 2441 
7084 5056 6902 2441 
7091 5059 6904 2444 
7097 5064 6906 2447 
7103 5068 6911 2449 
7109 5071 6918 2449 
7111 5075 6925 2450 
7117 5080 6926 2451 
7125 5086 6934 2454 
7128 5089 6940 2455 
7131 5093 6949 2458 
7135 5097 6954 2459 
7140 5098 6957 2460 
7144 5101 6960 2462 
7147 5105 6965 2463 
7153 5112 6968 2466 
7155 5118 6972 2468 
7158 5124 6979 2471 
7161 5129 6984 2474 
7164 5134 6986 2477 
7170 5137 6990 2479 
7175 5141 6996 2480 
7183 5144 7001 2481 
7185 5148 7002 2483 
7193 5151 7007 2487 
7196 5152 7014 2492 
7202 5153 7019 2497 
7204 5156 7022 2498 
7206 5164 7031 2500 
7213 5171 7033 2503 
7220 5172 7043 2505 
7227 5177 7046 2508 
7233 5182 7054 2509 
7237 5185 7061 2512 
7242 5192 7065 2513 
7250 5193 7072 2515 
7254 5196 7078 2516 
7259 5198 7081 2518 
7264 5198 7087 2520 
7267 5203 7090 2524 
7271 5206 7097 2527 
7277 5208 7104 2527 
7283 5214 7115 2529 
7290 5222 7121 2532 
7294 5228 7126 2535 
7299 5229 7132 2535 
7303 5231 7139 2538 
7311 5235 7139 2542 
7312 5240 7146 2543 
7321 5247 7152 2543 
7325 5254 7158 2544 
7330 5256 7161 2545 
7341 5262 7168 2547 
7343 5265 7174 2550 
7354 5268 7177 2552 
7359 5270 7183 2552 
7363 5273 7186 2552 
7366 5276 7197 2553 
7371 5277 7202 2556 
7376 5284 7209 2559 
7379 5288 7213 2560 
7382 5294 7217 2563 
7388 5299 7221 2568 
7394 5308 7226 2571 
7404 5320 7229 2574 
7411 5324 7238 2576 
7412 5328 7244 2577 
7417 5334 7250 2577 
7418 5339 7253 2578 
7424 5342 7260 2581 
7431 5346 7268 2581 
7437 5351 7274 2582 
7440 5354 7277 2582 
7449 5357 7280 2582 
7453 5365 7283 2587 
7454 5370 7286 2591 
7459 5372 7289 2591 
7462 5373 7296 2593 
7471 5376 7302 2596 
7478 5378 7307 2597 
7480 5381 7315 2600 
7484 5383 7322 2600 
7488 5388 7330 2606 
7491 5394 7337 2608 
7493 5401 7346 2610 
7498 5404 7352 2610 
7503 5409 7358 2611 
7508 5413 7364 2616 
7517 5417 7368 2617 
7521 5423 7374 2618 
7526 5426 7376 2620 
7533 5432 7384 2622 
7540 5438 7388 2624 
7545 5440 7392 2625 
7554 5442 7397 2627 
7556 5446 7403 2630 
7560 5454 7409 2630 
7565 5461 7418 2633 
7572 5467 7421 2636 
7576 5470 7427 2636 
7581 5473 7433 2638 
7583 5478 7440 2639 
7585 5480 7453 2642 
7589 5485 7459 2643 
7594 5488 7463 2644 
7600 5493 7469 2649 
7605 5498 7473 2650 
7606 5502 7476 2653 
7612 5509 7483 2657 
7618 5513 7485 2659 
7622 5516 7490 2662 
7629 5519 7493 2662 
7634 5520 7499 2663 
7638 5521 7503 2671 
7646 5526 7508 2673 
7653 5532 7513 2677 
7659 5534 7519 2681 
7663 5535 7527 2683 
7666 5538 7532 2686 
7670 5542 7540 2686 
7674 5547 7551 2687 
7681 5553 7557 2694 
7686 5557 7561 2694 
7697 5563 7565 2694 
7700 5564 7571 2698 
7701 5567 7582 2701 
7705 5572 7590 2702 
7708 5578 7596 2704 
7710 5582 7606 2708 
7721 5587 7608 2709 
7726 5591 7614 2711 
7736 5597 7617 2714 
7744 5606 7623 2715 
7751 5610 7630 2716 
7753 5612 7639 2717 
7757 5615 7646 2719 
7764 5619 7652 2722 
7771 5621 7660 2724 
7775 5627 7663 2724 
7780 5630 7666 2728 
7787 5634 7667 2728 
7794 5637 7674 2733 
7801 5641 7681 2734 
7805 5645 7686 2734 
7807 5646 7697 2735 
7809 5651 7700 2740 
7812 5654 7705 2743 
7815 5661 7706 2745 
7822 5666 7710 2747 
7823 5670 7718 2748 
7826 5674 7719 2751 
7834 5676 7724 2753 
7843 5681 7730 2756 
7847 5689 7734 2758 
7853 5694 7738 2759 
7859 5697 7745 2759 
7864 5702 7751 2760 
7868 5707 7755 2763 
7873 5709 7761 2769 
7881 5714 7763 2769 
7884 5723 7765 2771 
7886 5727 7772 2773 
7891 5731 7780 2774 
7899 5733 7786 2775 
7904 5735 7795 2777 
7914 5738 7807 2777 
7924 5745 7812 2781 
7926 5747 7818 2782 
7932 5751 7826 2785 
7937 5754 7831 2785 
7939 5756 7838 2785 
7943 5762 7845 2787 
7948 5769 7854 2790 
7954 5777 7862 2790 
7955 5781 7863 2792 
7963 5784 7867 2793 
7972 5791 7871 2796 
7978 5794 7883 2796 
7981 5798 7889 2799 
7985 5802 7891 2801 
7990 5806 7895 2802 
7995 5809 7900 2806 
8001 5814 7905 2808 
8005 5821 7912 2810 
8006 5822 7916 2813 
8010 5826 7921 2814 
8014 5834 7929 2814 
8019 5837 7933 2814 
8028 5841 7940 2815 
8032 5842 7945 2817 
8038 5847 7950 2819 
8047 5851 7956 2823 
8053 5853 7962 2825 
8059 5858 7971 2828 
8065 5865 7976 2829 
8068 5867 7978 2832 
8074 5871 7987 2833 
8083 5876 7992 2835 
8084 5881 7995 2838 
8089 5885 8002 2839 
8094 5888 8008 2840 
8097 5891 8010 2842 
8104 5895 8019 2842 
8107 5898 8024 2844 
8112 5902 8030 2846 
8120 5903 8037 2850 
8127 5906 8039 2852 
8132 5910 8042 2853 
8133 5914 8052 2854 
8138 5922 8056 2856 
8143 5926 8063 2858 
8147 5932 8072 2858 
8156 5936 8078 2863 
8160 5946 8083 2864 
8161 5948 8089 2868 
8164 5953 8096 2869 
8170 5959 8100 2871 
8175 5964 8104 2871 
8182 5970 8109 2873 
8187 5976 8112 2876 
8194 5982 8117 2878 
8200 5986 8120 2881 
8205 5988 8125 2884 
8211 5992 8129 2886 
8217 5998 8134 2887 
8224 6003 8141 2890 
8228 6007 8150 2891 
8233 6011 8152 2894 
8241 6014 8154 2895 
8247 6021 8159 2900 
8251 6022 8164 2904 
8257 6023 8172 2908 
8259 6034 8182 2909 
8261 6037 8190 2909 
8264 6042 8193 2912 
8271 6047 8199 2914 
8277 6049 8202 2919 
8282 6051 8205 2922 
8287 6052 8207 2926 
8291 6057 8209 2930 
8297 6060 8213 2931 
8301 6064 8217 2932 
8307 6065 8219 2935 
8313 6067 8226 2936 
8316 6072 8234 2938 
8320 6077 8244 2941 
8324 6083 8253 2942 
8333 6085 8260 2947 
8340 6090 8270 2950 
8345 6093 8277 2950 
8350 6096 8286 2952 
8355 6104 8291 2952 
8362 6106 8294 2953 
8365 6111 8301 2955 
8371 6115 8308 2957 
8378 6117 8310 2957 
8388 6120 8313 2958 
8395 6127 8319 2961 
8397 6133 8323 2963 
8402 6138 8330 2967 
8407 6143 8334 2969 
8411 6151 8338 2972 
8419 6157 8345 2973 
8421 6162 8351 2975 
8427 6165 8356 2976 
8430 6169 8359 2980 
8437 6173 8365 2980 
8442 6177 8366 2981 
8447 6182 8371 2981 
8454 6185 8376 2982 
8458 6189 8384 2983 
8461 6194 8388 2984 
8464 6198 8390 2986 
8468 6204 8391 2986 
8475 6210 8399 2986 
8478 6214 8402 2987 
8487 6217 8407 2990 
8488 6225 8416 2991 
8496 6229 8421 2993 
8508 6232 8426 2995 
8514 6235 8437 2995 
8521 6239 8444 2996 
8524 6243 8449 2998 
8528 6245 8458 2999 
8531 6255 8462 3001 
8536 6259 8463 3001 
8537 6261 8467 3002 
8546 6265 8470 3003 
8551 6270 8474 3004 
8553 6273 8483 3005 
8559 6277 8491 3008 
8566 6280 8495 3013 
8567 6286 8499 3015 
8573 6291 8505 3015 
8578 6297 8506 3016 
8581 6308 8510 3019 
8587 6316 8516 3023 
8593 6320 8525 3024 
8598 6323 8530 3026 
8601 6329 8537 3028 
8609 6334 8543 3029 
8615 6339 8544 3030 
8625 6342 8552 3032 
8630 6344 8560 3035 
8637 6350 8569 3035 
8644 6354 8576 3037 
8649 6356 8583 3038 
8662 6359 8591 3040 
8670 6363 8597 3043 
8678 6368 8603 3044 
8684 6371 8608 3044 
8685 6374 8614 3048 
8694 6374 8623 3049 
8700 6378 8630 3052 
8705 6384 8636 3054 
8710 6387 8646 3055 
8717 6392 8653 3057 
8726 6395 8655 3059 
8730 6401 8661 3063 
8737 6407 8666 3064 
8740 6413 8673 3066 
8744 6420 8678 3067 
8753 6424 8683 3068 
8758 6432 8690 3070 
8764 6436 8695 3072 
8768 6442 8701 3074 
8774 6445 8705 3076 
8777 6446 8711 3077 
8781 6451 8718 3078 
8783 6458 8721 3083 
8789 6466 8729 3084 
8794 6468 8737 3085 
8799 6471 8749 3088 
8805 6477 8752 3088 
8806 6480 8757 3091 
8809 6483 8764 3091 
8812 6489 8768 3091 
8819 6491 8770 3094 
8823 6495 8775 3096 
8829 6497 8777 3097 
8834 6499 8781 3099 
8837 6504 8787 3100 
8841 6507 8797 3100 
8848 6512 8806 3100 
8851 6520 8809 3105 
8852 6526 8812 3107 
8856 6533 8820 3107 
8866 6538 8825 3109 
8870 6542 8831 3111 
8876 6547 8839 3114 
8881 6551 8845 3115 
8890 6554 8852 3121 
8895 6557 8859 3121 
8898 6561 8865 3123 
8905 6563 8877 3131 
8907 6570 8884 3132 
8912 6575 8892 3134 
8914 6578 8900 3136 
8916 6581 8904 3137 
8922 6583 8905 3139 
8928 6590 8908 3141 
8935 6594 8913 3145 
8937 6595 8920 3148 
8942 6600 8922 3148 
8945 6603 8927 3153 
8951 6609 8941 3154 
8956 6614 8943 3155 
8963 6618 8948 3157 
8969 6620 8956 3160 
8973 6623 8960 3161 
8986 6624 8964 3168 
8989 6627 8970 3168 
8991 6629 8973 3168 
8995 6631 8979 3168 
9004 6634 8985 3169 
9012 6640 8991 3170 
9019 6645 8999 3171 
9029 6647 9003 3173 
9031 6649 9008 3173 
9035 6654 9016 3174 
9042 6662 9025 3176 
9044 6669 9030 3177 
9051 6673 9040 3178 
9055 6677 9049 3179 
9061 6681 9056 3181 
9064 6684 9063 3182 
9069 6689 9068 3184 
9075 6692 9077 3186 
9083 6699 9083 3189 
9091 6702 9086 3192 
9096 6706 9088 3196 
9104 6710 9097 3199 
9112 6716 9102 3201 
9120 6718 9110 3203 
9124 6725 9115 3204 
9128 6729 9120 3206 
9134 6737 9126 3207 
9135 6739 9138 3208 
9140 6740 9143 3209 
9146 6745 9150 3212 
9149 6747 9155 3216 
9152 6751 9160 3220 
9155 6755 9164 3221 
9156 6758 9170 3226 
9162 6761 9176 3229 
9165 6764 9180 3231 
9171 6768 9187 3233 
9182 6771 9192 3233 
9183 6776 9199 3233 
9187 6779 9200 3234 
9191 6784 9204 3238 
9202 6786 9212 3238 
9211 6786 9216 3239 
9214 6787 9219 3241 
9216 6791 9226 3241 
9221 6795 9231 3244 
9222 6801 9236 3247 
9227 6807 9244 3252 
9232 6810 9251 3254 
9238 6814 9263 3257 
9240 6818 9271 3257 
9248 6824 9280 3258 
9256 6827 9287 3262 
9262 6833 9292 3264 
9269 6836 9296 3266 
9273 6839 9302 3270 
9275 6845 9306 3273 
9279 6847 9313 3275 
9284 6849 9315 3276 
9289 6851 9324 3278 
9291 6854 9331 3281 
9304 6855 9336 3285 
9306 6859 9340 3289 
9309 6866 9345 3292 
9316 6872 9352 3294 
9325 6873 9353 3298 
9330 6879 9359 3301 
9336 6883 9362 3302 
9341 6886 9370 3304 
9343 6889 9375 3306 
9346 6898 9387 3311 
9349 6908 9394 3311 
9354 6913 9399 3313 
9362 6915 9401 3314 
9365 6916 9407 3316 
9374 6920 9413 3316 
9379 6928 9418 3318 
9385 6930 9422 3319 
9391 6936 9432 3321 
9396 6941 9441 3322 
9403 6945 9443 3322 
9411 6948 9448 3323 
9417 6956 9449 3324 
9419 6960 9458 3326 
9425 6963 9465 3328 
9428 6972 9470 3331 
9435 6973 9478 3331 
9443 6976 9488 3333 
9445 6982 9498 3336 
9449 6988 9502 3338 
9454 6995 9506 3339 
9462 6997 9512 3343 
9467 7003 9519 3346 
9471 7010 9525 3348 
9474 7015 9534 3350 
9481 7020 9540 3353 
9489 7027 9548 3353 
9497 7031 9552 3355 
9502 7037 9556 3357 
9506 7042 9560 3361 
9512 7044 9565 3362 
9520 7045 9568 3366 
9526 7050 9576 3368 
9534 7056 9581 3370 
9540 7061 9590 3372 
9543 7068 9595 3373 
9553 7074 9600 3374 
9554 7076 9608 3375 
9561 7079 9615 3376 
9567 7084 9623 3378 
9570 7091 9631 3382 
9582 7093 9632 3383 
9588 7097 9641 3383 
9590 7100 9646 3386 
9598 7102 9655 3388 
9603 7103 9664 3389 
9608 7105 9670 3391 
9614 7109 9672 3393 
9617 7115 9678 3395 
9626 7120 9688 3395 
9634 7125 9692 3396 
9641 7128 9700 3402 
9646 7134 9703 3403 
9651 7138 9707 3405 
9658 7140 9715 3407 
9664 7144 9722 3409 
9671 7148 9732 3410 
9679 7151 9737 3413 
9681 7153 9741 3415 
9691 7160 9749 3417 
9695 7165 9755 3419 
9701 7174 9755 3421 
9705 7176 9759 3425 
9710 7181 9762 3426 
9714 7187 9769 3427 
9721 7187 9771 3430 
9724 7190 9772 3431 
9728 7192 9776 3432 
9734 7194 9784 3433 
9738 7199 9789 3434 
9750 7205 9796 3438 
9757 7210 9802 3438 
9763 7218 9806 3440 
9769 7225 9810 3440 
9777 7229 9815 3442 
9779 7235 9820 3444 
9781 7239 9826 3447 
9783 7244 9829 3451 
9789 7246 9837 3451 
9794 7249 9843 3453 
9801 7256 9849 3456 
9805 7259 9854 3456 
9815 7264 9864 3461 
9824 7270 9874 3462 
9828 7275 9880 3463 
9831 7277 9885 3468 
9837 7282 9891 3475 
9841 7283 9899 3479 
9849 7287 9904 3480 
9854 7292 9906 3481 
9858 7295 9911 3481 
9865 7296 9922 3482 
9871 7300 9923 3486 
9878 7305 9924 3486 
9883 7315 9931 3492 
9885 7320 9933 3492 
9895 7326 9936 3493 
9903 7330 9942 3497 
9909 7333 9947 3498 
9915 7340 9951 3500 
9923 7343 9954 3503 
9925 7349 9963 3505 
9934 7354 9970 3506 
9939 7359 9974 3508 
9944 7363 9978 3511 
9952 7366 9990 3513 
9956 7372 9994 3515 
9960 7376 10000 3517 
9965 7379 10005 3517 
9969 7384 10014 3519 
9975 7386 10019 3521 
9978 7389 10027 3524 
9983 7394 10035 3526 
9988 7398 10038 3526 
9994 7401 10048 3528 
10001 7410 10052 3532 
10008 7420 10057 3534 
10013 7423 10063 3536 
10019 7427 10070 3538 
10023 7430 10077 3541 
10028 7438 10082 3542 
10035 7444 10089 3546 
10041 7446 10090 3547 
10049 7450 10091 3548 
10053 7455 10096 3550 
10059 7457 10105 3552 
10068 7459 10108 3554 
10071 7465 10119 3555 
10075 7472 10128 3556 
10081 7477 10136 3558 
10086 7481 10138 3560 
10092 7484 10140 3562 
10102 7489 10152 3565 
10107 7492 10161 3566 
10115 7495 10167 3567 
10120 7502 10172 3567 
10124 7505 10176 3569 
10128 7510 10181 3572 
10136 7513 10187 3572 
10140 7516 10193 3572 
10144 7518 10201 3572 
10152 7527 10203 3574 
10155 7533 10207 3576 
10167 7537 10211 3578 
10174 7539 10216 3578 
10179 7542 10222 3581 
10185 7544 10227 3583 
10192 7549 10232 3583 
10199 7556 10237 3584 
10209 7560 10238 3585 
10213 7563 10239 3587 
10216 7568 10244 3588 
10221 7575 10247 3589 
10226 7576 10250 3590 
10236 7582 10253 3590 
10240 7586 10255 3592 
10247 7593 10260 3593 
10257 7599 10264 3594 
10261 7604 10272 3594 
10268 7610 10280 3595 
10278 7615 10287 3598 
10283 7618 10293 3599 
10288 7620 10300 3600 
10294 7623 10308 3602 
10296 7627 10311 3605 
10300 7631 10315 3606 
10305 7634 10321 3607 
10308 7637 10326 3611 
10313 7645 10328 3614 
10319 7646 10333 3615 
10326 7649 10338 3618 
10327 7655 10344 3619 
10332 7660 10352 3621 
10335 7664 10359 3626 
10341 7668 10365 3627 
10348 7673 10372 3628 
10353 7677 10375 3631 
10358 7682 10384 3635 
10360 7685 10390 3637 
10368 7689 10394 3637 
10371 7693 10398 3641 
10374 7698 10401 3643 
10377 7705 10410 3645 
10381 7708 10416 3647 
10384 7716 10420 3650 
10389 7721 10426 3653 
10397 7726 10429 3657 
10399 7731 10435 3661 
10403 7733 10441 3663 
10408 7735 10446 3665 
10411 7739 10454 3669 
10417 7743 10461 3673 
10422 7745 10464 3673 
10426 7750 10473 3677 
10433 7755 10481 3679 
10433 7759 10483 3680 
10441 7761 10488 3682 
10446 7766 10494 3685 
10449 7768 10499 3687 
10456 7770 10504 3692 
10459 7775 10509 3695 
10465 7781 10514 3696 
10470 7785 10518 3697 
10474 7791 10522 3700 
10476 7795 10531 3700 
10481 7800 10535 3701 
10488 7805 10541 3702 
10496 7810 10545 3705 
10498 7814 10550 3706 
10500 7820 10554 3710 
10504 7826 10557 3712 
10508 7830 10563 3713 
10513 7836 10565 3715 
10517 7839 10572 3717 
10522 7844 10588 3721 
10528 7848 10593 3722 
10531 7854 10600 3724 
10533 7859 10605 3725 
10540 7863 10610 3728 
10546 7871 10614 3733 
10552 7877 10618 3735 
10553 7886 10621 3736 
10558 7893 10627 3737 
10561 7901 10636 3739 
10566 7905 10638 3741 
10572 7910 10648 3743 
10576 7915 10655 3745 
10581 7921 10660 3748 
10586 7929 10670 3749 
10591 7937 10676 3749 
10595 7940 10682 3750 
10599 7943 10686 3750 
10605 7947 10691 3751 
10610 7950 10699 3754 
10620 7953 10705 3755 
10626 7957 10714 3756 
10630 7960 10720 3762 
10635 7963 10724 3763 
10640 7969 10728 3764 
10646 7972 10730 3767 
10651 7975 10737 3771 
10658 7983 10743 3773 
10666 7986 10747 3777 
10670 7992 10754 3778 
10676 7999 10759 3780 
10681 8004 10764 3782 
10687 8005 10771 3784 
10695 8010 10774 3785 
10697 8015 10783 3786 
10698 8019 10786 3786 
10708 8024 10788 3789 
10714 8027 10793 3789 
10718 8031 10802 3789 
10724 8037 10808 3791 
10729 8039 10819 3793 
10737 8045 10822 3795 
10741 8048 10829 3795 
10747 8055 10834 3798 
10753 8058 10840 3801 
10757 8059 10845 3804 
10765 8065 10848 3805 
10769 8068 10855 3810 
10772 8079 10859 3813 
10780 8085 10864 3813 
10785 8090 10869 3817 
10791 8093 10872 3820 
10799 8099 10880 3823 
10803 8103 10883 3825 
10811 8109 10886 3826 
10816 8113 10896 3829 
10823 8122 10904 3830 
10829 8127 10908 3830 
10834 8132 10911 3834 
10837 8137 10918 3837 
10838 8140 10925 3837 
10843 8142 10930 3837 
10849 8149 10941 3839 
10854 8153 10948 3841 
10857 8157 10956 3843 
10862 8157 10962 3845 
10867 8162 10970 3847 
10874 8167 10977 3849 
10881 8172 10982 3849 
10890 8175 10991 3851 
10894 8182 11002 3852 
10901 8187 11005 3852 
10907 8193 11008 3856 
10911 8198 11014 3856 
10915 8202 11018 3858 
10921 8204 11022 3860 
10925 8212 11026 3861 
10928 8217 11029 3862 
10932 8218 11032 3864 
10937 8224 11036 3866 
10941 8226 11038 3868 
10944 8231 11043 3873 
10952 8237 11049 3876 
10954 8245 11052 3878 
10957 8246 11057 3880 
10964 8251 11058 3881 
10969 8256 11065 3882 
10972 8259 11069 3886 
10980 8266 11073 3889 
10982 8270 11081 3892 
10985 8279 11084 3893 
10988 8283 11090 3894 
10994 8288 11096 3895 
11000 8290 11103 3899 
11004 8294 11110 3904 
11011 8299 11118 3907 
11017 8306 11128 3910 
11022 8310 11132 3912 
11025 8314 11134 3913 
11029 8317 11138 3915 
11036 8320 11141 3918 
11039 8323 11146 3919 
11048 8327 11148 3920 
11053 8329 11151 3920 
11060 8331 11159 3920 
11069 8335 11166 3920 
11074 8341 11169 3921 
11080 8344 11176 3923 
11083 8346 11179 3924 
11092 8352 11184 3927 
11100 8356 11192 3927 
11110 8361 11197 3928 
11115 8364 11205 3930 
11121 8368 11212 3931 
11125 8372 11218 3933 
11128 8376 11222 3934 
11137 8381 11231 3936 
11140 8382 11237 3939 
11149 8390 11242 3943 
11151 8393 11246 3947 
11155 8397 11250 3949 
11159 8404 11256 3951 
11168 8408 11264 3952 
11174 8413 11270 3953 
11180 8418 11276 3956 
11183 8420 11286 3956 
11185 8422 11288 3956 
11192 8427 11294 3957 
11197 8429 11297 3958 
11202 8433 11302 3960 
11209 8440 11310 3961 
11214 8445 11316 3963 
11218 8452 11317 3964 
11224 8456 11322 3965 
11231 8460 11324 3966 
11236 8464 11331 3969 
11240 8468 11336 3969 
11243 8471 11345 3970 
11248 8474 11348 3971 
11252 8477 11355 3974 
11264 8484 11360 3977 
11267 8489 11373 3980 
11270 8491 11376 3984 
11275 8494 11381 3986 
11277 8496 11387 3989 
11281 8499 11394 3990 
11292 8502 11400 3991 
11297 8508 11403 3993 
11305 8511 11406 3996 
11312 8514 11410 3998 
11319 8517 11413 3998 
11325 8523 11417 3998 
11329 8529 11422 4000 
11337 8535 11424 4002 
11337 8539 11426 4002 
11346 8545 11434 4005 
11352 8551 11442 4005 
11357 8557 11451 4009 
11360 8559 11456 4011 
11371 8565 11462 4015 
11377 8569 11465 4015 
11383 8573 11472 4017 
11389 8578 11478 4020 
11398 8581 11485 4022 
11405 8584 11492 4023 
11411 8592 11498 4024 
11415 8597 11507 4028 
11416 8600 11512 4029 
11423 8603 11517 4031 
11428 8608 11528 4034 
11436 8609 11531 4034 
11442 8610 11536 4038 
11450 8614 11540 4041 
11461 8619 11551 4042 
11471 8624 11558 4045 
11475 8626 11562 4048 
11483 8633 11565 4051 
11484 8638 11575 4054 
11489 8643 11592 4056 
11494 8651 11598 4057 
11499 8655 11606 4058 
11507 8660 11612 4060 
11511 8664 11619 4061 
11517 8667 11624 4065 
11523 8671 11632 4071 
11525 8675 11638 4071 
11529 8676 11643 4073 
11536 8679 11647 4075 
11541 8684 11655 4079 
11546 8690 11657 4083 
11550 8690 11661 4086 
11556 8692 11668 4088 
11563 8696 11673 4091 
11576 8700 11684 4094 
11583 8703 11690 4096 
11594 8708 11694 4096 
11598 8713 11702 4097 
11602 8717 11706 4100 
11608 8718 11712 4106 
11612 8723 11716 4107 
11615 8725 11725 4110 
11617 8729 11730 4110 
11626 8735 11732 4113 
11630 8740 11741 4113 
11636 8747 11750 4115 
11640 8752 11756 4118 
11644 8754 11758 4119 
11656 8757 11762 4122 
11662 8762 11769 4127 
11670 8769 11773 4130 
11673 8773 11777 4131 
11678 8775 11782 4131 
11681 8779 11788 4134 
11688 8785 11793 4134 
11696 8792 11798 4135 
11702 8792 11805 4137 
11707 8796 11809 4140 
11713 8798 11815 4140 
11717 8801 11823 4141 
11725 8804 11833 4142 
11731 8805 11839 4147 
11734 8807 11845 4149 
11736 8811 11849 4152 
11739 8820 11860 4154 
11741 8823 11863 4154 
11744 8828 11869 4156 
11749 8831 11873 4157 
11759 8837 11878 4157 
11763 8840 11883 4158 
11769 8842 11888 4161 
11771 8848 11892 4162 
11774 8855 11898 4165 
11776 8857 11903 4168 
11778 8860 11909 4171 
11781 8865 11913 4175 
11786 8869 11920 4176 
11790 8874 11927 4177 
11800 8882 11930 4178 
11812 8884 11934 4184 
11820 8888 11944 4187 
11824 8891 11949 4188 
11832 8896 11955 4192 
11841 8905 11960 4195 
11845 8909 11966 4199 
11850 8910 11970 4202 
11857 8913 11975 4203 
11864 8916 11983 4207 
11869 8921 11988 4210 
11878 8928 11993 4213 
11883 8932 11998 4215 
11888 8940 12001 4217 
11892 8944 12007 4219 
11895 8950 12011 4224 
11902 8956 12021 4226 
11905 8963 12030 4227 
11909 8967 12034 4228 
11917 8968 12043 4231 
11920 8970 12048 4231 
11923 8973 12053 4232 
11928 8975 12064 4234 
11931 8981 12070 4237 
11940 8985 12078 4240 
11944 8989 12084 4242 
11949 8991 12092 4245 
11952 8999 12100 4245 
11961 9003 12105 4247 
11965 9008 12113 4249 
11970 9014 12118 4252 
11975 9016 12124 4255 
11981 9025 12132 4255 
11991 9032 12139 4259 
11995 9035 12143 4262 
12000 9040 12149 4264 
12004 9044 12157 4264 
12009 9054 12163 4265 
12016 9057 12173 4265 
12022 9061 12177 4267 
12029 9064 12186 4269 
12036 9066 12193 4270 
12040 9069 12205 4274 
12044 9073 12214 4278 
12049 9078 12217 4279 
12055 9080 12225 4280 
12060 9086 12230 4283 
12065 9090 12239 4289 
12071 9102 12246 4294 
12076 9107 12252 4297 
12079 9111 12259 4301 
12082 9116 12270 4307 
12088 9120 12275 4308 
12095 9123 12283 4311 
12101 9129 12285 4312 
12105 9134 12291 4315 
12109 9140 12298 4317 
12113 9145 12303 4319 
12116 9149 12310 4320 
12124 9153 12316 4321 
12131 9162 12321 4324 
12135 9172 12330 4327 
12142 9179 12333 4328 
12149 9188 12337 4330 
12155 9190 12344 4332 
12157 9195 12349 4334 
12161 9196 12352 4339 
12167 9200 12356 4341 
12173 9207 12364 4344 
12181 9208 12368 4346 
12185 9210 12374 4347 
12190 9212 12379 4349 
12197 9215 12381 4349 
12203 9220 12384 4349 
12208 9221 12391 4350 
12210 9227 12402 4352 
12216 9233 12410 4355 
12220 9236 12417 4358 
12224 9240 12425 4360 
12227 9245 12431 4360 
12233 9250 12436 4362 
12238 9255 12442 4364 
12241 9259 12447 4365 
12244 9264 12451 4367 
12250 9269 12452 4371 
12253 9272 12458 4373 
12259 9279 12467 4375 
12261 9284 12472 4376 
12268 9289 12477 4378 
12274 9294 12483 4383 
12277 9304 12491 4384 
12283 9307 12495 4388 
12290 9314 12498 4390 
12294 9316 12508 4393 
12297 9320 12515 4393 
12300 9325 12523 4395 
12305 9332 12529 4398 
12306 9339 12532 4398 
12313 9343 12537 4401 
12321 9346 12544 4403 
12326 9351 12551 4406 
12328 9360 12553 4409 
12330 9364 12561 4411 
12335 9366 12567 4415 
12340 9367 12575 4415 
12349 9371 12583 4418 
12353 9374 12589 4424 
12357 9378 12599 4424 
12361 9382 12603 4424 
12366 9388 12608 4426 
12369 9391 12616 4427 
12379 9395 12622 4431 
12387 9401 12628 4433 
12389 9409 12632 4437 
12398 9413 12635 4440 
12405 9418 12643 4442 
12412 9422 12649 4445 
12416 9423 12656 4448 
12418 9427 12667 4449 
12427 9430 12671 4453 
12430 9438 12678 4455 
12437 9441 12684 4456 
12438 9445 12689 4462 
12443 9446 12698 4464 
12449 9451 12705 4468 
12455 9456 12708 4470 
12460 9461 12716 4472 
12468 9468 12718 4476 
12474 9474 12723 4478 
12477 9479 12726 4482 
12486 9484 12733 4486 
12492 9492 12742 4487 
12498 9493 12746 4489 
12506 9497 12754 4490 
12510 9502 12757 4493 
12514 9506 12762 4493 
12520 9510 12769 4496 
12526 9517 12773 4497 
12534 9519 12780 4497 
12543 9525 12786 4499 
12547 9528 12792 4500 
12556 9533 12797 4503 
12564 9534 12802 4503 
12573 9540 12808 4503 
12577 9544 12812 4504 
12584 9548 12816 4507 
12584 9557 12821 4508 
12589 9564 12824 4509 
12593 9569 12828 4510 
12601 9575 12836 4512 
12611 9578 12842 4518 
12620 9584 12847 4519 
12625 9587 12852 4520 
12627 9591 12857 4524 
12629 9594 12860 4525 
12641 9599 12866 4526 
12646 9607 12870 4527 
12651 9610 12878 4532 
12657 9612 12885 4534 
12668 9616 12892 4540 
12670 9623 12896 4543 
12678 9623 12905 4543 
12683 9628 12910 4547 
12688 9633 12916 4548 
12693 9636 12921 4554 
12702 9638 12926 4555 
12705 9645 12932 4558 
12709 9652 12940 4560 
12715 9657 12942 4561 
12718 9660 12950 4563 
12721 9667 12952 4564 
12724 9671 12954 4567 
12729 9677 12963 4569 
12731 9682 12966 4569 
12735 9686 12971 4570 
12743 9690 12982 4572 
12747 9693 12990 4573 
12751 9699 12993 4575 
12762 9701 13000 4576 
12770 9706 13004 4576 
12780 9712 13010 4577 
12789 9717 13015 4578 
12799 9719 13020 4583 
12805 9722 13029 4585 
12810 9725 13031 4587 
12815 9727 13036 4589 
12823 9729 13041 4591 
12832 9737 13046 4595 
12837 9743 13051 4598 
12844 9748 13056 4599 
12849 9753 13059 4601 
12854 9754 13065 4604 
12857 9758 13068 4607 
12863 9765 13073 4608 
12866 9766 13077 4612 
12868 9772 13080 4615 
12873 9775 13086 4617 
12879 9780 13088 4623 
12887 9784 13093 4624 
12889 9791 13097 4625 
12894 9798 13098 4626 
12903 9804 13104 4627 
12907 9808 13111 4628 
12915 9812 13118 4628 
12922 9819 13128 4630 
12929 9822 13130 4631 
12932 9825 13138 4633 
12934 9829 13142 4634 
12936 9834 13145 4637 
12939 9838 13156 4643 
12945 9841 13161 4646 
12951 9846 13167 4648 
12954 9850 13172 4652 
12961 9853 13178 4652 
12967 9858 13185 4654 
12973 9864 13188 4656 
12978 9870 13199 4658 
12984 9882 13204 4660 
12990 9883 13210 4663 
12994 9886 13216 4666 
13004 9888 13223 4669 
13011 9894 13233 4671 
13014 9900 13235 4675 
13016 9908 13240 4676 
13023 9913 13245 4678 
13030 9918 13250 4680 
13036 9921 13256 4684 
13042 9924 13263 4686 
13044 9932 13270 4687 
13052 9935 13276 4688 
13054 9938 13285 4691 
13063 9942 13292 4692 
13069 9947 13298 4697 
13073 9951 13305 4704 
13078 9952 13309 4704 
13088 9953 13318 4706 
13093 9959 13325 4708 
13096 9966 13332 4709 
13102 9972 13337 4710 
13105 9974 13347 4713 
13113 9979 13352 4716 
13118 9982 13357 4718 
13123 9987 13364 4719 
13127 9991 13373 4720 
13132 9999 13377 4723 
13137 10008 13381 4727 
13144 10012 13388 4728 
13149 10016 13395 4732 
13156 10023 13404 4736 
13163 10026 13408 4737 
13170 10032 13409 4740 
13175 10033 13412 4742 
13182 10037 13419 4744 
13185 10042 13422 4747 
13187 10045 13429 4748 
13194 10051 13441 4748 
13200 10056 13445 4749 
13202 10057 13449 4750 
13210 10060 13450 4754 
13214 10062 13458 4755 
13218 10067 13466 4756 
13224 10074 13471 4757 
13228 10081 13476 4757 
13231 10087 13481 4760 
13240 10096 13487 4761 
13246 10097 13490 4761 
13252 10101 13498 4761 
13261 10106 13503 4762 
13270 10111 13509 4764 
13277 10115 13514 4767 
13283 10125 13518 4768 
13289 10130 13521 4773 
13294 10134 13524 4773 
13300 10137 13530 4776 
13306 10141 13536 4777 
13310 10142 13538 4778 
13314 10149 13544 4780 
13323 10156 13549 4781 
13333 10161 13554 4783 
13337 10164 13563 4785 
13345 10169 13569 4786 
13352 10173 13574 4790 
13354 10176 13575 4790 
13357 10181 13580 4793 
13363 10188 13591 4794 
13368 10197 13596 4795 
13376 10202 13601 4798 
13378 10205 13605 4799 
13382 10210 13607 4799 
13387 10212 13610 4800 
13393 10219 13622 4801 
13397 10223 13628 4801 
13399 10227 13632 4802 
13402 10236 13639 4805 
13409 10246 13645 4805 
13413 10254 13649 4805 
13420 10261 13650 4806 
13423 10266 13654 4806 
13430 10270 13656 4810 
13434 10275 13658 4810 
13442 10278 13666 4810 
13450 10283 13673 4814 
13455 10289 13679 4814 
13464 10297 13687 4815 
13470 10303 13692 4817 
13477 10310 13699 4820 
13479 10315 13703 4822 
13487 10319 13710 4822 
13497 10322 13715 4825 
13502 10327 13716 4831 
13509 10330 13727 4832 
13515 10333 13731 4833 
13517 10336 13736 4835 
13523 10344 13739 4836 
13526 10352 13746 4837 
13532 10356 13753 4837 
13542 10358 13760 4840 
13548 10363 13762 4843 
13554 10371 13770 4843 
13558 10375 13776 4844 
13561 10380 13783 4847 
13563 10383 13789 4849 
13567 10386 13799 4852 
13570 10388 13802 4853 
13575 10393 13809 4856 
13578 10399 13814 4856 
13586 10402 13820 4857 
13591 10407 13829 4859 
13594 10410 13839 4862 
13600 10415 13844 4864 
13604 10419 13858 4865 
13607 10424 13868 4866 
13611 10429 13873 4868 
13621 10433 13877 4869 
13627 10436 13887 4872 
13628 10439 13890 4874 
13634 10443 13893 4880 
13645 10447 13900 4882 
13655 10454 13908 4883 
13662 10459 13912 4885 
13666 10466 13919 4888 
13674 10470 13923 4891 
13680 10478 13927 4895 
13685 10479 13932 4898 
13694 10481 13939 4899 
13697 10488 13946 4900 
13703 10492 13948 4902 
13712 10496 13952 4906 
13715 10498 13955 4907 
13727 10503 13957 4908 
13731 10506 13970 4910 
13739 10510 13978 4912 
13745 10516 13984 4914 
13751 10520 13989 4917 
13761 10524 13996 4918 
13772 10528 14004 4918 
13780 10531 14009 4920 
13786 10536 14016 4923 
13794 10538 14022 4926 
13799 10544 14031 4926 
13804 10554 14036 4928 
13808 10556 14043 4929 
13816 10561 14047 4934 
13818 10563 14049 4934 
13824 10565 14052 4936 
13827 10572 14062 4938 
13835 10578 14071 4940 
13838 10584 14078 4944 
13841 10587 14081 4947 
13846 10592 14086 4949 
13847 10595 14092 4953 
13852 10600 14099 4954 
13854 10602 14103 4954 
13868 10607 14112 4957 
13876 10611 14116 4958 
13882 10617 14120 4960 
13887 10622 14124 4960 
13888 10630 14130 4962 
13895 10632 14134 4963 
13900 10637 14144 4964 
13904 10639 14147 4964 
13909 10642 14153 4968 
13918 10647 14157 4971 
13925 10655 14169 4975 
13928 10658 14178 4978 
13932 10661 14183 4980 
13936 10665 14194 4981 
13938 10671 14201 4983 
13947 10678 14211 4987 
13956 10681 14217 4992 
13957 10683 14224 4994 
13960 10692 14227 4994 
13967 10695 14233 4997 
13971 10703 14237 4999 
13974 10709 14243 5001 
13978 10716 14248 5004 
13985 10719 14256 5008 
13990 10722 14260 5012 
13998 10725 14269 5014 
14007 10733 14274 5019 
14014 10738 14281 5022 
14016 10742 14283 5026 
14022 10744 14289 5026 
14026 10748 14296 5027 
14034 10751 14302 5031 
14037 10757 14309 5031 
14043 10763 14317 5032 
14046 10769 14322 5035 
14050 10772 14322 5037 
14056 10778 14330 5040 
14060 10783 14336 5040 
14062 10785 14340 5042 
14067 10786 14342 5044 
14075 10792 14348 5044 
14083 10795 14354 5045 
14089 10801 14365 5046 
14092 10804 14370 5050 
14095 10810 14381 5051 
14105 10816 14385 5053 
14108 10820 14388 5058 
14117 10824 14394 5059 
14121 10834 14400 5060 
14126 10837 14405 5061 
14129 10845 14409 5063 
14135 10845 14415 5063 
14140 10849 14419 5064 
14144 10853 14426 5066 
14145 10857 14434 5066 
14149 10865 14438 5069 
14154 10870 14450 5074 
14158 10875 14460 5077 
14164 10879 14471 5079 
14166 10882 14479 5082 
14176 10889 14484 5085 
14179 10895 14489 5088 
14186 10900 14499 5088 
14191 10901 14503 5090 
14196 10905 14508 5092 
14202 10915 14514 5095 
14208 10921 14521 5099 
14218 10922 14528 5101 
14222 10923 14533 5103 
14228 10929 14539 5107 
14237 10933 14552 5112 
14244 10939 14562 5114 
14249 10944 14569 5115 
14253 10949 14576 5120 
14259 10951 14579 5121 
14268 10958 14587 5123 
14275 10962 14602 5125 
14280 10965 14610 5128 
14284 10969 14617 5132 
14287 10977 14622 5133 
14294 10983 14629 5137 
14298 10989 14635 5139 
14305 10993 14641 5142 
14312 10996 14644 5142 
14314 11003 14653 5143 
14320 11007 14660 5144 
14329 11013 14663 5144 
14335 11018 14673 5145 
14345 11020 14681 5145 
14352 11021 14688 5146 
14363 11027 14696 5151 
14366 11029 14707 5153 
14372 11035 14717 5157 
14381 11040 14724 5158 
14388 11045 14729 5162 
14395 11048 14731 5163 
14402 11050 14732 5166 
14405 11053 14736 5172 
14410 11056 14742 5173 
14417 11062 14747 5173 
14422 11065 14755 5176 
14430 11065 14758 5181 
14434 11069 14763 5183 
14443 11074 14765 5184 
14449 11082 14770 5187 
14452 11086 14774 5188 
14453 11093 14781 5188 
14454 11102 14789 5191 
14459 11113 14792 5193 
14473 11120 14795 5194 
14475 11123 14800 5198 
14482 11125 14811 5199 
14488 11131 14815 5202 
14495 11136 14820 5203 
14503 11139 14825 5204 
14515 11146 14834 5206 
14519 11149 14838 5208 
14523 11154 14843 5209 
14529 11161 14848 5214 
14532 11166 14852 5216 
14540 11168 14854 5217 
14551 11173 14858 5220 
14553 11178 14865 5220 
14558 11181 14871 5224 
14562 11185 14881 5225 
14571 11188 14888 5226 
14578 11194 14897 5227 
14581 11197 14903 5231 
14587 11203 14906 5232 
14596 11205 14912 5235 
14599 11208 14918 5238 
14605 11213 14920 5239 
14610 11216 14925 5244 
14614 11218 14938 5251 
14621 11223 14946 5253 
14625 11227 14951 5255 
14629 11236 14954 5259 
14633 11242 14963 5261 
14638 11244 14969 5263 
14643 11246 14973 5263 
14650 11251 14978 5264 
14656 11258 14984 5266 
14660 11260 14989 5269 
14663 11265 14995 5271 
14665 11270 15005 5272 
14668 11281 15012 5279 
14673 11288 15016 5280 
14676 11294 15018 5281 
14682 11297 15022 5283 
14695 11300 15026 5283 
14700 11302 15033 5284 
14704 11305 15037 5284 
14706 11308 15041 5285 
14709 11312 15048 5288 
14717 11314 15055 5290 
14722 11314 15062 5291 
14728 11316 15067 5295 
14734 11321 15077 5299 
14742 11326 15089 5301 
14748 11332 15096 5303 
14752 11336 15101 5304 
14756 11343 15106 5305 
14760 11349 15110 5306 
14763 11355 15117 5310 
14774 11359 15127 5314 
14782 11364 15138 5315 
14793 11366 15147 5317 
14795 11371 15153 5319 
14802 11374 15154 5320 
14805 11381 15160 5322 
14814 11385 15167 5325 
14818 11393 15173 5327 
14824 11399 15179 5328 
14828 11400 15190 5330 
14834 11406 15197 5332 
14841 11409 15200 5338 
14847 11413 15205 5340 
14857 11421 15209 5341 
14861 11429 15216 5346 
14866 11430 15224 5347 
14871 11437 15232 5347 
14873 11442 15239 5353 
14878 11447 15243 5354 
14882 11450 15250 5354 
14893 11456 15253 5355 
14899 11460 15262 5357 
14903 11469 15275 5358 
14909 11473 15279 5362 
14912 11476 15284 5363 
14918 11480 15287 5365 
14923 11485 15293 5369 
14930 11490 15298 5372 
14938 11494 15302 5374 
14943 11496 15309 5375 
14950 11500 15317 5379 
14957 11505 15319 5384 
14964 11508 15328 5386 
14970 11512 15340 5391 
14974 11519 15346 5394 
14977 11521 15349 5399 
14983 11525 15354 5400 
14987 11528 15360 5401 
14993 11533 15364 5406 
14999 11535 15373 5409 
15007 11539 15377 5411 
15015 11544 15382 5417 
15022 11545 15389 5422 
15027 11548 15393 5422 
15030 11552 15400 5424 
15034 11556 15411 5429 
15042 11563 15416 5431 
15047 11567 15427 5432 
15056 11571 15437 5433 
15062 11574 15442 5434 
15066 11579 15448 5436 
15071 11584 15455 5439 
15076 11587 15459 5440 
15079 11590 15466 5443 
15083 11593 15471 5445 
15086 11598 15478 5448 
15091 11605 15480 5451 
15096 11609 15482 5452 
15108 11616 15487 5456 
15113 11620 15493 5459 
15121 11628 15494 5461 
15125 11632 15499 5464 
15132 11636 15510 5466 
15135 11639 15516 5467 
15143 11644 15521 5468 
15144 11651 15529 5470 
15149 11653 15540 5471 
15154 11658 15548 5478 
15161 11660 15553 5479 
15165 11664 15558 5479 
15169 11668 15562 5482 
15172 11675 15567 5484 
15177 11677 15574 5488 
15183 11681 15580 5490 
15188 11683 15586 5491 
15192 11688 15591 5492 
15200 11697 15597 5500 
15208 11698 15602 5502 
15215 11698 15609 5503 
15219 11704 15614 5506 
15225 11706 15622 5508 
15230 11708 15627 5510 
15235 11713 15634 5510 
15241 11719 15642 5511 
15247 11722 15651 5514 
15250 11725 15654 5515 
15251 11730 15660 5517 
15257 11739 15665 5518 
15263 11745 15674 5519 
15266 11749 15680 5519 
15274 11753 15688 5525 
15277 11756 15697 5527 
15282 11763 15705 5529 
15292 11768 15709 5535 
15298 11773 15716 5537 
15305 11774 15722 5538 
15311 11776 15728 5541 
15313 11781 15738 5541 
15322 11784 15744 5546 
15329 11789 15749 5547 
15330 11794 15758 5552 
15339 11801 15769 5555 
15341 11804 15776 5558 
15347 11810 15779 5563 
15353 11813 15786 5568 
15360 11818 15789 5570 
15368 11824 15793 5572 
15375 11826 15803 5577 
15381 11831 15805 5578 
15383 11834 15813 5580 
15388 11836 15822 5585 
15398 11839 15830 5587 
15405 11846 15834 5589 
15410 11851 15840 5590 
15419 11855 15847 5592 
15424 11858 15855 5593 
15431 11860 15860 5597 
15442 11869 15869 5599 
15444 11873 15873 5604 
15453 11879 15877 5606 
15458 11885 15885 5611 
15464 11891 15891 5612 
15472 11896 15894 5614 
15478 11901 15899 5615 
15486 11908 15904 5620 
15490 11912 15909 5622 
15500 11914 15917 5623 
15506 11919 15925 5625 
15508 11924 15933 5625 
15514 11928 15942 5627 
15518 11935 15945 5628 
15526 11941 15957 5628 
15534 11943 15961 5632 
15539 11949 15966 5635 
15541 11953 15972 5639 
15546 11960 15978 5642 
15552 11961 15986 5644 
15558 11966 15991 5647 
15563 11972 15996 5649 
15569 11977 16002 5651 
15575 11990 16010 5655 
15582 11992 16019 5657 
15585 11997 16025 5659 
15590 12003 16035 5662 
15596 12009 16039 5663 
15603 12014 16046 5664 
15607 12019 16053 5669 
15614 12022 16061 5671 
15621 12027 16065 5674 
15627 12035 16071 5676 
15632 12042 16077 5677 
15635 12045 16081 5681 
15639 12054 16093 5681 
15649 12056 16103 5682 
15653 12059 16108 5683 
15657 12065 16113 5686 
15660 12068 16123 5688 
15666 12073 16128 5690 
15673 12075 16133 5691 
15678 12076 16143 5693 
15687 12084 16147 5697 
15695 12085 16152 5703 
15701 12089 16160 5706 
15710 12096 16166 5706 
15712 12100 16170 5709 
15719 12103 16176 5711 
15732 12105 16182 5717 
15736 12111 16185 5719 
15739 12116 16194 5719 
15744 12123 16197 5722 
15753 12131 16202 5725 
15757 12132 16207 5730 
15761 12139 16214 5731 
15765 12144 16218 5732 
15769 12147 16223 5739 
15778 12152 16226 5744 
15782 12159 16231 5745 
15788 12163 16235 5748 
15792 12170 16243 5752 
15795 12175 16249 5755 
15801 12182 16255 5757 
15808 12187 16263 5758 
15816 12191 16267 5762 
15822 12194 16274 5764 
15824 12203 16282 5769 
15830 12203 16297 5772 
15835 12207 16300 5773 
15841 12212 16303 5774 
15844 12217 16305 5777 
15849 12222 16309 5779 
15855 12224 16320 5782 
15859 12229 16323 5784 
15866 12237 16330 5788 
15869 12241 16342 5792 
15870 12248 16346 5794 
15874 12252 16352 5797 
15879 12258 16358 5799 
15882 12261 16363 5801 
15886 12263 16373 5802 
15893 12267 16375 5804 
15900 12276 16380 5805 
15907 12280 16389 5806 
15915 12285 16393 5811 
15919 12290 16398 5814 
15926 12295 16405 5815 
15928 12295 16410 5818 
15935 12299 16415 5822 
15941 12302 16420 5825 
15949 12306 16425 5826 
15953 12307 16435 5830 
15960 12311 16440 5832 
15969 12315 16443 5833 
15975 12320 16450 5834 
15982 12328 16459 5836 
15985 12336 16463 5838 
15991 12342 16470 5841 
15993 12346 16475 5843 
15998 12348 16479 5844 
16007 12350 16485 5846 
16014 12357 16491 5847 
16019 12364 16498 5849 
16025 12370 16507 5852 
16030 12374 16515 5855 
16034 12374 16523 5861 
16037 12376 16532 5866 
16041 12383 16537 5869 
16042 12388 16542 5870 
16048 12392 16548 5877 
16053 12398 16558 5879 
16056 12403 16566 5881 
16061 12404 16570 5882 
16065 12410 16576 5884 
16070 12416 16581 5885 
16074 12422 16584 5888 
16078 12428 16593 5894 
16085 12433 16602 5898 
16087 12438 16609 5902 
16092 12443 16616 5904 
16096 12449 16625 5906 
16101 12450 16631 5907 
16105 12457 16637 5908 
16112 12461 16645 5910 
16117 12465 16648 5913 
16125 12469 16655 5913 
16133 12477 16667 5914 
16136 12484 16675 5915 
16145 12491 16680 5921 
16151 12495 16684 5925 
16165 12500 16689 5928 
16172 12504 16695 5929 
16179 12505 16703 5930 
16189 12511 16710 5934 
16195 12518 16717 5935 
16199 12524 16724 5936 
16203 12527 16728 5938 
16206 12533 16733 5938 
16209 12536 16736 5938 
16213 12541 16745 5938 
16221 12550 16754 5939 
16230 12553 16757 5942 
16234 12560 16764 5947 
16243 12563 16772 5950 
16245 12568 16779 5951 
16252 12570 16785 5956 
16256 12575 16790 5957 
16265 12578 16796 5961 
16267 12581 16802 5966 
16272 12582 16808 5968 
16279 12588 16813 5968 
16285 12597 16817 5969 
16286 12599 16825 5971 
16290 12603 16833 5972 
16297 12610 16838 5975 
16304 12615 16843 5976 
16310 12619 16851 5976 
16316 12622 16855 5979 
16323 12625 16860 5980 
16329 12631 16866 5982 
16337 12634 16874 5984 
16344 12637 16880 5986 
16348 12641 16889 5988 
16351 12644 16893 5988 
16353 12647 16902 5994 
16363 12652 16911 5996 
16368 12658 16917 6000 
16373 12665 16923 6004 
16377 12666 16929 6005 
16385 12671 16936 6008 
16386 12675 16941 6008 
16392 12677 16947 6010 
16395 12678 16953 6011 
16401 12686 16964 6016 
16406 12691 16972 6019 
16418 12696 16979 6022 
16424 12699 16987 6024 
16432 12705 16991 6027 
16435 12709 16996 6029 
16438 12712 17005 6032 
16444 12713 17012 6035 
16449 12716 17017 6040 
16450 12721 17026 6041 
16456 12724 17031 6046 
16460 12729 17039 6047 
16461 12736 17048 6049 
16466 12739 17054 6051 
16470 12746 17058 6052 
16475 12748 17061 6054 
16480 12755 17064 6055 
16484 12757 17068 6060 
16490 12760 17070 6063 
16495 12764 17076 6065 
16502 12769 17084 6067 
16506 12774 17088 6067 
16514 12779 17092 6068 
16522 12786 17098 6069 
16532 12794 17102 6072 
16537 12805 17107 6076 
16543 12810 17113 6078 
16552 12811 17121 6082 
16557 12814 17126 6082 
16564 12822 17133 6087 
16568 12827 17140 6091 
16574 12831 17145 6095 
16577 12835 17149 6097 
16583 12841 17154 6098 
16588 12848 17159 6101 
16594 12853 17167 6101 
16598 12859 17175 6101 
16603 12863 17182 6103 
16610 12865 17189 6107 
16618 12872 17196 6109 
16625 12875 17200 6110 
16627 12878 17204 6114 
16632 12883 17212 6116 
16637 12889 17215 6117 
16641 12890 17221 6118 
16645 12896 17231 6121 
16651 12899 17239 6122 
16660 12902 17246 6124 
16668 12904 17249 6124 
16673 12906 17251 6127 
16681 12912 17255 6132 
16687 12913 17259 6135 
16692 12919 17266 6136 
16698 12923 17274 6137 
16706 12930 17285 6139 
16706 12934 17287 6139 
16708 12936 17290 6141 
16712 12940 17294 6146 
16717 12943 17298 6148 
16724 12949 17308 6150 
16731 12951 17316 6150 
16737 12954 17326 6153 
16748 12959 17332 6154 
16751 12966 17342 6155 
16754 12971 17349 6158 
16756 12976 17354 6159 
16759 12983 17361 6162 
16760 12990 17368 6162 
16765 12993 17369 6163 
16769 12998 17371 6166 
16774 13001 17378 6168 
16781 13003 17387 6170 
16788 13005 17393 6174 
16792 13014 17400 6175 
16800 13015 17404 6176 
16813 13023 17415 6179 
16814 13035 17425 6180 
16819 13042 17432 6185 
16825 13044 17439 6186 
16831 13049 17447 6189 
16837 13054 17453 6189 
16845 13057 17470 6191 
16852 13064 17475 6193 
16858 13069 17483 6193 
16864 13078 17489 6197 
16871 13080 17495 6200 
16874 13084 17501 6201 
16883 13089 17504 6202 
16892 13100 17512 6204 
16896 13102 17519 6205 
16902 13109 17525 6206 
16907 13115 17534 6209 
16916 13120 17539 6210 
16920 13124 17548 6211 
16923 13126 17553 6212 
16927 13128 17563 6215 
16934 13129 17568 6218 
16944 13134 17572 6220 
16949 13139 17575 6223 
16960 13143 17581 6225 
16964 13148 17585 6226 
16972 13153 17592 6228 
16976 13157 17599 6231 
16980 13159 17604 6234 
16983 13165 17607 6236 
16987 13171 17611 6238 
16989 13177 17614 6242 
16994 13179 17622 6243 
17000 13185 17630 6243 
17008 13191 17633 6243 
17013 13193 17635 6245 
17016 13198 17641 6247 
17020 13205 17654 6248 
17028 13209 17660 6248 
17033 13213 17664 6252 
17040 13215 17669 6253 
17045 13216 17675 6257 
17053 13221 17685 6257 
17058 13226 17692 6259 
17063 13229 17698 6260 
17067 13232 17700 6262 
17070 13236 17703 6262 
17074 13238 17712 6265 
17082 13246 17716 6270 
17087 13253 17728 6272 
17097 13259 17732 6275 
17099 13265 17741 6277 
17102 13272 17746 6280 
17107 13276 17752 6286 
17111 13283 17756 6290 
17117 13291 17758 6293 
17125 13295 17768 6296 
17129 13299 17776 6296 
17137 13300 17782 6298 
17143 13307 17787 6302 
17147 13312 17793 6305 
17149 13319 17795 6307 
17154 13324 17799 6309 
17162 13325 17802 6313 
17168 13331 17807 6315 
17173 13341 17813 6320 
17178 13345 17820 6322 
17182 13348 17830 6326 
17189 13352 17834 6329 
17195 13354 17839 6332 
17199 13356 17846 6334 
17205 13360 17856 6335 
17207 13365 17862 6336 
17212 13367 17869 6337 
17217 13371 17871 6338 
17222 13381 17878 6340 
17231 13385 17883 6345 
17238 13390 17889 6349 
17239 13397 17897 6352 
17243 13400 17905 6353 
17253 13407 17913 6355 
17256 13412 17920 6359 
17260 13416 17925 6363 
17264 13422 17929 6364 
17268 13426 17936 6369 
17271 13428 17941 6369 
17278 13434 17947 6371 
17284 13437 17954 6373 
17290 13442 17959 6375 
17296 13451 17966 6377 
17303 13454 17973 6381 
17307 13458 17983 6383 
17313 13464 17988 6384 
17317 13467 17994 6385 
17327 13472 17997 6387 
17335 13477 18000 6390 
17338 13482 18012 6393 
17342 13488 18022 6397 
17346 13491 18027 6400 
17353 13496 18034 6401 
17362 13499 18038 6403 
17368 13501 18045 6404 
17373 13504 18053 6404 
17379 13508 18058 6405 
17387 13508 18061 6406 
17393 13511 18070 6409 
17397 13515 18073 6410 
17401 13517 18082 6414 
17406 13525 18090 6416 
17414 13530 18093 6417 
17414 13533 18096 6419 
17423 13542 18102 6421 
17431 13545 18109 6423 
17432 13547 18113 6425 
17441 13552 18121 6427 
17449 13554 18127 6428 
17455 13557 18133 6429 
17459 13560 18144 6432 
17465 13562 18151 6435 
17468 13567 18155 6437 
17472 13572 18162 6438 
17478 13574 18171 6440 
17483 13578 18172 6442 
17486 13581 18173 6446 
17492 13586 18180 6447 
17497 13590 18183 6449 
17501 13594 18188 6450 
17506 13597 18190 6453 
17510 13597 18191 6456 
17515 13601 18200 6459 
17519 13604 18204 6462 
17528 13608 18208 6463 
17531 13612 18218 6463 
17537 13616 18225 6464 
17542 13624 18233 6464 
17553 13631 18242 6466 
17562 13636 18247 6467 
17570 13638 18255 6471 
17577 13644 18260 6472 
17580 13646 18264 6474 
17585 13654 18269 6477 
17594 13658 18276 6482 
17604 13665 18283 6487 
17607 13670 18285 6493 
17613 13672 18293 6494 
17617 13675 18299 6496 
17625 13676 18303 6496 
17635 13685 18310 6498 
17642 13690 18315 6503 
17646 13695 18319 6507 
17647 13701 18325 6510 
17657 13709 18336 6512 
17666 13713 18340 6513 
17668 13716 18346 6514 
17674 13724 18352 6515 
17680 13727 18356 6518 
17684 13731 18367 6520 
17690 13739 18375 6522 
17697 13746 18380 6525 
17704 13747 18386 6529 
17709 13751 18393 6532 
17714 13754 18401 6533 
17717 13758 18407 6534 
17721 13763 18412 6535 
17734 13769 18416 6536 
17742 13771 18420 6539 
17749 13774 18431 6540 
17754 13775 18435 6542 
17756 13779 18442 6544 
17761 13789 18455 6546 
17768 13796 18459 6549 
17777 13804 18465 6549 
17785 13810 18469 6551 
17787 13813 18477 6556 
17795 13818 18489 6558 
17801 13819 18496 6558 
17806 13823 18501 6559 
17810 13829 18508 6561 
17817 13835 18516 6563 
17824 13841 18520 6564 
17830 13847 18525 6567 
17835 13852 18530 6570 
17838 13855 18532 6572 
17842 13858 18541 6574 
17847 13862 18547 6575 
17851 13866 18553 6576 
17856 13872 18563 6578 
17860 13873 18572 6579 
17864 13879 18578 6583 
17870 13884 18583 6585 
17873 13889 18590 6588 
17877 13895 18599 6590 
17881 13904 18602 6593 
17885 13907 18612 6593 
17890 13913 18621 6595 
17899 13917 18627 6598 
17909 13921 18631 6604 
17909 13928 18637 6606 
17912 13934 18644 6608 
17919 13936 18649 6609 
17924 13940 18652 6612 
17932 13944 18658 6612 
17937 13952 18669 6615 
17941 13957 18673 6618 
17945 13961 18676 6620 
17951 13964 18680 6623 
17959 13968 18686 6626 
17962 13973 18695 6627 
17966 13982 18702 6628 
17974 13987 18710 6630 
17978 13993 18717 6630 
17984 13998 18722 6633 
17989 14002 18725 6636 
17995 14007 18728 6638 
18004 14015 18731 6639 
18007 14017 18735 6641 
18012 14020 18739 6643 
18024 14023 18745 6644 
18030 14025 18751 6646 
18038 14030 18755 6646 
18042 14038 18763 6647 
18046 14041 18775 6651 
18048 14046 18779 6652 
18053 14049 18782 6655 
18056 14054 18795 6655 
18058 14058 18801 6657 
18063 14060 18805 6659 
18066 14062 18806 6659 
18069 14067 18815 6659 
18073 14069 18821 6659 
18081 14071 18825 6660 
18086 14075 18829 6660 
18093 14083 18841 6662 
18102 14087 18847 6663 
18109 14093 18852 6666 
18117 14097 18859 6667 
18124 14102 18872 6668 
18128 14108 18880 6670 
18135 14115 18884 6673 
18139 14120 18891 6678 
18144 14122 18895 6681 
18150 14125 18902 6683 
18156 14129 18910 6687 
18160 14134 18917 6690 
18163 14140 18922 6692 
18169 14148 18932 6694 
18173 14152 18938 6698 
18183 14156 18945 6698 
18188 14160 18954 6700 
18193 14167 18959 6701 
18201 14172 18966 6703 
18206 14176 18969 6703 
18209 14178 18977 6704 
18217 14187 18982 6704 
18222 14193 18987 6707 
18227 14201 18994 6711 
18236 14202 18999 6714 
18243 14206 19005 6716 
18249 14209 19010 6716 
18254 14211 19017 6718 
18265 14214 19025 6723 
18272 14223 19034 6724 
18275 14229 19042 6725 
18280 14234 19050 6730 
18292 14238 19057 6731 
18295 14244 19066 6735 
18299 14246 19074 6736 
18303 14249 19074 6739 
18310 14250 19079 6743 
18319 14257 19087 6746 
18326 14266 19098 6749 
18332 14270 19103 6753 
18335 14278 19108 6755 
18339 14284 19116 6758 
18345 14289 19127 6759 
18352 14299 19133 6761 
18359 14304 19139 6762 
18362 14308 19149 6765 
18367 14312 19152 6767 
18375 14320 19155 6768 
18383 14324 19162 6769 
18394 14328 19170 6770 
18398 14330 19176 6774 
18398 14337 19181 6776 
18404 14343 19190 6777 
18409 14346 19196 6779 
18419 14356 19203 6780 
18428 14361 19207 6782 
18433 14365 19212 6783 
18442 14369 19221 6785 
18448 14374 19225 6787 
18454 14378 19227 6788 
18464 14385 19234 6788 
18468 14390 19239 6790 
18471 14391 19247 6793 
18482 14399 19255 6795 
18486 14402 19261 6798 
18491 14407 19266 6802 
18497 14407 19273 6805 
18504 14412 19279 6805 
18508 14414 19286 6807 
18514 14419 19293 6811 
18519 14423 19302 6812 
18523 14430 19310 6812 
18525 14434 19320 6815 
18535 14440 19326 6818 
18542 14443 19329 6820 
18547 14444 19332 6822 
18550 14453 19341 6822 
18554 14455 19349 6825 
18560 14458 19359 6831 
18563 14460 19364 6831 
18576 14464 19373 6831 
18579 14468 19384 6833 
18582 14471 19388 6838 
18586 14474 19391 6839 
18589 14481 19403 6843 
18598 14491 19409 6845 
18602 14496 19416 6848 
18605 14498 19429 6848 
18608 14501 19435 6849 
18616 14508 19447 6852 
18625 14512 19453 6856 
18627 14515 19459 6858 
18631 14522 19465 6862 
18637 14529 19471 6864 
18647 14534 19482 6868 
18657 14540 19490 6869 
18661 14545 19499 6871 
18666 14548 19508 6872 
18670 14555 19516 6873 
18674 14562 19523 6873 
18680 14563 19533 6876 
18686 14568 19536 6877 
18688 14569 19542 6879 
18693 14574 19545 6884 
18700 14576 19551 6884 
18702 14578 19556 6888 
18709 14581 19562 6889 
18713 14583 19570 6893 
18717 14589 19581 6893 
18723 14594 19585 6897 
18731 14597 19591 6897 
18737 14604 19598 6900 
18738 14608 19603 6904 
18742 14614 19609 6905 
18748 14621 19616 6910 
18754 14622 19620 6914 
18760 14629 19624 6918 
18767 14637 19629 6921 
18769 14641 19633 6923 
18772 14648 19642 6926 
18775 14655 19652 6928 
18785 14663 19657 6930 
18788 14666 19663 6931 
18793 14671 19670 6936 
18801 14673 19675 6937 
18805 14679 19679 6937 
18811 14682 19687 6941 
18817 14685 19691 6944 
18824 14691 19700 6946 
18828 14696 19705 6951 
18836 14705 19708 6951 
18842 14713 19717 6956 
18851 14717 19722 6960 
18857 14721 19724 6961 
18866 14729 19730 6962 
18870 14732 19733 6963 
18877 14738 19740 6964 
18878 14742 19748 6965 
18886 14746 19753 6967 
18892 14751 19762 6969 
18898 14753 19768 6971 
18901 14759 19784 6973 
18908 14764 19794 6976 
18912 14768 19802 6978 
18920 14774 19809 6982 
18928 14779 19816 6987 
18935 14781 19826 6989 
18946 14784 19833 6989 
18955 14789 19844 6990 
18963 14795 19852 6992 
18968 14802 19858 6996 
18976 14810 19862 6997 
18980 14818 19870 6997 
18984 14820 19876 6999 
18988 14822 19884 7002 
18992 14826 19891 7004 
18999 14836 19896 7008 
19004 14843 19905 7011 
19007 14846 19907 7015 
19012 14850 19920 7017 
19025 14855 19929 7018 
19029 14862 19942 7019 
19036 14868 19951 7020 
19043 14878 19955 7022 
19050 14884 19960 7024 
19056 14888 19965 7025 
19058 14895 19975 7025 
19063 14902 19986 7029 
19072 14908 19992 7031 
19078 14911 19998 7032 
19088 14920 20009 7034 
19093 14925 20012 7038 
19096 14928 20019 7039 
19098 14931 20026 7041 
19104 14934 20033 7041 
19110 14938 20038 7044 
19117 14943 20041 7047 
19120 14948 20049 7049 
19123 14955 20052 7051 
19127 14957 20068 7053 
19139 14962 20071 7056 
19143 14970 20073 7057 
19148 14974 20078 7058 
19160 14980 20081 7062 
19166 14984 20085 7063 
19171 14988 20093 7064 
19177 14994 20100 7066 
19189 14999 20108 7070 
19193 15004 20114 7075 
19198 15010 20122 7080 
19202 15014 20126 7084 
19209 15022 20130 7084 
19218 15027 20135 7084 
19227 15030 20139 7085 
19231 15031 20148 7090 
19235 15036 20153 7091 
19239 15040 20158 7091 
19248 15043 20165 7093 
19254 15050 20168 7094 
19258 15058 20173 7096 
19267 15064 20178 7098 
19269 15066 20182 7101 
19279 15071 20187 7103 
19283 15078 20193 7105 
19290 15081 20200 7107 
19296 15087 20207 7110 
19307 15092 20217 7111 
19310 15095 20222 7115 
19322 15097 20232 7120 
19329 15101 20236 7124 
19337 15104 20238 7127 
19345 15112 20245 7131 
19350 15116 20249 7132 
19353 15122 20253 7136 
19356 15123 20256 7138 
19361 15129 20261 7138 
19364 15134 20271 7141 
19367 15139 20276 7143 
19375 15143 20282 7145 
19377 15152 20284 7145 
19381 15156 20287 7147 
19386 15159 20292 7149 
19393 15167 20301 7150 
19401 15170 20303 7153 
19412 15173 20308 7157 
19418 15176 20316 7158 
19424 15180 20325 7160 
19429 15185 20331 7160 
19435 15188 20339 7161 
19438 15192 20345 7167 
19445 15193 20347 7168 
19448 15196 20354 7169 
19452 15201 20358 7172 
19464 15205 20364 7173 
19469 15212 20373 7174 
19475 15214 20379 7177 
19480 15218 20386 7180 
19483 15221 20396 7181 
19489 15229 20399 7183 
19493 15234 20403 7187 
19496 15242 20412 7187 
19505 15247 20421 7188 
19516 15252 20426 7190 
19525 15257 20432 7193 
19531 15259 20439 7195 
19540 15262 20440 7200 
19547 15267 20445 7201 
19555 15270 20451 7201 
19561 15277 20453 7202 
19567 15279 20462 7206 
19576 15285 20467 7207 
19578 15289 20476 7209 
19587 15291 20483 7214 
19595 15296 20491 7220 
19600 15303 20499 7222 
19606 15312 20507 7223 
19613 15315 20509 7223 
19620 15324 20513 7226 
19626 15329 20517 7226 
19632 15331 20523 7229 
19633 15336 20528 7235 
19637 15344 20539 7236 
19643 15349 20549 7240 
19652 15359 20561 7244 
19658 15364 20568 7247 
19663 15374 20571 7249 
19668 15375 20579 7256 
19677 15378 20585 7257 
19687 15384 20587 7258 
19691 15386 20595 7259 
19695 15394 20607 7260 
19706 15396 20616 7262 
19709 15400 20628 7266 
19716 15404 20631 7268 
19722 15407 20638 7273 
19730 15417 20647 7275 
19733 15419 20655 7276 
19740 15426 20663 7277 
19745 15428 20670 7277 
19752 15436 20677 7277 
19756 15440 20682 7283 
19759 15443 20691 7285 
19766 15444 20698 7288 
19775 15450 20704 7289 
19783 15453 20710 7295 
19788 15455 20715 7299 
19795 15461 20724 7301 
19799 15466 20731 7304 
19806 15473 20737 7305 
19814 15478 20746 7305 
19817 15480 20748 7307 
19822 15484 20753 7310 
19829 15490 20761 7313 
19831 15495 20763 7315 
19838 15502 20771 7317 
19845 15507 20776 7317 
19852 15513 20782 7319 
19855 15521 20786 7323 
19859 15524 20797 7327 
19861 15531 20802 7328 
19864 15535 20804 7331 
19874 15539 20807 7333 
19880 15543 20820 7334 
19889 15547 20824 7334 
19894 15551 20833 7340 
19898 15560 20840 7345 
19902 15564 20845 7347 
19910 15565 20851 7349 
19916 15573 20860 7351 
19919 15584 20863 7356 
19926 15586 20872 7360 
19934 15594 20877 7363 
19940 15599 20882 7366 
19951 15602 20889 7368 
19958 15608 20893 7371 
19966 15611 20901 7373 
19968 15617 20909 7374 
19973 15620 20915 7378 
19977 15621 20922 7380 
19981 15626 20928 7381 
19987 15631 20938 7381 
19994 15635 20944 7382 
20000 15640 20949 7387 
20007 15645 20956 7388 
20013 15649 20963 7389 
20023 15652 20970 7390 
20029 15657 20975 7391 
20033 15659 20979 7395 
20039 15666 20984 7398 
20042 15672 20990 7401 
20050 15678 20996 7404 
20062 15684 21007 7405 
20070 15684 21014 7408 
20081 15686 21021 7410 
20085 15690 21029 7412 
20092 15696 21035 7413 
20099 15701 21041 7414 
20100 15707 21044 7414 
20106 15713 21050 7416 
20112 15721 21055 7419 
20118 15724 21063 7419 
20124 15729 21070 7424 
20132 15734 21074 7425 
20139 15742 21079 7427 
20148 15750 21081 7429 
20154 15753 21087 7433 
20158 15759 21093 7436 
20161 15767 21097 7439 
20170 15771 21108 7442 
20178 15775 21116 7445 
20181 15779 21120 7448 
20187 15787 21126 7450 
20196 15792 21134 7451 
20202 15797 21137 7453 
20208 15800 21145 7454 
20215 15807 21148 7455 
20223 15809 21153 7459 
20227 15812 21159 7460 
20229 15813 21166 7467 
20232 15821 21174 7469 
20241 15826 21181 7471 
20245 15832 21186 7472 
20252 15835 21195 7473 
20261 15842 21204 7473 
20267 15851 21206 7476 
20275 15857 21213 7482 
20281 15863 21215 7483 
20287 15868 21221 7487 
20296 15875 21226 7489 
20301 15882 21234 7492 
20305 15886 21240 7496 
20314 15888 21245 7501 
20317 15893 21256 7506 
20324 15898 21265 7508 
20332 15901 21271 7510 
20336 15904 21274 7518 
20340 15910 21281 7520 
20344 15914 21283 7525 
20347 15918 21290 7528 
20353 15930 21298 7529 
20355 15940 21303 7532 
20360 15947 21306 7539 
20365 15950 21313 7541 
20367 15954 21319 7543 
20374 15960 21325 7544 
20382 15963 21330 7547 
20385 15966 21334 7550 
20398 15968 21337 7552 
20405 15973 21345 7552 
20412 15979 21355 7554 
20417 15986 21363 7560 
20426 15989 21370 7564 
20431 15993 21376 7569 
20437 15999 21383 7569 
20444 16005 21391 7570 
20448 16012 21399 7573 
20452 16017 21404 7574 
20463 16020 21413 7577 
20465 16022 21422 7580 
20473 16028 21432 7580 
20478 16033 21443 7584 
20481 16041 21451 7585 
20489 16045 21459 7586 
20496 16048 21468 7591 
20506 16054 21474 7592 
20512 16060 21481 7597 
20517 16067 21486 7597 
20524 16072 21489 7602 
20528 16075 21492 7604 
20531 16083 21497 7607 
20537 16084 21503 7615 
20548 16089 21506 7617 
20557 16096 21510 7618 
20571 16102 21515 7621 
20577 16107 21520 7624 
20589 16112 21528 7624 
20598 16118 21533 7625 
20607 16120 21542 7627 
20613 16125 21547 7628 
20623 16130 21549 7633 
20630 16134 21561 7634 
20632 16137 21567 7638 
20639 16144 21578 7640 
20644 16149 21586 7645 
20645 16156 21591 7647 
20650 16160 21599 7653 
20654 16164 21608 7657 
20658 16166 21620 7657 
20662 16169 21629 7658 
20668 16179 21638 7660 
20675 16187 21647 7662 
20678 16195 21654 7663 
20684 16197 21657 7665 
20687 16202 21665 7668 
20696 16208 21670 7673 
20699 16215 21674 7674 
20701 16216 21677 7677 
20711 16221 21680 7679 
20714 16226 21685 7682 
20719 16230 21690 7682 
20725 16235 21695 7682 
20732 16239 21699 7682 
20736 16244 21704 7683 
20746 16248 21708 7685 
20754 16255 21715 7685 
20759 16262 21720 7689 
20764 16267 21726 7689 
20770 16273 21734 7690 
20780 16276 21738 7691 
20784 16286 21744 7693 
20788 16290 21750 7694 
20792 16294 21757 7696 
20795 16299 21762 7699 
20798 16305 21767 7700 
20808 16308 21778 7701 
20819 16311 21782 7701 
20827 16315 21789 7704 
20829 16318 21795 7706 
20831 16320 21801 7710 
20838 16325 21809 7712 
20847 16330 21814 7712 
20853 16332 21821 7715 
20857 16336 21829 7717 
20863 16341 21836 7719 
20865 16345 21845 7721 
20876 16349 21850 7722 
20882 16351 21856 7724 
20893 16359 21859 7728 
20898 16359 21867 7730 
20903 16362 21878 7732 
20909 16365 21883 7735 
20918 16369 21886 7736 
20924 16378 21899 7737 
20930 16384 21904 7739 
20935 16393 21908 7739 
20941 16400 21913 7742 
20943 16407 21918 7742 
20948 16414 21921 7746 
20963 16418 21926 7746 
20972 16422 21935 7749 
20976 16427 21939 7752 
20982 16430 21941 7755 
20984 16437 21954 7757 
20993 16441 21958 7762 
20999 16446 21969 7763 
21009 16452 21976 7764 
21015 16453 21980 7766 
21021 16459 21989 7767 
21033 16470 21997 7770 
21039 16480 22005 7773 
21044 16489 22013 7776 
21057 16495 22020 7777 
21061 16502 22027 7780 
21065 16507 22033 7782 
21074 16511 22040 7786 
21084 16516 22043 7788 
21089 16516 22051 7791 
21095 16522 22060 7792 
21100 16524 22063 7794 
21105 16527 22069 7799 
21112 16532 22075 7799 
21115 16537 22085 7801 
21127 16542 22093 7802 
21134 16545 22098 7805 
21144 16549 22106 7807 
21147 16553 22109 7811 
21156 16556 22118 7815 
21162 16557 22130 7816 
21168 16561 22136 7819 
21174 16568 22144 7821 
21179 16574 22153 7821 
21187 16578 22160 7825 
21190 16583 22170 7827 
21198 16587 22174 7833 
21207 16592 22183 7836 
21211 16595 22189 7837 
21216 16598 22196 7839 
21224 16607 22201 7842 
21232 16614 22208 7843 
21239 16616 22216 7847 
21245 16622 22218 7852 
21250 16630 22223 7857 
21251 16637 22232 7859 
21255 16642 22239 7861 
21261 16645 22244 7863 
21264 16653 22249 7866 
21267 16656 22254 7867 
21273 16663 22262 7869 
21282 16664 22269 7872 
21288 16668 22276 7873 
21291 16675 22283 7874 
21296 16679 22287 7878 
21299 16686 22292 7880 
21309 16694 22297 7882 
21312 16697 22307 7886 
21316 16700 22315 7888 
21323 16706 22319 7892 
21332 16713 22327 7894 
21340 16716 22332 7897 
21346 16721 22338 7900 
21349 16726 22345 7900 
21355 16732 22350 7902 
21361 16738 22358 7904 
21368 16740 22366 7910 
21374 16741 22373 7912 
21377 16748 22379 7914 
21382 16755 22383 7914 
21389 16759 22389 7917 
21394 16766 22392 7920 
21397 16770 22405 7923 
21402 16775 22411 7925 
21409 16783 22416 7925 
21419 16786 22423 7926 
21429 16787 22427 7928 
21434 16790 22435 7933 
21442 16795 22444 7934 
21446 16798 22451 7934 
21451 16799 22464 7938 
21467 16804 22469 7941 
21472 16809 22472 7942 
21479 16813 22483 7944 
21488 16818 22489 7947 
21495 16825 22494 7950 
21500 16829 22498 7953 
21507 16834 22505 7954 
21511 16841 22510 7956 
21517 16843 22516 7956 
21523 16853 22525 7958 
21528 16861 22535 7960 
21537 16864 22544 7961 
21547 16871 22552 7963 
21554 16881 22562 7963 
21561 16884 22566 7967 
21569 16886 22571 7972 
21584 16887 22576 7974 
21589 16891 22583 7978 
21593 16899 22588 7979 
21600 16908 22592 7980 
21603 16915 22601 7980 
21612 16922 22605 7986 
21615 16930 22617 7989 
21620 16936 22621 7989 
21627 16943 22625 7991 
21633 16947 22629 7993 
21641 16950 22638 8000 
21642 16956 22644 8001 
21651 16962 22650 8003 
21658 16968 22655 8004 
21665 16973 22664 8005 
21669 16976 22671 8007 
21676 16980 22674 8010 
21681 16986 22680 8011 
21684 16996 22687 8013 
21693 17000 22701 8016 
21703 17008 22707 8020 
21710 17009 22716 8020 
21716 17011 22724 8022 
21721 17017 22732 8023 
21729 17024 22735 8025 
21733 17027 22742 8028 
21738 17034 22748 8032 
21742 17038 22755 8037 
21748 17042 22760 8038 
21751 17044 22765 8042 
21757 17045 22772 8044 
21759 17053 22780 8045 
21766 17057 22788 8046 
21770 17063 22795 8047 
21776 17070 22802 8049 
21785 17073 22812 8050 
21794 17074 22821 8051 
21803 17078 22825 8055 
21809 17082 22832 8056 
21816 17087 22838 8062 
21821 17090 22847 8062 
21825 17094 22850 8065 
21832 17102 22858 8066 
21838 17109 22867 8070 
21845 17116 22871 8070 
21852 17119 22880 8072 
21858 17126 22890 8074 
21865 17128 22897 8077 
21873 17132 22904 8080 
21874 17136 22912 8083 
21882 17143 22921 8084 
21889 17148 22924 8087 
21894 17150 22931 8089 
21897 17153 22935 8094 
21903 17159 22942 8098 
21905 17162 22951 8098 
21909 17165 22958 8099 
21914 17171 22964 8099 
21920 17175 22967 8105 
21924 17180 22972 8106 
21931 17186 22976 8110 
21941 17187 22986 8111 
21946 17194 22993 8112 
21951 17197 23006 8115 
21952 17201 23019 8116 
21961 17207 23026 8118 
21971 17215 23031 8124 
21980 17221 23033 8128 
21988 17225 23038 8131 
21992 17227 23042 8134 
21996 17231 23052 8136 
22004 17236 23059 8137 
22012 17246 23064 8139 
22017 17250 23067 8141 
22030 17256 23069 8143 
22033 17263 23073 8147 
22039 17271 23079 8149 
22046 17273 23088 8152 
22056 17276 23096 8153 
22064 17282 23100 8153 
22066 17288 23109 8157 
22071 17292 23116 8157 
22077 17299 23118 8161 
22085 17304 23128 8169 
22089 17310 23137 8173 
22095 17316 23142 8174 
22100 17320 23148 8174 
22107 17327 23157 8177 
22112 17331 23165 8178 
22117 17336 23171 8178 
