0 0 0 0 
10 6 10 1 
16 12 14 5 
23 19 20 7 
25 22 27 8 
34 25 37 10 
38 29 39 11 
42 32 43 14 
47 37 53 14 
50 46 58 15 
53 47 63 16 
55 50 65 16 
62 53 73 18 
69 57 76 19 
74 60 78 21 
79 64 85 22 
87 65 90 23 
90 71 96 24 
96 75 98 24 
99 79 101 27 
105 83 109 31 
107 86 114 32 
113 89 118 33 
117 90 125 37 
124 91 130 38 
125 94 135 38 
130 98 139 39 
137 102 145 42 
143 109 146 46 
150 110 149 48 
151 115 153 49 
159 120 161 49 
163 123 163 54 
168 126 169 58 
172 129 173 66 
180 131 178 69 
189 135 180 70 
194 137 184 71 
201 139 190 73 
208 141 196 74 
217 144 201 74 
220 148 205 76 
230 148 213 78 
230 151 218 81 
238 152 222 85 
242 156 227 86 
249 156 233 90 
256 161 240 93 
260 162 248 94 
266 166 251 94 
268 167 255 96 
272 171 264 96 
277 174 272 100 
279 176 276 105 
286 181 281 109 
290 186 284 111 
296 188 288 114 
304 192 292 114 
308 192 294 115 
312 196 296 118 
319 199 298 119 
323 200 303 122 
333 202 313 123 
345 206 320 123 
349 211 329 125 
355 218 331 126 
359 220 338 129 
364 224 346 130 
374 227 352 135 
380 229 359 136 
385 231 362 137 
389 236 366 138 
393 241 372 140 
396 243 376 140 
402 243 380 144 
409 244 386 144 
416 247 390 149 
420 254 399 152 
423 260 406 154 
429 262 411 156 
439 264 418 159 
446 268 427 163 
451 274 432 167 
457 277 440 169 
462 281 445 172 
466 283 448 172 
474 283 450 173 
478 285 455 175 
483 287 458 176 
488 289 461 177 
492 292 465 181 
495 295 466 182 
502 299 471 185 
516 304 475 185 
519 306 484 185 
527 310 486 185 
534 316 489 186 
537 319 493 189 
541 325 495 190 
544 328 504 195 
550 333 509 196 
552 338 515 197 
555 346 519 197 
560 350 523 198 
563 353 526 202 
572 357 531 203 
580 363 539 204 
583 367 544 205 
586 373 554 207 
596 380 559 210 
602 384 561 211 
613 387 566 212 
619 392 570 213 
624 396 572 214 
632 397 576 214 
638 403 581 215 
645 406 583 218 
650 409 588 220 
654 414 590 222 
666 422 596 225 
675 427 602 226 
681 431 609 227 
685 433 615 228 
690 435 618 229 
694 443 621 230 
704 445 628 230 
709 448 634 235 
714 450 638 238 
716 452 642 242 
726 456 646 244 
735 460 651 247 
741 463 655 247 
748 463 658 249 
749 467 663 249 
753 467 671 253 
758 473 676 255 
765 484 679 256 
771 487 685 257 
775 492 693 260 
781 500 697 262 
786 504 703 265 
793 510 707 268 
797 512 713 270 
803 513 716 272 
804 514 719 273 
813 515 725 275 
818 517 731 277 
830 518 735 281 
835 521 740 281 
839 524 742 284 
845 526 746 286 
850 528 750 291 
860 531 753 292 
866 534 756 294 
870 537 765 299 
874 542 768 304 
882 543 770 306 
889 547 779 309 
892 548 786 311 
899 551 790 313 
904 556 795 315 
908 562 799 321 
916 564 807 325 
919 571 814 327 
922 574 821 329 
926 580 827 331 
933 583 830 333 
939 586 838 336 
944 589 842 337 
951 594 847 337 
957 597 850 337 
962 600 856 339 
966 606 863 341 
970 610 867 344 
979 612 874 345 
985 616 882 346 
990 622 886 347 
997 628 888 349 
1001 634 891 350 
1005 636 898 350 
1013 641 905 351 
1019 646 915 358 
1024 649 917 359 
1029 650 922 361 
1031 654 929 363 
1036 655 933 366 
1040 658 939 366 
1046 661 946 368 
1056 663 952 370 
1061 668 956 371 
1065 672 961 372 
1074 675 964 376 
1078 678 971 377 
1078 685 977 378 
1081 691 981 382 
1084 695 985 382 
1087 702 993 382 
1090 706 995 383 
1095 709 999 385 
1096 713 1003 386 
1105 716 1006 386 
1114 717 1012 390 
1119 720 1017 391 
1124 724 1020 392 
1129 731 1024 393 
1132 732 1032 394 
1140 734 1035 395 
1146 736 1039 397 
1151 738 1046 398 
1158 742 1054 399 
1163 748 1059 401 
1165 757 1066 404 
1168 762 1069 404 
1171 766 1073 409 
1174 770 1077 412 
1177 773 1080 415 
1182 775 1085 416 
1187 778 1091 417 
1196 778 1096 418 
1202 785 1100 422 
1207 787 1106 425 
1212 791 1113 426 
1218 794 1119 426 
1226 803 1121 427 
1234 808 1126 428 
1236 815 1130 429 
1244 821 1136 432 
1251 828 1143 433 
1259 835 1147 434 
1263 840 1155 435 
1272 843 1162 436 
1277 848 1166 438 
1283 851 1174 438 
1290 854 1177 439 
1292 858 1186 440 
1295 860 1190 440 
1303 865 1195 441 
1310 869 1198 442 
1314 875 1206 445 
1323 877 1211 446 
1329 880 1217 449 
1332 886 1223 451 
1340 889 1232 451 
1342 895 1237 452 
1351 899 1244 454 
1356 900 1248 456 
1360 903 1254 457 
1368 907 1259 460 
1375 909 1263 462 
1380 914 1264 464 
1385 917 1268 465 
1393 922 1275 469 
1396 930 1279 470 
1401 934 1285 472 
1404 939 1287 474 
1409 944 1292 474 
1418 946 1296 476 
1427 950 1298 478 
1431 953 1301 480 
1433 959 1307 481 
1436 961 1310 483 
1445 968 1313 486 
1450 969 1316 488 
1452 972 1322 489 
1458 977 1326 489 
1463 980 1330 490 
1469 984 1338 491 
1478 990 1342 493 
1483 994 1349 495 
1486 1002 1356 496 
1490 1005 1358 498 
1497 1010 1361 499 
1508 1013 1370 502 
1513 1014 1377 504 
1520 1020 1381 508 
1520 1023 1385 510 
1524 1028 1391 510 
1528 1031 1397 512 
1533 1038 1402 513 
1540 1040 1406 514 
1542 1045 1411 517 
1547 1046 1419 518 
1554 1052 1421 518 
1561 1058 1427 519 
1567 1062 1435 520 
1574 1065 1437 522 
1577 1072 1440 522 
1580 1074 1448 525 
1587 1074 1456 525 
1596 1075 1461 526 
1604 1075 1468 529 
1612 1076 1473 532 
1616 1079 1479 537 
1624 1082 1487 538 
1629 1087 1494 541 
1634 1091 1500 542 
1638 1091 1506 545 
1642 1093 1511 547 
1650 1096 1515 550 
1654 1101 1517 551 
1663 1109 1523 553 
1669 1111 1528 554 
1677 1113 1528 554 
1685 1118 1533 556 
1688 1122 1539 556 
1694 1126 1546 561 
1696 1128 1549 562 
1702 1129 1556 562 
1705 1134 1557 564 
1710 1140 1562 565 
1716 1145 1570 567 
1724 1151 1576 568 
1730 1152 1578 569 
1735 1156 1580 571 
1739 1157 1588 573 
1747 1161 1597 576 
1751 1166 1602 578 
1757 1171 1602 579 
1758 1174 1606 580 
1765 1177 1609 584 
1767 1177 1613 587 
1774 1181 1618 588 
1783 1183 1622 590 
1790 1183 1627 591 
1793 1188 1635 592 
1794 1188 1642 595 
1798 1195 1648 595 
1803 1197 1649 595 
1807 1202 1649 600 
1812 1204 1656 601 
1819 1207 1663 603 
1826 1211 1671 607 
1832 1214 1681 609 
1838 1216 1682 611 
1846 1217 1685 612 
1855 1222 1687 613 
1858 1227 1689 616 
1866 1231 1693 616 
1869 1238 1697 619 
1875 1242 1704 624 
1877 1246 1708 627 
1881 1249 1717 630 
1890 1250 1723 630 
1897 1252 1729 631 
1901 1255 1736 632 
1903 1256 1742 635 
1909 1259 1750 636 
1914 1263 1754 638 
1917 1265 1756 643 
1922 1270 1759 646 
1931 1272 1763 647 
1936 1274 1766 648 
1940 1281 1771 652 
1946 1286 1778 655 
1951 1290 1785 656 
1954 1290 1791 656 
1957 1294 1797 656 
1962 1298 1804 662 
1972 1301 1809 664 
1974 1306 1817 665 
1984 1307 1821 666 
1987 1312 1827 668 
1992 1315 1831 671 
1997 1316 1836 672 
2004 1318 1841 673 
2012 1322 1844 677 
2018 1325 1851 681 
2023 1325 1855 685 
2033 1329 1862 686 
2045 1331 1866 688 
2049 1334 1873 689 
2056 1337 1879 690 
2059 1341 1885 694 
2065 1345 1888 695 
2073 1347 1894 698 
2073 1352 1898 699 
2082 1353 1904 702 
2092 1356 1905 704 
2100 1361 1909 708 
2110 1367 1912 709 
2117 1371 1917 713 
2122 1374 1920 716 
2129 1380 1926 716 
2133 1384 1930 717 
2141 1386 1934 717 
2147 1390 1937 718 
2153 1392 1942 718 
2160 1396 1948 719 
2167 1401 1960 720 
2170 1404 1963 720 
2175 1409 1967 722 
2181 1412 1972 726 
2188 1416 1977 726 
2195 1420 1983 730 
2201 1423 1990 733 
2205 1427 1998 734 
2208 1430 2004 737 
2215 1435 2005 738 
2219 1437 2007 740 
2221 1444 2012 740 
2228 1447 2020 742 
2234 1454 2025 746 
2239 1461 2029 747 
2241 1463 2035 748 
2247 1468 2039 749 
2252 1471 2044 750 
2259 1473 2048 750 
2260 1475 2052 750 
2266 1482 2055 753 
2272 1486 2059 756 
2273 1491 2067 758 
2280 1495 2069 758 
2289 1499 2080 759 
2294 1502 2089 759 
2303 1506 2094 762 
2309 1510 2098 763 
2313 1516 2103 764 
2319 1518 2111 767 
2327 1518 2116 768 
2331 1523 2122 772 
2341 1527 2123 772 
2351 1531 2129 772 
2359 1533 2133 774 
2364 1537 2135 777 
2372 1539 2139 778 
2377 1542 2147 779 
2382 1550 2150 781 
2388 1555 2155 782 
2390 1559 2161 784 
2393 1561 2166 786 
2399 1564 2172 787 
2406 1570 2177 790 
2413 1574 2185 790 
2422 1577 2192 791 
2427 1579 2199 792 
2432 1581 2205 793 
2436 1583 2210 794 
2449 1589 2216 795 
2453 1594 2224 796 
2458 1599 2230 797 
2464 1606 2238 800 
2470 1611 2245 802 
2479 1615 2248 804 
2481 1619 2255 808 
2490 1625 2260 810 
2495 1628 2262 813 
2503 1630 2267 816 
2509 1635 2269 817 
2515 1639 2270 817 
2522 1646 2275 817 
2524 1648 2283 819 
2532 1650 2286 821 
2535 1657 2289 822 
2539 1661 2294 824 
2546 1664 2303 830 
2553 1668 2307 832 
2560 1671 2315 832 
2567 1676 2322 834 
2577 1682 2328 837 
2581 1687 2329 838 
2583 1689 2331 838 
2586 1692 2338 841 
2590 1694 2343 842 
2602 1696 2348 844 
2609 1701 2357 845 
2616 1709 2362 845 
2627 1712 2364 846 
2632 1720 2370 846 
2636 1722 2379 850 
2640 1723 2387 851 
2644 1726 2390 854 
2645 1736 2393 855 
2655 1742 2400 857 
2658 1746 2403 860 
2659 1751 2405 864 
2661 1754 2410 866 
2668 1755 2416 867 
2669 1761 2422 868 
2678 1766 2424 871 
2684 1767 2430 874 
2691 1773 2433 877 
2692 1782 2437 880 
2695 1784 2444 880 
2701 1789 2444 881 
2711 1790 2448 882 
2716 1792 2454 886 
2718 1794 2459 889 
2727 1797 2465 893 
2733 1800 2468 895 
2736 1804 2476 897 
2743 1809 2486 899 
2750 1814 2490 901 
2752 1817 2496 902 
2754 1819 2502 903 
2758 1823 2506 906 
2766 1828 2514 909 
2769 1829 2519 909 
2775 1832 2524 912 
2782 1835 2530 915 
2792 1838 2541 917 
2793 1844 2548 919 
2798 1847 2554 921 
2804 1849 2559 923 
2810 1851 2562 925 
2816 1859 2568 929 
2823 1859 2575 929 
2827 1862 2579 929 
2831 1866 2582 932 
2837 1869 2590 933 
2843 1870 2594 936 
2850 1875 2600 938 
2856 1879 2608 940 
2864 1884 2612 944 
2871 1889 2615 945 
2884 1893 2619 952 
2886 1896 2621 952 
2889 1901 2624 954 
2899 1905 2630 955 
2908 1909 2635 957 
2917 1913 2646 958 
2922 1919 2650 960 
2928 1922 2654 961 
2933 1927 2659 962 
2939 1931 2661 964 
2943 1932 2663 966 
2948 1936 2670 969 
2955 1940 2674 970 
2959 1944 2680 971 
2970 1945 2685 976 
2973 1950 2694 979 
2977 1953 2698 980 
2982 1956 2704 980 
2985 1959 2710 983 
2990 1961 2714 986 
2996 1966 2726 986 
3000 1972 2735 987 
3004 1976 2740 987 
3010 1981 2746 988 
3016 1985 2749 990 
3022 1989 2751 993 
3024 1992 2759 994 
3029 1993 2765 996 
3035 1997 2771 997 
3041 2004 2772 999 
3043 2007 2780 1002 
3048 2008 2785 1005 
3052 2015 2792 1008 
3056 2020 2797 1012 
3059 2022 2800 1016 
3063 2024 2808 1017 
3070 2028 2810 1018 
3076 2029 2814 1019 
3084 2033 2818 1021 
3089 2038 2824 1022 
3093 2044 2826 1026 
3096 2051 2829 1028 
3098 2058 2836 1028 
3104 2062 2839 1030 
3107 2066 2845 1031 
3115 2070 2849 1031 
3128 2074 2852 1032 
3133 2079 2857 1034 
3138 2083 2861 1036 
3140 2089 2867 1039 
3143 2092 2870 1040 
3146 2094 2876 1044 
3148 2097 2877 1048 
3152 2103 2882 1050 
3160 2109 2891 1051 
3169 2115 2893 1056 
3175 2117 2894 1058 
3175 2118 2900 1059 
3178 2122 2904 1062 
3183 2127 2908 1064 
3188 2133 2911 1064 
3189 2135 2916 1069 
3195 2143 2922 1071 
3198 2148 2929 1071 
3200 2151 2931 1072 
3202 2156 2938 1075 
3211 2163 2944 1077 
3217 2165 2949 1077 
3219 2167 2954 1079 
3224 2173 2961 1082 
3226 2181 2965 1082 
3230 2185 2970 1085 
3236 2187 2977 1086 
3238 2189 2988 1087 
3244 2194 2992 1090 
3248 2197 3002 1090 
3254 2199 3007 1094 
3255 2200 3014 1095 
3260 2204 3021 1096 
3265 2209 3026 1097 
3269 2211 3030 1100 
3282 2213 3034 1100 
3290 2215 3036 1101 
3296 2218 3040 1104 
3298 2221 3046 1107 
3307 2227 3055 1108 
3312 2230 3062 1109 
3320 2231 3069 1111 
3323 2235 3075 1113 
3326 2237 3080 1113 
3336 2240 3084 1113 
3339 2242 3092 1114 
3349 2248 3096 1116 
3356 2252 3100 1116 
3369 2254 3108 1117 
3373 2256 3113 1118 
3379 2260 3118 1119 
3388 2264 3123 1119 
3391 2270 3125 1121 
3396 2273 3130 1123 
3400 2276 3135 1124 
3409 2283 3143 1128 
3413 2289 3144 1128 
3420 2291 3149 1129 
3428 2297 3155 1132 
3432 2298 3159 1133 
3439 2299 3163 1133 
3443 2306 3168 1134 
3447 2308 3170 1135 
3452 2311 3177 1136 
3457 2315 3180 1140 
3464 2315 3185 1141 
3466 2318 3189 1141 
3470 2322 3193 1144 
3473 2327 3194 1146 
3480 2330 3197 1148 
3487 2331 3204 1149 
3488 2336 3208 1150 
3495 2337 3215 1153 
3502 2337 3217 1155 
3507 2338 3221 1157 
3514 2339 3223 1158 
3523 2341 3230 1159 
3529 2345 3235 1161 
3535 2349 3242 1162 
3541 2353 3249 1166 
3547 2356 3252 1167 
3554 2361 3257 1168 
3559 2365 3260 1170 
3563 2369 3264 1173 
3566 2372 3266 1173 
3574 2378 3270 1174 
3580 2381 3275 1176 
3591 2385 3279 1178 
3595 2388 3283 1182 
3600 2390 3286 1187 
3602 2393 3293 1188 
3611 2397 3297 1190 
3616 2402 3305 1192 
3622 2406 3312 1194 
3627 2411 3317 1195 
3635 2412 3322 1195 
3640 2412 3328 1195 
3644 2419 3330 1197 
3652 2422 3333 1197 
3658 2423 3340 1201 
3667 2428 3347 1202 
3672 2433 3350 1203 
3677 2439 3357 1204 
3688 2443 3362 1205 
3695 2447 3363 1206 
3701 2450 3368 1208 
3707 2454 3376 1210 
3709 2456 3381 1211 
3713 2459 3388 1214 
3720 2465 3393 1216 
3726 2466 3400 1219 
3730 2469 3405 1221 
3733 2476 3413 1223 
3740 2481 3416 1224 
3750 2488 3423 1224 
3756 2493 3428 1225 
3762 2499 3434 1226 
3764 2502 3438 1226 
3766 2505 3444 1226 
3771 2508 3452 1227 
3778 2510 3457 1229 
3783 2513 3464 1230 
3785 2515 3472 1235 
3790 2519 3478 1239 
3790 2521 3480 1240 
3796 2524 3483 1241 
3797 2525 3489 1243 
3801 2526 3495 1244 
3812 2531 3500 1247 
3816 2532 3504 1250 
3823 2540 3510 1250 
3824 2544 3515 1253 
3832 2549 3520 1253 
3841 2550 3524 1255 
3844 2552 3526 1256 
3850 2555 3526 1259 
3853 2559 3536 1259 
3856 2563 3542 1263 
3861 2568 3545 1264 
3868 2575 3549 1266 
3870 2580 3554 1266 
3878 2585 3558 1271 
3880 2591 3565 1277 
3886 2594 3569 1280 
3892 2596 3572 1281 
3900 2600 3579 1282 
3904 2605 3583 1285 
3908 2611 3588 1285 
3912 2613 3591 1286 
3915 2614 3593 1286 
3918 2617 3602 1286 
3922 2620 3611 1288 
3926 2625 3617 1294 
3931 2625 3624 1294 
3932 2629 3627 1296 
3934 2633 3633 1296 
3941 2635 3639 1297 
3949 2639 3644 1299 
3957 2643 3649 1302 
3961 2651 3657 1303 
3973 2655 3664 1304 
3976 2660 3670 1305 
3983 2666 3676 1307 
3989 2673 3683 1309 
3994 2678 3688 1312 
3998 2681 3693 1313 
4004 2685 3697 1318 
4007 2691 3701 1320 
4014 2694 3710 1323 
4025 2698 3722 1326 
4027 2704 3727 1327 
4036 2710 3740 1329 
4043 2717 3746 1331 
4045 2720 3753 1331 
4049 2723 3758 1333 
4057 2725 3763 1335 
4062 2728 3766 1339 
4068 2730 3770 1343 
4078 2736 3774 1345 
4083 2740 3778 1347 
4094 2742 3787 1349 
4101 2747 3789 1350 
4106 2748 3798 1354 
4112 2753 3800 1354 
4115 2758 3807 1357 
4123 2761 3810 1361 
4127 2764 3817 1362 
4134 2770 3822 1362 
4142 2773 3826 1364 
4145 2778 3829 1364 
4150 2786 3834 1365 
4153 2789 3841 1367 
4156 2793 3844 1370 
4162 2793 3848 1376 
4163 2798 3856 1377 
4169 2802 3860 1377 
4173 2805 3866 1378 
4174 2809 3873 1380 
4181 2810 3877 1383 
4187 2818 3885 1386 
4193 2826 3890 1387 
4203 2830 3895 1389 
4212 2833 3898 1390 
4220 2838 3904 1391 
4224 2842 3906 1392 
4229 2845 3912 1393 
4233 2850 3920 1396 
4237 2853 3927 1398 
4243 2854 3933 1401 
4248 2858 3938 1403 
4253 2862 3942 1405 
4256 2870 3946 1408 
4257 2876 3953 1409 
4262 2877 3960 1410 
4265 2885 3967 1411 
4268 2890 3973 1413 
4279 2897 3976 1413 
4281 2898 3985 1413 
4285 2902 3993 1417 
4295 2907 3999 1420 
4300 2911 4009 1421 
4305 2917 4014 1421 
4312 2921 4020 1424 
4314 2925 4024 1425 
4319 2928 4026 1425 
4323 2932 4032 1426 
4329 2935 4037 1426 
4333 2937 4044 1429 
4340 2944 4048 1430 
4345 2949 4054 1431 
4348 2954 4055 1431 
4350 2959 4064 1434 
4357 2964 4069 1436 
4363 2966 4077 1441 
4370 2969 4083 1441 
4375 2973 4088 1444 
4383 2974 4095 1448 
4388 2978 4099 1450 
4396 2982 4105 1450 
4405 2987 4113 1451 
4411 2995 4118 1452 
4416 2996 4126 1454 
4426 3000 4136 1457 
4434 3003 4139 1458 
4441 3005 4146 1461 
4447 3007 4156 1465 
4458 3012 4164 1466 
4462 3018 4170 1468 
4469 3022 4175 1471 
4476 3027 4185 1474 
4483 3029 4188 1475 
4487 3036 4193 1476 
4492 3036 4199 1478 
4497 3039 4204 1479 
4501 3044 4209 1481 
4510 3050 4212 1485 
4519 3058 4215 1487 
4522 3065 4218 1487 
4528 3067 4224 1490 
4534 3071 4230 1490 
4541 3075 4235 1492 
4546 3081 4243 1493 
4553 3085 4251 1494 
4557 3089 4253 1495 
4560 3093 4262 1497 
4566 3094 4268 1499 
4569 3096 4274 1499 
4572 3100 4282 1499 
4577 3104 4288 1503 
4583 3111 4291 1506 
4592 3113 4295 1511 
4598 3114 4300 1514 
4598 3116 4303 1516 
4604 3119 4305 1518 
4607 3122 4308 1518 
4609 3126 4316 1519 
4615 3130 4320 1520 
4619 3137 4324 1521 
4627 3142 4329 1523 
4634 3147 4333 1524 
4637 3150 4339 1525 
4641 3153 4341 1525 
4642 3160 4343 1527 
4647 3163 4349 1531 
4649 3168 4353 1533 
4653 3173 4356 1535 
4657 3177 4358 1538 
4664 3179 4359 1539 
4669 3186 4367 1539 
4674 3189 4371 1542 
4679 3193 4377 1543 
4683 3197 4383 1546 
4686 3204 4386 1546 
4693 3207 4392 1548 
4695 3213 4398 1553 
4699 3215 4402 1556 
4702 3220 4406 1557 
4707 3224 4415 1559 
4710 3226 4418 1559 
4716 3227 4419 1562 
4722 3232 4421 1564 
4723 3233 4423 1565 
4735 3237 4435 1568 
4749 3240 4439 1570 
4754 3244 4444 1572 
4761 3250 4449 1573 
4771 3251 4456 1574 
4774 3256 4462 1575 
4778 3256 4466 1575 
4781 3259 4474 1577 
4787 3262 4478 1582 
4793 3266 4483 1586 
4801 3269 4491 1586 
4806 3272 4494 1589 
4810 3276 4499 1590 
4818 3280 4505 1592 
4823 3282 4509 1594 
4829 3284 4513 1595 
4833 3287 4518 1600 
4836 3287 4521 1602 
4839 3291 4525 1603 
4843 3295 4531 1605 
4847 3296 4536 1606 
4854 3298 4545 1607 
4859 3301 4548 1610 
4866 3306 4552 1612 
4870 3308 4563 1612 
4875 3314 4569 1616 
4879 3320 4575 1619 
4883 3322 4579 1620 
4884 3327 4582 1620 
4889 3332 4588 1623 
4896 3337 4592 1624 
4904 3339 4599 1626 
4906 3344 4604 1629 
4908 3348 4612 1630 
4914 3348 4620 1631 
4918 3353 4625 1633 
4922 3359 4631 1635 
4931 3361 4636 1636 
4940 3366 4641 1639 
4946 3369 4646 1639 
4952 3376 4656 1643 
4958 3383 4661 1645 
4964 3387 4666 1648 
4968 3394 4675 1650 
4975 3395 4679 1652 
4981 3398 4687 1652 
4987 3400 4692 1654 
4991 3406 4699 1656 
4997 3411 4703 1656 
5001 3417 4712 1658 
5009 3421 4716 1659 
5015 3425 4719 1662 
5022 3432 4721 1664 
5028 3438 4722 1667 
5029 3438 4730 1670 
5036 3442 4737 1671 
5041 3444 4741 1674 
5048 3450 4746 1676 
5055 3451 4749 1677 
5061 3457 4754 1678 
5069 3463 4764 1680 
5071 3473 4774 1685 
5074 3477 4786 1689 
5084 3480 4791 1692 
5090 3485 4799 1695 
5095 3488 4804 1696 
5098 3491 4809 1696 
5101 3496 4814 1698 
5105 3500 4817 1698 
5112 3507 4822 1701 
5120 3514 4831 1703 
5128 3520 4836 1703 
5133 3527 4844 1703 
5136 3531 4847 1704 
5142 3537 4848 1707 
5146 3540 4856 1708 
5154 3542 4863 1712 
5156 3545 4866 1714 
5160 3549 4872 1716 
5163 3551 4878 1717 
5166 3557 4882 1721 
5175 3562 4883 1724 
5181 3566 4888 1725 
5185 3570 4891 1727 
5188 3575 4896 1729 
5193 3583 4897 1730 
5198 3591 4898 1730 
5202 3595 4904 1734 
5207 3601 4912 1738 
5213 3605 4918 1742 
5223 3610 4924 1745 
5229 3615 4927 1746 
5236 3621 4936 1748 
5241 3627 4939 1749 
5244 3633 4943 1751 
5248 3642 4949 1752 
5252 3646 4950 1755 
5254 3650 4952 1756 
5261 3650 4960 1758 
5268 3656 4962 1759 
5276 3657 4970 1760 
5280 3661 4976 1762 
5287 3662 4981 1764 
5292 3666 4988 1765 
5296 3668 4994 1771 
5301 3676 4998 1771 
5302 3681 5004 1772 
5308 3685 5012 1773 
5309 3688 5015 1773 
5316 3692 5021 1774 
5321 3701 5024 1774 
5323 3705 5032 1776 
5328 3708 5035 1777 
5337 3714 5040 1778 
5342 3718 5046 1778 
5345 3731 5052 1779 
5355 3735 5058 1781 
5360 3740 5066 1782 
5364 3743 5069 1785 
5369 3747 5069 1788 
5371 3752 5074 1790 
5375 3754 5078 1791 
5384 3760 5083 1795 
5388 3761 5088 1796 
5392 3764 5094 1799 
5395 3770 5103 1799 
5399 3774 5111 1802 
5403 3775 5115 1804 
5405 3778 5117 1806 
5408 3781 5120 1806 
5413 3785 5126 1809 
5422 3787 5130 1811 
5423 3792 5135 1815 
5433 3798 5140 1816 
5440 3800 5142 1818 
5444 3804 5144 1821 
5451 3809 5148 1822 
5454 3813 5152 1826 
5459 3816 5159 1830 
5461 3823 5164 1834 
5466 3826 5166 1835 
5471 3827 5171 1838 
5478 3829 5175 1840 
5480 3830 5179 1841 
5482 3834 5190 1845 
5488 3835 5195 1847 
5491 3838 5200 1849 
5496 3842 5206 1852 
5503 3849 5209 1853 
5504 3853 5212 1854 
5506 3859 5221 1856 
5515 3862 5224 1858 
5519 3865 5229 1859 
5522 3870 5233 1860 
5528 3874 5234 1861 
5533 3877 5241 1862 
5541 3880 5244 1864 
5550 3882 5248 1866 
5554 3884 5255 1866 
5559 3887 5261 1869 
5568 3888 5265 1870 
5570 3890 5269 1871 
5579 3894 5274 1875 
5588 3894 5278 1878 
5595 3898 5284 1880 
5604 3901 5292 1881 
5613 3904 5299 1885 
5621 3910 5302 1890 
5628 3914 5306 1893 
5632 3919 5309 1894 
5636 3924 5320 1896 
5639 3924 5329 1899 
5644 3925 5332 1902 
5648 3929 5338 1907 
5653 3936 5341 1908 
5667 3939 5346 1912 
5675 3945 5350 1915 
5680 3950 5352 1915 
5684 3957 5357 1917 
5688 3961 5358 1919 
5692 3965 5362 1921 
5702 3970 5367 1923 
5707 3973 5373 1925 
5715 3974 5381 1928 
5720 3975 5387 1928 
5727 3978 5391 1931 
5731 3983 5398 1933 
5738 3988 5403 1936 
5745 3992 5406 1937 
5749 3996 5415 1940 
5755 4003 5420 1941 
5762 4007 5425 1943 
5765 4009 5432 1947 
5777 4015 5440 1947 
5782 4021 5450 1951 
5790 4024 5458 1953 
5795 4029 5465 1954 
5800 4032 5472 1956 
5804 4037 5480 1959 
5810 4043 5485 1959 
5814 4046 5492 1960 
5821 4050 5497 1962 
5824 4056 5499 1965 
5835 4058 5509 1968 
5840 4059 5512 1969 
5847 4066 5515 1971 
5851 4070 5518 1976 
5855 4077 5525 1976 
5861 4080 5532 1976 
5865 4084 5534 1978 
5867 4087 5543 1980 
5871 4092 5550 1982 
5878 4097 5554 1987 
5880 4105 5555 1989 
5885 4112 5557 1989 
5890 4113 5563 1989 
5895 4116 5569 1990 
5899 4121 5574 1991 
5907 4128 5583 1992 
5913 4131 5584 1992 
5917 4137 5588 1993 
5920 4142 5595 1994 
5923 4143 5603 1994 
5931 4148 5609 1996 
5937 4153 5611 1996 
5939 4161 5616 1998 
5941 4166 5620 2001 
5948 4167 5628 2004 
5956 4171 5635 2005 
5959 4175 5642 2008 
5970 4178 5643 2010 
5979 4183 5646 2010 
5984 4188 5649 2011 
5990 4196 5655 2013 
5992 4199 5662 2014 
5996 4207 5668 2017 
6001 4208 5672 2019 
6004 4214 5675 2021 
6010 4216 5678 2022 
6012 4218 5688 2022 
6013 4222 5695 2026 
6017 4226 5701 2026 
6025 4231 5708 2027 
6032 4236 5710 2030 
6035 4239 5717 2031 
6040 4242 5727 2032 
6042 4244 5733 2033 
6046 4251 5737 2036 
6053 4254 5743 2036 
6061 4259 5749 2038 
6066 4260 5760 2039 
6071 4264 5766 2040 
6076 4267 5774 2041 
6084 4268 5778 2041 
6088 4272 5785 2042 
6091 4276 5791 2042 
6094 4278 5797 2045 
6097 4280 5800 2048 
6101 4284 5803 2051 
6103 4288 5806 2051 
6106 4293 5812 2055 
6115 4298 5820 2057 
6119 4302 5830 2060 
6123 4302 5833 2062 
6128 4305 5839 2063 
6133 4310 5846 2064 
6140 4313 5851 2064 
6145 4318 5861 2065 
6146 4323 5865 2069 
6152 4327 5868 2070 
6161 4329 5874 2072 
6170 4334 5880 2074 
6171 4339 5884 2075 
6177 4347 5887 2075 
6182 4351 5896 2078 
6187 4353 5905 2082 
6191 4358 5911 2083 
6194 4365 5918 2087 
6202 4369 5927 2088 
6206 4375 5932 2090 
6210 4377 5940 2093 
6212 4380 5943 2094 
6215 4384 5947 2096 
6216 4387 5950 2098 
6222 4395 5957 2101 
6226 4398 5958 2102 
6233 4402 5964 2102 
6238 4403 5972 2102 
6245 4404 5980 2104 
6251 4408 5984 2107 
6260 4414 5989 2109 
6263 4418 5994 2111 
6265 4421 5997 2114 
6271 4423 6000 2118 
6279 4431 6003 2119 
6288 4432 6007 2120 
6293 4433 6015 2120 
6295 4438 6023 2121 
6300 4441 6027 2122 
6302 4444 6031 2123 
6311 4448 6034 2124 
6314 4449 6040 2128 
6321 4456 6045 2130 
6326 4461 6055 2132 
6331 4466 6064 2134 
6338 4467 6069 2137 
6341 4470 6076 2138 
6343 4473 6081 2138 
6351 4476 6084 2140 
6354 4478 6089 2144 
6359 4485 6095 2144 
6363 4489 6102 2147 
6372 4492 6108 2148 
6376 4497 6119 2149 
6385 4500 6127 2151 
6388 4505 6133 2154 
6391 4510 6137 2155 
6397 4516 6139 2158 
6403 4520 6147 2160 
6407 4526 6151 2163 
6412 4528 6159 2165 
6417 4535 6165 2168 
6421 4538 6171 2169 
6428 4541 6178 2170 
6434 4542 6182 2173 
6437 4546 6187 2176 
6438 4551 6190 2179 
6441 4554 6195 2182 
6449 4556 6199 2186 
6453 4561 6203 2188 
6459 4567 6205 2190 
6465 4570 6217 2192 
6466 4575 6221 2193 
6472 4581 6226 2196 
6480 4586 6231 2198 
6485 4592 6235 2198 
6495 4595 6242 2203 
6502 4601 6250 2204 
6510 4603 6252 2204 
6519 4609 6257 2206 
6521 4618 6259 2212 
6525 4623 6268 2216 
6530 4628 6271 2217 
6533 4630 6277 2220 
6537 4633 6282 2222 
6543 4636 6287 2222 
6550 4640 6294 2223 
6553 4644 6299 2225 
6555 4646 6304 2227 
6559 4648 6310 2229 
6562 4654 6316 2232 
6568 4664 6320 2233 
6572 4667 6324 2234 
6575 4669 6332 2234 
6579 4671 6338 2240 
6584 4673 6346 2243 
6588 4676 6353 2248 
6594 4682 6356 2250 
6598 4688 6364 2252 
6603 4693 6371 2254 
6608 4697 6372 2256 
6614 4702 6380 2258 
6620 4708 6385 2258 
6623 4710 6387 2259 
6634 4714 6389 2264 
6639 4717 6396 2265 
6644 4720 6403 2267 
6648 4726 6407 2268 
6652 4733 6413 2269 
6655 4739 6422 2271 
6658 4742 6426 2273 
6667 4742 6429 2275 
6671 4748 6433 2275 
6678 4754 6436 2277 
6682 4759 6440 2278 
6687 4761 6444 2279 
6690 4764 6448 2280 
6693 4765 6452 2280 
6702 4770 6459 2280 
6709 4776 6465 2281 
6713 4780 6473 2286 
6717 4784 6477 2287 
6722 4787 6482 2287 
6725 4798 6487 2288 
6734 4800 6491 2289 
6740 4805 6494 2292 
6743 4808 6499 2292 
6748 4812 6504 2294 
6755 4816 6508 2295 
6759 4817 6514 2296 
6769 4821 6520 2298 
6775 4826 6530 2299 
6781 4831 6533 2303 
6783 4838 6538 2305 
6786 4840 6545 2305 
6789 4844 6553 2309 
6793 4848 6559 2312 
6802 4852 6570 2314 
6807 4859 6575 2317 
6814 4862 6583 2320 
6822 4869 6592 2324 
6830 4874 6602 2327 
6837 4877 6606 2328 
6843 4881 6612 2328 
6847 4886 6616 2330 
6853 4892 6623 2333 
6859 4897 6626 2334 
6863 4904 6635 2337 
6867 4909 6642 2339 
6871 4913 6646 2340 
6876 4919 6651 2341 
6883 4925 6658 2342 
6891 4929 6661 2343 
6899 4933 6667 2344 
6903 4935 6675 2345 
6911 4938 6683 2347 
6920 4944 6685 2348 
6923 4946 6690 2351 
6928 4949 6692 2354 
6932 4955 6701 2357 
6936 4956 6705 2359 
6937 4965 6709 2360 
6943 4970 6713 2362 
6945 4973 6720 2363 
6952 4977 6724 2366 
6953 4983 6731 2369 
6957 4989 6738 2371 
6960 4994 6739 2372 
6963 4996 6751 2376 
6969 5001 6755 2378 
6976 5006 6763 2382 
6982 5007 6770 2382 
6987 5008 6775 2384 
6992 5012 6780 2385 
6997 5017 6784 2386 
7003 5021 6789 2390 
7012 5024 6792 2391 
7015 5026 6796 2392 
7025 5030 6798 2393 
7026 5035 6804 2395 
7033 5039 6811 2395 
7034 5045 6815 2395 
7038 5048 6821 2399 
7045 5051 6831 2401 
7050 5055 6834 2403 
7055 5058 6839 2405 
7059 5061 6843 2407 
7062 5067 6845 2409 
7065 5071 6853 2413 
7071 5075 6859 2413 
7075 5085 6864 2413 
7085 5088 6874 2415 
7091 5092 6881 2417 
7096 5093 6885 2423 
7103 5096 6890 2424 
7109 5102 6896 2427 
7117 5106 6899 2430 
7121 5107 6905 2432 
7126 5111 6909 2433 
7131 5114 6917 2434 
7134 5117 6922 2437 
7138 5121 6929 2440 
7142 5126 6934 2442 
7147 5130 6946 2443 
7151 5133 6949 2444 
7157 5139 6957 2451 
7162 5145 6967 2453 
7167 5148 6976 2457 
7171 5157 6982 2458 
7172 5159 6988 2463 
7176 5163 6992 2467 
7183 5167 6996 2467 
7191 5172 7004 2467 
7197 5173 7007 2469 
7204 5181 7016 2469 
7206 5185 7023 2472 
7213 5189 7026 2476 
7220 5196 7036 2479 
7226 5199 7044 2479 
7230 5205 7046 2480 
7233 5209 7049 2480 
7238 5211 7060 2484 
7242 5216 7065 2484 
7245 5220 7069 2485 
7246 5223 7080 2488 
7250 5226 7083 2490 
7255 5230 7087 2492 
7258 5234 7090 2493 
7261 5236 7094 2493 
7264 5241 7096 2494 
7272 5244 7100 2496 
7278 5246 7107 2497 
7289 5250 7111 2498 
7293 5254 7115 2501 
7300 5259 7123 2503 
7302 5260 7129 2506 
7305 5264 7130 2508 
7311 5268 7134 2512 
7314 5272 7142 2514 
7316 5276 7146 2517 
7321 5278 7155 2518 
7325 5281 7161 2519 
7328 5284 7168 2520 
7335 5288 7172 2521 
7342 5292 7177 2521 
7354 5295 7181 2524 
7358 5304 7191 2525 
7363 5308 7197 2528 
7372 5316 7200 2531 
7374 5318 7206 2533 
7377 5321 7210 2535 
7381 5324 7215 2536 
7389 5326 7217 2538 
7394 5328 7225 2538 
7397 5330 7231 2539 
7403 5337 7241 2539 
7410 5343 7249 2540 
7413 5348 7255 2541 
7420 5351 7262 2544 
7423 5356 7264 2545 
7430 5358 7269 2548 
7437 5360 7276 2552 
7446 5360 7284 2555 
7449 5365 7288 2557 
7452 5371 7294 2559 
7457 5377 7302 2561 
7462 5381 7306 2563 
7470 5381 7308 2568 
7472 5386 7315 2568 
7478 5394 7321 2571 
7485 5400 7326 2573 
7492 5404 7331 2574 
7499 5409 7339 2575 
7505 5413 7343 2575 
7509 5415 7346 2577 
7514 5417 7357 2577 
7520 5423 7363 2580 
7522 5426 7372 2580 
7530 5431 7378 2580 
7533 5436 7380 2582 
7539 5439 7386 2584 
7545 5444 7399 2586 
7546 5450 7403 2587 
7549 5455 7408 2589 
7555 5460 7421 2592 
7559 5465 7428 2595 
7564 5467 7433 2596 
7568 5469 7439 2598 
7571 5481 7444 2600 
7580 5481 7447 2605 
7588 5488 7454 2606 
7592 5490 7463 2607 
7598 5495 7467 2610 
7604 5498 7472 2614 
7606 5502 7482 2614 
7611 5502 7492 2618 
7617 5506 7498 2620 
7621 5511 7502 2621 
7624 5517 7510 2624 
7627 5520 7516 2627 
7633 5524 7519 2629 
7637 5527 7525 2633 
7643 5530 7534 2633 
7648 5534 7538 2635 
7652 5537 7543 2637 
7656 5539 7546 2642 
7662 5546 7551 2645 
7667 5547 7559 2646 
7674 5554 7565 2649 
7690 5555 7570 2654 
7695 5558 7578 2658 
7701 5561 7584 2661 
7706 5565 7588 2665 
7709 5569 7595 2668 
7717 5579 7602 2668 
7720 5581 7606 2669 
7728 5591 7611 2671 
7733 5596 7616 2672 
7739 5600 7617 2675 
7745 5603 7622 2676 
7751 5609 7626 2681 
7758 5611 7632 2684 
7763 5617 7635 2686 
7770 5621 7639 2688 
7774 5623 7642 2692 
7778 5630 7646 2692 
7786 5632 7652 2693 
7792 5634 7657 2700 
7797 5643 7662 2702 
7799 5652 7666 2703 
7810 5657 7671 2706 
7814 5660 7674 2707 
7820 5664 7676 2708 
7825 5667 7687 2714 
7829 5668 7691 2717 
7834 5676 7696 2720 
7837 5682 7697 2722 
7842 5685 7703 2723 
7847 5690 7706 2728 
7852 5696 7713 2729 
7860 5697 7720 2729 
7863 5698 7725 2730 
7867 5705 7730 2732 
7874 5710 7736 2733 
7880 5717 7741 2737 
7885 5722 7748 2739 
7886 5731 7755 2739 
7890 5737 7760 2739 
7892 5740 7765 2740 
7894 5745 7776 2741 
7898 5751 7783 2742 
7904 5755 7788 2743 
7910 5761 7794 2744 
7918 5764 7800 2744 
7920 5767 7806 2744 
7929 5770 7811 2748 
7939 5777 7815 2752 
7947 5782 7818 2754 
7955 5786 7827 2755 
7959 5788 7831 2755 
7965 5793 7834 2756 
7973 5795 7838 2758 
7978 5804 7848 2759 
7987 5807 7853 2759 
7994 5808 7856 2762 
8002 5811 7861 2763 
8006 5816 7870 2765 
8010 5821 7877 2767 
8013 5826 7884 2772 
8019 5830 7890 2777 
8023 5831 7898 2779 
8028 5833 7904 2780 
8034 5835 7909 2781 
8037 5838 7915 2782 
8041 5839 7919 2782 
8048 5844 7924 2786 
8051 5848 7931 2786 
8055 5851 7936 2788 
8061 5854 7942 2790 
8067 5858 7949 2792 
8076 5860 7957 2795 
8079 5864 7964 2797 
8083 5867 7968 2797 
8090 5872 7972 2800 
8096 5877 7976 2802 
8106 5881 7981 2805 
8109 5883 7989 2809 
8118 5886 7995 2810 
8124 5888 8001 2811 
8127 5893 8005 2811 
8130 5896 8015 2813 
8137 5901 8019 2813 
8141 5902 8024 2815 
8145 5903 8030 2818 
8150 5906 8036 2821 
8155 5910 8045 2822 
8161 5914 8054 2822 
8168 5919 8057 2823 
8173 5926 8064 2826 
8177 5935 8070 2827 
8183 5941 8073 2829 
8189 5943 8079 2832 
8194 5950 8083 2833 
8200 5959 8087 2836 
8206 5964 8098 2837 
8210 5969 8105 2839 
8219 5974 8109 2842 
8223 5977 8111 2845 
8233 5980 8117 2849 
8239 5982 8125 2850 
8242 5986 8127 2851 
8252 5990 8129 2853 
8256 5994 8132 2856 
8260 5999 8138 2857 
8270 6002 8143 2862 
8276 6006 8150 2865 
8279 6008 8156 2866 
8283 6012 8160 2867 
8289 6016 8165 2869 
8299 6025 8170 2870 
8302 6030 8180 2873 
8306 6035 8185 2878 
8310 6037 8191 2878 
8315 6040 8198 2880 
8321 6049 8205 2881 
8328 6053 8209 2883 
8330 6060 8218 2883 
8336 6061 8225 2885 
8339 6064 8232 2887 
8344 6067 8238 2888 
8345 6072 8244 2889 
8351 6078 8250 2889 
8354 6085 8255 2891 
8361 6087 8261 2892 
8368 6091 8267 2897 
8374 6093 8276 2898 
8378 6098 8280 2899 
8384 6104 8285 2902 
8388 6111 8288 2903 
8392 6114 8293 2904 
8397 6121 8299 2908 
8404 6126 8310 2910 
8411 6131 8314 2913 
8415 6134 8323 2913 
8418 6139 8333 2916 
8421 6143 8337 2918 
8430 6146 8342 2923 
8433 6151 8343 2924 
8440 6155 8349 2928 
8444 6160 8358 2930 
8447 6167 8363 2933 
8456 6173 8370 2935 
8459 6176 8377 2937 
8466 6178 8383 2938 
8468 6181 8387 2943 
8477 6188 8390 2948 
8484 6192 8402 2950 
8490 6196 8410 2952 
8499 6201 8413 2952 
8502 6208 8418 2953 
8505 6213 8426 2954 
8507 6218 8436 2957 
8513 6221 8438 2957 
8520 6229 8443 2959 
8525 6232 8450 2961 
8532 6238 8463 2962 
8536 6242 8466 2964 
8546 6246 8473 2965 
8552 6252 8479 2968 
8557 6259 8486 2969 
8567 6261 8491 2971 
8573 6267 8498 2973 
8580 6271 8504 2976 
8586 6275 8511 2979 
8592 6280 8515 2980 
8603 6282 8521 2983 
8608 6283 8528 2985 
8616 6287 8534 2986 
8623 6290 8541 2991 
8631 6296 8549 2991 
8642 6300 8553 2992 
8644 6310 8558 2995 
8653 6314 8563 2997 
8660 6317 8570 2998 
8666 6324 8577 3001 
8671 6327 8584 3005 
8681 6330 8587 3007 
8687 6331 8590 3009 
8691 6337 8595 3014 
8691 6341 8605 3016 
8696 6343 8615 3017 
8701 6347 8618 3023 
8707 6350 8626 3024 
8718 6356 8630 3028 
8722 6357 8637 3030 
8729 6358 8647 3030 
8736 6361 8652 3033 
8740 6364 8655 3033 
8745 6368 8660 3036 
8748 6371 8665 3038 
8752 6376 8671 3040 
8760 6377 8678 3041 
8767 6380 8684 3043 
8770 6386 8692 3046 
8778 6392 8695 3047 
8784 6397 8703 3047 
8793 6402 8707 3048 
8801 6405 8714 3052 
8805 6411 8719 3054 
8808 6415 8723 3056 
8815 6421 8729 3057 
8817 6424 8738 3059 
8825 6429 8746 3062 
8834 6434 8753 3064 
8839 6438 8759 3069 
8843 6442 8765 3072 
8853 6444 8769 3073 
8859 6449 8772 3075 
8860 6455 8776 3077 
8866 6458 8781 3078 
8869 6464 8792 3080 
8871 6473 8800 3080 
8875 6480 8811 3082 
8877 6483 8815 3083 
8884 6487 8820 3084 
8893 6491 8822 3087 
8901 6496 8827 3087 
8903 6498 8838 3089 
8908 6501 8847 3092 
8915 6502 8852 3092 
8918 6506 8861 3092 
8926 6515 8868 3094 
8931 6518 8875 3094 
8936 6519 8884 3095 
8945 6526 8894 3100 
8947 6531 8898 3101 
8949 6535 8904 3106 
8954 6540 8906 3107 
8961 6544 8912 3109 
8968 6550 8916 3110 
8975 6554 8921 3110 
8981 6556 8923 3110 
8986 6564 8924 3112 
8990 6569 8928 3116 
8996 6583 8931 3118 
9005 6586 8936 3121 
9012 6593 8941 3122 
9015 6594 8944 3127 
9019 6599 8950 3133 
9022 6600 8952 3135 
9029 6603 8958 3137 
9037 6610 8964 3138 
9040 6610 8972 3144 
9045 6613 8977 3144 
9048 6617 8990 3147 
9057 6620 8994 3150 
9066 6623 8998 3152 
9070 6628 9005 3155 
9078 6634 9009 3156 
9088 6640 9015 3159 
9091 6643 9023 3160 
9098 6649 9030 3160 
9107 6658 9033 3161 
9113 6661 9042 3163 
9117 6664 9050 3163 
9122 6666 9054 3166 
9125 6668 9061 3167 
9133 6672 9065 3169 
9141 6673 9073 3169 
9145 6675 9078 3172 
9149 6681 9078 3173 
9154 6687 9084 3174 
9159 6690 9085 3178 
9167 6694 9091 3179 
9175 6695 9092 3181 
9187 6698 9097 3184 
9193 6701 9109 3185 
9194 6704 9114 3188 
9198 6708 9122 3190 
9201 6713 9132 3194 
9206 6716 9136 3194 
9210 6721 9146 3196 
9213 6723 9155 3201 
9220 6727 9160 3203 
9223 6733 9166 3207 
9229 6741 9170 3209 
9231 6744 9175 3212 
9235 6751 9180 3213 
9241 6755 9183 3216 
9243 6759 9186 3217 
9251 6766 9194 3220 
9261 6775 9199 3221 
9264 6776 9210 3228 
9266 6782 9220 3231 
9271 6786 9225 3233 
9273 6788 9231 3238 
9278 6791 9239 3244 
9284 6794 9241 3250 
9290 6800 9248 3253 
9294 6803 9253 3257 
9299 6811 9258 3262 
9302 6815 9266 3264 
9306 6816 9269 3266 
9310 6819 9279 3267 
9315 6825 9284 3267 
9321 6831 9289 3270 
9326 6833 9292 3270 
9331 6834 9298 3272 
9337 6836 9304 3278 
9343 6838 9313 3283 
9347 6847 9318 3285 
9354 6850 9321 3286 
9357 6856 9324 3289 
9362 6862 9326 3293 
9371 6868 9333 3294 
9378 6870 9339 3296 
9381 6870 9343 3298 
9392 6878 9351 3300 
9397 6881 9356 3301 
9399 6886 9362 3303 
9403 6888 9367 3308 
9415 6890 9374 3310 
9419 6894 9377 3310 
9426 6899 9383 3314 
9431 6903 9388 3315 
9436 6909 9392 3317 
9443 6913 9395 3318 
9448 6917 9400 3320 
9450 6923 9408 3326 
9457 6926 9414 3330 
9463 6927 9420 3332 
9470 6930 9427 3336 
9479 6935 9434 3342 
9484 6936 9443 3344 
9492 6939 9447 3345 
9495 6944 9450 3347 
9496 6952 9458 3349 
9501 6954 9462 3349 
9511 6961 9463 3350 
9525 6965 9465 3351 
9530 6970 9475 3353 
9535 6970 9481 3357 
9543 6975 9486 3358 
9548 6979 9491 3363 
9556 6983 9500 3365 
9559 6989 9505 3369 
9562 6991 9512 3371 
9565 6998 9520 3373 
9568 7004 9527 3375 
9572 7010 9531 3377 
9579 7011 9535 3380 
9588 7020 9539 3381 
9592 7024 9543 3384 
9595 7025 9552 3386 
9600 7030 9557 3387 
9603 7034 9562 3389 
9609 7038 9572 3389 
9612 7041 9574 3392 
9614 7043 9579 3394 
9623 7049 9585 3396 
9626 7052 9600 3405 
9637 7056 9602 3406 
9643 7061 9608 3409 
9654 7062 9615 3413 
9660 7067 9626 3416 
9668 7071 9631 3416 
9674 7077 9639 3419 
9679 7079 9645 3422 
9681 7086 9650 3424 
9685 7092 9662 3429 
9692 7099 9669 3432 
9694 7106 9675 3433 
9700 7109 9685 3433 
9703 7116 9690 3438 
9708 7119 9694 3442 
9716 7123 9701 3444 
9724 7124 9703 3446 
9728 7127 9707 3446 
9731 7131 9712 3447 
9737 7135 9718 3448 
9738 7145 9730 3450 
9745 7148 9733 3452 
9749 7150 9737 3452 
9757 7154 9739 3454 
9760 7154 9740 3456 
9769 7160 9746 3456 
9775 7163 9748 3459 
9783 7167 9752 3461 
9789 7171 9755 3461 
9790 7178 9763 3462 
9797 7184 9774 3465 
9803 7188 9778 3469 
9811 7191 9782 3471 
9817 7196 9786 3473 
9820 7198 9794 3475 
9826 7203 9806 3477 
9834 7206 9810 3480 
9839 7207 9826 3482 
9842 7211 9828 3486 
9848 7218 9836 3486 
9855 7223 9843 3487 
9860 7224 9850 3490 
9864 7232 9855 3492 
9872 7236 9861 3495 
9875 7241 9871 3496 
9875 7241 9873 3499 
9877 7244 9881 3503 
9882 7247 9886 3505 
9884 7252 9895 3506 
9887 7259 9901 3507 
9889 7268 9903 3507 
9894 7273 9907 3510 
9895 7278 9914 3513 
9896 7280 9918 3514 
9902 7283 9919 3514 
9905 7286 9924 3516 
9910 7292 9928 3517 
9918 7296 9932 3518 
9922 7301 9941 3521 
9927 7303 9944 3522 
9933 7308 9951 3523 
9934 7312 9955 3523 
9941 7315 9959 3523 
9944 7315 9964 3526 
9947 7318 9976 3530 
9954 7322 9984 3533 
9957 7326 9994 3536 
9963 7328 10008 3538 
9967 7332 10014 3538 
9973 7336 10016 3540 
9976 7341 10024 3545 
9981 7347 10031 3547 
9988 7352 10043 3548 
9992 7354 10047 3548 
9998 7361 10054 3551 
10003 7370 10060 3553 
10008 7376 10066 3556 
10011 7378 10070 3559 
10017 7385 10073 3561 
10021 7389 10080 3561 
10025 7393 10089 3562 
10025 7398 10092 3565 
10030 7401 10099 3566 
10038 7406 10104 3567 
10047 7409 10111 3570 
10054 7413 10111 3573 
10060 7416 10119 3578 
10068 7420 10124 3581 
10074 7425 10130 3584 
10084 7429 10134 3586 
10096 7435 10137 3589 
10102 7438 10146 3594 
10108 7445 10153 3596 
10112 7455 10162 3600 
10115 7460 10164 3602 
10120 7463 10168 3604 
10124 7466 10173 3604 
10131 7475 10176 3605 
10135 7480 10183 3608 
10144 7488 10188 3610 
10149 7491 10193 3611 
10154 7497 10197 3612 
10157 7502 10201 3613 
10164 7505 10207 3616 
10170 7510 10217 3618 
10175 7513 10224 3619 
10179 7513 10232 3619 
10187 7519 10234 3619 
10190 7525 10236 3622 
10197 7527 10245 3624 
10204 7533 10249 3625 
10211 7542 10255 3628 
10214 7545 10256 3630 
10222 7549 10261 3633 
10225 7551 10267 3634 
10228 7556 10269 3635 
10230 7561 10273 3638 
10238 7569 10275 3639 
10239 7572 10278 3642 
10248 7576 10286 3644 
10252 7579 10290 3646 
10260 7583 10297 3648 
10269 7588 10302 3648 
10273 7595 10310 3650 
10284 7603 10319 3653 
10288 7604 10321 3655 
10297 7607 10324 3657 
10304 7611 10329 3660 
10310 7616 10341 3661 
10316 7623 10345 3661 
10324 7626 10348 3662 
10328 7629 10352 3662 
10334 7634 10357 3664 
10338 7636 10363 3666 
10341 7642 10366 3667 
10349 7647 10376 3670 
10352 7652 10385 3676 
10356 7656 10393 3677 
10365 7659 10398 3680 
10368 7663 10406 3680 
10375 7669 10409 3681 
10386 7673 10417 3684 
10393 7673 10424 3684 
10398 7677 10428 3687 
10403 7680 10432 3689 
10406 7686 10441 3691 
10416 7690 10447 3693 
10422 7691 10453 3697 
10431 7700 10457 3698 
10437 7702 10459 3699 
10440 7705 10465 3701 
10451 7707 10469 3703 
10457 7714 10470 3706 
10459 7717 10477 3707 
10462 7722 10479 3708 
10466 7729 10486 3708 
10469 7733 10493 3710 
10474 7738 10500 3713 
10478 7741 10504 3715 
10486 7744 10510 3719 
10491 7746 10515 3722 
10494 7749 10522 3726 
10498 7754 10528 3727 
10503 7758 10539 3731 
10513 7761 10544 3732 
10520 7767 10548 3737 
10525 7775 10557 3741 
10525 7780 10565 3744 
10531 7780 10571 3748 
10541 7783 10576 3750 
10541 7784 10584 3755 
10547 7785 10592 3760 
10555 7789 10601 3760 
10563 7794 10605 3761 
10567 7798 10609 3762 
10574 7801 10614 3763 
10579 7805 10621 3766 
10586 7815 10629 3769 
10595 7818 10639 3771 
10603 7819 10651 3772 
10606 7823 10652 3772 
10613 7826 10663 3773 
10615 7829 10668 3775 
10620 7831 10673 3777 
10628 7836 10675 3780 
10633 7836 10679 3783 
10642 7838 10683 3785 
10645 7840 10691 3788 
10648 7846 10694 3789 
10654 7849 10701 3792 
10659 7856 10705 3796 
10665 7860 10710 3798 
10669 7863 10712 3801 
10676 7865 10721 3801 
10681 7868 10725 3804 
10688 7874 10728 3806 
10693 7878 10738 3808 
10695 7883 10741 3811 
10696 7889 10746 3812 
10703 7893 10750 3814 
10709 7898 10754 3815 
10716 7906 10760 3816 
10720 7910 10767 3817 
10727 7914 10775 3818 
10732 7917 10780 3819 
10737 7920 10788 3820 
10745 7926 10794 3822 
10748 7928 10801 3823 
10752 7931 10807 3824 
10754 7937 10810 3825 
10760 7941 10816 3828 
10769 7945 10821 3830 
10774 7950 10823 3833 
10781 7953 10827 3835 
10783 7957 10830 3838 
10790 7960 10835 3842 
10800 7968 10846 3849 
10804 7971 10853 3852 
10807 7975 10855 3855 
10812 7977 10861 3858 
10814 7988 10869 3860 
10822 7991 10878 3861 
10827 7998 10884 3862 
10834 8003 10891 3865 
10837 8005 10895 3866 
10846 8012 10898 3868 
10849 8016 10904 3872 
10853 8022 10910 3874 
10857 8025 10918 3876 
10861 8028 10920 3878 
10868 8030 10925 3880 
10874 8030 10927 3880 
10879 8034 10930 3881 
10884 8040 10935 3883 
10889 8041 10940 3886 
10895 8042 10943 3890 
10899 8044 10946 3892 
10904 8047 10948 3894 
10908 8054 10952 3895 
10917 8057 10957 3898 
10920 8061 10964 3898 
10929 8066 10967 3900 
10933 8070 10972 3901 
10935 8073 10979 3903 
10940 8076 10983 3907 
10944 8084 10991 3909 
10951 8089 10997 3911 
10962 8094 11005 3912 
10968 8097 11009 3912 
10974 8105 11010 3913 
10978 8112 11017 3916 
10983 8119 11025 3918 
10987 8122 11027 3919 
10993 8124 11032 3923 
11003 8126 11035 3927 
11006 8130 11043 3930 
11010 8133 11053 3930 
11013 8138 11056 3931 
11018 8147 11064 3935 
11025 8152 11068 3940 
11030 8156 11072 3941 
11034 8160 11078 3944 
11044 8164 11081 3945 
11049 8170 11084 3947 
11053 8175 11093 3948 
11060 8177 11098 3948 
11071 8179 11104 3950 
11077 8185 11109 3953 
11083 8189 11116 3955 
11086 8195 11123 3957 
11091 8198 11127 3960 
11093 8202 11129 3960 
11099 8209 11137 3962 
11102 8213 11147 3962 
11110 8219 11151 3964 
11115 8225 11163 3965 
11125 8231 11172 3966 
11126 8234 11173 3974 
11132 8238 11174 3975 
11138 8243 11178 3979 
11140 8251 11185 3982 
11148 8257 11191 3983 
11158 8264 11194 3984 
11163 8270 11199 3986 
11172 8276 11204 3990 
11177 8280 11209 3994 
11182 8290 11218 3996 
11188 8299 11225 3997 
11192 8303 11229 3998 
11198 8305 11231 4001 
11202 8310 11233 4004 
11204 8314 11240 4008 
11212 8316 11248 4010 
11215 8324 11254 4012 
11217 8328 11258 4012 
11224 8331 11261 4014 
11232 8334 11264 4016 
11238 8337 11271 4016 
11246 8339 11272 4020 
11251 8342 11278 4022 
11254 8344 11286 4023 
11258 8347 11293 4025 
11260 8352 11298 4029 
11265 8355 11303 4030 
11269 8359 11314 4031 
11273 8360 11318 4034 
11280 8364 11323 4037 
11284 8368 11327 4040 
11289 8371 11331 4043 
11295 8373 11335 4045 
11301 8374 11338 4047 
11305 8384 11346 4048 
11309 8388 11349 4051 
11314 8389 11351 4051 
11320 8393 11356 4053 
11323 8395 11363 4056 
11328 8398 11369 4061 
11336 8403 11381 4063 
11344 8408 11385 4063 
11348 8413 11386 4064 
11358 8416 11394 4067 
11362 8420 11399 4071 
11372 8423 11405 4074 
11374 8431 11413 4074 
11381 8438 11419 4074 
11384 8449 11426 4077 
11388 8455 11429 4078 
11392 8461 11437 4078 
11398 8463 11446 4080 
11408 8470 11451 4084 
11417 8475 11457 4089 
11421 8481 11460 4090 
11428 8482 11468 4092 
11431 8486 11474 4093 
11440 8490 11483 4096 
11445 8497 11488 4096 
11448 8503 11493 4097 
11450 8510 11504 4098 
11453 8514 11509 4099 
11458 8518 11513 4100 
11462 8526 11517 4102 
11466 8530 11520 4103 
11470 8534 11524 4105 
11481 8540 11530 4106 
11489 8543 11540 4106 
11496 8554 11548 4108 
11502 8558 11557 4110 
11508 8563 11563 4112 
11514 8568 11568 4114 
11520 8573 11572 4117 
11529 8577 11577 4119 
11536 8581 11584 4120 
11538 8587 11587 4123 
11542 8592 11593 4124 
11549 8595 11598 4124 
11553 8605 11603 4125 
11557 8607 11615 4126 
11560 8611 11622 4127 
11568 8618 11624 4129 
11576 8624 11634 4131 
11579 8629 11636 4131 
11586 8635 11640 4135 
11590 8641 11646 4137 
11598 8646 11654 4137 
11603 8649 11660 4139 
11604 8653 11665 4143 
11611 8656 11671 4145 
11614 8661 11673 4146 
11615 8668 11676 4149 
11621 8672 11680 4150 
11623 8677 11685 4152 
11626 8683 11691 4153 
11630 8685 11694 4155 
11637 8691 11703 4155 
11639 8694 11710 4157 
11643 8701 11715 4157 
11646 8709 11718 4158 
11649 8715 11720 4159 
11655 8719 11722 4159 
11664 8724 11728 4160 
11668 8727 11735 4161 
11673 8734 11743 4166 
11680 8738 11748 4168 
11684 8743 11751 4169 
11692 8746 11756 4170 
11701 8750 11764 4170 
11707 8753 11772 4173 
11711 8757 11780 4175 
11716 8763 11782 4176 
11719 8764 11787 4177 
11725 8770 11793 4179 
11733 8774 11795 4182 
11737 8778 11807 4184 
11740 8786 11811 4185 
11743 8789 11817 4188 
11751 8793 11820 4189 
11762 8796 11829 4191 
11771 8800 11830 4192 
11777 8801 11835 4192 
11781 8804 11840 4195 
11786 8810 11845 4195 
11795 8812 11849 4196 
11800 8817 11854 4200 
11805 8820 11864 4201 
11815 8823 11869 4206 
11817 8825 11875 4210 
11822 8829 11878 4212 
11833 8834 11880 4216 
11839 8838 11891 4217 
11844 8842 11896 4219 
11849 8845 11899 4223 
11855 8845 11906 4225 
11860 8849 11908 4227 
11867 8855 11913 4230 
11870 8863 11916 4231 
11873 8864 11919 4235 
11883 8867 11927 4237 
11887 8873 11933 4238 
11895 8881 11934 4240 
11899 8883 11942 4242 
11904 8886 11954 4242 
11910 8889 11960 4242 
11921 8895 11967 4242 
11927 8896 11972 4244 
11936 8903 11977 4245 
11944 8911 11986 4248 
11948 8920 11994 4251 
11956 8925 12000 4252 
11961 8927 12004 4254 
11966 8929 12013 4257 
11970 8933 12016 4260 
11976 8935 12018 4264 
11982 8938 12025 4265 
11988 8944 12030 4266 
11994 8950 12035 4268 
11999 8950 12038 4270 
12001 8956 12042 4275 
12003 8960 12048 4279 
12006 8965 12057 4282 
12016 8967 12067 4285 
12019 8972 12072 4287 
12027 8979 12078 4288 
12029 8987 12083 4292 
12032 8990 12090 4296 
12041 8995 12095 4298 
12044 8998 12095 4298 
12047 9002 12104 4300 
12049 9014 12110 4301 
12060 9020 12117 4302 
12069 9026 12125 4303 
12072 9033 12133 4306 
12078 9038 12139 4308 
12084 9041 12149 4309 
12090 9041 12153 4312 
12099 9043 12158 4316 
12107 9047 12166 4317 
12111 9050 12169 4320 
12116 9054 12178 4321 
12118 9060 12193 4322 
12123 9063 12198 4324 
12125 9068 12204 4325 
12133 9071 12214 4325 
12137 9077 12228 4327 
12142 9080 12231 4327 
12149 9085 12239 4329 
12153 9092 12246 4332 
12161 9093 12249 4332 
12171 9097 12254 4333 
12181 9104 12257 4335 
12187 9110 12264 4340 
12194 9113 12270 4343 
12201 9116 12276 4343 
12214 9121 12287 4344 
12221 9126 12293 4345 
12226 9132 12296 4346 
12229 9134 12299 4349 
12240 9139 12304 4350 
12245 9141 12310 4355 
12250 9144 12314 4358 
12255 9150 12324 4360 
12258 9155 12327 4360 
12260 9159 12332 4362 
12269 9161 12339 4363 
12272 9169 12347 4364 
12278 9171 12360 4365 
12285 9175 12370 4369 
12291 9181 12379 4371 
12294 9186 12384 4372 
12302 9192 12392 4374 
12305 9199 12397 4375 
12313 9202 12404 4378 
12322 9205 12413 4379 
12328 9210 12418 4384 
12335 9216 12426 4387 
12343 9220 12430 4390 
12349 9222 12439 4397 
12356 9224 12443 4398 
12364 9229 12447 4398 
12370 9231 12455 4399 
12377 9233 12462 4399 
12383 9237 12467 4400 
12395 9241 12474 4401 
12402 9247 12475 4404 
12405 9252 12485 4406 
12409 9263 12490 4411 
12416 9267 12498 4415 
12421 9269 12504 4416 
12426 9274 12509 4418 
12428 9279 12513 4422 
12433 9282 12516 4422 
12441 9284 12522 4423 
12448 9287 12526 4424 
12454 9291 12530 4425 
12460 9297 12538 4427 
12465 9300 12544 4427 
12471 9306 12555 4428 
12475 9310 12562 4429 
12481 9320 12567 4432 
12486 9323 12573 4434 
12493 9327 12577 4434 
12501 9331 12581 4435 
12508 9335 12583 4435 
12512 9340 12594 4436 
12521 9343 12597 4439 
12527 9343 12600 4441 
12537 9348 12609 4443 
12541 9355 12613 4445 
12553 9361 12622 4451 
12561 9365 12631 4453 
12566 9370 12638 4455 
12570 9374 12646 4457 
12577 9380 12654 4458 
12584 9381 12655 4460 
12587 9384 12661 4463 
12592 9388 12671 4467 
12596 9394 12678 4467 
12602 9399 12685 4467 
12610 9408 12693 4469 
12618 9412 12698 4470 
12619 9416 12703 4472 
12622 9421 12711 4473 
12625 9423 12718 4476 
12632 9427 12725 4477 
12638 9432 12731 4478 
12642 9435 12732 4480 
12649 9440 12735 4483 
12651 9442 12740 4485 
12659 9449 12747 4486 
12669 9454 12752 4488 
12675 9457 12757 4488 
12683 9463 12761 4492 
12687 9468 12763 4493 
12690 9472 12769 4495 
12698 9475 12773 4498 
12701 9482 12776 4501 
12708 9485 12780 4501 
12715 9490 12787 4506 
12719 9494 12789 4508 
12720 9496 12797 4512 
12729 9499 12799 4513 
12731 9503 12802 4515 
12736 9506 12808 4519 
12740 9508 12814 4521 
12746 9510 12821 4523 
12753 9517 12826 4524 
12764 9523 12833 4527 
12770 9530 12841 4529 
12774 9531 12847 4532 
12777 9538 12855 4534 
12783 9542 12858 4537 
12787 9547 12861 4539 
12793 9553 12867 4540 
12801 9560 12869 4545 
12807 9566 12878 4551 
12811 9573 12886 4555 
12818 9577 12889 4558 
12821 9580 12893 4562 
12827 9588 12900 4564 
12833 9591 12904 4567 
12841 9595 12909 4569 
12849 9599 12914 4572 
12857 9601 12921 4573 
12860 9604 12927 4575 
12867 9608 12930 4578 
12874 9611 12937 4579 
12879 9614 12946 4582 
12884 9619 12949 4583 
12888 9620 12955 4587 
12897 9627 12962 4589 
12905 9631 12965 4591 
12910 9637 12968 4593 
12915 9640 12973 4596 
12920 9642 12976 4597 
12925 9646 12978 4598 
12929 9646 12981 4600 
12933 9653 12984 4600 
12938 9658 12986 4602 
12939 9661 12993 4606 
12941 9664 12994 4608 
12943 9670 12997 4611 
12951 9673 13006 4613 
12954 9679 13011 4616 
12959 9683 13018 4616 
12965 9687 13025 4618 
12975 9687 13031 4621 
12980 9690 13043 4622 
12984 9697 13047 4623 
12991 9701 13052 4626 
12998 9704 13063 4629 
13003 9707 13066 4631 
13007 9711 13067 4634 
13011 9718 13073 4637 
13015 9723 13078 4638 
13021 9726 13083 4640 
13026 9731 13087 4641 
13030 9737 13091 4643 
13031 9744 13095 4646 
13036 9749 13098 4647 
13037 9754 13106 4649 
13040 9755 13115 4652 
13043 9760 13120 4652 
13044 9766 13126 4655 
13048 9772 13130 4657 
13057 9774 13141 4658 
13061 9777 13146 4661 
13065 9782 13153 4664 
13074 9784 13158 4666 
13086 9791 13162 4671 
13093 9797 13173 4672 
13100 9806 13179 4673 
13103 9811 13184 4674 
13110 9819 13187 4676 
13116 9821 13193 4679 
13118 9827 13195 4683 
13126 9835 13201 4683 
13129 9841 13205 4687 
13136 9844 13208 4689 
13142 9849 13217 4692 
13146 9853 13219 4694 
13152 9855 13223 4695 
13155 9861 13228 4697 
13162 9871 13235 4699 
13171 9872 13243 4701 
13178 9877 13247 4703 
13181 9881 13254 4703 
13185 9890 13256 4705 
13191 9896 13264 4709 
13197 9901 13269 4711 
13204 9905 13278 4711 
13207 9906 13284 4716 
13211 9907 13289 4718 
13215 9912 13300 4724 
13216 9920 13302 4726 
13225 9928 13309 4726 
13228 9931 13313 4730 
13232 9935 13315 4734 
13235 9940 13323 4735 
13241 9950 13331 4738 
13247 9956 13336 4741 
13256 9959 13338 4742 
13259 9961 13343 4744 
13261 9968 13351 4745 
13267 9973 13356 4746 
13275 9981 13364 4748 
13281 9986 13373 4751 
13289 9992 13378 4752 
13291 9993 13386 4753 
13296 9996 13394 4756 
13299 10000 13397 4759 
13304 10003 13403 4759 
13310 10008 13408 4763 
13313 10012 13418 4765 
13319 10016 13430 4766 
13323 10028 13437 4766 
13328 10032 13439 4767 
13335 10034 13448 4769 
13336 10037 13456 4770 
13347 10045 13459 4775 
13358 10050 13466 4776 
13365 10057 13477 4777 
13367 10063 13485 4780 
13368 10066 13489 4780 
13371 10070 13496 4781 
13376 10073 13502 4783 
13376 10081 13510 4785 
13382 10082 13519 4789 
13385 10086 13532 4792 
13393 10089 13539 4792 
13398 10094 13542 4793 
13404 10101 13547 4797 
13412 10104 13550 4799 
13416 10108 13559 4800 
13420 10110 13564 4801 
13427 10115 13573 4803 
13431 10119 13583 4803 
13436 10126 13588 4805 
13441 10131 13596 4806 
13444 10134 13600 4808 
13451 10137 13605 4808 
13458 10142 13611 4810 
13467 10145 13621 4813 
13471 10154 13622 4816 
13484 10160 13629 4818 
13487 10165 13632 4820 
13490 10172 13636 4824 
13494 10175 13644 4826 
13501 10175 13647 4827 
13508 10177 13653 4827 
13513 10178 13659 4828 
13520 10179 13666 4828 
13525 10181 13674 4831 
13536 10184 13680 4834 
13542 10189 13684 4834 
13551 10190 13691 4837 
13553 10194 13702 4837 
13560 10198 13707 4840 
13563 10202 13714 4840 
13570 10206 13718 4841 
13574 10208 13724 4847 
13580 10210 13731 4848 
13588 10217 13737 4850 
13596 10221 13742 4853 
13601 10226 13745 4854 
13605 10228 13749 4856 
13610 10231 13755 4858 
13618 10233 13760 4859 
13623 10237 13769 4863 
13626 10239 13775 4865 
13631 10242 13783 4868 
13636 10244 13791 4872 
13640 10250 13801 4874 
13645 10255 13811 4877 
13649 10262 13814 4878 
13655 10265 13822 4879 
13658 10272 13828 4881 
13667 10275 13833 4883 
13672 10279 13839 4884 
13678 10280 13844 4886 
13682 10285 13856 4889 
13688 10288 13859 4889 
13691 10294 13864 4890 
13694 10299 13869 4893 
13698 10308 13871 4895 
13705 10312 13880 4897 
13714 10317 13887 4899 
13718 10326 13896 4902 
13725 10336 13900 4904 
13732 10341 13906 4905 
13735 10342 13914 4911 
13740 10346 13920 4911 
13751 10352 13923 4911 
13755 10357 13926 4912 
13763 10360 13929 4912 
13771 10360 13936 4912 
13773 10363 13940 4914 
13781 10368 13946 4918 
13787 10372 13950 4919 
13790 10377 13953 4920 
13796 10382 13954 4923 
13801 10393 13960 4925 
13809 10398 13967 4928 
13815 10400 13971 4930 
13821 10403 13978 4932 
13827 10410 13990 4934 
13831 10415 13996 4935 
13837 10417 14007 4938 
13840 10421 14013 4940 
13849 10423 14020 4940 
13854 10430 14021 4942 
13862 10436 14028 4944 
13867 10438 14035 4947 
13874 10441 14041 4948 
13879 10444 14047 4950 
13883 10445 14055 4952 
13891 10451 14066 4953 
13901 10457 14072 4954 
13908 10461 14077 4957 
13911 10464 14082 4959 
13918 10469 14088 4960 
13922 10474 14097 4963 
13925 10477 14101 4963 
13930 10483 14109 4963 
13934 10486 14115 4964 
13937 10496 14118 4966 
13946 10500 14122 4966 
13958 10505 14127 4970 
13962 10510 14134 4973 
13969 10510 14142 4973 
13973 10514 14144 4973 
13976 10523 14149 4975 
13982 10528 14160 4977 
13984 10530 14168 4979 
13989 10533 14172 4980 
13997 10539 14181 4982 
14006 10547 14186 4985 
14011 10551 14194 4987 
14016 10555 14196 4988 
14021 10557 14201 4991 
14026 10559 14207 4994 
14037 10566 14211 4997 
14044 10570 14215 4997 
14056 10580 14219 4999 
14065 10585 14224 4999 
14068 10586 14232 5002 
14072 10591 14241 5006 
14081 10598 14249 5006 
14089 10599 14255 5007 
14096 10600 14265 5008 
14106 10604 14268 5009 
14113 10608 14274 5011 
14120 10612 14278 5011 
14131 10618 14285 5013 
14134 10622 14289 5016 
14137 10627 14292 5018 
14143 10628 14301 5020 
14150 10634 14311 5023 
14151 10637 14315 5027 
14155 10641 14325 5030 
14166 10642 14331 5030 
14171 10645 14338 5032 
14177 10651 14343 5033 
14186 10658 14346 5035 
14192 10661 14354 5038 
14195 10662 14360 5039 
14203 10667 14366 5041 
14209 10671 14372 5043 
14218 10672 14380 5045 
14223 10678 14383 5046 
14228 10684 14387 5050 
14236 10689 14396 5053 
14242 10692 14403 5053 
14245 10697 14413 5057 
14251 10701 14421 5060 
14259 10705 14428 5062 
14266 10707 14434 5065 
14271 10711 14438 5066 
14274 10717 14446 5067 
14279 10723 14454 5070 
14289 10728 14459 5073 
14297 10733 14464 5073 
14306 10737 14468 5079 
14316 10742 14474 5084 
14324 10750 14480 5085 
14331 10753 14485 5088 
14333 10761 14492 5089 
14338 10769 14498 5090 
14342 10772 14510 5090 
14346 10779 14514 5091 
14349 10785 14516 5093 
14352 10789 14520 5094 
14358 10792 14525 5095 
14361 10800 14532 5096 
14364 10802 14537 5098 
14370 10810 14545 5101 
14375 10815 14552 5101 
14384 10823 14560 5105 
14389 10828 14564 5106 
14395 10834 14572 5106 
14400 10836 14578 5106 
14403 10841 14582 5107 
14410 10849 14594 5108 
14415 10852 14599 5109 
14420 10858 14602 5111 
14428 10859 14608 5111 
14432 10866 14610 5115 
14437 10871 14614 5115 
14441 10875 14620 5117 
14444 10880 14624 5119 
14450 10886 14629 5122 
14454 10888 14637 5124 
14464 10897 14643 5126 
14473 10905 14650 5127 
14478 10909 14652 5129 
14484 10913 14662 5133 
14488 10917 14670 5134 
14491 10922 14674 5137 
14493 10929 14681 5139 
14499 10936 14688 5142 
14503 10942 14693 5143 
14510 10947 14697 5144 
14515 10953 14702 5146 
14517 10954 14708 5147 
14520 10962 14710 5149 
14524 10965 14715 5150 
14526 10969 14717 5153 
14532 10971 14728 5154 
14537 10974 14734 5155 
14544 10980 14740 5157 
14550 10983 14741 5159 
14555 10987 14743 5160 
14557 10993 14751 5166 
14562 10998 14754 5169 
14568 11000 14758 5172 
14572 11002 14765 5176 
14574 11009 14774 5177 
14578 11013 14783 5180 
14580 11015 14794 5181 
14585 11017 14801 5184 
14589 11020 14809 5185 
14597 11024 14814 5186 
14601 11030 14817 5191 
14607 11032 14821 5193 
14613 11036 14827 5195 
14616 11047 14829 5199 
14621 11051 14836 5201 
14623 11055 14844 5205 
14627 11057 14853 5207 
14633 11060 14861 5208 
14640 11064 14862 5209 
14645 11069 14862 5215 
14650 11072 14865 5217 
14652 11078 14872 5219 
14655 11080 14881 5220 
14662 11083 14887 5223 
14672 11084 14889 5226 
14674 11085 14894 5230 
14676 11090 14901 5232 
14682 11094 14906 5234 
14687 11098 14909 5235 
14694 11101 14921 5236 
14704 11107 14926 5238 
14708 11111 14929 5241 
14713 11113 14939 5245 
14718 11120 14946 5247 
14722 11123 14952 5248 
14723 11127 14961 5249 
14726 11131 14965 5251 
14728 11133 14975 5252 
14735 11136 14979 5252 
14741 11146 14980 5253 
14745 11152 14987 5257 
14750 11158 14991 5258 
14757 11160 14996 5260 
14761 11165 15001 5264 
14769 11168 15006 5266 
14774 11174 15011 5268 
14782 11182 15018 5270 
14787 11183 15023 5271 
14795 11187 15027 5274 
14806 11187 15034 5277 
14810 11193 15036 5278 
14816 11197 15043 5279 
14820 11204 15046 5281 
14828 11208 15050 5283 
14835 11209 15059 5284 
14844 11213 15063 5285 
14852 11219 15074 5286 
14856 11228 15082 5287 
14860 11232 15094 5288 
14867 11235 15108 5289 
14872 11240 15113 5290 
14878 11244 15120 5293 
14883 11249 15127 5295 
14889 11252 15137 5299 
14896 11256 15145 5299 
14902 11262 15153 5300 
14904 11264 15159 5305 
14908 11265 15167 5308 
14914 11268 15168 5309 
14917 11275 15179 5312 
14922 11282 15189 5315 
14927 11288 15200 5319 
14933 11292 15203 5321 
14937 11295 15206 5325 
14944 11301 15211 5326 
14950 11306 15217 5330 
14953 11313 15226 5332 
14956 11320 15233 5333 
14963 11325 15235 5335 
14968 11329 15238 5336 
14975 11340 15243 5337 
14980 11343 15246 5340 
14983 11346 15255 5343 
14987 11350 15259 5345 
14992 11352 15266 5347 
15000 11357 15273 5348 
15003 11367 15282 5351 
15014 11374 15291 5351 
15019 11383 15296 5353 
15027 11388 15302 5354 
15033 11391 15305 5356 
15036 11393 15311 5360 
15041 11398 15320 5360 
15044 11400 15325 5363 
15048 11403 15330 5368 
15054 11405 15332 5369 
15060 11414 15340 5370 
15067 11423 15350 5371 
15073 11427 15357 5372 
15082 11432 15363 5373 
15088 11441 15369 5375 
15091 11447 15375 5383 
15101 11452 15383 5385 
15108 11458 15387 5387 
15113 11462 15391 5389 
15119 11464 15400 5390 
15125 11470 15402 5392 
15131 11475 15410 5393 
15134 11480 15418 5395 
15136 11487 15423 5396 
15139 11490 15427 5398 
15143 11494 15432 5404 
15149 11496 15436 5407 
15156 11499 15440 5413 
15161 11501 15450 5415 
15164 11505 15453 5416 
15167 11512 15458 5418 
15172 11518 15467 5422 
15179 11522 15475 5426 
15183 11528 15481 5427 
15190 11533 15484 5429 
15196 11540 15492 5431 
15202 11547 15495 5433 
15206 11553 15496 5437 
15207 11558 15501 5441 
15212 11559 15503 5443 
15220 11563 15508 5445 
15222 11569 15517 5450 
15229 11571 15523 5452 
15237 11573 15528 5453 
15239 11580 15537 5455 
15245 11585 15541 5456 
15251 11590 15546 5460 
15259 11595 15550 5463 
15264 11600 15555 5465 
15271 11605 15561 5470 
15279 11611 15564 5471 
15281 11614 15569 5474 
15291 11621 15577 5475 
15300 11628 15584 5475 
15307 11630 15591 5481 
15311 11641 15599 5482 
15314 11649 15608 5485 
15317 11653 15611 5486 
15324 11662 15614 5488 
15329 11666 15621 5491 
15334 11673 15627 5492 
15344 11677 15632 5494 
15349 11682 15638 5496 
15355 11687 15645 5497 
15360 11692 15652 5499 
15365 11697 15659 5500 
15368 11700 15665 5503 
15370 11709 15679 5505 
15375 11713 15684 5508 
15384 11722 15695 5510 
15392 11724 15705 5510 
15396 11732 15714 5514 
15403 11739 15722 5515 
15407 11747 15727 5518 
15412 11750 15735 5521 
15420 11755 15744 5523 
15428 11761 15751 5524 
15436 11761 15753 5529 
15439 11767 15760 5531 
15444 11774 15767 5533 
15449 11774 15773 5534 
15455 11781 15780 5536 
15464 11786 15785 5537 
15473 11791 15794 5541 
15477 11798 15799 5543 
15486 11801 15805 5546 
15491 11804 15812 5546 
15496 11811 15815 5547 
15502 11816 15821 5548 
15506 11818 15825 5553 
15511 11821 15834 5555 
15518 11824 15837 5556 
15519 11829 15840 5556 
15527 11832 15842 5557 
15533 11835 15849 5561 
15535 11839 15857 5564 
15541 11845 15867 5566 
15549 11848 15872 5569 
15553 11853 15878 5569 
15558 11856 15882 5570 
15562 11862 15885 5575 
15568 11868 15895 5579 
15572 11870 15904 5584 
15578 11872 15907 5587 
15583 11876 15912 5590 
15587 11878 15918 5591 
15590 11883 15922 5593 
15597 11887 15930 5594 
15602 11894 15938 5596 
15611 11896 15944 5597 
15615 11900 15952 5600 
15620 11907 15962 5601 
15627 11912 15970 5605 
15632 11918 15974 5606 
15637 11922 15980 5608 
15644 11926 15987 5610 
15648 11930 15995 5612 
15652 11935 15999 5615 
15660 11942 16004 5617 
15668 11946 16011 5618 
15674 11948 16013 5621 
15679 11956 16024 5624 
15683 11962 16032 5627 
15690 11970 16039 5629 
15696 11975 16045 5632 
15702 11977 16050 5635 
15713 11980 16055 5638 
15715 11981 16060 5640 
15723 11985 16066 5643 
15729 11989 16072 5646 
15735 11991 16080 5648 
15741 11994 16087 5649 
15747 11996 16095 5650 
15751 12000 16099 5653 
15760 12005 16104 5656 
15760 12010 16111 5656 
15766 12013 16117 5658 
15771 12015 16123 5660 
15777 12019 16129 5661 
15782 12024 16130 5662 
15789 12027 16135 5665 
15793 12035 16141 5668 
15799 12040 16147 5672 
15807 12045 16151 5674 
15807 12048 16159 5675 
15813 12057 16162 5676 
15820 12063 16166 5678 
15827 12073 16167 5679 
15829 12078 16173 5681 
15832 12081 16178 5683 
15835 12084 16181 5684 
15841 12092 16193 5685 
15845 12098 16197 5686 
15850 12099 16205 5690 
15857 12100 16210 5693 
15867 12103 16219 5696 
15872 12113 16223 5697 
15880 12117 16228 5701 
15890 12123 16231 5702 
15898 12128 16235 5704 
15907 12131 16240 5706 
15919 12139 16248 5708 
15924 12142 16253 5709 
15934 12150 16261 5714 
15938 12158 16267 5717 
15943 12168 16272 5720 
15948 12175 16277 5720 
15956 12181 16287 5723 
15963 12188 16290 5726 
15966 12192 16294 5729 
15972 12193 16295 5730 
15982 12199 16299 5733 
15991 12202 16307 5736 
15998 12206 16313 5739 
16003 12207 16320 5741 
16010 12208 16330 5743 
16015 12210 16337 5747 
16019 12214 16346 5748 
16027 12217 16350 5751 
16035 12226 16357 5754 
16038 12228 16364 5755 
16041 12236 16375 5755 
16046 12242 16383 5756 
16053 12246 16394 5759 
16059 12249 16404 5761 
16065 12256 16410 5761 
16070 12261 16414 5765 
16075 12263 16418 5767 
16080 12271 16423 5768 
16086 12273 16428 5771 
16093 12278 16434 5771 
16095 12280 16440 5774 
16099 12282 16447 5778 
16108 12283 16455 5781 
16113 12288 16462 5785 
16122 12297 16470 5788 
16131 12304 16478 5789 
16136 12312 16483 5793 
16139 12315 16488 5793 
16147 12321 16496 5795 
16153 12324 16501 5795 
16157 12329 16509 5797 
16163 12333 16514 5799 
16167 12337 16517 5805 
16176 12344 16522 5805 
16183 12351 16523 5809 
16187 12357 16529 5809 
16189 12360 16531 5810 
16199 12365 16537 5812 
16204 12370 16542 5814 
16212 12382 16547 5820 
16217 12382 16552 5820 
16223 12386 16561 5820 
16225 12392 16569 5822 
16233 12398 16574 5827 
16238 12405 16581 5830 
16243 12410 16587 5831 
16250 12418 16597 5831 
16254 12421 16602 5832 
16261 12426 16608 5835 
16267 12430 16611 5838 
16273 12435 16622 5841 
16276 12439 16630 5844 
16283 12447 16635 5844 
16290 12456 16644 5845 
16293 12462 16652 5845 
16296 12467 16654 5847 
16306 12472 16661 5849 
16314 12473 16665 5850 
16317 12480 16668 5852 
16322 12485 16672 5855 
16327 12486 16679 5857 
16332 12491 16682 5859 
16338 12499 16688 5860 
16343 12503 16695 5863 
16348 12506 16703 5864 
16352 12510 16712 5864 
16357 12511 16718 5868 
16363 12514 16729 5870 
16368 12518 16733 5871 
16376 12520 16741 5872 
16384 12522 16748 5873 
16388 12532 16757 5874 
16393 12535 16762 5876 
16398 12544 16767 5879 
16400 12549 16771 5881 
16407 12556 16775 5883 
16413 12558 16779 5885 
16421 12565 16781 5889 
16428 12573 16787 5889 
16431 12576 16795 5892 
16436 12581 16800 5896 
16444 12585 16805 5898 
16454 12592 16809 5899 
16458 12601 16815 5901 
16463 12605 16820 5901 
16467 12610 16829 5904 
16472 12617 16836 5905 
16477 12622 16840 5909 
16484 12626 16846 5912 
16487 12632 16853 5915 
16491 12635 16861 5917 
16497 12639 16871 5920 
16503 12640 16877 5920 
16510 12640 16882 5921 
16515 12645 16886 5925 
16519 12651 16896 5927 
16525 12654 16900 5932 
16533 12654 16908 5933 
16537 12659 16910 5933 
16542 12665 16916 5935 
16546 12676 16919 5935 
16547 12680 16926 5937 
16550 12686 16931 5940 
16552 12691 16939 5941 
16566 12694 16943 5942 
16570 12698 16948 5945 
16578 12699 16951 5952 
16584 12702 16953 5954 
16590 12708 16956 5956 
16594 12709 16963 5957 
16599 12713 16969 5959 
16600 12717 16975 5961 
16604 12722 16981 5962 
16613 12731 16985 5963 
16620 12736 16992 5968 
16627 12740 16996 5970 
16632 12744 17003 5972 
16636 12749 17011 5974 
16639 12756 17015 5976 
16647 12757 17025 5977 
16649 12761 17033 5980 
16654 12766 17039 5983 
16658 12772 17042 5983 
16662 12775 17051 5985 
16665 12779 17056 5991 
16673 12782 17059 5992 
16679 12785 17062 5996 
16681 12790 17071 5997 
16686 12792 17077 5999 
16692 12795 17081 6000 
16699 12798 17084 6006 
16700 12805 17090 6010 
16705 12808 17098 6014 
16707 12811 17104 6015 
16712 12818 17110 6018 
16714 12823 17120 6021 
16720 12827 17125 6026 
16723 12830 17130 6026 
16729 12832 17138 6032 
16736 12837 17148 6032 
16740 12839 17151 6035 
16744 12842 17160 6038 
16748 12846 17166 6040 
16754 12852 17173 6043 
16758 12859 17180 6047 
16763 12862 17187 6050 
16765 12864 17193 6053 
16771 12869 17196 6053 
16780 12871 17204 6054 
16786 12876 17208 6057 
16791 12879 17208 6057 
16795 12885 17213 6058 
16801 12890 17222 6058 
16810 12895 17227 6062 
16813 12904 17235 6064 
16816 12906 17240 6065 
16823 12912 17242 6065 
16832 12918 17247 6067 
16838 12919 17256 6074 
16843 12920 17261 6076 
16849 12921 17266 6077 
16858 12923 17274 6079 
16863 12925 17279 6080 
16866 12928 17289 6085 
16872 12930 17295 6087 
16878 12937 17299 6089 
16884 12946 17307 6094 
16891 12951 17313 6095 
16895 12956 17319 6099 
16907 12958 17326 6101 
16912 12963 17332 6103 
16917 12965 17338 6104 
16922 12971 17347 6106 
16928 12974 17351 6111 
16934 12982 17354 6114 
16938 12990 17356 6116 
16943 12991 17364 6117 
16949 12993 17367 6119 
16960 12997 17376 6120 
16963 12999 17380 6121 
16968 13002 17385 6122 
16972 13004 17390 6124 
16975 13011 17393 6125 
16981 13016 17399 6129 
16987 13022 17409 6131 
16994 13027 17417 6133 
16997 13035 17425 6135 
17002 13040 17433 6139 
17006 13044 17438 6142 
17016 13048 17444 6145 
17020 13055 17450 6150 
17026 13061 17452 6152 
17031 13068 17454 6158 
17038 13069 17457 6161 
17044 13074 17461 6162 
17045 13078 17466 6163 
17050 13082 17473 6164 
17054 13087 17481 6166 
17059 13091 17487 6167 
17064 13098 17493 6171 
17069 13100 17499 6173 
17075 13103 17507 6173 
17079 13105 17513 6176 
17083 13108 17523 6178 
17090 13109 17531 6180 
17095 13116 17538 6183 
17098 13124 17545 6188 
17103 13128 17552 6189 
17111 13131 17558 6191 
17119 13137 17563 6194 
17127 13143 17570 6197 
17128 13148 17576 6199 
17135 13153 17581 6203 
17141 13155 17589 6206 
17149 13158 17596 6208 
17157 13160 17600 6212 
17163 13166 17606 6217 
17168 13170 17613 6218 
17178 13177 17619 6218 
17185 13183 17627 6220 
17192 13188 17628 6225 
17196 13193 17632 6226 
17201 13195 17635 6229 
17208 13206 17643 6230 
17214 13210 17651 6232 
17222 13212 17658 6234 
17231 13215 17663 6234 
17236 13221 17670 6237 
17240 13223 17674 6239 
17245 13229 17681 6241 
17250 13237 17691 6244 
17259 13243 17694 6245 
17266 13247 17702 6246 
17270 13251 17708 6249 
17277 13255 17714 6254 
17283 13262 17719 6255 
17293 13269 17726 6257 
17297 13274 17731 6257 
17306 13279 17738 6261 
17312 13285 17744 6263 
17316 13287 17748 6263 
17323 13291 17752 6265 
17326 13296 17760 6266 
17330 13298 17769 6268 
17333 13304 17777 6270 
17340 13309 17788 6272 
17347 13315 17793 6274 
17351 13320 17805 6278 
17356 13326 17815 6282 
17361 13334 17818 6286 
17365 13337 17825 6287 
17368 13337 17832 6291 
17378 13340 17837 6292 
17385 13345 17843 6295 
17390 13350 17854 6296 
17397 13354 17856 6298 
17403 13357 17865 6301 
17410 13360 17872 6301 
17414 13367 17877 6303 
17421 13371 17882 6304 
17431 13377 17888 6305 
17441 13381 17895 6306 
17443 13386 17898 6309 
17450 13389 17904 6309 
17456 13395 17908 6310 
17460 13400 17913 6316 
17467 13405 17920 6320 
17475 13407 17922 6324 
17485 13410 17927 6325 
17488 13415 17937 6326 
17492 13423 17945 6328 
17495 13429 17957 6328 
17499 13432 17966 6330 
17503 13437 17971 6336 
17508 13441 17975 6337 
17516 13448 17981 6341 
17524 13457 17982 6342 
17529 13462 17988 6345 
17531 13467 17994 6345 
17536 13470 18001 6349 
17542 13473 18008 6352 
17549 13477 18015 6353 
17553 13485 18016 6356 
17559 13492 18022 6357 
17563 13497 18028 6361 
17575 13501 18032 6366 
17578 13505 18047 6372 
17585 13507 18054 6374 
17589 13510 18062 6376 
17596 13514 18070 6379 
17607 13516 18077 6382 
17615 13522 18079 6383 
17616 13526 18085 6384 
17621 13534 18087 6384 
17624 13540 18089 6385 
17632 13541 18098 6386 
17637 13544 18104 6389 
17639 13545 18112 6389 
17644 13546 18119 6392 
17651 13547 18122 6392 
17658 13552 18129 6393 
17662 13557 18142 6394 
17668 13562 18147 6396 
17672 13566 18151 6398 
17675 13572 18159 6401 
17683 13580 18161 6401 
17694 13583 18170 6402 
17701 13592 18175 6405 
17707 13596 18185 6407 
17711 13600 18193 6411 
17711 13605 18199 6412 
17716 13611 18207 6413 
17720 13621 18211 6416 
17730 13624 18222 6417 
17734 13630 18230 6419 
17740 13632 18231 6421 
17746 13642 18239 6426 
17750 13646 18248 6426 
17754 13649 18255 6426 
17760 13655 18260 6428 
17769 13657 18264 6428 
17775 13663 18270 6432 
17779 13666 18280 6434 
17786 13672 18282 6438 
17792 13676 18292 6438 
17798 13684 18295 6442 
17804 13686 18301 6442 
17809 13690 18308 6444 
17816 13699 18313 6444 
17821 13702 18316 6446 
17828 13708 18325 6450 
17835 13716 18328 6451 
17838 13719 18333 6452 
17840 13727 18337 6454 
17845 13732 18344 6457 
17851 13737 18351 6459 
17858 13740 18356 6464 
17864 13750 18362 6468 
17870 13753 18369 6471 
17875 13759 18375 6472 
17877 13764 18381 6474 
17880 13767 18388 6474 
17889 13771 18395 6478 
17899 13776 18405 6478 
17904 13787 18410 6479 
17912 13788 18413 6481 
17920 13794 18421 6481 
17924 13795 18425 6482 
17935 13798 18437 6483 
17939 13801 18445 6484 
17944 13803 18452 6487 
17952 13805 18460 6489 
17957 13807 18469 6491 
17959 13808 18475 6492 
17965 13813 18482 6494 
17972 13816 18485 6496 
17983 13820 18493 6499 
17988 13832 18495 6503 
17995 13839 18500 6504 
17997 13844 18506 6508 
18004 13851 18509 6510 
18015 13853 18516 6512 
18016 13855 18523 6513 
18019 13864 18528 6514 
18025 13868 18534 6518 
18038 13876 18542 6518 
18048 13882 18550 6521 
18052 13886 18553 6525 
18058 13888 18555 6525 
18063 13891 18564 6526 
18068 13899 18572 6527 
18070 13902 18579 6531 
18073 13910 18587 6532 
18080 13915 18593 6534 
18087 13919 18597 6536 
18089 13921 18600 6536 
18091 13922 18610 6540 
18102 13924 18615 6543 
18112 13929 18630 6544 
18116 13934 18638 6546 
18120 13938 18649 6549 
18129 13942 18658 6551 
18134 13946 18660 6554 
18136 13954 18670 6555 
18142 13960 18679 6557 
18148 13960 18684 6562 
18154 13971 18695 6563 
18161 13974 18702 6564 
18165 13978 18709 6565 
18168 13984 18712 6568 
18173 13993 18712 6571 
18180 14000 18716 6572 
18191 14003 18720 6574 
18194 14006 18725 6575 
18198 14010 18735 6580 
18201 14013 18745 6582 
18210 14019 18753 6583 
18216 14026 18762 6585 
18219 14027 18772 6587 
18227 14032 18776 6592 
18233 14039 18784 6595 
18239 14043 18791 6597 
18243 14050 18800 6603 
18251 14058 18803 6603 
18254 14063 18806 6604 
18258 14067 18817 6606 
18262 14071 18822 6607 
18262 14079 18830 6608 
18268 14086 18836 6610 
18274 14091 18843 6614 
18278 14095 18850 6617 
18286 14100 18861 6621 
18289 14103 18870 6621 
18294 14112 18872 6624 
18297 14116 18875 6627 
18303 14122 18881 6627 
18306 14126 18890 6627 
18308 14130 18894 6627 
18314 14138 18897 6627 
18319 14145 18903 6628 
18325 14147 18907 6631 
18333 14150 18918 6632 
18338 14157 18922 6635 
18346 14157 18928 6637 
18354 14163 18934 6639 
18360 14165 18947 6642 
18366 14171 18953 6643 
18371 14178 18963 6645 
18376 14184 18971 6648 
18385 14188 18974 6655 
18390 14192 18980 6657 
18396 14196 18984 6659 
18402 14199 18992 6661 
18407 14203 18999 6663 
18408 14211 19006 6665 
18414 14214 19012 6667 
18417 14218 19020 6667 
18422 14224 19026 6668 
18428 14226 19033 6670 
18433 14230 19036 6673 
18437 14234 19040 6674 
18446 14240 19045 6674 
18453 14245 19051 6678 
18456 14248 19057 6681 
18463 14255 19064 6682 
18469 14256 19075 6684 
18474 14266 19079 6689 
18479 14275 19088 6691 
18481 14281 19099 6694 
18488 14287 19105 6696 
18495 14294 19115 6697 
18501 14301 19118 6700 
18504 14304 19126 6702 
18510 14308 19136 6707 
18511 14309 19139 6710 
18514 14311 19145 6712 
18519 14317 19145 6714 
18529 14322 19150 6717 
18537 14329 19166 6719 
18540 14334 19170 6722 
18544 14345 19174 6723 
18547 14351 19180 6724 
18553 14358 19182 6728 
18554 14359 19188 6728 
18559 14365 19193 6728 
18561 14368 19201 6730 
18567 14373 19210 6732 
18574 14375 19211 6735 
18578 14376 19222 6736 
18582 14381 19228 6738 
18587 14385 19234 6743 
18593 14387 19244 6744 
18594 14393 19253 6746 
18598 14398 19257 6747 
18603 14401 19264 6751 
18611 14404 19272 6753 
18614 14406 19278 6758 
18618 14413 19282 6760 
18621 14416 19287 6764 
18624 14423 19292 6766 
18630 14430 19298 6768 
18633 14430 19303 6773 
18636 14434 19312 6776 
18645 14440 19318 6778 
18648 14442 19329 6778 
18651 14447 19332 6779 
18657 14451 19337 6782 
18665 14452 19341 6785 
18669 14460 19350 6785 
18675 14463 19355 6786 
18684 14468 19360 6790 
18694 14470 19366 6793 
18696 14474 19372 6799 
18704 14478 19381 6803 
18711 14481 19383 6809 
18713 14491 19391 6810 
18718 14491 19395 6810 
18719 14495 19404 6814 
18723 14505 19412 6816 
18729 14510 19416 6817 
18730 14516 19422 6819 
18737 14522 19427 6821 
18743 14526 19435 6822 
18757 14528 19439 6823 
18763 14531 19440 6824 
18771 14537 19449 6826 
18777 14541 19455 6830 
18786 14547 19468 6833 
18790 14550 19471 6836 
18797 14554 19478 6842 
18801 14560 19489 6844 
18810 14566 19491 6846 
18815 14573 19500 6848 
18819 14576 19501 6849 
18824 14582 19512 6851 
18827 14586 19518 6855 
18832 14591 19527 6857 
18837 14596 19533 6861 
18843 14598 19537 6865 
18849 14603 19542 6866 
18854 14605 19547 6868 
18858 14608 19552 6869 
18861 14615 19559 6870 
18865 14619 19567 6872 
18866 14622 19579 6874 
18870 14628 19585 6878 
18875 14632 19592 6883 
18879 14636 19599 6886 
18884 14640 19603 6889 
18890 14647 19607 6892 
18896 14651 19614 6897 
18905 14656 19624 6905 
18913 14661 19630 6908 
18920 14665 19639 6910 
18925 14668 19646 6910 
18931 14673 19654 6911 
18934 14679 19662 6920 
18940 14686 19666 6923 
18950 14689 19672 6925 
18955 14691 19681 6925 
18961 14696 19692 6926 
18964 14698 19700 6930 
18967 14707 19704 6936 
18971 14711 19712 6938 
18979 14712 19721 6939 
18987 14715 19725 6941 
18993 14718 19728 6945 
19000 14720 19734 6945 
19005 14723 19740 6947 
19013 14729 19749 6949 
19022 14731 19754 6950 
19026 14738 19759 6954 
19029 14739 19764 6956 
19033 14742 19772 6964 
19033 14752 19783 6966 
19039 14755 19790 6970 
19047 14757 19802 6970 
19052 14765 19808 6972 
19056 14767 19814 6973 
19063 14775 19822 6976 
19066 14778 19828 6979 
19073 14786 19833 6985 
19081 14792 19841 6987 
19086 14796 19849 6989 
19093 14798 19856 6991 
19098 14802 19858 6994 
19106 14805 19868 6996 
19113 14808 19875 6997 
19121 14810 19884 6998 
19131 14810 19886 6998 
19139 14815 19897 7002 
19145 14816 19906 7005 
19150 14822 19911 7007 
19152 14829 19917 7013 
19158 14833 19923 7016 
19162 14838 19928 7023 
19167 14839 19931 7027 
19170 14839 19936 7031 
19173 14843 19941 7033 
19175 14848 19946 7034 
19183 14851 19956 7038 
19191 14853 19960 7040 
19196 14862 19967 7044 
19204 14869 19973 7048 
19210 14870 19979 7052 
19219 14872 19988 7053 
19223 14874 19993 7055 
19228 14879 19998 7055 
19234 14881 20007 7057 
19243 14883 20009 7060 
19254 14888 20013 7062 
19257 14892 20019 7064 
19264 14892 20026 7065 
19268 14898 20035 7066 
19275 14903 20044 7068 
19278 14905 20055 7071 
19281 14914 20059 7072 
19288 14916 20064 7074 
19292 14917 20071 7077 
19300 14921 20076 7078 
19304 14930 20081 7081 
19311 14933 20089 7081 
19314 14935 20094 7084 
19317 14941 20098 7087 
19322 14948 20103 7090 
19332 14951 20108 7090 
19335 14956 20112 7095 
19339 14958 20120 7099 
19346 14963 20129 7100 
19352 14969 20132 7104 
19359 14973 20137 7107 
19366 14979 20146 7108 
19370 14984 20151 7111 
19383 14989 20158 7115 
19388 14994 20166 7117 
19397 14999 20173 7121 
19401 15008 20180 7123 
19405 15014 20184 7125 
19408 15016 20190 7131 
19416 15021 20197 7135 
19422 15022 20202 7140 
19431 15024 20205 7142 
19442 15031 20210 7142 
19447 15037 20216 7144 
19453 15042 20223 7147 
19460 15050 20225 7150 
19464 15055 20230 7155 
19469 15061 20231 7159 
19473 15070 20243 7163 
19481 15073 20253 7166 
19485 15078 20259 7166 
19490 15083 20265 7166 
19494 15087 20269 7168 
19497 15092 20275 7168 
19505 15094 20281 7169 
19510 15106 20288 7175 
19516 15110 20296 7175 
19528 15113 20302 7175 
19534 15115 20305 7178 
19543 15120 20320 7179 
19549 15124 20325 7182 
19560 15129 20337 7187 
19566 15132 20344 7187 
19577 15139 20356 7191 
19585 15148 20366 7194 
19594 15151 20370 7198 
19599 15153 20376 7200 
19604 15162 20383 7202 
19610 15165 20391 7205 
19615 15168 20396 7207 
19626 15173 20400 7208 
19629 15179 20407 7210 
19635 15182 20412 7211 
19641 15185 20418 7211 
19646 15192 20422 7213 
19654 15197 20427 7216 
19660 15202 20432 7217 
19667 15209 20443 7220 
19673 15219 20448 7221 
19678 15225 20457 7226 
19683 15231 20461 7227 
19689 15240 20464 7228 
19694 15244 20467 7229 
19698 15252 20474 7233 
19705 15254 20478 7233 
19709 15257 20487 7235 
19717 15261 20492 7237 
19726 15266 20503 7238 
19729 15270 20509 7239 
19734 15278 20514 7239 
19741 15283 20518 7241 
19744 15287 20527 7244 
19752 15293 20537 7245 
19755 15302 20543 7248 
19763 15307 20549 7249 
19768 15310 20556 7252 
19775 15314 20561 7258 
19781 15322 20569 7260 
19788 15328 20575 7262 
19794 15332 20583 7264 
19802 15337 20589 7267 
19804 15341 20599 7271 
19813 15350 20605 7275 
19817 15357 20609 7276 
19822 15360 20614 7278 
19828 15363 20626 7278 
19835 15371 20632 7279 
19837 15377 20639 7282 
19842 15381 20644 7283 
19849 15388 20653 7286 
19860 15395 20661 7290 
19866 15399 20664 7293 
19877 15401 20669 7294 
19884 15405 20676 7295 
19888 15410 20684 7300 
19894 15416 20687 7301 
19901 15421 20698 7304 
19906 15427 20710 7305 
19916 15432 20720 7307 
19923 15436 20726 7309 
19929 15439 20731 7311 
19933 15446 20736 7314 
19941 15449 20740 7318 
19945 15457 20744 7320 
19951 15463 20752 7321 
19960 15468 20760 7323 
19963 15473 20772 7325 
19967 15476 20777 7327 
19974 15482 20784 7333 
19983 15483 20790 7336 
19990 15486 20794 7337 
19994 15489 20798 7342 
19996 15494 20801 7342 
20001 15497 20809 7345 
20008 15500 20813 7348 
20017 15507 20818 7348 
20022 15515 20826 7350 
20024 15520 20834 7350 
20031 15525 20840 7351 
20041 15535 20850 7351 
20047 15542 20855 7353 
20051 15549 20861 7355 
20059 15551 20866 7358 
20067 15560 20875 7359 
20071 15564 20882 7360 
20078 15569 20888 7364 
20084 15572 20895 7364 
20091 15577 20901 7366 
20095 15581 20907 7367 
20101 15586 20919 7370 
20107 15591 20927 7371 
20110 15597 20933 7373 
20118 15599 20946 7375 
20125 15605 20948 7377 
20132 15609 20955 7381 
20139 15617 20958 7382 
20149 15623 20966 7382 
20153 15626 20969 7386 
20165 15631 20973 7387 
20171 15639 20980 7388 
20177 15645 20989 7388 
20183 15650 20996 7392 
20190 15654 21005 7396 
20196 15660 21014 7398 
20206 15662 21019 7403 
20217 15665 21023 7403 
20224 15667 21029 7404 
20238 15677 21034 7405 
20245 15679 21043 7408 
20254 15684 21048 7411 
20266 15688 21055 7412 
20272 15695 21061 7415 
20276 15701 21067 7416 
20284 15702 21070 7417 
20290 15707 21079 7419 
20294 15709 21085 7421 
20305 15713 21088 7424 
20314 15721 21095 7425 
20320 15722 21100 7427 
20324 15729 21106 7429 
20334 15733 21110 7432 
20342 15742 21118 7433 
20350 15748 21128 7434 
20356 15751 21132 7438 
20358 15754 21141 7441 
20360 15759 21151 7445 
20362 15765 21157 7445 
20367 15771 21159 7447 
20373 15777 21168 7448 
20379 15785 21176 7452 
20385 15789 21183 7453 
20389 15793 21191 7454 
20394 15797 21199 7456 
20401 15800 21201 7458 
20408 15803 21210 7461 
20411 15807 21219 7461 
20419 15814 21222 7466 
20426 15819 21228 7472 
20433 15827 21235 7475 
20441 15831 21243 7477 
20447 15833 21247 7479 
20454 15836 21253 7485 
20460 15838 21263 7488 
20464 15840 21273 7491 
20476 15843 21276 7494 
20481 15845 21282 7497 
20485 15850 21286 7498 
20496 15857 21289 7500 
20500 15860 21291 7504 
20510 15867 21296 7507 
20516 15874 21300 7507 
20522 15879 21306 7509 
20527 15886 21313 7513 
20530 15890 21318 7514 
20535 15898 21323 7517 
20539 15901 21325 7517 
20544 15905 21334 7519 
20546 15909 21338 7521 
20554 15915 21345 7524 
20560 15919 21353 7525 
20563 15925 21355 7526 
20568 15934 21361 7530 
20575 15939 21364 7535 
20582 15941 21370 7536 
20588 15946 21381 7536 
20593 15952 21386 7536 
20597 15955 21392 7536 
20605 15960 21402 7537 
20609 15965 21407 7538 
20616 15969 21422 7542 
20625 15976 21426 7543 
20630 15977 21440 7544 
20638 15982 21447 7547 
20641 15989 21453 7550 
20645 15994 21459 7551 
20651 15998 21464 7552 
20653 16004 21471 7555 
20658 16009 21476 7557 
20662 16014 21488 7557 
20670 16018 21496 7559 
20676 16022 21502 7560 
20684 16026 21507 7562 
20690 16033 21513 7563 
20697 16037 21517 7565 
20709 16043 21525 7565 
20716 16049 21530 7570 
20719 16052 21542 7572 
20725 16057 21549 7577 
20730 16059 21557 7580 
20731 16060 21562 7582 
20735 16067 21567 7583 
20740 16075 21578 7583 
20743 16079 21587 7585 
20750 16087 21598 7587 
20761 16091 21610 7589 
20767 16097 21616 7593 
20774 16102 21624 7594 
20780 16107 21629 7595 
20785 16110 21630 7600 
20791 16113 21639 7603 
20797 16118 21643 7608 
20805 16122 21649 7612 
20816 16125 21654 7615 
20821 16132 21662 7619 
20828 16136 21670 7620 
20833 16140 21671 7623 
20839 16144 21678 7628 
20842 16149 21681 7631 
20848 16158 21682 7634 
20850 16162 21688 7638 
20853 16168 21693 7640 
20861 16171 21705 7643 
20865 16174 21709 7645 
20870 16184 21713 7646 
20881 16186 21717 7646 
20885 16192 21724 7648 
20885 16196 21727 7648 
20890 16203 21732 7651 
20898 16210 21736 7655 
20908 16214 21740 7655 
20918 16218 21742 7662 
20925 16226 21749 7664 
20929 16233 21755 7666 
20932 16239 21761 7667 
20939 16244 21764 7671 
20944 16246 21770 7675 
20950 16250 21777 7676 
20952 16253 21784 7678 
20957 16256 21788 7681 
20965 16261 21793 7686 
20970 16267 21801 7689 
20978 16275 21806 7696 
20984 16281 21813 7698 
20991 16287 21816 7699 
20997 16293 21823 7700 
21000 16296 21833 7700 
21008 16300 21839 7700 
21013 16306 21845 7701 
21016 16310 21847 7703 
21022 16317 21858 7707 
21034 16322 21862 7709 
21040 16327 21869 7711 
21046 16332 21876 7714 
21048 16337 21887 7714 
21056 16341 21896 7715 
21059 16347 21906 7717 
21063 16347 21912 7718 
21072 16349 21919 7722 
21076 16356 21924 7723 
21082 16361 21928 7726 
21088 16367 21934 7729 
21094 16372 21936 7731 
21103 16375 21946 7735 
21109 16382 21949 7735 
21117 16387 21958 7737 
21125 16390 21965 7737 
21129 16394 21973 7738 
21133 16399 21974 7739 
21138 16407 21977 7743 
21145 16412 21981 7744 
21155 16417 21990 7750 
21160 16425 21992 7752 
21166 16428 21998 7754 
21171 16433 22006 7754 
21175 16439 22014 7756 
21184 16446 22021 7759 
21187 16449 22024 7760 
21192 16450 22028 7763 
21199 16458 22036 7764 
21205 16464 22044 7769 
21211 16465 22048 7770 
21216 16472 22053 7773 
21218 16479 22056 7776 
21224 16485 22064 7777 
21228 16488 22071 7778 
21234 16490 22074 7780 
21241 16498 22078 7782 
21250 16500 22088 7783 
21255 16503 22097 7787 
21261 16507 22103 7790 
21264 16512 22109 7793 
21271 16517 22119 7797 
21275 16519 22126 7798 
21284 16523 22132 7799 
21287 16525 22138 7802 
21293 16533 22146 7802 
21297 16536 22153 7804 
21306 16537 22159 7806 
21317 16540 22164 7808 
21325 16545 22168 7810 
21327 16549 22172 7813 
21335 16555 22179 7814 
21344 16562 22186 7814 
21349 16566 22188 7817 
21357 16571 22204 7819 
21362 16578 22213 7820 
21369 16580 22219 7822 
21379 16586 22227 7825 
21384 16589 22235 7831 
21389 16598 22243 7834 
21390 16606 22251 7837 
21393 16609 22262 7838 
21399 16615 22267 7838 
21403 16621 22273 7839 
21415 16628 22282 7840 
21426 16632 22288 7840 
21433 16633 22298 7841 
21443 16637 22304 7846 
21450 16642 22313 7849 
21455 16647 22322 7850 
21457 16653 22328 7850 
21459 16658 22333 7850 
21467 16665 22340 7852 
21478 16670 22348 7854 
21486 16677 22356 7855 
21490 16681 22367 7858 
21496 16685 22373 7864 
21500 16691 22378 7865 
21503 16693 22384 7866 
21511 16704 22392 7870 
21519 16706 22396 7877 
21521 16711 22402 7880 
21526 16714 22411 7882 
21538 16721 22422 7885 
21544 16726 22431 7887 
21549 16731 22442 7888 
21562 16741 22453 7889 
21570 16746 22458 7891 
21579 16751 22467 7893 
21584 16754 22474 7893 
21592 16758 22481 7897 
21594 16769 22489 7903 
21597 16772 22495 7906 
21604 16781 22501 7908 
21612 16783 22503 7911 
21618 16788 22511 7912 
21623 16794 22520 7914 
21629 16801 22527 7915 
21639 16805 22530 7917 
21647 16815 22534 7921 
21656 16820 22539 7925 
21660 16829 22544 7927 
21664 16832 22557 7930 
21674 16839 22565 7932 
21683 16844 22572 7934 
21688 16855 22586 7937 
21690 16859 22591 7940 
21702 16869 22594 7943 
21708 16873 22598 7946 
21715 16879 22602 7950 
21723 16882 22608 7955 
21730 16891 22616 7957 
21737 16897 22623 7958 
21741 16903 22630 7960 
21745 16908 22635 7960 
21752 16913 22644 7961 
21763 16917 22647 7964 
21771 16920 22653 7966 
21775 16926 22656 7967 
21780 16931 22658 7970 
21792 16935 22664 7971 
21803 16944 22670 7974 
21812 16949 22674 7976 
21814 16953 22677 7979 
21823 16959 22681 7984 
21829 16964 22688 7987 
21838 16967 22695 7991 
21840 16971 22708 7992 
21846 16973 22713 7995 
21855 16981 22718 7995 
21861 16983 22725 7998 
21866 16988 22740 8000 
21874 16996 22749 8003 
21878 16998 22756 8006 
21888 17004 22759 8009 
21892 17011 22766 8012 
21895 17017 22772 8017 
21902 17019 22783 8018 
21907 17025 22793 8021 
21913 17032 22799 8028 
21921 17038 22809 8029 
21925 17042 22815 8033 
21934 17049 22819 8035 
21943 17055 22825 8036 
21950 17057 22834 8040 
21960 17059 22840 8042 
21968 17064 22844 8048 
21972 17070 22851 8050 
21980 17075 22856 8052 
21985 17081 22865 8052 
21992 17088 22876 8056 
21997 17093 22883 8057 
22001 17098 22893 8061 
22006 17103 22905 8062 
22011 17106 22915 8065 
22014 17113 22922 8068 
22021 17116 22928 8070 
22024 17123 22934 8072 
22025 17129 22938 8076 
22027 17135 22945 8079 
22035 17140 22953 8082 
22043 17145 22957 8084 
22050 17148 22964 8085 
22054 17151 22973 8087 
22058 17158 22980 8092 
22067 17162 22985 8093 
22072 17167 22988 8096 
22079 17168 22994 8101 
22084 17177 23002 8102 
22088 17181 23011 8105 
22096 17186 23015 8108 
22109 17191 23017 8110 
22115 17197 23026 8112 
22118 17204 23033 8114 
22123 17211 23040 8114 
22127 17217 23045 8116 
22131 17221 23054 8117 
22137 17225 23063 8121 
22144 17231 23068 8126 
22148 17235 23077 8127 
22152 17238 23086 8128 
22156 17242 23093 8130 
22163 17247 23101 8130 
22168 17249 23105 8131 
22172 17250 23111 8135 
22175 17257 23117 8137 
22179 17263 23129 8141 
22184 17268 23133 8143 
22187 17275 23142 8143 
22190 17277 23149 8144 
22192 17284 23159 8147 
