0 0 0 0 
9 3 4 0 
18 5 8 3 
25 10 13 4 
27 15 17 7 
34 19 22 11 
40 25 26 12 
45 28 33 15 
49 30 37 16 
56 35 40 16 
61 37 43 17 
70 43 50 19 
76 45 53 20 
80 47 58 24 
84 51 62 28 
90 56 68 30 
97 64 74 30 
100 72 81 33 
105 76 89 35 
111 78 96 36 
117 79 102 37 
125 83 105 37 
132 85 112 41 
135 86 114 43 
141 88 118 44 
144 97 121 46 
149 101 127 47 
156 105 131 47 
157 109 134 49 
165 115 141 50 
169 117 147 51 
173 125 149 52 
178 129 149 53 
185 130 157 54 
188 133 159 56 
192 134 163 59 
202 137 168 62 
212 140 175 65 
220 142 182 67 
223 144 190 70 
228 149 196 70 
231 154 200 76 
237 156 203 76 
240 158 210 77 
247 161 212 80 
255 164 214 82 
259 169 219 83 
263 174 221 88 
266 175 225 95 
271 177 227 96 
278 179 232 96 
282 182 238 96 
284 185 244 97 
286 189 252 100 
296 193 257 102 
298 194 262 105 
307 200 266 109 
312 202 271 111 
323 205 272 113 
327 209 275 115 
330 212 276 117 
336 218 280 117 
339 221 286 119 
342 223 291 120 
346 224 298 121 
352 224 304 124 
358 230 306 124 
361 234 309 126 
368 238 315 127 
376 242 319 130 
380 246 325 131 
386 251 331 135 
392 254 336 136 
400 259 342 137 
407 263 347 137 
416 264 354 141 
422 269 360 142 
427 271 365 144 
432 272 369 147 
439 275 375 150 
445 279 379 152 
450 280 390 154 
455 283 395 156 
456 284 401 156 
460 290 406 157 
468 294 410 159 
471 297 415 161 
477 299 420 165 
485 302 428 166 
489 308 435 168 
495 313 441 171 
505 316 446 173 
514 317 451 174 
518 321 454 177 
526 325 459 178 
530 331 468 180 
536 336 474 182 
538 339 478 184 
544 343 486 185 
550 346 493 187 
559 347 498 187 
564 350 501 189 
569 356 508 190 
574 356 514 190 
580 358 521 191 
583 358 524 194 
585 360 531 194 
587 364 535 198 
591 367 541 200 
593 371 544 200 
605 372 546 200 
608 376 550 203 
610 378 554 206 
614 380 558 208 
618 384 566 212 
621 388 568 214 
630 392 570 216 
630 398 571 216 
635 402 579 216 
642 403 584 216 
653 408 589 217 
655 409 593 218 
659 413 602 218 
664 418 607 220 
672 424 616 221 
677 428 618 221 
682 433 623 223 
683 435 627 225 
686 440 631 227 
692 443 633 228 
698 444 636 230 
706 445 641 233 
713 449 643 233 
717 450 648 235 
721 452 652 236 
726 453 661 240 
737 453 667 242 
739 456 671 242 
747 461 674 242 
754 469 680 246 
759 470 684 246 
763 472 688 246 
768 476 691 246 
772 480 696 251 
778 484 704 251 
780 487 709 253 
787 490 715 254 
791 495 719 256 
799 496 724 258 
800 500 728 261 
803 502 731 261 
812 504 734 263 
817 508 740 264 
824 513 744 268 
828 518 747 269 
836 520 754 274 
840 522 757 275 
845 527 766 277 
850 530 769 277 
858 530 774 278 
861 531 778 279 
866 531 782 280 
874 533 789 281 
881 535 793 282 
885 537 795 283 
890 540 799 286 
899 542 806 288 
905 546 811 289 
912 547 816 291 
922 550 823 294 
932 553 830 295 
940 554 839 298 
949 560 844 299 
952 564 849 302 
954 567 860 303 
957 572 867 304 
971 577 873 305 
976 579 875 305 
982 583 883 307 
987 588 887 308 
988 590 888 311 
993 592 890 314 
1001 595 894 318 
1006 597 902 320 
1012 602 907 321 
1015 606 913 322 
1022 611 916 322 
1024 615 919 323 
1025 622 925 328 
1030 622 930 330 
1036 627 933 334 
1045 631 938 336 
1048 631 941 339 
1053 636 946 339 
1059 637 952 340 
1061 640 956 341 
1066 642 960 341 
1075 646 964 342 
1079 648 970 343 
1084 649 974 345 
1091 653 981 349 
1101 653 987 350 
1103 654 991 351 
1111 656 998 352 
1116 662 1004 352 
1120 665 1015 354 
1124 669 1021 356 
1128 676 1026 359 
1136 677 1032 362 
1144 679 1040 362 
1151 684 1044 365 
1156 686 1055 367 
1161 687 1059 368 
1174 693 1067 370 
1178 696 1070 372 
1184 700 1075 375 
1189 705 1079 377 
1196 707 1081 378 
1205 713 1083 379 
1210 714 1087 381 
1210 716 1091 381 
1215 720 1096 382 
1218 724 1099 384 
1222 727 1103 386 
1228 731 1107 387 
1230 733 1110 387 
1236 735 1117 390 
1242 741 1122 392 
1248 743 1128 393 
1256 748 1139 395 
1259 753 1143 396 
1264 756 1148 397 
1269 758 1152 400 
1276 763 1154 401 
1282 767 1159 401 
1290 770 1164 404 
1298 775 1168 405 
1304 778 1174 406 
1308 782 1181 407 
1312 783 1189 409 
1315 786 1196 411 
1320 792 1202 412 
1324 796 1209 414 
1327 806 1214 414 
1333 811 1217 415 
1333 815 1224 416 
1340 817 1229 421 
1347 817 1233 422 
1352 823 1240 423 
1357 826 1241 425 
1363 831 1247 427 
1371 832 1249 429 
1377 835 1251 430 
1381 838 1253 432 
1385 841 1254 434 
1392 843 1256 435 
1399 845 1260 435 
1403 848 1268 436 
1407 851 1275 439 
1411 854 1278 442 
1412 860 1279 444 
1416 865 1283 445 
1421 867 1289 447 
1427 871 1294 448 
1436 873 1299 448 
1440 879 1302 450 
1445 885 1308 452 
1451 891 1315 457 
1453 893 1320 461 
1457 900 1324 462 
1463 901 1327 463 
1469 903 1329 463 
1475 906 1333 466 
1479 910 1338 466 
1481 914 1344 467 
1487 918 1350 471 
1491 918 1356 477 
1494 921 1357 477 
1499 925 1361 478 
1502 929 1367 479 
1507 932 1378 480 
1512 939 1385 486 
1518 942 1395 487 
1524 948 1396 487 
1530 948 1403 488 
1539 951 1406 492 
1543 956 1411 495 
1550 958 1418 497 
1557 961 1420 499 
1562 966 1425 500 
1568 970 1432 500 
1572 974 1436 501 
1577 979 1443 503 
1580 983 1447 505 
1588 986 1455 507 
1590 990 1462 509 
1596 996 1473 512 
1599 1000 1477 515 
1604 1003 1482 517 
1606 1004 1485 521 
1610 1011 1493 523 
1614 1012 1497 524 
1617 1019 1504 526 
1623 1022 1508 530 
1627 1024 1514 531 
1638 1027 1519 532 
1645 1028 1524 533 
1649 1033 1528 537 
1655 1034 1536 540 
1660 1038 1541 543 
1663 1040 1543 545 
1668 1042 1551 546 
1676 1046 1552 552 
1679 1057 1559 555 
1680 1060 1564 556 
1686 1064 1569 556 
1691 1068 1571 557 
1694 1070 1573 558 
1701 1076 1576 563 
1708 1083 1581 565 
1714 1089 1586 566 
1719 1093 1590 568 
1726 1096 1602 569 
1731 1096 1606 569 
1739 1100 1611 570 
1745 1109 1623 572 
1751 1116 1626 574 
1757 1119 1632 575 
1762 1124 1636 575 
1769 1127 1638 578 
1776 1128 1644 579 
1779 1130 1651 579 
1787 1136 1659 581 
1789 1136 1661 583 
1795 1137 1671 585 
1799 1142 1675 585 
1803 1145 1683 587 
1807 1149 1686 591 
1812 1150 1692 592 
1817 1155 1697 597 
1822 1158 1702 597 
1826 1161 1705 601 
1830 1167 1712 604 
1837 1174 1716 605 
1844 1180 1723 607 
1853 1187 1725 610 
1857 1192 1732 610 
1868 1202 1739 611 
1871 1206 1749 614 
1877 1209 1753 615 
1882 1214 1760 615 
1890 1215 1767 620 
1894 1218 1770 624 
1898 1221 1774 627 
1906 1223 1780 628 
1913 1224 1784 629 
1918 1228 1789 629 
1923 1231 1789 631 
1928 1235 1792 632 
1930 1239 1796 633 
1932 1243 1806 634 
1936 1243 1812 638 
1939 1248 1815 640 
1945 1248 1817 640 
1949 1252 1822 645 
1950 1256 1831 647 
1954 1264 1840 647 
1960 1267 1842 652 
1966 1270 1852 653 
1976 1275 1861 653 
1978 1277 1869 654 
1982 1279 1875 654 
1985 1284 1878 654 
1988 1290 1886 655 
1994 1293 1893 657 
1999 1296 1897 658 
2003 1302 1904 658 
2013 1303 1910 660 
2020 1307 1915 663 
2024 1315 1919 666 
2028 1318 1921 667 
2033 1324 1923 670 
2045 1331 1926 675 
2052 1335 1927 675 
2057 1339 1930 679 
2064 1343 1933 681 
2066 1348 1941 681 
2068 1349 1944 683 
2072 1352 1945 685 
2076 1356 1948 686 
2078 1360 1955 687 
2082 1363 1960 689 
2087 1365 1963 691 
2091 1369 1971 692 
2098 1375 1978 694 
2103 1376 1986 694 
2111 1379 1992 694 
2115 1383 1995 695 
2118 1385 2001 697 
2124 1394 2006 697 
2127 1399 2014 698 
2130 1405 2021 700 
2136 1411 2025 701 
2141 1421 2030 704 
2149 1425 2035 705 
2152 1427 2042 708 
2156 1431 2045 708 
2163 1438 2052 708 
2167 1440 2056 710 
2172 1442 2064 712 
2179 1444 2072 712 
2183 1447 2078 714 
2189 1453 2084 715 
2193 1455 2092 716 
2202 1459 2100 716 
2212 1460 2106 718 
2218 1465 2110 720 
2222 1471 2118 721 
2227 1475 2124 726 
2239 1479 2131 730 
2245 1483 2135 733 
2249 1484 2140 734 
2254 1490 2146 734 
2258 1495 2149 736 
2266 1498 2153 737 
2270 1505 2154 740 
2276 1512 2162 740 
2279 1515 2169 745 
2282 1516 2173 748 
2289 1519 2180 749 
2293 1525 2186 752 
2298 1526 2191 754 
2303 1531 2199 757 
2310 1536 2205 758 
2315 1539 2209 759 
2322 1544 2215 760 
2327 1548 2221 762 
2333 1552 2227 764 
2340 1555 2232 766 
2344 1560 2233 768 
2352 1564 2238 769 
2358 1568 2247 771 
2361 1571 2251 772 
2365 1574 2258 773 
2375 1575 2260 774 
2384 1578 2262 776 
2393 1585 2264 776 
2396 1589 2269 776 
2402 1592 2273 777 
2407 1597 2280 780 
2412 1602 2283 781 
2415 1606 2288 784 
2417 1606 2291 786 
2422 1611 2296 789 
2423 1613 2303 791 
2425 1614 2304 793 
2426 1619 2310 794 
2432 1621 2316 795 
2437 1625 2321 796 
2443 1631 2330 797 
2448 1633 2338 797 
2457 1636 2343 798 
2463 1641 2348 800 
2469 1643 2357 803 
2474 1648 2363 804 
2477 1651 2370 806 
2480 1654 2378 809 
2484 1657 2382 813 
2492 1661 2385 815 
2497 1664 2392 815 
2502 1667 2399 817 
2508 1673 2403 820 
2519 1677 2409 822 
2522 1678 2416 825 
2525 1682 2421 826 
2528 1686 2425 829 
2530 1688 2430 832 
2535 1692 2435 836 
2542 1695 2441 838 
2545 1698 2450 839 
2552 1701 2455 840 
2555 1708 2459 841 
2560 1714 2461 842 
2561 1721 2466 843 
2566 1724 2471 846 
2571 1728 2476 849 
2572 1733 2482 851 
2576 1737 2490 852 
2578 1742 2495 852 
2586 1745 2499 852 
2593 1748 2503 852 
2599 1751 2509 853 
2607 1754 2517 855 
2617 1758 2522 855 
2622 1762 2526 856 
2629 1765 2532 859 
2636 1768 2538 859 
2639 1770 2539 859 
2643 1775 2547 862 
2650 1782 2555 866 
2654 1792 2565 869 
2658 1798 2571 870 
2664 1800 2577 872 
2671 1805 2581 875 
2675 1813 2586 879 
2686 1816 2594 883 
2693 1821 2596 885 
2698 1822 2603 887 
2705 1825 2609 890 
2709 1829 2613 892 
2715 1832 2619 896 
2724 1833 2621 898 
2731 1836 2630 901 
2733 1839 2636 904 
2741 1843 2642 905 
2750 1847 2649 906 
2754 1855 2655 907 
2757 1857 2658 910 
2763 1861 2659 910 
2771 1864 2667 911 
2776 1867 2670 912 
2781 1869 2679 913 
2790 1875 2685 914 
2794 1875 2690 918 
2799 1880 2700 919 
2806 1885 2705 919 
2806 1891 2709 920 
2811 1893 2718 921 
2813 1898 2724 922 
2817 1900 2733 922 
2822 1907 2736 924 
2829 1912 2741 927 
2830 1916 2742 929 
2834 1918 2750 932 
2836 1920 2761 933 
2836 1925 2765 934 
2840 1931 2769 935 
2849 1933 2772 937 
2856 1938 2776 938 
2864 1941 2784 939 
2867 1944 2787 942 
2870 1951 2792 942 
2877 1951 2794 944 
2883 1955 2802 945 
2888 1959 2812 946 
2894 1961 2816 948 
2904 1963 2821 948 
2908 1966 2835 949 
2911 1968 2838 951 
2919 1970 2845 953 
2926 1975 2858 955 
2929 1979 2866 956 
2936 1980 2874 957 
2940 1985 2878 957 
2948 1988 2881 957 
2952 1992 2887 959 
2958 1993 2893 961 
2962 1995 2895 964 
2966 2001 2902 965 
2973 2006 2907 966 
2978 2013 2910 968 
2986 2018 2915 970 
2997 2023 2920 973 
3001 2026 2924 975 
3006 2031 2934 978 
3011 2037 2938 979 
3023 2042 2945 979 
3034 2046 2952 982 
3039 2048 2956 983 
3049 2051 2961 983 
3053 2055 2966 984 
3060 2056 2968 984 
3062 2058 2971 986 
3068 2061 2977 987 
3074 2064 2982 990 
3084 2070 2984 991 
3091 2073 2989 993 
3097 2074 2998 994 
3102 2076 3007 995 
3108 2080 3013 997 
3115 2082 3017 1000 
3123 2083 3022 1001 
3128 2083 3028 1003 
3135 2090 3031 1003 
3139 2092 3037 1005 
3148 2097 3041 1007 
3151 2101 3047 1009 
3154 2103 3053 1011 
3156 2106 3053 1013 
3162 2110 3059 1015 
3167 2115 3063 1017 
3170 2119 3068 1017 
3175 2123 3076 1020 
3183 2126 3078 1021 
3186 2127 3089 1022 
3190 2129 3095 1023 
3200 2133 3104 1025 
3204 2135 3111 1027 
3208 2143 3115 1030 
3213 2152 3125 1032 
3218 2156 3131 1034 
3223 2161 3137 1036 
3232 2167 3141 1036 
3236 2174 3145 1037 
3241 2176 3149 1040 
3246 2177 3156 1040 
3253 2179 3161 1042 
3257 2181 3168 1042 
3262 2184 3174 1045 
3264 2191 3177 1049 
3268 2196 3184 1051 
3272 2204 3188 1053 
3281 2209 3193 1053 
3283 2211 3199 1056 
3290 2214 3203 1057 
3294 2216 3206 1058 
3303 2219 3212 1058 
3308 2221 3219 1058 
3312 2222 3224 1060 
3316 2224 3234 1062 
3324 2228 3238 1065 
3330 2236 3246 1066 
3338 2239 3254 1067 
3344 2240 3258 1069 
3350 2249 3267 1069 
3358 2250 3269 1070 
3364 2252 3275 1071 
3368 2256 3277 1076 
3373 2258 3287 1078 
3377 2262 3294 1081 
3384 2267 3298 1084 
3388 2270 3304 1084 
3396 2277 3309 1085 
3402 2279 3313 1086 
3404 2279 3316 1088 
3407 2284 3322 1088 
3415 2286 3326 1090 
3420 2289 3334 1092 
3428 2292 3344 1095 
3437 2295 3347 1096 
3439 2301 3356 1099 
3443 2306 3360 1101 
3448 2310 3366 1101 
3454 2312 3370 1105 
3458 2316 3378 1108 
3464 2319 3383 1109 
3471 2323 3387 1109 
3477 2327 3391 1111 
3483 2330 3396 1114 
3489 2331 3399 1117 
3493 2335 3403 1121 
3495 2338 3406 1121 
3501 2343 3415 1124 
3504 2349 3423 1125 
3510 2351 3425 1126 
3517 2353 3429 1130 
3525 2362 3435 1133 
3532 2366 3437 1135 
3535 2369 3445 1136 
3539 2370 3452 1139 
3545 2377 3458 1143 
3547 2387 3461 1143 
3557 2389 3464 1144 
3569 2394 3473 1145 
3571 2395 3479 1147 
3576 2404 3484 1148 
3579 2409 3486 1149 
3588 2413 3489 1149 
3594 2417 3497 1151 
3597 2420 3502 1154 
3602 2422 3504 1158 
3610 2426 3509 1161 
3618 2431 3517 1163 
3623 2435 3520 1163 
3629 2439 3527 1165 
3636 2442 3532 1169 
3647 2445 3538 1170 
3652 2448 3541 1171 
3663 2451 3545 1171 
3672 2452 3555 1172 
3677 2454 3559 1177 
3686 2458 3566 1178 
3690 2463 3571 1179 
3695 2467 3576 1182 
3702 2470 3582 1182 
3707 2474 3587 1186 
3714 2477 3592 1190 
3723 2480 3597 1191 
3725 2487 3601 1192 
3730 2495 3607 1193 
3733 2502 3612 1194 
3735 2506 3617 1196 
3738 2511 3622 1198 
3745 2517 3631 1200 
3751 2521 3634 1201 
3753 2523 3639 1203 
3757 2529 3645 1204 
3762 2533 3650 1205 
3769 2539 3660 1207 
3772 2543 3662 1208 
3778 2547 3669 1208 
3783 2549 3676 1210 
3789 2554 3680 1210 
3792 2556 3689 1212 
3794 2562 3692 1214 
3803 2567 3698 1215 
3810 2570 3704 1217 
3815 2572 3706 1220 
3817 2578 3712 1223 
3821 2586 3715 1225 
3830 2587 3717 1226 
3835 2589 3720 1227 
3840 2590 3726 1229 
3842 2597 3730 1231 
3846 2600 3738 1236 
3849 2602 3744 1238 
3854 2605 3749 1238 
3860 2613 3756 1243 
3860 2616 3764 1245 
3863 2622 3767 1249 
3868 2625 3769 1249 
3872 2629 3772 1254 
3876 2634 3778 1257 
3879 2638 3780 1257 
3883 2642 3785 1258 
3892 2645 3789 1262 
3899 2646 3791 1264 
3905 2651 3794 1266 
3907 2659 3801 1267 
3910 2662 3808 1268 
3918 2668 3816 1270 
3925 2673 3822 1270 
3934 2678 3826 1271 
3941 2682 3832 1273 
3942 2687 3835 1276 
3948 2690 3840 1277 
3958 2695 3846 1278 
3964 2702 3851 1279 
3966 2703 3859 1281 
3974 2707 3865 1285 
3981 2710 3867 1286 
3987 2711 3871 1288 
3996 2715 3878 1289 
4002 2722 3881 1290 
4007 2723 3890 1291 
4014 2725 3895 1293 
4019 2733 3902 1294 
4029 2735 3903 1297 
4033 2737 3912 1299 
4038 2744 3917 1301 
4045 2747 3923 1303 
4050 2751 3924 1305 
4056 2754 3928 1307 
4063 2760 3936 1310 
4068 2764 3942 1312 
4073 2766 3948 1315 
4079 2772 3955 1319 
4089 2777 3960 1320 
4094 2782 3966 1320 
4103 2786 3967 1321 
4109 2792 3972 1323 
4113 2797 3975 1323 
4119 2801 3981 1328 
4123 2805 3985 1328 
4132 2812 3989 1330 
4138 2820 3995 1331 
4148 2822 4001 1332 
4157 2825 4005 1334 
4163 2831 4011 1337 
4170 2832 4015 1339 
4175 2837 4021 1339 
4188 2845 4025 1341 
4191 2847 4030 1342 
4195 2853 4036 1346 
4196 2857 4036 1350 
4202 2862 4043 1351 
4211 2864 4050 1356 
4214 2869 4053 1358 
4220 2874 4062 1359 
4231 2878 4068 1359 
4237 2883 4072 1361 
4240 2890 4076 1364 
4245 2898 4083 1366 
4246 2906 4087 1367 
4251 2907 4089 1369 
4260 2911 4096 1369 
4261 2918 4101 1371 
4266 2922 4103 1372 
4274 2928 4110 1376 
4279 2933 4114 1379 
4279 2936 4119 1382 
4287 2942 4123 1385 
4295 2943 4128 1387 
4301 2948 4131 1390 
4307 2951 4135 1393 
4310 2953 4137 1395 
4314 2957 4139 1396 
4317 2960 4143 1400 
4322 2961 4149 1403 
4328 2965 4157 1403 
4332 2971 4165 1403 
4336 2977 4173 1405 
4340 2984 4175 1406 
4345 2986 4179 1408 
4354 2998 4185 1409 
4356 3001 4191 1410 
4359 3005 4195 1411 
4364 3008 4200 1412 
4370 3010 4209 1414 
4379 3014 4216 1416 
4384 3017 4224 1419 
4387 3025 4231 1424 
4391 3034 4241 1426 
4398 3043 4244 1429 
4403 3046 4250 1429 
4409 3049 4257 1432 
4415 3052 4262 1434 
4427 3056 4265 1435 
4432 3061 4271 1437 
4436 3064 4274 1439 
4441 3068 4279 1440 
4446 3070 4284 1442 
4453 3076 4292 1444 
4459 3078 4300 1445 
4466 3080 4304 1446 
4470 3082 4307 1450 
4477 3084 4310 1453 
4482 3089 4316 1454 
4486 3097 4320 1457 
4492 3099 4328 1459 
4501 3102 4335 1459 
4513 3108 4339 1460 
4519 3113 4346 1462 
4525 3117 4351 1463 
4531 3123 4357 1467 
4537 3128 4360 1471 
4543 3130 4366 1474 
4546 3133 4373 1477 
4551 3136 4380 1479 
4556 3139 4385 1479 
4560 3141 4389 1480 
4566 3145 4395 1481 
4570 3148 4400 1484 
4572 3151 4403 1485 
4575 3154 4411 1487 
4579 3158 4415 1488 
4581 3161 4420 1490 
4591 3163 4428 1493 
4598 3167 4432 1494 
4600 3174 4435 1496 
4603 3176 4441 1498 
4613 3180 4447 1501 
4617 3184 4450 1502 
4623 3185 4454 1503 
4629 3186 4460 1504 
4632 3188 4465 1505 
4638 3191 4469 1506 
4644 3196 4471 1508 
4652 3200 4474 1510 
4658 3208 4476 1512 
4663 3211 4479 1515 
4667 3214 4484 1516 
4668 3217 4489 1518 
4672 3217 4493 1521 
4680 3222 4500 1522 
4681 3229 4507 1524 
4683 3238 4508 1527 
4686 3243 4518 1528 
4695 3246 4523 1533 
4701 3250 4530 1536 
4706 3253 4536 1541 
4712 3256 4546 1542 
4721 3260 4552 1543 
4728 3262 4564 1549 
4735 3267 4568 1549 
4739 3275 4576 1549 
4742 3279 4581 1549 
4746 3282 4586 1551 
4752 3284 4594 1552 
4761 3286 4603 1555 
4765 3290 4606 1557 
4767 3295 4609 1560 
4769 3299 4615 1562 
4776 3300 4621 1564 
4783 3302 4625 1569 
4791 3305 4632 1570 
4797 3311 4635 1572 
4800 3313 4638 1576 
4807 3314 4644 1580 
4813 3318 4647 1585 
4817 3322 4656 1588 
4820 3326 4663 1589 
4823 3332 4667 1592 
4828 3341 4673 1593 
4833 3343 4678 1593 
4836 3347 4685 1594 
4841 3349 4688 1596 
4850 3353 4690 1598 
4852 3358 4695 1600 
4856 3361 4702 1603 
4862 3369 4710 1604 
4868 3373 4716 1606 
4874 3376 4723 1611 
4882 3378 4726 1612 
4893 3383 4732 1613 
4899 3386 4738 1615 
4900 3390 4742 1618 
4910 3393 4751 1620 
4915 3398 4757 1622 
4918 3403 4764 1622 
4921 3404 4774 1622 
4924 3407 4780 1626 
4929 3410 4788 1631 
4932 3419 4791 1632 
4936 3426 4800 1633 
4938 3430 4805 1635 
4945 3435 4813 1639 
4948 3438 4821 1642 
4956 3441 4824 1646 
4958 3442 4829 1647 
4963 3446 4835 1648 
4967 3446 4842 1652 
4971 3450 4847 1653 
4977 3455 4849 1653 
4982 3457 4851 1654 
4988 3460 4853 1654 
4994 3463 4858 1660 
4994 3466 4863 1661 
4999 3467 4868 1663 
5005 3472 4875 1664 
5015 3475 4882 1667 
5019 3478 4890 1670 
5025 3482 4890 1673 
5031 3484 4896 1674 
5036 3485 4900 1675 
5041 3488 4904 1678 
5047 3491 4908 1681 
5054 3493 4912 1684 
5060 3499 4922 1686 
5065 3506 4925 1688 
5070 3509 4931 1691 
5075 3513 4939 1696 
5081 3515 4948 1697 
5086 3519 4954 1699 
5092 3524 4960 1702 
5097 3530 4964 1705 
5103 3535 4967 1708 
5106 3542 4973 1708 
5111 3547 4979 1709 
5116 3550 4984 1709 
5121 3554 4989 1714 
5124 3558 4990 1717 
5130 3565 4997 1719 
5135 3569 5004 1719 
5141 3570 5011 1719 
5145 3578 5018 1721 
5150 3583 5024 1726 
5155 3589 5030 1729 
5160 3591 5036 1732 
5163 3597 5039 1734 
5170 3600 5043 1735 
5174 3606 5052 1738 
5176 3607 5057 1741 
5180 3612 5060 1745 
5183 3614 5066 1747 
5185 3616 5073 1748 
5192 3619 5077 1749 
5196 3621 5084 1752 
5203 3626 5087 1754 
5206 3626 5091 1755 
5214 3630 5100 1756 
5216 3631 5103 1757 
5218 3634 5109 1759 
5224 3640 5114 1762 
5228 3640 5118 1764 
5235 3644 5124 1765 
5240 3647 5131 1767 
5243 3649 5143 1767 
5250 3651 5148 1769 
5255 3652 5152 1773 
5267 3652 5155 1776 
5270 3658 5161 1779 
5282 3660 5168 1780 
5287 3663 5171 1780 
5293 3668 5177 1782 
5295 3670 5182 1784 
5305 3671 5193 1789 
5315 3674 5196 1791 
5326 3679 5201 1792 
5335 3680 5204 1792 
5343 3683 5206 1793 
5352 3689 5211 1794 
5360 3692 5214 1795 
5368 3694 5219 1800 
5374 3699 5227 1801 
5380 3703 5234 1802 
5384 3706 5236 1805 
5386 3711 5241 1805 
5391 3714 5246 1807 
5392 3720 5252 1807 
5394 3725 5259 1809 
5401 3726 5264 1810 
5404 3728 5269 1813 
5409 3733 5275 1813 
5414 3739 5280 1814 
5419 3742 5281 1816 
5422 3747 5286 1817 
5430 3753 5295 1817 
5434 3756 5299 1818 
5438 3760 5302 1820 
5443 3764 5312 1820 
5450 3766 5315 1821 
5456 3772 5322 1823 
5461 3781 5327 1824 
5465 3784 5332 1825 
5471 3785 5336 1827 
5478 3786 5342 1829 
5483 3791 5348 1831 
5487 3796 5352 1832 
5492 3802 5359 1835 
5503 3803 5361 1837 
5510 3810 5365 1841 
5517 3815 5374 1844 
5525 3819 5379 1845 
5532 3821 5382 1845 
5538 3830 5390 1849 
5540 3834 5395 1849 
5550 3843 5400 1851 
5559 3847 5407 1851 
5564 3852 5409 1853 
5569 3855 5418 1853 
5573 3862 5425 1855 
5576 3867 5432 1856 
5582 3869 5433 1860 
5587 3876 5435 1862 
5595 3881 5440 1865 
5598 3885 5445 1865 
5599 3888 5449 1868 
5604 3894 5464 1868 
5616 3897 5468 1871 
5618 3901 5474 1872 
5621 3905 5479 1872 
5624 3909 5481 1873 
5631 3911 5485 1873 
5635 3915 5488 1876 
5640 3918 5498 1878 
5644 3923 5499 1879 
5647 3930 5508 1880 
5657 3935 5513 1880 
5661 3937 5520 1882 
5664 3939 5529 1882 
5670 3943 5535 1884 
5675 3946 5539 1885 
5682 3949 5541 1888 
5689 3951 5543 1889 
5690 3961 5549 1892 
5696 3966 5554 1895 
5705 3973 5558 1897 
5708 3978 5560 1901 
5713 3982 5563 1902 
5717 3989 5567 1903 
5718 3993 5572 1905 
5731 3999 5575 1907 
5735 4003 5586 1908 
5741 4009 5594 1910 
5748 4014 5601 1913 
5755 4019 5605 1913 
5760 4022 5615 1916 
5766 4026 5622 1918 
5770 4030 5631 1919 
5778 4034 5635 1920 
5780 4038 5641 1921 
5784 4039 5648 1924 
5789 4041 5652 1927 
5796 4050 5656 1931 
5798 4056 5662 1932 
5803 4057 5668 1938 
5807 4060 5671 1940 
5812 4065 5678 1942 
5821 4069 5682 1942 
5826 4076 5687 1943 
5830 4079 5688 1946 
5834 4085 5692 1952 
5835 4088 5695 1954 
5842 4097 5704 1957 
5846 4099 5709 1958 
5852 4105 5714 1959 
5858 4107 5719 1961 
5866 4113 5723 1962 
5871 4118 5728 1965 
5874 4123 5730 1965 
5878 4126 5733 1967 
5883 4129 5740 1971 
5888 4134 5746 1975 
5893 4138 5750 1978 
5904 4141 5755 1978 
5909 4143 5760 1980 
5914 4150 5767 1983 
5919 4153 5770 1984 
5923 4157 5773 1985 
5924 4161 5778 1986 
5928 4165 5786 1988 
5941 4170 5791 1988 
5947 4177 5798 1988 
5949 4179 5802 1989 
5953 4185 5812 1991 
5958 4191 5820 1992 
5961 4195 5826 1993 
5964 4198 5832 1996 
5969 4200 5843 1997 
5972 4203 5846 1999 
5976 4207 5853 2000 
5982 4212 5862 2001 
5987 4215 5867 2004 
5991 4219 5874 2007 
5998 4223 5879 2011 
6005 4229 5885 2013 
6010 4232 5893 2016 
6017 4237 5901 2016 
6019 4242 5911 2017 
6022 4247 5915 2018 
6027 4249 5920 2020 
6034 4254 5927 2022 
6040 4258 5934 2024 
6045 4262 5942 2025 
6052 4266 5949 2026 
6063 4268 5954 2027 
6068 4272 5960 2028 
6074 4277 5964 2031 
6075 4284 5973 2034 
6079 4290 5975 2037 
6086 4293 5980 2039 
6099 4295 5983 2042 
6104 4301 5987 2044 
6110 4307 5990 2046 
6114 4309 5993 2050 
6122 4316 5997 2052 
6125 4318 6001 2054 
6129 4322 6007 2054 
6134 4328 6009 2056 
6139 4332 6016 2058 
6147 4338 6017 2060 
6152 4342 6018 2061 
6156 4346 6021 2062 
6161 4348 6025 2063 
6165 4348 6027 2066 
6173 4355 6036 2069 
6178 4361 6044 2072 
6180 4363 6052 2073 
6184 4368 6053 2073 
6192 4375 6056 2076 
6197 4378 6058 2078 
6201 4381 6062 2079 
6205 4388 6069 2079 
6213 4390 6072 2081 
6219 4392 6077 2082 
6225 4395 6085 2086 
6234 4400 6089 2088 
6238 4407 6096 2090 
6242 4411 6103 2092 
6248 4414 6105 2095 
6254 4417 6109 2099 
6263 4421 6110 2104 
6270 4426 6117 2108 
6277 4428 6123 2108 
6284 4429 6127 2113 
6288 4430 6131 2115 
6294 4433 6142 2118 
6301 4434 6149 2118 
6306 4438 6156 2120 
6309 4440 6162 2122 
6318 4449 6169 2125 
6320 4457 6175 2129 
6325 4459 6182 2131 
6330 4462 6188 2132 
6335 4467 6197 2134 
6342 4473 6201 2136 
6345 4480 6205 2138 
6353 4483 6213 2141 
6360 4491 6223 2142 
6367 4494 6231 2146 
6375 4495 6239 2146 
6378 4497 6244 2146 
6382 4501 6247 2146 
6397 4505 6251 2149 
6400 4510 6259 2151 
6402 4512 6261 2154 
6404 4516 6266 2157 
6410 4518 6269 2161 
6417 4523 6276 2162 
6420 4529 6280 2164 
6426 4537 6283 2164 
6431 4540 6288 2164 
6435 4546 6290 2165 
6443 4551 6298 2169 
6448 4556 6301 2171 
6455 4561 6303 2173 
6464 4563 6304 2173 
6469 4566 6307 2177 
6477 4573 6313 2178 
6487 4578 6319 2183 
6489 4582 6323 2186 
6493 4589 6329 2187 
6496 4596 6339 2187 
6502 4601 6345 2188 
6508 4605 6354 2194 
6515 4607 6358 2195 
6522 4611 6365 2196 
6526 4618 6373 2199 
6530 4625 6381 2201 
6536 4630 6387 2202 
6537 4634 6396 2202 
6545 4636 6400 2204 
6551 4645 6404 2206 
6558 4650 6405 2206 
6560 4654 6408 2208 
6562 4659 6413 2212 
6569 4664 6416 2216 
6573 4667 6424 2217 
6576 4671 6429 2221 
6579 4673 6432 2222 
6587 4676 6439 2224 
6592 4676 6442 2225 
6600 4679 6449 2227 
6606 4686 6455 2229 
6612 4690 6462 2229 
6617 4695 6465 2233 
6625 4699 6471 2238 
6630 4707 6478 2240 
6634 4707 6485 2241 
6640 4710 6493 2243 
6643 4716 6498 2247 
6648 4719 6502 2247 
6655 4725 6505 2249 
6658 4730 6509 2250 
6664 4733 6515 2252 
6667 4738 6523 2253 
6671 4739 6532 2253 
6674 4746 6535 2256 
6682 4750 6541 2260 
6691 4759 6547 2261 
6696 4761 6548 2262 
6701 4764 6550 2264 
6705 4766 6558 2265 
6710 4770 6566 2270 
6714 4774 6568 2272 
6719 4777 6576 2272 
6726 4781 6582 2274 
6728 4786 6588 2275 
6732 4788 6595 2277 
6736 4792 6601 2282 
6743 4798 6606 2285 
6751 4802 6611 2288 
6757 4807 6622 2289 
6762 4810 6627 2291 
6769 4813 6632 2294 
6774 4814 6636 2298 
6778 4817 6639 2300 
6785 4819 6647 2302 
6789 4822 6653 2302 
6793 4830 6658 2305 
6797 4834 6668 2307 
6800 4836 6675 2310 
6804 4841 6680 2311 
6810 4846 6689 2314 
6816 4852 6699 2317 
6819 4861 6704 2319 
6825 4863 6716 2320 
6831 4867 6725 2325 
6838 4869 6729 2328 
6845 4871 6735 2331 
6852 4874 6738 2331 
6858 4875 6742 2332 
6865 4882 6744 2333 
6869 4886 6746 2335 
6876 4887 6751 2335 
6881 4890 6757 2335 
6884 4892 6765 2337 
6887 4896 6776 2340 
6893 4903 6783 2340 
6900 4910 6787 2343 
6905 4916 6792 2348 
6910 4919 6799 2349 
6918 4922 6803 2352 
6921 4929 6807 2354 
6930 4935 6813 2356 
6933 4940 6819 2360 
6938 4941 6827 2362 
6938 4947 6833 2365 
6945 4949 6837 2366 
6952 4954 6844 2368 
6958 4959 6853 2369 
6963 4964 6857 2369 
6966 4968 6863 2372 
6975 4974 6869 2373 
6982 4981 6875 2375 
6989 4986 6882 2377 
6995 4987 6886 2380 
6996 4989 6887 2382 
7001 4991 6895 2382 
7007 4994 6901 2385 
7013 4997 6912 2386 
7021 5002 6915 2389 
7025 5006 6920 2391 
7032 5007 6922 2394 
7048 5011 6930 2394 
7056 5021 6938 2395 
7065 5026 6945 2400 
7067 5037 6946 2402 
7074 5040 6952 2402 
7075 5045 6957 2405 
7079 5048 6963 2408 
7083 5056 6971 2414 
7087 5062 6979 2416 
7092 5064 6989 2420 
7098 5072 6996 2423 
7103 5073 6999 2424 
7109 5077 7004 2426 
7112 5084 7010 2427 
7118 5086 7017 2430 
7124 5090 7027 2435 
7127 5092 7031 2437 
7132 5096 7039 2440 
7137 5100 7044 2440 
7147 5106 7049 2442 
7153 5111 7053 2443 
7155 5121 7057 2443 
7158 5122 7065 2447 
7163 5132 7072 2448 
7167 5139 7075 2451 
7175 5140 7082 2451 
7177 5144 7088 2451 
7179 5147 7093 2453 
7182 5150 7100 2456 
7188 5155 7103 2461 
7192 5158 7111 2462 
7195 5165 7113 2464 
7199 5168 7119 2467 
7206 5172 7122 2467 
7211 5176 7124 2469 
7219 5177 7132 2474 
7223 5180 7137 2476 
7228 5185 7144 2477 
7234 5188 7152 2478 
7236 5191 7155 2481 
7241 5195 7163 2483 
7242 5201 7173 2484 
7247 5209 7177 2485 
7252 5213 7187 2488 
7254 5221 7188 2491 
7257 5226 7192 2491 
7259 5232 7195 2494 
7262 5235 7198 2497 
7266 5239 7200 2499 
7271 5244 7204 2501 
7280 5254 7212 2503 
7285 5258 7219 2507 
7293 5260 7224 2510 
7299 5265 7228 2512 
7304 5266 7230 2514 
7309 5272 7236 2516 
7316 5275 7241 2518 
7323 5278 7245 2518 
7325 5283 7250 2522 
7328 5286 7259 2525 
7335 5288 7268 2527 
7343 5291 7269 2528 
7346 5296 7274 2528 
7350 5301 7275 2529 
7359 5307 7282 2530 
7364 5313 7285 2533 
7367 5317 7292 2535 
7372 5322 7298 2537 
7378 5324 7303 2538 
7384 5327 7308 2542 
7391 5329 7314 2544 
7400 5333 7321 2545 
7407 5336 7324 2550 
7408 5342 7332 2551 
7412 5347 7340 2553 
7415 5348 7346 2555 
7424 5352 7352 2555 
7429 5357 7361 2556 
7438 5364 7364 2559 
7439 5367 7368 2561 
7439 5370 7372 2561 
7444 5371 7379 2562 
7449 5376 7382 2564 
7457 5380 7387 2565 
7466 5383 7393 2568 
7471 5387 7397 2572 
7477 5391 7402 2574 
7484 5394 7405 2576 
7490 5397 7409 2579 
7494 5400 7410 2579 
7498 5403 7414 2581 
7501 5410 7420 2583 
7502 5414 7427 2583 
7510 5417 7434 2584 
7513 5419 7442 2584 
7523 5422 7451 2586 
7530 5426 7455 2587 
7533 5431 7460 2589 
7540 5431 7465 2591 
7541 5433 7471 2592 
7552 5436 7479 2597 
7556 5441 7484 2600 
7557 5445 7488 2602 
7564 5445 7492 2603 
7569 5448 7495 2609 
7576 5454 7501 2611 
7578 5457 7503 2612 
7584 5459 7509 2616 
7587 5462 7513 2616 
7591 5468 7519 2619 
7597 5469 7528 2623 
7600 5476 7539 2625 
7605 5479 7543 2628 
7609 5487 7549 2632 
7612 5491 7557 2634 
7619 5492 7564 2635 
7629 5496 7571 2638 
7639 5499 7577 2638 
7648 5501 7583 2639 
7649 5506 7588 2641 
7651 5511 7592 2642 
7655 5514 7597 2644 
7659 5519 7599 2647 
7667 5522 7602 2649 
7671 5526 7610 2653 
7679 5532 7613 2655 
7684 5535 7619 2656 
7689 5538 7622 2658 
7695 5543 7625 2660 
7700 5546 7632 2660 
7706 5548 7637 2660 
7708 5555 7645 2663 
7714 5559 7648 2666 
7720 5564 7655 2667 
7729 5569 7660 2667 
7733 5572 7669 2669 
7736 5578 7674 2674 
7740 5580 7678 2678 
7743 5583 7684 2678 
7746 5586 7688 2680 
7750 5588 7691 2682 
7754 5596 7694 2683 
7761 5598 7696 2684 
7765 5600 7700 2684 
7769 5603 7706 2688 
7771 5610 7717 2691 
7779 5613 7721 2691 
7783 5615 7725 2693 
7787 5620 7733 2694 
7797 5621 7738 2695 
7806 5626 7742 2697 
7812 5630 7751 2699 
7815 5632 7756 2700 
7819 5638 7766 2702 
7828 5648 7770 2703 
7833 5654 7773 2704 
7837 5659 7784 2705 
7842 5662 7788 2707 
7847 5664 7797 2708 
7854 5670 7805 2710 
7861 5674 7810 2714 
7870 5679 7813 2715 
7875 5684 7817 2715 
7883 5685 7821 2717 
7889 5690 7827 2718 
7894 5695 7836 2720 
7906 5698 7841 2722 
7911 5701 7846 2722 
7917 5703 7851 2722 
7921 5707 7853 2725 
7928 5711 7858 2727 
7934 5713 7865 2727 
7939 5718 7871 2729 
7943 5719 7873 2733 
7951 5723 7879 2736 
7953 5730 7883 2738 
7955 5735 7892 2742 
7960 5740 7895 2744 
7968 5745 7903 2745 
7975 5750 7907 2750 
7978 5755 7913 2753 
7985 5758 7918 2754 
7993 5762 7920 2754 
8000 5767 7925 2756 
8006 5769 7933 2759 
8014 5774 7936 2759 
8017 5778 7940 2761 
8022 5782 7943 2763 
8025 5786 7946 2767 
8029 5788 7949 2771 
8035 5800 7953 2772 
8041 5805 7958 2774 
8048 5807 7964 2776 
8055 5815 7971 2781 
8060 5822 7977 2782 
8066 5826 7980 2784 
8071 5829 7989 2785 
8074 5833 7994 2785 
8077 5834 7996 2790 
8081 5838 8005 2791 
8087 5843 8011 2792 
8092 5848 8015 2795 
8100 5850 8022 2797 
8107 5852 8028 2798 
8112 5854 8034 2800 
8116 5856 8042 2801 
8119 5859 8048 2804 
8127 5865 8052 2806 
8132 5868 8058 2806 
8137 5872 8061 2808 
8141 5876 8066 2811 
8146 5879 8070 2811 
8154 5883 8075 2816 
8157 5889 8081 2819 
8159 5893 8084 2820 
8168 5897 8088 2821 
8173 5899 8095 2825 
8176 5902 8103 2826 
8180 5903 8109 2828 
8186 5904 8114 2828 
8187 5908 8121 2829 
8191 5911 8132 2834 
8199 5914 8139 2835 
8203 5920 8144 2836 
8206 5924 8148 2839 
8215 5926 8148 2840 
8219 5929 8156 2843 
8225 5934 8158 2843 
8229 5938 8166 2845 
8236 5943 8176 2848 
8241 5946 8182 2851 
8248 5952 8184 2852 
8255 5953 8189 2853 
8264 5960 8201 2854 
8266 5964 8208 2859 
8269 5966 8218 2860 
8273 5971 8225 2860 
8277 5976 8234 2863 
8281 5981 8236 2866 
8284 5989 8240 2871 
8290 5994 8248 2872 
8303 5999 8256 2873 
8311 6003 8265 2877 
8318 6008 8273 2880 
8324 6013 8281 2884 
8329 6017 8285 2888 
8335 6021 8292 2890 
8337 6027 8293 2891 
8343 6031 8302 2891 
8350 6037 8308 2892 
8357 6041 8313 2894 
8363 6047 8321 2896 
8369 6050 8329 2897 
8375 6058 8335 2897 
8382 6066 8339 2901 
8384 6073 8340 2902 
8386 6080 8343 2902 
8388 6086 8346 2903 
8392 6090 8350 2905 
8395 6093 8353 2910 
8402 6095 8361 2915 
8408 6104 8364 2915 
8415 6107 8365 2916 
8421 6108 8370 2916 
8427 6112 8375 2917 
8438 6118 8379 2922 
8450 6123 8386 2925 
8455 6127 8389 2926 
8464 6132 8394 2928 
8469 6139 8399 2929 
8478 6143 8400 2931 
8484 6148 8409 2934 
8490 6149 8412 2936 
8501 6154 8417 2938 
8507 6159 8423 2938 
8512 6164 8424 2940 
8516 6170 8429 2942 
8518 6173 8431 2944 
8524 6179 8439 2946 
8526 6186 8445 2948 
8529 6187 8448 2950 
8536 6194 8458 2952 
8538 6198 8468 2953 
8540 6202 8475 2954 
8545 6209 8481 2956 
8547 6215 8487 2960 
8553 6219 8490 2963 
8562 6224 8498 2965 
8568 6225 8507 2967 
8574 6236 8512 2969 
8578 6237 8521 2973 
8579 6243 8527 2976 
8589 6245 8533 2980 
8597 6247 8542 2981 
8599 6252 8546 2984 
8607 6253 8552 2986 
8608 6257 8556 2987 
8611 6263 8560 2988 
8617 6266 8570 2990 
8621 6268 8578 2992 
8625 6278 8585 2999 
8632 6282 8588 3002 
8637 6286 8592 3005 
8647 6288 8600 3008 
8650 6291 8606 3010 
8660 6293 8612 3015 
8665 6295 8618 3015 
8670 6298 8629 3018 
8675 6301 8637 3018 
8684 6305 8641 3020 
8690 6306 8646 3024 
8695 6311 8650 3027 
8699 6313 8657 3029 
8708 6319 8664 3029 
8715 6322 8668 3029 
8717 6330 8672 3032 
8725 6336 8679 3032 
8729 6340 8684 3037 
8735 6342 8690 3038 
8738 6345 8691 3040 
8740 6348 8695 3043 
8743 6353 8700 3043 
8746 6359 8704 3047 
8750 6362 8709 3049 
8758 6365 8716 3051 
8769 6373 8725 3053 
8775 6379 8731 3056 
8782 6384 8736 3056 
8788 6390 8739 3058 
8797 6392 8747 3059 
8805 6396 8752 3062 
8809 6406 8757 3064 
8815 6412 8758 3065 
8817 6416 8769 3068 
8823 6419 8773 3069 
8829 6424 8782 3071 
8837 6431 8787 3071 
8844 6434 8792 3074 
8850 6437 8802 3075 
8858 6441 8805 3076 
8866 6442 8813 3079 
8870 6448 8816 3080 
8873 6452 8826 3083 
8876 6457 8832 3086 
8881 6461 8840 3088 
8887 6466 8850 3088 
8890 6469 8854 3088 
8895 6474 8867 3093 
8903 6477 8871 3096 
8913 6481 8877 3098 
8919 6483 8884 3102 
8924 6487 8889 3105 
8928 6490 8896 3106 
8931 6494 8897 3111 
8936 6499 8903 3115 
8944 6505 8909 3115 
8946 6508 8914 3118 
8951 6511 8922 3123 
8955 6517 8927 3126 
8963 6521 8934 3128 
8969 6522 8939 3129 
8973 6526 8946 3130 
8981 6531 8958 3131 
8984 6536 8963 3134 
8988 6544 8964 3136 
8995 6549 8970 3139 
9000 6552 8976 3139 
9005 6565 8980 3139 
9013 6569 8983 3141 
9016 6571 8985 3141 
9024 6576 8991 3143 
9034 6578 9003 3144 
9036 6580 9006 3144 
9041 6584 9014 3147 
9055 6588 9021 3148 
9056 6590 9024 3149 
9058 6592 9029 3150 
9065 6597 9033 3151 
9072 6599 9037 3153 
9075 6601 9046 3154 
9078 6606 9054 3155 
9083 6612 9060 3156 
9087 6615 9069 3158 
9094 6616 9076 3158 
9099 6619 9080 3159 
9105 6621 9083 3160 
9112 6625 9088 3160 
9116 6631 9093 3161 
9120 6636 9103 3163 
9121 6639 9108 3165 
9124 6642 9114 3168 
9131 6648 9122 3170 
9134 6651 9130 3173 
9138 6653 9133 3175 
9143 6657 9138 3178 
9146 6662 9142 3180 
9149 6667 9147 3180 
9157 6671 9151 3180 
9167 6676 9158 3181 
9171 6680 9166 3182 
9175 6685 9172 3185 
9183 6691 9181 3186 
9189 6695 9185 3188 
9196 6700 9190 3193 
9200 6706 9197 3195 
9203 6709 9203 3198 
9208 6714 9207 3198 
9213 6718 9211 3199 
9218 6723 9214 3202 
9220 6727 9217 3205 
9224 6734 9225 3208 
9226 6738 9233 3210 
9230 6744 9240 3210 
9236 6748 9247 3211 
9238 6750 9255 3211 
9246 6755 9261 3213 
9253 6759 9267 3215 
9258 6765 9271 3216 
9266 6768 9278 3220 
9271 6770 9288 3222 
9280 6775 9297 3223 
9284 6781 9299 3224 
9288 6789 9306 3224 
9298 6795 9315 3225 
9304 6801 9318 3227 
9313 6804 9324 3230 
9317 6807 9327 3231 
9325 6813 9332 3236 
9331 6815 9334 3237 
9340 6816 9340 3239 
9343 6824 9347 3241 
9346 6831 9354 3243 
9353 6832 9362 3247 
9360 6837 9366 3249 
9364 6845 9375 3252 
9375 6846 9378 3255 
9378 6853 9385 3258 
9385 6857 9390 3260 
9391 6864 9394 3263 
9395 6872 9397 3268 
9400 6876 9404 3270 
9405 6880 9413 3271 
9409 6882 9418 3272 
9419 6888 9423 3272 
9421 6892 9426 3273 
9426 6895 9430 3274 
9435 6896 9434 3277 
9439 6902 9441 3279 
9444 6911 9444 3283 
9451 6915 9452 3286 
9456 6920 9457 3290 
9469 6926 9465 3292 
9474 6927 9477 3292 
9480 6930 9485 3293 
9483 6931 9487 3296 
9490 6936 9489 3300 
9494 6940 9491 3307 
9496 6945 9499 3308 
9505 6950 9502 3310 
9512 6958 9510 3310 
9518 6966 9512 3311 
9525 6976 9520 3313 
9531 6979 9529 3316 
9535 6983 9535 3318 
9543 6987 9548 3320 
9549 6995 9552 3320 
9550 6999 9556 3320 
9557 7002 9558 3320 
9565 7005 9566 3321 
9574 7010 9570 3323 
9582 7013 9575 3323 
9583 7019 9581 3323 
9593 7022 9587 3325 
9595 7026 9594 3326 
9601 7030 9598 3330 
9604 7032 9602 3332 
9610 7038 9607 3336 
9616 7044 9612 3337 
9623 7049 9614 3338 
9627 7052 9622 3340 
9629 7054 9627 3344 
9638 7056 9632 3346 
9642 7059 9641 3351 
9650 7062 9649 3353 
9656 7066 9654 3357 
9666 7070 9657 3359 
9669 7074 9666 3363 
9675 7078 9672 3366 
9683 7080 9679 3368 
9686 7082 9683 3372 
9693 7085 9686 3375 
9704 7089 9689 3381 
9710 7094 9699 3382 
9716 7104 9702 3384 
9719 7108 9705 3385 
9724 7112 9711 3386 
9731 7114 9716 3387 
9736 7116 9723 3388 
9741 7126 9728 3390 
9742 7131 9737 3390 
9748 7136 9742 3392 
9753 7140 9747 3393 
9758 7144 9752 3394 
9764 7148 9759 3399 
9770 7151 9765 3401 
9774 7154 9773 3402 
9778 7156 9776 3407 
9782 7158 9785 3408 
9786 7164 9796 3408 
9789 7165 9805 3410 
9796 7170 9813 3412 
9799 7174 9821 3414 
9802 7182 9826 3415 
9805 7187 9830 3416 
9814 7189 9838 3417 
9823 7192 9840 3419 
9827 7196 9845 3421 
9835 7200 9855 3422 
9838 7206 9861 3423 
9843 7212 9870 3426 
9850 7220 9873 3427 
9856 7225 9879 3427 
9861 7231 9885 3429 
9867 7236 9889 3431 
9875 7240 9899 3434 
9878 7243 9903 3434 
9879 7248 9906 3435 
9887 7251 9911 3437 
9893 7257 9916 3437 
9899 7264 9925 3441 
9905 7267 9927 3443 
9909 7272 9932 3448 
9920 7279 9936 3451 
9928 7289 9943 3452 
9932 7297 9946 3452 
9933 7300 9954 3455 
9936 7305 9959 3459 
9939 7313 9965 3460 
9943 7317 9973 3462 
9949 7323 9984 3467 
9956 7325 9990 3468 
9962 7332 9998 3470 
9974 7335 10005 3474 
9984 7338 10013 3476 
9991 7344 10021 3478 
9996 7346 10028 3481 
10000 7352 10034 3485 
10003 7353 10037 3487 
10012 7358 10042 3488 
10014 7365 10046 3491 
10018 7368 10051 3491 
10022 7372 10060 3492 
10027 7376 10066 3494 
10033 7382 10072 3496 
10037 7385 10079 3497 
10043 7388 10087 3499 
10044 7390 10092 3500 
10055 7396 10100 3501 
10069 7401 10106 3504 
10076 7403 10115 3505 
10080 7410 10120 3508 
10086 7412 10124 3510 
10093 7414 10128 3512 
10095 7421 10137 3517 
10103 7425 10146 3517 
10110 7432 10151 3517 
10119 7436 10158 3519 
10126 7438 10160 3521 
10129 7441 10163 3521 
10137 7447 10169 3527 
10145 7450 10179 3528 
10150 7453 10183 3531 
10158 7457 10188 3532 
10162 7459 10193 3533 
10172 7465 10198 3534 
10177 7471 10198 3538 
10188 7474 10208 3539 
10193 7477 10213 3539 
10198 7483 10218 3542 
10204 7487 10220 3544 
10212 7490 10228 3546 
10218 7494 10235 3548 
10221 7497 10242 3552 
10231 7503 10252 3552 
10233 7509 10260 3555 
10240 7512 10265 3556 
10243 7516 10271 3558 
10247 7518 10278 3560 
10252 7520 10289 3560 
10256 7520 10292 3564 
10263 7526 10296 3565 
10269 7532 10302 3566 
10276 7533 10309 3569 
10282 7541 10313 3569 
10288 7543 10320 3571 
10293 7549 10324 3572 
10303 7556 10328 3573 
10309 7560 10334 3575 
10312 7563 10340 3577 
10316 7570 10345 3581 
10320 7577 10349 3583 
10325 7580 10358 3585 
10328 7584 10364 3588 
10334 7587 10367 3590 
10344 7591 10372 3593 
10348 7593 10378 3596 
10351 7595 10383 3598 
10354 7600 10389 3601 
10356 7606 10397 3604 
10362 7611 10404 3606 
10370 7621 10411 3610 
10378 7628 10417 3611 
10382 7633 10419 3614 
10383 7634 10428 3615 
10388 7640 10433 3619 
10398 7644 10438 3624 
10405 7646 10438 3626 
10412 7649 10445 3627 
10421 7652 10454 3629 
10430 7657 10463 3632 
10438 7659 10473 3634 
10443 7666 10480 3641 
10445 7671 10483 3642 
10448 7673 10491 3643 
10457 7676 10502 3647 
10462 7679 10508 3649 
10466 7687 10514 3650 
10472 7691 10519 3651 
10478 7697 10523 3651 
10481 7704 10529 3652 
10487 7710 10538 3653 
10489 7716 10543 3654 
10492 7722 10552 3656 
10498 7729 10555 3662 
10505 7734 10566 3664 
10510 7739 10573 3669 
10521 7746 10579 3669 
10528 7749 10584 3671 
10534 7754 10590 3674 
10540 7754 10594 3675 
10545 7758 10598 3676 
10551 7764 10601 3677 
10557 7766 10609 3681 
10566 7771 10615 3683 
10570 7775 10621 3684 
10571 7781 10626 3684 
10576 7786 10627 3685 
10583 7791 10635 3687 
10590 7796 10639 3693 
10597 7799 10646 3696 
10601 7804 10656 3699 
10606 7807 10663 3702 
10614 7815 10670 3704 
10616 7816 10676 3707 
10618 7820 10682 3709 
10624 7823 10689 3714 
10628 7828 10691 3716 
10634 7833 10700 3718 
10636 7836 10711 3723 
10641 7839 10717 3724 
10650 7842 10720 3724 
10654 7842 10728 3724 
10659 7849 10733 3726 
10666 7856 10740 3726 
10670 7862 10747 3728 
10676 7867 10751 3728 
10681 7870 10753 3731 
10688 7876 10759 3733 
10692 7882 10762 3735 
10697 7891 10765 3739 
10704 7893 10769 3739 
10709 7895 10778 3740 
10713 7900 10784 3743 
10718 7902 10787 3745 
10721 7906 10794 3746 
10724 7911 10795 3752 
10730 7916 10802 3755 
10735 7923 10812 3757 
10744 7928 10823 3759 
10748 7935 10829 3762 
10751 7941 10840 3764 
10756 7949 10846 3766 
10764 7952 10848 3766 
10768 7957 10858 3769 
10773 7960 10864 3770 
10779 7964 10873 3771 
10786 7970 10881 3774 
10795 7973 10884 3775 
10803 7976 10890 3779 
10811 7984 10895 3781 
10818 7989 10902 3784 
10822 7995 10905 3786 
10825 7995 10908 3787 
10830 7997 10915 3789 
10836 8005 10920 3790 
10842 8007 10924 3792 
10855 8009 10929 3795 
10861 8017 10934 3795 
10866 8020 10936 3796 
10872 8029 10942 3801 
10877 8032 10947 3804 
10884 8037 10952 3808 
10891 8041 10955 3809 
10893 8041 10962 3811 
10899 8047 10965 3811 
10906 8052 10967 3811 
10912 8056 10972 3816 
10919 8059 10979 3818 
10924 8061 10988 3819 
10931 8067 10998 3819 
10936 8067 11007 3820 
10941 8077 11011 3822 
10943 8081 11016 3825 
10949 8088 11022 3825 
10954 8090 11027 3827 
10957 8094 11032 3829 
10964 8095 11041 3832 
10969 8097 11044 3835 
10975 8100 11053 3839 
10980 8101 11056 3841 
10984 8104 11060 3843 
10990 8109 11066 3845 
10992 8120 11073 3845 
10998 8125 11081 3848 
11001 8128 11084 3850 
11007 8131 11087 3852 
11013 8132 11094 3852 
11017 8137 11096 3852 
11020 8140 11103 3855 
11023 8146 11109 3859 
11029 8149 11116 3862 
11030 8152 11125 3863 
11042 8153 11133 3863 
11050 8156 11135 3865 
11052 8160 11140 3867 
11055 8162 11144 3868 
11064 8166 11148 3869 
11066 8170 11152 3873 
11071 8174 11163 3875 
11076 8176 11171 3879 
11086 8180 11180 3880 
11091 8182 11185 3882 
11093 8186 11193 3885 
11098 8191 11198 3886 
11105 8197 11204 3890 
11108 8204 11208 3892 
11115 8208 11211 3894 
11121 8212 11217 3896 
11127 8218 11225 3896 
11132 8223 11231 3898 
11133 8230 11235 3900 
11137 8236 11238 3902 
11142 8242 11244 3903 
11147 8244 11252 3906 
11156 8249 11264 3907 
11160 8253 11278 3911 
11165 8255 11285 3912 
11170 8257 11294 3913 
11173 8261 11297 3915 
11177 8269 11302 3916 
11190 8271 11313 3916 
11197 8276 11322 3920 
11200 8284 11325 3924 
11206 8292 11331 3927 
11210 8297 11341 3930 
11219 8302 11346 3930 
11224 8306 11351 3932 
11229 8307 11354 3933 
11230 8313 11360 3936 
11235 8317 11362 3940 
11240 8325 11366 3941 
11246 8332 11370 3945 
11257 8337 11375 3946 
11262 8339 11378 3948 
11270 8343 11385 3948 
11277 8346 11390 3951 
11282 8350 11394 3954 
11291 8358 11400 3956 
11292 8364 11404 3958 
11295 8369 11409 3960 
11299 8372 11414 3964 
11305 8377 11416 3966 
11309 8380 11419 3972 
11319 8382 11425 3972 
11324 8386 11433 3972 
11331 8391 11438 3973 
11335 8399 11443 3976 
11345 8406 11451 3977 
11350 8409 11458 3978 
11355 8417 11466 3981 
11359 8423 11472 3984 
11362 8427 11484 3986 
11367 8429 11489 3991 
11374 8433 11496 3993 
11379 8437 11506 3993 
11384 8437 11513 3995 
11391 8445 11516 3996 
11394 8446 11523 3997 
11399 8450 11526 4002 
11404 8456 11533 4003 
11410 8460 11540 4009 
11416 8464 11544 4012 
11419 8470 11549 4012 
11425 8472 11556 4015 
11429 8474 11565 4019 
11439 8479 11567 4020 
11445 8485 11572 4021 
11448 8487 11580 4022 
11455 8492 11590 4024 
11464 8493 11597 4026 
11467 8496 11603 4028 
11475 8505 11607 4031 
11480 8508 11612 4033 
11485 8512 11616 4033 
11491 8515 11625 4035 
11498 8516 11629 4038 
11505 8521 11637 4040 
11507 8526 11643 4044 
11513 8532 11648 4048 
11520 8533 11653 4052 
11525 8541 11659 4053 
11530 8546 11664 4053 
11538 8551 11666 4054 
11540 8556 11671 4057 
11546 8559 11676 4059 
11549 8561 11680 4064 
11556 8562 11686 4065 
11558 8566 11692 4068 
11562 8569 11696 4070 
11568 8571 11700 4075 
11573 8583 11706 4076 
11578 8586 11712 4077 
11583 8591 11714 4079 
11588 8596 11719 4082 
11592 8601 11721 4084 
11601 8605 11726 4087 
11607 8608 11732 4091 
11614 8614 11735 4095 
11619 8622 11737 4097 
11622 8626 11748 4100 
11624 8630 11758 4102 
11628 8635 11762 4104 
11636 8638 11775 4109 
11641 8649 11784 4109 
11643 8653 11791 4112 
11650 8660 11798 4113 
11653 8672 11802 4114 
11662 8676 11806 4115 
11670 8678 11811 4119 
11674 8679 11818 4121 
11683 8684 11826 4124 
11688 8692 11829 4126 
11697 8696 11834 4132 
11703 8697 11837 4135 
11707 8706 11845 4136 
11713 8710 11851 4139 
11722 8712 11856 4139 
11729 8713 11859 4143 
11737 8719 11865 4146 
11742 8723 11870 4149 
11751 8730 11874 4150 
11757 8735 11878 4151 
11763 8739 11884 4156 
11765 8744 11891 4160 
11769 8745 11896 4163 
11775 8750 11900 4166 
11780 8754 11904 4168 
11785 8758 11913 4172 
11793 8767 11918 4173 
11801 8767 11929 4176 
11808 8773 11937 4178 
11812 8779 11942 4182 
11823 8783 11945 4185 
11830 8791 11952 4186 
11837 8797 11961 4188 
11847 8797 11968 4190 
11852 8805 11972 4192 
11857 8808 11977 4193 
11865 8812 11981 4193 
11869 8816 11982 4194 
11877 8817 11987 4197 
11884 8822 11991 4199 
11890 8826 11997 4200 
11895 8833 12003 4205 
11899 8836 12011 4208 
11902 8839 12016 4208 
11907 8845 12020 4210 
11912 8850 12025 4212 
11915 8856 12029 4212 
11919 8861 12035 4213 
11926 8867 12038 4218 
11929 8873 12042 4218 
11934 8878 12048 4220 
11939 8883 12051 4224 
11940 8889 12064 4226 
11947 8893 12065 4228 
11955 8896 12067 4228 
11957 8898 12078 4228 
11964 8902 12083 4228 
11971 8909 12089 4230 
11980 8910 12091 4231 
11986 8911 12094 4232 
11990 8914 12101 4232 
11994 8917 12109 4235 
11996 8924 12114 4235 
12002 8926 12124 4236 
12010 8932 12131 4238 
12015 8938 12133 4242 
12018 8944 12139 4244 
12020 8947 12146 4246 
12022 8949 12152 4248 
12036 8953 12164 4252 
12041 8961 12169 4253 
12046 8967 12174 4256 
12053 8973 12180 4259 
12059 8974 12188 4259 
12065 8981 12195 4261 
12069 8987 12200 4264 
12072 8990 12206 4265 
12075 8993 12210 4268 
12080 8997 12218 4269 
12089 9000 12223 4270 
12097 9010 12227 4272 
12100 9012 12233 4274 
12108 9017 12240 4277 
12115 9023 12245 4277 
12121 9024 12248 4278 
12128 9028 12256 4279 
12134 9035 12267 4283 
12139 9041 12274 4283 
12142 9046 12279 4284 
12151 9047 12280 4284 
12156 9052 12289 4286 
12161 9058 12292 4286 
12164 9059 12294 4287 
12169 9064 12299 4290 
12175 9068 12306 4292 
12182 9072 12310 4294 
12186 9077 12314 4298 
12191 9080 12317 4299 
12202 9083 12319 4299 
12208 9089 12322 4302 
12209 9098 12329 4308 
12212 9105 12336 4313 
12215 9111 12345 4314 
12223 9119 12353 4317 
12228 9119 12361 4319 
12234 9129 12365 4322 
12239 9135 12368 4324 
12247 9137 12376 4324 
12254 9143 12381 4326 
12261 9147 12390 4328 
12266 9152 12396 4329 
12271 9156 12403 4330 
12273 9161 12411 4332 
12278 9166 12417 4336 
12285 9170 12419 4338 
12293 9175 12426 4339 
12298 9180 12434 4341 
12304 9183 12439 4343 
12314 9186 12444 4345 
12318 9189 12447 4346 
12324 9194 12453 4348 
12327 9198 12458 4350 
12335 9201 12464 4354 
12339 9207 12472 4358 
12352 9210 12478 4360 
12360 9218 12486 4363 
12362 9222 12491 4364 
12368 9229 12498 4367 
12376 9236 12501 4367 
12383 9237 12507 4370 
12390 9240 12514 4371 
12394 9243 12521 4372 
12400 9248 12526 4375 
12407 9254 12533 4376 
12415 9257 12539 4379 
12419 9261 12549 4382 
12424 9265 12553 4384 
12434 9269 12562 4385 
12436 9270 12567 4385 
12438 9273 12576 4389 
12440 9280 12583 4390 
12443 9289 12589 4394 
12447 9294 12592 4397 
12458 9304 12597 4400 
12460 9310 12605 4404 
12465 9314 12611 4407 
12472 9315 12615 4413 
12476 9317 12621 4415 
12478 9321 12628 4418 
12482 9325 12633 4418 
12487 9331 12639 4421 
12495 9338 12644 4423 
12500 9345 12648 4424 
12507 9351 12657 4424 
12512 9355 12661 4424 
12522 9358 12663 4425 
12528 9362 12670 4426 
12532 9370 12675 4427 
12537 9376 12681 4431 
12540 9381 12687 4434 
12549 9383 12693 4438 
12560 9386 12699 4439 
12566 9392 12709 4441 
12571 9394 12718 4445 
12576 9400 12725 4446 
12584 9404 12731 4449 
12590 9406 12732 4450 
12597 9415 12735 4452 
12602 9424 12740 4452 
12609 9425 12749 4454 
12612 9432 12754 4455 
12616 9438 12760 4460 
12623 9442 12766 4461 
12631 9447 12775 4467 
12639 9450 12779 4473 
12645 9450 12786 4475 
12649 9457 12790 4477 
12657 9460 12795 4478 
12662 9466 12797 4478 
12671 9469 12803 4479 
12673 9470 12812 4480 
12680 9475 12818 4484 
12682 9479 12825 4485 
12688 9483 12830 4488 
12695 9484 12836 4489 
12700 9485 12843 4491 
12703 9491 12851 4491 
12707 9496 12856 4492 
12714 9499 12863 4493 
12721 9502 12870 4497 
12728 9508 12874 4500 
12733 9513 12884 4502 
12739 9515 12889 4504 
12747 9518 12895 4506 
12752 9519 12899 4508 
12756 9520 12910 4512 
12762 9523 12912 4515 
12767 9525 12916 4517 
12771 9527 12919 4522 
12778 9531 12921 4526 
12789 9538 12927 4528 
12794 9547 12932 4528 
12797 9553 12937 4531 
12800 9559 12939 4531 
12804 9562 12946 4531 
12815 9567 12950 4534 
12823 9574 12960 4534 
12825 9577 12962 4541 
12832 9582 12966 4545 
12837 9585 12974 4546 
12838 9588 12981 4549 
12841 9592 12991 4551 
12847 9598 12995 4552 
12856 9603 13003 4556 
12864 9605 13008 4557 
12871 9613 13019 4559 
12878 9618 13023 4563 
12882 9623 13031 4567 
12887 9627 13041 4569 
12898 9630 13050 4570 
12901 9634 13058 4572 
12902 9636 13064 4574 
12904 9639 13069 4575 
12908 9643 13077 4577 
12915 9646 13083 4580 
12922 9649 13084 4582 
12927 9652 13090 4587 
12933 9655 13096 4587 
12937 9660 13102 4590 
12942 9663 13104 4590 
12950 9665 13111 4594 
12957 9671 13112 4597 
12965 9673 13116 4599 
12972 9677 13118 4599 
12977 9681 13127 4600 
12978 9687 13137 4602 
12982 9691 13141 4606 
12989 9691 13147 4611 
12999 9697 13150 4611 
13005 9700 13156 4617 
13011 9703 13160 4618 
13017 9707 13164 4620 
13020 9709 13169 4623 
13025 9711 13176 4625 
13032 9714 13182 4625 
13035 9715 13186 4629 
13044 9721 13191 4631 
13050 9725 13197 4634 
13053 9732 13204 4636 
13061 9740 13213 4639 
13068 9744 13219 4640 
13072 9749 13221 4640 
13078 9751 13225 4640 
13082 9755 13231 4644 
13088 9758 13235 4646 
13097 9764 13241 4649 
13100 9769 13247 4652 
13107 9773 13255 4653 
13111 9775 13263 4654 
13116 9783 13267 4656 
13125 9788 13272 4658 
13129 9789 13277 4663 
13134 9794 13282 4664 
13142 9797 13288 4666 
13147 9798 13294 4671 
13157 9804 13296 4674 
13163 9809 13300 4681 
13169 9812 13311 4682 
13177 9816 13317 4684 
13185 9821 13322 4687 
13192 9827 13330 4689 
13196 9831 13339 4691 
13203 9834 13348 4691 
13205 9839 13352 4696 
13211 9844 13358 4697 
13222 9848 13361 4701 
13226 9850 13374 4705 
13231 9856 13378 4706 
13239 9861 13386 4708 
13241 9866 13392 4711 
13247 9872 13396 4712 
13257 9876 13401 4715 
13258 9879 13403 4715 
13260 9883 13406 4717 
13264 9888 13418 4722 
13270 9896 13425 4723 
13275 9903 13431 4725 
13280 9911 13436 4726 
13290 9914 13440 4730 
13297 9919 13444 4732 
13304 9924 13449 4733 
13313 9930 13455 4736 
13319 9935 13460 4738 
13323 9943 13466 4739 
13328 9950 13474 4743 
13332 9953 13481 4747 
13337 9958 13493 4748 
13343 9967 13499 4751 
13346 9971 13505 4754 
13353 9976 13510 4756 
13356 9985 13515 4760 
13362 9987 13521 4762 
13369 9993 13524 4763 
13373 9997 13530 4763 
13380 10002 13534 4764 
13383 10003 13540 4765 
13388 10006 13548 4767 
13395 10013 13557 4769 
13399 10017 13562 4770 
13403 10021 13565 4774 
13408 10028 13574 4775 
13414 10034 13577 4778 
13418 10040 13584 4782 
13422 10043 13591 4783 
13425 10046 13594 4784 
13433 10050 13602 4785 
13440 10053 13606 4787 
13445 10058 13607 4788 
13451 10065 13611 4789 
13456 10069 13618 4791 
13459 10076 13623 4791 
13462 10080 13631 4792 
13469 10083 13638 4796 
13475 10086 13643 4799 
13477 10088 13648 4801 
13483 10094 13654 4804 
13494 10097 13658 4806 
13506 10100 13659 4810 
13511 10102 13667 4812 
13515 10107 13671 4812 
13522 10109 13678 4815 
13534 10110 13680 4815 
13539 10116 13690 4817 
13544 10125 13699 4821 
13550 10128 13705 4821 
13559 10133 13711 4822 
13563 10133 13716 4822 
13570 10138 13721 4823 
13576 10142 13722 4827 
13585 10147 13727 4829 
13588 10152 13732 4830 
13591 10159 13735 4831 
13596 10165 13737 4838 
13602 10166 13740 4840 
13607 10169 13747 4841 
13613 10173 13752 4843 
13617 10178 13758 4844 
13623 10183 13762 4845 
13629 10187 13770 4849 
13630 10191 13779 4851 
13636 10197 13787 4855 
13639 10197 13792 4856 
13645 10201 13801 4859 
13651 10206 13806 4859 
13656 10208 13811 4859 
13666 10211 13820 4860 
13668 10216 13828 4862 
13671 10219 13835 4862 
13677 10222 13840 4865 
13680 10222 13851 4868 
13690 10231 13860 4870 
13692 10235 13866 4871 
13696 10239 13870 4871 
13702 10244 13873 4872 
13707 10251 13876 4873 
13710 10257 13879 4874 
13712 10261 13885 4875 
13716 10265 13890 4875 
13726 10269 13898 4876 
13732 10273 13904 4877 
13736 10281 13911 4877 
13743 10285 13916 4880 
13746 10290 13921 4884 
13751 10296 13925 4885 
13755 10304 13927 4886 
13762 10309 13931 4889 
13768 10310 13933 4891 
13774 10313 13934 4892 
13779 10315 13939 4893 
13783 10323 13946 4895 
13790 10335 13950 4896 
13794 10340 13956 4899 
13801 10344 13963 4899 
13802 10346 13965 4900 
13809 10351 13971 4906 
13812 10355 13978 4910 
13817 10358 13979 4911 
13818 10362 13987 4912 
13825 10372 13989 4912 
13833 10377 13997 4917 
13840 10383 14001 4918 
13844 10389 14011 4919 
13846 10390 14017 4920 
13849 10397 14020 4920 
13854 10401 14028 4924 
13865 10405 14030 4930 
13870 10407 14035 4933 
13875 10412 14041 4935 
13876 10418 14050 4937 
13881 10421 14053 4939 
13884 10422 14061 4943 
13887 10429 14068 4943 
13889 10434 14072 4945 
13894 10447 14076 4948 
13899 10448 14084 4948 
13902 10451 14090 4950 
13907 10454 14097 4952 
13913 10454 14106 4954 
13916 10456 14115 4956 
13919 10459 14121 4959 
13926 10462 14130 4961 
13934 10465 14142 4963 
13938 10468 14147 4966 
13944 10474 14152 4970 
13953 10476 14156 4972 
13955 10481 14162 4975 
13959 10487 14169 4979 
13966 10489 14174 4984 
13969 10494 14182 4986 
13971 10498 14189 4989 
13983 10503 14194 4991 
13989 10507 14200 4993 
13993 10511 14206 4995 
13999 10515 14216 4997 
14012 10519 14225 4999 
14016 10523 14230 5002 
14023 10529 14238 5005 
14025 10534 14242 5005 
14030 10541 14246 5007 
14035 10544 14254 5009 
14045 10551 14262 5014 
14048 10556 14268 5015 
14054 10560 14278 5019 
14061 10567 14286 5023 
14068 10572 14292 5028 
14073 10575 14296 5035 
14079 10580 14305 5038 
14087 10585 14316 5039 
14093 10589 14321 5040 
14100 10595 14327 5042 
14104 10598 14332 5043 
14110 10603 14337 5044 
14118 10607 14342 5044 
14126 10616 14349 5045 
14133 10619 14353 5047 
14141 10623 14361 5048 
14147 10625 14365 5052 
14152 10630 14376 5052 
14157 10636 14382 5052 
14165 10643 14387 5053 
14169 10644 14392 5054 
14177 10646 14399 5057 
14181 10649 14405 5062 
14185 10650 14414 5065 
14198 10655 14424 5066 
14205 10662 14429 5066 
14211 10666 14433 5067 
14216 10671 14443 5070 
14219 10674 14451 5072 
14230 10680 14460 5077 
14234 10682 14469 5081 
14240 10687 14475 5085 
14243 10692 14479 5087 
14246 10692 14486 5088 
14257 10703 14491 5090 
14261 10711 14499 5090 
14265 10714 14506 5091 
14272 10719 14512 5094 
14277 10728 14518 5096 
14277 10731 14522 5096 
14286 10740 14527 5101 
14292 10746 14530 5106 
14298 10752 14540 5108 
14304 10754 14548 5109 
14308 10760 14555 5115 
14312 10762 14559 5116 
14317 10766 14562 5117 
14319 10770 14570 5119 
14323 10777 14575 5122 
14329 10781 14577 5125 
14336 10785 14583 5128 
14341 10790 14588 5130 
14347 10793 14595 5132 
14351 10797 14599 5135 
14356 10798 14601 5138 
14360 10798 14606 5139 
14370 10801 14610 5142 
14375 10805 14618 5145 
14381 10807 14621 5146 
14389 10814 14625 5149 
14398 10818 14631 5155 
14404 10823 14638 5157 
14410 10825 14646 5162 
14416 10833 14659 5163 
14425 10837 14663 5164 
14430 10841 14674 5166 
14438 10843 14681 5169 
14442 10846 14687 5172 
14448 10847 14692 5174 
14456 10852 14700 5177 
14458 10858 14705 5178 
14465 10864 14712 5180 
14469 10869 14716 5183 
14476 10873 14727 5185 
14483 10875 14734 5190 
14488 10882 14738 5193 
14497 10888 14744 5193 
14510 10890 14750 5194 
14518 10893 14754 5195 
14519 10897 14759 5197 
14524 10904 14765 5199 
14532 10910 14772 5202 
14536 10913 14783 5203 
14546 10920 14787 5205 
14558 10928 14793 5208 
14561 10933 14798 5210 
14563 10940 14806 5210 
14566 10941 14813 5213 
14570 10946 14817 5215 
14573 10948 14829 5218 
14576 10955 14834 5220 
14583 10959 14840 5222 
14589 10962 14848 5224 
14593 10967 14852 5227 
14599 10970 14859 5228 
14602 10973 14860 5228 
14609 10981 14863 5228 
14613 10985 14872 5229 
14619 10990 14879 5230 
14622 10994 14885 5233 
14629 10997 14887 5234 
14635 11002 14889 5234 
14640 11005 14893 5241 
14641 11009 14901 5243 
14645 11011 14905 5244 
14651 11016 14910 5246 
14656 11024 14920 5251 
14661 11031 14930 5257 
14666 11036 14935 5261 
14667 11044 14940 5263 
14673 11048 14952 5267 
14678 11055 14957 5267 
14684 11061 14964 5269 
14689 11064 14972 5272 
14698 11069 14982 5276 
14706 11074 14990 5277 
14713 11081 14999 5279 
14722 11084 15009 5281 
14730 11090 15013 5282 
14733 11095 15019 5283 
14738 11098 15033 5287 
14742 11103 15043 5287 
14748 11103 15047 5287 
14755 11110 15055 5289 
14761 11114 15058 5295 
14770 11122 15065 5297 
14778 11123 15068 5299 
14784 11129 15073 5301 
14790 11130 15079 5304 
14798 11134 15085 5306 
14805 11139 15088 5310 
14812 11147 15094 5310 
14816 11151 15100 5312 
14823 11156 15105 5315 
14830 11163 15112 5317 
14834 11164 15118 5321 
14837 11168 15121 5322 
14844 11172 15124 5324 
14855 11178 15129 5327 
14861 11182 15132 5329 
14866 11185 15138 5333 
14873 11191 15142 5335 
14881 11196 15146 5340 
14885 11200 15152 5341 
14894 11203 15158 5341 
14898 11211 15163 5344 
14902 11214 15169 5347 
14909 11218 15175 5347 
14916 11224 15179 5350 
14922 11229 15181 5352 
14930 11235 15183 5353 
14937 11240 15194 5354 
14943 11248 15199 5356 
14950 11252 15210 5356 
14953 11255 15219 5360 
14959 11256 15224 5362 
14965 11257 15231 5365 
14971 11260 15236 5366 
14975 11265 15244 5369 
14989 11270 15249 5371 
14995 11278 15252 5373 
14998 11285 15265 5374 
15009 11289 15271 5376 
15012 11291 15277 5376 
15017 11298 15284 5381 
15023 11303 15291 5384 
15032 11315 15295 5385 
15037 11321 15296 5389 
15042 11323 15299 5391 
15048 11328 15302 5392 
15057 11331 15312 5395 
15062 11339 15322 5400 
15068 11344 15327 5403 
15076 11350 15333 5409 
15078 11354 15339 5411 
15082 11358 15346 5415 
15090 11364 15351 5421 
15096 11367 15359 5421 
15099 11370 15366 5421 
15106 11373 15367 5423 
15121 11379 15372 5425 
15131 11383 15376 5425 
15134 11388 15383 5425 
15142 11395 15389 5430 
15145 11401 15394 5431 
15148 11403 15402 5434 
15149 11411 15405 5436 
15159 11412 15411 5437 
15162 11416 15423 5437 
15167 11420 15427 5440 
15173 11430 15428 5441 
15175 11431 15432 5442 
15183 11436 15435 5448 
15189 11442 15442 5450 
15193 11442 15446 5450 
15201 11447 15453 5453 
15207 11448 15462 5454 
15216 11452 15467 5458 
15223 11456 15480 5461 
15226 11460 15490 5461 
15236 11465 15496 5463 
15240 11470 15500 5465 
15243 11475 15504 5468 
15249 11477 15514 5471 
15256 11481 15523 5471 
15262 11483 15530 5473 
15272 11490 15537 5477 
15283 11495 15540 5479 
15287 11498 15544 5482 
15294 11506 15551 5485 
15304 11509 15558 5487 
15308 11512 15566 5488 
15316 11515 15572 5491 
15321 11522 15577 5494 
15326 11527 15581 5496 
15334 11532 15584 5497 
15338 11535 15589 5499 
15341 11538 15593 5502 
15349 11542 15599 5504 
15356 11547 15602 5507 
15368 11555 15610 5510 
15372 11558 15617 5512 
15382 11563 15625 5514 
15389 11566 15631 5516 
15394 11567 15636 5517 
15403 11572 15640 5518 
15406 11576 15645 5522 
15412 11579 15651 5523 
15419 11581 15654 5526 
15425 11586 15658 5529 
15435 11593 15661 5530 
15437 11593 15665 5531 
15444 11599 15676 5531 
15455 11606 15684 5532 
15463 11609 15693 5533 
15470 11614 15699 5540 
15476 11618 15704 5543 
15479 11620 15704 5545 
15488 11624 15710 5548 
15492 11630 15716 5550 
15503 11638 15726 5550 
15509 11640 15729 5551 
15514 11644 15737 5553 
15518 11648 15745 5554 
15521 11649 15749 5558 
15526 11653 15753 5560 
15532 11655 15755 5564 
15539 11663 15764 5564 
15550 11671 15770 5567 
15557 11671 15774 5569 
15559 11673 15777 5571 
15563 11679 15783 5572 
15569 11684 15786 5573 
15575 11686 15797 5576 
15578 11691 15810 5578 
15581 11696 15819 5581 
15592 11701 15827 5581 
15599 11707 15833 5582 
15606 11710 15844 5582 
15616 11713 15847 5584 
15624 11721 15852 5589 
15634 11725 15860 5590 
15638 11729 15864 5592 
15648 11731 15868 5594 
15655 11737 15874 5595 
15659 11740 15876 5596 
15663 11744 15879 5597 
15665 11749 15880 5600 
15669 11753 15890 5602 
15672 11758 15894 5605 
15679 11764 15901 5606 
15685 11767 15903 5608 
15690 11772 15908 5612 
15693 11779 15912 5614 
15701 11787 15920 5616 
15705 11790 15929 5618 
15708 11794 15935 5619 
15712 11796 15942 5623 
15716 11799 15949 5624 
15723 11804 15957 5626 
15728 11808 15962 5628 
15729 11813 15964 5632 
15734 11818 15969 5634 
15740 11821 15978 5634 
15744 11822 15982 5635 
15744 11829 15990 5639 
15756 11833 15999 5642 
15763 11837 16006 5646 
15767 11842 16010 5649 
15771 11846 16016 5652 
15774 11854 16023 5654 
15781 11859 16027 5658 
15783 11861 16035 5661 
15788 11864 16040 5662 
15791 11869 16046 5662 
15795 11877 16049 5666 
15803 11883 16054 5668 
15807 11884 16064 5671 
15813 11890 16071 5673 
15822 11897 16074 5677 
15828 11899 16079 5680 
15830 11903 16089 5683 
15841 11906 16094 5685 
15852 11908 16100 5688 
15858 11912 16108 5689 
15866 11916 16116 5692 
15871 11922 16122 5695 
15875 11927 16129 5698 
15880 11930 16131 5701 
15884 11936 16140 5703 
15893 11939 16145 5703 
15901 11944 16152 5706 
15904 11949 16160 5709 
15908 11954 16164 5712 
15915 11961 16174 5714 
15919 11968 16178 5716 
15923 11974 16185 5719 
15926 11975 16191 5721 
15936 11981 16199 5724 
15939 11985 16203 5725 
15943 11991 16208 5730 
15950 11994 16215 5734 
15957 11999 16221 5735 
15963 12004 16228 5738 
15964 12011 16234 5740 
15969 12020 16239 5742 
15973 12027 16245 5748 
15978 12034 16251 5753 
15983 12040 16254 5756 
15989 12040 16266 5758 
15997 12047 16274 5761 
16004 12052 16279 5763 
16011 12060 16285 5764 
16015 12065 16291 5766 
16019 12073 16294 5771 
16024 12075 16299 5774 
16033 12080 16307 5774 
16036 12089 16316 5776 
16045 12097 16318 5778 
16052 12100 16322 5781 
16057 12104 16328 5783 
16069 12106 16336 5785 
16073 12107 16343 5786 
16074 12108 16350 5790 
16080 12111 16360 5791 
16083 12119 16366 5794 
16090 12122 16374 5797 
16095 12128 16376 5799 
16099 12137 16384 5799 
16104 12141 16388 5800 
16109 12141 16393 5803 
16117 12145 16396 5804 
16119 12148 16400 5805 
16121 12153 16404 5806 
16131 12158 16409 5809 
16138 12163 16412 5810 
16146 12172 16421 5811 
16154 12175 16425 5812 
16157 12181 16432 5814 
16166 12186 16438 5817 
16172 12192 16444 5818 
16175 12195 16452 5820 
16176 12202 16459 5821 
16179 12206 16470 5823 
16181 12208 16475 5827 
16186 12216 16479 5828 
16194 12223 16484 5828 
16202 12223 16493 5829 
16209 12227 16499 5831 
16216 12229 16503 5832 
16222 12232 16509 5833 
16230 12238 16517 5834 
16237 12240 16523 5836 
16244 12248 16535 5840 
16251 12251 16543 5843 
16257 12253 16552 5844 
16263 12255 16562 5846 
16276 12263 16566 5847 
16279 12266 16571 5848 
16285 12271 16576 5853 
16293 12280 16583 5854 
16297 12283 16589 5855 
16303 12287 16593 5858 
16309 12292 16598 5861 
16314 12296 16609 5863 
16318 12300 16614 5864 
16324 12301 16622 5865 
16329 12303 16626 5867 
16335 12309 16627 5871 
16340 12311 16634 5873 
16344 12313 16641 5876 
16350 12317 16653 5876 
16360 12319 16661 5878 
16364 12324 16674 5878 
16373 12327 16682 5879 
16379 12332 16684 5880 
16387 12338 16689 5882 
16388 12343 16697 5886 
16390 12348 16702 5887 
16395 12350 16712 5891 
16401 12354 16719 5897 
16406 12358 16726 5901 
16410 12363 16735 5905 
16414 12370 16742 5908 
16418 12372 16748 5912 
16424 12373 16755 5914 
16427 12377 16763 5914 
16437 12382 16769 5914 
16441 12386 16778 5916 
16446 12393 16782 5917 
16457 12398 16786 5920 
16463 12402 16790 5923 
16467 12405 16794 5924 
16472 12411 16796 5926 
16475 12415 16798 5927 
16476 12419 16805 5929 
16485 12422 16810 5931 
16489 12425 16814 5931 
16493 12428 16822 5933 
16496 12435 16828 5935 
16504 12438 16837 5936 
16506 12442 16841 5937 
16510 12447 16845 5939 
16516 12447 16853 5940 
16519 12454 16859 5943 
16521 12460 16862 5947 
16521 12462 16870 5950 
16526 12467 16874 5952 
16535 12472 16884 5954 
16539 12474 16890 5959 
16542 12475 16898 5959 
16547 12478 16907 5964 
16555 12482 16907 5968 
16558 12484 16914 5969 
16564 12488 16918 5971 
16570 12491 16924 5971 
16579 12496 16934 5973 
16582 12500 16940 5975 
16587 12504 16948 5978 
16590 12508 16956 5982 
16592 12512 16962 5983 
16599 12520 16965 5985 
16608 12524 16972 5987 
16614 12532 16979 5988 
16618 12539 16981 5990 
16621 12545 16987 5992 
16630 12552 16992 5993 
16637 12557 16998 5996 
16643 12559 17004 5999 
16648 12560 17012 5999 
16652 12564 17017 6001 
16664 12567 17028 6001 
16672 12573 17034 6002 
16675 12579 17041 6004 
16680 12586 17047 6009 
16686 12592 17057 6009 
16688 12595 17063 6011 
16700 12599 17070 6013 
16704 12604 17079 6014 
16708 12607 17086 6017 
16711 12614 17097 6021 
16718 12619 17101 6024 
16734 12625 17107 6024 
16739 12631 17109 6026 
16744 12637 17110 6029 
16747 12639 17113 6032 
16756 12645 17119 6033 
16757 12650 17124 6036 
16761 12654 17131 6038 
16765 12660 17135 6041 
16770 12667 17142 6044 
16773 12674 17148 6045 
16778 12679 17151 6048 
16783 12685 17156 6048 
16787 12688 17160 6051 
16792 12695 17164 6052 
16803 12698 17169 6055 
16807 12707 17182 6055 
16810 12710 17186 6062 
16818 12716 17194 6062 
16830 12722 17201 6063 
16837 12726 17205 6068 
16843 12729 17214 6069 
16853 12734 17222 6070 
16859 12739 17230 6072 
16866 12746 17232 6077 
16872 12754 17237 6085 
16879 12759 17243 6087 
16887 12764 17247 6090 
16893 12772 17254 6091 
16898 12779 17258 6094 
16906 12785 17262 6097 
16912 12792 17265 6097 
16921 12797 17270 6098 
16927 12800 17276 6101 
16929 12804 17280 6106 
16937 12813 17285 6106 
16942 12816 17292 6108 
16945 12819 17300 6110 
16951 12823 17307 6111 
16958 12828 17313 6112 
16964 12832 17315 6114 
16975 12835 17324 6117 
16979 12837 17328 6120 
16990 12847 17334 6124 
16999 12851 17339 6126 
17008 12856 17343 6126 
17015 12865 17347 6128 
17021 12867 17356 6130 
17028 12873 17366 6131 
17034 12875 17376 6135 
17040 12880 17378 6136 
17045 12881 17383 6136 
17052 12883 17388 6136 
17057 12884 17391 6136 
17063 12889 17400 6139 
17066 12895 17401 6141 
17071 12899 17403 6143 
17073 12903 17407 6144 
17082 12909 17412 6145 
17088 12918 17415 6147 
17095 12922 17420 6152 
17100 12928 17426 6153 
17111 12930 17435 6154 
17120 12935 17436 6157 
17128 12945 17444 6161 
17131 12950 17450 6164 
17136 12956 17457 6168 
17144 12959 17462 6168 
17148 12964 17472 6169 
17157 12969 17480 6169 
17163 12973 17487 6170 
17168 12977 17492 6174 
17172 12979 17499 6177 
17177 12981 17505 6180 
17180 12986 17512 6181 
17185 12991 17517 6183 
17188 12996 17528 6184 
17193 13000 17535 6188 
17199 13006 17540 6193 
17205 13011 17548 6196 
17209 13013 17557 6199 
17215 13018 17562 6199 
17219 13020 17571 6199 
17224 13027 17577 6202 
17227 13033 17586 6206 
17235 13036 17591 6209 
17243 13042 17596 6210 
17250 13052 17603 6216 
17260 13055 17609 6218 
17267 13063 17613 6220 
17274 13069 17618 6224 
17276 13075 17624 6225 
17279 13080 17627 6227 
17285 13086 17633 6228 
17295 13090 17641 6229 
17301 13095 17645 6232 
17303 13099 17650 6235 
17307 13103 17654 6238 
17310 13108 17662 6240 
17314 13113 17665 6242 
17320 13119 17669 6245 
17323 13122 17675 6246 
17330 13126 17686 6249 
17337 13132 17694 6251 
17341 13137 17701 6252 
17343 13141 17709 6257 
17350 13146 17714 6259 
17356 13154 17720 6261 
17358 13162 17726 6264 
17365 13163 17733 6264 
17372 13169 17740 6267 
17378 13177 17748 6271 
17386 13183 17753 6272 
17393 13188 17761 6273 
17400 13196 17769 6274 
17407 13202 17774 6275 
17413 13206 17781 6279 
17417 13207 17789 6283 
17425 13210 17796 6286 
17432 13213 17803 6290 
17441 13217 17807 6295 
17447 13226 17810 6297 
17453 13234 17811 6297 
17458 13240 17816 6298 
17461 13245 17824 6301 
17465 13248 17828 6302 
17468 13254 17834 6303 
17476 13255 17841 6304 
17479 13263 17851 6306 
17484 13268 17857 6309 
17492 13274 17868 6312 
17504 13278 17874 6312 
17509 13284 17879 6315 
17514 13288 17884 6317 
17521 13292 17891 6320 
17527 13299 17898 6321 
17532 13300 17907 6322 
17536 13306 17910 6324 
17540 13314 17915 6326 
17544 13320 17924 6328 
17548 13323 17929 6330 
17558 13329 17933 6331 
17562 13335 17938 6333 
17567 13341 17942 6339 
17573 13343 17950 6340 
17576 13345 17955 6342 
17584 13349 17963 6346 
17591 13355 17970 6348 
17597 13363 17980 6349 
17601 13367 17985 6349 
17604 13372 17989 6354 
17615 13375 17997 6355 
17616 13380 18007 6356 
17620 13384 18014 6358 
17625 13384 18020 6360 
17629 13387 18024 6364 
17635 13396 18034 6366 
17641 13399 18037 6368 
17645 13403 18048 6369 
17656 13408 18053 6369 
17665 13411 18061 6372 
17667 13419 18068 6378 
17669 13422 18075 6381 
17673 13427 18079 6383 
17675 13428 18087 6383 
17680 13436 18093 6384 
17684 13439 18104 6387 
17690 13446 18112 6390 
17697 13450 18119 6392 
17703 13456 18124 6396 
17709 13459 18134 6399 
17712 13461 18137 6401 
17717 13467 18143 6403 
17718 13469 18151 6409 
17721 13475 18157 6409 
17729 13477 18166 6409 
17737 13478 18171 6409 
17744 13483 18177 6411 
17750 13489 18185 6412 
17754 13493 18189 6415 
17759 13497 18192 6418 
17763 13507 18196 6420 
17774 13509 18201 6423 
17780 13514 18207 6423 
17785 13516 18210 6423 
17793 13519 18215 6426 
17803 13521 18226 6429 
17805 13527 18229 6429 
17814 13531 18235 6429 
17820 13539 18243 6432 
17831 13543 18251 6432 
17834 13547 18255 6433 
17837 13552 18264 6436 
17841 13560 18270 6439 
17847 13561 18276 6440 
17852 13565 18283 6442 
17857 13571 18287 6444 
17863 13574 18300 6448 
17864 13576 18304 6454 
17869 13580 18309 6456 
17874 13586 18318 6457 
17879 13590 18325 6457 
17885 13591 18332 6462 
17889 13595 18340 6463 
17893 13601 18349 6464 
17898 13604 18352 6467 
17903 13617 18360 6469 
17905 13621 18362 6471 
17909 13630 18366 6474 
17914 13636 18373 6475 
17918 13640 18377 6478 
17924 13642 18382 6480 
17932 13645 18390 6480 
17938 13650 18397 6481 
17946 13655 18404 6483 
17958 13662 18408 6486 
17964 13665 18412 6489 
17971 13668 18418 6492 
17977 13672 18422 6498 
17980 13676 18430 6500 
17994 13681 18439 6501 
17997 13682 18448 6503 
18003 13690 18459 6507 
18005 13693 18468 6508 
18017 13697 18472 6509 
18021 13700 18482 6511 
18028 13708 18486 6512 
18033 13708 18490 6516 
18040 13710 18494 6521 
18046 13711 18501 6524 
18055 13716 18509 6527 
18063 13722 18513 6528 
18068 13731 18518 6529 
18074 13732 18524 6531 
18077 13736 18526 6532 
18082 13743 18531 6535 
18092 13749 18539 6535 
18097 13754 18544 6537 
18102 13755 18549 6538 
18105 13759 18558 6539 
18113 13770 18564 6541 
18117 13771 18571 6542 
18128 13775 18577 6546 
18131 13780 18583 6549 
18141 13786 18588 6554 
18147 13789 18595 6555 
18151 13794 18597 6557 
18157 13798 18604 6561 
18163 13802 18608 6564 
18172 13805 18612 6568 
18179 13814 18618 6569 
18187 13819 18624 6570 
18194 13825 18632 6572 
18202 13831 18640 6576 
18207 13836 18650 6580 
18215 13842 18656 6581 
18221 13847 18664 6584 
18225 13856 18672 6589 
18229 13857 18680 6591 
18239 13862 18685 6592 
18245 13865 18691 6596 
18250 13867 18698 6599 
18256 13874 18703 6600 
18265 13879 18707 6601 
18270 13885 18714 6603 
18273 13891 18717 6608 
18275 13896 18727 6608 
18282 13906 18740 6608 
18290 13911 18752 6611 
18295 13913 18758 6613 
18301 13918 18762 6613 
18305 13923 18768 6614 
18312 13926 18772 6615 
18315 13930 18779 6618 
18320 13932 18788 6622 
18323 13938 18793 6623 
18327 13943 18798 6623 
18329 13946 18809 6626 
18339 13951 18812 6629 
18345 13955 18816 6633 
18352 13959 18823 6635 
18358 13965 18830 6637 
18362 13969 18838 6638 
18368 13978 18845 6640 
18376 13984 18849 6642 
18379 13989 18855 6644 
18385 13994 18865 6649 
18390 13998 18873 6649 
18394 14003 18878 6652 
18401 14008 18885 6652 
18407 14014 18889 6653 
18410 14017 18895 6655 
18415 14021 18905 6658 
18418 14027 18908 6659 
18422 14028 18912 6659 
18427 14037 18916 6661 
18436 14041 18922 6662 
18444 14048 18926 6663 
18452 14054 18930 6664 
18458 14057 18941 6670 
18461 14063 18944 6673 
18469 14065 18949 6678 
18479 14073 18954 6679 
18487 14078 18961 6680 
18494 14083 18965 6682 
18497 14087 18969 6688 
18502 14091 18972 6691 
18508 14093 18981 6694 
18518 14103 18984 6697 
18526 14107 18989 6698 
18531 14113 18995 6701 
18540 14120 19002 6704 
18548 14124 19008 6707 
18559 14126 19015 6710 
18566 14131 19022 6714 
18570 14136 19026 6718 
18576 14145 19030 6722 
18581 14151 19037 6723 
18584 14155 19048 6724 
18593 14158 19054 6726 
18602 14163 19059 6728 
18607 14167 19063 6732 
18614 14173 19067 6734 
18620 14175 19073 6736 
18626 14178 19081 6741 
18633 14183 19088 6743 
18640 14186 19099 6746 
18647 14191 19109 6748 
18653 14195 19114 6752 
18659 14200 19124 6753 
18664 14202 19131 6758 
18668 14204 19142 6760 
18672 14212 19146 6763 
18683 14215 19154 6766 
18684 14219 19157 6769 
18685 14223 19163 6772 
18692 14227 19168 6776 
18694 14233 19177 6778 
18699 14239 19186 6779 
18707 14247 19194 6783 
18712 14251 19197 6785 
18716 14253 19202 6786 
18724 14254 19207 6786 
18731 14258 19212 6787 
18736 14262 19221 6790 
18742 14267 19234 6791 
18749 14268 19237 6794 
18754 14276 19245 6795 
18756 14282 19253 6799 
18761 14291 19261 6801 
18772 14293 19266 6804 
18777 14298 19277 6807 
18783 14300 19283 6808 
18790 14310 19291 6809 
18795 14315 19295 6813 
18801 14319 19301 6814 
18806 14323 19310 6816 
18811 14326 19313 6820 
18817 14332 19326 6824 
18823 14340 19333 6827 
18832 14344 19338 6829 
18837 14353 19344 6832 
18843 14359 19349 6834 
18853 14363 19354 6834 
18860 14370 19364 6835 
18866 14372 19371 6839 
18875 14376 19374 6842 
18878 14383 19384 6847 
18879 14391 19388 6848 
18882 14393 19393 6850 
18889 14394 19402 6855 
18892 14398 19410 6859 
18897 14401 19418 6864 
18902 14404 19422 6868 
18910 14404 19431 6871 
18914 14406 19439 6872 
18925 14415 19442 6874 
18930 14419 19445 6876 
18936 14424 19451 6878 
18940 14427 19459 6881 
18948 14428 19466 6882 
18957 14433 19471 6885 
18966 14437 19475 6888 
18971 14441 19482 6891 
18976 14445 19487 6892 
18979 14448 19491 6893 
18982 14459 19497 6893 
18989 14460 19504 6897 
18995 14463 19508 6899 
19004 14469 19517 6899 
19010 14473 19525 6901 
19021 14479 19535 6906 
19029 14487 19536 6907 
19037 14490 19542 6908 
19041 14491 19546 6908 
19046 14494 19551 6908 
19051 14501 19559 6910 
19055 14511 19564 6911 
19064 14513 19567 6912 
19070 14517 19573 6913 
19074 14522 19575 6914 
19075 14526 19587 6918 
19083 14531 19594 6919 
19093 14536 19601 6921 
19099 14542 19606 6924 
19103 14548 19609 6926 
19111 14554 19615 6929 
19117 14557 19618 6932 
19122 14562 19624 6934 
19130 14567 19628 6935 
19133 14572 19632 6940 
19138 14578 19641 6941 
19148 14583 19652 6946 
19153 14587 19660 6947 
19160 14593 19665 6950 
19169 14595 19674 6953 
19174 14600 19680 6956 
19176 14605 19686 6958 
19182 14611 19690 6962 
19188 14615 19697 6966 
19191 14619 19703 6971 
19196 14626 19710 6972 
19205 14630 19717 6978 
19210 14636 19726 6980 
19214 14638 19731 6981 
19218 14640 19737 6986 
19224 14645 19745 6987 
19234 14652 19750 6988 
19242 14658 19754 6991 
19248 14662 19763 6993 
19257 14666 19768 6993 
19262 14668 19772 6998 
19268 14673 19781 7000 
19272 14679 19792 7004 
19279 14682 19799 7004 
19287 14683 19804 7007 
19293 14683 19807 7010 
19297 14688 19808 7010 
19303 14696 19817 7012 
19311 14699 19824 7016 
19314 14705 19826 7018 
19318 14709 19832 7020 
19321 14713 19837 7021 
19324 14719 19843 7023 
19330 14723 19848 7025 
19334 14727 19853 7027 
19340 14732 19858 7029 
19342 14739 19863 7031 
19350 14744 19868 7036 
19357 14751 19874 7036 
19366 14759 19878 7038 
19379 14766 19885 7039 
19389 14770 19889 7042 
19399 14772 19893 7047 
19406 14781 19896 7051 
19412 14786 19901 7055 
19421 14789 19908 7057 
19428 14795 19914 7059 
19431 14798 19919 7063 
19441 14800 19923 7064 
19444 14804 19930 7065 
19447 14805 19935 7068 
19452 14807 19942 7071 
19459 14813 19947 7073 
19465 14818 19954 7074 
19475 14822 19964 7076 
19479 14826 19970 7077 
19485 14832 19978 7077 
19492 14836 19980 7079 
19504 14843 19983 7082 
19512 14848 19987 7085 
19522 14849 19997 7086 
19526 14852 20005 7088 
19529 14853 20009 7092 
19535 14859 20015 7093 
19542 14862 20024 7093 
19547 14863 20028 7094 
19556 14868 20036 7095 
19562 14870 20042 7096 
19571 14873 20048 7098 
19576 14879 20057 7100 
19579 14882 20065 7101 
19582 14883 20073 7104 
19585 14888 20078 7108 
19593 14891 20083 7110 
19600 14899 20089 7112 
19603 14906 20098 7113 
19610 14913 20108 7113 
19613 14918 20112 7116 
19622 14927 20117 7120 
19628 14931 20121 7121 
19630 14933 20129 7126 
19637 14938 20133 7127 
19642 14945 20140 7128 
19644 14946 20148 7133 
19650 14951 20156 7134 
19663 14954 20164 7136 
19669 14961 20169 7137 
19669 14968 20176 7139 
19673 14973 20181 7143 
19676 14977 20188 7146 
19680 14982 20193 7148 
19691 14987 20199 7149 
19696 14990 20202 7150 
19708 14997 20204 7151 
19713 15001 20213 7153 
19720 15003 20222 7154 
19727 15011 20231 7156 
19732 15015 20238 7159 
19737 15019 20248 7160 
19743 15027 20255 7162 
19755 15029 20260 7164 
19766 15029 20265 7165 
19773 15035 20269 7167 
19780 15038 20274 7169 
19791 15044 20276 7170 
19792 15049 20281 7173 
19795 15054 20285 7174 
19804 15060 20288 7174 
19807 15065 20294 7179 
19811 15069 20300 7180 
19816 15075 20311 7181 
19822 15079 20318 7182 
19829 15086 20325 7184 
19832 15091 20330 7189 
19839 15093 20332 7192 
19846 15094 20338 7193 
19853 15098 20345 7195 
19854 15103 20348 7195 
19859 15108 20357 7198 
19862 15109 20359 7202 
19869 15114 20365 7204 
19879 15117 20369 7208 
19885 15124 20378 7209 
19892 15130 20384 7212 
19897 15136 20390 7219 
19904 15138 20394 7223 
19907 15144 20395 7227 
19913 15151 20400 7232 
19923 15154 20404 7234 
19936 15158 20408 7236 
19941 15160 20416 7239 
19949 15164 20422 7242 
19956 15168 20433 7243 
19963 15174 20438 7250 
19968 15177 20445 7251 
19975 15183 20451 7251 
19978 15186 20457 7253 
19984 15191 20460 7256 
19991 15198 20465 7258 
19999 15204 20468 7260 
20004 15215 20472 7261 
20008 15218 20478 7264 
20012 15222 20486 7264 
20017 15224 20491 7265 
20022 15228 20498 7267 
20026 15231 20508 7269 
20032 15235 20514 7271 
20036 15238 20522 7272 
20038 15240 20532 7275 
20047 15242 20543 7277 
20050 15247 20552 7281 
20055 15255 20560 7285 
20062 15260 20565 7287 
20069 15263 20568 7290 
20071 15269 20578 7292 
20080 15277 20584 7293 
20086 15280 20587 7295 
20095 15285 20592 7296 
20101 15291 20600 7298 
20110 15295 20605 7300 
20117 15298 20611 7301 
20122 15304 20613 7302 
20130 15309 20623 7307 
20133 15314 20629 7308 
20137 15319 20630 7310 
20140 15321 20637 7310 
20144 15326 20644 7312 
20151 15331 20652 7313 
20155 15337 20659 7315 
20160 15344 20665 7318 
20166 15346 20671 7321 
20175 15351 20675 7322 
20182 15358 20685 7325 
20184 15364 20688 7327 
20191 15368 20696 7328 
20199 15373 20705 7329 
20203 15379 20708 7330 
20205 15384 20718 7332 
20208 15387 20723 7333 
20212 15393 20731 7334 
20216 15398 20735 7335 
20221 15403 20746 7338 
20223 15411 20750 7339 
20230 15418 20756 7340 
20238 15425 20759 7343 
20244 15434 20762 7345 
20246 15441 20771 7346 
20252 15446 20774 7348 
20260 15452 20775 7348 
20263 15460 20781 7349 
20271 15466 20785 7352 
20275 15469 20786 7354 
20278 15476 20792 7357 
20282 15476 20797 7359 
20288 15478 20803 7359 
20296 15480 20809 7361 
20302 15483 20813 7363 
20308 15488 20822 7368 
20315 15490 20827 7370 
20324 15495 20834 7374 
20330 15503 20840 7376 
20333 15507 20843 7377 
20336 15511 20847 7380 
20340 15516 20852 7380 
20352 15519 20857 7381 
20355 15521 20867 7385 
20360 15531 20872 7385 
20366 15535 20874 7387 
20374 15536 20884 7389 
20382 15541 20891 7394 
20390 15544 20898 7395 
20393 15550 20904 7396 
20396 15561 20906 7397 
20400 15570 20912 7401 
20406 15573 20921 7403 
20419 15581 20926 7407 
20427 15585 20932 7410 
20435 15591 20938 7411 
20441 15594 20943 7413 
20442 15600 20954 7414 
20444 15603 20965 7414 
20450 15606 20973 7416 
20458 15609 20976 7418 
20460 15610 20979 7419 
20466 15615 20988 7422 
20475 15624 20993 7422 
20481 15631 20999 7423 
20484 15640 21002 7425 
20489 15648 21009 7427 
20495 15655 21014 7429 
20499 15661 21016 7431 
20500 15669 21024 7431 
20507 15678 21030 7436 
20516 15684 21034 7440 
20521 15690 21042 7440 
20525 15695 21045 7444 
20534 15703 21049 7446 
20541 15706 21055 7447 
20549 15710 21063 7448 
20557 15712 21069 7449 
20561 15716 21074 7450 
20563 15722 21080 7451 
20568 15723 21088 7454 
20569 15726 21095 7455 
20572 15728 21100 7457 
20579 15736 21107 7459 
20583 15743 21116 7459 
20588 15746 21123 7460 
20594 15754 21131 7463 
20598 15758 21136 7464 
20604 15762 21138 7466 
20607 15764 21147 7468 
20614 15769 21156 7474 
20618 15776 21166 7477 
20621 15783 21170 7478 
20629 15788 21186 7481 
20631 15793 21191 7483 
20640 15797 21197 7485 
20642 15802 21200 7488 
20643 15804 21211 7489 
20649 15807 21216 7491 
20655 15809 21220 7493 
20661 15815 21230 7497 
20663 15819 21239 7498 
20666 15824 21242 7499 
20670 15825 21251 7504 
20676 15830 21255 7506 
20682 15840 21262 7509 
20687 15846 21267 7511 
20694 15850 21274 7514 
20699 15854 21276 7515 
20705 15861 21282 7517 
20711 15865 21289 7522 
20716 15871 21298 7524 
20722 15876 21303 7527 
20729 15886 21307 7533 
20736 15893 21314 7535 
20739 15895 21323 7537 
20748 15897 21325 7539 
20754 15902 21338 7543 
20762 15906 21344 7547 
20766 15909 21353 7547 
20770 15914 21361 7547 
20772 15916 21367 7549 
20780 15922 21372 7551 
20787 15927 21375 7553 
20793 15932 21380 7558 
20800 15933 21387 7560 
20807 15939 21392 7561 
20812 15943 21399 7561 
20824 15950 21406 7561 
20831 15957 21409 7562 
20836 15962 21416 7563 
20839 15966 21422 7565 
20841 15971 21430 7568 
20846 15976 21435 7571 
20854 15978 21443 7575 
20861 15984 21456 7577 
20864 15988 21458 7581 
20867 15991 21468 7581 
20872 15996 21478 7585 
20880 16003 21487 7586 
20886 16008 21495 7587 
20894 16010 21500 7588 
20900 16012 21509 7589 
20903 16015 21521 7592 
20909 16019 21526 7593 
20914 16024 21534 7595 
20923 16029 21544 7595 
20928 16033 21553 7595 
20932 16039 21564 7598 
20936 16048 21571 7600 
20943 16051 21576 7602 
20954 16055 21579 7602 
20959 16058 21587 7605 
20964 16060 21593 7606 
20968 16066 21600 7609 
20972 16072 21606 7609 
20979 16080 21612 7614 
20985 16088 21614 7617 
20992 16094 21625 7620 
20998 16096 21632 7620 
21003 16098 21642 7623 
21014 16102 21647 7624 
21022 16106 21657 7625 
21024 16110 21665 7626 
21028 16125 21671 7629 
21029 16131 21675 7630 
21038 16136 21681 7630 
21045 16139 21687 7631 
21055 16143 21693 7634 
21058 16147 21698 7637 
21067 16152 21703 7640 
21070 16160 21714 7644 
21077 16165 21722 7645 
21084 16175 21731 7646 
21092 16177 21736 7648 
21094 16180 21742 7651 
21098 16187 21747 7655 
21102 16190 21755 7655 
21105 16193 21766 7656 
21110 16196 21772 7659 
21120 16202 21779 7661 
21130 16208 21786 7664 
21134 16215 21792 7665 
21137 16215 21795 7669 
21142 16220 21801 7670 
21145 16227 21809 7672 
21149 16233 21814 7673 
21153 16236 21822 7676 
21165 16238 21830 7680 
21176 16242 21836 7684 
21183 16244 21844 7690 
21192 16246 21851 7693 
21197 16251 21857 7695 
21203 16253 21863 7695 
21215 16258 21869 7696 
21221 16261 21873 7698 
21227 16267 21877 7700 
21236 16270 21880 7704 
21238 16276 21889 7708 
21242 16281 21896 7710 
21250 16284 21903 7710 
21256 16288 21909 7713 
21263 16293 21911 7716 
21264 16297 21916 7717 
21271 16301 21921 7717 
21277 16305 21933 7721 
21280 16312 21943 7724 
21290 16315 21950 7725 
21295 16317 21953 7725 
21304 16321 21959 7726 
21309 16326 21965 7727 
21316 16329 21974 7727 
21319 16334 21981 7733 
21329 16335 21990 7735 
21335 16341 21999 7736 
21337 16344 22004 7739 
21345 16349 22013 7741 
21351 16355 22017 7743 
21355 16359 22029 7745 
21363 16363 22037 7746 
21368 16367 22042 7748 
21372 16374 22051 7750 
21377 16380 22057 7752 
21384 16392 22063 7758 
21390 16397 22068 7759 
21399 16404 22074 7762 
21404 16409 22079 7765 
21412 16420 22086 7766 
21418 16426 22095 7767 
21424 16432 22107 7770 
21430 16437 22115 7773 
21435 16442 22122 7776 
21436 16450 22125 7777 
21446 16455 22132 7780 
21455 16461 22140 7783 
21465 16469 22144 7784 
21469 16476 22157 7786 
21474 16480 22163 7787 
21479 16483 22170 7790 
21483 16487 22178 7790 
21488 16488 22183 7791 
21494 16498 22192 7794 
21504 16505 22198 7796 
21507 16508 22205 7800 
21515 16513 22213 7800 
21521 16513 22217 7800 
21528 16519 22220 7802 
21534 16523 22227 7803 
21538 16526 22232 7807 
21544 16529 22236 7808 
21548 16534 22239 7812 
21552 16542 22245 7817 
21561 16546 22249 7818 
21569 16550 22256 7821 
21575 16556 22260 7821 
21582 16558 22267 7822 
21587 16561 22274 7827 
21594 16568 22283 7828 
21604 16577 22287 7829 
21609 16583 22291 7830 
21611 16586 22301 7833 
21620 16591 22307 7833 
21625 16602 22315 7835 
21627 16609 22320 7837 
21630 16615 22327 7838 
21638 16619 22333 7839 
21643 16628 22340 7844 
21651 16634 22345 7847 
21655 16642 22350 7849 
21658 16645 22356 7849 
21666 16652 22361 7854 
21673 16661 22367 7860 
21675 16669 22371 7863 
21679 16671 22374 7865 
21684 16672 22379 7865 
21688 16679 22389 7865 
21695 16686 22395 7872 
21696 16688 22400 7875 
21699 16691 22412 7877 
21708 16700 22416 7878 
21714 16709 22421 7880 
21721 16714 22431 7881 
21729 16719 22435 7882 
21736 16725 22437 7882 
21738 16732 22446 7886 
21745 16736 22452 7889 
21751 16741 22458 7891 
21760 16747 22464 7894 
21766 16751 22470 7894 
21771 16754 22479 7896 
21777 16761 22485 7898 
21783 16766 22491 7898 
21788 16771 22494 7899 
21791 16776 22499 7902 
21797 16782 22502 7906 
21810 16791 22512 7907 
21820 16793 22518 7913 
21829 16798 22527 7917 
21835 16803 22535 7919 
21842 16813 22544 7922 
21845 16819 22552 7922 
21854 16822 22560 7923 
21861 16825 22565 7927 
21864 16830 22568 7930 
21871 16836 22576 7934 
21880 16840 22582 7936 
21886 16846 22586 7938 
21895 16852 22597 7939 
21901 16856 22607 7940 
21904 16862 22615 7944 
21908 16871 22621 7946 
21913 16877 22628 7949 
21920 16881 22635 7952 
21925 16886 22639 7954 
21928 16888 22645 7955 
21934 16892 22649 7957 
21939 16896 22654 7959 
21946 16900 22662 7960 
21959 16909 22672 7961 
21971 16914 22680 7963 
21977 16918 22687 7965 
21981 16922 22693 7969 
21986 16929 22696 7970 
21993 16934 22710 7973 
21998 16941 22715 7978 
22004 16946 22719 7979 
22009 16955 22726 7982 
22012 16959 22733 7986 
22022 16966 22742 7986 
22027 16972 22750 7987 
22031 16979 22756 7989 
22035 16984 22758 7994 
22042 16993 22767 7995 
22050 16995 22770 7995 
22056 17006 22777 7999 
22061 17008 22782 8001 
22067 17015 22794 8003 
22075 17019 22803 8003 
22079 17020 22806 8007 
22082 17025 22810 8009 
22087 17031 22820 8011 
22094 17038 22826 8013 
22104 17046 22829 8014 
22110 17050 22832 8015 
22119 17060 22836 8018 
22131 17063 22839 8018 
22137 17071 22844 8019 
22139 17075 22851 8023 
22145 17078 22858 8026 
22152 17081 22865 8029 
22154 17083 22873 8031 
22156 17083 22876 8033 
22167 17084 22880 8034 
22173 17092 22887 8036 
22183 17099 22891 8038 
22184 17101 22896 8042 
22191 17106 22902 8046 
22200 17111 22908 8049 
22208 17113 22918 8051 
22213 17119 22922 8051 
22219 17126 22934 8052 
22222 17130 22943 8055 
22228 17133 22948 8061 
22240 17137 22951 8061 
22246 17139 22957 8062 
22254 17146 22962 8064 
22259 17153 22967 8066 
22265 17159 22980 8071 
22269 17167 22985 8074 
22271 17167 22991 8080 
22276 17172 22998 8082 
22279 17175 23002 8084 
22283 17181 23012 8088 
22286 17190 23022 8090 
22287 17195 23026 8090 
22293 17201 23033 8092 
22294 17204 23042 8095 
22302 17210 23049 8098 
22310 17213 23055 8103 
22322 17219 23060 8106 
22326 17221 23066 8107 
22333 17228 23073 8112 
22338 17232 23080 8114 
22342 17238 23082 8114 
22351 17241 23089 8115 
22354 17243 23097 8116 
22368 17248 23107 8117 
22373 17254 23111 8120 
22385 17260 23115 8121 
