0 0 0 0 
2 3 6 0 
7 6 12 1 
10 8 18 3 
13 11 26 4 
20 13 29 4 
26 16 31 6 
35 20 34 7 
39 21 39 8 
46 25 41 9 
51 28 44 11 
54 32 47 13 
57 33 50 14 
65 38 57 15 
72 39 61 16 
82 44 70 21 
90 47 79 24 
94 51 82 28 
102 56 90 29 
103 61 95 30 
112 65 103 31 
118 72 108 34 
125 78 114 37 
129 82 120 38 
133 85 124 39 
138 87 129 40 
141 88 133 42 
150 94 138 46 
152 99 141 47 
158 102 149 48 
163 106 152 49 
168 111 155 53 
172 113 160 55 
180 116 166 57 
190 116 169 59 
193 123 178 61 
200 128 182 63 
204 133 187 66 
208 138 190 66 
213 139 193 68 
220 141 200 70 
223 142 203 71 
229 143 216 71 
237 148 222 74 
238 152 228 76 
245 154 232 76 
251 156 238 78 
258 162 243 81 
264 165 255 83 
267 169 260 83 
272 172 268 83 
276 175 274 83 
279 179 280 84 
279 183 284 85 
283 185 291 86 
288 189 297 88 
295 190 302 88 
298 190 304 91 
301 193 308 92 
305 200 317 94 
313 202 326 97 
319 208 331 100 
323 209 338 101 
328 212 342 104 
333 213 347 106 
342 217 350 107 
349 221 356 107 
357 222 362 109 
361 225 368 113 
369 228 370 115 
372 229 373 118 
378 234 376 124 
383 237 383 126 
385 237 393 129 
392 242 397 131 
395 245 398 134 
404 246 400 135 
413 252 407 136 
422 255 414 138 
426 259 418 141 
431 262 422 141 
433 265 426 142 
440 271 430 144 
444 276 436 147 
450 281 438 150 
456 284 443 151 
458 287 447 153 
465 289 450 153 
474 296 458 155 
481 300 459 157 
490 301 464 161 
494 305 470 161 
500 309 473 162 
506 311 479 164 
510 314 486 168 
518 317 490 170 
523 320 493 171 
527 322 495 173 
530 324 498 178 
532 328 502 181 
540 332 506 183 
546 334 515 184 
555 337 518 184 
557 341 521 186 
562 347 522 187 
564 349 525 190 
571 354 526 191 
574 358 533 193 
576 363 534 195 
581 368 541 197 
586 373 544 199 
589 375 548 200 
592 376 552 201 
599 380 557 203 
603 384 565 203 
607 388 572 205 
614 392 583 207 
622 395 585 208 
631 397 590 208 
636 399 595 211 
639 401 596 213 
644 405 604 215 
649 409 609 216 
657 411 612 219 
662 418 613 223 
666 423 619 225 
673 426 627 226 
681 433 634 228 
688 436 645 229 
693 440 656 231 
700 445 659 232 
701 446 664 232 
705 447 670 235 
712 450 673 239 
719 456 676 241 
724 459 683 242 
729 463 690 245 
732 464 695 247 
737 467 704 248 
748 471 711 249 
750 472 715 250 
757 473 718 253 
764 475 720 254 
765 479 725 255 
772 482 732 258 
783 484 736 259 
787 489 740 262 
792 492 748 262 
796 497 756 265 
800 502 764 266 
803 507 770 267 
806 507 776 270 
812 514 784 271 
821 516 788 275 
823 518 790 279 
835 521 797 280 
841 522 806 281 
848 526 812 281 
854 528 816 282 
861 534 820 282 
868 534 823 284 
873 535 829 288 
880 537 833 288 
884 540 835 290 
888 547 842 293 
893 549 844 295 
896 550 850 297 
901 555 859 299 
912 560 862 302 
917 562 869 303 
924 564 875 304 
929 565 878 307 
933 570 886 310 
936 571 891 310 
944 576 896 313 
946 577 902 315 
955 580 907 317 
959 581 910 317 
963 584 916 317 
967 589 919 319 
971 592 928 321 
976 599 933 321 
983 602 939 323 
991 605 941 325 
996 610 945 329 
1000 613 949 329 
1004 619 955 332 
1011 620 960 332 
1014 621 964 332 
1018 625 972 333 
1020 628 976 335 
1024 628 982 335 
1032 630 985 339 
1037 638 989 340 
1042 643 993 342 
1047 644 996 345 
1053 650 1000 345 
1059 653 1004 346 
1062 656 1011 346 
1066 659 1014 346 
1071 662 1019 347 
1076 667 1023 348 
1082 670 1031 348 
1089 675 1035 348 
1094 678 1044 349 
1101 683 1048 354 
1104 686 1052 355 
1109 688 1060 356 
1111 691 1067 357 
1117 694 1073 358 
1122 699 1082 358 
1129 701 1093 361 
1132 704 1104 363 
1137 706 1114 363 
1146 708 1122 364 
1151 710 1127 365 
1159 715 1133 366 
1163 719 1134 368 
1170 722 1139 371 
1173 725 1144 375 
1177 727 1150 375 
1185 733 1152 376 
1186 739 1156 376 
1189 743 1161 378 
1193 746 1167 379 
1200 751 1174 381 
1206 753 1183 382 
1212 754 1192 389 
1215 756 1194 389 
1220 760 1201 390 
1226 764 1207 393 
1232 767 1213 394 
1239 769 1221 396 
1244 773 1229 397 
1249 776 1233 399 
1252 778 1235 400 
1256 781 1241 404 
1268 790 1244 405 
1272 792 1247 406 
1276 794 1252 406 
1280 794 1258 410 
1284 797 1265 412 
1290 804 1270 413 
1296 806 1273 415 
1300 811 1276 417 
1301 813 1278 417 
1305 820 1283 421 
1310 822 1291 421 
1312 825 1294 424 
1317 828 1300 425 
1320 830 1304 427 
1328 834 1309 428 
1333 837 1314 430 
1341 843 1320 431 
1347 847 1325 432 
1353 849 1328 434 
1357 852 1332 435 
1362 860 1338 435 
1370 868 1344 435 
1376 875 1352 438 
1377 877 1359 442 
1384 882 1369 444 
1391 885 1375 446 
1396 889 1379 450 
1402 889 1382 451 
1408 894 1385 451 
1414 903 1390 452 
1419 906 1393 454 
1427 909 1396 456 
1430 913 1402 457 
1434 915 1404 457 
1441 922 1409 458 
1444 926 1417 460 
1447 933 1421 463 
1456 938 1428 467 
1464 940 1434 470 
1471 943 1444 475 
1476 945 1449 479 
1479 950 1458 481 
1484 954 1460 482 
1487 957 1467 484 
1496 960 1474 492 
1501 963 1484 495 
1510 965 1489 496 
1515 970 1494 498 
1520 977 1500 499 
1524 982 1501 501 
1531 989 1504 501 
1534 991 1507 502 
1540 996 1512 505 
1541 1000 1517 507 
1545 1007 1519 508 
1548 1012 1522 510 
1552 1021 1526 512 
1560 1023 1530 514 
1566 1024 1532 516 
1567 1028 1538 519 
1569 1033 1545 519 
1574 1035 1553 522 
1580 1040 1562 526 
1584 1044 1564 527 
1587 1049 1569 532 
1592 1052 1574 532 
1599 1054 1581 532 
1600 1055 1586 533 
1607 1059 1591 537 
1610 1062 1599 538 
1612 1066 1604 539 
1621 1071 1608 539 
1626 1076 1613 541 
1629 1079 1617 544 
1633 1083 1623 545 
1634 1088 1626 550 
1642 1094 1630 551 
1645 1097 1635 554 
1654 1101 1645 558 
1662 1104 1650 562 
1669 1116 1653 563 
1675 1121 1655 564 
1679 1125 1656 565 
1689 1132 1662 566 
1695 1133 1671 568 
1699 1137 1676 569 
1705 1142 1683 571 
1706 1148 1688 571 
1711 1150 1693 574 
1714 1151 1700 574 
1718 1154 1706 574 
1722 1158 1709 576 
1726 1161 1715 577 
1733 1165 1716 579 
1737 1167 1725 580 
1740 1170 1728 582 
1744 1171 1734 583 
1751 1173 1737 585 
1754 1175 1741 585 
1759 1181 1745 585 
1766 1183 1746 587 
1774 1189 1751 588 
1780 1197 1755 589 
1783 1201 1759 591 
1793 1208 1767 592 
1800 1212 1774 593 
1801 1218 1783 597 
1808 1224 1788 597 
1813 1228 1792 597 
1818 1232 1797 597 
1821 1235 1801 598 
1824 1237 1810 602 
1833 1240 1815 604 
1837 1243 1820 604 
1844 1247 1826 605 
1847 1250 1829 608 
1849 1256 1837 609 
1854 1259 1846 609 
1862 1260 1851 616 
1863 1262 1857 619 
1865 1268 1863 621 
1871 1271 1865 623 
1877 1275 1868 624 
1889 1277 1874 625 
1895 1282 1876 627 
1905 1284 1878 627 
1914 1286 1885 631 
1923 1290 1890 635 
1925 1292 1896 638 
1930 1296 1905 641 
1936 1303 1914 642 
1941 1304 1918 643 
1944 1306 1925 646 
1950 1310 1928 650 
1957 1317 1934 650 
1963 1317 1939 651 
1971 1320 1944 651 
1973 1326 1948 651 
1984 1329 1958 655 
1992 1332 1963 657 
2000 1339 1966 660 
2004 1342 1969 663 
2014 1345 1972 664 
2017 1350 1977 665 
2023 1354 1984 668 
2032 1357 1987 670 
2039 1360 1992 673 
2040 1365 1994 677 
2043 1367 1997 679 
2046 1367 2000 681 
2053 1373 2005 684 
2062 1379 2009 686 
2067 1384 2017 693 
2073 1389 2022 693 
2081 1392 2029 695 
2086 1396 2033 698 
2088 1397 2043 700 
2093 1403 2048 701 
2097 1408 2052 703 
2099 1412 2057 704 
2101 1415 2059 705 
2104 1420 2064 707 
2108 1425 2069 710 
2115 1427 2074 712 
2122 1429 2084 715 
2131 1432 2089 715 
2135 1436 2091 716 
2141 1442 2096 719 
2152 1442 2100 721 
2160 1445 2103 723 
2164 1448 2106 725 
2170 1449 2112 728 
2175 1455 2115 729 
2179 1457 2120 730 
2186 1458 2127 731 
2191 1464 2132 731 
2198 1470 2139 732 
2205 1472 2147 733 
2211 1474 2151 734 
2216 1475 2157 735 
2222 1480 2162 739 
2227 1487 2165 741 
2237 1489 2167 746 
2238 1489 2170 747 
2242 1496 2179 748 
2248 1504 2185 751 
2253 1507 2196 752 
2256 1511 2198 756 
2258 1515 2203 759 
2263 1521 2206 762 
2268 1526 2212 762 
2275 1529 2218 766 
2279 1532 2221 767 
2292 1535 2225 768 
2300 1536 2228 770 
2305 1540 2233 773 
2310 1545 2237 774 
2310 1548 2239 775 
2317 1552 2245 775 
2321 1556 2256 776 
2324 1562 2262 777 
2334 1566 2264 777 
2343 1570 2269 777 
2347 1574 2271 779 
2354 1581 2274 783 
2363 1583 2280 785 
2370 1583 2290 786 
2380 1586 2301 788 
2381 1591 2308 791 
2383 1596 2312 792 
2388 1600 2314 794 
2391 1602 2322 797 
2398 1603 2325 799 
2399 1606 2330 802 
2403 1609 2333 805 
2412 1611 2339 807 
2419 1621 2344 809 
2422 1623 2347 810 
2430 1627 2350 811 
2439 1631 2357 812 
2444 1633 2363 815 
2451 1636 2368 816 
2456 1641 2374 817 
2462 1644 2382 820 
2470 1650 2389 822 
2477 1650 2393 822 
2486 1654 2398 823 
2494 1656 2407 826 
2498 1660 2411 828 
2503 1663 2416 830 
2504 1665 2422 834 
2507 1668 2427 835 
2511 1669 2433 836 
2518 1670 2434 839 
2523 1676 2436 840 
2527 1676 2443 841 
2535 1676 2447 844 
2537 1681 2455 845 
2548 1684 2460 847 
2550 1688 2463 847 
2553 1693 2466 849 
2555 1697 2476 850 
2564 1706 2484 851 
2572 1710 2488 852 
2576 1715 2495 853 
2581 1717 2499 856 
2588 1722 2502 857 
2597 1726 2509 861 
2604 1730 2513 865 
2610 1731 2520 868 
2613 1732 2527 871 
2617 1733 2533 872 
2620 1740 2536 874 
2625 1743 2542 878 
2632 1748 2548 881 
2638 1751 2551 883 
2642 1755 2553 885 
2649 1759 2558 886 
2652 1762 2561 887 
2658 1765 2567 890 
2670 1775 2572 893 
2672 1780 2578 895 
2686 1786 2583 897 
2691 1789 2586 900 
2694 1795 2591 902 
2702 1802 2596 904 
2710 1808 2602 905 
2716 1815 2606 905 
2722 1820 2611 906 
2725 1824 2614 907 
2726 1829 2622 908 
2732 1831 2628 912 
2735 1840 2637 914 
2738 1845 2642 915 
2749 1847 2648 917 
2753 1847 2653 920 
2758 1853 2662 920 
2766 1859 2669 921 
2773 1864 2672 925 
2781 1867 2676 927 
2787 1870 2688 929 
2791 1871 2697 930 
2793 1873 2698 936 
2797 1879 2703 936 
2801 1888 2707 938 
2804 1891 2714 941 
2812 1892 2725 943 
2815 1893 2728 946 
2817 1895 2735 948 
2823 1896 2739 950 
2827 1899 2741 951 
2834 1899 2751 953 
2843 1906 2758 956 
2850 1907 2763 957 
2854 1913 2769 957 
2858 1917 2778 958 
2864 1924 2783 958 
2869 1927 2788 958 
2876 1931 2793 958 
2879 1933 2796 962 
2881 1941 2803 965 
2888 1945 2808 966 
2893 1947 2811 966 
2900 1954 2813 969 
2902 1965 2819 970 
2904 1968 2824 971 
2908 1972 2830 972 
2909 1972 2834 974 
2914 1977 2840 977 
2921 1980 2847 980 
2929 1985 2851 983 
2935 1988 2856 985 
2942 1992 2866 987 
2945 1997 2870 987 
2950 2000 2874 988 
2953 2006 2878 989 
2958 2010 2885 991 
2965 2017 2890 991 
2971 2018 2897 995 
2976 2026 2899 996 
2981 2030 2904 998 
2987 2036 2908 998 
2991 2041 2913 1002 
2996 2042 2919 1005 
2999 2046 2927 1007 
3010 2049 2933 1008 
3016 2055 2936 1008 
3021 2057 2938 1009 
3027 2058 2944 1011 
3028 2061 2952 1014 
3030 2065 2956 1017 
3037 2068 2961 1019 
3044 2077 2964 1020 
3050 2081 2968 1021 
3055 2084 2979 1023 
3061 2093 2983 1023 
3067 2097 2988 1024 
3071 2101 2992 1026 
3077 2102 2993 1030 
3087 2104 2995 1030 
3095 2109 3002 1032 
3098 2110 3004 1037 
3106 2115 3008 1038 
3111 2115 3012 1040 
3116 2117 3024 1042 
3122 2121 3031 1045 
3125 2124 3036 1047 
3131 2128 3040 1047 
3141 2131 3045 1047 
3147 2135 3051 1049 
3154 2143 3055 1052 
3157 2146 3063 1052 
3162 2153 3068 1054 
3166 2157 3072 1054 
3170 2163 3079 1056 
3174 2168 3085 1059 
3179 2172 3091 1061 
3184 2174 3102 1063 
3186 2179 3106 1066 
3190 2184 3112 1070 
3195 2188 3116 1073 
3200 2192 3118 1076 
3202 2195 3124 1077 
3211 2201 3129 1080 
3216 2203 3133 1083 
3222 2207 3140 1084 
3224 2213 3148 1084 
3228 2218 3150 1084 
3231 2220 3155 1089 
3244 2223 3160 1092 
3248 2224 3164 1092 
3253 2227 3169 1095 
3258 2232 3173 1097 
3265 2240 3181 1098 
3270 2242 3186 1099 
3279 2243 3187 1104 
3284 2249 3193 1106 
3290 2252 3201 1108 
3295 2257 3204 1110 
3300 2259 3209 1111 
3306 2261 3210 1115 
3312 2265 3214 1116 
3314 2270 3219 1118 
3317 2271 3221 1121 
3320 2273 3226 1121 
3323 2275 3233 1123 
3326 2279 3236 1124 
3330 2280 3240 1125 
3339 2284 3242 1126 
3345 2287 3251 1128 
3354 2292 3257 1128 
3359 2297 3264 1131 
3365 2300 3270 1133 
3369 2302 3273 1133 
3372 2307 3277 1135 
3375 2312 3281 1135 
3377 2313 3286 1137 
3388 2317 3289 1137 
3393 2318 3292 1139 
3399 2323 3297 1140 
3406 2328 3301 1143 
3413 2335 3313 1143 
3418 2339 3317 1144 
3422 2345 3323 1149 
3427 2350 3328 1150 
3434 2354 3334 1151 
3439 2359 3342 1151 
3445 2361 3344 1151 
3449 2367 3354 1153 
3457 2373 3359 1154 
3463 2376 3360 1157 
3468 2384 3366 1160 
3470 2386 3370 1162 
3475 2389 3380 1166 
3478 2391 3385 1168 
3483 2397 3391 1169 
3489 2401 3394 1170 
3496 2404 3399 1172 
3502 2406 3403 1173 
3508 2408 3413 1177 
3514 2413 3415 1181 
3516 2417 3420 1182 
3518 2420 3425 1185 
3523 2429 3428 1185 
3534 2433 3435 1185 
3536 2439 3439 1186 
3540 2442 3446 1187 
3544 2448 3452 1192 
3553 2451 3454 1194 
3561 2455 3458 1196 
3564 2459 3461 1198 
3568 2463 3468 1201 
3579 2468 3471 1201 
3583 2473 3480 1202 
3584 2475 3482 1203 
3588 2478 3488 1205 
3592 2488 3490 1207 
3600 2494 3494 1210 
3604 2495 3501 1210 
3610 2497 3505 1211 
3614 2501 3513 1213 
3618 2508 3518 1214 
3623 2513 3526 1218 
3628 2517 3530 1223 
3632 2524 3536 1223 
3636 2530 3542 1224 
3645 2534 3548 1228 
3651 2539 3553 1229 
3654 2540 3561 1230 
3659 2545 3563 1232 
3663 2548 3563 1234 
3675 2550 3571 1234 
3678 2553 3576 1235 
3683 2556 3580 1237 
3688 2560 3583 1238 
3690 2563 3587 1241 
3694 2568 3596 1244 
3698 2572 3601 1245 
3704 2574 3608 1251 
3716 2582 3613 1253 
3722 2583 3618 1256 
3728 2592 3624 1256 
3737 2596 3629 1258 
3745 2602 3636 1260 
3747 2606 3640 1264 
3749 2609 3646 1264 
3751 2615 3650 1264 
3759 2620 3654 1267 
3766 2624 3659 1269 
3775 2630 3662 1271 
3776 2636 3670 1273 
3786 2637 3677 1275 
3792 2640 3681 1275 
3798 2641 3686 1277 
3804 2647 3689 1277 
3808 2654 3691 1278 
3813 2664 3698 1280 
3816 2667 3710 1280 
3821 2669 3716 1286 
3825 2674 3717 1288 
3833 2676 3721 1289 
3835 2680 3728 1291 
3842 2683 3728 1293 
3847 2683 3731 1295 
3856 2687 3736 1296 
3860 2691 3740 1297 
3862 2694 3751 1299 
3866 2699 3755 1300 
3871 2700 3757 1301 
3878 2704 3763 1302 
3884 2704 3766 1304 
3886 2709 3770 1304 
3897 2713 3773 1309 
3899 2719 3780 1310 
3903 2724 3789 1312 
3910 2729 3799 1313 
3917 2730 3808 1314 
3919 2738 3813 1314 
3927 2742 3819 1315 
3935 2746 3823 1315 
3941 2751 3830 1317 
3951 2752 3842 1318 
3960 2755 3852 1320 
3966 2762 3857 1321 
3971 2767 3860 1322 
3978 2772 3863 1325 
3988 2776 3866 1325 
3994 2780 3872 1328 
4001 2788 3880 1328 
4005 2793 3885 1330 
4009 2797 3893 1331 
4012 2800 3894 1334 
4022 2803 3898 1336 
4028 2805 3901 1339 
4034 2808 3905 1340 
4042 2809 3909 1340 
4045 2814 3914 1343 
4051 2820 3916 1345 
4059 2823 3919 1346 
4063 2824 3921 1347 
4068 2828 3923 1350 
4071 2832 3926 1350 
4075 2833 3931 1352 
4081 2836 3939 1357 
4090 2845 3948 1357 
4092 2850 3954 1361 
4097 2852 3961 1362 
4104 2855 3968 1363 
4111 2859 3981 1365 
4115 2865 3985 1368 
4118 2869 3987 1370 
4125 2872 3990 1373 
4129 2873 3992 1375 
4136 2877 3997 1375 
4142 2880 4001 1377 
4144 2883 4005 1377 
4150 2885 4013 1377 
4155 2887 4014 1379 
4160 2888 4020 1381 
4166 2892 4027 1382 
4169 2894 4029 1384 
4173 2901 4032 1384 
4181 2903 4035 1385 
4188 2910 4038 1386 
4191 2913 4041 1386 
4196 2917 4044 1388 
4201 2922 4047 1391 
4208 2927 4055 1395 
4210 2930 4060 1396 
4216 2937 4063 1397 
4220 2939 4068 1397 
4224 2939 4072 1399 
4233 2947 4080 1401 
4240 2952 4087 1404 
4245 2959 4089 1407 
4250 2960 4090 1409 
4259 2963 4094 1411 
4266 2965 4100 1411 
4272 2972 4110 1413 
4277 2975 4114 1414 
4287 2978 4116 1415 
4291 2982 4119 1416 
4294 2987 4126 1419 
4308 2993 4131 1420 
4313 2997 4136 1421 
4317 3001 4145 1422 
4322 3004 4151 1424 
4329 3006 4157 1425 
4334 3008 4162 1427 
4340 3010 4171 1428 
4344 3015 4176 1429 
4346 3019 4179 1433 
4349 3024 4182 1435 
4353 3029 4187 1439 
4358 3033 4195 1439 
4368 3036 4201 1441 
4374 3039 4203 1442 
4382 3040 4206 1443 
4390 3050 4209 1443 
4395 3053 4214 1444 
4401 3057 4218 1444 
4405 3060 4225 1446 
4410 3062 4230 1448 
4417 3066 4232 1448 
4420 3071 4240 1449 
4422 3077 4244 1449 
4425 3080 4253 1451 
4429 3082 4258 1453 
4432 3084 4263 1455 
4436 3084 4274 1456 
4441 3090 4282 1459 
4446 3094 4291 1462 
4450 3097 4294 1463 
4454 3101 4301 1465 
4458 3104 4305 1468 
4462 3110 4309 1473 
4465 3116 4312 1474 
4472 3119 4315 1475 
4477 3123 4324 1475 
4481 3127 4332 1477 
4485 3132 4335 1478 
4489 3135 4342 1479 
4496 3140 4344 1480 
4502 3144 4354 1480 
4504 3145 4359 1481 
4510 3148 4364 1481 
4519 3152 4371 1482 
4527 3153 4375 1485 
4531 3159 4383 1486 
4536 3162 4386 1488 
4542 3165 4395 1490 
4547 3165 4400 1494 
4553 3165 4404 1495 
4560 3168 4406 1496 
4564 3171 4412 1498 
4571 3173 4415 1502 
4578 3176 4421 1505 
4584 3178 4429 1505 
4587 3180 4434 1509 
4589 3183 4437 1513 
4593 3186 4446 1514 
4598 3190 4450 1514 
4604 3196 4456 1515 
4607 3200 4463 1517 
4611 3204 4469 1519 
4616 3209 4473 1522 
4621 3217 4480 1524 
4624 3221 4487 1526 
4625 3223 4492 1527 
4631 3228 4498 1530 
4638 3233 4505 1533 
4644 3236 4506 1536 
4650 3240 4508 1539 
4652 3242 4516 1541 
4657 3245 4521 1541 
4661 3250 4522 1545 
4664 3253 4525 1546 
4668 3259 4530 1548 
4673 3263 4537 1550 
4674 3265 4543 1552 
4682 3266 4548 1555 
4690 3268 4555 1558 
4697 3276 4558 1560 
4710 3277 4558 1565 
4716 3278 4566 1567 
4723 3283 4573 1569 
4726 3287 4575 1570 
4731 3291 4578 1570 
4741 3296 4585 1572 
4747 3298 4592 1577 
4755 3303 4596 1578 
4759 3307 4602 1579 
4764 3309 4606 1584 
4770 3311 4616 1585 
4778 3313 4622 1587 
4785 3317 4624 1591 
4789 3321 4629 1592 
4793 3324 4632 1595 
4795 3328 4638 1598 
4802 3330 4644 1601 
4805 3334 4648 1603 
4809 3336 4657 1604 
4812 3340 4662 1605 
4819 3348 4667 1607 
4823 3354 4674 1612 
4829 3356 4683 1614 
4838 3361 4688 1615 
4844 3366 4693 1619 
4847 3371 4699 1621 
4850 3372 4704 1623 
4853 3374 4710 1624 
4860 3375 4711 1626 
4865 3378 4715 1628 
4869 3384 4716 1629 
4875 3388 4721 1630 
4883 3391 4727 1631 
4890 3394 4730 1634 
4898 3398 4738 1639 
4903 3402 4743 1640 
4909 3409 4747 1642 
4919 3412 4752 1644 
4924 3417 4762 1644 
4930 3422 4763 1647 
4935 3425 4769 1649 
4938 3432 4774 1649 
4944 3435 4776 1650 
4953 3437 4780 1653 
4958 3442 4789 1655 
4961 3446 4797 1657 
4970 3450 4805 1661 
4982 3458 4809 1664 
4988 3466 4813 1668 
4990 3468 4816 1670 
4998 3471 4820 1670 
5004 3473 4824 1672 
5008 3474 4833 1675 
5011 3474 4836 1675 
5016 3476 4843 1676 
5018 3479 4852 1676 
5021 3485 4859 1678 
5028 3490 4867 1681 
5036 3494 4871 1682 
5043 3499 4875 1683 
5049 3505 4878 1684 
5055 3509 4881 1685 
5057 3515 4886 1687 
5064 3519 4893 1689 
5072 3524 4900 1696 
5082 3533 4908 1700 
5087 3535 4912 1702 
5089 3540 4915 1704 
5092 3542 4917 1705 
5099 3545 4922 1707 
5105 3547 4927 1709 
5108 3549 4932 1710 
5115 3554 4936 1714 
5119 3560 4945 1721 
5123 3562 4949 1723 
5128 3564 4952 1725 
5134 3568 4960 1728 
5140 3571 4968 1730 
5150 3574 4970 1731 
5153 3576 4974 1733 
5162 3579 4984 1735 
5167 3581 4992 1736 
5171 3587 4998 1738 
5174 3591 5006 1738 
5178 3594 5012 1739 
5189 3601 5021 1743 
5196 3605 5027 1744 
5202 3607 5032 1746 
5207 3614 5035 1746 
5213 3620 5038 1746 
5221 3625 5042 1749 
5223 3633 5048 1753 
5228 3638 5049 1756 
5232 3643 5055 1758 
5238 3647 5063 1758 
5238 3654 5064 1762 
5242 3656 5066 1763 
5247 3658 5071 1763 
5254 3662 5071 1763 
5258 3663 5078 1764 
5263 3665 5085 1764 
5268 3670 5100 1765 
5273 3672 5109 1767 
5279 3677 5112 1770 
5282 3681 5115 1771 
5290 3688 5123 1774 
5295 3692 5128 1775 
5301 3698 5133 1778 
5306 3701 5137 1779 
5314 3706 5141 1781 
5320 3708 5147 1784 
5325 3711 5160 1787 
5331 3722 5165 1788 
5336 3725 5171 1790 
5339 3729 5174 1793 
5343 3735 5178 1794 
5349 3736 5185 1795 
5350 3737 5193 1797 
5357 3742 5198 1800 
5361 3747 5207 1802 
5368 3752 5215 1805 
5379 3754 5220 1810 
5379 3757 5225 1812 
5384 3761 5228 1812 
5387 3762 5232 1812 
5391 3763 5234 1814 
5396 3766 5240 1814 
5404 3770 5244 1817 
5408 3773 5247 1817 
5414 3776 5258 1819 
5417 3777 5264 1821 
5418 3779 5269 1823 
5424 3783 5275 1827 
5428 3791 5282 1829 
5432 3794 5289 1831 
5440 3798 5296 1834 
5446 3803 5299 1834 
5451 3809 5305 1838 
5456 3813 5314 1840 
5463 3816 5317 1844 
5468 3818 5327 1844 
5476 3823 5336 1846 
5479 3828 5340 1848 
5483 3831 5346 1850 
5488 3833 5350 1853 
5498 3840 5353 1853 
5504 3843 5358 1855 
5508 3844 5364 1856 
5511 3847 5371 1857 
5515 3851 5378 1859 
5519 3854 5389 1861 
5524 3861 5394 1862 
5527 3866 5401 1863 
5533 3869 5407 1866 
5539 3876 5411 1866 
5546 3880 5417 1866 
5551 3883 5428 1868 
5556 3885 5434 1869 
5562 3890 5441 1869 
5564 3892 5449 1870 
5570 3896 5452 1873 
5579 3902 5457 1875 
5586 3904 5462 1878 
5589 3911 5465 1878 
5596 3917 5470 1881 
5599 3922 5473 1882 
5610 3929 5477 1884 
5613 3933 5482 1886 
5619 3938 5488 1889 
5622 3942 5491 1891 
5627 3949 5503 1895 
5631 3955 5511 1898 
5635 3961 5516 1902 
5641 3963 5525 1905 
5648 3966 5528 1905 
5658 3967 5533 1905 
5663 3969 5537 1908 
5670 3976 5542 1910 
5681 3978 5546 1913 
5684 3986 5551 1914 
5688 3989 5556 1918 
5690 3993 5562 1922 
5692 3998 5564 1922 
5701 4001 5572 1923 
5708 4005 5577 1928 
5713 4008 5582 1929 
5717 4010 5586 1930 
5719 4016 5591 1930 
5723 4018 5599 1932 
5730 4021 5605 1935 
5732 4025 5613 1939 
5735 4031 5615 1939 
5736 4033 5619 1941 
5744 4037 5628 1944 
5749 4039 5632 1947 
5755 4043 5637 1948 
5759 4048 5641 1948 
5763 4051 5649 1950 
5769 4058 5652 1951 
5774 4061 5656 1952 
5776 4063 5662 1954 
5779 4069 5667 1955 
5785 4071 5671 1961 
5791 4074 5678 1962 
5794 4078 5684 1962 
5800 4084 5692 1962 
5801 4090 5695 1964 
5807 4102 5702 1967 
5815 4109 5704 1968 
5818 4110 5709 1969 
5824 4114 5712 1971 
5832 4117 5717 1971 
5837 4117 5725 1971 
5844 4121 5728 1972 
5844 4126 5734 1973 
5851 4132 5738 1976 
5856 4136 5741 1977 
5862 4139 5743 1978 
5868 4143 5745 1979 
5872 4149 5751 1981 
5879 4154 5757 1983 
5880 4157 5759 1984 
5885 4166 5764 1986 
5888 4171 5771 1990 
5896 4173 5777 1993 
5901 4175 5781 1996 
5909 4181 5787 1999 
5915 4181 5796 1999 
5918 4183 5799 2000 
5921 4188 5804 2002 
5924 4192 5812 2004 
5929 4196 5815 2007 
5935 4201 5818 2009 
5944 4208 5822 2009 
5949 4210 5826 2011 
5957 4212 5832 2013 
5962 4218 5835 2017 
5967 4223 5839 2019 
5973 4228 5847 2023 
5980 4232 5851 2024 
5987 4233 5854 2027 
5992 4237 5858 2031 
5995 4245 5865 2032 
5998 4247 5874 2035 
6003 4254 5876 2035 
6009 4261 5883 2035 
6012 4263 5886 2036 
6018 4267 5895 2037 
6021 4271 5897 2040 
6025 4276 5901 2042 
6032 4283 5907 2046 
6036 4285 5914 2052 
6038 4287 5919 2056 
6045 4290 5923 2057 
6050 4293 5928 2060 
6054 4300 5933 2063 
6059 4303 5940 2067 
6066 4305 5943 2067 
6069 4309 5948 2069 
6077 4310 5955 2072 
6086 4310 5961 2073 
6089 4315 5968 2074 
6093 4317 5973 2075 
6095 4321 5980 2076 
6097 4326 5982 2076 
6105 4329 5986 2079 
6112 4334 5988 2080 
6117 4337 5994 2080 
6122 4341 5997 2081 
6130 4347 6003 2087 
6136 4352 6011 2091 
6139 4357 6016 2092 
6144 4359 6019 2094 
6149 4364 6026 2096 
6151 4369 6029 2099 
6159 4372 6030 2100 
6163 4377 6033 2103 
6172 4382 6034 2104 
6177 4390 6037 2108 
6180 4396 6046 2109 
6187 4398 6049 2110 
6189 4398 6052 2112 
6198 4400 6055 2113 
6203 4405 6059 2115 
6209 4410 6060 2119 
6215 4416 6067 2122 
6217 4420 6073 2124 
6221 4425 6076 2126 
6229 4426 6081 2127 
6234 4429 6086 2130 
6237 4436 6091 2132 
6239 4441 6097 2137 
6242 4445 6103 2140 
6247 4447 6108 2140 
6253 4453 6114 2142 
6255 4458 6124 2142 
6260 4462 6131 2145 
6263 4465 6135 2146 
6267 4471 6142 2148 
6277 4475 6148 2148 
6283 4479 6154 2151 
6290 4483 6161 2152 
6298 4489 6167 2153 
6306 4495 6167 2153 
6308 4498 6173 2155 
6313 4503 6177 2155 
6318 4509 6181 2158 
6322 4513 6187 2159 
6324 4518 6192 2162 
6329 4524 6195 2164 
6333 4528 6201 2164 
6336 4531 6208 2167 
6339 4534 6214 2168 
6342 4536 6220 2168 
6346 4540 6226 2170 
6352 4543 6231 2170 
6356 4547 6234 2172 
6360 4551 6236 2172 
6365 4553 6244 2172 
6370 4558 6246 2175 
6375 4566 6251 2177 
6380 4570 6259 2179 
6386 4571 6264 2179 
6387 4575 6267 2182 
6392 4582 6273 2184 
6399 4583 6280 2185 
6405 4585 6285 2186 
6408 4590 6288 2188 
6413 4596 6292 2189 
6417 4601 6299 2190 
6419 4603 6308 2191 
6422 4606 6314 2192 
6427 4611 6318 2193 
6436 4618 6322 2195 
6442 4622 6328 2199 
6445 4628 6334 2203 
6449 4634 6342 2203 
6452 4640 6343 2205 
6458 4644 6347 2207 
6461 4649 6351 2207 
6467 4652 6355 2209 
6471 4653 6357 2212 
6477 4655 6363 2213 
6483 4660 6371 2214 
6491 4664 6375 2215 
6499 4669 6379 2219 
6501 4673 6387 2221 
6507 4678 6391 2224 
6512 4686 6396 2224 
6518 4687 6397 2227 
6523 4693 6404 2228 
6531 4698 6407 2228 
6537 4698 6411 2228 
6542 4700 6414 2229 
6550 4701 6421 2230 
6559 4709 6426 2232 
6563 4713 6432 2233 
6564 4715 6437 2235 
6570 4716 6441 2238 
6573 4721 6447 2239 
6577 4726 6455 2240 
6586 4729 6460 2244 
6590 4732 6462 2246 
6594 4736 6464 2250 
6599 4744 6469 2255 
6609 4748 6475 2256 
6615 4754 6479 2259 
6621 4757 6479 2262 
6624 4759 6485 2264 
6629 4765 6491 2267 
6639 4768 6497 2271 
6643 4772 6500 2275 
6648 4773 6502 2278 
6651 4776 6503 2279 
6657 4781 6507 2279 
6661 4786 6512 2280 
6670 4791 6516 2285 
6682 4795 6520 2286 
6691 4797 6525 2288 
6692 4802 6529 2291 
6695 4806 6533 2292 
6702 4811 6535 2295 
6704 4815 6539 2298 
6705 4820 6545 2300 
6708 4826 6551 2302 
6714 4828 6555 2303 
6718 4829 6559 2304 
6722 4832 6563 2307 
6728 4833 6567 2308 
6733 4839 6571 2308 
6736 4843 6577 2308 
6740 4848 6582 2310 
6742 4850 6585 2311 
6745 4855 6595 2311 
6748 4859 6601 2314 
6753 4863 6606 2314 
6757 4869 6615 2318 
6767 4875 6619 2319 
6772 4881 6623 2320 
6783 4883 6630 2322 
6788 4883 6635 2323 
6790 4885 6638 2324 
6794 4890 6641 2327 
6800 4896 6648 2329 
6805 4901 6651 2330 
6807 4908 6656 2334 
6809 4911 6658 2334 
6815 4913 6660 2336 
6820 4916 6663 2338 
6828 4919 6669 2339 
6832 4921 6674 2341 
6834 4926 6681 2343 
6840 4929 6687 2346 
6843 4930 6693 2348 
6848 4937 6698 2350 
6856 4944 6702 2353 
6860 4949 6705 2354 
6864 4955 6714 2356 
6868 4959 6721 2356 
6871 4965 6723 2359 
6873 4970 6726 2363 
6878 4972 6733 2363 
6883 4978 6743 2365 
6897 4980 6746 2367 
6907 4984 6752 2370 
6909 4987 6759 2372 
6916 4990 6767 2372 
6921 4994 6772 2372 
6927 4994 6779 2375 
6932 4999 6783 2376 
6935 5002 6792 2377 
6941 5008 6798 2377 
6953 5010 6802 2378 
6959 5014 6806 2380 
6961 5024 6813 2380 
6970 5028 6817 2380 
6977 5029 6820 2380 
6992 5032 6825 2382 
6994 5033 6834 2385 
6998 5040 6838 2386 
7005 5043 6843 2386 
7009 5045 6846 2391 
7013 5045 6855 2395 
7021 5049 6859 2397 
7026 5055 6866 2398 
7031 5060 6874 2400 
7036 5063 6883 2401 
7042 5066 6889 2403 
7046 5069 6896 2404 
7051 5072 6901 2407 
7059 5073 6905 2408 
7061 5074 6909 2410 
7067 5076 6914 2411 
7072 5081 6919 2414 
7078 5082 6925 2414 
7078 5086 6931 2416 
7084 5091 6933 2418 
7089 5094 6940 2421 
7093 5099 6945 2422 
7094 5103 6949 2425 
7100 5110 6954 2427 
7105 5113 6961 2430 
7109 5119 6973 2431 
7115 5124 6979 2432 
7125 5129 6983 2433 
7131 5134 6987 2435 
7137 5138 6993 2436 
7143 5141 6996 2439 
7148 5145 6998 2439 
7151 5147 7002 2441 
7160 5152 7008 2443 
7166 5158 7014 2444 
7173 5164 7018 2447 
7177 5167 7026 2449 
7182 5171 7030 2449 
7191 5175 7033 2451 
7198 5176 7036 2455 
7200 5181 7041 2458 
7211 5188 7046 2461 
7215 5191 7051 2464 
7219 5194 7056 2466 
7223 5196 7059 2471 
7231 5198 7063 2472 
7238 5201 7069 2473 
7243 5205 7074 2475 
7249 5209 7080 2477 
7256 5211 7091 2477 
7264 5213 7098 2479 
7269 5217 7101 2481 
7273 5223 7107 2485 
7277 5228 7118 2486 
7284 5237 7122 2489 
7293 5243 7127 2492 
7298 5247 7133 2492 
7306 5254 7138 2496 
7310 5263 7146 2499 
7314 5266 7150 2500 
7319 5268 7156 2500 
7324 5270 7159 2501 
7332 5272 7168 2502 
7337 5276 7172 2503 
7338 5280 7175 2503 
7344 5284 7178 2505 
7350 5289 7186 2507 
7353 5291 7193 2511 
7357 5293 7199 2512 
7363 5295 7203 2513 
7367 5298 7206 2515 
7370 5302 7211 2517 
7379 5308 7218 2521 
7383 5314 7222 2523 
7390 5318 7225 2524 
7397 5320 7229 2525 
7401 5323 7237 2525 
7404 5329 7246 2526 
7408 5335 7251 2529 
7413 5342 7260 2535 
7422 5349 7270 2539 
7429 5356 7275 2541 
7432 5362 7281 2541 
7434 5367 7287 2541 
7439 5372 7297 2545 
7446 5374 7299 2545 
7447 5380 7305 2548 
7451 5385 7311 2551 
7454 5389 7315 2554 
7457 5396 7323 2555 
7462 5400 7327 2558 
7468 5404 7332 2559 
7478 5407 7338 2560 
7488 5411 7342 2563 
7493 5412 7347 2563 
7497 5417 7354 2563 
7500 5420 7360 2563 
7503 5423 7367 2564 
7512 5427 7376 2565 
7515 5432 7382 2568 
7520 5433 7388 2569 
7525 5436 7395 2570 
7532 5441 7401 2574 
7537 5443 7405 2575 
7542 5445 7412 2577 
7546 5446 7415 2582 
7548 5452 7421 2583 
7556 5457 7427 2583 
7562 5462 7429 2584 
7573 5468 7437 2586 
7580 5469 7441 2586 
7590 5470 7448 2586 
7598 5477 7454 2587 
7609 5481 7460 2589 
7611 5485 7465 2593 
7617 5487 7473 2595 
7623 5494 7477 2599 
7627 5498 7479 2600 
7632 5501 7483 2603 
7635 5505 7487 2604 
7637 5510 7495 2606 
7642 5516 7502 2608 
7647 5521 7509 2609 
7652 5524 7515 2612 
7654 5526 7519 2612 
7661 5533 7524 2613 
7668 5536 7533 2615 
7673 5542 7539 2619 
7680 5546 7544 2621 
7686 5550 7551 2622 
7693 5555 7554 2622 
7700 5556 7559 2624 
7706 5559 7566 2625 
7711 5560 7570 2626 
7718 5561 7576 2626 
7728 5563 7579 2628 
7734 5570 7589 2629 
7739 5571 7592 2630 
7745 5575 7596 2632 
7745 5578 7602 2634 
7750 5581 7605 2634 
7755 5587 7612 2637 
7761 5591 7619 2639 
7765 5594 7626 2644 
7772 5599 7631 2646 
7777 5605 7637 2648 
7783 5614 7639 2648 
7787 5620 7643 2650 
7790 5625 7651 2653 
7793 5630 7656 2655 
7798 5639 7660 2658 
7805 5641 7667 2659 
7812 5643 7678 2661 
7817 5644 7684 2664 
7827 5649 7687 2667 
7836 5653 7695 2667 
7839 5657 7699 2670 
7847 5663 7704 2670 
7850 5670 7712 2671 
7861 5673 7723 2673 
7871 5680 7729 2675 
7879 5686 7735 2676 
7885 5688 7742 2682 
7891 5691 7745 2685 
7895 5695 7751 2685 
7901 5699 7760 2689 
7904 5703 7765 2689 
7910 5708 7768 2689 
7914 5711 7777 2690 
7920 5718 7783 2695 
7924 5718 7789 2695 
7930 5723 7796 2700 
7937 5730 7801 2701 
7943 5734 7806 2706 
7950 5742 7811 2708 
7955 5748 7818 2708 
7959 5750 7826 2712 
7964 5753 7832 2712 
7972 5760 7838 2713 
7976 5764 7840 2715 
7981 5769 7847 2716 
7989 5773 7852 2716 
7993 5776 7858 2717 
7999 5782 7863 2718 
8001 5786 7867 2721 
8006 5787 7880 2728 
8011 5791 7883 2733 
8019 5796 7893 2736 
8026 5799 7897 2737 
8035 5803 7902 2739 
8040 5808 7905 2741 
8049 5813 7912 2743 
8057 5815 7916 2749 
8061 5819 7921 2751 
8067 5823 7929 2752 
8069 5824 7936 2755 
8073 5827 7939 2756 
8076 5831 7942 2758 
8085 5834 7949 2759 
8097 5841 7954 2760 
8099 5842 7958 2761 
8104 5845 7960 2765 
8109 5849 7961 2767 
8112 5852 7966 2769 
8121 5857 7971 2770 
8123 5862 7977 2772 
8125 5867 7987 2775 
8132 5872 7992 2778 
8138 5879 7998 2779 
8144 5885 8002 2780 
8148 5888 8010 2781 
8150 5894 8016 2783 
8159 5899 8023 2785 
8162 5904 8032 2788 
8168 5910 8039 2791 
8175 5916 8047 2795 
8181 5920 8052 2796 
8189 5924 8055 2797 
8195 5928 8060 2799 
8199 5931 8062 2800 
8205 5934 8069 2802 
8212 5938 8076 2804 
8213 5940 8079 2805 
8217 5946 8084 2807 
8222 5954 8088 2809 
8227 5958 8091 2814 
8234 5967 8095 2819 
8239 5972 8099 2820 
8243 5982 8105 2821 
8249 5985 8112 2825 
8251 5993 8120 2827 
8256 5998 8127 2828 
8263 6002 8135 2830 
8273 6007 8137 2834 
8277 6013 8143 2836 
8281 6017 8153 2838 
8286 6024 8158 2841 
8294 6031 8169 2842 
8299 6033 8175 2846 
8305 6037 8180 2847 
8309 6040 8182 2849 
8314 6046 8190 2851 
8317 6052 8198 2856 
8323 6054 8207 2858 
8331 6057 8213 2861 
8338 6063 8218 2864 
8349 6066 8225 2867 
8354 6071 8236 2871 
8359 6083 8245 2871 
8365 6086 8254 2871 
8367 6088 8263 2873 
8375 6094 8268 2873 
8380 6100 8271 2875 
8385 6104 8275 2877 
8391 6106 8282 2877 
8396 6108 8289 2879 
8398 6112 8293 2880 
8404 6115 8299 2882 
8408 6121 8302 2883 
8415 6123 8311 2884 
8420 6126 8320 2885 
8425 6133 8322 2887 
8434 6143 8332 2888 
8441 6149 8337 2890 
8443 6150 8341 2891 
8447 6152 8353 2892 
8448 6158 8357 2893 
8456 6162 8361 2893 
8464 6169 8368 2898 
8469 6173 8373 2898 
8475 6177 8379 2899 
8482 6185 8380 2902 
8487 6189 8388 2904 
8490 6194 8397 2908 
8493 6200 8400 2909 
8498 6208 8404 2910 
8500 6214 8410 2911 
8504 6217 8414 2916 
8509 6221 8421 2918 
8519 6225 8427 2919 
8527 6226 8435 2919 
8531 6234 8440 2920 
8536 6236 8445 2923 
8545 6241 8450 2926 
8550 6244 8455 2928 
8559 6250 8460 2929 
8563 6252 8464 2930 
8571 6260 8474 2933 
8576 6264 8481 2934 
8582 6267 8486 2936 
8587 6271 8489 2938 
8594 6273 8496 2940 
8599 6278 8501 2940 
8602 6280 8506 2942 
8610 6283 8511 2944 
8611 6288 8515 2944 
8617 6292 8523 2947 
8622 6296 8529 2948 
8625 6299 8538 2951 
8632 6300 8543 2953 
8640 6306 8547 2956 
8646 6308 8554 2959 
8653 6312 8566 2961 
8658 6314 8573 2963 
8660 6317 8577 2963 
8664 6321 8582 2963 
8670 6322 8584 2965 
8676 6327 8586 2967 
8680 6332 8591 2967 
8689 6334 8597 2972 
8695 6340 8605 2977 
8698 6345 8609 2979 
8704 6348 8613 2980 
8715 6353 8616 2980 
8721 6356 8623 2981 
8727 6362 8630 2982 
8732 6366 8636 2984 
8735 6370 8638 2984 
8738 6374 8643 2988 
8739 6377 8648 2988 
8749 6381 8655 2990 
8758 6384 8659 2990 
8764 6390 8664 2993 
8767 6399 8673 2994 
8773 6403 8680 2996 
8777 6411 8683 2999 
8784 6417 8686 2999 
8791 6422 8695 3000 
8801 6427 8699 3003 
8808 6432 8707 3004 
8813 6437 8714 3004 
8816 6441 8723 3004 
8821 6446 8729 3006 
8826 6450 8732 3007 
8828 6452 8738 3008 
8829 6459 8743 3008 
8833 6462 8747 3009 
8842 6466 8749 3013 
8845 6469 8756 3017 
8850 6476 8761 3020 
8855 6485 8764 3023 
8860 6488 8769 3025 
8868 6494 8775 3029 
8874 6497 8780 3030 
8880 6504 8785 3032 
8886 6510 8789 3037 
8894 6515 8793 3041 
8898 6520 8802 3044 
8901 6523 8807 3046 
8905 6526 8812 3048 
8912 6529 8817 3052 
8913 6533 8820 3052 
8918 6533 8828 3052 
8922 6539 8832 3055 
8926 6545 8837 3056 
8934 6547 8844 3063 
8937 6550 8850 3063 
8943 6555 8857 3067 
8950 6557 8863 3068 
8956 6562 8869 3069 
8959 6566 8875 3072 
8968 6570 8879 3074 
8970 6575 8883 3075 
8978 6582 8888 3076 
8985 6585 8895 3077 
8993 6592 8897 3079 
8997 6600 8903 3080 
8999 6604 8914 3083 
9007 6610 8921 3083 
9010 6612 8924 3084 
9017 6617 8931 3086 
9020 6619 8936 3089 
9025 6625 8945 3089 
9030 6628 8951 3090 
9034 6632 8955 3091 
9040 6637 8963 3092 
9049 6641 8967 3097 
9051 6644 8973 3097 
9057 6649 8980 3100 
9064 6653 8984 3101 
9067 6660 8987 3101 
9072 6664 8993 3102 
9079 6667 8998 3107 
9084 6671 9004 3110 
9088 6675 9010 3113 
9100 6677 9014 3115 
9104 6678 9018 3116 
9105 6681 9024 3119 
9111 6682 9027 3122 
9112 6684 9032 3129 
9118 6689 9039 3130 
9125 6692 9042 3134 
9129 6698 9047 3135 
9132 6701 9055 3139 
9141 6704 9065 3142 
9150 6709 9071 3145 
9154 6715 9076 3146 
9157 6720 9082 3148 
9161 6726 9087 3150 
9167 6729 9091 3151 
9171 6734 9096 3151 
9175 6739 9100 3152 
9182 6744 9104 3157 
9188 6747 9106 3157 
9195 6751 9110 3159 
9203 6755 9116 3161 
9207 6762 9120 3162 
9216 6770 9126 3166 
9220 6771 9130 3167 
9232 6778 9137 3168 
9237 6782 9142 3171 
9243 6785 9146 3171 
9249 6787 9153 3174 
9254 6791 9157 3177 
9259 6796 9161 3182 
9265 6801 9166 3184 
9269 6806 9172 3185 
9270 6811 9179 3187 
9275 6814 9186 3189 
9285 6819 9191 3190 
9287 6823 9197 3191 
9291 6826 9199 3191 
9297 6827 9204 3191 
9303 6829 9207 3192 
9307 6834 9211 3193 
9311 6839 9216 3193 
9317 6840 9226 3195 
9322 6847 9232 3197 
9329 6853 9239 3200 
9337 6853 9248 3202 
9346 6862 9255 3206 
9353 6866 9261 3209 
9358 6868 9271 3215 
9365 6872 9273 3216 
9368 6878 9279 3217 
9371 6887 9287 3217 
9378 6891 9292 3218 
9381 6896 9296 3221 
9387 6904 9303 3221 
9397 6912 9309 3227 
9401 6915 9318 3227 
9410 6918 9320 3228 
9421 6924 9324 3229 
9426 6929 9331 3231 
9432 6937 9336 3232 
9437 6940 9344 3237 
9443 6944 9362 3240 
9447 6952 9367 3241 
9457 6955 9373 3242 
9463 6962 9380 3242 
9463 6963 9385 3249 
9470 6966 9389 3251 
9477 6969 9398 3253 
9485 6972 9403 3257 
9487 6974 9405 3261 
9492 6981 9409 3263 
9496 6983 9411 3263 
9500 6988 9420 3264 
9505 6993 9426 3266 
9511 6999 9433 3267 
9513 7001 9442 3269 
9520 7005 9443 3273 
9526 7010 9446 3276 
9530 7017 9455 3282 
9538 7021 9463 3283 
9542 7026 9468 3287 
9547 7028 9475 3288 
9555 7030 9483 3291 
9560 7033 9493 3292 
9571 7043 9496 3293 
9575 7047 9502 3296 
9585 7053 9509 3299 
9588 7057 9516 3302 
9596 7061 9521 3303 
9603 7064 9525 3304 
9611 7070 9529 3306 
9620 7076 9536 3307 
9626 7078 9539 3310 
9629 7083 9545 3311 
9632 7085 9548 3313 
9636 7087 9555 3317 
9641 7089 9562 3318 
9648 7096 9566 3318 
9656 7102 9569 3319 
9664 7104 9574 3323 
9672 7109 9577 3324 
9677 7115 9582 3325 
9687 7120 9588 3330 
9692 7125 9595 3330 
9697 7130 9598 3333 
9700 7137 9604 3335 
9710 7140 9610 3335 
9714 7143 9613 3337 
9723 7147 9619 3340 
9727 7150 9625 3342 
9730 7152 9637 3343 
9736 7161 9645 3348 
9743 7164 9649 3349 
9749 7169 9657 3352 
9752 7176 9663 3353 
9755 7181 9667 3357 
9759 7186 9672 3359 
9767 7187 9676 3359 
9773 7193 9683 3359 
9776 7199 9688 3362 
9787 7200 9694 3364 
9791 7206 9698 3364 
9797 7209 9706 3368 
9799 7213 9708 3373 
9800 7219 9718 3373 
9803 7222 9726 3374 
9809 7228 9731 3375 
9815 7234 9737 3378 
9816 7239 9740 3382 
9817 7245 9747 3383 
9820 7250 9749 3384 
9829 7252 9755 3385 
9838 7255 9766 3387 
9841 7262 9772 3388 
9849 7268 9777 3392 
9853 7271 9780 3392 
9860 7280 9785 3393 
9871 7288 9792 3395 
9877 7294 9797 3397 
9882 7297 9805 3398 
9887 7304 9809 3400 
9893 7304 9816 3400 
9900 7306 9824 3403 
9907 7308 9829 3407 
9911 7313 9833 3408 
9915 7319 9840 3410 
9924 7325 9845 3414 
9929 7333 9849 3416 
9935 7336 9853 3420 
9939 7341 9856 3422 
9945 7345 9859 3423 
9951 7351 9863 3426 
9955 7356 9871 3429 
9958 7365 9873 3429 
9964 7372 9884 3430 
9969 7379 9888 3433 
9976 7387 9892 3436 
9982 7388 9896 3439 
9985 7391 9897 3442 
9989 7397 9901 3444 
9997 7400 9912 3444 
10000 7401 9920 3444 
10003 7406 9921 3446 
10009 7414 9925 3448 
10016 7418 9930 3449 
10020 7427 9933 3450 
10028 7432 9941 3452 
10033 7437 9944 3453 
10041 7442 9946 3454 
10048 7447 9949 3456 
10052 7452 9955 3456 
10054 7454 9956 3457 
10059 7460 9960 3461 
10064 7463 9969 3464 
10067 7464 9974 3466 
10071 7470 9979 3467 
10076 7477 9983 3468 
10080 7482 9987 3471 
10088 7487 9992 3475 
10093 7490 10002 3479 
10098 7494 10009 3482 
10105 7499 10012 3482 
10109 7504 10020 3482 
10114 7509 10025 3483 
10125 7516 10030 3484 
10130 7518 10036 3485 
10133 7525 10042 3488 
10140 7528 10046 3489 
10145 7533 10050 3490 
10158 7537 10056 3490 
10165 7539 10071 3493 
10167 7542 10080 3495 
10177 7547 10086 3495 
10183 7551 10091 3495 
10186 7554 10093 3497 
10191 7556 10097 3498 
10200 7558 10102 3502 
10205 7563 10104 3505 
10213 7569 10108 3507 
10220 7572 10111 3511 
10228 7578 10116 3515 
10234 7583 10126 3517 
10236 7593 10131 3520 
10240 7597 10140 3522 
10248 7599 10145 3524 
10252 7601 10154 3529 
10261 7607 10160 3531 
10264 7617 10162 3531 
10270 7620 10173 3534 
10275 7624 10180 3536 
10279 7630 10186 3536 
10283 7631 10197 3538 
10286 7636 10203 3542 
10290 7640 10206 3543 
10295 7643 10212 3544 
10301 7650 10216 3547 
10305 7651 10222 3548 
10309 7656 10228 3549 
10312 7661 10231 3550 
10319 7667 10240 3552 
10327 7671 10245 3554 
10332 7676 10255 3554 
10340 7682 10259 3555 
10350 7682 10264 3557 
10354 7685 10272 3560 
10361 7688 10277 3564 
10364 7693 10283 3565 
10368 7698 10292 3567 
10373 7702 10296 3568 
10377 7707 10301 3569 
10386 7713 10310 3570 
10393 7715 10315 3571 
10399 7717 10326 3572 
10403 7721 10335 3574 
10408 7723 10344 3576 
10415 7727 10350 3581 
10420 7727 10354 3584 
10427 7734 10360 3586 
10431 7739 10369 3590 
10437 7745 10374 3591 
10439 7746 10379 3597 
10445 7751 10384 3598 
10455 7755 10388 3599 
10459 7761 10393 3602 
10461 7761 10397 3602 
10465 7764 10401 3603 
10467 7768 10410 3604 
10471 7772 10418 3605 
10478 7775 10423 3606 
10480 7782 10433 3611 
10486 7791 10440 3613 
10491 7797 10450 3614 
10492 7805 10456 3614 
10495 7806 10462 3617 
10500 7810 10469 3621 
10505 7812 10472 3623 
10508 7815 10480 3626 
10510 7816 10484 3628 
10519 7821 10487 3630 
10527 7824 10490 3632 
10533 7829 10499 3634 
10536 7832 10506 3635 
10543 7835 10507 3640 
10550 7841 10512 3642 
10556 7843 10521 3643 
10563 7851 10527 3646 
10566 7858 10531 3649 
10572 7867 10537 3650 
10584 7871 10543 3653 
10589 7872 10546 3655 
10594 7876 10555 3656 
10602 7879 10560 3657 
10607 7883 10570 3658 
10615 7887 10575 3659 
10629 7890 10579 3662 
10634 7898 10583 3663 
10637 7903 10589 3664 
10641 7903 10590 3664 
10647 7908 10597 3666 
10648 7915 10600 3668 
10652 7921 10604 3669 
10661 7925 10613 3670 
10665 7928 10619 3671 
10670 7930 10628 3673 
10673 7933 10636 3675 
10681 7940 10642 3675 
10686 7950 10650 3678 
10695 7955 10655 3679 
10703 7961 10660 3683 
10708 7966 10668 3685 
10713 7970 10674 3689 
10719 7974 10679 3691 
10722 7980 10686 3695 
10726 7986 10691 3696 
10733 7990 10694 3696 
10740 7993 10697 3697 
10745 7996 10704 3698 
10751 8002 10708 3698 
10755 8006 10712 3701 
10758 8012 10718 3701 
10765 8014 10721 3707 
10769 8017 10731 3710 
10777 8021 10737 3713 
10782 8024 10740 3716 
10788 8028 10746 3717 
10796 8033 10750 3717 
10805 8036 10756 3720 
10810 8038 10766 3721 
10814 8042 10776 3723 
10819 8048 10781 3723 
10820 8053 10784 3724 
10825 8060 10787 3729 
10833 8066 10796 3732 
10843 8069 10802 3734 
10850 8073 10806 3736 
10857 8075 10810 3740 
10861 8082 10815 3743 
10866 8089 10818 3744 
10876 8095 10828 3746 
10881 8098 10836 3750 
10886 8101 10841 3753 
10891 8108 10847 3753 
10898 8114 10848 3753 
10901 8120 10852 3755 
10908 8126 10862 3759 
10914 8129 10871 3760 
10924 8132 10876 3763 
10928 8137 10884 3765 
10937 8140 10888 3766 
10944 8143 10894 3767 
10948 8145 10897 3769 
10954 8149 10901 3770 
10960 8154 10910 3771 
10963 8159 10919 3775 
10966 8163 10925 3776 
10971 8166 10934 3780 
10975 8169 10941 3783 
10979 8173 10944 3786 
10987 8177 10951 3787 
10993 8183 10960 3787 
10997 8187 10968 3787 
11002 8190 10971 3789 
11008 8197 10978 3792 
11009 8201 10986 3795 
11012 8205 10990 3796 
11017 8208 10997 3798 
11022 8212 11005 3800 
11031 8215 11010 3803 
11035 8217 11018 3804 
11039 8222 11022 3806 
11046 8225 11027 3809 
11050 8226 11030 3811 
11055 8229 11036 3814 
11058 8234 11041 3820 
11069 8239 11046 3821 
11078 8244 11050 3821 
11081 8250 11054 3823 
11083 8254 11063 3824 
11089 8257 11070 3826 
11091 8266 11074 3827 
11091 8273 11081 3829 
11094 8278 11086 3831 
11098 8286 11096 3831 
11103 8294 11104 3832 
11106 8299 11110 3834 
11108 8303 11118 3836 
11116 8305 11121 3840 
11121 8309 11127 3841 
11131 8316 11129 3842 
11134 8319 11138 3843 
11138 8326 11144 3845 
11149 8332 11150 3847 
11153 8334 11155 3850 
11156 8339 11159 3852 
11163 8345 11164 3856 
11170 8346 11168 3856 
11172 8353 11175 3860 
11180 8359 11180 3862 
11189 8369 11187 3864 
11202 8371 11193 3867 
11211 8375 11198 3869 
11220 8381 11204 3871 
11222 8384 11211 3873 
11226 8385 11214 3874 
11232 8389 11216 3878 
11239 8395 11223 3881 
11249 8398 11230 3883 
11253 8400 11240 3884 
11257 8407 11245 3886 
11259 8411 11248 3889 
11264 8417 11253 3890 
11267 8420 11257 3892 
11272 8425 11261 3894 
11273 8425 11267 3895 
11276 8428 11273 3897 
11284 8431 11276 3900 
11292 8436 11281 3902 
11297 8441 11285 3907 
11304 8447 11288 3907 
11306 8454 11296 3907 
11314 8456 11301 3910 
11318 8463 11311 3913 
11322 8472 11317 3917 
11327 8475 11322 3919 
11331 8480 11330 3922 
11338 8486 11338 3924 
11343 8492 11342 3925 
11349 8492 11352 3925 
11355 8497 11355 3927 
11359 8498 11357 3930 
11364 8503 11359 3930 
11372 8506 11362 3932 
11373 8508 11367 3937 
11379 8509 11377 3940 
11385 8513 11390 3945 
11394 8518 11396 3948 
11405 8521 11401 3950 
11408 8524 11407 3953 
11410 8530 11410 3959 
11419 8534 11418 3963 
11423 8539 11425 3964 
11427 8545 11430 3968 
11431 8550 11439 3971 
11436 8552 11445 3972 
11451 8557 11450 3974 
11458 8560 11455 3977 
11466 8566 11460 3979 
11472 8570 11467 3984 
11477 8571 11471 3986 
11480 8576 11476 3987 
11487 8582 11482 3989 
11491 8584 11489 3991 
11498 8585 11490 3996 
11503 8589 11495 3997 
11513 8595 11497 3999 
11521 8598 11502 3999 
11522 8602 11509 4000 
11530 8607 11512 4002 
11539 8613 11518 4005 
11543 8616 11527 4007 
11545 8619 11531 4012 
11549 8625 11536 4013 
11553 8626 11540 4016 
11554 8630 11544 4018 
11557 8637 11547 4021 
11559 8639 11551 4023 
11568 8646 11556 4028 
11574 8649 11563 4030 
11579 8652 11566 4032 
11587 8658 11572 4035 
11592 8659 11576 4037 
11597 8663 11582 4042 
11601 8664 11589 4046 
11605 8669 11594 4048 
11612 8672 11602 4050 
11618 8676 11608 4051 
11621 8680 11611 4056 
11625 8683 11620 4057 
11632 8686 11623 4060 
11639 8690 11635 4061 
11645 8693 11643 4062 
11657 8699 11649 4065 
11662 8704 11651 4066 
11667 8711 11660 4067 
11672 8715 11665 4071 
11677 8718 11672 4076 
11684 8726 11683 4077 
11690 8732 11688 4078 
11697 8736 11697 4080 
11706 8738 11702 4084 
11711 8744 11704 4084 
11714 8752 11710 4085 
11718 8763 11714 4087 
11721 8769 11718 4089 
11725 8773 11725 4092 
11733 8777 11730 4094 
11738 8782 11734 4097 
11743 8789 11738 4099 
11747 8792 11741 4100 
11754 8795 11747 4102 
11759 8796 11752 4103 
11761 8801 11759 4104 
11764 8803 11764 4105 
11770 8805 11773 4109 
11774 8814 11774 4111 
11784 8818 11780 4112 
11787 8823 11786 4112 
11788 8824 11794 4117 
11794 8824 11799 4118 
11799 8829 11806 4122 
11804 8833 11810 4126 
11808 8835 11814 4127 
11814 8837 11818 4128 
11819 8840 11822 4128 
11828 8847 11829 4129 
11832 8851 11835 4132 
11836 8857 11840 4133 
11842 8859 11843 4137 
11848 8864 11846 4138 
11855 8869 11852 4139 
11860 8873 11858 4139 
11864 8877 11862 4144 
11869 8878 11868 4146 
11878 8883 11871 4153 
11881 8885 11877 4154 
11886 8888 11882 4158 
11896 8896 11886 4163 
11898 8905 11889 4167 
11905 8912 11895 4168 
11913 8919 11900 4170 
11914 8921 11903 4176 
11917 8922 11909 4181 
11922 8928 11918 4181 
11925 8933 11924 4184 
11930 8935 11927 4184 
11934 8935 11930 4184 
11937 8941 11936 4188 
11941 8944 11945 4189 
11943 8948 11950 4192 
11950 8955 11957 4195 
11954 8960 11962 4197 
11958 8963 11964 4200 
11969 8967 11974 4203 
11982 8971 11981 4203 
11987 8976 11986 4205 
11991 8978 11993 4206 
11999 8978 11998 4207 
12004 8981 12004 4208 
12014 8984 12011 4211 
12021 8985 12019 4213 
12027 8992 12025 4215 
12037 8998 12026 4217 
12043 8999 12032 4221 
12048 9002 12035 4224 
12052 9006 12039 4226 
12056 9013 12045 4229 
12063 9018 12053 4229 
12066 9024 12061 4231 
12071 9026 12066 4233 
12075 9032 12075 4235 
12086 9033 12078 4237 
12092 9034 12082 4238 
12099 9039 12087 4241 
12102 9045 12092 4244 
12110 9052 12098 4245 
12114 9058 12107 4247 
12117 9067 12116 4249 
12123 9069 12124 4251 
12126 9072 12131 4254 
12129 9077 12135 4255 
12137 9080 12141 4257 
12141 9086 12147 4261 
12146 9088 12153 4265 
12149 9092 12162 4266 
12153 9095 12174 4271 
12158 9099 12181 4275 
12162 9101 12184 4275 
12170 9107 12191 4280 
12176 9118 12198 4280 
12188 9121 12201 4283 
12197 9128 12209 4287 
12200 9131 12210 4289 
12208 9136 12214 4291 
12213 9143 12219 4293 
12219 9149 12221 4294 
12230 9151 12228 4295 
12234 9155 12233 4297 
12242 9160 12238 4298 
12251 9170 12246 4299 
12256 9178 12249 4301 
12260 9184 12256 4303 
12267 9187 12264 4306 
12272 9190 12273 4309 
12276 9191 12279 4310 
12286 9194 12282 4311 
12291 9201 12287 4313 
12296 9202 12295 4316 
12300 9208 12303 4317 
12305 9216 12306 4318 
12305 9222 12311 4319 
12311 9228 12315 4321 
12316 9232 12320 4324 
12322 9236 12325 4328 
12327 9238 12330 4330 
12331 9241 12338 4330 
12338 9248 12344 4334 
12343 9255 12354 4338 
12351 9258 12360 4339 
12359 9262 12364 4339 
12369 9267 12372 4343 
12377 9267 12376 4343 
12384 9270 12378 4347 
12389 9273 12382 4347 
12394 9279 12388 4348 
12401 9286 12395 4350 
12405 9292 12401 4351 
12411 9296 12407 4354 
12416 9298 12413 4355 
12423 9302 12419 4357 
12430 9304 12425 4358 
12434 9307 12433 4360 
12437 9314 12437 4363 
12442 9315 12449 4365 
12447 9319 12459 4369 
12453 9321 12465 4370 
12460 9328 12472 4372 
12465 9332 12480 4373 
12468 9340 12483 4376 
12475 9343 12488 4378 
12482 9346 12494 4379 
12484 9347 12498 4381 
12486 9351 12505 4385 
12493 9356 12516 4386 
12502 9361 12523 4389 
12505 9368 12527 4391 
12509 9371 12533 4392 
12515 9377 12540 4394 
12520 9383 12542 4396 
12527 9388 12546 4399 
12531 9392 12553 4401 
12543 9396 12556 4403 
12547 9402 12563 4404 
12549 9406 12568 4406 
12555 9411 12573 4408 
12561 9416 12579 4413 
12566 9422 12587 4419 
12574 9426 12590 4421 
12581 9428 12594 4421 
12584 9436 12600 4422 
12591 9442 12606 4424 
12599 9445 12610 4426 
12606 9449 12618 4433 
12612 9454 12624 4433 
12614 9459 12631 4433 
12616 9460 12637 4437 
12623 9465 12641 4439 
12629 9468 12645 4441 
12636 9473 12652 4443 
12640 9479 12658 4448 
12647 9489 12668 4451 
12650 9496 12672 4453 
12655 9502 12681 4454 
12658 9505 12687 4458 
12662 9510 12688 4458 
12665 9513 12693 4459 
12674 9518 12702 4461 
12681 9520 12708 4465 
12686 9524 12712 4467 
12692 9530 12721 4469 
12697 9538 12725 4472 
12702 9541 12731 4473 
12706 9543 12740 4475 
12718 9549 12745 4476 
12721 9551 12750 4479 
12728 9553 12752 4483 
12734 9559 12759 4483 
12736 9563 12764 4484 
12746 9566 12770 4486 
12752 9570 12773 4486 
12760 9572 12778 4488 
12761 9576 12783 4488 
12764 9577 12790 4491 
12767 9584 12793 4492 
12774 9587 12801 4493 
12776 9589 12805 4495 
12781 9591 12810 4495 
12786 9594 12821 4498 
12790 9596 12828 4500 
12794 9600 12833 4503 
12798 9605 12836 4503 
12803 9608 12840 4503 
12805 9614 12850 4504 
12808 9618 12857 4506 
12815 9625 12861 4510 
12820 9626 12863 4512 
12825 9633 12869 4516 
12827 9641 12873 4518 
12830 9646 12876 4520 
12838 9649 12878 4522 
12844 9654 12886 4525 
12852 9656 12890 4530 
12856 9659 12892 4530 
12864 9665 12896 4538 
12865 9668 12905 4541 
12870 9676 12911 4544 
12875 9677 12919 4544 
12880 9678 12923 4546 
12884 9685 12929 4548 
12888 9686 12935 4550 
12897 9688 12939 4552 
12899 9690 12946 4552 
12901 9694 12951 4554 
12910 9699 12957 4555 
12914 9703 12967 4558 
12918 9708 12977 4560 
12922 9711 12982 4564 
12927 9721 12990 4565 
12932 9725 12996 4568 
12938 9733 13000 4571 
12943 9739 13007 4572 
12952 9744 13010 4576 
12959 9748 13019 4584 
12969 9750 13025 4586 
12973 9756 13031 4587 
12976 9760 13040 4593 
12981 9767 13047 4597 
12985 9773 13048 4597 
12992 9775 13058 4598 
12999 9778 13064 4600 
13002 9783 13069 4602 
13005 9789 13073 4606 
13008 9790 13075 4607 
13012 9791 13078 4610 
13016 9796 13083 4613 
13020 9803 13092 4617 
13027 9807 13096 4621 
13036 9814 13101 4621 
13039 9816 13108 4624 
13044 9818 13122 4628 
13050 9820 13129 4629 
13056 9824 13135 4635 
13063 9831 13141 4638 
13067 9839 13147 4643 
13069 9842 13153 4647 
13073 9842 13159 4648 
13081 9844 13163 4649 
13088 9846 13168 4650 
13095 9847 13175 4652 
13100 9853 13182 4656 
13105 9856 13187 4658 
13111 9861 13194 4661 
13115 9867 13206 4665 
13122 9869 13216 4666 
13131 9874 13221 4667 
13140 9875 13227 4668 
13145 9878 13235 4672 
13147 9884 13241 4675 
13151 9891 13245 4678 
13156 9892 13248 4678 
13164 9899 13254 4679 
13169 9903 13260 4679 
13175 9905 13266 4682 
13181 9911 13271 4684 
13187 9915 13273 4688 
13196 9919 13280 4688 
13202 9921 13287 4689 
13206 9924 13290 4691 
13209 9929 13298 4692 
13214 9935 13306 4692 
13222 9942 13314 4693 
13227 9942 13318 4693 
13231 9949 13321 4696 
13237 9952 13332 4697 
13240 9958 13334 4700 
13245 9960 13336 4705 
13253 9964 13343 4707 
13257 9967 13350 4709 
13261 9974 13354 4710 
13268 9979 13360 4712 
13273 9981 13370 4714 
13277 9988 13372 4716 
13280 9995 13376 4718 
13282 9999 13384 4719 
13288 10001 13388 4722 
13291 10008 13393 4727 
13299 10009 13401 4729 
13308 10015 13407 4731 
13314 10021 13411 4731 
13318 10023 13414 4734 
13324 10029 13423 4736 
13329 10033 13428 4737 
13334 10036 13434 4737 
13337 10039 13440 4740 
13341 10042 13447 4740 
13346 10047 13453 4742 
13350 10051 13461 4744 
13357 10053 13468 4747 
13359 10058 13477 4749 
13365 10065 13487 4751 
13369 10070 13493 4755 
13371 10072 13500 4759 
13378 10075 13504 4761 
13382 10076 13507 4763 
13385 10080 13510 4765 
13390 10088 13516 4767 
13399 10094 13520 4768 
13406 10098 13524 4772 
13413 10104 13531 4773 
13415 10108 13545 4775 
13423 10112 13547 4777 
13427 10116 13550 4778 
13432 10121 13555 4779 
13439 10124 13562 4781 
13446 10126 13569 4783 
13453 10131 13573 4786 
13458 10139 13579 4788 
13463 10144 13586 4789 
13467 10147 13590 4790 
13472 10154 13597 4792 
13481 10157 13602 4794 
13487 10159 13611 4798 
13494 10162 13616 4801 
13500 10172 13619 4803 
13510 10177 13624 4805 
13521 10184 13630 4809 
13524 10189 13640 4812 
13529 10192 13644 4816 
13536 10195 13654 4817 
13539 10201 13660 4817 
13540 10203 13664 4818 
13544 10206 13668 4821 
13555 10210 13670 4824 
13558 10218 13672 4826 
13563 10224 13679 4828 
13567 10228 13686 4828 
13571 10231 13691 4830 
13578 10238 13694 4831 
13581 10243 13700 4831 
13585 10246 13703 4834 
13594 10252 13710 4834 
13601 10257 13715 4837 
13609 10260 13722 4841 
13614 10264 13727 4841 
13619 10267 13730 4843 
13625 10272 13737 4844 
13631 10276 13744 4846 
13634 10279 13754 4847 
13644 10283 13764 4848 
13650 10287 13769 4850 
13655 10292 13776 4852 
13661 10296 13785 4856 
13665 10297 13794 4859 
13674 10301 13801 4860 
13681 10310 13806 4862 
13685 10317 13812 4864 
13687 10320 13820 4867 
13695 10324 13827 4868 
13700 10325 13833 4870 
13707 10327 13836 4872 
13710 10334 13839 4874 
13724 10336 13843 4874 
13735 10340 13851 4875 
13740 10346 13859 4875 
13746 10349 13865 4877 
13753 10351 13870 4882 
13762 10357 13875 4885 
13768 10361 13882 4887 
13774 10367 13886 4888 
13783 10372 13888 4891 
13793 10377 13895 4894 
13803 10386 13896 4896 
13810 10390 13900 4896 
13814 10394 13907 4900 
13814 10401 13911 4903 
13819 10405 13920 4905 
13820 10409 13923 4905 
13825 10414 13934 4907 
13829 10417 13940 4910 
13834 10421 13944 4911 
13840 10426 13949 4916 
13844 10431 13962 4918 
13847 10433 13968 4918 
13853 10435 13978 4920 
13857 10439 13985 4922 
13860 10443 13992 4924 
13869 10450 14002 4928 
13874 10454 14008 4931 
13878 10455 14012 4932 
13881 10458 14022 4934 
13887 10461 14034 4936 
13895 10462 14039 4937 
13905 10468 14045 4939 
13911 10475 14052 4941 
13914 10476 14057 4942 
13918 10485 14068 4943 
13922 10492 14074 4943 
13929 10496 14083 4945 
13934 10501 14092 4947 
13938 10505 14098 4949 
13942 10509 14104 4950 
13949 10511 14111 4951 
13956 10518 14116 4954 
13961 10523 14124 4957 
13967 10526 14130 4958 
13972 10529 14137 4962 
13979 10532 14146 4962 
13985 10536 14149 4967 
13990 10539 14154 4969 
13997 10544 14157 4971 
13999 10550 14160 4975 
14007 10552 14169 4979 
14012 10555 14177 4981 
14018 10559 14181 4983 
14025 10563 14189 4983 
14032 10564 14191 4984 
14039 10567 14199 4987 
14042 10576 14206 4990 
14046 10579 14212 4993 
14056 10583 14214 4994 
14064 10588 14220 4999 
14068 10595 14224 5001 
14075 10601 14229 5005 
14081 10605 14234 5008 
14091 10609 14240 5011 
14100 10611 14245 5015 
14103 10613 14250 5019 
14109 10618 14255 5019 
14113 10624 14260 5020 
14125 10627 14267 5024 
14130 10630 14273 5030 
14137 10634 14280 5033 
14139 10637 14288 5036 
14149 10642 14295 5041 
14151 10646 14299 5044 
14158 10650 14304 5048 
14163 10651 14310 5050 
14168 10653 14317 5050 
14178 10658 14326 5052 
14183 10664 14334 5054 
14189 10670 14339 5057 
14194 10677 14341 5057 
14200 10680 14347 5058 
14210 10682 14353 5062 
14214 10690 14359 5063 
14216 10695 14365 5066 
14226 10701 14373 5070 
14235 10702 14379 5072 
14241 10711 14389 5075 
14247 10714 14391 5078 
14250 10719 14400 5078 
14254 10724 14403 5080 
14260 10728 14407 5084 
14266 10734 14410 5085 
14273 10738 14415 5086 
14277 10741 14417 5089 
14282 10745 14424 5092 
14291 10748 14431 5094 
14292 10754 14438 5097 
14303 10757 14447 5097 
14312 10758 14451 5100 
14315 10759 14454 5105 
14316 10766 14461 5105 
14321 10770 14466 5105 
14326 10774 14467 5107 
14332 10780 14468 5110 
14335 10785 14475 5112 
14342 10788 14482 5115 
14346 10794 14489 5118 
14352 10801 14495 5120 
14356 10804 14500 5121 
14364 10810 14505 5123 
14370 10819 14508 5128 
14377 10826 14512 5130 
14378 10833 14513 5133 
14383 10839 14520 5136 
14389 10843 14526 5136 
14393 10847 14531 5136 
14396 10850 14537 5137 
14402 10853 14545 5139 
14411 10862 14553 5142 
14414 10867 14562 5145 
14416 10872 14568 5145 
14421 10877 14572 5148 
14425 10882 14576 5149 
14427 10885 14581 5154 
14430 10892 14588 5156 
14438 10896 14594 5157 
14443 10903 14600 5157 
14446 10905 14609 5160 
14452 10908 14615 5161 
14459 10913 14619 5165 
14462 10917 14626 5170 
14470 10923 14629 5170 
14474 10928 14637 5173 
14479 10930 14640 5173 
14485 10935 14650 5177 
14491 10939 14657 5179 
14497 10940 14661 5182 
14502 10947 14670 5186 
14508 10952 14674 5189 
14512 10956 14681 5192 
14518 10961 14686 5196 
14524 10966 14691 5196 
14527 10969 14700 5197 
14531 10975 14706 5198 
14541 10980 14712 5201 
14545 10984 14716 5201 
14550 10988 14721 5205 
14557 10993 14731 5207 
14566 10998 14735 5207 
14576 11004 14740 5209 
14584 11007 14747 5213 
14589 11010 14754 5214 
14594 11021 14757 5217 
14599 11026 14760 5221 
14603 11028 14769 5224 
14611 11031 14775 5226 
14617 11035 14780 5228 
14621 11044 14782 5231 
14625 11046 14787 5234 
14630 11050 14794 5237 
14635 11055 14804 5240 
14637 11062 14809 5241 
14641 11067 14813 5245 
14642 11074 14820 5247 
14648 11085 14826 5248 
14653 11090 14830 5250 
14661 11094 14840 5252 
14668 11099 14847 5255 
14671 11102 14855 5260 
14676 11104 14863 5262 
14680 11114 14866 5265 
14687 11115 14869 5267 
14690 11122 14878 5272 
14696 11126 14885 5272 
14701 11130 14890 5273 
14706 11136 14892 5276 
14711 11141 14896 5278 
14717 11143 14901 5280 
14719 11146 14906 5283 
14723 11150 14914 5283 
14730 11156 14922 5284 
14736 11158 14928 5286 
14745 11163 14932 5286 
14748 11167 14938 5289 
14752 11169 14950 5291 
14763 11177 14957 5293 
14774 11180 14961 5296 
14779 11184 14963 5299 
14783 11189 14972 5302 
14788 11193 14979 5306 
14794 11199 14984 5307 
14799 11202 14989 5308 
14805 11207 14992 5311 
14812 11212 15001 5315 
14822 11218 15007 5319 
14828 11222 15017 5319 
14835 11230 15023 5321 
14842 11239 15027 5323 
14847 11245 15031 5326 
14851 11251 15037 5329 
14855 11260 15038 5333 
14859 11262 15043 5334 
14864 11266 15055 5337 
14871 11274 15061 5339 
14874 11277 15068 5342 
14879 11284 15072 5343 
14889 11287 15075 5346 
14894 11292 15080 5348 
14897 11297 15087 5349 
14904 11300 15093 5353 
14909 11305 15100 5355 
14913 11308 15104 5355 
14920 11312 15107 5357 
14924 11317 15109 5362 
14928 11323 15123 5363 
14935 11326 15126 5367 
14940 11329 15130 5368 
14945 11332 15135 5370 
14948 11340 15137 5372 
14951 11344 15144 5375 
14954 11346 15152 5377 
14960 11353 15160 5381 
14962 11356 15163 5382 
14968 11362 15167 5386 
14971 11366 15175 5389 
14978 11367 15184 5394 
14986 11374 15189 5396 
14993 11377 15194 5399 
14995 11380 15202 5402 
15007 11385 15206 5402 
15014 11390 15211 5410 
15020 11397 15219 5414 
15025 11401 15228 5415 
15032 11406 15235 5415 
15038 11413 15242 5420 
15043 11417 15248 5420 
15046 11419 15255 5422 
15053 11426 15260 5424 
15062 11431 15269 5428 
15067 11435 15275 5430 
15072 11438 15279 5431 
15079 11441 15284 5433 
15082 11444 15293 5437 
15087 11447 15304 5439 
15094 11458 15312 5441 
15098 11461 15315 5441 
15103 11468 15321 5444 
15110 11470 15324 5446 
15115 11473 15330 5448 
15119 11476 15333 5450 
15124 11482 15341 5451 
15126 11487 15344 5451 
15129 11492 15349 5454 
15135 11495 15355 5458 
15139 11500 15363 5460 
15141 11507 15371 5462 
15147 11511 15379 5462 
15151 11519 15386 5469 
15157 11522 15390 5470 
15164 11527 15398 5472 
15173 11533 15400 5473 
15182 11537 15403 5475 
15186 11539 15406 5476 
15190 11541 15411 5477 
15194 11549 15419 5480 
15195 11550 15429 5482 
15197 11556 15434 5486 
15201 11558 15443 5491 
15208 11560 15450 5491 
15214 11562 15456 5493 
15216 11567 15464 5494 
15220 11571 15472 5498 
15224 11581 15474 5499 
15224 11589 15479 5499 
15228 11592 15487 5503 
15241 11594 15490 5504 
15248 11599 15496 5508 
15252 11601 15497 5509 
15256 11602 15502 5512 
15265 11607 15505 5514 
15274 11612 15510 5517 
15279 11615 15515 5518 
15282 11621 15523 5519 
15289 11625 15528 5520 
15291 11629 15533 5521 
15294 11632 15538 5523 
15302 11634 15545 5523 
15309 11636 15551 5525 
15313 11642 15558 5527 
15317 11648 15565 5528 
15322 11655 15570 5530 
15326 11656 15573 5531 
15331 11660 15579 5535 
15334 11665 15581 5537 
15342 11668 15587 5538 
15345 11671 15596 5540 
15351 11681 15600 5542 
15353 11684 15607 5543 
15362 11687 15611 5545 
15365 11691 15619 5546 
15368 11696 15623 5548 
15374 11699 15627 5551 
15378 11706 15630 5554 
15382 11708 15639 5556 
15389 11710 15643 5556 
15395 11717 15651 5558 
15400 11725 15654 5558 
15405 11733 15658 5563 
15407 11735 15666 5565 
15414 11738 15670 5566 
15420 11740 15677 5569 
15429 11748 15684 5573 
15438 11752 15690 5576 
15446 11755 15697 5576 
15451 11762 15701 5579 
15454 11764 15709 5580 
15462 11766 15714 5584 
15465 11770 15720 5588 
15469 11774 15729 5591 
15475 11781 15733 5593 
15480 11789 15739 5596 
15485 11795 15744 5599 
15487 11800 15749 5600 
15492 11804 15753 5604 
15496 11807 15761 5607 
15498 11815 15770 5610 
15504 11823 15773 5612 
15514 11831 15778 5614 
15521 11836 15782 5617 
15530 11839 15790 5618 
15532 11843 15799 5618 
15535 11845 15805 5622 
15541 11848 15812 5623 
15545 11854 15817 5623 
15550 11860 15822 5626 
15555 11865 15829 5630 
15561 11865 15834 5631 
15567 11868 15837 5635 
15573 11871 15838 5635 
15577 11878 15844 5636 
15583 11883 15854 5639 
15588 11885 15862 5643 
15595 11888 15867 5647 
15600 11893 15876 5649 
15606 11901 15882 5650 
15612 11905 15885 5652 
15619 11910 15890 5654 
15623 11912 15898 5656 
15631 11918 15903 5658 
15636 11922 15906 5662 
15642 11923 15911 5663 
15647 11931 15918 5665 
15649 11935 15922 5669 
15653 11945 15928 5671 
15655 11950 15934 5674 
15659 11957 15947 5676 
15666 11963 15954 5682 
15670 11967 15959 5686 
15677 11970 15963 5692 
15681 11976 15970 5694 
15682 11979 15981 5695 
15685 11981 15991 5696 
15692 11984 15994 5699 
15695 11986 15998 5702 
15704 11995 16003 5704 
15708 12001 16010 5706 
15716 12009 16015 5710 
15726 12014 16019 5710 
15731 12018 16029 5710 
15736 12022 16037 5714 
15739 12029 16041 5716 
15742 12029 16046 5719 
15749 12032 16053 5720 
15756 12034 16058 5720 
15764 12040 16064 5721 
15767 12047 16075 5721 
15770 12052 16083 5724 
15778 12056 16092 5725 
15786 12058 16097 5729 
15791 12060 16101 5730 
15797 12063 16108 5731 
15803 12066 16113 5733 
15811 12070 16119 5736 
15815 12073 16124 5736 
15825 12079 16128 5739 
15834 12081 16138 5741 
15843 12087 16151 5743 
15849 12094 16156 5746 
15856 12099 16167 5746 
15860 12102 16179 5748 
15861 12108 16182 5752 
15867 12110 16192 5754 
15875 12115 16193 5755 
15882 12118 16194 5756 
15890 12125 16197 5759 
15893 12131 16208 5760 
15897 12132 16213 5764 
15902 12136 16220 5767 
15907 12141 16222 5770 
15910 12146 16228 5771 
15916 12152 16234 5775 
15924 12152 16240 5781 
15929 12157 16248 5781 
15943 12164 16258 5782 
15951 12171 16263 5785 
15957 12174 16273 5788 
15960 12179 16282 5788 
15965 12184 16291 5790 
15972 12191 16299 5790 
15976 12200 16305 5790 
15987 12207 16312 5795 
15995 12211 16316 5796 
16000 12213 16322 5796 
16005 12217 16327 5797 
16010 12219 16332 5800 
16016 12224 16340 5803 
16022 12227 16347 5808 
16028 12233 16349 5812 
16032 12236 16354 5812 
16032 12237 16363 5813 
16037 12243 16369 5818 
16044 12246 16374 5821 
16052 12249 16383 5824 
16056 12253 16388 5825 
16065 12256 16396 5830 
16074 12259 16404 5830 
16077 12267 16409 5832 
16080 12271 16417 5834 
16087 12277 16427 5834 
16096 12283 16432 5836 
16099 12289 16440 5840 
16105 12298 16442 5843 
16108 12300 16452 5847 
16112 12309 16455 5852 
16115 12313 16463 5853 
16122 12321 16468 5856 
16128 12324 16472 5859 
16132 12327 16477 5862 
16139 12333 16485 5866 
16146 12337 16493 5870 
16151 12340 16499 5870 
16157 12343 16504 5872 
16167 12348 16510 5873 
16173 12351 16522 5875 
16181 12361 16531 5877 
16185 12365 16538 5878 
16187 12369 16542 5879 
16195 12376 16550 5882 
16200 12382 16560 5885 
16208 12387 16572 5886 
16210 12391 16576 5890 
16219 12396 16582 5894 
16224 12403 16589 5898 
16226 12405 16592 5899 
16232 12410 16593 5901 
16242 12415 16596 5904 
16245 12424 16605 5907 
16247 12426 16612 5910 
16251 12431 16619 5911 
16257 12433 16627 5913 
16261 12438 16638 5915 
16267 12441 16642 5915 
16271 12444 16646 5917 
16277 12450 16651 5917 
16284 12457 16658 5923 
16289 12460 16664 5925 
16290 12465 16671 5926 
16294 12470 16681 5928 
16299 12474 16688 5929 
16304 12476 16697 5931 
16314 12480 16701 5933 
16321 12485 16703 5934 
16327 12488 16709 5935 
16333 12491 16715 5936 
16337 12493 16724 5937 
16342 12495 16728 5938 
16345 12500 16734 5941 
16351 12507 16739 5942 
16356 12514 16746 5944 
16358 12518 16753 5947 
16362 12523 16760 5950 
16366 12532 16767 5952 
16372 12538 16780 5952 
16376 12544 16787 5954 
16379 12547 16792 5955 
16385 12554 16794 5955 
16391 12557 16801 5957 
16392 12563 16806 5958 
16395 12569 16813 5960 
16404 12574 16816 5962 
16411 12580 16820 5964 
16423 12584 16824 5965 
16432 12592 16833 5966 
16438 12593 16838 5968 
16440 12596 16849 5969 
16443 12605 16855 5969 
16448 12612 16862 5975 
16457 12614 16873 5976 
16461 12625 16877 5978 
16469 12627 16881 5979 
16477 12635 16886 5979 
16480 12639 16895 5983 
16484 12641 16898 5987 
16489 12644 16907 5987 
16492 12649 16917 5991 
16499 12653 16924 5993 
16508 12659 16932 5995 
16511 12661 16942 5997 
16517 12668 16950 6001 
16521 12677 16955 6005 
16525 12683 16958 6009 
16528 12687 16963 6011 
16532 12692 16966 6013 
16542 12697 16974 6016 
16555 12703 16983 6017 
16559 12707 16987 6020 
16562 12713 16994 6021 
16573 12717 17000 6022 
16576 12724 17002 6025 
16581 12727 17007 6027 
16587 12736 17013 6029 
16591 12740 17016 6030 
16602 12747 17022 6031 
16608 12749 17029 6034 
16613 12751 17036 6038 
16620 12755 17044 6041 
16625 12757 17055 6041 
16627 12762 17061 6042 
16638 12766 17069 6043 
16642 12770 17074 6044 
16650 12778 17081 6047 
16656 12785 17086 6052 
16665 12789 17091 6056 
16669 12792 17097 6059 
16675 12796 17105 6060 
16683 12802 17113 6061 
16684 12807 17117 6061 
16689 12809 17124 6063 
16693 12811 17132 6065 
16702 12818 17139 6067 
16708 12821 17142 6067 
16717 12828 17151 6068 
16720 12834 17157 6068 
16724 12841 17164 6069 
16728 12841 17178 6069 
16735 12851 17189 6070 
16743 12854 17195 6071 
16748 12862 17200 6073 
16755 12866 17206 6075 
16760 12870 17215 6077 
16765 12876 17219 6080 
16767 12879 17221 6085 
16773 12881 17226 6091 
16777 12890 17232 6092 
16789 12893 17239 6093 
16796 12902 17242 6095 
16803 12904 17249 6095 
16813 12908 17255 6098 
16818 12910 17261 6099 
16827 12913 17268 6101 
16833 12921 17272 6103 
16841 12925 17275 6105 
16847 12927 17281 6111 
16850 12930 17287 6112 
16860 12932 17293 6113 
16864 12936 17300 6115 
16867 12943 17305 6119 
16873 12944 17315 6121 
16876 12947 17320 6123 
16882 12953 17324 6126 
16892 12959 17331 6126 
16896 12962 17331 6129 
16902 12969 17342 6129 
16904 12976 17349 6130 
16907 12983 17354 6131 
16911 12989 17365 6133 
16914 12995 17368 6139 
16924 12995 17371 6141 
16932 13000 17378 6141 
16939 13004 17390 6143 
16948 13007 17394 6145 
16953 13010 17399 6148 
16956 13014 17403 6149 
16960 13017 17406 6152 
16964 13020 17411 6154 
16968 13027 17419 6155 
16972 13031 17424 6156 
16978 13035 17429 6158 
16981 13039 17436 6161 
16990 13046 17446 6163 
16997 13056 17450 6165 
17005 13061 17453 6170 
17009 13066 17462 6172 
17014 13073 17466 6174 
17019 13080 17468 6177 
17026 13086 17475 6179 
17034 13088 17480 6182 
17045 13092 17490 6186 
17049 13096 17495 6187 
17053 13100 17505 6188 
17058 13102 17513 6189 
17064 13105 17521 6191 
17072 13108 17527 6193 
17077 13116 17534 6194 
17083 13123 17536 6195 
17089 13130 17541 6196 
17095 13138 17547 6197 
17097 13140 17551 6198 
17103 13153 17557 6198 
17108 13157 17565 6200 
17110 13168 17577 6202 
17115 13172 17581 6206 
17118 13181 17590 6208 
17125 13184 17595 6211 
17128 13190 17598 6214 
17134 13194 17602 6215 
17141 13198 17606 6218 
17148 13202 17613 6219 
17153 13208 17617 6226 
17157 13212 17619 6230 
17158 13215 17625 6232 
17162 13220 17630 6237 
17163 13224 17639 6237 
17166 13228 17646 6241 
17174 13233 17650 6243 
17183 13237 17661 6244 
17186 13244 17666 6246 
17194 13249 17671 6247 
17202 13253 17680 6247 
17208 13256 17688 6250 
17214 13258 17693 6254 
17218 13262 17701 6255 
17223 13266 17706 6258 
17230 13274 17710 6260 
17237 13280 17713 6264 
17240 13283 17719 6268 
17250 13289 17728 6270 
17259 13294 17734 6272 
17264 13297 17739 6273 
17274 13300 17742 6276 
17278 13303 17748 6276 
17284 13306 17758 6280 
17290 13310 17761 6283 
17296 13315 17762 6285 
17303 13317 17767 6286 
17312 13322 17774 6288 
17319 13324 17782 6289 
17320 13330 17787 6290 
17324 13337 17793 6293 
17333 13345 17796 6294 
17339 13351 17799 6295 
17344 13356 17802 6298 
17347 13359 17811 6301 
17355 13363 17820 6303 
17359 13369 17825 6305 
17365 13371 17831 6308 
17374 13376 17837 6312 
17386 13380 17842 6313 
17394 13385 17848 6315 
17399 13392 17856 6316 
17409 13395 17862 6320 
17410 13399 17865 6322 
17418 13403 17868 6325 
17424 13413 17876 6327 
17426 13417 17879 6328 
17433 13420 17886 6328 
17438 13424 17894 6331 
17444 13430 17903 6334 
17447 13438 17911 6334 
17451 13445 17919 6338 
17459 13452 17923 6339 
17459 13453 17927 6341 
17465 13458 17937 6343 
17469 13464 17943 6346 
17474 13471 17943 6350 
17479 13475 17950 6353 
17487 13481 17951 6355 
17499 13486 17961 6360 
17504 13494 17965 6361 
17509 13498 17970 6365 
17511 13502 17981 6365 
17516 13505 17988 6370 
17525 13511 17994 6373 
17531 13513 18003 6375 
17536 13514 18006 6377 
17540 13521 18015 6379 
17548 13526 18020 6380 
17556 13532 18021 6381 
17563 13538 18030 6382 
17571 13540 18034 6384 
17575 13546 18038 6387 
17580 13548 18044 6392 
17584 13557 18046 6393 
17587 13562 18051 6395 
17590 13569 18061 6400 
17597 13571 18066 6402 
17605 13574 18072 6405 
17606 13575 18078 6406 
17615 13578 18084 6407 
17621 13581 18092 6411 
17626 13586 18098 6412 
17630 13591 18104 6414 
17637 13596 18110 6416 
17644 13599 18112 6417 
17649 13605 18122 6419 
17652 13612 18132 6421 
17657 13614 18139 6423 
17664 13619 18145 6425 
17670 13624 18153 6427 
17677 13630 18158 6427 
17680 13636 18171 6428 
17689 13644 18174 6430 
17692 13651 18180 6432 
17700 13654 18190 6436 
17704 13657 18195 6438 
17712 13660 18202 6441 
17718 13664 18208 6445 
17726 13666 18214 6448 
17735 13674 18222 6449 
17746 13678 18227 6449 
17748 13684 18233 6452 
17753 13686 18238 6455 
17760 13694 18243 6457 
17770 13700 18252 6461 
17774 13710 18258 6463 
17778 13714 18261 6466 
17781 13719 18270 6468 
17783 13725 18276 6472 
17792 13726 18287 6473 
17795 13731 18292 6475 
17805 13734 18299 6476 
17811 13739 18303 6479 
17816 13740 18311 6480 
17818 13747 18319 6485 
17820 13755 18327 6489 
17829 13761 18330 6495 
17835 13761 18334 6496 
17843 13763 18343 6500 
17850 13767 18351 6501 
17855 13772 18357 6501 
17858 13775 18360 6505 
17865 13779 18365 6506 
17872 13781 18371 6508 
17878 13785 18377 6510 
17881 13791 18380 6512 
17884 13798 18384 6514 
17887 13804 18388 6516 
17892 13807 18396 6519 
17896 13813 18410 6520 
17898 13818 18418 6523 
17903 13821 18425 6524 
17909 13825 18428 6527 
17912 13833 18435 6529 
17917 13836 18439 6533 
17921 13838 18444 6536 
17926 13845 18451 6541 
17931 13852 18458 6544 
17934 13855 18466 6544 
17942 13860 18468 6549 
17944 13867 18476 6551 
17949 13869 18483 6553 
17954 13874 18491 6557 
17961 13880 18492 6560 
17963 13885 18499 6561 
17967 13891 18505 6561 
17970 13900 18507 6561 
17973 13903 18514 6562 
17977 13906 18516 6564 
17988 13907 18526 6566 
17992 13910 18534 6568 
17994 13912 18537 6568 
18000 13914 18545 6570 
18005 13914 18552 6571 
18009 13920 18562 6573 
18012 13924 18567 6576 
18015 13928 18573 6580 
18021 13933 18577 6580 
18023 13939 18584 6583 
18030 13943 18590 6584 
18035 13950 18595 6585 
18041 13953 18602 6588 
18047 13955 18604 6591 
18052 13956 18608 6592 
18061 13962 18614 6596 
18069 13965 18620 6599 
18076 13968 18629 6601 
18083 13977 18634 6604 
18087 13979 18639 6606 
18094 13987 18644 6609 
18100 13990 18647 6612 
18110 13995 18654 6615 
18112 13997 18665 6620 
18119 14002 18677 6623 
18123 14006 18688 6624 
18131 14009 18694 6627 
18136 14013 18701 6628 
18140 14015 18702 6631 
18149 14019 18707 6637 
18157 14028 18713 6640 
18160 14036 18720 6643 
18165 14039 18727 6645 
18169 14044 18733 6646 
18172 14055 18736 6650 
18180 14058 18741 6650 
18185 14063 18747 6650 
18193 14069 18751 6655 
18196 14072 18756 6656 
18200 14074 18760 6659 
18206 14078 18771 6662 
18210 14084 18773 6667 
18216 14092 18777 6669 
18221 14097 18781 6671 
18226 14102 18793 6673 
18233 14103 18801 6675 
18235 14110 18807 6676 
18243 14113 18813 6677 
18247 14113 18816 6681 
18255 14116 18821 6681 
18262 14123 18829 6683 
18268 14133 18839 6684 
18273 14138 18844 6684 
18276 14141 18846 6688 
18279 14145 18851 6691 
18287 14148 18856 6696 
18292 14154 18859 6699 
18297 14157 18863 6704 
18299 14161 18868 6704 
18303 14166 18871 6705 
18314 14171 18879 6709 
18319 14175 18886 6712 
18327 14178 18895 6713 
18334 14182 18899 6716 
18344 14187 18906 6718 
18349 14192 18914 6719 
18356 14195 18924 6722 
18366 14200 18928 6723 
18370 14203 18932 6725 
18371 14209 18938 6729 
18376 14217 18941 6731 
18377 14220 18947 6734 
18382 14222 18959 6735 
18388 14229 18963 6737 
18394 14235 18969 6743 
18397 14238 18976 6744 
18405 14241 18984 6747 
18416 14246 18988 6751 
18421 14250 18989 6755 
18434 14255 18995 6761 
18445 14256 19000 6763 
18448 14261 19006 6766 
18455 14264 19011 6772 
18461 14270 19022 6773 
18471 14274 19032 6776 
18478 14279 19035 6777 
18482 14284 19044 6779 
18484 14290 19049 6780 
18485 14296 19056 6782 
18492 14302 19063 6784 
18497 14306 19070 6784 
18502 14309 19076 6789 
18508 14312 19080 6789 
18515 14317 19083 6789 
18520 14324 19093 6789 
18529 14328 19096 6790 
18534 14330 19101 6790 
18538 14333 19103 6791 
18548 14338 19108 6793 
18554 14345 19111 6795 
18556 14349 19115 6796 
18563 14352 19121 6797 
18567 14357 19129 6801 
18576 14360 19138 6803 
18579 14367 19149 6804 
18591 14369 19154 6804 
18595 14373 19157 6806 
18602 14376 19164 6809 
18608 14381 19167 6810 
18618 14385 19177 6816 
18624 14388 19181 6818 
18634 14396 19189 6820 
18640 14402 19194 6823 
18643 14409 19204 6823 
18650 14414 19211 6824 
18661 14420 19213 6827 
18668 14423 19217 6828 
18673 14427 19223 6828 
18677 14430 19230 6829 
18683 14437 19233 6833 
18692 14443 19236 6835 
18694 14449 19242 6836 
18696 14454 19247 6837 
18701 14461 19247 6840 
18709 14465 19253 6842 
18713 14470 19257 6844 
18716 14474 19260 6848 
18725 14477 19265 6851 
18728 14480 19275 6853 
18735 14483 19281 6855 
18744 14485 19293 6856 
18749 14488 19298 6857 
18755 14492 19310 6858 
18761 14497 19319 6859 
18768 14501 19325 6860 
18776 14501 19331 6865 
18780 14508 19335 6866 
18786 14512 19339 6870 
18793 14518 19347 6872 
18801 14522 19353 6873 
18804 14527 19357 6874 
18807 14529 19361 6875 
18810 14540 19367 6875 
18816 14545 19376 6878 
18823 14552 19383 6882 
18827 14561 19388 6884 
18831 14565 19392 6887 
18837 14568 19395 6889 
18840 14570 19403 6894 
18845 14574 19410 6895 
18849 14579 19415 6897 
18853 14582 19424 6899 
18860 14587 19429 6901 
18865 14590 19431 6906 
18870 14598 19435 6908 
18878 14601 19443 6911 
18882 14605 19453 6912 
18887 14608 19459 6914 
18890 14613 19469 6917 
18896 14614 19472 6920 
18904 14616 19477 6920 
18908 14623 19489 6923 
18912 14633 19495 6926 
18920 14637 19502 6928 
18927 14640 19510 6928 
18933 14643 19518 6932 
18936 14649 19522 6933 
18942 14653 19529 6935 
18945 14662 19533 6937 
18947 14665 19537 6940 
18952 14668 19542 6942 
18957 14674 19549 6944 
18964 14679 19554 6945 
18970 14683 19564 6949 
18973 14686 19571 6951 
18980 14691 19579 6951 
18990 14693 19583 6955 
18996 14698 19584 6958 
19003 14701 19591 6960 
19006 14702 19597 6964 
19011 14705 19609 6964 
19019 14713 19612 6966 
19023 14716 19623 6969 
19026 14722 19630 6973 
19039 14727 19632 6975 
19049 14731 19639 6976 
19055 14733 19647 6976 
19058 14737 19651 6976 
19064 14746 19659 6979 
19071 14748 19663 6981 
19076 14749 19674 6982 
19081 14752 19677 6986 
19090 14763 19683 6987 
19093 14767 19692 6988 
19098 14769 19698 6988 
19103 14772 19704 6988 
19109 14773 19709 6990 
19113 14778 19714 6995 
19119 14786 19726 6999 
19123 14789 19729 6999 
19128 14793 19734 7002 
19139 14800 19744 7004 
19152 14802 19746 7004 
19158 14809 19749 7008 
19161 14815 19756 7010 
19169 14820 19767 7012 
19175 14826 19778 7014 
19179 14831 19784 7019 
19185 14834 19791 7023 
19188 14839 19802 7024 
19194 14843 19813 7026 
19199 14848 19815 7030 
19205 14859 19822 7033 
19209 14868 19829 7037 
19213 14874 19836 7039 
19219 14880 19840 7039 
19230 14884 19844 7042 
19236 14888 19848 7047 
19242 14893 19858 7050 
19247 14898 19867 7055 
19254 14906 19872 7056 
19260 14908 19878 7060 
19268 14909 19886 7062 
19276 14909 19892 7062 
19282 14916 19900 7062 
19285 14918 19909 7064 
19288 14921 19912 7068 
19292 14922 19915 7071 
19299 14926 19919 7074 
19304 14930 19924 7074 
19312 14934 19931 7074 
19319 14938 19936 7077 
19325 14945 19942 7079 
19331 14946 19949 7079 
19334 14949 19955 7081 
19339 14954 19962 7085 
19350 14956 19973 7092 
19355 14957 19980 7095 
19361 14963 19983 7095 
19365 14966 19990 7096 
19371 14968 19995 7097 
19381 14971 19997 7104 
19385 14979 20002 7109 
19393 14985 20009 7112 
19400 14991 20017 7113 
19403 14996 20022 7114 
19406 14997 20033 7117 
19413 15003 20040 7118 
19419 15007 20043 7120 
19425 15011 20049 7121 
19431 15014 20056 7124 
19436 15021 20066 7126 
19442 15025 20071 7128 
19447 15029 20078 7130 
19452 15034 20084 7132 
19459 15039 20090 7133 
19468 15046 20097 7133 
19474 15049 20106 7135 
19481 15053 20115 7136 
19490 15060 20119 7140 
19494 15064 20127 7141 
19503 15069 20131 7142 
19507 15072 20135 7143 
19512 15077 20141 7145 
19519 15079 20154 7146 
19523 15081 20157 7148 
19529 15083 20163 7150 
19534 15088 20171 7154 
19538 15090 20175 7156 
19544 15094 20183 7157 
19551 15098 20189 7159 
19554 15102 20198 7160 
19558 15107 20203 7161 
19563 15109 20210 7164 
19568 15110 20220 7165 
19570 15112 20227 7166 
19576 15120 20235 7168 
19579 15125 20239 7169 
19583 15129 20245 7171 
19591 15133 20250 7173 
19597 15137 20252 7173 
19605 15140 20256 7175 
19611 15142 20261 7175 
19615 15145 20268 7178 
19620 15153 20281 7184 
19627 15158 20284 7185 
19633 15164 20293 7188 
19642 15167 20301 7191 
19648 15172 20308 7193 
19653 15175 20317 7193 
19658 15180 20323 7195 
19666 15188 20327 7197 
19673 15196 20330 7199 
19677 15203 20339 7203 
19686 15207 20348 7205 
19691 15212 20353 7209 
19696 15218 20354 7212 
19699 15226 20360 7212 
19707 15232 20362 7213 
19713 15237 20367 7213 
19724 15239 20372 7215 
19728 15247 20375 7218 
19734 15248 20380 7223 
19739 15251 20385 7223 
19745 15253 20393 7224 
19753 15257 20402 7228 
19761 15262 20412 7228 
19768 15264 20416 7230 
19772 15274 20426 7231 
19777 15278 20431 7231 
19782 15283 20435 7232 
19791 15285 20442 7234 
19794 15295 20448 7239 
19799 15298 20455 7242 
19803 15309 20462 7244 
19810 15314 20468 7246 
19823 15322 20473 7247 
19830 15331 20479 7253 
19835 15336 20482 7256 
19842 15342 20487 7257 
19845 15344 20492 7259 
19852 15346 20502 7262 
19857 15349 20506 7262 
19862 15354 20514 7266 
19870 15357 20519 7270 
19880 15365 20524 7272 
19885 15370 20530 7273 
19889 15374 20539 7276 
19896 15376 20542 7279 
19902 15381 20548 7282 
19906 15389 20553 7284 
19911 15393 20564 7287 
19920 15395 20572 7289 
19927 15398 20579 7294 
19930 15407 20587 7297 
19934 15411 20594 7298 
19938 15417 20601 7300 
19942 15423 20605 7304 
19949 15429 20611 7305 
19952 15433 20616 7308 
19961 15439 20621 7314 
19970 15440 20627 7320 
19981 15446 20634 7321 
19985 15449 20640 7325 
19991 15454 20647 7330 
19994 15457 20652 7333 
20001 15464 20660 7337 
20005 15468 20664 7338 
20006 15474 20674 7341 
20013 15478 20683 7343 
20018 15482 20692 7345 
20025 15487 20697 7345 
20034 15490 20700 7349 
20038 15493 20702 7352 
20041 15497 20710 7358 
20048 15504 20715 7361 
20059 15506 20725 7362 
20065 15510 20730 7364 
20072 15515 20736 7367 
20078 15521 20746 7367 
20082 15528 20754 7369 
20087 15535 20761 7369 
20094 15541 20765 7373 
20098 15545 20771 7373 
20104 15551 20779 7374 
20112 15557 20783 7377 
20120 15563 20789 7378 
20126 15569 20794 7378 
20132 15576 20805 7380 
20136 15581 20807 7383 
20139 15588 20813 7384 
20147 15592 20821 7388 
20152 15597 20823 7390 
20157 15604 20826 7392 
20162 15613 20833 7396 
20168 15618 20836 7399 
20175 15626 20845 7401 
20183 15630 20852 7403 
20191 15638 20855 7407 
20200 15641 20859 7408 
20206 15648 20864 7409 
20209 15653 20871 7411 
20216 15657 20874 7411 
20223 15660 20886 7415 
20232 15662 20894 7417 
20237 15666 20901 7421 
20241 15673 20909 7422 
20244 15676 20915 7429 
20248 15682 20925 7432 
20255 15688 20930 7434 
20261 15690 20937 7435 
20271 15695 20942 7435 
20281 15697 20951 7437 
20289 15701 20957 7442 
20297 15708 20963 7443 
20305 15712 20966 7445 
20307 15716 20970 7448 
20311 15721 20977 7449 
20312 15725 20980 7451 
20319 15728 20985 7454 
20326 15733 20990 7456 
20335 15739 20996 7459 
20346 15743 21002 7461 
20352 15748 21008 7463 
20358 15753 21011 7464 
20360 15757 21018 7465 
20368 15768 21022 7466 
20370 15772 21029 7471 
20375 15774 21037 7476 
20384 15780 21043 7477 
20391 15787 21051 7481 
20394 15791 21056 7487 
20399 15796 21062 7489 
20406 15797 21071 7491 
20412 15798 21079 7493 
20418 15800 21086 7497 
20422 15804 21091 7500 
20430 15807 21105 7504 
20438 15810 21107 7504 
20447 15817 21113 7506 
20451 15824 21121 7508 
20453 15835 21128 7510 
20456 15841 21136 7512 
20460 15847 21142 7516 
20471 15854 21149 7517 
20478 15859 21155 7520 
20483 15865 21162 7521 
20483 15870 21167 7523 
20486 15874 21172 7523 
20493 15879 21178 7525 
20504 15883 21188 7528 
20510 15891 21193 7534 
20515 15897 21200 7538 
20520 15900 21210 7546 
20523 15906 21214 7552 
20527 15912 21221 7554 
20534 15919 21228 7556 
20539 15928 21236 7561 
20546 15934 21245 7561 
20554 15945 21252 7564 
20560 15948 21260 7565 
20569 15952 21267 7567 
20575 15962 21273 7570 
20578 15968 21281 7576 
20588 15972 21285 7576 
20591 15978 21292 7577 
20599 15989 21299 7578 
20607 15992 21305 7581 
20609 15996 21311 7581 
20613 15999 21318 7583 
20618 16004 21324 7589 
20628 16007 21327 7592 
20634 16011 21333 7595 
20640 16015 21342 7598 
20645 16024 21348 7600 
20656 16027 21355 7603 
20662 16029 21360 7605 
20669 16033 21363 7605 
20675 16037 21372 7607 
20680 16040 21378 7610 
20685 16048 21386 7612 
20691 16053 21393 7613 
20699 16056 21400 7613 
20701 16059 21409 7616 
20702 16064 21419 7617 
20706 16070 21430 7618 
20711 16075 21439 7619 
20717 16084 21446 7620 
20722 16089 21450 7622 
20731 16094 21453 7624 
20740 16096 21459 7627 
20745 16101 21463 7630 
20752 16113 21470 7631 
20756 16115 21484 7631 
20766 16118 21490 7632 
20776 16126 21497 7635 
20781 16135 21501 7639 
20790 16137 21508 7641 
20796 16139 21514 7645 
20803 16148 21523 7648 
20807 16153 21534 7650 
20815 16156 21541 7650 
20825 16160 21548 7653 
20832 16161 21553 7655 
20839 16167 21559 7658 
20846 16176 21566 7663 
20854 16182 21573 7664 
20859 16188 21579 7669 
20866 16194 21587 7672 
20875 16197 21590 7673 
20881 16200 21600 7676 
20883 16208 21607 7679 
20891 16214 21613 7680 
20897 16218 21618 7683 
20900 16223 21625 7687 
20905 16228 21633 7688 
20911 16232 21640 7694 
20917 16239 21649 7700 
20922 16243 21654 7702 
20926 16244 21660 7704 
20930 16252 21663 7708 
20940 16259 21668 7710 
20947 16261 21672 7712 
20957 16271 21681 7715 
20965 16273 21687 7718 
20974 16277 21697 7724 
20978 16283 21708 7725 
20984 16285 21714 7727 
20990 16292 21721 7728 
20997 16296 21726 7733 
21003 16300 21734 7734 
21011 16304 21738 7734 
21019 16307 21744 7736 
21028 16309 21748 7738 
21032 16313 21754 7741 
21039 16318 21760 7743 
21044 16323 21767 7746 
21052 16326 21779 7746 
21054 16327 21786 7749 
21056 16331 21789 7751 
21064 16335 21798 7753 
21070 16341 21805 7756 
21076 16346 21814 7759 
21083 16354 21826 7762 
21087 16358 21830 7768 
21091 16362 21833 7770 
21096 16367 21840 7771 
21108 16375 21845 7774 
21115 16377 21854 7776 
21119 16379 21858 7778 
21125 16384 21862 7780 
21131 16391 21869 7782 
21135 16391 21873 7783 
21145 16398 21875 7784 
21149 16401 21880 7787 
21152 16406 21885 7790 
21155 16412 21892 7792 
21163 16415 21899 7793 
21169 16420 21904 7798 
21176 16425 21910 7801 
21181 16430 21917 7804 
21188 16436 21923 7806 
21198 16438 21930 7809 
21200 16445 21938 7813 
21209 16448 21942 7815 
21216 16458 21945 7816 
21221 16458 21950 7817 
21224 16462 21963 7820 
21227 16466 21966 7821 
21232 16473 21968 7821 
21234 16478 21975 7822 
21242 16483 21981 7822 
21248 16491 21985 7827 
21254 16499 21993 7830 
21264 16506 21998 7831 
21271 16510 22004 7835 
21275 16513 22006 7838 
21280 16520 22010 7841 
21283 16522 22017 7846 
21288 16526 22020 7846 
21293 16531 22030 7848 
21296 16536 22033 7852 
21302 16539 22042 7854 
21306 16547 22046 7855 
21312 16552 22053 7856 
21315 16562 22060 7858 
21318 16563 22067 7858 
21321 16568 22070 7858 
21330 16572 22074 7859 
21338 16579 22078 7865 
21341 16585 22086 7866 
21351 16590 22093 7871 
21353 16595 22101 7873 
21360 16600 22107 7878 
21366 16604 22113 7879 
21370 16609 22119 7880 
21374 16613 22123 7882 
21381 16619 22129 7886 
21385 16622 22133 7889 
21393 16628 22144 7891 
21398 16628 22151 7894 
21401 16636 22155 7896 
21407 16641 22163 7898 
21411 16645 22169 7904 
21420 16646 22177 7908 
21426 16650 22182 7910 
21434 16653 22191 7912 
21441 16656 22196 7914 
21448 16663 22200 7916 
21452 16673 22204 7919 
21456 16678 22209 7923 
21464 16680 22214 7926 
21469 16683 22224 7926 
21471 16687 22228 7927 
21484 16690 22237 7928 
21493 16696 22248 7930 
21502 16702 22259 7932 
21507 16706 22263 7933 
21518 16710 22267 7933 
21521 16714 22276 7936 
21532 16719 22283 7940 
21541 16723 22291 7946 
21549 16729 22297 7947 
21555 16732 22304 7947 
21561 16735 22314 7948 
21568 16738 22317 7950 
21575 16742 22322 7951 
21578 16750 22326 7954 
21587 16753 22332 7958 
21591 16756 22338 7960 
21598 16759 22344 7960 
21602 16765 22355 7960 
21608 16770 22362 7962 
21615 16776 22371 7965 
21621 16781 22377 7969 
21626 16783 22382 7972 
21631 16787 22390 7973 
21638 16792 22394 7974 
21647 16799 22399 7977 
21650 16804 22406 7980 
21652 16806 22413 7983 
21658 16810 22423 7983 
21668 16815 22431 7985 
21674 16819 22442 7986 
21678 16825 22447 7988 
21682 16830 22454 7989 
21689 16834 22460 7994 
21695 16841 22466 7997 
21699 16844 22473 7997 
21705 16852 22482 8001 
21710 16859 22485 8002 
21720 16863 22493 8006 
21723 16869 22499 8007 
21726 16877 22506 8010 
21732 16884 22508 8014 
21737 16890 22513 8015 
21740 16896 22520 8015 
21746 16900 22527 8023 
21750 16903 22534 8024 
21759 16915 22548 8029 
21767 16923 22555 8030 
21775 16927 22561 8033 
21782 16933 22569 8038 
21788 16941 22576 8039 
21792 16945 22583 8039 
21798 16949 22589 8041 
21805 16955 22599 8045 
21813 16961 22603 8050 
21820 16967 22612 8054 
21826 16974 22621 8057 
21830 16978 22627 8058 
21836 16981 22636 8059 
21841 16982 22646 8061 
21848 16988 22650 8065 
21856 16994 22652 8068 
21866 16998 22657 8070 
21872 17006 22659 8072 
21878 17011 22665 8074 
21887 17018 22673 8078 
21891 17020 22682 8081 
21893 17028 22688 8083 
21898 17035 22693 8084 
21900 17041 22701 8085 
21908 17047 22709 8086 
21913 17055 22714 8088 
21917 17061 22720 8089 
21924 17066 22725 8090 
21929 17070 22735 8093 
21934 17077 22743 8093 
21939 17084 22748 8093 
21946 17090 22748 8100 
21955 17096 22757 8102 
21969 17102 22763 8104 
21980 17102 22770 8107 
21980 17110 22778 8111 
21987 17113 22783 8114 
21991 17118 22789 8118 
21997 17125 22797 8119 
22009 17134 22808 8121 
22015 17136 22816 8123 
22026 17138 22826 8124 
22031 17141 22830 8127 
22036 17143 22841 8128 
22041 17147 22850 8129 
22047 17154 22859 8129 
22051 17154 22866 8131 
22057 17159 22877 8132 
22060 17166 22882 8136 
22067 17173 22888 8138 
