0 0 0 0 
6 4 6 2 
15 8 7 4 
21 12 8 5 
26 14 11 8 
31 18 17 8 
32 20 24 8 
38 25 30 11 
43 28 32 11 
45 32 37 14 
50 35 40 15 
54 38 48 19 
56 40 51 19 
60 47 54 20 
72 50 57 20 
75 54 62 21 
82 57 69 23 
88 59 71 24 
91 62 75 26 
98 64 82 28 
103 67 91 31 
110 71 95 33 
114 75 99 33 
121 77 102 38 
126 81 104 42 
132 85 110 42 
139 87 116 44 
146 90 119 46 
154 95 124 48 
159 99 128 49 
160 100 128 52 
163 102 131 53 
166 105 136 57 
171 108 142 60 
177 111 148 64 
184 121 154 65 
188 123 157 66 
192 129 159 66 
199 132 163 67 
208 137 168 69 
213 139 171 72 
221 144 175 73 
225 150 178 76 
228 152 180 78 
229 154 186 81 
235 161 190 81 
244 164 198 82 
248 168 201 84 
255 171 208 84 
260 173 212 89 
268 176 215 92 
273 183 220 92 
279 188 224 93 
284 193 230 98 
288 197 233 99 
292 197 237 103 
300 201 240 106 
307 202 243 109 
314 206 249 113 
318 213 254 117 
323 215 260 121 
329 217 263 121 
333 217 268 125 
342 219 276 127 
351 222 279 128 
353 223 290 129 
359 225 297 130 
364 229 303 133 
367 230 306 133 
372 232 310 134 
377 235 314 137 
380 241 317 140 
384 247 326 140 
388 253 329 140 
391 256 334 142 
398 261 337 142 
405 266 341 145 
410 269 345 147 
413 271 348 149 
418 276 352 150 
421 280 356 153 
423 284 360 153 
430 289 364 158 
433 293 368 160 
434 299 371 161 
438 302 376 162 
446 305 380 165 
451 309 383 167 
453 310 391 168 
457 312 394 168 
464 313 401 171 
471 315 405 171 
477 319 408 173 
480 319 410 174 
486 321 412 174 
490 324 416 177 
495 330 423 179 
501 335 429 183 
503 337 432 183 
510 339 438 186 
515 345 446 189 
521 354 454 193 
526 357 457 197 
532 362 461 197 
539 369 463 198 
543 375 465 201 
547 378 470 202 
552 382 470 203 
557 388 477 204 
562 395 488 206 
569 396 496 207 
572 398 499 208 
582 399 500 210 
585 404 503 214 
593 411 515 214 
597 412 523 214 
604 417 528 217 
609 423 532 217 
613 424 535 217 
618 428 539 222 
621 428 547 224 
625 431 552 225 
630 433 554 228 
637 437 559 230 
642 445 566 233 
647 450 572 235 
654 452 580 240 
657 455 588 241 
662 455 597 241 
669 458 603 241 
678 460 609 242 
684 462 615 246 
690 466 619 246 
701 470 622 249 
705 474 628 250 
711 478 634 250 
714 482 639 250 
717 487 643 252 
719 490 647 255 
727 495 652 258 
735 501 662 260 
740 507 667 263 
748 513 673 263 
751 513 676 265 
756 519 678 266 
763 523 685 266 
767 527 686 270 
772 533 689 275 
775 537 695 281 
778 540 702 282 
782 542 710 284 
786 544 715 287 
791 548 717 287 
797 552 720 289 
806 558 723 289 
812 563 731 292 
815 565 736 293 
821 567 742 295 
826 575 749 300 
834 578 751 301 
840 583 756 302 
845 585 763 304 
850 587 768 306 
853 592 773 309 
861 596 779 309 
866 601 783 312 
874 602 787 314 
881 606 792 316 
887 613 797 319 
894 618 799 320 
900 626 803 320 
906 630 808 322 
912 636 811 323 
917 639 814 324 
920 647 818 326 
925 650 825 331 
928 652 832 333 
931 655 838 335 
934 660 844 337 
941 663 850 340 
946 667 854 343 
953 671 861 347 
956 678 869 348 
963 680 876 349 
968 687 880 350 
974 693 886 352 
981 698 890 353 
985 703 901 353 
990 706 906 356 
992 710 915 357 
995 716 922 358 
1000 719 928 365 
1006 722 937 367 
1011 725 946 369 
1017 727 952 371 
1027 734 954 371 
1033 740 962 371 
1040 745 963 371 
1046 749 965 373 
1049 754 965 376 
1061 757 971 377 
1064 760 977 378 
1071 766 982 378 
1080 772 985 378 
1086 780 990 380 
1091 781 996 382 
1096 785 1000 383 
1104 789 1010 384 
1110 791 1013 385 
1114 796 1018 387 
1121 802 1024 391 
1125 808 1034 394 
1130 812 1036 399 
1133 815 1041 402 
1138 817 1044 405 
1146 823 1046 407 
1153 826 1053 410 
1155 828 1059 411 
1160 837 1062 413 
1163 840 1067 414 
1170 844 1071 415 
1173 849 1078 416 
1175 856 1088 417 
1178 857 1093 420 
1182 861 1102 421 
1185 865 1107 422 
1189 872 1117 423 
1194 875 1124 423 
1200 877 1128 424 
1202 877 1130 425 
1210 880 1131 428 
1217 882 1135 429 
1223 886 1139 429 
1229 891 1139 429 
1233 893 1145 430 
1242 895 1150 430 
1245 900 1158 432 
1252 907 1163 434 
1253 911 1167 435 
1261 914 1171 435 
1269 915 1178 440 
1274 919 1184 440 
1281 922 1187 442 
1286 923 1195 443 
1290 928 1201 444 
1299 935 1209 446 
1304 939 1216 447 
1306 943 1222 448 
1311 948 1225 452 
1318 952 1229 454 
1322 957 1232 456 
1327 965 1238 460 
1329 968 1244 465 
1335 973 1250 466 
1340 980 1256 468 
1349 983 1258 469 
1357 985 1266 471 
1363 991 1270 472 
1367 995 1277 472 
1373 1002 1282 472 
1377 1004 1287 474 
1381 1014 1291 475 
1386 1018 1298 476 
1393 1021 1306 477 
1400 1023 1307 478 
1408 1027 1312 483 
1413 1029 1316 484 
1419 1031 1322 488 
1429 1037 1325 488 
1432 1041 1327 490 
1437 1043 1333 491 
1441 1046 1337 491 
1453 1048 1344 492 
1456 1049 1349 492 
1459 1054 1354 492 
1462 1058 1363 493 
1468 1058 1369 494 
1472 1062 1378 496 
1474 1067 1382 498 
1479 1075 1389 500 
1485 1079 1391 502 
1487 1081 1400 502 
1495 1086 1403 505 
1502 1086 1405 509 
1511 1091 1408 511 
1518 1094 1411 515 
1525 1097 1416 518 
1534 1100 1423 519 
1538 1105 1426 521 
1545 1114 1431 523 
1550 1123 1438 523 
1554 1126 1445 523 
1558 1127 1449 523 
1566 1131 1455 523 
1571 1134 1463 525 
1581 1136 1469 528 
1592 1142 1473 530 
1599 1147 1477 534 
1605 1151 1483 537 
1609 1153 1485 537 
1618 1154 1492 539 
1627 1160 1499 542 
1633 1162 1504 545 
1633 1167 1505 547 
1637 1170 1510 549 
1640 1172 1516 551 
1646 1176 1523 553 
1653 1177 1527 557 
1657 1181 1530 558 
1664 1185 1538 560 
1667 1190 1546 564 
1673 1194 1550 568 
1677 1197 1557 570 
1686 1198 1563 572 
1690 1201 1569 575 
1696 1203 1576 580 
1701 1206 1584 582 
1705 1214 1587 583 
1710 1217 1587 585 
1712 1219 1592 586 
1715 1224 1596 589 
1720 1229 1606 592 
1724 1232 1608 592 
1729 1236 1614 595 
1735 1240 1621 597 
1741 1247 1627 599 
1747 1252 1639 604 
1751 1254 1644 607 
1758 1258 1651 608 
1763 1260 1657 609 
1769 1261 1665 612 
1771 1264 1671 613 
1778 1265 1677 616 
1783 1268 1682 616 
1786 1272 1689 620 
1789 1275 1690 621 
1794 1276 1695 621 
1797 1285 1704 624 
1805 1293 1710 627 
1812 1300 1715 628 
1818 1305 1720 631 
1823 1305 1722 632 
1831 1309 1728 634 
1839 1311 1734 635 
1847 1313 1742 637 
1853 1316 1746 638 
1863 1320 1751 639 
1869 1321 1759 644 
1871 1324 1766 645 
1877 1327 1772 646 
1881 1329 1777 647 
1883 1331 1784 649 
1889 1336 1790 653 
1893 1341 1792 656 
1897 1349 1793 657 
1899 1353 1799 659 
1903 1357 1806 660 
1908 1361 1806 660 
1910 1363 1815 661 
1913 1371 1822 662 
1919 1375 1830 664 
1926 1381 1837 667 
1930 1383 1842 671 
1941 1387 1847 673 
1944 1389 1855 677 
1948 1391 1866 678 
1961 1392 1872 682 
1964 1396 1879 684 
1970 1398 1882 684 
1972 1401 1890 686 
1979 1409 1893 686 
1984 1415 1899 689 
1988 1417 1905 692 
1990 1422 1910 694 
2003 1429 1918 695 
2009 1434 1930 695 
2016 1437 1938 697 
2022 1442 1945 699 
2026 1445 1952 701 
2031 1448 1958 702 
2036 1451 1966 702 
2041 1454 1972 705 
2044 1460 1978 706 
2052 1464 1983 708 
2057 1468 1988 710 
2065 1471 1994 712 
2066 1477 2002 713 
2072 1481 2010 715 
2077 1484 2015 717 
2083 1489 2018 718 
2087 1491 2023 720 
2091 1496 2033 722 
2095 1501 2039 725 
2097 1509 2042 727 
2100 1513 2049 728 
2101 1515 2051 730 
2113 1516 2057 731 
2120 1522 2062 734 
2124 1528 2070 737 
2127 1534 2077 738 
2131 1535 2079 741 
2138 1537 2086 743 
2144 1542 2094 743 
2150 1549 2103 746 
2155 1552 2109 750 
2163 1557 2114 751 
2168 1560 2119 752 
2170 1565 2125 754 
2176 1568 2130 755 
2184 1572 2133 756 
2189 1576 2139 759 
2194 1580 2144 760 
2199 1583 2149 763 
2203 1586 2153 763 
2205 1589 2157 764 
2210 1591 2166 765 
2216 1592 2170 766 
2224 1596 2173 767 
2226 1599 2179 769 
2230 1604 2183 770 
2235 1605 2185 772 
2241 1608 2190 774 
2247 1611 2197 774 
2255 1614 2204 775 
2259 1621 2209 778 
2262 1622 2210 780 
2264 1630 2214 780 
2266 1632 2218 781 
2274 1635 2223 782 
2278 1639 2229 787 
2280 1643 2233 789 
2289 1649 2239 789 
2289 1651 2243 793 
2294 1653 2247 794 
2297 1656 2251 796 
2301 1660 2254 798 
2304 1667 2260 800 
2307 1670 2262 802 
2311 1674 2264 803 
2318 1678 2271 804 
2325 1680 2274 806 
2329 1690 2277 806 
2333 1696 2281 808 
2341 1698 2288 809 
2345 1701 2294 811 
2350 1703 2297 814 
2356 1706 2302 815 
2362 1713 2306 816 
2373 1717 2307 817 
2377 1724 2315 820 
2382 1730 2321 820 
2388 1734 2328 820 
2391 1738 2332 821 
2396 1745 2335 823 
2404 1748 2341 826 
2409 1749 2349 828 
2415 1752 2355 830 
2421 1754 2358 832 
2427 1761 2367 835 
2429 1769 2369 838 
2433 1772 2374 839 
2440 1779 2378 841 
2445 1780 2384 843 
2451 1785 2385 844 
2459 1785 2391 845 
2465 1788 2397 846 
2473 1789 2402 849 
2481 1789 2407 851 
2481 1791 2411 853 
2487 1796 2420 854 
2491 1796 2424 856 
2495 1800 2426 859 
2502 1806 2431 860 
2508 1811 2435 862 
2516 1816 2437 865 
2520 1817 2443 866 
2526 1820 2451 869 
2532 1822 2456 871 
2535 1828 2461 871 
2540 1829 2470 872 
2545 1832 2477 874 
2547 1834 2479 877 
2553 1839 2482 878 
2558 1841 2488 878 
2564 1842 2490 879 
2570 1846 2499 880 
2575 1850 2513 881 
2579 1853 2518 883 
2584 1854 2523 884 
2594 1859 2530 886 
2606 1863 2538 888 
2614 1868 2544 889 
2619 1870 2553 891 
2622 1872 2558 894 
2630 1877 2563 894 
2635 1884 2567 897 
2639 1888 2570 898 
2643 1893 2576 901 
2646 1901 2580 902 
2650 1904 2586 905 
2656 1906 2591 905 
2660 1907 2599 907 
2662 1910 2603 908 
2667 1913 2608 909 
2670 1919 2615 910 
2673 1923 2620 912 
2677 1927 2624 913 
2684 1931 2633 916 
2689 1934 2640 919 
2693 1942 2649 919 
2699 1944 2654 920 
2699 1951 2657 924 
2706 1956 2662 925 
2714 1960 2668 928 
2719 1963 2671 931 
2722 1967 2674 931 
2726 1971 2679 931 
2732 1976 2683 935 
2741 1981 2685 936 
2747 1983 2691 937 
2750 1986 2693 939 
2756 1993 2696 940 
2763 1994 2703 945 
2767 1998 2705 946 
2774 2000 2710 948 
2779 2003 2716 949 
2783 2006 2723 950 
2788 2011 2727 950 
2789 2017 2733 954 
2798 2021 2736 954 
2809 2026 2742 955 
2816 2031 2751 956 
2820 2035 2754 958 
2827 2039 2762 960 
2832 2043 2771 963 
2837 2048 2775 963 
2844 2048 2786 964 
2851 2053 2793 965 
2855 2055 2797 969 
2865 2059 2803 972 
2873 2062 2809 975 
2879 2067 2813 976 
2880 2069 2815 977 
2885 2071 2817 978 
2886 2075 2821 979 
2893 2080 2828 981 
2897 2082 2833 983 
2902 2087 2838 985 
2906 2088 2843 986 
2912 2092 2843 989 
2917 2095 2846 991 
2924 2097 2852 991 
2929 2099 2856 995 
2931 2103 2861 996 
2940 2110 2867 998 
2943 2111 2871 1000 
2949 2117 2879 1000 
2957 2120 2883 1000 
2959 2121 2884 1000 
2964 2124 2892 1000 
2969 2129 2897 1003 
2975 2133 2897 1007 
2979 2137 2901 1008 
2983 2141 2904 1011 
2988 2146 2906 1013 
3000 2148 2907 1014 
3004 2149 2910 1018 
3011 2152 2918 1021 
3016 2158 2920 1022 
3023 2161 2925 1023 
3028 2166 2927 1024 
3034 2173 2930 1026 
3040 2178 2933 1028 
3046 2184 2937 1031 
3051 2187 2943 1035 
3060 2189 2946 1039 
3071 2192 2952 1043 
3077 2195 2956 1045 
3080 2197 2961 1045 
3083 2201 2970 1045 
3088 2203 2979 1046 
3091 2209 2986 1046 
3097 2210 2994 1049 
3101 2213 3006 1051 
3107 2218 3014 1053 
3112 2221 3014 1053 
3116 2224 3018 1055 
3127 2230 3024 1057 
3134 2237 3030 1058 
3139 2238 3035 1059 
3143 2240 3040 1060 
3151 2242 3048 1060 
3159 2247 3054 1062 
3162 2252 3064 1064 
3163 2260 3069 1065 
3173 2264 3073 1068 
3180 2273 3076 1071 
3183 2274 3079 1072 
3188 2279 3084 1076 
3194 2281 3087 1079 
3197 2283 3094 1080 
3205 2286 3101 1080 
3210 2287 3105 1085 
3217 2292 3114 1085 
3224 2293 3115 1087 
3230 2298 3119 1090 
3239 2301 3123 1092 
3243 2301 3131 1094 
3249 2305 3138 1095 
3258 2312 3146 1095 
3261 2319 3152 1099 
3264 2320 3157 1099 
3270 2324 3161 1102 
3273 2328 3165 1103 
3276 2331 3171 1105 
3283 2332 3179 1106 
3288 2333 3184 1108 
3293 2336 3193 1110 
3299 2340 3200 1110 
3303 2344 3202 1111 
3308 2348 3211 1113 
3318 2351 3212 1116 
3323 2356 3214 1118 
3332 2358 3218 1119 
3336 2363 3225 1120 
3341 2367 3227 1121 
3345 2368 3235 1123 
3350 2370 3242 1125 
3352 2371 3246 1126 
3358 2373 3250 1126 
3363 2380 3257 1127 
3368 2387 3260 1129 
3373 2389 3266 1131 
3378 2391 3271 1133 
3384 2399 3276 1134 
3391 2403 3279 1134 
3398 2403 3287 1136 
3404 2408 3294 1138 
3410 2415 3298 1140 
3416 2417 3306 1141 
3418 2421 3311 1142 
3424 2425 3311 1146 
3427 2431 3313 1147 
3433 2432 3316 1150 
3439 2436 3325 1152 
3446 2439 3331 1154 
3450 2443 3341 1155 
3460 2444 3346 1156 
3465 2445 3350 1157 
3474 2452 3356 1157 
3483 2457 3360 1160 
3490 2460 3365 1161 
3497 2461 3368 1163 
3501 2467 3372 1165 
3502 2470 3382 1167 
3510 2471 3388 1168 
3516 2476 3393 1170 
3522 2478 3398 1171 
3527 2482 3400 1171 
3530 2486 3404 1175 
3533 2489 3407 1176 
3536 2492 3409 1176 
3539 2496 3413 1178 
3546 2499 3415 1180 
3551 2501 3418 1182 
3555 2507 3422 1184 
3559 2510 3424 1185 
3567 2513 3427 1187 
3571 2518 3433 1188 
3576 2521 3437 1191 
3582 2526 3442 1193 
3588 2528 3446 1194 
3596 2532 3451 1196 
3607 2535 3454 1201 
3619 2539 3463 1204 
3623 2545 3466 1206 
3627 2549 3469 1208 
3634 2553 3477 1212 
3636 2555 3484 1213 
3645 2561 3486 1214 
3652 2567 3492 1214 
3655 2571 3497 1214 
3662 2574 3503 1215 
3666 2576 3510 1215 
3670 2581 3517 1216 
3679 2584 3524 1216 
3687 2588 3530 1218 
3695 2590 3535 1222 
3704 2595 3538 1223 
3708 2598 3543 1227 
3710 2600 3548 1228 
3717 2603 3553 1229 
3724 2608 3556 1235 
3730 2611 3565 1235 
3733 2617 3571 1236 
3736 2619 3577 1237 
3745 2625 3584 1238 
3749 2630 3584 1241 
3756 2633 3588 1243 
3757 2639 3594 1245 
3761 2641 3604 1247 
3766 2646 3606 1249 
3768 2651 3609 1250 
3772 2655 3612 1250 
3779 2661 3616 1251 
3782 2663 3622 1253 
3787 2664 3627 1256 
3796 2668 3633 1257 
3797 2673 3636 1258 
3805 2675 3644 1259 
3808 2682 3655 1261 
3814 2687 3663 1261 
3820 2694 3668 1262 
3829 2700 3673 1266 
3832 2703 3677 1269 
3837 2705 3680 1271 
3842 2710 3687 1275 
3851 2715 3693 1276 
3856 2715 3697 1278 
3858 2718 3701 1279 
3868 2727 3708 1281 
3875 2733 3714 1282 
3880 2739 3721 1283 
3884 2741 3723 1285 
3888 2746 3726 1292 
3892 2748 3729 1295 
3896 2751 3735 1300 
3901 2756 3742 1302 
3902 2757 3745 1302 
3908 2761 3749 1304 
3917 2765 3752 1305 
3920 2772 3756 1305 
3929 2777 3761 1307 
3936 2783 3766 1308 
3942 2785 3776 1308 
3945 2791 3780 1308 
3951 2796 3787 1313 
3956 2798 3795 1313 
3961 2803 3799 1314 
3962 2805 3802 1317 
3970 2810 3808 1318 
3975 2812 3814 1319 
3980 2813 3818 1322 
3985 2819 3824 1324 
3989 2824 3828 1325 
3992 2825 3834 1325 
4001 2828 3838 1326 
4006 2832 3841 1330 
4013 2836 3848 1332 
4019 2837 3851 1333 
4025 2840 3856 1338 
4033 2843 3861 1338 
4036 2846 3866 1339 
4045 2851 3873 1339 
4049 2854 3879 1339 
4056 2856 3887 1340 
4066 2860 3893 1343 
4067 2864 3896 1346 
4071 2868 3897 1348 
4077 2872 3901 1349 
4082 2877 3906 1353 
4089 2883 3909 1354 
4090 2888 3914 1354 
4096 2893 3921 1355 
4103 2897 3925 1355 
4109 2901 3931 1358 
4117 2904 3931 1361 
4122 2909 3936 1361 
4127 2913 3941 1366 
4129 2917 3945 1368 
4132 2921 3950 1369 
4135 2927 3955 1372 
4145 2929 3958 1377 
4149 2931 3962 1378 
4157 2935 3965 1381 
4161 2940 3971 1381 
4167 2942 3976 1383 
4171 2945 3982 1385 
4177 2951 3983 1386 
4186 2955 3985 1387 
4193 2958 3993 1387 
4199 2962 3998 1390 
4204 2964 4003 1390 
4207 2965 4012 1395 
4213 2968 4019 1399 
4216 2971 4026 1404 
4220 2974 4034 1406 
4222 2977 4039 1408 
4228 2979 4048 1409 
4234 2979 4052 1409 
4240 2982 4053 1412 
4242 2984 4059 1413 
4251 2990 4059 1413 
4257 2992 4067 1415 
4261 2996 4073 1415 
4269 2999 4080 1416 
4277 3005 4084 1417 
4280 3012 4090 1420 
4284 3016 4095 1420 
4295 3018 4103 1423 
4300 3024 4110 1424 
4305 3029 4114 1429 
4311 3031 4122 1431 
4315 3037 4125 1431 
4320 3040 4134 1433 
4325 3042 4139 1435 
4329 3043 4147 1435 
4338 3047 4154 1437 
4344 3054 4157 1441 
4349 3057 4159 1443 
4351 3060 4164 1446 
4354 3062 4173 1449 
4359 3068 4185 1452 
4365 3074 4192 1454 
4375 3079 4196 1456 
4380 3085 4200 1458 
4384 3088 4206 1460 
4389 3091 4213 1462 
4392 3095 4218 1463 
4400 3100 4220 1465 
4407 3104 4226 1466 
4411 3108 4231 1468 
4415 3113 4238 1468 
4419 3119 4244 1471 
4426 3123 4252 1473 
4435 3125 4258 1475 
4443 3126 4262 1477 
4450 3130 4271 1480 
4452 3131 4278 1483 
4458 3134 4285 1484 
4465 3138 4286 1484 
4472 3143 4290 1488 
4480 3146 4295 1489 
4484 3154 4296 1491 
4490 3156 4305 1493 
4500 3162 4311 1495 
4505 3163 4315 1496 
4509 3168 4319 1499 
4513 3175 4323 1501 
4517 3178 4327 1504 
4522 3179 4330 1507 
4529 3183 4336 1513 
4533 3190 4340 1514 
4538 3195 4344 1514 
4546 3197 4346 1516 
4549 3202 4355 1516 
4555 3208 4361 1519 
4560 3213 4369 1520 
4568 3214 4371 1522 
4573 3216 4378 1525 
4581 3218 4384 1525 
4584 3223 4390 1526 
4588 3226 4396 1526 
4590 3233 4403 1528 
4598 3235 4408 1529 
4603 3241 4412 1530 
4606 3247 4417 1532 
4608 3252 4422 1533 
4613 3255 4430 1534 
4615 3262 4444 1534 
4621 3268 4446 1536 
4625 3270 4452 1538 
4631 3276 4455 1538 
4635 3280 4460 1542 
4638 3283 4466 1544 
4638 3285 4473 1545 
4641 3287 4476 1546 
4646 3292 4484 1546 
4651 3294 4490 1548 
4658 3299 4493 1552 
4666 3305 4500 1553 
4669 3310 4504 1555 
4675 3317 4511 1563 
4681 3320 4514 1565 
4685 3325 4517 1566 
4689 3329 4528 1566 
4693 3333 4533 1567 
4701 3334 4536 1569 
4706 3335 4539 1571 
4709 3336 4549 1574 
4714 3341 4554 1576 
4720 3343 4557 1580 
4726 3347 4561 1580 
4730 3350 4566 1580 
4738 3354 4573 1581 
4742 3358 4579 1585 
4749 3360 4583 1586 
4755 3365 4591 1590 
4755 3367 4599 1590 
4764 3368 4608 1592 
4768 3371 4612 1595 
4773 3373 4619 1596 
4781 3375 4623 1598 
4789 3378 4626 1598 
4792 3382 4632 1600 
4796 3385 4639 1601 
4799 3391 4645 1603 
4807 3393 4650 1605 
4811 3398 4655 1609 
4815 3405 4658 1611 
4818 3407 4664 1613 
4821 3410 4666 1614 
4825 3418 4673 1617 
4831 3423 4678 1618 
4839 3427 4686 1619 
4847 3428 4689 1623 
4852 3435 4696 1624 
4856 3438 4699 1626 
4862 3441 4704 1627 
4866 3446 4709 1629 
4877 3450 4716 1632 
4882 3452 4720 1633 
4888 3455 4730 1635 
4894 3460 4736 1640 
4896 3465 4740 1641 
4901 3468 4747 1643 
4908 3473 4749 1646 
4912 3479 4754 1647 
4919 3481 4758 1649 
4925 3484 4763 1650 
4927 3484 4769 1651 
4931 3488 4776 1654 
4935 3496 4779 1656 
4942 3500 4782 1656 
4944 3507 4784 1657 
4950 3512 4788 1657 
4955 3515 4792 1659 
4959 3522 4796 1661 
4963 3525 4802 1662 
4965 3530 4806 1665 
4971 3532 4814 1666 
4976 3536 4819 1670 
4983 3541 4823 1672 
4988 3547 4826 1675 
4995 3550 4828 1678 
4997 3552 4832 1682 
5001 3555 4840 1682 
5007 3561 4843 1686 
5015 3563 4848 1688 
5020 3566 4854 1692 
5026 3569 4863 1694 
5031 3572 4868 1698 
5039 3577 4872 1702 
5043 3578 4879 1703 
5052 3582 4892 1707 
5059 3584 4898 1708 
5064 3589 4909 1713 
5067 3596 4917 1714 
5071 3601 4924 1714 
5075 3605 4934 1715 
5082 3607 4937 1719 
5087 3612 4943 1719 
5090 3615 4953 1721 
5095 3615 4957 1727 
5100 3626 4964 1729 
5105 3631 4969 1729 
5108 3632 4974 1730 
5113 3639 4977 1732 
5121 3643 4979 1732 
5128 3646 4986 1734 
5138 3652 4988 1737 
5144 3656 4994 1739 
5150 3660 4997 1740 
5154 3663 5006 1741 
5161 3665 5010 1742 
5172 3667 5013 1742 
5180 3668 5016 1742 
5187 3673 5025 1743 
5193 3676 5031 1744 
5201 3680 5038 1746 
5212 3683 5041 1747 
5217 3692 5046 1749 
5220 3697 5051 1751 
5227 3703 5058 1753 
5237 3708 5063 1754 
5245 3711 5073 1755 
5255 3719 5080 1757 
5260 3722 5084 1757 
5266 3726 5087 1760 
5267 3729 5090 1763 
5276 3733 5099 1766 
5283 3737 5104 1772 
5286 3738 5106 1772 
5290 3740 5110 1773 
5295 3747 5114 1776 
5297 3749 5119 1779 
5302 3754 5124 1780 
5306 3756 5130 1783 
5315 3761 5134 1786 
5321 3765 5142 1787 
5327 3771 5147 1789 
5333 3775 5155 1792 
5337 3779 5163 1794 
5343 3783 5172 1798 
5347 3790 5177 1799 
5354 3795 5182 1802 
5361 3800 5190 1802 
5368 3804 5194 1802 
5374 3807 5197 1802 
5377 3811 5200 1803 
5380 3816 5206 1806 
5383 3819 5212 1808 
5385 3823 5221 1812 
5396 3826 5227 1812 
5404 3828 5234 1814 
5411 3829 5243 1816 
5415 3833 5251 1817 
5418 3839 5255 1818 
5419 3840 5256 1820 
5424 3844 5258 1826 
5430 3848 5265 1828 
5432 3853 5272 1829 
5440 3857 5281 1832 
5447 3865 5286 1835 
5452 3876 5289 1836 
5457 3882 5294 1836 
5458 3888 5300 1837 
5463 3890 5308 1841 
5470 3894 5312 1841 
5476 3897 5316 1845 
5486 3907 5320 1846 
5496 3913 5325 1848 
5502 3916 5333 1849 
5506 3921 5339 1851 
5514 3924 5343 1854 
5519 3929 5349 1857 
5526 3933 5352 1859 
5533 3934 5362 1860 
5536 3938 5370 1862 
5545 3942 5374 1864 
5550 3946 5377 1866 
5555 3953 5381 1870 
5561 3959 5388 1873 
5568 3965 5395 1874 
5575 3968 5401 1878 
5580 3968 5403 1879 
5588 3975 5411 1881 
5595 3978 5420 1884 
5602 3984 5426 1885 
5604 3990 5433 1886 
5609 3994 5438 1891 
5613 3996 5446 1893 
5617 4001 5452 1893 
5620 4009 5455 1894 
5624 4009 5457 1897 
5625 4011 5464 1901 
5629 4016 5469 1903 
5636 4018 5475 1903 
5651 4024 5484 1903 
5654 4029 5491 1905 
5661 4035 5497 1905 
5663 4039 5499 1907 
5664 4045 5504 1912 
5666 4054 5510 1917 
5673 4056 5518 1922 
5678 4059 5522 1922 
5681 4068 5528 1924 
5691 4073 5529 1929 
5695 4075 5538 1930 
5702 4078 5545 1933 
5706 4082 5552 1936 
5713 4087 5555 1937 
5717 4091 5565 1939 
5722 4098 5574 1940 
5728 4103 5582 1943 
5733 4108 5590 1946 
5740 4112 5592 1949 
5743 4115 5594 1952 
5747 4118 5605 1953 
5751 4120 5608 1954 
5756 4124 5617 1955 
5760 4127 5620 1958 
5763 4134 5623 1958 
5768 4138 5629 1961 
5774 4144 5637 1963 
5778 4154 5643 1963 
5783 4160 5646 1964 
5786 4165 5653 1964 
5793 4167 5656 1965 
5795 4169 5664 1965 
5797 4172 5667 1968 
5803 4176 5673 1969 
5809 4177 5677 1969 
5818 4178 5683 1970 
5823 4183 5690 1972 
5824 4186 5696 1976 
5830 4189 5699 1979 
5835 4191 5706 1980 
5840 4195 5715 1984 
5844 4201 5723 1987 
5849 4207 5728 1989 
5853 4211 5731 1991 
5861 4220 5737 1991 
5862 4222 5744 1991 
5869 4226 5749 1993 
5872 4228 5752 1995 
5877 4230 5760 1997 
5886 4233 5765 1999 
5892 4236 5774 2000 
5896 4240 5778 2004 
5898 4243 5781 2004 
5903 4248 5788 2006 
5910 4253 5792 2011 
5917 4257 5798 2011 
5922 4260 5802 2013 
5927 4263 5808 2014 
5935 4266 5813 2017 
5937 4271 5825 2020 
5943 4273 5833 2021 
5952 4278 5842 2023 
5958 4284 5846 2024 
5960 4289 5852 2024 
5964 4293 5857 2027 
5968 4299 5859 2027 
5973 4305 5862 2032 
5977 4309 5866 2035 
5983 4312 5876 2037 
5990 4313 5880 2038 
5996 4313 5890 2041 
6000 4316 5903 2044 
6007 4318 5911 2046 
6012 4322 5919 2051 
6015 4327 5922 2052 
6024 4334 5925 2055 
6029 4337 5937 2058 
6034 4341 5941 2060 
6037 4347 5948 2061 
6040 4350 5952 2062 
6048 4354 5958 2064 
6055 4360 5964 2065 
6062 4361 5971 2067 
6073 4363 5973 2068 
6079 4369 5980 2072 
6087 4369 5981 2075 
6092 4371 5985 2076 
6096 4376 5991 2076 
6102 4380 5996 2076 
6111 4386 6000 2077 
6116 4391 6006 2078 
6119 4398 6010 2080 
6125 4403 6013 2080 
6130 4405 6017 2086 
6136 4409 6022 2089 
6141 4412 6029 2089 
6145 4414 6035 2091 
6154 4414 6043 2092 
6160 4420 6046 2093 
6161 4424 6048 2095 
6168 4429 6055 2098 
6173 4433 6060 2099 
6173 4438 6067 2101 
6179 4443 6070 2103 
6187 4450 6071 2104 
6195 4456 6080 2108 
6203 4460 6085 2110 
6209 4462 6088 2113 
6211 4466 6094 2117 
6218 4467 6097 2118 
6223 4470 6110 2119 
6226 4474 6112 2121 
6233 4477 6119 2122 
6239 4483 6122 2127 
6244 4490 6128 2129 
6247 4494 6133 2132 
6251 4497 6141 2136 
6257 4502 6145 2138 
6260 4507 6150 2138 
6262 4508 6151 2139 
6266 4515 6158 2140 
6278 4519 6165 2143 
6285 4521 6169 2146 
6288 4523 6173 2147 
6291 4525 6178 2149 
6299 4528 6185 2151 
6306 4534 6193 2153 
6308 4537 6197 2156 
6312 4539 6206 2158 
6316 4541 6213 2161 
6325 4542 6216 2162 
6331 4545 6222 2164 
6336 4548 6225 2164 
6344 4551 6230 2166 
6349 4560 6236 2167 
6354 4562 6242 2168 
6356 4567 6245 2169 
6361 4571 6252 2169 
6371 4572 6258 2171 
6373 4575 6261 2176 
6381 4578 6268 2178 
6389 4580 6275 2180 
6395 4584 6280 2181 
6399 4591 6291 2181 
6407 4598 6300 2184 
6413 4601 6305 2186 
6417 4605 6315 2187 
6424 4612 6320 2188 
6430 4614 6324 2191 
6434 4620 6331 2191 
6440 4621 6340 2192 
6444 4625 6346 2195 
6449 4627 6349 2195 
6455 4633 6355 2197 
6459 4637 6355 2200 
6464 4642 6359 2200 
6473 4646 6364 2200 
6476 4647 6366 2200 
6478 4649 6375 2203 
6481 4655 6380 2205 
6484 4657 6386 2208 
6491 4665 6393 2210 
6498 4667 6398 2213 
6502 4669 6409 2214 
6509 4672 6419 2216 
6513 4673 6427 2218 
6521 4680 6431 2220 
6522 4682 6438 2223 
6530 4688 6443 2224 
6536 4689 6444 2227 
6540 4691 6450 2227 
6543 4700 6457 2230 
6547 4703 6465 2230 
6552 4710 6468 2231 
6558 4714 6473 2232 
6560 4715 6476 2235 
6568 4717 6480 2237 
6577 4721 6484 2241 
6583 4726 6488 2244 
6587 4730 6490 2247 
6593 4734 6494 2249 
6596 4742 6496 2250 
6602 4746 6504 2251 
6608 4747 6509 2254 
6613 4752 6514 2255 
6620 4754 6520 2256 
6628 4756 6525 2258 
6634 4759 6533 2258 
6639 4765 6541 2262 
6644 4768 6548 2263 
6651 4771 6551 2264 
6655 4778 6563 2267 
6660 4784 6571 2268 
6665 4786 6576 2269 
6669 4788 6585 2269 
6675 4794 6586 2274 
6681 4795 6592 2276 
6685 4799 6598 2278 
6690 4803 6608 2280 
6698 4807 6612 2281 
6704 4813 6623 2284 
6707 4815 6633 2288 
6717 4816 6636 2289 
6718 4821 6644 2290 
6719 4824 6653 2294 
6722 4828 6658 2294 
6725 4830 6663 2296 
6733 4833 6671 2300 
6737 4835 6674 2302 
6743 4837 6677 2305 
6747 4839 6687 2307 
6753 4844 6690 2308 
6758 4849 6693 2308 
6759 4852 6696 2311 
6765 4855 6700 2315 
6769 4860 6706 2315 
6774 4863 6709 2316 
6779 4868 6712 2319 
6786 4870 6717 2319 
6791 4873 6724 2321 
6794 4878 6731 2323 
6799 4882 6737 2324 
6808 4885 6743 2324 
6814 4890 6750 2327 
6818 4893 6752 2331 
6823 4896 6754 2335 
6827 4900 6761 2338 
6833 4906 6763 2343 
6837 4912 6769 2346 
6847 4917 6774 2348 
6852 4921 6784 2349 
6859 4926 6790 2349 
6865 4929 6796 2351 
6878 4932 6803 2352 
6885 4939 6810 2353 
6897 4943 6815 2356 
6905 4950 6822 2360 
6907 4958 6828 2362 
6913 4961 6832 2365 
6919 4965 6836 2366 
6924 4968 6843 2371 
6931 4971 6847 2377 
6936 4978 6856 2377 
6941 4984 6863 2380 
6944 4990 6866 2382 
6948 4995 6868 2383 
6955 5003 6876 2386 
6962 5007 6880 2389 
6974 5011 6883 2392 
6983 5014 6890 2395 
6987 5016 6897 2397 
6991 5019 6905 2398 
6997 5025 6909 2401 
7004 5028 6911 2402 
7010 5031 6917 2406 
7018 5036 6926 2408 
7021 5040 6931 2408 
7024 5043 6937 2411 
7027 5048 6940 2413 
7033 5055 6945 2413 
7040 5059 6952 2414 
7047 5061 6955 2416 
7056 5064 6960 2419 
7060 5074 6968 2422 
7062 5080 6977 2426 
7068 5087 6979 2426 
7078 5094 6984 2433 
7082 5099 6991 2435 
7084 5102 6998 2437 
7088 5102 7006 2438 
7094 5109 7011 2439 
7097 5110 7014 2439 
7104 5113 7016 2442 
7109 5121 7022 2443 
7111 5123 7027 2444 
7115 5127 7033 2446 
7120 5127 7036 2449 
7125 5130 7039 2452 
7130 5134 7045 2452 
7136 5140 7054 2455 
7144 5144 7062 2456 
7150 5149 7070 2456 
7156 5155 7073 2460 
7167 5158 7081 2462 
7171 5159 7086 2467 
7175 5163 7092 2468 
7180 5167 7098 2470 
7184 5172 7106 2471 
7187 5181 7112 2473 
7195 5183 7116 2473 
7198 5187 7122 2477 
7201 5189 7130 2480 
7207 5195 7134 2481 
7212 5198 7140 2484 
7218 5203 7145 2487 
7227 5211 7151 2489 
7230 5215 7155 2492 
7237 5221 7164 2493 
7240 5226 7172 2493 
7246 5228 7173 2496 
7255 5234 7179 2497 
7261 5241 7187 2501 
7269 5244 7196 2505 
7270 5249 7203 2507 
7272 5255 7207 2510 
7274 5260 7214 2511 
7275 5263 7218 2514 
7286 5267 7223 2517 
7288 5269 7231 2518 
7295 5272 7237 2518 
7304 5278 7243 2520 
7311 5280 7250 2526 
7319 5281 7255 2526 
7322 5283 7262 2527 
7327 5286 7269 2529 
7332 5292 7273 2533 
7337 5300 7281 2535 
7345 5303 7287 2541 
7354 5305 7290 2545 
7359 5307 7296 2546 
7365 5308 7299 2547 
7368 5312 7306 2550 
7373 5318 7309 2552 
7377 5319 7314 2556 
7384 5322 7319 2556 
7391 5325 7324 2558 
7398 5327 7330 2559 
7402 5329 7339 2562 
7408 5330 7347 2565 
7416 5339 7349 2569 
7419 5341 7357 2570 
7423 5347 7365 2575 
7428 5351 7374 2578 
7434 5355 7377 2579 
7437 5360 7384 2580 
7447 5366 7390 2580 
7454 5368 7395 2581 
7461 5375 7398 2582 
7468 5383 7409 2585 
7476 5384 7412 2591 
7478 5390 7422 2592 
7482 5395 7430 2594 
7491 5398 7437 2597 
7497 5403 7438 2597 
7501 5410 7445 2601 
7505 5417 7448 2604 
7513 5421 7456 2607 
7519 5423 7457 2608 
7523 5427 7465 2612 
7530 5433 7471 2612 
7536 5434 7477 2612 
7541 5440 7482 2612 
7543 5444 7487 2615 
7546 5449 7492 2617 
7551 5454 7496 2620 
7556 5461 7501 2625 
7560 5464 7507 2626 
7566 5466 7512 2627 
7574 5470 7518 2628 
7580 5475 7524 2629 
7586 5478 7530 2633 
7595 5483 7537 2636 
7600 5484 7542 2641 
7602 5491 7545 2643 
7608 5494 7551 2645 
7615 5496 7557 2647 
7618 5499 7562 2649 
7620 5503 7569 2650 
7624 5509 7572 2651 
7626 5514 7578 2655 
7633 5520 7580 2657 
7638 5520 7583 2659 
7648 5524 7587 2660 
7658 5527 7591 2664 
7665 5532 7599 2664 
7669 5536 7602 2668 
7673 5538 7605 2671 
7675 5541 7608 2673 
7677 5545 7614 2675 
7683 5550 7615 2675 
7691 5556 7620 2677 
7694 5558 7625 2679 
7704 5563 7633 2680 
7709 5566 7637 2683 
7714 5571 7644 2683 
7721 5575 7651 2687 
7724 5576 7657 2689 
7732 5579 7665 2689 
7738 5581 7669 2693 
7743 5583 7674 2696 
7749 5588 7677 2696 
7753 5591 7681 2698 
7760 5594 7690 2699 
7766 5595 7698 2700 
7769 5599 7703 2705 
7773 5602 7708 2706 
7778 5607 7714 2709 
7783 5609 7725 2709 
7788 5613 7730 2711 
7794 5617 7735 2714 
7797 5619 7741 2717 
7805 5624 7746 2718 
7813 5629 7754 2720 
7820 5629 7760 2722 
7831 5632 7767 2724 
7837 5640 7768 2725 
7841 5646 7783 2729 
7847 5652 7788 2732 
7856 5658 7799 2734 
7865 5667 7803 2738 
7878 5671 7808 2740 
7887 5679 7812 2744 
7891 5684 7815 2750 
7899 5686 7818 2751 
7901 5694 7824 2752 
7906 5699 7834 2756 
7907 5700 7841 2758 
7912 5703 7846 2759 
7918 5708 7852 2761 
7922 5711 7860 2763 
7931 5712 7870 2763 
7935 5718 7873 2766 
7941 5720 7877 2771 
7945 5723 7885 2773 
7945 5727 7895 2777 
7949 5732 7899 2783 
7955 5737 7906 2784 
7963 5738 7914 2786 
7969 5746 7916 2788 
7973 5747 7921 2791 
7978 5749 7929 2791 
7984 5753 7943 2794 
7991 5755 7952 2795 
7994 5760 7962 2798 
7998 5763 7966 2800 
8004 5766 7974 2803 
8009 5769 7978 2803 
8013 5771 7986 2805 
8015 5773 7991 2805 
8023 5775 7998 2806 
8030 5777 8004 2808 
8032 5779 8008 2808 
8041 5783 8011 2812 
8052 5793 8015 2813 
8057 5797 8024 2814 
8062 5800 8030 2816 
8066 5804 8037 2819 
8072 5809 8042 2822 
8080 5814 8048 2824 
8087 5817 8053 2824 
8090 5821 8055 2827 
8095 5827 8058 2828 
8096 5829 8060 2828 
8097 5833 8064 2829 
8100 5837 8071 2833 
8107 5838 8075 2834 
8111 5840 8087 2838 
8115 5844 8091 2840 
8120 5847 8095 2841 
8128 5851 8100 2841 
8132 5854 8102 2844 
8136 5857 8110 2847 
8138 5861 8117 2848 
8146 5865 8122 2849 
8150 5869 8124 2849 
8154 5874 8130 2851 
8162 5882 8135 2851 
8168 5884 8141 2851 
8176 5887 8146 2851 
8180 5896 8151 2852 
8189 5902 8159 2854 
8196 5906 8164 2857 
8200 5911 8168 2860 
8204 5920 8174 2861 
8211 5928 8182 2863 
8214 5935 8186 2866 
8217 5940 8196 2866 
8222 5942 8200 2867 
8229 5947 8206 2869 
8232 5953 8211 2871 
8239 5955 8218 2872 
8247 5958 8224 2874 
8254 5965 8231 2875 
8262 5966 8236 2876 
8267 5970 8241 2878 
8271 5973 8246 2879 
8273 5974 8248 2882 
8282 5980 8254 2885 
8286 5985 8259 2887 
8295 5989 8263 2891 
8302 5992 8269 2893 
8305 5998 8276 2893 
8310 6005 8281 2898 
8319 6008 8284 2899 
8325 6010 8293 2899 
8332 6013 8301 2900 
8336 6020 8309 2901 
8338 6022 8313 2901 
8341 6026 8317 2901 
8347 6027 8323 2903 
8354 6030 8332 2904 
8361 6035 8337 2908 
8369 6041 8344 2909 
8373 6048 8355 2909 
8379 6053 8361 2911 
8388 6058 8365 2915 
8392 6060 8369 2916 
8395 6063 8374 2922 
8399 6068 8384 2922 
8403 6071 8390 2925 
8407 6076 8393 2925 
8411 6080 8398 2928 
8418 6086 8404 2930 
8424 6086 8410 2931 
8432 6087 8415 2934 
8438 6091 8419 2937 
8445 6094 8426 2939 
8452 6099 8432 2942 
8456 6111 8437 2943 
8460 6113 8446 2946 
8466 6115 8451 2946 
8472 6123 8459 2947 
8480 6127 8461 2950 
8486 6133 8474 2952 
8494 6133 8478 2954 
8500 6136 8484 2956 
8503 6138 8490 2958 
8509 6143 8493 2959 
8517 6144 8496 2960 
8520 6146 8504 2961 
8530 6149 8508 2961 
8537 6151 8514 2963 
8542 6154 8522 2966 
8547 6162 8526 2967 
8549 6171 8536 2969 
8552 6175 8543 2973 
8557 6180 8546 2974 
8566 6182 8552 2975 
8571 6185 8557 2979 
8576 6189 8562 2983 
8584 6191 8566 2983 
8592 6195 8569 2985 
8596 6201 8577 2985 
8597 6204 8585 2987 
8604 6204 8589 2987 
8607 6211 8595 2989 
8616 6216 8598 2989 
8621 6220 8604 2991 
8627 6223 8608 2994 
8630 6226 8612 2996 
8634 6227 8618 2999 
8643 6229 8627 3001 
8651 6235 8630 3007 
8655 6237 8637 3010 
8666 6240 8641 3015 
8667 6246 8646 3016 
8674 6251 8651 3020 
8676 6258 8657 3021 
8680 6261 8666 3023 
8687 6266 8675 3025 
8692 6272 8678 3026 
8693 6276 8685 3026 
8697 6281 8692 3029 
8702 6283 8695 3031 
8707 6290 8698 3031 
8711 6294 8708 3033 
8715 6299 8713 3037 
8718 6300 8718 3039 
8723 6307 8723 3040 
8728 6309 8730 3041 
8735 6313 8734 3041 
8745 6317 8736 3043 
8753 6319 8743 3046 
8756 6324 8752 3048 
8759 6325 8760 3050 
8764 6328 8767 3051 
8771 6333 8779 3052 
8775 6336 8784 3054 
8779 6342 8788 3056 
8781 6348 8794 3058 
8783 6352 8798 3061 
8786 6356 8802 3063 
8791 6359 8809 3064 
8796 6364 8813 3065 
8800 6368 8818 3069 
8803 6371 8828 3071 
8810 6375 8835 3072 
8818 6378 8839 3074 
8826 6381 8845 3074 
8833 6383 8850 3075 
8835 6389 8859 3076 
8839 6395 8867 3078 
8847 6396 8869 3080 
8851 6399 8875 3084 
8859 6404 8881 3089 
8866 6410 8884 3091 
8872 6416 8886 3095 
8881 6426 8893 3098 
8884 6427 8900 3099 
8886 6431 8905 3101 
8892 6436 8912 3101 
8895 6438 8916 3101 
8906 6441 8918 3103 
8914 6444 8922 3103 
8918 6447 8931 3104 
8924 6454 8939 3104 
8930 6461 8946 3105 
8937 6465 8950 3106 
8939 6471 8953 3110 
8944 6473 8956 3115 
8952 6479 8963 3117 
8956 6481 8967 3117 
8964 6482 8973 3120 
8974 6486 8977 3125 
8982 6488 8981 3126 
8989 6494 8986 3128 
8996 6496 8993 3129 
9003 6500 8996 3135 
9006 6504 9000 3135 
9009 6508 9000 3136 
9014 6512 9010 3139 
9019 6520 9014 3142 
9025 6523 9017 3144 
9032 6528 9021 3146 
9037 6532 9023 3146 
9043 6536 9028 3148 
9049 6537 9033 3150 
9051 6545 9038 3156 
9057 6550 9051 3158 
9064 6554 9057 3159 
9070 6563 9062 3163 
9075 6567 9064 3166 
9084 6570 9065 3168 
9087 6575 9073 3170 
9094 6576 9081 3171 
9099 6581 9085 3173 
9104 6588 9086 3173 
9108 6592 9093 3175 
9111 6595 9099 3176 
9119 6603 9105 3177 
9123 6609 9112 3178 
9131 6614 9117 3179 
9137 6619 9123 3181 
9139 6623 9134 3182 
9144 6626 9137 3184 
9150 6629 9143 3187 
9155 6639 9149 3188 
9162 6644 9155 3191 
9163 6648 9163 3191 
9167 6651 9165 3192 
9175 6655 9167 3192 
9179 6660 9174 3192 
9185 6666 9177 3194 
9188 6670 9186 3197 
9193 6674 9189 3200 
9204 6677 9194 3203 
9209 6680 9202 3203 
9211 6686 9207 3204 
9216 6692 9211 3206 
9224 6697 9222 3206 
9229 6700 9228 3208 
9232 6704 9235 3209 
9240 6706 9239 3212 
9243 6710 9247 3212 
9251 6712 9251 3214 
9256 6714 9255 3215 
9259 6717 9260 3216 
9264 6723 9269 3216 
9268 6730 9271 3219 
9275 6734 9278 3222 
9282 6738 9286 3224 
9289 6742 9290 3225 
9293 6745 9296 3227 
9300 6750 9303 3229 
9307 6754 9310 3230 
9314 6763 9315 3230 
9319 6768 9322 3232 
9323 6771 9332 3236 
9328 6776 9337 3239 
9334 6782 9342 3241 
9339 6784 9346 3243 
9343 6793 9349 3243 
9349 6797 9357 3244 
9358 6800 9362 3247 
9363 6801 9368 3248 
9365 6806 9372 3250 
9373 6808 9379 3253 
9385 6812 9383 3253 
9389 6816 9387 3254 
9394 6819 9394 3257 
9397 6824 9404 3258 
9399 6830 9410 3260 
9403 6834 9413 3261 
9408 6837 9419 3262 
9408 6841 9427 3262 
9414 6845 9433 3263 
9420 6848 9437 3265 
9423 6851 9440 3265 
9429 6856 9443 3268 
9434 6862 9446 3268 
9445 6869 9453 3268 
9451 6872 9459 3270 
9456 6880 9466 3272 
9463 6883 9470 3274 
9470 6888 9473 3276 
9479 6892 9476 3279 
9488 6897 9481 3281 
9493 6899 9486 3283 
9496 6903 9493 3284 
9503 6905 9498 3287 
9505 6907 9507 3291 
9507 6909 9510 3293 
9509 6914 9516 3295 
9518 6920 9525 3297 
9521 6922 9530 3298 
9527 6924 9533 3299 
9533 6928 9539 3301 
9540 6933 9543 3301 
9545 6937 9549 3302 
9550 6944 9556 3304 
9552 6949 9564 3307 
9556 6952 9569 3311 
9561 6954 9575 3311 
9565 6958 9580 3314 
9569 6962 9588 3315 
9571 6970 9595 3320 
9577 6973 9597 3324 
9586 6975 9604 3324 
9590 6982 9611 3325 
9596 6987 9621 3326 
9600 6991 9626 3327 
9608 6994 9632 3328 
9616 6998 9640 3329 
9619 7003 9646 3332 
9623 7007 9654 3332 
9628 7012 9658 3334 
9634 7018 9665 3337 
9641 7021 9673 3339 
9643 7025 9679 3341 
9651 7027 9685 3343 
9657 7028 9688 3346 
9664 7035 9695 3347 
9668 7041 9702 3348 
9672 7047 9705 3353 
9678 7050 9712 3354 
9689 7054 9719 3358 
9696 7060 9724 3361 
9703 7067 9733 3362 
9710 7069 9738 3365 
9717 7073 9746 3367 
9729 7079 9754 3367 
9737 7084 9759 3367 
9746 7086 9765 3371 
9751 7094 9770 3374 
9754 7097 9774 3377 
9760 7102 9778 3381 
9764 7109 9783 3384 
9764 7114 9789 3388 
9773 7119 9793 3390 
9778 7123 9801 3391 
9784 7130 9809 3395 
9794 7135 9815 3397 
9799 7137 9822 3400 
9804 7139 9831 3401 
9807 7142 9836 3401 
9810 7144 9843 3402 
9813 7147 9849 3405 
9818 7152 9858 3409 
9822 7158 9861 3411 
9828 7161 9865 3412 
9835 7165 9871 3412 
9839 7169 9876 3414 
9851 7175 9884 3417 
9854 7180 9891 3420 
9863 7184 9895 3421 
9866 7187 9898 3422 
9871 7189 9906 3422 
9877 7193 9910 3425 
9885 7199 9915 3426 
9888 7203 9922 3429 
9894 7207 9925 3429 
9899 7211 9932 3432 
9908 7217 9937 3432 
9909 7219 9947 3433 
9913 7225 9947 3433 
9919 7229 9958 3435 
9925 7231 9959 3436 
9929 7241 9964 3438 
9932 7242 9967 3440 
9937 7247 9976 3440 
9940 7253 9981 3443 
9948 7256 9986 3444 
9955 7263 9989 3448 
9963 7270 9993 3450 
9970 7275 9999 3454 
9972 7280 10007 3455 
9980 7286 10009 3456 
9986 7291 10011 3456 
9998 7293 10014 3460 
10003 7294 10018 3460 
10005 7297 10026 3462 
10007 7306 10028 3464 
10010 7309 10032 3467 
10014 7315 10038 3471 
10017 7319 10043 3473 
10024 7323 10052 3475 
10029 7324 10064 3477 
10035 7327 10071 3481 
10039 7338 10076 3481 
10045 7339 10079 3485 
10052 7343 10084 3487 
10056 7344 10087 3490 
10061 7346 10098 3493 
10066 7352 10102 3495 
10073 7356 10105 3499 
10080 7357 10113 3500 
10085 7366 10119 3500 
10092 7370 10119 3502 
10098 7375 10123 3502 
10101 7378 10128 3503 
10108 7383 10129 3506 
10113 7386 10137 3508 
10118 7392 10142 3512 
10128 7396 10151 3513 
10133 7404 10154 3514 
10133 7408 10162 3515 
10144 7415 10166 3518 
10150 7420 10173 3522 
10156 7424 10178 3523 
10161 7433 10185 3524 
10163 7440 10188 3525 
10169 7444 10197 3527 
10178 7451 10203 3528 
10183 7455 10210 3533 
10187 7458 10217 3533 
10192 7458 10220 3536 
10195 7461 10225 3537 
10199 7466 10233 3538 
10200 7470 10239 3539 
10202 7471 10246 3541 
10206 7478 10251 3543 
10215 7485 10256 3544 
10220 7490 10259 3545 
10225 7494 10262 3547 
10233 7497 10269 3548 
10239 7506 10279 3550 
10243 7510 10283 3551 
10250 7511 10291 3553 
10258 7515 10297 3554 
10263 7522 10299 3557 
10267 7527 10305 3559 
10268 7533 10313 3562 
10274 7535 10319 3562 
10283 7540 10321 3565 
10286 7545 10329 3566 
10291 7551 10335 3568 
10300 7555 10338 3571 
10307 7556 10342 3572 
10311 7558 10347 3572 
10317 7564 10354 3575 
10321 7566 10363 3579 
10329 7573 10369 3579 
10333 7578 10376 3582 
10334 7581 10381 3584 
10339 7585 10390 3585 
10346 7587 10395 3588 
10354 7591 10400 3590 
10360 7598 10402 3592 
10367 7601 10405 3592 
10369 7608 10412 3597 
10375 7614 10418 3598 
10380 7619 10423 3600 
10383 7621 10428 3601 
10384 7627 10432 3603 
10387 7630 10438 3603 
10392 7633 10440 3607 
10398 7639 10447 3611 
10405 7645 10455 3612 
10410 7647 10465 3612 
10412 7650 10469 3613 
10420 7658 10475 3616 
10427 7669 10476 3617 
10434 7671 10479 3617 
10438 7673 10485 3620 
10442 7676 10489 3621 
10445 7679 10494 3623 
10449 7685 10501 3626 
10457 7688 10508 3630 
10460 7695 10516 3632 
10468 7705 10525 3633 
10474 7710 10530 3635 
10480 7716 10537 3639 
10483 7720 10544 3641 
10488 7723 10551 3642 
10494 7726 10557 3644 
10496 7732 10562 3647 
10502 7736 10568 3649 
10508 7739 10580 3651 
10512 7741 10590 3652 
10517 7746 10595 3657 
10519 7752 10601 3659 
10528 7758 10603 3662 
10533 7759 10611 3663 
10541 7767 10617 3664 
10550 7769 10626 3665 
10559 7775 10634 3670 
10566 7783 10639 3673 
10575 7787 10644 3676 
10580 7791 10649 3677 
10584 7795 10657 3678 
10591 7802 10660 3679 
10599 7807 10662 3681 
10605 7811 10668 3685 
10618 7817 10672 3686 
10624 7823 10678 3686 
10629 7827 10686 3690 
10632 7832 10691 3695 
10637 7838 10697 3699 
10645 7841 10704 3700 
10656 7847 10710 3700 
10658 7851 10715 3701 
10660 7853 10721 3704 
10666 7857 10727 3706 
10670 7864 10739 3711 
10681 7867 10743 3712 
10688 7874 10750 3712 
10690 7877 10755 3714 
10696 7883 10758 3716 
10699 7885 10760 3720 
10704 7887 10768 3721 
10710 7892 10772 3724 
10715 7897 10778 3725 
10719 7901 10789 3725 
10724 7907 10798 3726 
10726 7917 10806 3728 
10732 7920 10812 3730 
10733 7924 10820 3730 
10736 7936 10834 3731 
10745 7942 10839 3734 
10749 7950 10844 3734 
10760 7955 10852 3736 
10766 7959 10859 3736 
10775 7962 10864 3737 
10778 7965 10865 3740 
10781 7971 10870 3741 
10788 7973 10876 3742 
10791 7983 10881 3746 
10796 7984 10885 3748 
10801 7989 10892 3749 
10807 7991 10901 3753 
10817 7994 10905 3753 
10824 8002 10915 3754 
10832 8010 10918 3755 
10838 8013 10920 3757 
10846 8017 10926 3758 
10853 8019 10930 3758 
10863 8024 10936 3765 
10863 8029 10942 3770 
10872 8033 10948 3772 
10875 8038 10955 3777 
10880 8041 10959 3782 
10889 8046 10963 3786 
10897 8051 10967 3787 
10901 8057 10971 3788 
10907 8060 10977 3788 
10916 8064 10980 3792 
10918 8069 10989 3796 
10921 8070 10990 3799 
10924 8073 10998 3800 
10929 8079 11006 3802 
10932 8087 11015 3803 
10936 8096 11019 3803 
10942 8103 11024 3805 
10950 8107 11028 3807 
10954 8116 11038 3808 
10962 8118 11045 3809 
10968 8121 11049 3810 
10971 8127 11055 3813 
10982 8130 11060 3815 
10988 8136 11064 3818 
10998 8142 11070 3821 
11004 8144 11075 3822 
11012 8150 11080 3825 
11013 8155 11085 3828 
11017 8162 11088 3831 
11021 8169 11095 3832 
11026 8175 11100 3836 
11032 8177 11104 3838 
11036 8179 11112 3839 
11041 8185 11117 3843 
11048 8188 11121 3846 
11054 8189 11124 3847 
11061 8194 11130 3848 
11067 8197 11133 3849 
11071 8199 11137 3852 
11075 8206 11146 3853 
11084 8209 11154 3855 
11088 8213 11160 3856 
11093 8215 11164 3860 
11099 8220 11168 3862 
11106 8221 11172 3864 
11110 8225 11175 3866 
11114 8230 11177 3868 
11119 8231 11186 3872 
11123 8236 11189 3876 
11127 8238 11195 3878 
11134 8243 11198 3879 
11138 8248 11208 3882 
11146 8252 11212 3883 
11150 8256 11219 3883 
11157 8261 11223 3883 
11161 8264 11227 3890 
11169 8267 11236 3890 
11174 8269 11239 3892 
11178 8271 11246 3892 
11183 8276 11254 3893 
11189 8284 11259 3897 
11194 8287 11264 3897 
11201 8293 11272 3898 
11207 8294 11283 3898 
11210 8299 11290 3899 
11212 8302 11293 3901 
11215 8308 11298 3902 
11223 8310 11304 3903 
11232 8313 11309 3905 
11236 8316 11316 3907 
11241 8319 11329 3907 
11245 8323 11337 3908 
11250 8327 11349 3909 
11260 8328 11360 3913 
11264 8330 11363 3916 
11266 8332 11373 3917 
11276 8342 11378 3920 
11280 8344 11385 3921 
11285 8347 11389 3922 
11292 8350 11393 3924 
11296 8356 11399 3926 
11303 8361 11402 3927 
11309 8365 11406 3929 
11318 8367 11418 3931 
11323 8374 11421 3932 
11333 8377 11429 3932 
11336 8382 11433 3935 
11340 8387 11435 3936 
11346 8389 11436 3938 
11351 8391 11438 3940 
11357 8396 11445 3947 
11362 8398 11448 3947 
11368 8400 11453 3949 
11371 8403 11464 3949 
11375 8408 11468 3950 
11380 8409 11474 3951 
11384 8416 11483 3955 
11386 8420 11489 3958 
11389 8424 11496 3958 
11394 8430 11502 3960 
11397 8432 11508 3962 
11403 8434 11513 3964 
11410 8439 11520 3966 
11412 8442 11527 3967 
11415 8444 11531 3972 
11419 8447 11535 3974 
11428 8452 11542 3976 
11438 8458 11543 3979 
11442 8463 11554 3979 
11454 8467 11560 3979 
11459 8473 11565 3982 
11466 8476 11570 3986 
11474 8479 11575 3990 
11480 8481 11581 3991 
11485 8483 11590 3994 
11490 8492 11595 3997 
11497 8495 11603 3999 
11504 8500 11606 4002 
11508 8503 11612 4003 
11511 8508 11622 4003 
11514 8515 11626 4006 
11519 8521 11638 4010 
11520 8528 11641 4012 
11524 8530 11647 4013 
11531 8534 11659 4013 
11533 8535 11659 4013 
11537 8538 11669 4016 
11543 8540 11670 4017 
11546 8551 11676 4020 
11552 8552 11681 4021 
11560 8558 11688 4024 
11564 8561 11692 4028 
11570 8568 11701 4028 
11574 8570 11711 4029 
11579 8575 11714 4032 
11582 8582 11720 4034 
11584 8584 11723 4034 
11591 8591 11727 4035 
11596 8594 11731 4038 
11600 8596 11740 4042 
11606 8601 11745 4044 
11611 8605 11746 4048 
11616 8608 11752 4049 
11619 8608 11758 4050 
11624 8612 11765 4051 
11628 8615 11770 4052 
11635 8620 11776 4054 
11641 8622 11781 4056 
11649 8627 11788 4056 
11652 8629 11795 4062 
11657 8634 11799 4065 
11659 8636 11804 4066 
11662 8641 11810 4069 
11671 8643 11814 4070 
11674 8648 11818 4070 
11678 8650 11820 4072 
11682 8650 11821 4074 
11690 8657 11824 4075 
11691 8661 11829 4079 
11696 8664 11833 4081 
11699 8668 11840 4083 
11711 8671 11847 4088 
11715 8674 11853 4089 
11722 8677 11857 4093 
11727 8678 11862 4097 
11734 8683 11866 4098 
11744 8685 11870 4099 
11746 8687 11875 4102 
11748 8695 11882 4104 
11750 8698 11889 4107 
11754 8705 11894 4109 
11763 8709 11900 4111 
11774 8716 11907 4115 
11779 8720 11911 4117 
11784 8726 11915 4119 
11787 8730 11924 4120 
11795 8735 11929 4122 
11805 8737 11934 4124 
11811 8743 11940 4125 
11816 8748 11947 4128 
11825 8748 11951 4130 
11829 8756 11955 4132 
11832 8763 11957 4134 
11837 8766 11963 4135 
11843 8770 11966 4135 
11847 8774 11968 4139 
11856 8779 11972 4141 
11861 8782 11980 4145 
11868 8784 11987 4146 
11870 8790 11991 4148 
11875 8797 11995 4151 
11880 8801 11998 4153 
11886 8803 12005 4154 
11892 8811 12011 4155 
11895 8822 12020 4156 
11904 8822 12023 4157 
11909 8825 12030 4161 
11914 8829 12035 4165 
11919 8831 12041 4171 
11924 8834 12045 4173 
11928 8838 12049 4177 
11932 8842 12055 4178 
11939 8850 12063 4179 
11948 8857 12066 4179 
11952 8860 12069 4179 
11954 8863 12069 4184 
11960 8864 12074 4188 
11960 8868 12078 4190 
11968 8873 12084 4190 
11976 8878 12088 4191 
11982 8881 12097 4194 
11987 8884 12104 4198 
11989 8888 12110 4200 
11996 8888 12118 4202 
11997 8892 12126 4203 
11999 8895 12135 4207 
12007 8897 12140 4209 
12013 8900 12145 4210 
12017 8903 12154 4214 
12023 8911 12157 4214 
12031 8911 12161 4214 
12038 8914 12167 4216 
12043 8919 12173 4218 
12050 8922 12181 4218 
12052 8927 12185 4219 
12058 8930 12196 4220 
12066 8936 12204 4222 
12076 8939 12210 4223 
12082 8945 12215 4224 
12085 8949 12221 4225 
12093 8954 12224 4230 
12097 8961 12230 4232 
12100 8968 12233 4235 
12107 8974 12237 4240 
12111 8980 12242 4242 
12119 8984 12250 4244 
12124 8992 12257 4247 
12130 8994 12263 4251 
12136 9001 12272 4255 
12141 9002 12280 4260 
12149 9004 12286 4260 
12156 9005 12291 4263 
12160 9006 12297 4265 
12163 9013 12301 4266 
12169 9020 12303 4267 
12172 9026 12309 4269 
12179 9032 12312 4271 
12181 9037 12313 4273 
12183 9047 12317 4274 
12192 9054 12324 4276 
12199 9059 12330 4279 
12207 9062 12336 4282 
12217 9065 12343 4285 
12224 9071 12352 4286 
12235 9075 12361 4289 
12239 9079 12365 4292 
12240 9084 12368 4294 
12247 9086 12375 4297 
12250 9091 12380 4301 
12254 9093 12388 4302 
12260 9098 12393 4303 
12265 9104 12400 4306 
12271 9107 12405 4308 
12279 9112 12413 4309 
12280 9115 12417 4310 
12287 9120 12418 4311 
12294 9128 12425 4312 
12300 9133 12433 4314 
12307 9138 12442 4316 
12312 9140 12451 4321 
12319 9143 12457 4322 
12324 9146 12462 4323 
12329 9149 12470 4325 
12336 9150 12476 4327 
12345 9158 12484 4329 
12354 9164 12491 4330 
12363 9170 12498 4332 
12369 9176 12505 4335 
12374 9182 12509 4339 
12378 9190 12520 4339 
12386 9191 12521 4339 
12392 9198 12528 4340 
12394 9201 12534 4343 
12400 9206 12538 4346 
12405 9209 12544 4347 
12414 9213 12547 4349 
12420 9218 12562 4352 
12429 9221 12572 4352 
12435 9224 12577 4353 
12449 9227 12588 4353 
12456 9231 12593 4355 
12459 9235 12597 4355 
12462 9238 12601 4356 
12470 9241 12610 4356 
12477 9244 12618 4357 
12479 9248 12620 4359 
12483 9258 12622 4360 
12486 9265 12627 4363 
12489 9270 12629 4365 
12494 9273 12636 4366 
12504 9278 12641 4368 
12507 9281 12655 4370 
12513 9285 12656 4370 
12517 9290 12660 4376 
12527 9293 12663 4378 
12531 9299 12668 4380 
12535 9306 12671 4381 
12546 9312 12675 4383 
12553 9318 12681 4385 
12560 9323 12690 4388 
12563 9327 12697 4389 
12565 9332 12704 4389 
12569 9335 12704 4391 
12573 9340 12710 4392 
12575 9345 12716 4394 
12578 9350 12726 4396 
12582 9354 12732 4399 
12585 9357 12735 4401 
12588 9360 12740 4403 
12594 9367 12748 4405 
12598 9371 12750 4409 
12604 9375 12755 4410 
12608 9384 12756 4411 
12612 9389 12758 4412 
12617 9399 12762 4414 
12624 9400 12770 4416 
12628 9403 12779 4418 
12634 9405 12790 4420 
12638 9414 12797 4421 
12645 9415 12811 4424 
12651 9417 12818 4425 
12655 9420 12823 4427 
12657 9427 12827 4427 
12659 9430 12839 4427 
12667 9433 12843 4428 
12672 9439 12852 4429 
12676 9442 12857 4430 
12679 9445 12863 4431 
12689 9451 12868 4432 
12694 9456 12876 4435 
12701 9458 12885 4435 
12709 9461 12890 4437 
12712 9463 12895 4439 
12717 9465 12903 4442 
12721 9470 12906 4445 
12725 9475 12912 4448 
12731 9481 12917 4450 
12737 9484 12922 4451 
12742 9486 12925 4453 
12746 9492 12930 4453 
12751 9495 12938 4455 
12754 9500 12945 4456 
12760 9507 12950 4457 
12766 9512 12957 4461 
12770 9516 12963 4462 
12776 9522 12970 4464 
12785 9524 12978 4467 
12790 9531 12983 4468 
12794 9537 12992 4469 
12797 9543 13000 4470 
12803 9546 13003 4470 
12807 9552 13007 4473 
12814 9556 13012 4477 
12822 9558 13023 4478 
12827 9561 13028 4480 
12833 9569 13030 4480 
12841 9576 13033 4482 
12848 9581 13039 4484 
12855 9583 13049 4487 
12863 9588 13054 4488 
12872 9591 13060 4492 
12879 9595 13068 4496 
12882 9597 13072 4496 
12890 9600 13075 4501 
12900 9603 13083 4504 
12906 9609 13085 4508 
12910 9617 13093 4510 
12913 9622 13099 4511 
12923 9628 13106 4515 
12934 9632 13110 4520 
12940 9633 13115 4520 
12950 9636 13121 4523 
12955 9638 13126 4525 
12962 9644 13135 4527 
12965 9650 13145 4530 
12970 9656 13149 4532 
12981 9660 13155 4533 
12990 9664 13161 4533 
13001 9676 13165 4536 
13004 9681 13170 4537 
13009 9685 13180 4537 
13010 9687 13186 4537 
13017 9693 13190 4539 
13022 9697 13198 4540 
13029 9705 13201 4542 
13032 9707 13211 4543 
13036 9713 13217 4547 
13042 9717 13221 4552 
13046 9719 13227 4554 
13052 9722 13233 4557 
13054 9728 13239 4560 
13059 9733 13247 4561 
13064 9739 13253 4562 
13069 9745 13255 4564 
13076 9748 13258 4566 
13081 9751 13267 4567 
13088 9754 13275 4569 
13090 9757 13283 4572 
13100 9761 13294 4574 
13107 9766 13300 4577 
13114 9768 13307 4580 
13118 9775 13314 4581 
13124 9776 13319 4581 
13133 9780 13325 4584 
13137 9789 13333 4585 
13144 9790 13335 4589 
13154 9794 13346 4593 
13157 9799 13355 4596 
13161 9800 13362 4596 
13170 9802 13369 4596 
13176 9804 13379 4597 
13185 9809 13387 4598 
13193 9815 13390 4600 
13200 9820 13394 4605 
13206 9822 13399 4606 
13211 9827 13404 4609 
13215 9833 13407 4612 
13220 9835 13414 4614 
13233 9839 13419 4618 
13238 9847 13427 4621 
13242 9850 13433 4622 
13248 9854 13437 4626 
13252 9857 13439 4629 
13258 9860 13447 4631 
13266 9862 13451 4635 
13272 9865 13457 4637 
13280 9869 13465 4642 
13286 9872 13475 4644 
13288 9880 13479 4648 
13297 9884 13485 4650 
13301 9886 13491 4652 
13307 9891 13498 4656 
13314 9894 13503 4659 
13320 9900 13507 4661 
13324 9907 13514 4663 
13329 9910 13521 4664 
13331 9916 13525 4665 
13336 9920 13530 4665 
13338 9921 13533 4666 
13345 9925 13538 4668 
13351 9927 13542 4668 
13354 9931 13548 4671 
13361 9934 13553 4671 
13369 9942 13560 4674 
13376 9945 13565 4676 
13384 9951 13574 4678 
13387 9956 13576 4679 
13392 9963 13583 4679 
13398 9967 13589 4681 
13401 9977 13592 4682 
13403 9979 13596 4685 
13408 9981 13600 4686 
13416 9983 13606 4691 
13425 9991 13614 4693 
13432 9995 13621 4694 
13436 10002 13631 4696 
13446 10004 13636 4698 
13451 10008 13639 4698 
13457 10012 13652 4701 
13463 10022 13660 4703 
13473 10028 13667 4704 
13479 10031 13673 4707 
13484 10040 13681 4713 
13491 10045 13691 4713 
13497 10047 13693 4714 
13498 10052 13701 4715 
13503 10057 13705 4718 
13512 10060 13713 4721 
13515 10065 13718 4725 
13518 10070 13726 4727 
13524 10073 13733 4730 
13531 10081 13740 4731 
13536 10087 13743 4731 
13541 10089 13751 4733 
13545 10090 13754 4736 
13550 10096 13757 4736 
13555 10099 13768 4737 
13563 10104 13771 4742 
13567 10111 13784 4743 
13570 10115 13789 4746 
13575 10116 13796 4746 
13582 10120 13804 4747 
13591 10126 13814 4747 
13597 10132 13819 4748 
13602 10138 13827 4751 
13604 10143 13832 4752 
13608 10147 13840 4757 
13614 10153 13845 4761 
13622 10156 13851 4762 
13625 10165 13855 4763 
13634 10170 13861 4765 
13636 10175 13872 4765 
13648 10178 13875 4766 
13654 10184 13878 4768 
13657 10187 13881 4774 
13662 10191 13885 4777 
13666 10197 13888 4780 
13670 10202 13896 4782 
13675 10205 13902 4782 
13681 10207 13905 4788 
13686 10212 13912 4792 
13692 10216 13916 4796 
13698 10218 13924 4800 
13703 10223 13931 4802 
13706 10224 13937 4803 
13708 10225 13939 4807 
13711 10229 13948 4811 
13714 10233 13958 4813 
13723 10239 13965 4816 
13727 10244 13968 4818 
13733 10250 13974 4818 
13735 10254 13978 4821 
13738 10258 13980 4821 
13743 10265 13982 4824 
13754 10269 13984 4828 
13762 10273 13984 4833 
13766 10277 13992 4834 
13775 10280 14001 4838 
13779 10287 14005 4840 
13785 10293 14010 4842 
13790 10298 14016 4843 
13793 10302 14021 4844 
13798 10307 14025 4845 
13806 10311 14029 4851 
13810 10316 14033 4852 
13814 10325 14040 4852 
13817 10329 14045 4852 
13821 10335 14051 4854 
13829 10335 14060 4854 
13832 10341 14066 4856 
13836 10344 14069 4858 
13838 10352 14072 4859 
13845 10362 14078 4862 
13856 10368 14087 4863 
13862 10374 14093 4864 
13869 10381 14100 4865 
13876 10384 14103 4866 
13881 10392 14108 4868 
13888 10395 14115 4871 
13897 10401 14122 4873 
13905 10405 14129 4875 
13915 10412 14133 4877 
13920 10416 14138 4880 
13926 10420 14144 4882 
13930 10423 14146 4885 
13937 10426 14158 4887 
13940 10429 14162 4887 
13945 10430 14170 4888 
13952 10432 14179 4893 
13957 10436 14188 4895 
13962 10438 14190 4896 
13968 10441 14193 4899 
13974 10444 14201 4900 
13981 10444 14210 4906 
13985 10445 14217 4907 
13990 10450 14220 4909 
13994 10453 14224 4911 
14004 10457 14230 4912 
14008 10462 14234 4913 
14011 10466 14239 4915 
14016 10474 14245 4918 
14023 10481 14251 4922 
14034 10484 14258 4923 
14040 10490 14261 4924 
14044 10495 14267 4926 
14052 10499 14270 4927 
14056 10503 14278 4928 
14066 10504 14282 4929 
14069 10508 14286 4932 
14071 10514 14289 4933 
14071 10520 14294 4939 
14079 10522 14298 4941 
14089 10525 14309 4944 
14094 10528 14319 4946 
14098 10531 14321 4949 
14099 10534 14328 4949 
14104 10540 14335 4951 
14108 10547 14342 4953 
14114 10557 14349 4958 
14117 10562 14358 4958 
14125 10565 14360 4961 
14128 10568 14370 4965 
14135 10576 14375 4967 
14138 10582 14382 4969 
14144 10589 14388 4972 
14150 10593 14391 4974 
14154 10601 14394 4977 
14157 10602 14398 4979 
14164 10606 14402 4981 
14173 10614 14407 4982 
14181 10617 14409 4983 
14185 10622 14411 4983 
14191 10632 14417 4984 
14193 10637 14421 4988 
14199 10640 14428 4990 
14206 10644 14433 4992 
14208 10651 14441 4994 
14215 10659 14444 4997 
14218 10661 14451 4998 
14223 10664 14464 5001 
14226 10672 14470 5005 
14234 10680 14476 5008 
14243 10683 14486 5010 
14252 10689 14493 5013 
14258 10695 14497 5015 
14261 10703 14506 5015 
14265 10712 14513 5017 
14268 10716 14519 5018 
14270 10720 14525 5023 
14276 10721 14531 5024 
14283 10727 14536 5025 
14289 10733 14545 5027 
14295 10739 14549 5028 
14298 10744 14556 5032 
14306 10750 14568 5034 
14310 10755 14576 5038 
14320 10762 14588 5041 
14324 10768 14592 5042 
14327 10771 14598 5045 
14332 10774 14604 5046 
14341 10782 14609 5048 
14344 10788 14612 5049 
14350 10795 14616 5055 
14353 10799 14626 5059 
14360 10807 14628 5062 
14369 10815 14638 5063 
14375 10818 14641 5065 
14381 10822 14647 5066 
14390 10826 14652 5067 
14400 10827 14657 5070 
14405 10830 14661 5076 
14408 10834 14668 5078 
14419 10844 14677 5079 
14425 10848 14683 5081 
14428 10852 14690 5084 
14434 10859 14697 5085 
14441 10867 14702 5085 
14446 10872 14707 5086 
14452 10880 14711 5088 
14462 10884 14720 5088 
14468 10888 14730 5090 
14476 10891 14736 5092 
14485 10895 14744 5094 
14492 10901 14751 5097 
14495 10905 14758 5099 
14506 10910 14762 5102 
14511 10917 14765 5106 
14517 10923 14773 5110 
14521 10926 14778 5112 
14524 10931 14786 5113 
14531 10936 14798 5113 
14537 10942 14809 5115 
14539 10947 14819 5115 
14544 10955 14827 5120 
14549 10957 14829 5123 
14557 10960 14837 5126 
14566 10965 14847 5131 
14569 10976 14851 5136 
14575 10983 14857 5138 
14583 10993 14863 5140 
14593 10996 14869 5140 
14598 11001 14873 5140 
14604 11006 14876 5142 
14607 11010 14879 5144 
14614 11013 14884 5145 
14622 11016 14889 5147 
14629 11020 14894 5149 
14640 11022 14895 5156 
14644 11027 14906 5158 
14650 11031 14909 5161 
14655 11036 14910 5162 
14660 11041 14915 5164 
14662 11050 14921 5166 
14672 11055 14929 5168 
14678 11057 14934 5169 
14685 11063 14938 5169 
14690 11067 14946 5171 
14695 11071 14948 5175 
14703 11076 14956 5177 
14713 11081 14962 5179 
14717 11084 14965 5180 
14724 11089 14970 5182 
14730 11096 14979 5183 
14741 11098 14984 5189 
14748 11102 14987 5192 
14753 11105 14990 5193 
14756 11112 14997 5196 
14764 11116 15005 5198 
14771 11121 15014 5199 
14778 11124 15021 5204 
14788 11129 15028 5205 
14791 11132 15036 5210 
14796 11135 15038 5213 
14800 11141 15046 5214 
14806 11145 15053 5216 
14813 11147 15059 5218 
14821 11155 15068 5218 
14825 11164 15071 5218 
14830 11169 15076 5221 
14832 11176 15085 5223 
14834 11181 15087 5225 
14841 11189 15099 5225 
14843 11193 15104 5229 
14847 11198 15108 5229 
14853 11203 15117 5234 
14858 11209 15120 5236 
14861 11212 15126 5239 
14866 11217 15134 5242 
14869 11224 15141 5243 
14875 11228 15152 5244 
14878 11230 15153 5245 
14882 11234 15157 5245 
14889 11241 15161 5250 
14895 11244 15166 5253 
14896 11246 15178 5256 
14905 11252 15184 5257 
14912 11260 15185 5258 
14917 11262 15189 5258 
14926 11266 15196 5261 
14929 11269 15203 5263 
14936 11272 15210 5266 
14942 11274 15215 5270 
14947 11277 15224 5271 
14950 11279 15232 5272 
14956 11282 15240 5275 
14962 11288 15244 5277 
14968 11294 15250 5280 
14971 11294 15253 5283 
14979 11299 15261 5285 
14983 11304 15266 5286 
14990 11308 15272 5290 
14998 11315 15284 5291 
15003 11319 15287 5294 
15011 11324 15294 5297 
15017 11327 15297 5301 
15023 11332 15305 5303 
15027 11339 15308 5304 
15033 11346 15319 5305 
15042 11350 15324 5307 
15045 11354 15330 5308 
15052 11357 15336 5312 
15057 11363 15341 5314 
15062 11367 15349 5318 
15073 11374 15358 5320 
15077 11377 15366 5323 
15079 11383 15370 5326 
15084 11386 15379 5329 
15090 11394 15384 5332 
15094 11398 15387 5337 
15098 11402 15395 5338 
15101 11409 15399 5339 
15103 11412 15410 5341 
15107 11415 15413 5341 
15111 11418 15419 5345 
15117 11422 15423 5348 
15123 11425 15426 5355 
15128 11430 15431 5357 
15136 11436 15434 5360 
15142 11441 15439 5366 
15144 11446 15450 5366 
15149 11454 15455 5369 
15157 11463 15461 5370 
15170 11466 15466 5372 
15175 11475 15475 5374 
15182 11478 15480 5374 
15183 11483 15488 5379 
15191 11490 15496 5380 
15196 11493 15504 5382 
15202 11497 15514 5386 
15211 11504 15518 5388 
15215 11510 15524 5391 
15225 11514 15532 5394 
15230 11519 15538 5396 
15235 11526 15539 5399 
15240 11527 15547 5400 
15246 11532 15551 5402 
15249 11540 15561 5404 
15256 11545 15566 5407 
15261 11549 15574 5410 
15263 11555 15580 5411 
15269 11558 15587 5416 
15275 11564 15596 5420 
15281 11568 15599 5422 
15285 11571 15605 5424 
15290 11573 15615 5425 
15297 11576 15617 5427 
15306 11580 15624 5429 
15314 11584 15630 5432 
15319 11589 15637 5435 
15329 11592 15641 5435 
15335 11598 15646 5436 
15343 11604 15653 5438 
15350 11613 15661 5438 
15357 11620 15662 5443 
15359 11624 15665 5444 
15364 11625 15672 5448 
15370 11631 15683 5450 
15372 11637 15691 5451 
15375 11645 15699 5453 
15381 11648 15709 5457 
15388 11651 15716 5460 
15394 11654 15727 5464 
15400 11656 15728 5465 
15407 11659 15735 5471 
15414 11662 15742 5471 
15419 11664 15748 5474 
15426 11670 15750 5475 
15439 11678 15753 5477 
15446 11684 15762 5478 
15451 11689 15769 5480 
15462 11691 15775 5482 
15470 11693 15779 5485 
15476 11699 15785 5486 
15479 11706 15793 5489 
15486 11710 15799 5494 
15491 11715 15812 5496 
15500 11718 15821 5500 
15506 11724 15827 5500 
15514 11728 15834 5501 
15520 11733 15838 5505 
15524 11738 15845 5507 
15530 11743 15853 5508 
15535 11746 15857 5509 
15539 11755 15864 5510 
15548 11757 15871 5513 
15555 11759 15876 5514 
15557 11767 15885 5518 
15559 11771 15889 5522 
15564 11775 15894 5526 
15568 11777 15901 5529 
15570 11779 15907 5531 
15574 11784 15912 5533 
15577 11789 15922 5534 
15582 11797 15931 5539 
15590 11805 15937 5544 
15598 11809 15939 5548 
15606 11813 15944 5550 
15608 11819 15950 5553 
15614 11825 15954 5555 
15619 11828 15961 5556 
15625 11832 15966 5562 
15633 11835 15968 5563 
15638 11841 15976 5565 
15642 11844 15985 5567 
15646 11850 15994 5568 
15657 11853 16003 5569 
15662 11859 16011 5571 
15667 11864 16015 5575 
15672 11871 16024 5576 
15680 11877 16035 5577 
15687 11882 16041 5578 
15693 11884 16047 5579 
15695 11889 16051 5581 
15698 11899 16057 5582 
15703 11902 16065 5582 
15708 11906 16067 5583 
15713 11913 16076 5585 
15721 11916 16090 5586 
15730 11919 16095 5589 
15733 11924 16101 5592 
15739 11929 16108 5594 
15747 11935 16116 5595 
15752 11942 16125 5599 
15757 11946 16128 5603 
15765 11949 16135 5606 
15769 11954 16143 5613 
15780 11958 16149 5620 
15783 11966 16153 5621 
15789 11971 16166 5624 
15792 11976 16171 5625 
15796 11982 16179 5631 
15805 11989 16183 5637 
15807 11993 16191 5640 
15812 11996 16201 5644 
15818 11998 16209 5646 
15824 12003 16218 5649 
15834 12008 16226 5652 
15841 12012 16237 5656 
15845 12015 16239 5658 
15852 12019 16244 5660 
15857 12023 16250 5662 
15860 12025 16257 5667 
15866 12029 16262 5669 
15871 12030 16268 5670 
15880 12034 16273 5673 
15884 12039 16278 5673 
15889 12042 16284 5676 
15896 12047 16293 5678 
15899 12049 16301 5681 
15905 12052 16310 5683 
15909 12056 16313 5685 
15917 12061 16315 5687 
15924 12066 16323 5689 
15929 12073 16330 5689 
15934 12079 16334 5694 
15942 12082 16338 5700 
15944 12083 16340 5702 
15948 12092 16344 5705 
15953 12095 16348 5705 
15966 12101 16353 5706 
15973 12108 16363 5710 
15977 12112 16374 5712 
15984 12117 16387 5712 
15994 12119 16392 5715 
15998 12125 16400 5717 
16005 12128 16406 5717 
16011 12134 16410 5720 
16016 12138 16416 5721 
16021 12144 16423 5723 
16025 12150 16430 5724 
16032 12156 16434 5725 
16035 12158 16441 5727 
16043 12165 16446 5728 
16048 12170 16452 5731 
16060 12174 16455 5732 
16068 12180 16457 5734 
16070 12181 16462 5737 
16075 12187 16468 5743 
16085 12192 16478 5745 
16092 12197 16483 5749 
16096 12199 16490 5750 
16104 12206 16497 5753 
16115 12209 16508 5756 
16119 12211 16513 5758 
16125 12217 16514 5760 
16129 12223 16519 5763 
16132 12231 16520 5765 
16142 12235 16529 5765 
16149 12236 16541 5767 
16153 12238 16547 5769 
16157 12240 16549 5773 
16161 12246 16555 5774 
16167 12251 16561 5776 
16171 12252 16568 5779 
16180 12255 16575 5783 
16182 12258 16581 5784 
16185 12261 16585 5786 
16195 12267 16591 5788 
16201 12271 16596 5789 
16204 12276 16600 5791 
16212 12280 16606 5793 
16217 12284 16611 5795 
16219 12286 16621 5800 
16223 12291 16631 5805 
16225 12295 16636 5807 
16231 12300 16639 5808 
16234 12305 16646 5812 
16240 12306 16650 5813 
16247 12310 16663 5816 
16249 12313 16667 5816 
16256 12318 16670 5816 
16260 12319 16675 5816 
16262 12324 16682 5822 
16270 12327 16689 5825 
16273 12332 16699 5827 
16278 12335 16701 5829 
16285 12343 16709 5829 
16288 12348 16715 5831 
16296 12354 16721 5832 
16301 12358 16725 5834 
16309 12364 16729 5836 
16311 12369 16732 5842 
16317 12379 16740 5844 
16320 12382 16742 5848 
16324 12390 16751 5848 
16332 12397 16757 5851 
16338 12403 16769 5854 
16347 12408 16775 5855 
16351 12418 16779 5855 
16353 12426 16786 5855 
16354 12433 16791 5857 
16361 12436 16802 5858 
16366 12442 16810 5861 
16371 12446 16815 5862 
16378 12452 16820 5864 
16382 12456 16826 5865 
16388 12459 16831 5866 
16392 12463 16842 5870 
16398 12470 16844 5874 
16401 12476 16851 5876 
16403 12483 16854 5877 
16414 12488 16868 5879 
16418 12498 16878 5881 
16424 12501 16885 5883 
16427 12505 16893 5886 
16433 12508 16896 5888 
16437 12513 16904 5889 
16442 12517 16910 5892 
16444 12522 16918 5894 
16452 12527 16924 5897 
16459 12534 16930 5900 
16462 12538 16935 5901 
16466 12542 16946 5903 
16470 12546 16950 5904 
16477 12547 16958 5907 
16482 12549 16965 5909 
16489 12554 16972 5909 
16494 12558 16977 5912 
16497 12562 16983 5915 
16502 12566 16990 5917 
16510 12569 16995 5924 
16517 12575 16999 5932 
16522 12580 17003 5935 
16525 12583 17011 5938 
16527 12589 17015 5940 
16530 12596 17028 5944 
16539 12603 17031 5944 
16543 12608 17035 5949 
16548 12608 17043 5950 
16555 12611 17051 5950 
16561 12615 17053 5953 
16566 12618 17058 5954 
16572 12619 17060 5955 
16579 12624 17065 5957 
16584 12626 17070 5957 
16590 12633 17076 5958 
16598 12639 17080 5963 
16605 12644 17088 5965 
16613 12648 17093 5965 
16617 12654 17100 5966 
16627 12660 17106 5966 
16633 12666 17111 5968 
16639 12671 17119 5973 
16643 12678 17125 5975 
16650 12684 17129 5976 
16656 12687 17140 5978 
16659 12692 17145 5980 
16664 12701 17149 5980 
16669 12706 17160 5980 
16673 12717 17168 5981 
16682 12722 17174 5986 
16686 12724 17183 5987 
16691 12731 17189 5988 
16699 12736 17196 5990 
16707 12741 17201 5993 
16716 12748 17204 5995 
16724 12751 17211 5998 
16730 12756 17216 6000 
16736 12760 17222 6006 
16743 12762 17226 6012 
16748 12771 17232 6017 
16758 12777 17237 6021 
16767 12780 17247 6023 
16775 12785 17256 6024 
16785 12794 17261 6026 
16789 12805 17267 6028 
16794 12808 17270 6030 
16800 12809 17279 6030 
16806 12810 17287 6030 
16813 12813 17294 6033 
16820 12814 17300 6036 
16825 12819 17305 6038 
16831 12828 17317 6039 
16836 12832 17328 6045 
16843 12839 17333 6046 
16847 12844 17340 6047 
16851 12849 17344 6047 
16858 12852 17347 6048 
16868 12854 17359 6048 
16881 12856 17363 6050 
16883 12860 17372 6052 
16890 12862 17379 6055 
16903 12865 17385 6057 
16911 12869 17388 6059 
16920 12872 17395 6062 
16925 12874 17396 6064 
16927 12880 17404 6065 
16937 12884 17409 6067 
16941 12885 17416 6069 
16950 12892 17421 6072 
16959 12896 17427 6076 
16966 12906 17434 6079 
16975 12913 17442 6080 
16981 12919 17451 6082 
16987 12924 17459 6084 
16993 12927 17468 6085 
16997 12929 17478 6088 
17005 12932 17482 6091 
17012 12937 17488 6092 
17017 12938 17493 6095 
17022 12940 17501 6099 
17028 12943 17504 6100 
17035 12949 17509 6102 
17044 12951 17515 6105 
17047 12955 17524 6107 
17050 12957 17529 6111 
17053 12968 17537 6111 
17062 12974 17542 6111 
17067 12981 17548 6113 
17074 12990 17559 6114 
17082 12992 17561 6117 
17086 12998 17565 6119 
17094 13004 17572 6121 
17104 13009 17579 6124 
17110 13011 17586 6127 
17115 13015 17589 6127 
17119 13019 17594 6130 
17122 13020 17598 6137 
17127 13030 17605 6138 
17132 13035 17613 6138 
17138 13039 17619 6140 
17145 13043 17625 6140 
17149 13051 17631 6141 
17157 13061 17637 6143 
17161 13066 17641 6145 
17167 13071 17646 6148 
17171 13076 17653 6151 
17178 13085 17659 6152 
17183 13088 17662 6155 
17186 13091 17670 6156 
17191 13096 17674 6159 
17199 13100 17677 6162 
17204 13106 17683 6165 
17208 13112 17685 6169 
17215 13121 17692 6169 
17218 13123 17699 6171 
17224 13129 17707 6172 
17229 13134 17711 6175 
17237 13140 17715 6179 
17242 13145 17719 6182 
17247 13149 17730 6186 
17257 13150 17737 6188 
17266 13156 17743 6192 
17274 13159 17746 6194 
17279 13165 17749 6197 
17287 13169 17753 6200 
17297 13172 17758 6203 
17304 13178 17762 6207 
17310 13186 17766 6210 
17315 13191 17771 6215 
17319 13199 17776 6216 
17324 13202 17779 6219 
17336 13207 17788 6219 
17344 13209 17796 6223 
17347 13213 17805 6224 
17351 13216 17812 6226 
17356 13220 17816 6229 
17359 13228 17818 6231 
17363 13239 17826 6231 
17366 13243 17833 6233 
17371 13248 17837 6235 
17381 13252 17845 6235 
17389 13256 17854 6237 
17392 13261 17861 6240 
17400 13265 17869 6241 
17409 13267 17875 6243 
17413 13274 17880 6246 
17421 13279 17884 6247 
17428 13285 17893 6249 
17441 13289 17897 6250 
17448 13291 17907 6253 
17453 13296 17912 6255 
17460 13301 17916 6257 
17465 13305 17918 6262 
17474 13313 17925 6267 
17480 13320 17929 6272 
17486 13324 17941 6274 
17497 13334 17946 6275 
17505 13337 17950 6276 
17511 13342 17954 6276 
17514 13351 17962 6277 
17515 13353 17967 6280 
17521 13360 17973 6280 
17525 13362 17982 6281 
17530 13368 17987 6286 
17535 13374 17991 6291 
17537 13379 18000 6293 
17541 13384 18008 6293 
17549 13391 18016 6293 
17555 13393 18023 6293 
17559 13396 18027 6297 
17564 13400 18035 6299 
17568 13406 18043 6300 
17576 13408 18049 6302 
17583 13413 18053 6305 
17589 13417 18056 6306 
17593 13421 18059 6312 
17598 13431 18065 6314 
17605 13435 18072 6315 
17610 13437 18077 6315 
17613 13446 18081 6317 
17619 13451 18088 6317 
17626 13457 18092 6320 
17630 13466 18099 6322 
17638 13469 18105 6325 
17640 13472 18112 6327 
17643 13475 18119 6331 
17646 13478 18123 6332 
17654 13485 18130 6334 
17658 13490 18134 6334 
17667 13496 18141 6338 
17678 13497 18152 6341 
17683 13499 18160 6345 
17692 13506 18165 6346 
17697 13514 18167 6348 
17702 13516 18173 6349 
17703 13526 18178 6349 
17709 13532 18181 6352 
17720 13535 18186 6352 
17725 13535 18189 6358 
17731 13539 18195 6360 
17741 13546 18203 6362 
17750 13550 18211 6364 
17754 13553 18218 6365 
17757 13557 18228 6369 
17761 13567 18231 6371 
17770 13580 18237 6372 
17773 13587 18243 6373 
17781 13590 18250 6375 
17784 13595 18258 6378 
17785 13599 18260 6382 
17793 13606 18266 6385 
17798 13609 18275 6388 
17803 13611 18278 6396 
17809 13615 18284 6399 
17815 13619 18290 6399 
17824 13623 18294 6400 
17831 13629 18304 6400 
17838 13632 18309 6402 
17844 13638 18317 6404 
17852 13643 18321 6408 
17856 13644 18326 6411 
17864 13654 18328 6414 
17867 13658 18335 6419 
17876 13660 18339 6421 
17883 13665 18344 6424 
17887 13673 18345 6424 
17892 13676 18348 6425 
17896 13678 18359 6426 
17899 13685 18364 6429 
17903 13689 18368 6433 
17908 13699 18375 6436 
17914 13703 18386 6437 
17920 13709 18389 6439 
17926 13717 18391 6441 
17930 13721 18397 6442 
17936 13724 18403 6445 
17943 13727 18411 6448 
17949 13732 18416 6451 
17956 13734 18420 6456 
17963 13739 18427 6457 
17970 13744 18435 6458 
17976 13751 18444 6462 
17984 13755 18453 6462 
17991 13761 18462 6465 
17994 13768 18469 6470 
18000 13775 18476 6473 
18009 13781 18481 6478 
18017 13789 18484 6480 
18024 13794 18489 6481 
18029 13801 18496 6484 
18036 13805 18499 6484 
18041 13809 18503 6486 
18043 13814 18510 6489 
18048 13819 18518 6490 
18050 13823 18527 6494 
18055 13826 18533 6499 
18060 13827 18542 6500 
18065 13837 18551 6500 
18074 13840 18563 6506 
18077 13845 18572 6509 
18083 13850 18579 6509 
18092 13854 18585 6512 
18095 13862 18591 6512 
18100 13867 18591 6516 
18103 13869 18595 6516 
18117 13872 18604 6519 
18122 13881 18614 6524 
18126 13887 18619 6529 
18130 13892 18623 6531 
18135 13895 18631 6532 
18143 13903 18639 6536 
18150 13909 18647 6537 
18155 13914 18657 6542 
18158 13916 18658 6544 
18165 13920 18664 6550 
18169 13924 18674 6553 
18173 13933 18676 6554 
18184 13936 18681 6559 
18193 13939 18684 6562 
18196 13944 18690 6565 
18204 13949 18696 6566 
18212 13953 18704 6567 
18218 13956 18706 6569 
18223 13959 18712 6570 
18232 13964 18717 6571 
18235 13972 18722 6574 
18237 13976 18728 6576 
18244 13979 18734 6577 
18250 13987 18738 6578 
18258 13989 18743 6582 
18260 13995 18749 6584 
18262 13998 18761 6584 
18266 14006 18766 6589 
18270 14011 18769 6591 
18278 14014 18773 6594 
18288 14019 18783 6594 
18298 14029 18788 6597 
18304 14033 18794 6598 
18312 14037 18798 6601 
18318 14042 18812 6603 
18323 14050 18820 6605 
18329 14054 18825 6608 
18335 14060 18833 6609 
18347 14061 18834 6613 
18353 14068 18840 6615 
18357 14075 18843 6620 
18365 14081 18851 6621 
18370 14088 18857 6623 
18375 14094 18864 6626 
18386 14099 18865 6626 
18390 14104 18870 6628 
18397 14112 18877 6630 
18400 14115 18880 6633 
18408 14118 18890 6635 
18418 14122 18900 6635 
18420 14124 18915 6636 
18422 14134 18923 6637 
18429 14138 18927 6638 
18432 14147 18937 6641 
18439 14150 18942 6644 
18441 14154 18948 6646 
18453 14157 18954 6646 
18459 14166 18961 6652 
18464 14170 18964 6655 
18470 14173 18971 6657 
18472 14180 18975 6661 
18473 14186 18982 6664 
18482 14189 18992 6665 
18492 14196 18999 6667 
18496 14199 19006 6669 
18501 14201 19013 6671 
18506 14209 19020 6671 
18511 14213 19025 6672 
18521 14216 19028 6677 
18524 14220 19031 6678 
18530 14225 19035 6678 
18532 14231 19047 6681 
18538 14236 19054 6681 
18545 14241 19062 6684 
18549 14244 19069 6685 
18554 14248 19073 6687 
18560 14252 19080 6688 
18570 14258 19091 6689 
18576 14268 19098 6689 
18579 14275 19107 6692 
18580 14277 19111 6693 
18583 14282 19120 6694 
18589 14286 19126 6696 
18595 14291 19135 6700 
18602 14297 19139 6701 
18610 14303 19148 6704 
18615 14307 19149 6706 
18621 14316 19154 6708 
18625 14319 19162 6713 
18631 14325 19168 6717 
18640 14329 19176 6718 
18647 14336 19181 6719 
18650 14336 19188 6720 
18653 14339 19198 6722 
18663 14345 19210 6724 
18669 14348 19217 6731 
18674 14359 19222 6733 
18680 14363 19230 6735 
18685 14370 19238 6737 
18691 14375 19241 6741 
18696 14383 19250 6744 
18701 14387 19259 6745 
18707 14391 19266 6747 
18712 14393 19272 6748 
18719 14395 19277 6752 
18724 14398 19284 6757 
18731 14403 19293 6761 
18737 14410 19302 6764 
18745 14412 19306 6764 
18752 14417 19314 6764 
18758 14419 19318 6765 
18763 14428 19325 6766 
18768 14433 19328 6768 
18777 14440 19335 6769 
18783 14442 19345 6770 
18792 14447 19354 6772 
18798 14457 19360 6775 
18806 14462 19363 6776 
18812 14468 19368 6777 
18822 14473 19375 6779 
18829 14477 19380 6780 
18833 14480 19386 6781 
18839 14484 19394 6784 
18845 14487 19397 6785 
18852 14494 19407 6786 
18857 14500 19418 6786 
18863 14505 19426 6788 
18871 14512 19428 6791 
18881 14515 19439 6794 
18887 14519 19444 6796 
18891 14526 19449 6798 
18898 14533 19453 6800 
18906 14536 19461 6801 
18908 14540 19467 6807 
18912 14548 19473 6810 
18919 14552 19477 6812 
18922 14555 19485 6812 
18929 14564 19496 6815 
18939 14571 19502 6818 
18942 14574 19505 6820 
18946 14582 19511 6821 
18948 14588 19514 6824 
18952 14599 19524 6829 
18965 14608 19539 6830 
18974 14612 19545 6835 
18983 14617 19552 6840 
18991 14619 19562 6842 
18998 14620 19568 6846 
19009 14627 19573 6848 
19016 14631 19575 6849 
19026 14636 19583 6851 
19031 14641 19588 6853 
19039 14647 19595 6856 
19047 14655 19601 6857 
19053 14664 19609 6859 
19064 14670 19614 6861 
19074 14679 19619 6864 
19079 14685 19625 6866 
19079 14690 19634 6868 
19086 14692 19638 6869 
19088 14696 19644 6871 
19093 14698 19647 6871 
19101 14701 19655 6872 
19104 14705 19657 6873 
19109 14708 19660 6874 
19111 14713 19665 6877 
19119 14717 19670 6878 
19124 14725 19676 6882 
19131 14727 19680 6886 
19137 14730 19685 6886 
19138 14736 19687 6887 
19141 14739 19693 6891 
19149 14743 19699 6894 
19155 14747 19707 6896 
19162 14754 19714 6899 
19170 14756 19722 6901 
19173 14761 19730 6905 
19182 14764 19736 6906 
19186 14767 19743 6907 
19193 14771 19753 6909 
19198 14777 19756 6912 
19207 14781 19760 6915 
19211 14787 19765 6916 
19215 14791 19774 6918 
19223 14793 19778 6918 
19225 14795 19787 6918 
19232 14798 19793 6923 
19240 14805 19797 6925 
19244 14808 19806 6929 
19250 14813 19811 6932 
19258 14814 19815 6936 
19259 14817 19819 6937 
19268 14823 19827 6939 
19271 14833 19838 6940 
19281 14835 19845 6943 
19287 14839 19853 6947 
19289 14846 19858 6947 
19300 14856 19866 6949 
19308 14864 19873 6951 
19312 14870 19877 6951 
19318 14876 19883 6953 
19325 14880 19889 6953 
19333 14883 19893 6955 
19342 14892 19899 6956 
19352 14899 19903 6956 
19357 14899 19908 6957 
19363 14904 19917 6959 
19367 14908 19924 6961 
19368 14915 19929 6962 
19379 14919 19935 6965 
19387 14925 19939 6967 
19393 14929 19943 6967 
19398 14932 19948 6970 
19403 14935 19960 6974 
19406 14938 19967 6976 
19415 14942 19977 6978 
19417 14953 19983 6981 
19427 14961 19989 6985 
19433 14966 19995 6989 
19438 14971 19999 6993 
19442 14974 20004 6997 
19447 14977 20009 6999 
19453 14985 20019 7000 
19461 14993 20030 7002 
19465 14999 20041 7004 
19470 15006 20045 7007 
19475 15010 20047 7011 
19477 15014 20053 7013 
19488 15021 20062 7018 
19495 15025 20067 7024 
19498 15028 20070 7028 
19506 15032 20075 7031 
19510 15041 20081 7033 
19513 15046 20086 7034 
19520 15049 20091 7035 
19528 15059 20099 7038 
19534 15067 20109 7040 
19544 15070 20116 7043 
19551 15075 20122 7045 
19554 15077 20131 7046 
19558 15082 20142 7046 
19561 15086 20150 7048 
19565 15089 20157 7050 
19572 15097 20163 7051 
19577 15101 20171 7054 
19582 15104 20174 7055 
19585 15111 20182 7055 
19588 15119 20188 7056 
19599 15122 20191 7058 
19608 15128 20200 7059 
19619 15128 20206 7064 
19626 15132 20212 7064 
19637 15138 20217 7068 
19640 15146 20222 7072 
19647 15152 20228 7075 
19650 15156 20231 7077 
19656 15159 20236 7079 
19663 15162 20239 7080 
19667 15165 20245 7084 
19677 15169 20248 7086 
19681 15171 20255 7087 
19684 15173 20262 7090 
19685 15176 20268 7094 
19692 15180 20275 7097 
19698 15182 20283 7101 
19704 15186 20293 7102 
19707 15189 20299 7104 
19713 15192 20311 7106 
19719 15198 20316 7108 
19728 15202 20321 7108 
19731 15206 20329 7109 
19737 15212 20333 7113 
19742 15221 20339 7115 
19745 15224 20346 7115 
19751 15230 20353 7116 
19756 15237 20356 7119 
19761 15246 20364 7119 
19767 15254 20370 7120 
19772 15259 20376 7122 
19774 15263 20384 7125 
19781 15270 20389 7127 
19785 15272 20392 7129 
19790 15276 20402 7133 
19791 15282 20410 7134 
19797 15284 20416 7136 
19801 15293 20426 7139 
19804 15301 20434 7144 
19812 15306 20435 7146 
19820 15309 20446 7151 
19825 15312 20453 7151 
19831 15316 20456 7151 
19842 15320 20462 7157 
19849 15326 20470 7159 
19854 15330 20479 7160 
19860 15338 20484 7161 
19869 15344 20494 7162 
19878 15347 20500 7164 
19884 15352 20511 7167 
19891 15357 20521 7169 
19897 15358 20534 7171 
19903 15365 20545 7175 
19912 15372 20552 7177 
19917 15376 20562 7180 
19922 15379 20565 7183 
19931 15386 20568 7184 
19937 15387 20573 7188 
19943 15391 20581 7190 
19953 15396 20587 7191 
19957 15403 20593 7192 
19965 15406 20598 7199 
19973 15410 20608 7200 
19982 15411 20617 7200 
19985 15414 20624 7204 
19992 15419 20627 7209 
19997 15425 20634 7210 
20008 15433 20639 7213 
20015 15436 20648 7218 
20020 15439 20654 7222 
20024 15444 20662 7225 
20033 15447 20667 7230 
20041 15451 20675 7233 
20046 15454 20678 7237 
20053 15462 20683 7237 
20063 15464 20687 7238 
20067 15473 20691 7239 
20074 15477 20702 7242 
20075 15481 20710 7246 
20078 15487 20712 7250 
20082 15490 20718 7253 
20085 15493 20724 7256 
20092 15502 20734 7256 
20098 15505 20742 7258 
20102 15507 20745 7260 
20104 15512 20756 7266 
20107 15518 20765 7266 
20115 15523 20773 7270 
20120 15528 20780 7271 
20130 15535 20782 7275 
20135 15539 20789 7276 
20141 15547 20799 7279 
20144 15550 20806 7279 
20152 15558 20815 7280 
20160 15566 20830 7283 
20162 15571 20838 7288 
20171 15577 20845 7289 
20177 15584 20850 7293 
20181 15588 20854 7296 
20186 15599 20862 7296 
20191 15601 20868 7296 
20197 15607 20875 7298 
20201 15614 20886 7301 
20208 15619 20893 7304 
20211 15621 20900 7305 
20215 15624 20905 7306 
20219 15633 20914 7307 
20223 15633 20916 7309 
20228 15633 20918 7313 
20231 15639 20920 7315 
20244 15646 20924 7318 
20251 15651 20930 7318 
20263 15656 20936 7320 
20267 15663 20941 7325 
20271 15670 20948 7325 
20277 15675 20952 7327 
20280 15678 20960 7328 
20288 15684 20971 7330 
20293 15687 20979 7332 
20302 15691 20981 7335 
20308 15694 20986 7339 
20311 15703 20997 7343 
20316 15704 21002 7345 
20325 15706 21008 7346 
20328 15713 21012 7346 
20333 15716 21023 7350 
20336 15718 21029 7351 
20345 15720 21040 7352 
20350 15725 21046 7355 
20357 15728 21059 7356 
20365 15731 21067 7360 
20367 15740 21073 7364 
20371 15745 21079 7369 
20374 15751 21088 7371 
20379 15757 21091 7372 
20389 15764 21100 7375 
20394 15769 21108 7376 
20400 15775 21112 7380 
20410 15779 21115 7385 
20416 15783 21123 7386 
20423 15789 21130 7388 
20426 15789 21137 7388 
20431 15792 21143 7393 
20436 15798 21151 7395 
20438 15799 21156 7398 
20438 15804 21164 7400 
20445 15806 21171 7402 
20446 15807 21178 7405 
20451 15812 21185 7406 
20458 15819 21190 7410 
20467 15825 21196 7413 
20471 15829 21200 7414 
20477 15833 21209 7414 
20479 15838 21217 7415 
20483 15839 21226 7417 
20487 15844 21230 7419 
20490 15846 21235 7421 
20491 15848 21242 7424 
20495 15850 21245 7426 
20500 15859 21256 7430 
20510 15863 21263 7434 
20517 15869 21271 7436 
20522 15872 21273 7439 
20528 15875 21278 7444 
20534 15880 21286 7444 
20541 15884 21294 7446 
20545 15887 21299 7452 
20552 15893 21306 7456 
20557 15900 21310 7456 
20564 15905 21315 7461 
20566 15913 21323 7463 
20567 15917 21328 7464 
20570 15921 21334 7466 
20576 15925 21336 7466 
20582 15928 21341 7468 
20590 15934 21348 7470 
20595 15939 21353 7472 
20601 15942 21363 7473 
20607 15949 21370 7478 
20615 15950 21374 7480 
20624 15953 21383 7483 
20629 15957 21389 7487 
20636 15964 21395 7490 
20641 15967 21399 7493 
20645 15972 21405 7494 
20649 15977 21414 7495 
20660 15982 21422 7495 
20669 15989 21426 7497 
20673 15990 21432 7501 
20681 15994 21435 7503 
20688 16002 21442 7505 
20694 16005 21449 7506 
20701 16012 21452 7508 
20713 16017 21458 7511 
20717 16026 21468 7514 
20722 16028 21478 7519 
20729 16031 21485 7519 
20734 16035 21490 7526 
20740 16039 21497 7532 
20744 16045 21501 7533 
20754 16049 21507 7535 
20764 16051 21511 7540 
20769 16056 21517 7541 
20774 16064 21523 7542 
20777 16068 21528 7542 
20782 16075 21535 7548 
20787 16086 21539 7551 
20793 16090 21542 7552 
20796 16096 21552 7552 
20798 16102 21562 7554 
20803 16108 21572 7557 
20807 16113 21581 7559 
20815 16119 21589 7564 
20819 16119 21594 7567 
20824 16125 21598 7569 
20828 16135 21603 7569 
20837 16143 21610 7572 
20843 16146 21613 7573 
20849 16155 21619 7578 
20854 16162 21625 7578 
20860 16169 21629 7581 
20865 16171 21636 7582 
20868 16177 21645 7583 
20874 16178 21654 7585 
20881 16182 21659 7587 
20893 16187 21667 7591 
20895 16190 21677 7591 
20899 16195 21681 7593 
20902 16200 21689 7596 
20907 16204 21694 7598 
20915 16210 21699 7601 
20918 16218 21707 7602 
20925 16224 21712 7604 
20932 16227 21717 7607 
20935 16234 21722 7609 
20941 16239 21729 7612 
20947 16243 21738 7615 
20957 16250 21745 7621 
20963 16251 21745 7623 
20968 16252 21753 7624 
20976 16256 21761 7624 
20983 16263 21767 7628 
20987 16267 21773 7629 
20993 16271 21778 7632 
21003 16275 21783 7634 
21006 16277 21794 7635 
21014 16279 21803 7639 
21023 16290 21809 7641 
21032 16293 21815 7644 
21034 16298 21821 7647 
21038 16301 21830 7654 
21044 16309 21839 7654 
21048 16314 21851 7655 
21049 16319 21858 7660 
21055 16323 21861 7664 
21063 16325 21867 7670 
21071 16330 21871 7675 
21079 16334 21876 7678 
21089 16337 21880 7678 
21093 16345 21888 7679 
21099 16348 21897 7679 
21108 16350 21904 7682 
21114 16353 21912 7687 
21118 16357 21917 7689 
21126 16360 21926 7692 
21130 16363 21932 7693 
21135 16372 21945 7693 
21142 16375 21952 7698 
21147 16379 21955 7701 
21158 16381 21961 7705 
21162 16388 21964 7706 
21171 16390 21971 7708 
21174 16392 21979 7711 
21177 16394 21986 7715 
21184 16400 21991 7718 
21188 16403 21998 7719 
21194 16410 22005 7720 
21198 16411 22009 7722 
21200 16417 22016 7726 
21203 16423 22026 7729 
21208 16427 22029 7730 
21210 16431 22036 7730 
21222 16433 22039 7731 
21228 16439 22051 7732 
21238 16442 22059 7734 
21242 16448 22064 7740 
21244 16452 22069 7744 
21247 16460 22074 7744 
21255 16465 22087 7745 
21261 16469 22091 7750 
21268 16474 22098 7752 
21276 16479 22104 7755 
21281 16481 22108 7760 
21289 16488 22114 7763 
21297 16497 22119 7764 
21303 16499 22123 7765 
21306 16505 22127 7771 
21309 16509 22131 7775 
21314 16511 22138 7775 
21318 16515 22145 7775 
21321 16518 22152 7778 
21323 16522 22157 7781 
21327 16524 22164 7784 
21334 16529 22167 7785 
21341 16533 22174 7786 
21346 16539 22181 7791 
21351 16545 22184 7792 
21358 16550 22188 7792 
21361 16553 22195 7793 
21369 16557 22200 7795 
21374 16560 22204 7799 
21379 16569 22212 7802 
21382 16576 22217 7805 
21388 16580 22222 7805 
21396 16584 22230 7808 
21402 16588 22232 7817 
21405 16594 22240 7819 
21410 16599 22245 7821 
21416 16602 22250 7823 
21420 16609 22261 7827 
21425 16614 22270 7829 
21431 16615 22273 7835 
21431 16619 22283 7837 
21443 16625 22286 7839 
21449 16631 22291 7843 
21460 16635 22296 7845 
21468 16639 22300 7848 
21472 16643 22307 7848 
21478 16649 22313 7849 
21484 16656 22318 7852 
21493 16662 22330 7853 
21501 16668 22340 7853 
21508 16677 22346 7859 
21513 16686 22355 7862 
21519 16692 22361 7863 
21526 16696 22366 7867 
21531 16700 22376 7867 
21535 16704 22385 7867 
21544 16708 22391 7867 
21556 16714 22397 7870 
21563 16717 22398 7870 
21567 16725 22409 7873 
21572 16734 22413 7874 
21578 16739 22420 7876 
21585 16746 22429 7876 
21594 16749 22436 7877 
21598 16752 22444 7879 
21608 16756 22449 7883 
21612 16762 22461 7886 
21621 16768 22463 7887 
21628 16770 22472 7891 
21636 16774 22476 7891 
21640 16778 22482 7896 
21642 16782 22487 7896 
21649 16788 22493 7897 
21656 16790 22502 7898 
21667 16794 22512 7901 
21672 16799 22520 7905 
21678 16802 22528 7906 
21687 16807 22537 7910 
21693 16814 22546 7911 
21700 16816 22550 7912 
21704 16820 22555 7915 
21708 16822 22561 7918 
21712 16826 22566 7920 
21717 16830 22576 7924 
21727 16836 22581 7927 
21731 16839 22585 7930 
21732 16846 22590 7933 
21736 16851 22599 7934 
21743 16855 22604 7938 
21752 16865 22610 7938 
21757 16872 22617 7940 
21764 16878 22619 7944 
21769 16880 22630 7946 
21774 16881 22638 7947 
21777 16886 22651 7950 
21784 16889 22657 7952 
21790 16893 22662 7957 
21799 16901 22668 7957 
21807 16906 22671 7957 
21818 16909 22676 7959 
21823 16915 22683 7962 
21826 16922 22685 7962 
21837 16923 22690 7964 
21841 16925 22700 7967 
21848 16928 22705 7971 
21852 16936 22712 7973 
21860 16939 22716 7974 
21863 16943 22722 7976 
21870 16947 22728 7978 
21874 16950 22736 7979 
21879 16955 22745 7985 
21886 16960 22751 7988 
21894 16967 22758 7990 
21902 16972 22765 7990 
21907 16976 22774 7994 
21914 16982 22780 7996 
21920 16989 22785 7997 
21930 16994 22790 8002 
21939 16998 22798 8006 
21946 16999 22806 8010 
21949 17004 22810 8014 
21953 17010 22816 8016 
21960 17014 22824 8019 
21967 17016 22836 8019 
21973 17020 22843 8020 
21980 17027 22852 8021 
21990 17032 22859 8025 
21994 17038 22861 8026 
22000 17041 22868 8030 
22002 17048 22873 8032 
22006 17057 22883 8034 
22010 17064 22892 8037 
22015 17069 22898 8040 
22022 17073 22906 8041 
22028 17077 22915 8042 
22036 17080 22920 8046 
22045 17085 22926 8047 
22049 17090 22929 8047 
22055 17094 22938 8051 
22060 17097 22947 8052 
22064 17101 22955 8054 
22068 17105 22959 8057 
22074 17110 22976 8059 
22083 17120 22981 8062 
22088 17126 22986 8063 
22092 17131 22992 8066 
22096 17138 22995 8073 
22099 17146 23000 8075 
22103 17151 23007 8075 
22105 17156 23014 8080 
22111 17158 23021 8081 
22116 17161 23028 8083 
22122 17162 23037 8088 
22131 17164 23041 8090 
22137 17169 23044 8092 
22140 17175 23049 8095 
22146 17178 23061 8096 
22153 17184 23065 8100 
22157 17191 23072 8101 
22166 17198 23078 8101 
22170 17202 23086 8107 
22177 17208 23094 8110 
22182 17210 23100 8110 
22185 17214 23105 8113 
22191 17216 23114 8115 
22196 17224 23123 8117 
22202 17228 23129 8118 
22207 17229 23135 8120 
22216 17234 23144 8123 
22221 17240 23147 8127 
22228 17247 23155 8128 
22236 17253 23163 8132 
22239 17258 23166 8135 
22245 17263 23173 8136 
22251 17266 23180 8138 
22257 17273 23187 8139 
22262 17280 23194 8145 
22274 17285 23202 8146 
22281 17292 23212 8152 
22283 17297 23218 8158 
22288 17306 23229 8160 
22295 17309 23235 8161 
22301 17315 23241 8162 
22304 17319 23250 8163 
22309 17326 23253 8167 
22315 17332 23262 8168 
22322 17342 23269 8171 
22331 17344 23275 8172 
22337 17349 23279 8175 
22341 17355 23284 8178 
