0 0 0 0 
4 2 3 3 
10 5 8 3 
13 7 13 3 
21 12 21 4 
26 12 28 5 
30 14 30 6 
35 24 37 8 
37 29 46 8 
45 32 48 9 
49 33 51 12 
55 35 55 18 
61 38 57 20 
67 41 64 21 
73 43 71 22 
75 48 75 22 
82 48 84 23 
90 51 88 23 
94 52 90 27 
97 56 97 29 
106 57 98 31 
112 61 100 32 
117 63 105 32 
122 67 113 34 
128 69 117 38 
129 70 122 39 
132 72 128 41 
137 77 131 43 
144 82 138 45 
153 85 142 48 
158 90 146 49 
162 95 150 49 
165 98 152 52 
169 101 160 53 
170 105 164 54 
175 109 169 58 
176 112 175 59 
182 115 180 61 
189 117 184 63 
200 119 196 63 
207 121 201 65 
211 124 204 68 
217 129 207 68 
223 131 212 70 
230 139 215 73 
231 144 217 74 
238 146 221 74 
242 150 224 75 
247 152 230 78 
251 154 234 80 
256 157 240 83 
260 161 246 85 
262 169 247 86 
265 173 249 88 
266 179 255 88 
274 182 261 90 
282 183 265 91 
287 184 269 94 
289 186 272 95 
296 188 276 96 
301 195 287 99 
305 197 296 100 
311 202 303 103 
315 205 309 105 
321 206 311 108 
326 208 316 112 
334 211 322 114 
339 214 330 114 
344 216 337 117 
350 218 340 118 
351 221 345 122 
352 224 347 124 
355 228 351 124 
363 228 354 126 
367 232 360 128 
372 233 366 131 
378 239 367 132 
387 240 369 133 
391 245 372 134 
398 248 377 135 
410 252 379 136 
420 256 385 139 
426 258 391 141 
435 260 396 144 
441 263 399 145 
447 268 404 146 
457 272 411 148 
464 276 415 149 
466 281 422 150 
472 285 423 152 
478 288 427 154 
481 291 430 158 
482 294 435 159 
486 298 442 160 
491 299 446 161 
499 301 447 163 
505 309 457 164 
512 309 462 167 
515 314 471 169 
529 320 479 170 
534 322 486 171 
538 327 486 173 
545 333 493 173 
548 337 500 173 
551 341 504 176 
557 346 505 177 
562 351 511 178 
568 355 514 179 
572 360 523 179 
576 368 529 179 
581 369 532 181 
588 375 537 182 
592 378 542 186 
599 380 548 188 
600 383 557 189 
603 386 563 191 
605 389 568 192 
614 395 571 194 
621 402 576 195 
623 405 581 198 
630 406 584 202 
635 410 591 202 
642 414 594 203 
648 419 598 204 
653 425 604 208 
659 431 613 209 
665 433 616 210 
672 436 622 211 
673 440 625 213 
679 442 632 213 
680 449 635 214 
688 452 641 215 
693 453 648 217 
701 457 654 218 
706 462 661 220 
711 464 668 222 
723 468 672 225 
728 471 676 225 
733 477 680 225 
738 484 684 226 
744 487 688 226 
750 490 694 227 
751 499 698 229 
754 504 702 232 
756 511 709 235 
762 518 712 237 
766 524 715 238 
773 528 722 238 
782 529 724 240 
784 531 728 241 
788 532 730 241 
794 537 735 243 
800 545 737 245 
805 548 739 245 
811 548 743 246 
816 549 749 250 
823 550 753 252 
827 554 759 255 
834 562 770 257 
837 565 774 259 
842 573 779 259 
847 577 782 262 
849 579 790 262 
862 583 793 262 
868 591 797 265 
874 595 800 267 
881 598 806 268 
887 602 814 268 
892 606 822 273 
898 609 824 276 
901 610 829 277 
906 612 838 280 
914 615 843 280 
916 618 850 284 
926 624 855 285 
934 626 860 285 
941 633 867 287 
946 635 873 290 
953 639 875 293 
960 646 879 295 
964 648 884 297 
968 651 890 300 
973 655 894 305 
978 658 900 306 
985 662 904 307 
987 666 912 308 
991 668 918 311 
999 672 923 311 
1006 673 929 311 
1013 680 935 314 
1019 685 940 314 
1024 687 946 315 
1035 689 954 316 
1040 692 959 319 
1045 695 965 319 
1050 706 967 321 
1055 713 971 324 
1060 716 974 326 
1065 717 977 327 
1066 722 988 327 
1073 726 992 330 
1080 734 998 331 
1087 740 1004 332 
1094 743 1011 332 
1098 748 1015 335 
1102 749 1017 339 
1105 758 1022 342 
1114 760 1029 345 
1116 762 1033 349 
1121 763 1040 351 
1126 764 1046 351 
1128 768 1055 353 
1136 770 1062 355 
1141 778 1066 357 
1146 782 1070 362 
1150 783 1076 365 
1154 787 1086 367 
1158 791 1092 371 
1163 794 1096 373 
1165 796 1104 374 
1172 799 1108 376 
1180 804 1112 378 
1191 805 1118 378 
1199 808 1124 383 
1205 811 1127 383 
1210 815 1133 383 
1218 821 1139 384 
1222 824 1151 386 
1231 826 1157 387 
1235 831 1164 393 
1239 834 1170 393 
1243 836 1176 394 
1246 837 1182 395 
1254 844 1185 397 
1259 849 1190 397 
1269 855 1195 398 
1275 862 1201 400 
1282 863 1205 404 
1289 866 1212 406 
1292 870 1214 409 
1302 872 1219 410 
1308 875 1228 411 
1319 876 1232 413 
1327 880 1236 417 
1333 882 1241 417 
1339 884 1248 419 
1344 887 1251 423 
1347 890 1254 425 
1352 891 1261 427 
1358 892 1265 427 
1364 893 1274 429 
1369 896 1276 430 
1374 900 1283 433 
1380 900 1288 434 
1391 907 1294 435 
1398 916 1299 435 
1404 918 1306 435 
1411 920 1313 437 
1415 922 1315 439 
1423 925 1317 440 
1436 929 1323 440 
1443 934 1329 443 
1450 938 1336 444 
1454 939 1341 444 
1462 944 1346 445 
1466 945 1351 446 
1468 952 1357 450 
1476 956 1363 454 
1481 959 1368 454 
1487 966 1376 457 
1487 967 1383 458 
1492 971 1387 461 
1498 974 1392 461 
1503 981 1397 466 
1507 982 1400 469 
1513 989 1405 472 
1520 994 1408 475 
1526 999 1411 475 
1530 1001 1415 475 
1536 1003 1420 476 
1542 1008 1428 480 
1545 1012 1436 481 
1548 1016 1443 483 
1556 1024 1448 484 
1564 1026 1454 485 
1570 1030 1458 489 
1576 1034 1468 490 
1578 1038 1470 492 
1587 1044 1482 497 
1594 1047 1488 498 
1595 1049 1491 500 
1597 1052 1495 501 
1603 1057 1500 503 
1608 1062 1504 504 
1616 1063 1511 506 
1620 1065 1517 507 
1623 1068 1523 513 
1628 1075 1529 515 
1637 1080 1533 515 
1643 1082 1544 517 
1645 1085 1555 519 
1651 1088 1559 521 
1661 1092 1565 523 
1668 1101 1570 525 
1671 1106 1574 528 
1676 1109 1580 531 
1683 1112 1587 534 
1692 1114 1601 536 
1696 1118 1607 536 
1702 1121 1615 536 
1706 1124 1621 539 
1712 1131 1629 541 
1716 1135 1633 542 
1723 1138 1637 545 
1725 1140 1644 546 
1735 1144 1649 549 
1738 1148 1653 551 
1742 1152 1656 556 
1747 1155 1662 558 
1750 1159 1664 558 
1756 1159 1665 560 
1760 1162 1670 561 
1763 1164 1676 563 
1765 1167 1683 566 
1774 1172 1685 569 
1777 1175 1693 574 
1783 1179 1699 577 
1789 1183 1700 577 
1795 1186 1704 579 
1800 1187 1708 583 
1803 1191 1714 585 
1806 1199 1718 586 
1810 1204 1725 589 
1814 1211 1732 590 
1820 1215 1734 592 
1826 1217 1737 596 
1828 1220 1740 596 
1834 1222 1750 598 
1841 1228 1761 598 
1846 1230 1768 600 
1850 1235 1769 601 
1855 1241 1775 602 
1861 1247 1777 603 
1867 1249 1786 605 
1875 1252 1790 606 
1879 1256 1794 606 
1885 1262 1808 607 
1887 1266 1812 607 
1896 1270 1814 607 
1902 1276 1818 610 
1908 1279 1819 615 
1912 1284 1826 616 
1924 1292 1828 618 
1932 1294 1834 619 
1935 1295 1840 620 
1943 1300 1844 624 
1949 1302 1850 626 
1954 1305 1859 631 
1959 1310 1870 632 
1962 1313 1875 632 
1966 1314 1882 635 
1972 1320 1887 636 
1976 1323 1890 640 
1980 1326 1893 643 
1985 1328 1899 646 
1990 1333 1902 648 
1997 1333 1907 649 
2007 1340 1913 651 
2012 1350 1919 652 
2016 1351 1924 657 
2020 1354 1929 658 
2022 1358 1931 661 
2031 1360 1936 662 
2038 1366 1941 665 
2045 1369 1953 665 
2047 1370 1960 667 
2050 1373 1963 668 
2058 1378 1964 670 
2064 1380 1972 671 
2069 1385 1975 673 
2074 1388 1977 673 
2080 1395 1981 676 
2089 1398 1990 679 
2091 1401 1995 682 
2100 1408 1997 684 
2109 1410 2001 685 
2112 1412 2003 685 
2115 1415 2011 687 
2117 1418 2017 689 
2122 1419 2019 692 
2124 1423 2023 695 
2131 1424 2028 696 
2138 1429 2031 699 
2140 1433 2033 702 
2145 1438 2037 704 
2146 1441 2047 706 
2150 1447 2053 709 
2159 1451 2059 711 
2167 1452 2062 714 
2174 1456 2066 715 
2177 1461 2073 716 
2181 1464 2078 719 
2184 1470 2082 720 
2190 1474 2091 723 
2192 1477 2097 726 
2198 1482 2103 728 
2203 1484 2111 728 
2207 1487 2117 730 
2212 1489 2123 733 
2217 1497 2127 735 
2219 1500 2131 735 
2226 1503 2139 735 
2230 1506 2143 738 
2237 1508 2148 741 
2242 1510 2152 742 
2245 1510 2156 746 
2248 1515 2161 747 
2254 1516 2169 748 
2264 1520 2175 749 
2267 1525 2183 753 
2273 1530 2192 756 
2279 1532 2194 759 
2286 1536 2197 761 
2290 1540 2201 763 
2297 1543 2201 765 
2299 1546 2204 768 
2308 1550 2209 768 
2310 1553 2214 770 
2319 1559 2218 770 
2326 1559 2224 773 
2333 1564 2232 776 
2337 1566 2240 780 
2342 1572 2245 782 
2349 1575 2249 786 
2355 1579 2252 789 
2357 1583 2254 792 
2359 1592 2256 793 
2367 1595 2265 795 
2371 1599 2271 796 
2378 1602 2277 800 
2383 1604 2281 800 
2390 1609 2283 805 
2397 1617 2288 807 
2400 1623 2296 811 
2404 1627 2302 813 
2410 1633 2310 814 
2415 1640 2316 816 
2418 1641 2328 817 
2426 1645 2331 820 
2432 1648 2337 822 
2438 1655 2338 823 
2441 1661 2343 825 
2447 1664 2347 825 
2454 1670 2355 825 
2461 1676 2359 827 
2465 1678 2368 831 
2471 1682 2372 831 
2479 1685 2374 832 
2483 1690 2382 832 
2488 1692 2389 833 
2490 1698 2392 835 
2492 1703 2394 836 
2494 1708 2399 837 
2501 1712 2405 838 
2505 1713 2408 841 
2512 1716 2414 841 
2520 1719 2416 842 
2523 1721 2418 850 
2527 1723 2425 853 
2529 1726 2430 855 
2531 1730 2436 856 
2537 1734 2442 858 
2545 1738 2449 860 
2553 1741 2455 860 
2559 1746 2463 862 
2565 1752 2471 865 
2569 1756 2479 865 
2574 1758 2482 867 
2581 1761 2486 869 
2587 1764 2488 869 
2591 1766 2496 872 
2595 1770 2497 874 
2602 1772 2501 875 
2604 1777 2505 877 
2605 1782 2506 878 
2609 1785 2512 879 
2615 1789 2518 882 
2619 1791 2520 883 
2624 1793 2525 885 
2625 1796 2528 887 
2631 1800 2532 890 
2639 1806 2534 892 
2645 1810 2545 894 
2651 1811 2552 896 
2654 1815 2560 897 
2658 1821 2562 900 
2662 1824 2568 900 
2666 1826 2572 902 
2669 1832 2579 904 
2675 1833 2588 905 
2679 1838 2590 905 
2680 1843 2596 907 
2687 1845 2601 911 
2692 1850 2602 912 
2699 1854 2607 915 
2701 1858 2612 915 
2709 1862 2616 916 
2714 1865 2625 917 
2720 1869 2629 918 
2725 1873 2633 918 
2733 1879 2636 919 
2736 1882 2641 921 
2738 1884 2647 923 
2740 1886 2651 926 
2751 1892 2654 926 
2756 1896 2663 927 
2763 1897 2670 929 
2767 1900 2677 930 
2771 1906 2682 930 
2775 1907 2687 934 
2779 1911 2690 935 
2782 1914 2693 935 
2787 1918 2699 936 
2794 1924 2701 937 
2796 1927 2704 938 
2799 1931 2712 942 
2803 1938 2716 943 
2809 1939 2722 945 
2810 1941 2732 947 
2814 1946 2736 948 
2819 1948 2745 949 
2825 1953 2745 949 
2826 1956 2749 950 
2831 1960 2751 954 
2841 1964 2755 955 
2851 1969 2757 959 
2860 1973 2764 959 
2864 1976 2768 964 
2869 1981 2773 965 
2875 1987 2776 969 
2880 1989 2780 970 
2883 1989 2783 970 
2892 1995 2789 975 
2896 1999 2794 976 
2903 2004 2800 976 
2908 2009 2806 977 
2911 2012 2817 982 
2915 2015 2822 983 
2923 2018 2825 983 
2930 2022 2828 985 
2937 2028 2834 987 
2948 2031 2840 989 
2950 2033 2843 991 
2955 2036 2847 993 
2963 2040 2852 996 
2969 2044 2857 997 
2972 2045 2860 999 
2976 2053 2870 1002 
2978 2056 2877 1003 
2982 2057 2884 1007 
2986 2061 2893 1008 
2988 2067 2898 1010 
2992 2071 2906 1013 
2997 2077 2911 1015 
3002 2082 2915 1016 
3006 2084 2922 1017 
3012 2086 2924 1023 
3014 2090 2927 1024 
3020 2094 2932 1027 
3029 2096 2935 1031 
3036 2099 2943 1032 
3043 2102 2946 1035 
3048 2107 2953 1038 
3055 2111 2958 1041 
3062 2121 2962 1044 
3070 2122 2968 1046 
3076 2131 2970 1046 
3081 2134 2974 1049 
3084 2138 2979 1052 
3089 2144 2983 1057 
3092 2148 2990 1059 
3101 2150 2998 1059 
3102 2154 3002 1062 
3110 2155 3005 1064 
3112 2160 3012 1065 
3117 2162 3016 1068 
3119 2165 3019 1069 
3124 2167 3023 1071 
3130 2168 3027 1072 
3134 2170 3030 1072 
3141 2176 3034 1072 
3148 2180 3041 1072 
3155 2182 3045 1073 
3162 2184 3052 1074 
3166 2186 3057 1078 
3170 2190 3062 1079 
3173 2198 3066 1081 
3179 2203 3068 1082 
3180 2205 3076 1082 
3186 2206 3082 1083 
3193 2210 3084 1085 
3197 2214 3091 1088 
3199 2222 3095 1089 
3203 2227 3099 1091 
3210 2229 3106 1091 
3214 2230 3115 1092 
3219 2234 3118 1094 
3221 2238 3126 1096 
3223 2241 3133 1097 
3230 2246 3137 1097 
3236 2247 3140 1099 
3242 2250 3150 1101 
3245 2252 3153 1102 
3253 2255 3159 1102 
3257 2259 3164 1106 
3262 2268 3168 1107 
3268 2274 3175 1108 
3272 2278 3179 1109 
3272 2281 3181 1110 
3280 2284 3187 1110 
3288 2287 3191 1112 
3291 2288 3198 1113 
3294 2292 3200 1114 
3296 2298 3204 1117 
3304 2301 3207 1118 
3307 2304 3212 1122 
3314 2308 3216 1123 
3319 2314 3220 1124 
3322 2317 3227 1125 
3326 2320 3229 1130 
3333 2321 3236 1132 
3335 2326 3240 1136 
3340 2332 3243 1137 
3350 2337 3247 1137 
3358 2338 3253 1139 
3360 2341 3260 1141 
3366 2342 3267 1142 
3371 2348 3272 1144 
3379 2351 3281 1144 
3385 2356 3286 1145 
3389 2357 3294 1149 
3395 2361 3302 1153 
3401 2363 3303 1154 
3404 2367 3305 1157 
3410 2370 3312 1159 
3416 2372 3314 1161 
3418 2375 3320 1161 
3425 2377 3326 1164 
3434 2381 3332 1166 
3438 2387 3336 1167 
3446 2393 3340 1169 
3449 2399 3344 1169 
3456 2400 3352 1169 
3460 2403 3354 1170 
3469 2408 3358 1171 
3474 2413 3360 1173 
3481 2415 3365 1176 
3487 2417 3370 1177 
3493 2425 3372 1180 
3497 2430 3374 1181 
3501 2433 3377 1181 
3509 2435 3383 1184 
3514 2444 3387 1186 
3524 2450 3394 1187 
3529 2453 3401 1188 
3533 2455 3408 1192 
3538 2462 3415 1195 
3543 2469 3419 1196 
3550 2471 3431 1198 
3559 2474 3434 1200 
3563 2476 3438 1202 
3566 2480 3441 1204 
3570 2481 3447 1207 
3574 2482 3450 1208 
3575 2485 3457 1208 
3582 2491 3458 1209 
3586 2495 3462 1211 
3589 2496 3467 1216 
3599 2499 3474 1217 
3602 2502 3481 1218 
3608 2504 3490 1219 
3612 2508 3495 1222 
3620 2513 3500 1225 
3625 2515 3504 1228 
3632 2520 3512 1232 
3639 2524 3520 1234 
3641 2531 3532 1235 
3647 2537 3541 1235 
3658 2540 3545 1238 
3666 2544 3553 1239 
3669 2549 3558 1241 
3677 2554 3561 1244 
3687 2559 3563 1246 
3694 2560 3569 1247 
3698 2568 3573 1250 
3708 2570 3579 1252 
3712 2573 3582 1253 
3714 2575 3586 1255 
3719 2578 3594 1256 
3725 2583 3600 1259 
3731 2586 3606 1262 
3741 2588 3608 1264 
3747 2593 3612 1266 
3751 2601 3614 1272 
3757 2604 3623 1275 
3764 2607 3627 1279 
3767 2613 3631 1283 
3772 2618 3635 1286 
3778 2622 3640 1288 
3784 2624 3645 1293 
3787 2628 3650 1294 
3796 2631 3655 1295 
3806 2632 3658 1298 
3810 2635 3662 1299 
3814 2640 3667 1304 
3821 2644 3673 1307 
3824 2650 3676 1309 
3831 2656 3678 1311 
3836 2657 3679 1312 
3846 2661 3683 1312 
3856 2665 3687 1315 
3863 2668 3693 1319 
3865 2668 3698 1324 
3873 2673 3708 1325 
3878 2674 3714 1327 
3884 2676 3719 1328 
3889 2680 3724 1330 
3892 2687 3734 1332 
3899 2692 3744 1334 
3904 2694 3748 1337 
3908 2696 3755 1338 
3914 2703 3760 1338 
3919 2713 3768 1339 
3929 2716 3771 1340 
3933 2719 3775 1345 
3939 2719 3782 1346 
3940 2724 3789 1347 
3952 2728 3793 1351 
3959 2731 3797 1353 
3961 2733 3801 1354 
3967 2736 3806 1355 
3973 2737 3816 1355 
3978 2741 3820 1357 
3984 2744 3822 1360 
3987 2746 3828 1366 
3989 2747 3832 1371 
3996 2750 3836 1376 
3997 2757 3843 1379 
4000 2758 3845 1383 
4004 2763 3846 1384 
4005 2766 3851 1384 
4016 2775 3858 1388 
4023 2778 3862 1390 
4030 2780 3867 1391 
4036 2787 3870 1392 
4040 2792 3876 1394 
4045 2792 3878 1395 
4056 2792 3884 1395 
4060 2795 3889 1397 
4067 2798 3895 1398 
4072 2801 3902 1401 
4080 2804 3906 1401 
4085 2810 3917 1406 
4093 2816 3920 1410 
4100 2816 3925 1413 
4106 2818 3929 1413 
4110 2823 3935 1418 
4116 2831 3940 1419 
4125 2836 3946 1419 
4128 2841 3950 1419 
4134 2845 3957 1420 
4140 2851 3962 1421 
4149 2858 3969 1424 
4154 2860 3976 1424 
4160 2862 3976 1427 
4162 2868 3984 1427 
4170 2870 3991 1430 
4172 2876 3998 1430 
4175 2879 4002 1431 
4177 2883 4017 1435 
4180 2886 4020 1435 
4190 2887 4024 1437 
4202 2891 4036 1438 
4206 2896 4040 1439 
4213 2900 4045 1442 
4218 2905 4050 1444 
4222 2908 4057 1446 
4227 2912 4062 1446 
4230 2914 4072 1446 
4238 2916 4079 1446 
4244 2919 4082 1447 
4252 2924 4087 1449 
4253 2928 4091 1451 
4255 2929 4096 1453 
4264 2930 4098 1455 
4270 2932 4101 1456 
4271 2936 4104 1458 
4276 2939 4109 1459 
4282 2942 4116 1461 
4289 2945 4118 1462 
4295 2950 4122 1464 
4304 2953 4125 1467 
4314 2960 4130 1469 
4319 2965 4134 1471 
4322 2967 4139 1473 
4324 2969 4145 1477 
4327 2971 4150 1478 
4329 2975 4153 1482 
4335 2980 4158 1484 
4344 2983 4165 1485 
4351 2983 4172 1489 
4356 2986 4177 1490 
4365 2991 4181 1491 
4371 2994 4190 1492 
4372 3002 4199 1493 
4380 3004 4207 1494 
4384 3009 4212 1498 
4387 3021 4214 1499 
4388 3024 4220 1502 
4396 3031 4224 1505 
4398 3037 4229 1507 
4406 3047 4234 1510 
4413 3052 4239 1511 
4417 3059 4242 1515 
4428 3064 4245 1518 
4434 3070 4256 1518 
4438 3075 4261 1521 
4446 3076 4263 1523 
4448 3087 4265 1525 
4451 3088 4267 1526 
4458 3092 4272 1529 
4462 3095 4279 1529 
4468 3100 4285 1530 
4474 3106 4293 1531 
4481 3109 4297 1532 
4486 3112 4301 1534 
4489 3115 4307 1534 
4495 3117 4311 1535 
4505 3122 4319 1536 
4510 3124 4327 1538 
4512 3125 4331 1541 
4517 3130 4336 1544 
4525 3130 4345 1545 
4531 3133 4349 1549 
4536 3140 4352 1551 
4539 3142 4355 1552 
4546 3147 4356 1555 
4551 3152 4362 1559 
4557 3155 4368 1563 
4564 3156 4373 1564 
4567 3159 4376 1565 
4573 3165 4381 1567 
4575 3170 4388 1568 
4584 3178 4395 1570 
4590 3184 4397 1572 
4595 3187 4401 1575 
4604 3192 4406 1577 
4607 3194 4410 1582 
4615 3196 4412 1583 
4622 3203 4418 1587 
4629 3208 4424 1590 
4633 3215 4427 1592 
4637 3221 4433 1592 
4641 3224 4438 1592 
4648 3225 4447 1595 
4651 3229 4451 1596 
4661 3231 4461 1597 
4663 3237 4465 1599 
4669 3238 4469 1601 
4674 3239 4474 1602 
4677 3240 4479 1602 
4680 3243 4482 1602 
4684 3247 4488 1606 
4692 3250 4495 1610 
4694 3259 4499 1612 
4704 3261 4508 1613 
4708 3264 4514 1614 
4711 3269 4523 1616 
4720 3272 4528 1616 
4726 3276 4539 1620 
4734 3280 4551 1624 
4739 3283 4559 1628 
4741 3288 4561 1630 
4747 3292 4564 1631 
4752 3295 4572 1634 
4757 3300 4579 1634 
4762 3303 4585 1635 
4770 3307 4586 1636 
4777 3309 4596 1637 
4783 3311 4600 1639 
4788 3317 4605 1640 
4792 3320 4612 1640 
4800 3323 4621 1641 
4804 3326 4628 1642 
4810 3332 4635 1642 
4816 3336 4642 1642 
4821 3339 4646 1644 
4826 3345 4651 1646 
4830 3350 4656 1651 
4837 3354 4660 1653 
4844 3358 4666 1655 
4848 3363 4675 1657 
4850 3368 4681 1658 
4857 3373 4688 1659 
4863 3378 4691 1660 
4869 3381 4692 1660 
4872 3385 4698 1661 
4881 3390 4703 1663 
4885 3391 4709 1663 
4894 3395 4712 1666 
4898 3397 4718 1668 
4901 3401 4723 1671 
4908 3404 4728 1674 
4912 3410 4730 1675 
4914 3411 4734 1676 
4922 3416 4736 1676 
4934 3417 4740 1677 
4939 3423 4744 1680 
4947 3426 4750 1682 
4953 3431 4758 1682 
4957 3435 4763 1684 
4967 3438 4771 1686 
4971 3445 4780 1688 
4982 3448 4783 1692 
4985 3452 4792 1692 
4992 3458 4797 1694 
4997 3458 4801 1697 
5005 3460 4805 1700 
5010 3464 4814 1701 
5016 3470 4819 1704 
5019 3472 4824 1704 
5025 3474 4830 1704 
5031 3479 4839 1707 
5033 3484 4844 1708 
5043 3485 4850 1710 
5047 3492 4855 1711 
5050 3494 4862 1712 
5056 3498 4869 1712 
5062 3501 4876 1714 
5067 3506 4878 1719 
5074 3512 4880 1722 
5082 3517 4886 1723 
5084 3518 4890 1724 
5094 3523 4892 1726 
5098 3529 4899 1730 
5104 3533 4905 1732 
5107 3535 4908 1734 
5113 3540 4912 1735 
5119 3546 4915 1738 
5122 3547 4917 1742 
5126 3552 4922 1744 
5131 3556 4931 1746 
5136 3557 4937 1748 
5141 3562 4940 1750 
5148 3566 4943 1755 
5151 3568 4947 1756 
5160 3572 4952 1760 
5167 3576 4956 1763 
5175 3576 4963 1763 
5180 3579 4971 1764 
5187 3582 4979 1766 
5194 3586 4987 1769 
5198 3589 4990 1771 
5205 3593 4995 1772 
5207 3597 4998 1773 
5211 3602 5005 1775 
5218 3607 5007 1778 
5224 3611 5015 1783 
5231 3616 5022 1785 
5233 3620 5029 1787 
5237 3627 5031 1789 
5240 3631 5036 1791 
5244 3639 5042 1792 
5251 3644 5052 1796 
5254 3645 5057 1800 
5263 3646 5061 1801 
5265 3652 5064 1802 
5275 3656 5070 1804 
5279 3658 5074 1806 
5282 3661 5080 1807 
5287 3664 5088 1808 
5295 3668 5094 1810 
5302 3671 5096 1813 
5308 3675 5098 1815 
5311 3678 5104 1815 
5316 3681 5109 1817 
5320 3683 5114 1817 
5323 3687 5122 1818 
5327 3690 5126 1820 
5331 3693 5130 1822 
5339 3694 5136 1822 
5344 3696 5144 1823 
5354 3698 5147 1824 
5358 3700 5152 1826 
5364 3706 5158 1826 
5368 3709 5166 1830 
5377 3710 5176 1831 
5382 3710 5181 1832 
5387 3715 5185 1832 
5388 3715 5188 1832 
5391 3719 5195 1833 
5395 3725 5200 1835 
5401 3730 5202 1840 
5405 3733 5203 1840 
5414 3739 5208 1842 
5420 3740 5211 1844 
5429 3742 5217 1846 
5436 3746 5219 1849 
5447 3754 5225 1851 
5451 3760 5230 1852 
5456 3762 5240 1854 
5464 3765 5243 1854 
5467 3766 5247 1855 
5475 3768 5254 1857 
5480 3776 5261 1857 
5484 3779 5266 1859 
5491 3783 5269 1862 
5496 3785 5274 1862 
5499 3789 5280 1864 
5506 3793 5286 1869 
5512 3797 5293 1872 
5520 3800 5299 1873 
5528 3804 5303 1874 
5531 3806 5311 1878 
5535 3808 5315 1879 
5536 3809 5319 1879 
5538 3811 5323 1882 
5541 3822 5330 1883 
5544 3825 5332 1885 
5548 3832 5338 1887 
5552 3840 5344 1889 
5555 3844 5345 1889 
5564 3849 5349 1890 
5571 3856 5353 1894 
5578 3862 5356 1898 
5585 3865 5362 1901 
5590 3866 5368 1901 
5596 3867 5380 1903 
5600 3875 5387 1903 
5605 3879 5391 1908 
5609 3882 5394 1913 
5613 3885 5396 1914 
5623 3889 5402 1915 
5628 3891 5407 1920 
5631 3893 5412 1921 
5637 3900 5416 1921 
5643 3906 5423 1921 
5647 3908 5428 1923 
5651 3910 5434 1926 
5652 3913 5438 1926 
5657 3919 5440 1929 
5662 3923 5447 1931 
5671 3930 5450 1934 
5675 3935 5454 1935 
5680 3942 5461 1938 
5686 3943 5469 1940 
5688 3952 5481 1940 
5690 3956 5486 1941 
5695 3958 5492 1943 
5699 3962 5494 1944 
5704 3969 5502 1947 
5706 3973 5505 1948 
5710 3977 5511 1952 
5714 3980 5517 1955 
5719 3986 5522 1958 
5725 3993 5525 1959 
5730 3995 5530 1960 
5732 4001 5534 1961 
5737 4002 5537 1964 
5743 4005 5540 1966 
5747 4008 5549 1968 
5752 4015 5558 1970 
5759 4023 5565 1972 
5765 4025 5570 1972 
5767 4028 5578 1974 
5769 4030 5584 1975 
5774 4036 5592 1978 
5780 4043 5600 1981 
5789 4049 5603 1985 
5794 4053 5606 1986 
5799 4056 5612 1986 
5803 4058 5617 1990 
5809 4061 5623 1991 
5814 4063 5625 1996 
5819 4068 5630 1997 
5826 4070 5640 1998 
5830 4074 5644 1999 
5837 4079 5654 2001 
5840 4085 5657 2001 
5847 4088 5664 2002 
5854 4092 5669 2002 
5863 4095 5676 2005 
5869 4096 5683 2008 
5874 4099 5688 2010 
5875 4099 5691 2011 
5883 4104 5697 2014 
5889 4105 5706 2016 
5893 4111 5711 2018 
5898 4115 5719 2018 
5907 4117 5725 2018 
5910 4119 5730 2025 
5911 4124 5735 2025 
5918 4126 5740 2027 
5923 4127 5745 2029 
5929 4130 5751 2029 
5936 4132 5757 2031 
5943 4136 5762 2031 
5946 4139 5774 2035 
5954 4145 5782 2035 
5962 4151 5789 2036 
5966 4158 5796 2039 
5972 4162 5801 2040 
5979 4165 5808 2043 
5988 4167 5814 2044 
5992 4174 5823 2045 
5996 4176 5827 2045 
6002 4180 5833 2049 
6009 4183 5837 2051 
6011 4184 5841 2055 
6015 4187 5842 2056 
6020 4192 5847 2059 
6024 4194 5853 2059 
6033 4196 5860 2061 
6038 4200 5867 2063 
6042 4207 5876 2064 
6050 4213 5879 2065 
6056 4219 5881 2066 
6061 4225 5887 2067 
6066 4230 5894 2068 
6071 4234 5901 2069 
6076 4237 5906 2071 
6081 4244 5910 2073 
6084 4249 5918 2076 
6088 4254 5927 2079 
6089 4259 5935 2082 
6092 4263 5942 2082 
6098 4270 5944 2085 
6102 4273 5946 2085 
6106 4277 5950 2085 
6112 4287 5955 2087 
6118 4289 5961 2088 
6122 4294 5965 2090 
6126 4296 5973 2095 
6134 4302 5979 2095 
6138 4305 5981 2096 
6143 4307 5987 2097 
6146 4311 5993 2099 
6149 4311 5999 2100 
6158 4315 6007 2102 
6163 4318 6011 2103 
6170 4322 6016 2103 
6175 4323 6022 2103 
6179 4326 6026 2103 
6186 4330 6029 2105 
6196 4336 6038 2108 
6201 4338 6043 2110 
6205 4338 6050 2111 
6208 4341 6056 2113 
6214 4344 6062 2116 
6216 4350 6067 2118 
6218 4352 6074 2120 
6222 4357 6080 2123 
6227 4361 6088 2124 
6228 4364 6092 2125 
6234 4368 6097 2126 
6240 4369 6102 2126 
6242 4370 6105 2129 
6243 4374 6109 2129 
6253 4376 6119 2130 
6259 4380 6127 2131 
6265 4382 6134 2131 
6272 4384 6140 2134 
6277 4387 6144 2136 
6284 4393 6151 2136 
6288 4394 6157 2136 
6294 4396 6165 2138 
6300 4398 6172 2138 
6305 4406 6175 2140 
6311 4409 6181 2142 
6317 4416 6186 2145 
6327 4418 6192 2148 
6334 4419 6193 2148 
6339 4420 6195 2150 
6342 4423 6202 2150 
6347 4424 6205 2152 
6351 4427 6210 2152 
6357 4431 6216 2156 
6363 4432 6224 2156 
6375 4434 6235 2163 
6379 4439 6239 2164 
6386 4444 6242 2165 
6392 4447 6244 2168 
6397 4450 6253 2169 
6401 4454 6257 2171 
6404 4457 6267 2173 
6410 4462 6271 2174 
6412 4470 6274 2174 
6417 4472 6279 2177 
6429 4477 6281 2179 
6436 4480 6286 2182 
6447 4485 6290 2184 
6453 4489 6296 2185 
6454 4494 6303 2188 
6458 4496 6308 2192 
6463 4501 6313 2194 
6468 4507 6320 2197 
6474 4511 6324 2199 
6479 4514 6332 2203 
6483 4516 6338 2206 
6494 4519 6341 2209 
6500 4521 6345 2211 
6507 4525 6349 2214 
6509 4528 6355 2215 
6511 4531 6362 2216 
6515 4534 6365 2219 
6519 4537 6373 2219 
6523 4541 6376 2220 
6526 4550 6383 2220 
6532 4551 6384 2221 
6536 4557 6390 2224 
6545 4561 6392 2228 
6550 4564 6401 2228 
6555 4571 6403 2229 
6558 4575 6406 2231 
6563 4578 6410 2232 
6568 4583 6414 2233 
6577 4588 6416 2236 
6580 4596 6426 2236 
6582 4600 6436 2237 
6591 4603 6441 2241 
6595 4605 6450 2243 
6598 4613 6455 2246 
6605 4616 6462 2248 
6610 4623 6470 2250 
6615 4626 6472 2253 
6618 4627 6476 2254 
6622 4631 6480 2256 
6630 4636 6482 2257 
6634 4642 6484 2257 
6639 4652 6490 2258 
6645 4654 6495 2258 
6651 4657 6497 2259 
6657 4661 6500 2259 
6662 4667 6502 2262 
6666 4669 6513 2265 
6668 4669 6516 2265 
6670 4674 6521 2267 
6672 4678 6522 2268 
6678 4681 6527 2269 
6680 4684 6533 2273 
6684 4689 6538 2274 
6692 4692 6547 2278 
6698 4698 6550 2283 
6702 4704 6555 2283 
6707 4714 6558 2284 
6712 4716 6560 2284 
6716 4721 6567 2288 
6722 4725 6574 2294 
6730 4726 6578 2294 
6735 4731 6586 2296 
6745 4735 6592 2298 
6753 4738 6596 2303 
6754 4741 6600 2305 
6760 4743 6600 2307 
6767 4749 6603 2311 
6770 4754 6609 2314 
6773 4758 6615 2319 
6778 4761 6618 2319 
6784 4764 6624 2322 
6790 4771 6630 2322 
6794 4774 6634 2322 
6798 4780 6638 2322 
6802 4781 6644 2323 
6808 4785 6647 2323 
6815 4788 6652 2327 
6822 4792 6658 2331 
6825 4795 6663 2331 
6832 4797 6667 2333 
6838 4806 6671 2335 
6841 4807 6676 2335 
6846 4812 6679 2335 
6853 4815 6682 2337 
6860 4821 6687 2337 
6863 4827 6692 2338 
6869 4830 6695 2339 
6870 4834 6697 2344 
6871 4838 6704 2347 
6875 4843 6710 2347 
6883 4844 6717 2349 
6890 4849 6724 2352 
6897 4852 6727 2353 
6902 4855 6734 2355 
6906 4860 6738 2357 
6909 4865 6747 2358 
6916 4873 6751 2359 
6924 4880 6755 2361 
6927 4887 6765 2362 
6928 4890 6771 2365 
6932 4898 6772 2368 
6941 4900 6777 2371 
6943 4904 6784 2372 
6946 4912 6791 2373 
6951 4915 6793 2375 
6956 4920 6803 2377 
6962 4925 6818 2380 
6969 4930 6825 2385 
6974 4936 6833 2386 
6978 4944 6841 2386 
6984 4949 6845 2386 
6991 4952 6855 2387 
6999 4960 6861 2390 
7005 4964 6869 2391 
7007 4969 6872 2392 
7012 4978 6875 2395 
7017 4984 6882 2397 
7024 4989 6887 2399 
7028 4992 6895 2401 
7032 4997 6903 2405 
7038 5001 6908 2409 
7040 5007 6912 2412 
7050 5010 6915 2415 
7055 5015 6919 2417 
7058 5023 6920 2417 
7061 5026 6925 2418 
7063 5034 6927 2420 
7069 5038 6935 2420 
7074 5041 6945 2421 
7078 5046 6949 2423 
7081 5048 6953 2426 
7085 5056 6956 2431 
7091 5057 6960 2431 
7094 5063 6967 2433 
7097 5066 6974 2439 
7102 5071 6982 2439 
7107 5073 6990 2439 
7112 5078 6999 2441 
7117 5081 6999 2443 
7123 5081 7003 2447 
7131 5083 7010 2449 
7133 5088 7013 2449 
7140 5090 7018 2452 
7144 5096 7026 2454 
7146 5099 7028 2455 
7149 5107 7036 2458 
7151 5110 7040 2459 
7154 5114 7045 2461 
7159 5118 7048 2461 
7167 5122 7053 2464 
7170 5127 7059 2466 
7174 5131 7066 2471 
7183 5132 7073 2474 
7188 5138 7076 2478 
7189 5141 7080 2478 
7194 5142 7085 2479 
7200 5149 7087 2479 
7202 5152 7092 2481 
7207 5155 7096 2486 
7210 5158 7103 2487 
7213 5165 7110 2488 
7217 5167 7120 2492 
7223 5171 7125 2494 
7229 5176 7134 2498 
7233 5181 7144 2500 
7238 5184 7147 2502 
7244 5186 7153 2506 
7246 5194 7157 2507 
7255 5197 7163 2508 
7259 5199 7168 2510 
7267 5206 7170 2513 
7274 5214 7176 2515 
7281 5219 7180 2518 
7287 5225 7185 2521 
7289 5231 7193 2523 
7295 5236 7195 2524 
7299 5239 7196 2526 
7306 5247 7201 2528 
7309 5251 7207 2530 
7311 5253 7214 2533 
7315 5258 7218 2536 
7324 5260 7223 2543 
7328 5264 7231 2547 
7329 5270 7233 2549 
7335 5273 7235 2549 
7340 5275 7238 2552 
7343 5283 7243 2555 
7347 5285 7248 2557 
7350 5288 7254 2558 
7352 5289 7258 2559 
7357 5292 7261 2560 
7363 5294 7270 2566 
7367 5298 7280 2569 
7373 5302 7284 2569 
7382 5310 7296 2571 
7386 5316 7303 2571 
7393 5322 7314 2573 
7396 5329 7318 2574 
7398 5330 7326 2575 
7404 5331 7333 2580 
7407 5335 7339 2581 
7415 5339 7342 2581 
7420 5344 7347 2584 
7423 5346 7352 2587 
7425 5350 7357 2590 
7434 5353 7362 2591 
7441 5356 7364 2592 
7449 5363 7366 2592 
7453 5366 7373 2594 
7459 5371 7376 2597 
7468 5373 7384 2598 
7472 5374 7388 2600 
7475 5377 7395 2601 
7484 5379 7400 2604 
7487 5383 7405 2607 
7494 5385 7414 2609 
7502 5390 7419 2610 
7507 5392 7423 2612 
7512 5395 7427 2614 
7516 5402 7431 2615 
7521 5406 7433 2616 
7526 5413 7441 2621 
7530 5420 7444 2622 
7538 5423 7449 2622 
7546 5430 7453 2624 
7548 5435 7455 2624 
7553 5441 7459 2625 
7557 5448 7461 2630 
7565 5450 7463 2635 
7570 5453 7468 2637 
7576 5460 7478 2639 
7584 5466 7480 2640 
7589 5472 7491 2645 
7595 5475 7496 2647 
7602 5486 7503 2649 
7610 5489 7509 2650 
7618 5491 7518 2652 
7625 5494 7526 2652 
7631 5502 7532 2654 
7640 5506 7538 2655 
7644 5509 7541 2658 
7649 5510 7547 2659 
7657 5517 7552 2660 
7660 5524 7558 2663 
7672 5531 7565 2666 
7679 5535 7571 2666 
7683 5540 7578 2669 
7692 5545 7583 2669 
7699 5549 7588 2672 
7707 5558 7591 2672 
7713 5560 7600 2675 
7722 5563 7604 2675 
7729 5565 7607 2677 
7739 5567 7610 2678 
7744 5571 7615 2679 
7746 5576 7618 2679 
7750 5582 7623 2679 
7754 5585 7631 2681 
7759 5589 7641 2683 
7762 5594 7648 2683 
7766 5600 7655 2685 
7769 5603 7662 2687 
7775 5607 7664 2689 
7782 5613 7669 2694 
7790 5615 7674 2697 
7796 5617 7679 2699 
7797 5618 7684 2700 
7806 5622 7692 2704 
7815 5626 7697 2705 
7819 5626 7708 2710 
7823 5627 7710 2714 
7829 5631 7715 2720 
7832 5639 7719 2721 
7836 5646 7725 2722 
7842 5648 7734 2723 
7845 5650 7740 2727 
7850 5652 7742 2729 
7857 5657 7748 2732 
7863 5658 7750 2734 
7866 5661 7758 2734 
7873 5665 7763 2738 
7876 5669 7768 2741 
7883 5673 7774 2746 
7886 5676 7777 2746 
7891 5677 7782 2747 
7896 5681 7789 2754 
7900 5683 7796 2757 
7905 5684 7802 2758 
7910 5688 7805 2760 
7918 5690 7809 2762 
7930 5696 7816 2763 
7934 5703 7822 2765 
7943 5705 7827 2766 
7948 5706 7835 2767 
7954 5712 7839 2771 
7959 5714 7846 2772 
7963 5718 7854 2773 
7967 5725 7859 2774 
7973 5726 7866 2775 
7980 5733 7870 2776 
7985 5734 7876 2782 
7987 5737 7884 2784 
7994 5741 7889 2787 
7997 5745 7894 2789 
8004 5750 7902 2791 
8009 5754 7907 2796 
8014 5756 7915 2798 
8019 5759 7916 2799 
8021 5764 7919 2801 
8030 5767 7923 2803 
8035 5773 7924 2805 
8038 5776 7930 2808 
8045 5781 7932 2808 
8054 5785 7937 2809 
8060 5790 7943 2810 
8066 5794 7949 2811 
8067 5797 7960 2814 
8071 5803 7963 2818 
8076 5807 7973 2819 
8081 5809 7978 2823 
8087 5814 7984 2825 
8092 5818 7994 2826 
8098 5821 7997 2830 
8103 5829 8001 2830 
8107 5832 8008 2830 
8113 5835 8014 2830 
8118 5841 8019 2832 
8121 5842 8026 2835 
8125 5850 8034 2838 
8134 5854 8046 2841 
8143 5859 8051 2842 
8148 5860 8057 2844 
8155 5863 8067 2846 
8160 5864 8070 2847 
8164 5866 8072 2851 
8166 5869 8075 2855 
8173 5874 8080 2856 
8179 5878 8087 2857 
8181 5885 8095 2858 
8186 5892 8102 2858 
8194 5895 8105 2859 
8196 5901 8115 2861 
8202 5906 8122 2863 
8210 5911 8129 2864 
8214 5916 8130 2867 
8220 5920 8135 2870 
8233 5926 8144 2871 
8239 5936 8150 2872 
8244 5940 8157 2875 
8251 5949 8166 2877 
8257 5952 8167 2881 
8261 5955 8172 2886 
8269 5958 8175 2888 
8272 5962 8181 2892 
8276 5967 8191 2894 
8284 5975 8194 2898 
8288 5977 8197 2899 
8292 5981 8204 2902 
8298 5982 8208 2906 
8303 5990 8212 2906 
8309 5993 8217 2907 
8309 5997 8225 2909 
8315 6001 8232 2911 
8323 6004 8234 2911 
8330 6011 8239 2913 
8333 6014 8244 2914 
8343 6018 8249 2916 
8351 6022 8253 2916 
8357 6028 8258 2918 
8364 6035 8264 2922 
8372 6040 8271 2923 
8378 6048 8278 2925 
8387 6054 8280 2926 
8389 6057 8290 2927 
8396 6065 8296 2928 
8403 6066 8300 2928 
8409 6071 8306 2930 
8416 6078 8308 2932 
8422 6085 8313 2933 
8426 6090 8316 2935 
8432 6099 8323 2935 
8438 6102 8327 2940 
8442 6105 8331 2943 
8454 6108 8337 2945 
8455 6117 8343 2946 
8463 6121 8345 2947 
8468 6125 8352 2948 
8472 6127 8359 2950 
8478 6132 8359 2953 
8486 6134 8366 2955 
8493 6136 8371 2957 
8495 6139 8374 2958 
8496 6145 8378 2959 
8502 6145 8384 2960 
8504 6150 8393 2961 
8507 6154 8399 2963 
8510 6161 8405 2963 
8518 6163 8410 2965 
8526 6167 8417 2967 
8531 6171 8421 2967 
8538 6178 8428 2970 
8543 6180 8433 2973 
8548 6182 8442 2975 
8556 6184 8446 2975 
8563 6186 8452 2976 
8567 6191 8458 2979 
8575 6195 8465 2980 
8583 6200 8467 2983 
8589 6205 8471 2987 
8591 6209 8477 2989 
8594 6210 8481 2990 
8599 6211 8492 2991 
8607 6216 8497 2991 
8611 6219 8503 2993 
8616 6222 8509 2995 
8623 6229 8514 2997 
8631 6232 8523 3001 
8633 6235 8527 3005 
8636 6239 8531 3006 
8641 6243 8538 3008 
8643 6246 8542 3010 
8647 6251 8548 3010 
8651 6257 8553 3014 
8655 6260 8562 3015 
8664 6265 8566 3016 
8670 6268 8570 3017 
8679 6273 8575 3020 
8684 6279 8580 3021 
8690 6284 8586 3024 
8692 6287 8592 3026 
8698 6292 8599 3029 
8705 6298 8610 3031 
8712 6301 8617 3032 
8717 6304 8618 3035 
8723 6310 8624 3040 
8730 6311 8625 3041 
8742 6313 8628 3042 
8748 6318 8636 3043 
8757 6320 8640 3045 
8764 6327 8645 3047 
8768 6330 8649 3049 
8776 6334 8657 3053 
8779 6337 8664 3054 
8783 6342 8670 3058 
8787 6349 8676 3059 
8791 6356 8679 3061 
8796 6359 8684 3063 
8801 6363 8690 3067 
8808 6367 8698 3069 
8813 6369 8706 3070 
8816 6375 8711 3072 
8827 6383 8719 3076 
8830 6387 8724 3080 
8834 6392 8729 3081 
8841 6396 8736 3082 
8849 6397 8740 3083 
8852 6400 8747 3086 
8861 6405 8751 3086 
8865 6415 8757 3090 
8867 6421 8761 3091 
8875 6427 8767 3092 
8882 6430 8778 3094 
8888 6430 8781 3095 
8891 6438 8788 3097 
8895 6445 8791 3100 
8900 6450 8801 3101 
8907 6455 8802 3101 
8913 6455 8810 3102 
8919 6462 8815 3107 
8920 6469 8822 3109 
8924 6472 8831 3111 
8935 6479 8835 3112 
8944 6487 8843 3112 
8948 6491 8848 3113 
8951 6498 8856 3116 
8962 6501 8863 3116 
8966 6508 8867 3117 
8971 6511 8872 3118 
8975 6514 8879 3121 
8980 6520 8884 3122 
8983 6521 8888 3125 
8989 6527 8896 3126 
8998 6534 8902 3126 
9005 6542 8910 3129 
9010 6547 8912 3130 
9011 6556 8917 3132 
9012 6558 8927 3136 
9021 6560 8935 3137 
9027 6561 8936 3141 
9031 6566 8944 3143 
9035 6571 8951 3145 
9041 6573 8957 3152 
9049 6579 8963 3153 
9051 6582 8965 3160 
9057 6585 8974 3160 
9061 6587 8980 3163 
9067 6591 8983 3165 
9070 6595 8990 3167 
9082 6603 8994 3169 
9089 6609 8999 3173 
9094 6615 9003 3173 
9101 6621 9011 3175 
9105 6628 9021 3176 
9109 6634 9024 3178 
9114 6637 9028 3178 
9117 6641 9036 3182 
9122 6647 9039 3182 
9129 6650 9044 3184 
9134 6653 9046 3187 
9141 6658 9050 3187 
9147 6661 9054 3188 
9153 6665 9058 3192 
9154 6667 9067 3194 
9159 6673 9076 3198 
9166 6675 9080 3200 
9172 6680 9083 3202 
9179 6687 9089 3203 
9187 6688 9093 3204 
9195 6693 9097 3205 
9199 6695 9104 3206 
9202 6697 9110 3209 
9207 6707 9117 3212 
9213 6712 9123 3212 
9216 6718 9128 3216 
9221 6720 9137 3221 
9225 6725 9148 3223 
9229 6729 9150 3224 
9238 6731 9157 3227 
9245 6731 9164 3229 
9252 6736 9168 3230 
9262 6742 9175 3231 
9266 6745 9179 3236 
9273 6746 9182 3239 
9278 6750 9191 3243 
9282 6756 9198 3246 
9288 6758 9203 3248 
9290 6762 9210 3252 
9295 6767 9216 3254 
9300 6772 9222 3258 
9308 6781 9230 3261 
9312 6783 9237 3261 
9317 6785 9241 3262 
9325 6787 9244 3262 
9330 6793 9252 3263 
9336 6795 9262 3267 
9341 6798 9271 3268 
9347 6798 9273 3270 
9352 6802 9279 3270 
9357 6804 9287 3272 
9362 6809 9288 3276 
9366 6809 9295 3279 
9368 6813 9302 3282 
9370 6820 9307 3283 
9375 6823 9310 3286 
9378 6827 9313 3287 
9381 6827 9319 3289 
9387 6832 9325 3290 
9391 6834 9329 3290 
9396 6839 9335 3291 
9398 6847 9337 3296 
9408 6851 9345 3299 
9413 6857 9348 3300 
9415 6863 9355 3303 
9420 6869 9363 3307 
9427 6872 9367 3308 
9435 6877 9373 3311 
9438 6884 9385 3311 
9441 6888 9390 3311 
9452 6892 9391 3311 
9458 6900 9397 3315 
9463 6906 9401 3315 
9465 6907 9408 3318 
9471 6910 9412 3319 
9475 6917 9419 3320 
9477 6921 9425 3323 
9482 6929 9427 3326 
9492 6934 9434 3327 
9503 6937 9439 3329 
9506 6943 9444 3331 
9511 6946 9449 3334 
9515 6948 9451 3336 
9519 6955 9454 3341 
9525 6955 9457 3343 
9529 6959 9465 3344 
9530 6961 9470 3348 
9533 6968 9477 3351 
9538 6971 9479 3352 
9544 6975 9483 3353 
9550 6980 9491 3356 
9558 6982 9496 3357 
9562 6984 9496 3360 
9570 6987 9506 3362 
9577 6993 9509 3364 
9583 6999 9518 3365 
9588 7003 9527 3367 
9596 7003 9531 3369 
9600 7005 9534 3372 
9604 7009 9543 3373 
9613 7015 9548 3376 
9619 7020 9551 3377 
9621 7024 9554 3379 
9622 7030 9559 3379 
9626 7037 9565 3383 
9634 7038 9571 3383 
9642 7043 9575 3383 
9648 7045 9579 3384 
9651 7048 9584 3385 
9656 7057 9592 3387 
9660 7057 9598 3391 
9664 7061 9603 3393 
9668 7062 9615 3394 
9672 7066 9623 3395 
9680 7071 9627 3395 
9690 7076 9634 3396 
9697 7078 9638 3398 
9698 7080 9640 3400 
9700 7084 9644 3401 
9705 7092 9648 3401 
9710 7095 9652 3402 
9723 7096 9661 3405 
9729 7101 9664 3408 
9732 7103 9668 3410 
9738 7105 9677 3410 
9745 7107 9681 3410 
9750 7111 9685 3411 
9753 7115 9691 3414 
9756 7121 9694 3417 
9761 7122 9700 3418 
9771 7123 9702 3420 
9776 7129 9707 3422 
9783 7133 9712 3423 
9786 7137 9717 3427 
9790 7142 9723 3430 
9792 7147 9727 3432 
9797 7153 9731 3434 
9801 7155 9740 3438 
9805 7159 9747 3439 
9812 7164 9753 3439 
9825 7165 9761 3442 
9832 7172 9763 3442 
9835 7178 9768 3444 
9842 7180 9772 3447 
9845 7183 9778 3447 
9851 7186 9783 3450 
9857 7192 9791 3452 
9858 7192 9794 3452 
9866 7193 9797 3454 
9869 7200 9803 3455 
9874 7202 9809 3455 
9879 7208 9819 3456 
9883 7212 9824 3459 
9892 7212 9829 3461 
9900 7214 9835 3465 
9905 7216 9841 3467 
9913 7220 9845 3473 
9920 7222 9849 3475 
9921 7227 9853 3476 
9923 7230 9856 3476 
9929 7234 9864 3478 
9933 7240 9867 3479 
9938 7243 9873 3483 
9943 7251 9878 3487 
9949 7257 9885 3488 
9954 7258 9889 3489 
9955 7261 9896 3491 
9958 7265 9904 3493 
9962 7267 9907 3496 
9967 7271 9913 3498 
9973 7274 9920 3501 
9977 7276 9928 3505 
9985 7279 9938 3506 
9992 7281 9941 3507 
9994 7283 9946 3511 
10002 7285 9956 3514 
10008 7289 9962 3515 
10012 7293 9969 3520 
10016 7296 9975 3523 
10021 7302 9978 3525 
10024 7306 9980 3529 
10035 7311 9986 3529 
10041 7314 9993 3531 
10048 7318 9997 3532 
10055 7321 10006 3535 
10063 7324 10011 3538 
10065 7329 10015 3541 
10074 7330 10018 3544 
10076 7332 10022 3548 
10086 7336 10025 3551 
10091 7339 10029 3554 
10100 7342 10034 3558 
10106 7348 10039 3563 
10109 7351 10047 3565 
10116 7353 10051 3567 
10123 7358 10060 3568 
10126 7363 10068 3569 
10131 7368 10073 3570 
10140 7373 10079 3578 
10144 7376 10086 3582 
10147 7381 10091 3584 
10153 7387 10095 3585 
10157 7391 10101 3585 
10163 7400 10107 3585 
10171 7407 10114 3587 
10175 7412 10120 3589 
10181 7413 10126 3592 
10183 7422 10131 3594 
10184 7425 10134 3597 
10187 7430 10145 3598 
10191 7433 10157 3602 
10199 7440 10163 3605 
10203 7441 10169 3606 
10212 7444 10174 3607 
10216 7448 10181 3608 
10220 7451 10186 3610 
10227 7452 10196 3612 
10232 7454 10201 3612 
10239 7458 10204 3612 
10242 7465 10208 3614 
10245 7470 10214 3618 
10247 7470 10224 3620 
10255 7473 10227 3621 
10263 7476 10230 3623 
10266 7480 10232 3626 
10271 7481 10240 3627 
10280 7488 10245 3628 
10288 7492 10250 3629 
10294 7500 10259 3631 
10300 7506 10268 3633 
10305 7513 10274 3636 
10311 7516 10278 3639 
10318 7522 10284 3641 
10321 7526 10287 3643 
10323 7531 10292 3645 
10329 7534 10296 3647 
10339 7539 10300 3649 
10346 7542 10306 3651 
10351 7552 10315 3653 
10357 7555 10319 3657 
10364 7556 10323 3657 
10370 7558 10327 3661 
10377 7561 10335 3664 
10381 7561 10340 3665 
10387 7563 10347 3668 
10392 7568 10355 3672 
10401 7573 10362 3674 
10410 7577 10367 3676 
10417 7583 10373 3678 
10426 7586 10377 3679 
10428 7589 10379 3682 
10434 7593 10392 3685 
10441 7597 10399 3686 
10442 7601 10406 3688 
10449 7604 10409 3688 
10453 7606 10413 3691 
10457 7612 10416 3691 
10463 7619 10421 3691 
10467 7622 10429 3694 
10470 7625 10435 3696 
10480 7626 10440 3700 
10486 7637 10447 3702 
10492 7642 10453 3703 
10494 7646 10460 3705 
10502 7651 10465 3705 
10507 7653 10471 3707 
10516 7659 10475 3707 
10524 7663 10478 3709 
10533 7669 10486 3712 
10536 7672 10488 3713 
10545 7677 10495 3714 
10552 7680 10507 3719 
10557 7683 10512 3720 
10565 7686 10515 3723 
10570 7691 10520 3723 
10574 7697 10526 3724 
10577 7703 10533 3724 
10578 7704 10537 3725 
10586 7706 10546 3726 
10593 7709 10549 3729 
10600 7711 10550 3733 
10605 7716 10556 3735 
10615 7719 10564 3738 
10621 7720 10567 3740 
10625 7728 10572 3741 
10628 7735 10579 3742 
10635 7742 10585 3743 
10642 7744 10591 3744 
10648 7749 10597 3746 
10655 7751 10599 3746 
10662 7757 10607 3748 
10664 7760 10609 3752 
10669 7763 10610 3752 
10674 7766 10617 3752 
10680 7770 10626 3754 
10683 7782 10634 3755 
10687 7788 10640 3758 
10689 7793 10649 3759 
10692 7796 10656 3761 
10700 7804 10659 3763 
10707 7805 10660 3765 
10710 7809 10666 3765 
10715 7814 10675 3769 
10719 7821 10679 3774 
10728 7821 10685 3776 
10733 7824 10689 3777 
10733 7831 10693 3779 
10738 7838 10700 3782 
10742 7842 10703 3784 
10747 7843 10710 3788 
10753 7848 10714 3791 
10756 7856 10722 3794 
10763 7860 10729 3795 
10768 7866 10732 3795 
10775 7869 10740 3795 
10779 7872 10746 3798 
10780 7877 10751 3801 
10783 7881 10760 3802 
10788 7883 10764 3805 
10794 7887 10771 3807 
10799 7892 10780 3807 
10806 7897 10783 3811 
10809 7899 10788 3812 
10815 7907 10792 3815 
10820 7909 10795 3818 
10827 7910 10801 3822 
10833 7916 10807 3825 
10838 7921 10811 3828 
10842 7924 10814 3830 
10849 7927 10816 3832 
10853 7928 10818 3833 
10860 7930 10819 3836 
10862 7936 10825 3839 
10867 7942 10834 3841 
10871 7950 10842 3843 
10876 7957 10845 3843 
10883 7965 10849 3846 
10885 7968 10852 3849 
10890 7972 10856 3849 
10891 7977 10867 3851 
10904 7984 10873 3854 
10907 7991 10880 3856 
10911 7993 10890 3858 
10914 7999 10897 3858 
10918 8003 10903 3859 
10924 8011 10912 3862 
10929 8013 10922 3865 
10932 8018 10932 3869 
10936 8020 10938 3869 
10938 8023 10944 3870 
10941 8032 10945 3873 
10949 8034 10949 3874 
10953 8041 10953 3875 
10955 8046 10958 3877 
10957 8053 10960 3880 
10961 8060 10966 3881 
10967 8065 10968 3883 
10973 8069 10974 3885 
10978 8075 10982 3889 
10981 8081 10990 3889 
10982 8087 10995 3893 
10990 8090 10999 3898 
10995 8099 11003 3899 
11003 8105 11009 3900 
11012 8109 11013 3905 
11018 8111 11018 3906 
11025 8115 11028 3906 
11031 8123 11033 3906 
11034 8125 11040 3906 
11038 8131 11046 3906 
11041 8136 11049 3910 
11051 8141 11053 3912 
11058 8146 11059 3914 
11066 8152 11066 3918 
11071 8158 11071 3920 
11075 8165 11074 3922 
11079 8168 11079 3923 
11084 8173 11086 3926 
11088 8176 11097 3927 
11096 8181 11103 3927 
11103 8183 11110 3931 
11107 8190 11114 3933 
11114 8196 11122 3933 
11120 8203 11133 3934 
11128 8207 11136 3936 
11131 8209 11141 3939 
11139 8216 11146 3939 
11144 8219 11149 3942 
11152 8224 11154 3942 
11158 8229 11161 3945 
11164 8231 11169 3948 
11171 8236 11175 3950 
11174 8236 11181 3953 
11179 8239 11183 3955 
11192 8244 11194 3958 
11199 8246 11197 3960 
11204 8250 11203 3961 
11208 8257 11211 3962 
11216 8265 11214 3966 
11221 8268 11221 3967 
11226 8273 11225 3973 
11227 8278 11230 3980 
11233 8282 11235 3982 
11241 8284 11240 3982 
11245 8290 11242 3985 
11247 8293 11246 3988 
11251 8298 11252 3991 
11259 8303 11254 3994 
11266 8306 11259 3997 
11273 8310 11268 4000 
11276 8314 11271 4002 
11284 8317 11275 4003 
11286 8322 11278 4005 
11288 8329 11286 4007 
11296 8333 11297 4008 
11306 8340 11300 4009 
11315 8344 11305 4012 
11320 8351 11314 4012 
11326 8355 11316 4013 
11333 8358 11320 4015 
11342 8364 11321 4016 
11350 8369 11325 4017 
11355 8373 11327 4019 
11355 8380 11332 4022 
11360 8386 11341 4026 
11366 8390 11347 4030 
11373 8397 11350 4033 
11377 8400 11358 4035 
11382 8403 11365 4036 
11391 8409 11367 4038 
11396 8412 11372 4039 
11401 8415 11381 4042 
11408 8421 11387 4045 
11412 8424 11390 4048 
11424 8428 11393 4052 
11430 8434 11398 4055 
11435 8438 11402 4057 
11439 8443 11408 4059 
11443 8445 11414 4060 
11454 8446 11418 4062 
11460 8447 11427 4062 
11469 8451 11433 4064 
11474 8455 11440 4067 
11476 8460 11442 4072 
11485 8463 11446 4074 
11488 8466 11454 4074 
11501 8473 11462 4075 
11511 8478 11465 4077 
11519 8481 11471 4082 
11524 8487 11478 4085 
11532 8489 11481 4085 
11540 8491 11488 4087 
11545 8496 11496 4088 
11548 8499 11503 4088 
11552 8506 11506 4091 
11559 8509 11508 4092 
11570 8515 11515 4092 
11578 8518 11521 4093 
11586 8524 11528 4094 
11590 8528 11534 4094 
11594 8530 11542 4095 
11601 8534 11549 4096 
11607 8536 11558 4098 
11613 8542 11566 4101 
11620 8547 11572 4103 
11628 8550 11575 4106 
11634 8555 11578 4109 
11635 8558 11582 4112 
11642 8563 11589 4114 
11646 8566 11592 4116 
11647 8569 11598 4119 
11657 8573 11607 4124 
11661 8578 11608 4128 
11665 8581 11620 4129 
11671 8586 11624 4131 
11680 8591 11631 4132 
11683 8592 11638 4133 
11686 8596 11649 4136 
11690 8600 11653 4136 
11702 8604 11660 4138 
11709 8607 11667 4142 
11713 8613 11671 4144 
11716 8619 11679 4146 
11720 8623 11688 4146 
11722 8626 11691 4148 
11727 8629 11696 4152 
11733 8633 11701 4153 
11737 8634 11707 4157 
11741 8641 11717 4157 
11744 8644 11723 4157 
11749 8645 11727 4158 
11750 8650 11736 4163 
11756 8654 11745 4163 
11761 8656 11753 4164 
11765 8657 11758 4168 
11769 8660 11763 4170 
11772 8664 11770 4172 
11777 8669 11774 4173 
11784 8672 11777 4176 
11786 8678 11789 4180 
11791 8681 11791 4185 
11798 8690 11798 4186 
11808 8691 11809 4187 
11816 8694 11815 4193 
11820 8696 11821 4194 
11825 8697 11830 4196 
11827 8705 11836 4198 
11831 8709 11840 4201 
11839 8714 11850 4204 
11843 8718 11858 4207 
11848 8722 11864 4208 
11858 8727 11869 4209 
11862 8729 11875 4211 
11871 8731 11880 4214 
11875 8732 11884 4217 
11884 8734 11891 4219 
11886 8740 11898 4219 
11892 8743 11907 4223 
11895 8751 11915 4225 
11901 8757 11921 4226 
11909 8763 11930 4228 
11913 8766 11936 4230 
11918 8770 11941 4231 
11921 8771 11947 4232 
11925 8776 11952 4234 
11932 8780 11958 4236 
11938 8783 11965 4236 
11941 8788 11971 4237 
11943 8790 11976 4241 
11951 8793 11981 4241 
11954 8797 11985 4241 
11960 8802 11996 4242 
11969 8804 12000 4244 
11976 8806 12004 4245 
11984 8812 12014 4246 
11985 8817 12017 4250 
11987 8821 12020 4254 
11992 8824 12024 4257 
11999 8828 12029 4257 
12009 8835 12039 4258 
12016 8839 12042 4259 
12020 8844 12047 4261 
12028 8852 12051 4262 
12031 8858 12056 4263 
12039 8866 12059 4268 
12044 8870 12065 4269 
12044 8873 12072 4269 
12047 8878 12077 4272 
12052 8879 12081 4273 
12057 8883 12085 4276 
12064 8887 12094 4276 
12072 8891 12100 4278 
12076 8894 12105 4279 
12085 8897 12112 4280 
12091 8901 12114 4283 
12095 8903 12126 4285 
12101 8906 12132 4289 
12110 8910 12142 4292 
12115 8914 12151 4294 
12120 8920 12155 4297 
12124 8928 12159 4298 
12130 8933 12163 4298 
12135 8935 12171 4300 
12140 8937 12175 4302 
12145 8941 12180 4302 
12154 8942 12183 4307 
12161 8947 12190 4307 
12166 8950 12195 4308 
12172 8951 12204 4310 
12176 8955 12207 4311 
12180 8956 12220 4315 
12182 8964 12230 4316 
12191 8966 12235 4319 
12195 8969 12240 4322 
12202 8976 12249 4325 
12208 8979 12255 4328 
12211 8984 12259 4328 
12219 8986 12268 4334 
12227 8991 12276 4337 
12230 8995 12279 4338 
12234 8998 12284 4342 
12239 9004 12289 4343 
12243 9015 12302 4346 
12248 9017 12310 4350 
12252 9020 12318 4353 
12257 9022 12325 4355 
12262 9026 12330 4357 
12268 9029 12337 4359 
12273 9030 12338 4360 
12279 9031 12345 4360 
12285 9035 12353 4361 
12288 9039 12355 4364 
12293 9041 12364 4366 
12299 9047 12366 4369 
12307 9049 12375 4371 
12314 9052 12384 4373 
12319 9055 12388 4373 
12324 9062 12393 4374 
12329 9065 12397 4376 
12335 9069 12399 4378 
12337 9073 12406 4379 
12340 9078 12411 4381 
12343 9082 12422 4381 
12351 9085 12423 4383 
12360 9086 12426 4384 
12366 9089 12432 4385 
12374 9095 12442 4388 
12378 9101 12449 4388 
12384 9103 12453 4390 
12389 9108 12459 4394 
12393 9116 12464 4394 
12402 9123 12472 4395 
12407 9124 12479 4398 
12410 9131 12485 4403 
12415 9133 12488 4407 
12418 9139 12492 4409 
12420 9143 12498 4411 
12424 9147 12502 4413 
12432 9151 12509 4416 
12439 9154 12517 4418 
12450 9157 12521 4423 
12457 9162 12527 4423 
12465 9171 12531 4425 
12471 9177 12535 4429 
12477 9185 12540 4430 
12488 9189 12545 4430 
12494 9196 12555 4430 
12498 9202 12560 4431 
12508 9207 12568 4433 
12513 9213 12574 4435 
12520 9218 12580 4438 
12524 9225 12586 4441 
12536 9227 12589 4443 
12542 9227 12597 4444 
12545 9230 12605 4447 
12551 9233 12618 4448 
12556 9237 12628 4448 
12560 9243 12632 4449 
12565 9245 12636 4453 
12572 9250 12647 4454 
12580 9254 12658 4456 
12583 9257 12665 4458 
12589 9265 12668 4459 
12592 9270 12670 4462 
12604 9274 12676 4465 
12608 9276 12683 4467 
12611 9280 12692 4470 
12617 9285 12698 4471 
12624 9292 12701 4473 
12628 9297 12707 4474 
12632 9300 12709 4477 
12637 9309 12711 4479 
12641 9311 12719 4481 
12644 9314 12727 4484 
12646 9317 12730 4485 
12649 9320 12738 4486 
12656 9326 12745 4486 
12659 9329 12754 4488 
12664 9335 12757 4490 
12669 9338 12764 4494 
12674 9342 12767 4496 
12677 9348 12771 4496 
12681 9350 12775 4498 
12689 9356 12786 4502 
12692 9362 12792 4505 
12696 9365 12796 4506 
12701 9368 12800 4508 
12705 9371 12809 4509 
12713 9376 12817 4509 
12720 9380 12825 4510 
12725 9386 12828 4511 
12728 9391 12832 4515 
12732 9395 12835 4520 
12737 9399 12847 4521 
12740 9404 12851 4526 
12745 9406 12853 4528 
12760 9412 12858 4529 
12767 9420 12863 4529 
12774 9423 12867 4530 
12781 9429 12872 4531 
12783 9431 12876 4535 
12789 9441 12887 4536 
12794 9444 12894 4537 
12799 9451 12899 4539 
12807 9456 12904 4544 
12815 9463 12913 4547 
12821 9464 12918 4548 
12825 9469 12920 4549 
12831 9471 12929 4549 
12836 9474 12937 4551 
12838 9477 12944 4555 
12843 9481 12949 4556 
12848 9484 12953 4560 
12850 9488 12955 4561 
12854 9493 12965 4561 
12858 9502 12973 4563 
12863 9505 12977 4564 
12872 9509 12982 4568 
12880 9512 12986 4570 
12883 9516 12993 4571 
12892 9522 12999 4575 
12899 9528 13004 4580 
12903 9533 13009 4582 
12911 9533 13016 4583 
12916 9537 13020 4583 
12918 9542 13026 4583 
12924 9548 13032 4585 
12928 9551 13041 4587 
12937 9557 13046 4589 
12938 9563 13054 4590 
12938 9569 13064 4593 
12939 9572 13068 4595 
12944 9578 13074 4596 
12951 9586 13082 4598 
12956 9591 13086 4599 
12962 9596 13093 4602 
12965 9601 13100 4603 
12968 9607 13108 4604 
12975 9611 13112 4607 
12982 9617 13120 4607 
12988 9621 13126 4609 
12995 9622 13136 4611 
12999 9626 13144 4613 
13002 9632 13152 4614 
13006 9635 13153 4616 
13010 9639 13157 4620 
13016 9642 13164 4622 
13021 9649 13168 4626 
13026 9656 13173 4626 
13033 9659 13182 4626 
13044 9664 13188 4631 
13049 9672 13196 4637 
13057 9677 13207 4639 
13060 9679 13212 4642 
13067 9679 13219 4644 
13073 9681 13224 4648 
13077 9685 13234 4650 
13082 9688 13238 4655 
13086 9690 13245 4656 
13090 9696 13251 4657 
13096 9701 13253 4659 
13101 9708 13263 4662 
13108 9714 13268 4665 
13116 9718 13274 4665 
13119 9720 13276 4668 
13122 9726 13280 4669 
13126 9734 13286 4670 
13128 9740 13291 4671 
13134 9744 13295 4672 
13142 9746 13299 4674 
13147 9749 13301 4675 
13155 9752 13306 4676 
13159 9755 13317 4680 
13162 9758 13328 4680 
13168 9762 13336 4681 
13170 9766 13340 4682 
13179 9771 13348 4684 
13185 9776 13353 4686 
13190 9777 13360 4687 
13195 9780 13366 4688 
13201 9786 13371 4689 
13209 9790 13376 4690 
13215 9795 13381 4694 
13220 9799 13383 4695 
13226 9802 13389 4697 
13234 9806 13394 4699 
13239 9810 13405 4700 
13244 9814 13412 4700 
13246 9817 13418 4704 
13252 9821 13426 4706 
13255 9826 13431 4709 
13258 9832 13440 4711 
13261 9837 13446 4712 
13265 9845 13453 4718 
13272 9850 13458 4718 
13278 9853 13462 4722 
13283 9856 13468 4724 
13287 9860 13473 4728 
13291 9865 13482 4730 
13294 9869 13489 4731 
13301 9872 13495 4733 
13306 9873 13499 4734 
13313 9877 13511 4735 
13320 9878 13516 4738 
13328 9881 13520 4739 
13331 9885 13528 4741 
13333 9885 13535 4745 
13338 9887 13542 4751 
13346 9892 13545 4752 
13352 9895 13554 4757 
13358 9898 13558 4760 
13361 9900 13565 4762 
13370 9906 13568 4766 
13375 9915 13573 4769 
13376 9919 13577 4770 
13381 9925 13583 4770 
13388 9930 13587 4770 
13392 9936 13592 4771 
13395 9937 13595 4774 
13402 9944 13600 4775 
13409 9949 13607 4778 
13412 9957 13610 4779 
13417 9958 13612 4781 
13423 9962 13617 4782 
13433 9968 13623 4786 
13435 9972 13628 4788 
13437 9976 13635 4791 
13442 9977 13641 4793 
13451 9980 13651 4795 
13459 9986 13659 4797 
13462 9989 13666 4799 
13468 9999 13674 4800 
13478 10001 13679 4801 
13483 10005 13683 4801 
13490 10011 13689 4801 
13494 10020 13700 4802 
13502 10023 13703 4804 
13508 10028 13709 4806 
13516 10035 13712 4808 
13519 10040 13717 4812 
13525 10045 13725 4816 
13530 10051 13733 4816 
13538 10053 13739 4820 
13542 10062 13745 4820 
13547 10069 13753 4823 
13554 10073 13761 4828 
13557 10084 13770 4829 
13563 10086 13773 4830 
13570 10089 13779 4833 
13576 10094 13784 4834 
13582 10096 13789 4835 
13587 10102 13792 4837 
13591 10108 13800 4840 
13597 10119 13809 4842 
13604 10122 13818 4845 
13610 10125 13822 4846 
13614 10130 13826 4849 
13620 10137 13833 4853 
13624 10146 13841 4854 
13626 10150 13849 4858 
13636 10155 13852 4860 
13642 10157 13860 4860 
13647 10160 13865 4863 
13653 10165 13870 4863 
13656 10169 13876 4864 
13660 10174 13883 4865 
13667 10180 13886 4871 
13671 10184 13891 4878 
13673 10186 13902 4878 
13683 10194 13911 4881 
13687 10199 13917 4882 
13689 10200 13924 4883 
13692 10203 13928 4885 
13699 10205 13933 4886 
13707 10212 13943 4887 
13711 10214 13954 4888 
13718 10218 13966 4889 
13723 10226 13969 4892 
13730 10230 13976 4892 
13738 10232 13984 4892 
13743 10240 13989 4892 
13745 10245 13994 4892 
13750 10251 14000 4894 
13755 10254 14001 4896 
13757 10258 14007 4900 
13765 10265 14010 4902 
13771 10270 14015 4907 
13774 10273 14022 4914 
13782 10278 14028 4920 
13791 10285 14035 4921 
13799 10295 14042 4923 
13804 10298 14050 4923 
13808 10302 14058 4924 
13813 10304 14067 4925 
13818 10308 14073 4928 
13823 10309 14081 4930 
13826 10312 14087 4932 
13831 10314 14097 4934 
13837 10318 14106 4935 
13843 10320 14113 4936 
13848 10324 14121 4938 
13856 10328 14126 4942 
13857 10331 14132 4947 
13862 10334 14135 4950 
13866 10338 14141 4953 
13875 10344 14147 4955 
13881 10348 14152 4956 
13890 10351 14156 4956 
13895 10358 14163 4964 
13898 10365 14168 4965 
13905 10372 14179 4967 
13913 10374 14186 4968 
13920 10376 14191 4969 
13924 10384 14198 4971 
13929 10391 14204 4972 
13934 10395 14211 4974 
13938 10398 14217 4974 
13942 10400 14222 4980 
13949 10407 14232 4981 
13950 10414 14242 4984 
13960 10423 14245 4984 
13968 10427 14251 4987 
13971 10431 14255 4988 
13976 10435 14261 4990 
13981 10439 14266 4992 
13984 10444 14276 5002 
13990 10446 14278 5005 
14000 10447 14286 5006 
14003 10452 14291 5008 
14008 10454 14294 5012 
14016 10459 14304 5016 
14024 10468 14307 5017 
14030 10473 14312 5018 
14034 10477 14319 5020 
14039 10485 14323 5024 
14047 10489 14330 5024 
14057 10494 14333 5025 
14062 10498 14339 5026 
14068 10504 14350 5027 
14072 10512 14357 5030 
14078 10516 14363 5031 
14087 10524 14370 5033 
14098 10527 14379 5036 
14107 10528 14384 5038 
14110 10529 14389 5039 
14117 10531 14397 5042 
14125 10540 14406 5042 
14128 10546 14413 5043 
14133 10554 14419 5048 
14140 10560 14425 5052 
14150 10564 14428 5054 
14157 10567 14434 5058 
14166 10571 14441 5058 
14172 10574 14446 5059 
14180 10580 14453 5061 
14189 10586 14459 5063 
14193 10593 14464 5068 
14197 10594 14468 5069 
14201 10600 14474 5071 
14207 10604 14480 5073 
14214 10606 14483 5073 
14221 10611 14489 5074 
14224 10615 14499 5078 
14230 10617 14506 5079 
14233 10621 14513 5081 
14246 10627 14518 5085 
14249 10629 14523 5086 
14256 10633 14529 5088 
14265 10637 14534 5091 
14268 10644 14544 5093 
14274 10648 14554 5095 
14281 10654 14556 5096 
14289 10659 14560 5096 
14293 10665 14569 5099 
14300 10667 14575 5100 
14302 10669 14579 5101 
14308 10671 14583 5105 
14313 10673 14589 5106 
14320 10679 14592 5106 
14324 10682 14595 5106 
14328 10691 14602 5109 
14332 10696 14605 5110 
14343 10698 14610 5115 
14346 10705 14619 5118 
14353 10709 14622 5119 
14359 10714 14629 5120 
14362 10718 14634 5121 
14371 10721 14640 5123 
14377 10723 14647 5127 
14381 10726 14652 5127 
14389 10733 14660 5131 
14392 10737 14667 5135 
14400 10743 14671 5136 
14402 10749 14679 5136 
14406 10755 14689 5138 
14413 10757 14694 5142 
14424 10762 14701 5145 
14429 10766 14704 5147 
14430 10769 14713 5152 
14438 10776 14718 5153 
14439 10776 14720 5158 
14447 10782 14726 5161 
14457 10787 14735 5163 
14467 10793 14740 5164 
14474 10800 14746 5167 
14480 10806 14755 5171 
14486 10808 14762 5171 
14491 10812 14768 5173 
14495 10818 14771 5174 
14500 10823 14777 5177 
14510 10825 14782 5179 
14516 10830 14789 5181 
14522 10834 14793 5183 
14527 10838 14797 5187 
14535 10841 14805 5187 
14541 10847 14810 5189 
14549 10848 14818 5192 
14554 10852 14828 5192 
14561 10856 14839 5193 
14565 10864 14846 5193 
14570 10867 14851 5195 
14573 10872 14855 5195 
14576 10875 14864 5199 
14578 10881 14868 5200 
14581 10884 14873 5202 
14585 10888 14881 5203 
14596 10893 14891 5209 
14604 10900 14896 5212 
14610 10904 14902 5215 
14616 10906 14915 5218 
14627 10911 14920 5222 
14631 10914 14926 5223 
14634 10919 14930 5226 
14641 10923 14935 5229 
14649 10928 14941 5230 
14652 10931 14945 5232 
14658 10935 14954 5234 
14664 10942 14964 5235 
14672 10948 14967 5238 
14677 10952 14977 5239 
14681 10956 14988 5240 
14690 10961 14993 5244 
14693 10967 15000 5245 
14702 10975 15003 5247 
14704 10980 15006 5247 
14710 10985 15014 5250 
14717 10990 15020 5252 
14722 10995 15022 5254 
14730 11000 15026 5255 
14741 11003 15031 5259 
14749 11005 15032 5261 
14754 11010 15043 5264 
14759 11015 15048 5266 
14764 11022 15055 5267 
14768 11024 15064 5268 
14770 11024 15070 5275 
14777 11026 15074 5278 
14786 11030 15080 5279 
14789 11034 15085 5281 
14793 11039 15088 5284 
14799 11043 15090 5285 
14803 11049 15096 5287 
14810 11055 15102 5292 
14814 11058 15108 5293 
14820 11061 15114 5294 
14823 11066 15120 5295 
14828 11069 15125 5298 
14832 11072 15134 5299 
14841 11079 15138 5302 
14848 11080 15141 5303 
14852 11089 15146 5304 
14860 11097 15149 5306 
14866 11099 15155 5307 
14873 11102 15166 5312 
14876 11107 15172 5313 
14882 11109 15180 5314 
14887 11118 15191 5315 
14896 11119 15197 5320 
14901 11125 15203 5325 
14910 11134 15210 5325 
14911 11140 15217 5327 
14921 11144 15224 5329 
14932 11146 15231 5329 
14938 11149 15237 5334 
14946 11157 15239 5334 
14953 11162 15246 5337 
14958 11166 15254 5342 
14963 11170 15259 5343 
14968 11178 15263 5347 
14970 11183 15271 5349 
14976 11185 15276 5350 
14983 11189 15281 5352 
14991 11195 15289 5354 
14995 11201 15294 5357 
14999 11204 15304 5358 
15006 11210 15314 5361 
15010 11216 15324 5361 
15013 11219 15331 5364 
15024 11221 15333 5366 
15031 11223 15337 5369 
15037 11228 15344 5372 
15047 11231 15348 5373 
15052 11236 15357 5375 
15059 11238 15363 5377 
15067 11245 15366 5378 
15072 11248 15373 5381 
15077 11253 15381 5386 
15081 11257 15386 5390 
15086 11261 15392 5396 
15097 11262 15398 5397 
15102 11263 15405 5399 
15109 11265 15412 5399 
15113 11274 15421 5404 
15121 11282 15429 5408 
15131 11287 15431 5412 
15134 11291 15435 5413 
15144 11296 15438 5416 
15148 11299 15446 5417 
15156 11306 15453 5419 
15165 11312 15461 5425 
15170 11314 15466 5427 
15175 11323 15468 5429 
15178 11328 15476 5431 
15187 11331 15478 5433 
15199 11338 15481 5436 
15209 11344 15487 5442 
15213 11350 15501 5443 
15217 11355 15506 5446 
15224 11359 15511 5446 
15233 11361 15522 5447 
15236 11363 15528 5449 
15242 11365 15536 5449 
15245 11369 15540 5452 
15249 11380 15549 5454 
15252 11386 15557 5456 
15255 11392 15566 5458 
15262 11398 15575 5458 
15268 11404 15585 5459 
15271 11412 15589 5460 
15278 11415 15595 5462 
15286 11418 15599 5465 
15290 11424 15602 5466 
15294 11429 15607 5468 
15299 11432 15613 5475 
15307 11435 15623 5479 
15310 11440 15626 5482 
15317 11444 15634 5484 
15329 11445 15643 5490 
15335 11450 15652 5494 
15346 11457 15656 5496 
15351 11460 15665 5499 
15357 11465 15672 5501 
15364 11468 15680 5502 
15367 11474 15686 5504 
15372 11480 15695 5506 
15377 11484 15702 5508 
15384 11487 15706 5510 
15387 11492 15713 5512 
15393 11493 15715 5513 
15396 11501 15721 5513 
15400 11507 15725 5513 
15405 11511 15728 5514 
15411 11515 15732 5517 
15415 11520 15739 5519 
15426 11522 15745 5524 
15431 11523 15750 5525 
15439 11528 15760 5527 
15440 11534 15771 5530 
15450 11536 15775 5533 
15455 11539 15781 5534 
15457 11545 15792 5536 
15463 11549 15798 5539 
15467 11555 15804 5542 
15475 11559 15813 5545 
15479 11561 15823 5546 
15485 11564 15826 5548 
15491 11568 15834 5550 
15497 11573 15841 5552 
15501 11578 15844 5554 
15505 11580 15847 5559 
15509 11586 15859 5561 
15515 11594 15866 5561 
15519 11599 15873 5566 
15527 11603 15879 5570 
15533 11607 15886 5573 
15536 11612 15893 5576 
15543 11618 15899 5576 
15547 11625 15905 5578 
15556 11630 15911 5581 
15563 11640 15917 5584 
15566 11641 15920 5588 
15571 11644 15927 5591 
15577 11647 15936 5594 
15581 11656 15942 5596 
15585 11660 15948 5598 
15589 11660 15952 5600 
15598 11664 15964 5600 
15608 11666 15969 5601 
15620 11676 15972 5601 
15627 11680 15980 5603 
15632 11689 15986 5605 
15637 11692 15991 5607 
15645 11700 15992 5608 
15654 11708 15998 5611 
15658 11712 16002 5614 
15662 11719 16005 5615 
15670 11727 16011 5617 
15670 11730 16013 5619 
15674 11736 16021 5621 
15683 11740 16026 5624 
15694 11745 16030 5629 
15699 11751 16036 5629 
15706 11755 16044 5633 
15710 11758 16047 5633 
15712 11760 16056 5636 
15719 11762 16061 5637 
15731 11763 16064 5639 
15736 11766 16070 5641 
15737 11771 16080 5644 
15740 11772 16084 5646 
15744 11777 16092 5647 
15751 11779 16103 5650 
15756 11781 16105 5652 
15766 11785 16113 5652 
15772 11788 16122 5657 
15776 11795 16128 5659 
15782 11806 16131 5663 
15791 11806 16134 5663 
15802 11809 16135 5665 
15808 11812 16143 5668 
15813 11821 16148 5668 
15821 11823 16155 5669 
15831 11826 16166 5669 
15839 11827 16173 5671 
15845 11833 16183 5671 
15854 11839 16186 5673 
15859 11844 16192 5677 
15862 11850 16196 5679 
15869 11860 16200 5684 
15873 11862 16207 5685 
15879 11865 16212 5686 
15884 11874 16217 5688 
15888 11883 16222 5689 
15891 11884 16230 5690 
15898 11889 16236 5694 
15908 11895 16243 5695 
15914 11900 16248 5696 
15922 11905 16256 5696 
15927 11913 16262 5697 
15930 11917 16270 5701 
15930 11919 16277 5704 
15935 11925 16284 5705 
15942 11927 16285 5707 
15948 11930 16288 5707 
15955 11935 16291 5712 
15960 11941 16297 5714 
15964 11944 16301 5715 
15968 11948 16307 5716 
15974 11952 16311 5719 
15981 11955 16317 5721 
15986 11957 16325 5724 
15991 11960 16333 5726 
15997 11966 16335 5727 
16004 11973 16344 5729 
16009 11973 16349 5730 
16014 11978 16352 5732 
16020 11980 16355 5733 
16028 11986 16357 5738 
16033 11995 16363 5739 
16040 11997 16369 5740 
16045 12001 16375 5744 
16050 12005 16381 5747 
16055 12008 16387 5747 
16060 12014 16391 5748 
16070 12017 16397 5750 
16075 12022 16402 5755 
16077 12025 16406 5757 
16085 12027 16412 5758 
16095 12031 16419 5759 
16103 12038 16426 5762 
16110 12048 16432 5763 
16114 12052 16438 5766 
16123 12055 16444 5766 
16132 12059 16450 5769 
16136 12063 16452 5771 
16144 12067 16457 5772 
16150 12072 16464 5774 
16152 12075 16472 5774 
16160 12077 16478 5777 
16169 12081 16483 5782 
16171 12087 16484 5784 
16177 12092 16486 5787 
16186 12096 16487 5790 
16192 12098 16492 5793 
16196 12103 16500 5794 
16198 12106 16501 5797 
16203 12113 16507 5798 
16206 12118 16516 5800 
16211 12121 16524 5800 
16216 12125 16531 5801 
16220 12130 16535 5802 
16226 12133 16540 5802 
16231 12136 16544 5802 
16237 12138 16547 5806 
16241 12142 16551 5808 
16246 12147 16554 5811 
16249 12152 16556 5813 
16253 12153 16558 5814 
16259 12159 16562 5816 
16260 12160 16567 5818 
16265 12162 16573 5819 
16268 12164 16579 5824 
16273 12168 16584 5825 
16284 12175 16591 5825 
16287 12182 16599 5827 
16296 12187 16607 5828 
16302 12189 16615 5829 
16311 12192 16618 5829 
16319 12199 16625 5833 
16322 12205 16628 5835 
16329 12209 16637 5835 
16333 12212 16642 5836 
16339 12216 16646 5838 
16346 12219 16650 5840 
16350 12221 16652 5842 
16358 12228 16664 5843 
16362 12235 16669 5844 
16366 12238 16676 5844 
16374 12240 16682 5846 
16384 12246 16687 5848 
16388 12248 16690 5849 
16396 12253 16700 5851 
16400 12258 16704 5853 
16404 12267 16711 5853 
16409 12270 16719 5855 
16413 12276 16724 5858 
16417 12280 16735 5860 
16422 12287 16736 5863 
16426 12292 16746 5866 
16428 12296 16753 5869 
16436 12302 16756 5874 
16440 12308 16765 5875 
16441 12311 16776 5876 
16445 12312 16783 5878 
16449 12319 16790 5879 
16453 12322 16795 5880 
16460 12324 16805 5882 
16463 12330 16810 5882 
16466 12335 16813 5885 
16474 12336 16815 5888 
16478 12345 16819 5890 
16482 12350 16825 5891 
16487 12358 16833 5893 
16492 12362 16836 5896 
16497 12363 16840 5899 
16503 12366 16850 5900 
16505 12372 16858 5901 
16509 12375 16863 5901 
16514 12382 16867 5902 
16523 12383 16875 5904 
16534 12386 16880 5907 
16540 12390 16884 5912 
16545 12395 16892 5914 
16551 12397 16899 5917 
16555 12399 16906 5920 
16562 12406 16910 5922 
16567 12411 16913 5923 
16572 12416 16916 5925 
16574 12417 16920 5927 
16581 12421 16926 5931 
16584 12425 16933 5931 
16587 12431 16939 5935 
16589 12432 16946 5936 
16593 12438 16951 5939 
16600 12445 16957 5942 
16607 12452 16962 5945 
16612 12456 16967 5948 
16617 12457 16973 5949 
16623 12464 16980 5949 
16627 12467 16985 5954 
16634 12474 16989 5954 
16639 12480 16993 5957 
16644 12481 16999 5961 
16648 12485 17002 5964 
16652 12489 17003 5966 
16662 12493 17015 5967 
16669 12499 17019 5967 
16676 12510 17024 5968 
16684 12517 17027 5969 
16689 12519 17033 5969 
16696 12519 17040 5971 
16701 12528 17047 5973 
16707 12536 17050 5974 
16716 12544 17060 5976 
16725 12553 17063 5976 
16731 12559 17071 5977 
16734 12560 17075 5978 
16741 12560 17079 5982 
16747 12566 17083 5982 
16751 12574 17087 5983 
16758 12579 17092 5989 
16763 12582 17102 5991 
16767 12583 17108 5993 
16773 12586 17117 5995 
16780 12590 17123 5999 
16787 12598 17130 6001 
16791 12600 17138 6003 
16796 12602 17143 6004 
16798 12613 17151 6006 
16802 12621 17155 6007 
16807 12625 17164 6010 
16813 12627 17171 6014 
16817 12631 17177 6014 
16825 12637 17181 6018 
16827 12640 17187 6018 
16832 12644 17191 6019 
16838 12647 17195 6020 
16848 12652 17198 6021 
16852 12660 17204 6023 
16862 12664 17214 6025 
16870 12666 17222 6028 
16874 12669 17226 6030 
16880 12672 17231 6035 
16885 12676 17240 6037 
16893 12683 17247 6038 
16898 12689 17252 6040 
16903 12694 17259 6041 
16906 12699 17265 6045 
16911 12705 17276 6046 
16916 12709 17281 6049 
16922 12714 17285 6054 
16929 12720 17291 6056 
16934 12728 17294 6060 
16937 12736 17300 6062 
16944 12740 17306 6065 
16953 12743 17317 6068 
16956 12748 17325 6070 
16958 12755 17327 6070 
16965 12760 17333 6071 
16969 12762 17336 6073 
16980 12771 17340 6074 
16985 12775 17352 6077 
16995 12782 17358 6080 
16997 12787 17365 6082 
17007 12788 17370 6084 
17013 12790 17377 6085 
17018 12794 17383 6090 
17024 12796 17389 6090 
17031 12798 17396 6091 
17038 12799 17401 6091 
17043 12807 17403 6092 
17054 12814 17408 6094 
17059 12816 17414 6095 
17067 12820 17417 6097 
17069 12828 17423 6098 
17073 12834 17430 6099 
17081 12837 17435 6101 
17085 12842 17440 6103 
17094 12847 17444 6105 
17101 12849 17457 6106 
17107 12853 17466 6110 
17110 12857 17471 6112 
17114 12860 17479 6116 
17119 12864 17484 6117 
17127 12871 17494 6121 
17134 12878 17498 6121 
17138 12879 17502 6123 
17144 12884 17507 6125 
17152 12891 17514 6127 
17159 12894 17520 6127 
17168 12899 17525 6129 
17172 12901 17530 6133 
17181 12904 17535 6136 
17188 12912 17542 6143 
17195 12915 17550 6146 
17198 12920 17558 6148 
17201 12923 17564 6150 
17203 12928 17569 6153 
17207 12938 17575 6155 
17212 12940 17582 6157 
17217 12944 17591 6162 
17221 12946 17593 6166 
17225 12952 17598 6169 
17236 12960 17611 6172 
17240 12965 17619 6175 
17247 12969 17624 6176 
17254 12973 17634 6180 
17261 12978 17643 6182 
17265 12980 17650 6183 
17271 12981 17654 6186 
17276 12987 17660 6189 
17283 12987 17663 6193 
17287 12989 17664 6195 
17294 12996 17667 6197 
17298 12999 17674 6198 
17301 13003 17682 6200 
17304 13009 17687 6204 
17311 13015 17695 6206 
17317 13018 17702 6207 
17323 13020 17708 6208 
17331 13022 17713 6211 
17335 13026 17721 6211 
17342 13034 17729 6214 
17347 13040 17735 6216 
17351 13043 17741 6217 
17353 13046 17744 6220 
17356 13052 17748 6222 
17362 13055 17752 6224 
17366 13063 17759 6226 
17369 13069 17763 6227 
17380 13071 17771 6231 
17387 13077 17776 6234 
17390 13083 17786 6236 
17398 13086 17791 6238 
17405 13089 17801 6240 
17410 13096 17803 6242 
17417 13100 17804 6243 
17424 13110 17812 6244 
17431 13116 17818 6246 
17438 13120 17822 6248 
17442 13126 17829 6250 
17448 13128 17835 6255 
17454 13131 17846 6259 
17464 13138 17850 6263 
17476 13144 17855 6265 
17479 13148 17858 6267 
17489 13156 17865 6268 
17494 13160 17874 6270 
17501 13161 17880 6271 
17509 13166 17883 6275 
17518 13171 17891 6276 
17523 13178 17901 6279 
17529 13184 17905 6280 
17537 13188 17911 6284 
17540 13194 17916 6284 
17543 13195 17924 6288 
17548 13201 17929 6290 
17550 13203 17931 6296 
17555 13207 17935 6297 
17559 13214 17938 6299 
17563 13218 17943 6304 
17570 13223 17950 6306 
17574 13223 17954 6308 
17578 13232 17962 6309 
17582 13239 17965 6310 
17586 13243 17972 6311 
17588 13245 17976 6314 
17596 13251 17979 6317 
17600 13257 17985 6322 
17607 13261 17988 6322 
17608 13267 17993 6324 
17612 13275 18004 6328 
17615 13278 18015 6329 
17623 13282 18023 6333 
17627 13289 18034 6336 
17633 13297 18038 6339 
17638 13304 18045 6341 
17642 13305 18051 6347 
17646 13309 18056 6351 
17658 13312 18062 6353 
17663 13316 18073 6356 
17669 13319 18077 6358 
17678 13326 18079 6358 
17686 13327 18092 6361 
17692 13329 18098 6365 
17698 13339 18107 6368 
17704 13345 18115 6371 
17708 13351 18122 6375 
17711 13356 18128 6376 
17716 13360 18134 6378 
17723 13362 18141 6378 
17726 13367 18143 6381 
17734 13377 18156 6382 
17741 13382 18165 6383 
17746 13386 18171 6386 
17750 13393 18177 6388 
17756 13398 18183 6391 
17759 13404 18191 6392 
17762 13408 18198 6393 
17766 13410 18202 6395 
17771 13416 18207 6397 
17776 13421 18220 6397 
17782 13425 18228 6400 
17788 13432 18233 6403 
17794 13433 18239 6404 
17802 13437 18244 6404 
17809 13439 18250 6405 
17817 13445 18256 6406 
17825 13448 18260 6408 
17833 13450 18264 6412 
17834 13456 18268 6412 
17840 13462 18269 6412 
17843 13467 18276 6412 
17848 13468 18280 6415 
17854 13474 18286 6416 
17859 13479 18289 6416 
17865 13482 18297 6418 
17868 13487 18302 6421 
17871 13491 18312 6423 
17881 13499 18318 6425 
17888 13505 18320 6427 
17893 13511 18327 6428 
17897 13514 18338 6429 
17899 13522 18341 6434 
17902 13527 18347 6437 
17915 13533 18350 6440 
17922 13539 18351 6444 
17929 13543 18356 6448 
17942 13548 18360 6448 
17948 13553 18365 6450 
17958 13556 18372 6451 
17966 13560 18379 6453 
17971 13562 18385 6454 
17977 13563 18393 6456 
17982 13568 18403 6456 
17985 13572 18406 6456 
17988 13574 18409 6460 
17995 13576 18414 6462 
18000 13580 18425 6463 
18007 13584 18431 6466 
18012 13589 18438 6467 
18021 13598 18444 6470 
18027 13606 18452 6474 
18031 13610 18457 6476 
18038 13617 18462 6477 
18042 13624 18469 6479 
18045 13629 18472 6482 
18050 13632 18480 6482 
18054 13634 18483 6483 
18058 13640 18486 6486 
18063 13643 18490 6490 
18073 13651 18494 6493 
18077 13657 18499 6496 
18087 13661 18507 6497 
18095 13663 18514 6499 
18100 13667 18521 6502 
18109 13671 18528 6503 
18111 13672 18531 6505 
18119 13675 18534 6510 
18127 13681 18540 6511 
18129 13683 18544 6513 
18137 13684 18551 6517 
18144 13688 18558 6518 
18156 13693 18560 6520 
18163 13701 18573 6520 
18166 13705 18579 6522 
18171 13708 18591 6524 
18180 13715 18596 6525 
18188 13716 18603 6526 
18191 13722 18611 6528 
18196 13727 18619 6530 
18200 13735 18630 6532 
18207 13739 18639 6533 
18215 13743 18642 6533 
18221 13747 18653 6536 
18230 13754 18658 6536 
18236 13761 18664 6540 
18240 13763 18672 6545 
18243 13771 18677 6549 
18250 13774 18682 6552 
18254 13781 18689 6554 
18261 13787 18694 6554 
18268 13793 18700 6556 
18273 13797 18703 6561 
18278 13798 18711 6564 
18283 13799 18716 6566 
18287 13802 18723 6567 
18302 13806 18727 6568 
18304 13815 18731 6569 
18305 13816 18737 6571 
18309 13825 18741 6573 
18315 13830 18748 6577 
18317 13834 18756 6580 
18325 13839 18766 6585 
18331 13840 18774 6586 
18337 13844 18780 6589 
18339 13852 18787 6593 
18348 13859 18792 6594 
18353 13865 18799 6594 
18367 13871 18804 6595 
18377 13875 18806 6598 
18382 13883 18812 6600 
18386 13889 18817 6603 
18389 13894 18823 6607 
18392 13899 18830 6609 
18395 13904 18837 6609 
18402 13906 18842 6611 
18409 13912 18849 6612 
18416 13919 18854 6614 
18424 13921 18858 6617 
18431 13927 18865 6618 
18436 13933 18873 6618 
18442 13934 18879 6619 
18450 13940 18884 6622 
18452 13946 18894 6626 
18457 13952 18896 6627 
18464 13953 18907 6627 
18465 13963 18915 6630 
18469 13968 18920 6631 
18472 13973 18927 6634 
18477 13976 18930 6637 
18482 13980 18937 6638 
18487 13983 18944 6639 
18496 13987 18951 6645 
18501 13988 18961 6648 
18506 13991 18966 6649 
18512 13992 18975 6652 
18516 13996 18979 6652 
18526 14003 18988 6657 
18527 14009 18995 6659 
18534 14016 18999 6660 
18539 14018 19001 6662 
18548 14022 19005 6666 
18551 14030 19010 6668 
18556 14034 19014 6670 
18559 14037 19023 6672 
18564 14040 19032 6675 
18570 14043 19037 6679 
18579 14044 19046 6683 
18581 14048 19051 6688 
18590 14053 19052 6693 
18595 14058 19056 6695 
18604 14061 19059 6697 
18612 14067 19063 6698 
18616 14069 19070 6698 
18622 14075 19076 6700 
18627 14080 19081 6701 
18632 14087 19085 6705 
18642 14090 19091 6711 
18647 14093 19094 6712 
18655 14103 19106 6714 
18659 14113 19116 6718 
18667 14118 19125 6719 
18676 14130 19128 6724 
18685 14137 19135 6726 
18689 14140 19137 6728 
18696 14146 19140 6732 
18705 14156 19148 6736 
18710 14158 19155 6739 
18714 14161 19161 6742 
18721 14162 19171 6743 
18728 14168 19179 6747 
18734 14170 19182 6748 
18742 14179 19191 6750 
18749 14186 19197 6750 
18752 14190 19205 6753 
18757 14197 19210 6755 
18760 14204 19216 6758 
18765 14208 19223 6760 
18771 14215 19227 6766 
18779 14216 19235 6766 
18789 14220 19240 6769 
18794 14225 19244 6770 
18798 14235 19250 6772 
18802 14238 19253 6774 
18814 14242 19259 6776 
18816 14247 19265 6777 
18825 14254 19274 6777 
18830 14258 19278 6780 
18836 14267 19288 6785 
18841 14274 19295 6787 
18846 14276 19304 6789 
18852 14279 19308 6790 
18854 14290 19311 6793 
18859 14295 19316 6795 
18865 14301 19322 6797 
18872 14303 19327 6801 
18874 14307 19334 6803 
18879 14312 19341 6805 
18885 14318 19350 6807 
18892 14321 19359 6810 
18896 14326 19367 6814 
18904 14328 19378 6817 
18909 14335 19382 6818 
18917 14340 19390 6820 
18926 14347 19404 6822 
18932 14350 19412 6824 
18936 14355 19419 6824 
18939 14361 19428 6825 
18947 14364 19433 6826 
18956 14371 19442 6828 
18961 14378 19448 6830 
18969 14380 19454 6830 
18977 14382 19464 6831 
18982 14392 19469 6832 
18991 14397 19477 6834 
19000 14401 19485 6835 
19008 14405 19488 6837 
19013 14410 19495 6840 
19019 14417 19499 6841 
19031 14424 19510 6843 
19038 14429 19513 6849 
19042 14431 19516 6849 
19050 14437 19526 6851 
19054 14443 19535 6854 
19060 14450 19542 6857 
19066 14458 19550 6860 
19077 14463 19557 6861 
19086 14472 19561 6866 
19093 14476 19565 6867 
19100 14476 19569 6872 
19105 14479 19574 6873 
19114 14480 19585 6873 
19119 14486 19594 6878 
19127 14489 19600 6880 
19129 14494 19605 6884 
19136 14500 19609 6884 
19142 14506 19617 6888 
19146 14509 19625 6891 
19147 14513 19631 6892 
19152 14518 19637 6893 
19159 14520 19650 6894 
19165 14523 19655 6896 
19170 14525 19665 6897 
19173 14529 19669 6899 
19179 14531 19680 6902 
19182 14539 19685 6902 
19185 14542 19691 6906 
19192 14550 19700 6906 
19195 14554 19705 6906 
19201 14562 19709 6910 
19208 14564 19713 6914 
19214 14569 19718 6916 
19218 14571 19727 6919 
19222 14575 19735 6921 
19226 14584 19747 6925 
19234 14590 19756 6926 
19244 14596 19762 6927 
19246 14602 19767 6928 
19251 14605 19777 6931 
19260 14610 19782 6935 
19264 14612 19789 6939 
19271 14614 19796 6942 
19277 14618 19806 6944 
19282 14624 19816 6946 
19292 14628 19821 6952 
19300 14634 19830 6955 
19305 14636 19838 6959 
19311 14639 19848 6963 
19318 14644 19854 6964 
19329 14649 19861 6965 
19336 14656 19867 6969 
19340 14659 19874 6972 
19342 14664 19886 6972 
19345 14665 19890 6976 
19350 14669 19900 6977 
19355 14671 19907 6979 
19361 14676 19913 6981 
19367 14679 19922 6981 
19373 14683 19927 6983 
19377 14685 19936 6984 
19382 14689 19942 6987 
19388 14695 19948 6988 
19392 14697 19955 6990 
19398 14702 19962 6992 
19400 14706 19966 6995 
19408 14716 19973 6998 
19411 14719 19981 7000 
19417 14720 19987 7003 
19423 14724 19991 7004 
19425 14728 19997 7007 
19430 14733 19999 7009 
19441 14735 20011 7014 
19449 14742 20020 7014 
19454 14749 20027 7015 
19461 14749 20036 7017 
19468 14751 20044 7021 
19478 14755 20050 7022 
19481 14760 20058 7024 
19489 14766 20062 7026 
19496 14773 20067 7029 
19500 14776 20073 7031 
19509 14782 20080 7032 
19517 14787 20083 7038 
19523 14791 20088 7043 
19530 14797 20095 7044 
19535 14801 20100 7046 
19542 14802 20111 7048 
19549 14805 20115 7050 
19557 14812 20123 7054 
19565 14815 20131 7056 
19571 14819 20135 7057 
19574 14826 20137 7057 
19583 14832 20145 7059 
19586 14837 20150 7062 
19588 14844 20160 7066 
19594 14849 20167 7070 
19600 14854 20171 7073 
19603 14859 20184 7073 
19607 14863 20190 7077 
19611 14870 20193 7079 
19618 14873 20198 7080 
19629 14877 20205 7080 
19633 14881 20207 7085 
19643 14886 20211 7087 
19647 14889 20215 7091 
19652 14894 20216 7095 
19656 14901 20219 7096 
19662 14907 20225 7099 
19668 14915 20229 7103 
19675 14920 20234 7104 
19679 14921 20242 7107 
19684 14925 20245 7107 
19691 14927 20248 7109 
19697 14935 20253 7113 
19701 14941 20260 7119 
19703 14946 20265 7122 
19707 14953 20268 7124 
19708 14956 20274 7126 
19718 14962 20287 7126 
19725 14965 20293 7129 
19729 14971 20297 7130 
19737 14974 20305 7132 
19740 14977 20315 7136 
19747 14980 20320 7139 
19752 14984 20325 7143 
19755 14996 20332 7145 
19758 15005 20339 7150 
19762 15006 20346 7152 
19769 15008 20354 7152 
19776 15013 20365 7157 
19783 15019 20368 7160 
19785 15028 20379 7162 
19788 15029 20386 7164 
19793 15036 20392 7165 
19799 15037 20395 7169 
19803 15040 20403 7171 
19812 15045 20410 7173 
19816 15051 20417 7175 
19817 15059 20422 7180 
19820 15062 20428 7183 
19824 15070 20436 7185 
19833 15074 20442 7189 
19838 15079 20453 7189 
19843 15090 20458 7190 
19845 15096 20466 7190 
19849 15098 20472 7192 
19855 15103 20479 7194 
19862 15105 20486 7197 
19869 15110 20491 7198 
19877 15115 20497 7204 
19888 15121 20500 7207 
19899 15130 20506 7210 
19903 15131 20512 7213 
19908 15134 20520 7213 
19913 15139 20523 7214 
19919 15144 20535 7216 
19922 15152 20544 7219 
19928 15161 20552 7223 
19932 15164 20555 7225 
19942 15166 20563 7226 
19950 15170 20571 7228 
19952 15181 20576 7229 
19961 15183 20584 7230 
19974 15190 20588 7231 
19983 15199 20591 7233 
19990 15204 20596 7234 
19999 15210 20604 7236 
20004 15215 20612 7237 
20010 15224 20615 7237 
20013 15233 20625 7239 
20017 15240 20636 7240 
20025 15246 20642 7245 
20028 15248 20644 7250 
20035 15256 20649 7253 
20042 15261 20658 7256 
20046 15268 20667 7259 
20055 15272 20670 7263 
20062 15277 20677 7266 
20066 15281 20680 7269 
20069 15288 20689 7272 
20075 15297 20694 7275 
20079 15300 20700 7278 
20084 15302 20706 7280 
20089 15307 20710 7281 
20097 15311 20717 7283 
20102 15316 20724 7286 
20104 15325 20731 7290 
20109 15330 20740 7293 
20116 15334 20746 7295 
20126 15340 20754 7296 
20132 15344 20766 7301 
20137 15351 20770 7305 
20142 15358 20775 7308 
20148 15362 20783 7312 
20152 15366 20784 7314 
20157 15371 20792 7316 
20163 15372 20796 7318 
20168 15379 20802 7318 
20176 15385 20807 7319 
20179 15392 20815 7320 
20187 15393 20820 7325 
20192 15401 20830 7327 
20198 15406 20833 7328 
20204 15408 20843 7329 
20209 15412 20851 7332 
20211 15415 20860 7336 
20215 15424 20869 7337 
20225 15427 20871 7340 
20230 15434 20878 7346 
20237 15439 20888 7351 
20245 15441 20894 7352 
20251 15445 20903 7353 
20254 15451 20916 7354 
20256 15455 20924 7357 
20266 15460 20928 7360 
20270 15467 20935 7360 
20276 15470 20943 7364 
20282 15473 20946 7365 
20284 15480 20953 7371 
20290 15483 20959 7371 
20294 15490 20966 7371 
20300 15496 20971 7376 
20307 15499 20978 7377 
20313 15501 20986 7380 
20320 15507 20993 7380 
20326 15513 20998 7380 
20334 15521 21005 7381 
20337 15522 21010 7381 
20339 15529 21015 7382 
20341 15534 21024 7387 
20346 15537 21029 7391 
20352 15540 21036 7396 
20360 15543 21043 7397 
20368 15547 21047 7399 
20378 15550 21053 7400 
20383 15554 21055 7402 
20390 15562 21066 7402 
20393 15568 21072 7403 
20402 15574 21081 7408 
20410 15578 21088 7409 
20417 15589 21101 7410 
20423 15592 21108 7412 
20427 15594 21113 7416 
20434 15598 21117 7416 
20441 15606 21126 7416 
20447 15612 21131 7418 
20452 15617 21144 7421 
20458 15621 21147 7429 
20468 15626 21154 7429 
20474 15628 21158 7431 
20481 15634 21165 7433 
20488 15639 21171 7438 
20492 15644 21178 7439 
20500 15650 21183 7441 
20504 15658 21187 7444 
20509 15666 21191 7447 
20517 15675 21198 7447 
20525 15681 21204 7448 
20536 15683 21212 7450 
20545 15690 21219 7451 
20550 15698 21225 7452 
20559 15703 21231 7454 
20564 15710 21235 7455 
20573 15716 21244 7457 
20581 15722 21257 7462 
20586 15725 21265 7466 
20590 15731 21267 7468 
20598 15736 21282 7470 
20602 15742 21285 7474 
20607 15745 21294 7474 
20610 15753 21297 7481 
20619 15759 21301 7483 
20628 15763 21309 7487 
20633 15765 21314 7490 
20642 15770 21318 7492 
20647 15774 21326 7494 
20652 15777 21332 7496 
20656 15781 21336 7499 
20667 15784 21342 7502 
20677 15791 21352 7505 
20686 15797 21357 7508 
20693 15805 21364 7513 
20698 15810 21370 7514 
20705 15816 21379 7519 
20713 15823 21385 7521 
20720 15834 21393 7525 
20725 15839 21399 7526 
20728 15844 21406 7528 
20735 15848 21413 7530 
20743 15853 21419 7535 
20745 15855 21425 7535 
20751 15856 21437 7539 
20755 15858 21450 7541 
20763 15860 21457 7543 
20768 15864 21461 7546 
20772 15867 21464 7549 
20776 15871 21472 7552 
20779 15875 21481 7554 
20785 15879 21490 7555 
20790 15884 21494 7557 
20800 15895 21505 7560 
20809 15896 21513 7562 
20814 15902 21519 7562 
20816 15906 21524 7567 
20825 15912 21528 7571 
20829 15916 21537 7573 
20834 15919 21547 7574 
20839 15924 21554 7575 
20848 15930 21560 7577 
20858 15933 21564 7584 
20861 15939 21575 7588 
20865 15945 21583 7590 
20871 15948 21593 7591 
20881 15954 21600 7593 
20889 15961 21602 7593 
20894 15964 21610 7597 
20897 15969 21615 7598 
20907 15973 21618 7599 
20915 15980 21625 7601 
20924 15983 21630 7604 
20926 15992 21637 7606 
20930 15995 21640 7608 
20941 15999 21648 7609 
20946 16004 21662 7612 
20952 16007 21668 7614 
20957 16013 21671 7616 
20963 16019 21680 7618 
20974 16022 21684 7620 
20978 16027 21693 7623 
20983 16032 21696 7625 
20987 16038 21702 7625 
20990 16042 21713 7629 
20996 16047 21721 7632 
21006 16051 21726 7633 
21008 16053 21734 7638 
21018 16055 21738 7640 
21026 16063 21743 7640 
21035 16067 21747 7641 
21042 16070 21756 7642 
21049 16073 21760 7643 
21054 16080 21769 7645 
21057 16084 21778 7645 
21059 16088 21782 7647 
21067 16097 21787 7647 
21071 16100 21799 7649 
21073 16107 21803 7650 
21079 16110 21806 7658 
21082 16115 21814 7659 
21090 16120 21819 7663 
21096 16124 21826 7664 
21100 16128 21834 7665 
21106 16136 21836 7665 
21113 16141 21840 7668 
21117 16145 21845 7671 
21126 16152 21849 7671 
21132 16157 21856 7674 
21136 16166 21859 7678 
21138 16172 21867 7681 
21145 16180 21873 7683 
21149 16188 21881 7684 
21155 16195 21889 7686 
21165 16197 21899 7689 
21167 16205 21911 7694 
21171 16214 21917 7697 
21174 16215 21920 7698 
21180 16219 21925 7699 
21184 16225 21934 7705 
21189 16227 21941 7709 
21192 16230 21945 7713 
21197 16237 21952 7717 
21209 16242 21956 7720 
21216 16250 21963 7723 
21220 16254 21972 7725 
21228 16256 21980 7732 
21231 16265 21984 7736 
21235 16268 21989 7740 
21242 16271 21993 7745 
21248 16276 21998 7747 
21253 16283 22005 7750 
21258 16286 22008 7752 
21264 16288 22014 7756 
21272 16294 22022 7760 
21273 16301 22027 7762 
21280 16309 22030 7765 
21284 16314 22034 7770 
21292 16321 22039 7772 
21293 16327 22042 7775 
21298 16330 22046 7778 
21303 16333 22053 7780 
21312 16334 22060 7782 
21320 16337 22066 7788 
21324 16342 22067 7791 
21332 16347 22071 7792 
21337 16349 22080 7795 
21344 16352 22083 7797 
21349 16364 22094 7800 
21354 16366 22097 7800 
21366 16372 22104 7801 
21371 16377 22109 7806 
21377 16385 22119 7809 
21382 16389 22124 7813 
21389 16395 22129 7815 
21394 16400 22132 7817 
21401 16406 22141 7819 
21404 16409 22148 7820 
21411 16411 22162 7823 
21421 16412 22167 7826 
21428 16416 22176 7829 
21434 16422 22180 7830 
21441 16427 22183 7832 
21442 16432 22189 7833 
21451 16440 22195 7835 
21454 16442 22202 7839 
21458 16443 22209 7842 
21462 16449 22213 7842 
21464 16453 22221 7845 
21466 16460 22230 7849 
21470 16466 22242 7851 
21474 16472 22245 7855 
21477 16477 22252 7858 
21486 16482 22257 7859 
21492 16484 22262 7859 
21500 16487 22268 7860 
21510 16491 22276 7868 
21517 16498 22277 7868 
21522 16508 22287 7868 
21525 16513 22293 7869 
21532 16519 22302 7871 
21542 16530 22305 7871 
21549 16534 22316 7873 
21550 16535 22327 7874 
21555 16537 22330 7877 
21563 16543 22340 7878 
21568 16545 22346 7880 
21570 16549 22351 7883 
21575 16558 22357 7885 
21581 16563 22359 7891 
21589 16568 22369 7894 
21598 16576 22381 7896 
21607 16581 22385 7899 
21611 16589 22386 7901 
21617 16594 22389 7907 
21622 16595 22393 7907 
21626 16599 22398 7910 
21633 16603 22409 7911 
21639 16606 22413 7913 
21647 16613 22420 7915 
21654 16616 22429 7919 
21658 16621 22433 7924 
21663 16628 22438 7926 
21672 16631 22445 7933 
21675 16633 22447 7935 
21682 16639 22455 7944 
21689 16644 22462 7944 
21702 16645 22468 7948 
21708 16649 22476 7949 
21713 16656 22483 7951 
21718 16658 22491 7954 
21723 16666 22496 7954 
21729 16669 22501 7956 
21735 16672 22508 7958 
21740 16675 22522 7961 
21746 16678 22529 7963 
21753 16681 22536 7965 
21759 16688 22543 7969 
21765 16694 22551 7971 
21767 16703 22560 7977 
21777 16705 22567 7978 
21782 16711 22577 7980 
21794 16714 22585 7983 
21802 16724 22589 7984 
21811 16731 22599 7987 
21819 16735 22602 7989 
21825 16741 22607 7991 
21830 16744 22612 7992 
21833 16749 22620 7992 
21839 16755 22625 7997 
21841 16761 22633 8002 
21845 16764 22640 8005 
21851 16766 22647 8007 
21860 16774 22653 8007 
21871 16779 22659 8012 
21878 16788 22663 8017 
21881 16791 22670 8020 
21887 16796 22678 8022 
21892 16801 22684 8026 
21896 16806 22696 8028 
21907 16807 22707 8028 
21915 16811 22714 8031 
21917 16818 22716 8031 
21924 16822 22722 8032 
21929 16829 22725 8038 
21935 16833 22731 8041 
21944 16839 22735 8044 
21948 16844 22740 8045 
21958 16848 22744 8046 
21961 16850 22749 8050 
21970 16853 22757 8051 
21979 16862 22759 8053 
21985 16868 22766 8054 
21990 16874 22773 8055 
21995 16879 22777 8057 
22003 16884 22781 8059 
22011 16887 22787 8061 
22023 16894 22792 8067 
22029 16901 22794 8067 
22038 16905 22802 8070 
22047 16908 22806 8071 
22051 16913 22812 8074 
22054 16916 22818 8075 
22058 16921 22826 8079 
22062 16923 22831 8081 
22067 16928 22838 8083 
22072 16933 22844 8085 
22080 16937 22849 8086 
22086 16943 22856 8092 
22094 16946 22865 8095 
22100 16950 22875 8096 
22109 16956 22882 8100 
22119 16965 22888 8101 
22123 16974 22893 8105 
22128 16980 22902 8108 
22132 16983 22906 8108 
22139 16985 22910 8111 
22144 16988 22918 8113 
22150 16998 22924 8116 
22157 17001 22929 8120 
22160 17010 22938 8122 
22170 17018 22946 8124 
22178 17021 22951 8125 
22187 17031 22960 8129 
22192 17037 22967 8131 
22196 17046 22971 8134 
