0 0 0 0 
4 5 6 1 
12 8 14 3 
16 9 20 6 
22 16 24 7 
29 21 29 8 
32 25 34 9 
36 29 40 9 
44 29 41 11 
48 35 48 11 
52 38 51 13 
56 40 56 16 
57 45 59 19 
66 50 64 19 
69 52 70 20 
81 59 76 25 
89 63 83 27 
92 65 94 28 
95 70 97 30 
106 72 101 34 
117 77 103 35 
122 84 108 37 
128 89 114 38 
132 93 116 40 
135 95 124 40 
136 100 129 40 
138 103 131 40 
141 107 136 42 
142 112 138 44 
144 116 144 44 
153 118 147 47 
160 125 154 48 
164 131 160 49 
167 135 163 50 
174 140 166 52 
177 145 168 57 
182 147 171 59 
185 150 172 62 
189 152 180 62 
201 154 186 65 
205 157 190 67 
209 162 196 68 
215 164 201 70 
224 169 207 72 
225 174 208 73 
229 179 212 75 
238 184 214 76 
245 187 219 77 
252 187 225 77 
258 189 229 81 
264 192 232 85 
270 195 240 88 
274 201 243 90 
284 203 249 91 
291 207 254 94 
299 211 259 96 
302 217 262 99 
305 225 268 101 
313 228 274 101 
320 229 278 103 
324 233 283 105 
328 236 290 106 
333 240 292 108 
342 243 296 112 
344 246 298 114 
350 250 302 115 
354 255 308 115 
363 256 316 117 
366 262 318 118 
372 266 324 118 
374 269 325 122 
383 274 329 122 
389 274 336 124 
393 278 339 127 
395 282 344 130 
400 287 349 132 
405 290 350 132 
415 293 353 136 
426 298 359 138 
431 300 364 140 
437 303 372 142 
444 309 378 144 
449 315 380 147 
452 321 386 151 
456 325 388 152 
464 327 395 153 
469 331 399 156 
472 335 401 157 
474 339 403 159 
479 343 407 159 
489 349 412 159 
492 350 420 161 
500 352 429 164 
508 357 436 166 
511 361 440 167 
517 369 445 169 
524 372 447 171 
532 379 456 174 
535 383 464 175 
540 388 469 176 
540 389 477 177 
548 392 479 179 
552 394 484 180 
555 398 488 182 
559 399 493 183 
566 405 504 184 
567 407 508 185 
573 412 516 187 
580 416 520 190 
584 420 527 190 
587 424 534 191 
595 427 542 193 
603 430 546 195 
608 433 548 196 
612 435 555 198 
617 438 564 201 
622 441 568 203 
629 443 577 205 
633 449 584 206 
640 454 588 207 
645 455 596 208 
648 460 601 209 
652 464 605 211 
661 465 608 213 
669 467 616 215 
674 472 623 216 
678 475 631 218 
680 479 634 220 
688 484 638 220 
697 488 647 220 
700 495 653 224 
704 499 658 225 
707 503 662 229 
713 507 667 230 
723 511 675 230 
727 515 678 230 
729 518 687 234 
734 519 691 236 
738 521 695 237 
742 526 697 240 
749 530 701 241 
754 532 707 245 
762 534 712 246 
767 539 714 248 
777 541 722 250 
785 546 726 250 
791 548 734 252 
796 551 740 253 
810 554 748 257 
816 561 749 257 
818 567 753 261 
825 570 756 262 
829 574 761 265 
834 578 763 266 
842 579 765 269 
853 583 769 273 
857 586 778 275 
863 590 785 276 
871 594 789 279 
881 600 797 280 
887 603 801 283 
893 605 805 284 
899 608 813 287 
906 612 820 287 
910 616 823 289 
915 618 831 290 
918 621 838 291 
923 625 840 292 
926 630 846 293 
931 632 849 293 
934 633 856 295 
941 637 860 296 
950 642 861 297 
955 645 865 299 
959 648 868 301 
963 655 872 301 
970 659 880 302 
977 661 891 307 
983 663 897 310 
990 666 903 311 
993 670 906 313 
997 675 913 314 
1005 679 918 317 
1012 683 921 322 
1017 687 924 324 
1021 690 933 330 
1023 692 940 330 
1031 695 945 335 
1038 700 948 335 
1049 704 955 338 
1057 705 960 341 
1063 708 964 346 
1064 709 969 350 
1069 715 974 352 
1072 720 977 354 
1078 721 983 358 
1086 723 991 358 
1092 725 999 360 
1094 728 1009 361 
1099 734 1014 361 
1106 742 1018 363 
1110 746 1021 363 
1115 750 1027 364 
1121 755 1028 364 
1130 759 1030 366 
1135 763 1034 368 
1138 765 1039 370 
1143 769 1042 373 
1147 772 1045 376 
1157 776 1049 376 
1162 778 1053 377 
1167 780 1059 377 
1177 784 1061 378 
1182 786 1066 381 
1186 791 1071 384 
1189 798 1077 385 
1195 802 1081 389 
1203 805 1085 392 
1208 807 1093 393 
1212 810 1097 395 
1217 820 1106 398 
1221 822 1113 399 
1229 824 1119 399 
1234 827 1120 399 
1239 829 1126 401 
1248 830 1129 402 
1252 838 1133 406 
1260 839 1140 406 
1265 844 1149 408 
1270 848 1153 408 
1277 852 1157 413 
1282 855 1161 415 
1289 858 1165 416 
1295 864 1166 416 
1301 866 1170 418 
1307 871 1178 419 
1320 873 1186 423 
1327 873 1191 423 
1332 876 1195 424 
1337 881 1202 427 
1343 886 1209 428 
1346 888 1211 432 
1350 895 1215 435 
1354 898 1220 437 
1360 904 1228 438 
1367 909 1231 439 
1372 914 1241 442 
1378 917 1245 443 
1384 928 1252 443 
1390 932 1259 445 
1395 934 1264 445 
1403 939 1273 449 
1408 944 1277 450 
1412 949 1284 450 
1416 951 1290 452 
1417 952 1293 452 
1423 954 1296 453 
1430 958 1305 455 
1440 958 1309 457 
1444 962 1314 458 
1452 963 1319 460 
1459 965 1328 462 
1466 966 1333 464 
1470 972 1339 466 
1475 979 1343 468 
1482 984 1348 470 
1488 987 1352 473 
1490 991 1361 478 
1498 992 1370 482 
1504 994 1374 482 
1506 995 1378 482 
1511 1000 1384 485 
1516 1005 1389 487 
1519 1009 1397 490 
1526 1011 1399 492 
1529 1016 1402 494 
1534 1020 1403 495 
1539 1023 1408 499 
1543 1028 1415 501 
1547 1032 1420 502 
1551 1038 1423 504 
1556 1040 1428 506 
1562 1042 1436 506 
1565 1047 1443 508 
1570 1048 1446 509 
1575 1049 1450 510 
1580 1052 1453 511 
1583 1056 1457 513 
1588 1061 1463 513 
1593 1064 1469 515 
1596 1067 1471 516 
1597 1070 1476 517 
1602 1072 1482 519 
1609 1075 1491 520 
1615 1083 1497 521 
1622 1086 1504 523 
1630 1088 1508 524 
1638 1090 1512 526 
1648 1095 1519 528 
1653 1097 1521 529 
1666 1099 1525 531 
1670 1102 1534 533 
1674 1109 1540 533 
1680 1112 1546 533 
1684 1117 1552 536 
1694 1120 1557 540 
1700 1124 1564 541 
1705 1125 1570 545 
1713 1132 1574 547 
1719 1136 1586 549 
1724 1139 1593 551 
1730 1141 1600 552 
1735 1144 1608 552 
1739 1149 1616 552 
1745 1153 1618 554 
1752 1157 1623 555 
1755 1159 1632 555 
1761 1162 1637 557 
1763 1169 1640 558 
1768 1170 1645 561 
1773 1177 1654 562 
1785 1180 1658 567 
1789 1182 1662 570 
1796 1186 1665 570 
1800 1190 1666 573 
1803 1190 1670 576 
1809 1193 1679 578 
1809 1195 1684 579 
1813 1199 1690 580 
1823 1202 1695 580 
1825 1205 1699 582 
1832 1208 1703 582 
1839 1209 1706 584 
1846 1212 1711 584 
1849 1215 1717 585 
1853 1221 1718 586 
1859 1224 1723 590 
1862 1225 1730 591 
1868 1229 1738 593 
1875 1231 1744 595 
1881 1235 1746 598 
1887 1238 1750 600 
1895 1241 1752 602 
1902 1243 1761 602 
1905 1249 1765 602 
1910 1254 1771 604 
1914 1257 1775 604 
1919 1262 1780 605 
1926 1267 1787 606 
1934 1268 1795 606 
1936 1273 1804 607 
1941 1279 1810 607 
1946 1282 1814 609 
1951 1286 1818 611 
1957 1288 1821 612 
1960 1289 1831 615 
1960 1293 1837 617 
1965 1298 1845 617 
1969 1301 1847 618 
1974 1307 1855 619 
1977 1308 1859 621 
1988 1315 1865 623 
1994 1316 1871 623 
2002 1320 1879 626 
2006 1324 1882 628 
2012 1327 1889 631 
2021 1329 1894 632 
2025 1331 1903 633 
2031 1335 1910 634 
2035 1338 1917 638 
2043 1342 1921 638 
2054 1345 1928 638 
2058 1347 1934 639 
2060 1353 1941 642 
2067 1355 1945 642 
2071 1361 1953 646 
2075 1364 1957 649 
2077 1365 1960 649 
2085 1372 1962 650 
2093 1378 1968 651 
2098 1386 1976 651 
2102 1389 1984 653 
2107 1391 1994 655 
2116 1397 2000 655 
2118 1399 2003 658 
2124 1400 2007 661 
2130 1402 2009 662 
2141 1407 2010 663 
2147 1408 2014 668 
2152 1412 2018 669 
2157 1415 2023 669 
2159 1419 2029 669 
2161 1420 2033 669 
2163 1422 2040 672 
2167 1426 2042 674 
2174 1430 2044 674 
2183 1436 2052 675 
2190 1440 2060 678 
2195 1444 2061 683 
2198 1446 2065 686 
2202 1451 2070 687 
2208 1454 2075 690 
2215 1458 2077 690 
2217 1462 2083 694 
2220 1466 2086 699 
2228 1471 2088 701 
2235 1473 2095 702 
2240 1480 2101 702 
2243 1485 2102 703 
2250 1490 2109 703 
2260 1496 2111 703 
2265 1497 2117 703 
2269 1500 2118 704 
2272 1504 2126 706 
2280 1507 2132 707 
2286 1514 2136 709 
2287 1519 2140 712 
2292 1522 2143 713 
2296 1526 2152 716 
2300 1532 2158 718 
2304 1536 2162 718 
2313 1540 2171 719 
2321 1542 2174 722 
2325 1546 2178 726 
2331 1552 2183 727 
2335 1556 2190 727 
2338 1560 2199 728 
2340 1564 2204 728 
2346 1569 2208 728 
2353 1573 2213 731 
2360 1581 2216 733 
2363 1585 2223 734 
2367 1588 2224 735 
2371 1590 2230 735 
2374 1591 2235 737 
2381 1596 2238 740 
2385 1597 2243 740 
2389 1606 2245 740 
2395 1609 2250 741 
2399 1612 2256 742 
2405 1617 2258 743 
2409 1619 2264 746 
2414 1621 2267 746 
2419 1623 2274 747 
2426 1627 2280 748 
2427 1630 2284 753 
2435 1635 2289 757 
2438 1638 2293 759 
2444 1642 2297 765 
2451 1647 2302 767 
2460 1650 2306 771 
2466 1650 2311 774 
2475 1652 2317 775 
2479 1656 2321 775 
2486 1662 2324 776 
2487 1666 2326 778 
2495 1670 2330 780 
2498 1673 2337 781 
2505 1676 2342 783 
2508 1680 2352 784 
2511 1683 2356 786 
2513 1686 2360 789 
2518 1687 2366 789 
2520 1690 2373 790 
2523 1696 2377 793 
2533 1697 2381 796 
2541 1699 2389 799 
2547 1702 2392 800 
2553 1705 2398 803 
2559 1712 2403 804 
2562 1714 2406 807 
2569 1717 2414 807 
2576 1720 2424 807 
2579 1722 2431 809 
2586 1724 2435 811 
2593 1729 2445 811 
2598 1731 2449 812 
2601 1733 2456 812 
2607 1736 2461 813 
2610 1737 2462 815 
2614 1739 2466 818 
2621 1744 2468 818 
2623 1745 2474 820 
2628 1750 2480 823 
2634 1753 2489 824 
2642 1759 2497 824 
2647 1764 2502 827 
2654 1767 2506 827 
2661 1770 2507 830 
2670 1775 2510 832 
2680 1777 2516 832 
2683 1782 2521 832 
2687 1785 2527 833 
2698 1789 2531 834 
2702 1792 2536 835 
2706 1794 2542 836 
2709 1797 2546 840 
2714 1803 2554 841 
2716 1808 2561 842 
2722 1812 2569 842 
2728 1816 2572 845 
2731 1820 2578 846 
2735 1824 2584 846 
2739 1827 2591 847 
2745 1828 2599 849 
2751 1835 2607 851 
2758 1839 2613 853 
2759 1842 2620 854 
2769 1845 2624 854 
2775 1847 2627 854 
2781 1851 2632 854 
2783 1852 2638 857 
2789 1857 2643 857 
2790 1862 2648 857 
2799 1865 2653 860 
2804 1871 2662 862 
2812 1876 2664 863 
2819 1880 2668 864 
2829 1882 2676 864 
2835 1884 2683 864 
2840 1887 2686 865 
2850 1889 2692 866 
2853 1890 2695 869 
2858 1894 2700 870 
2866 1900 2702 872 
2874 1905 2706 877 
2879 1912 2712 881 
2884 1913 2716 882 
2888 1921 2720 884 
2891 1931 2724 886 
2895 1936 2728 886 
2903 1942 2734 887 
2906 1949 2741 889 
2909 1952 2751 892 
2918 1958 2755 892 
2925 1964 2761 898 
2929 1969 2763 898 
2937 1973 2771 902 
2944 1980 2775 904 
2947 1985 2783 904 
2953 1991 2788 908 
2958 1996 2791 909 
2966 2000 2798 912 
2977 2001 2802 916 
2981 2005 2808 918 
2988 2011 2813 919 
2991 2013 2817 922 
2996 2016 2826 922 
3005 2019 2831 922 
3011 2025 2836 926 
3019 2031 2845 928 
3022 2036 2851 930 
3026 2042 2857 931 
3029 2044 2861 932 
3031 2046 2867 933 
3035 2049 2873 936 
3044 2050 2879 941 
3046 2054 2885 945 
3049 2056 2891 946 
3055 2059 2896 948 
3063 2061 2902 952 
3067 2065 2908 956 
3068 2066 2913 956 
3073 2072 2918 958 
3078 2075 2923 959 
3085 2079 2932 960 
3089 2085 2943 963 
3098 2091 2946 964 
3104 2095 2949 966 
3110 2100 2953 968 
3117 2102 2956 970 
3122 2106 2959 972 
3128 2108 2963 973 
3133 2111 2965 975 
3139 2112 2978 978 
3144 2117 2979 981 
3149 2122 2984 983 
3152 2125 2985 986 
3154 2128 2991 988 
3160 2134 2994 990 
3164 2141 2999 991 
3168 2142 3002 992 
3176 2148 3007 992 
3186 2151 3011 993 
3190 2155 3019 998 
3198 2157 3024 999 
3201 2157 3033 1001 
3207 2163 3037 1001 
3211 2168 3041 1003 
3217 2174 3045 1004 
3219 2179 3047 1007 
3226 2184 3050 1008 
3228 2188 3051 1008 
3232 2192 3057 1008 
3238 2198 3063 1009 
3242 2202 3069 1010 
3248 2208 3076 1012 
3253 2211 3085 1012 
3260 2214 3090 1015 
3266 2216 3097 1018 
3274 2220 3104 1022 
3278 2225 3106 1022 
3283 2232 3112 1026 
3287 2236 3119 1026 
3292 2240 3122 1028 
3298 2246 3127 1031 
3303 2251 3136 1033 
3306 2252 3141 1035 
3310 2254 3143 1036 
3312 2258 3150 1038 
3316 2261 3157 1039 
3322 2266 3166 1040 
3324 2269 3171 1042 
3329 2276 3178 1043 
3332 2278 3185 1044 
3341 2279 3192 1044 
3348 2279 3198 1047 
3351 2284 3202 1048 
3357 2289 3203 1049 
3362 2293 3208 1052 
3369 2297 3217 1055 
3372 2297 3223 1057 
3374 2299 3226 1058 
3377 2301 3231 1059 
3381 2306 3235 1059 
3386 2311 3247 1059 
3389 2316 3251 1061 
3393 2320 3254 1064 
3396 2323 3258 1065 
3404 2326 3263 1067 
3411 2332 3267 1070 
3416 2339 3273 1071 
3425 2341 3277 1073 
3432 2342 3281 1073 
3437 2343 3283 1076 
3444 2347 3289 1079 
3453 2351 3297 1080 
3461 2355 3299 1080 
3465 2362 3304 1082 
3473 2368 3315 1083 
3478 2374 3324 1083 
3480 2375 3327 1083 
3488 2381 3333 1085 
3496 2384 3338 1086 
3505 2387 3342 1088 
3511 2392 3348 1091 
3516 2397 3355 1094 
3527 2399 3359 1094 
3532 2405 3368 1098 
3539 2406 3372 1098 
3544 2410 3377 1100 
3548 2414 3382 1102 
3555 2422 3383 1105 
3559 2425 3392 1109 
3567 2428 3402 1112 
3574 2431 3408 1114 
3581 2432 3415 1120 
3589 2436 3423 1120 
3598 2440 3427 1123 
3601 2447 3436 1126 
3605 2447 3438 1130 
3612 2454 3445 1130 
3617 2457 3448 1133 
3624 2457 3456 1136 
3628 2462 3465 1137 
3632 2466 3470 1138 
3638 2469 3477 1139 
3647 2471 3486 1141 
3649 2475 3495 1142 
3655 2476 3507 1144 
3660 2481 3520 1145 
3668 2486 3521 1146 
3671 2490 3526 1147 
3676 2493 3528 1149 
3683 2499 3530 1151 
3692 2508 3539 1153 
3695 2511 3541 1156 
3699 2512 3549 1160 
3704 2515 3556 1160 
3709 2518 3561 1161 
3712 2525 3571 1161 
3717 2531 3573 1163 
3724 2531 3578 1164 
3730 2535 3584 1169 
3739 2543 3586 1169 
3747 2547 3589 1170 
3751 2550 3594 1171 
3759 2554 3599 1172 
3765 2558 3607 1174 
3772 2562 3609 1176 
3778 2563 3616 1177 
3785 2566 3622 1179 
3788 2569 3627 1180 
3795 2574 3636 1182 
3799 2576 3642 1184 
3807 2580 3647 1187 
3814 2586 3652 1188 
3822 2588 3654 1188 
3824 2595 3661 1189 
3827 2598 3665 1189 
3834 2602 3669 1190 
3844 2602 3670 1192 
3849 2605 3675 1194 
3858 2607 3680 1196 
3863 2609 3685 1199 
3868 2613 3692 1200 
3879 2621 3697 1202 
3885 2625 3706 1205 
3885 2627 3709 1207 
3886 2628 3720 1207 
3889 2629 3725 1211 
3889 2636 3731 1211 
3896 2638 3737 1212 
3900 2642 3743 1214 
3907 2646 3748 1216 
3910 2647 3752 1217 
3916 2650 3755 1219 
3923 2653 3759 1220 
3932 2656 3766 1223 
3934 2659 3771 1223 
3938 2664 3780 1224 
3942 2668 3786 1227 
3947 2672 3797 1228 
3958 2678 3806 1230 
3967 2680 3814 1232 
3975 2684 3820 1234 
3983 2689 3822 1234 
3987 2695 3826 1234 
3992 2698 3830 1236 
3999 2700 3838 1240 
4002 2702 3845 1242 
4003 2703 3850 1247 
4010 2706 3854 1248 
4015 2712 3859 1251 
4018 2713 3867 1254 
4025 2713 3871 1254 
4030 2720 3879 1254 
4032 2727 3883 1257 
4033 2731 3887 1259 
4042 2731 3896 1260 
4048 2737 3898 1262 
4051 2740 3902 1262 
4055 2746 3912 1264 
4061 2751 3918 1264 
4067 2754 3921 1269 
4074 2755 3925 1272 
4080 2758 3932 1279 
4086 2761 3939 1279 
4093 2764 3944 1281 
4103 2770 3955 1286 
4109 2775 3960 1287 
4116 2779 3963 1287 
4122 2787 3967 1290 
4132 2794 3977 1292 
4134 2798 3983 1295 
4136 2800 3990 1295 
4144 2803 3997 1297 
4148 2810 4002 1298 
4153 2813 4007 1298 
4159 2816 4012 1301 
4164 2819 4014 1301 
4171 2821 4019 1302 
4177 2823 4021 1308 
4181 2825 4029 1311 
4185 2828 4032 1311 
4189 2831 4039 1311 
4196 2833 4042 1314 
4202 2834 4049 1314 
4207 2836 4053 1318 
4209 2842 4059 1322 
4214 2846 4062 1324 
4218 2847 4069 1326 
4227 2850 4074 1327 
4232 2854 4078 1328 
4240 2857 4085 1329 
4242 2862 4092 1333 
4243 2866 4096 1335 
4246 2867 4102 1337 
4248 2872 4107 1340 
4255 2880 4113 1344 
4261 2887 4120 1346 
4263 2894 4129 1347 
4266 2896 4132 1349 
4273 2902 4140 1350 
4282 2909 4148 1351 
4292 2910 4152 1351 
4299 2916 4159 1355 
4305 2918 4162 1358 
4311 2919 4167 1363 
4318 2922 4174 1364 
4322 2927 4175 1366 
4328 2930 4179 1368 
4335 2935 4189 1371 
4342 2938 4197 1371 
4351 2943 4201 1372 
4351 2947 4208 1373 
4355 2950 4212 1374 
4362 2952 4219 1375 
4366 2954 4223 1377 
4375 2958 4227 1378 
4378 2961 4236 1379 
4384 2966 4247 1381 
4389 2970 4254 1385 
4395 2975 4258 1387 
4398 2977 4263 1388 
4405 2981 4267 1391 
4411 2982 4270 1394 
4419 2985 4276 1394 
4427 2990 4279 1402 
4431 2994 4285 1404 
4436 2998 4290 1406 
4443 2999 4295 1407 
4447 3002 4301 1407 
4451 3004 4307 1409 
4457 3007 4313 1411 
4461 3008 4319 1414 
4466 3012 4322 1416 
4473 3015 4327 1419 
4483 3024 4334 1419 
4490 3034 4340 1419 
4491 3038 4350 1421 
4498 3047 4355 1422 
4502 3051 4362 1426 
4511 3057 4365 1428 
4512 3060 4370 1430 
4516 3061 4375 1431 
4523 3064 4377 1432 
4526 3067 4382 1433 
4536 3072 4386 1435 
4541 3073 4393 1439 
4547 3076 4403 1441 
4551 3078 4411 1442 
4558 3085 4417 1445 
4567 3088 4417 1446 
4571 3095 4420 1453 
4577 3097 4421 1456 
4582 3100 4428 1456 
4587 3107 4437 1456 
4590 3109 4442 1456 
4598 3117 4446 1458 
4606 3121 4452 1459 
4609 3129 4462 1461 
4615 3136 4469 1461 
4620 3137 4471 1463 
4626 3140 4478 1467 
4631 3146 4484 1468 
4640 3150 4488 1469 
4647 3160 4490 1470 
4652 3165 4494 1474 
4656 3167 4498 1474 
4661 3172 4506 1474 
4665 3175 4512 1476 
4667 3178 4514 1476 
4679 3182 4518 1478 
4681 3184 4525 1479 
4683 3187 4527 1481 
4684 3192 4528 1485 
4691 3194 4540 1487 
4695 3202 4545 1490 
4696 3203 4548 1493 
4699 3209 4552 1495 
4703 3211 4562 1496 
4705 3218 4566 1496 
4708 3222 4569 1498 
4711 3227 4574 1499 
4714 3230 4581 1501 
4718 3231 4588 1503 
4727 3235 4594 1507 
4733 3237 4599 1510 
4736 3240 4606 1512 
4739 3243 4614 1513 
4745 3245 4619 1514 
4749 3250 4625 1519 
4753 3256 4633 1520 
4761 3258 4638 1523 
4767 3266 4645 1527 
4773 3273 4651 1528 
4780 3280 4657 1532 
4785 3285 4663 1534 
4793 3287 4667 1534 
4800 3292 4672 1536 
4803 3299 4679 1538 
4806 3302 4683 1540 
4813 3309 4689 1541 
4814 3313 4695 1542 
4817 3316 4698 1547 
4822 3320 4706 1548 
4828 3325 4709 1550 
4836 3328 4716 1550 
4842 3332 4719 1552 
4847 3333 4728 1552 
4852 3337 4732 1555 
4855 3342 4736 1557 
4862 3348 4739 1558 
4868 3350 4749 1558 
4873 3354 4754 1560 
4879 3356 4759 1562 
4886 3360 4762 1564 
4894 3365 4768 1569 
4899 3367 4774 1570 
4903 3376 4780 1572 
4907 3379 4785 1575 
4909 3383 4790 1575 
4917 3386 4796 1577 
4925 3390 4804 1580 
4931 3392 4809 1580 
4932 3399 4814 1581 
4935 3403 4818 1584 
4941 3409 4821 1586 
4946 3412 4824 1586 
4952 3416 4831 1586 
4959 3420 4836 1589 
4964 3426 4838 1592 
4968 3430 4842 1595 
4973 3431 4849 1598 
4984 3437 4853 1600 
4987 3441 4856 1602 
4993 3444 4861 1605 
5000 3446 4870 1607 
5002 3449 4871 1608 
5011 3454 4873 1611 
5018 3457 4874 1617 
5026 3462 4879 1618 
5030 3467 4884 1620 
5035 3469 4886 1623 
5045 3473 4892 1625 
5049 3480 4894 1628 
5053 3486 4901 1629 
5059 3490 4906 1630 
5062 3494 4911 1632 
5068 3500 4917 1636 
5071 3501 4924 1638 
5073 3502 4927 1640 
5083 3508 4930 1646 
5086 3511 4937 1647 
5091 3512 4944 1648 
5097 3515 4955 1651 
5102 3518 4961 1651 
5103 3523 4975 1652 
5111 3527 4983 1654 
5116 3528 4985 1656 
5120 3534 4990 1657 
5129 3536 4997 1657 
5135 3542 4999 1661 
5138 3547 5008 1663 
5144 3549 5011 1665 
5150 3556 5016 1667 
5156 3562 5024 1669 
5159 3569 5030 1673 
5166 3573 5034 1674 
5169 3584 5037 1675 
5174 3588 5042 1678 
5179 3593 5045 1681 
5185 3595 5049 1681 
5190 3601 5051 1683 
5196 3608 5054 1686 
5198 3611 5057 1688 
5205 3613 5059 1691 
5210 3620 5068 1693 
5214 3621 5075 1695 
5217 3623 5082 1696 
5224 3628 5086 1698 
5228 3629 5088 1700 
5231 3633 5093 1702 
5239 3638 5100 1704 
5249 3642 5108 1707 
5253 3644 5116 1709 
5256 3655 5120 1709 
5259 3659 5128 1710 
5269 3662 5136 1711 
5273 3664 5143 1713 
5279 3667 5151 1714 
5282 3672 5155 1715 
5287 3676 5162 1718 
5295 3683 5165 1720 
5303 3686 5169 1720 
5310 3692 5175 1721 
5315 3695 5181 1721 
5330 3696 5189 1723 
5332 3696 5197 1723 
5338 3701 5203 1724 
5344 3704 5209 1724 
5347 3707 5215 1724 
5355 3710 5222 1725 
5359 3713 5231 1727 
5365 3716 5234 1728 
5371 3718 5241 1731 
5374 3721 5245 1736 
5379 3728 5251 1737 
5386 3734 5258 1741 
5391 3740 5259 1745 
5400 3743 5267 1745 
5404 3749 5271 1747 
5410 3756 5281 1748 
5415 3761 5286 1750 
5421 3764 5289 1750 
5426 3769 5296 1754 
5432 3773 5304 1759 
5435 3778 5314 1763 
5436 3782 5317 1766 
5442 3787 5325 1768 
5445 3788 5333 1769 
5449 3791 5335 1770 
5458 3793 5344 1774 
5462 3794 5349 1776 
5466 3798 5357 1779 
5472 3801 5359 1781 
5476 3805 5369 1784 
5481 3812 5371 1787 
5490 3812 5380 1789 
5496 3816 5384 1792 
5504 3822 5387 1792 
5506 3826 5390 1793 
5509 3833 5400 1795 
5518 3838 5405 1800 
5523 3842 5410 1802 
5534 3844 5417 1803 
5539 3850 5423 1807 
5547 3855 5433 1810 
5549 3862 5436 1811 
5556 3864 5443 1815 
5563 3870 5450 1817 
5567 3876 5456 1819 
5572 3883 5460 1820 
5574 3885 5470 1820 
5576 3887 5474 1822 
5586 3892 5484 1827 
5591 3893 5490 1829 
5597 3894 5498 1829 
5598 3895 5500 1833 
5599 3900 5509 1840 
5606 3902 5518 1841 
5613 3904 5521 1842 
5617 3906 5525 1844 
5624 3911 5532 1846 
5629 3912 5538 1851 
5633 3919 5542 1851 
5636 3925 5549 1853 
5643 3930 5552 1854 
5648 3933 5555 1855 
5653 3941 5560 1857 
5659 3948 5566 1858 
5662 3951 5571 1860 
5668 3956 5577 1864 
5670 3962 5582 1867 
5681 3962 5587 1870 
5689 3963 5591 1872 
5697 3966 5601 1874 
5703 3972 5609 1877 
5706 3980 5613 1879 
5713 3983 5614 1879 
5715 3990 5623 1879 
5717 3993 5626 1883 
5727 3994 5632 1885 
5735 3994 5635 1885 
5742 4000 5643 1885 
5747 4009 5650 1888 
5750 4013 5659 1888 
5760 4019 5668 1891 
5766 4023 5677 1894 
5772 4028 5681 1895 
5776 4033 5686 1898 
5780 4037 5687 1899 
5783 4038 5694 1899 
5786 4043 5700 1901 
5794 4046 5705 1903 
5801 4050 5714 1904 
5810 4054 5723 1907 
5818 4063 5730 1908 
5825 4067 5736 1911 
5828 4070 5742 1912 
5830 4078 5749 1914 
5834 4084 5756 1919 
5837 4086 5764 1923 
5840 4093 5767 1926 
5844 4095 5774 1928 
5855 4100 5782 1931 
5858 4106 5785 1931 
5865 4111 5786 1932 
5869 4113 5796 1934 
5871 4118 5799 1935 
5877 4124 5805 1937 
5882 4127 5810 1938 
5884 4130 5817 1941 
5889 4134 5821 1941 
5898 4139 5827 1942 
5901 4143 5829 1947 
5913 4144 5830 1949 
5918 4147 5836 1951 
5921 4149 5845 1952 
5924 4151 5850 1955 
5929 4155 5857 1956 
5935 4159 5861 1958 
5940 4168 5864 1961 
5951 4172 5869 1962 
5963 4175 5869 1964 
5972 4180 5874 1967 
5979 4183 5877 1970 
5986 4183 5880 1973 
5991 4187 5883 1975 
5997 4188 5889 1976 
6001 4191 5893 1976 
6007 4200 5900 1977 
6012 4205 5904 1978 
6017 4206 5915 1979 
6020 4209 5920 1981 
6026 4211 5924 1982 
6030 4214 5930 1984 
6034 4215 5935 1987 
6036 4221 5936 1989 
6047 4224 5940 1991 
6050 4227 5947 1995 
6057 4229 5949 1999 
6060 4235 5956 2001 
6062 4235 5959 2002 
6066 4237 5962 2005 
6067 4242 5967 2005 
6068 4246 5974 2005 
6071 4252 5981 2006 
6081 4257 5985 2009 
6085 4258 5989 2012 
6095 4265 5993 2013 
6101 4270 5998 2013 
6105 4270 6007 2015 
6110 4273 6009 2016 
6115 4275 6014 2018 
6116 4278 6019 2019 
6124 4283 6027 2020 
6131 4287 6029 2023 
6134 4293 6032 2024 
6137 4301 6032 2027 
6143 4304 6035 2029 
6144 4306 6040 2030 
6148 4308 6046 2030 
6156 4312 6048 2035 
6163 4316 6057 2035 
6169 4319 6063 2037 
6173 4322 6069 2038 
6179 4326 6074 2040 
6185 4334 6077 2042 
6194 4336 6082 2044 
6196 4340 6085 2044 
6201 4343 6092 2046 
6207 4346 6104 2049 
6215 4348 6113 2050 
6219 4350 6117 2053 
6224 4356 6122 2055 
6229 4359 6128 2058 
6241 4361 6136 2059 
6242 4363 6139 2060 
6250 4369 6145 2062 
6252 4374 6152 2065 
6261 4378 6162 2068 
6266 4383 6169 2071 
6273 4387 6173 2071 
6278 4392 6179 2073 
6284 4393 6185 2076 
6288 4394 6190 2076 
6292 4397 6192 2077 
6296 4403 6198 2081 
6298 4408 6201 2082 
6304 4411 6204 2085 
6308 4417 6215 2087 
6310 4422 6223 2091 
6313 4422 6226 2094 
6318 4427 6234 2099 
6324 4430 6241 2102 
6329 4435 6247 2103 
6337 4442 6251 2104 
6343 4447 6259 2106 
6348 4450 6268 2110 
6353 4454 6272 2112 
6355 4459 6280 2112 
6359 4464 6283 2114 
6362 4468 6292 2115 
6370 4469 6297 2116 
6379 4471 6302 2117 
6381 4478 6308 2119 
6386 4482 6317 2121 
6387 4484 6326 2124 
6393 4493 6330 2125 
6400 4497 6334 2126 
6403 4503 6341 2129 
6407 4504 6348 2130 
6412 4506 6353 2130 
6419 4509 6361 2133 
6425 4514 6365 2136 
6428 4518 6371 2139 
6432 4520 6382 2140 
6437 4523 6385 2141 
6442 4528 6391 2141 
6448 4533 6396 2142 
6451 4537 6403 2144 
6458 4542 6408 2150 
6463 4545 6413 2150 
6468 4553 6415 2152 
6475 4557 6417 2153 
6477 4561 6420 2153 
6484 4561 6425 2156 
6488 4564 6430 2158 
6492 4573 6435 2159 
6496 4579 6442 2160 
6501 4581 6450 2163 
6510 4585 6454 2164 
6515 4589 6457 2167 
6520 4596 6466 2170 
6527 4599 6474 2172 
6534 4604 6482 2176 
6538 4606 6488 2177 
6542 4611 6494 2179 
6547 4614 6502 2180 
6554 4618 6504 2183 
6559 4621 6510 2184 
6567 4626 6516 2187 
6569 4630 6526 2188 
6576 4634 6531 2189 
6584 4641 6535 2192 
6586 4644 6541 2196 
6589 4648 6544 2198 
6594 4650 6546 2201 
6596 4655 6557 2204 
6601 4660 6568 2204 
6606 4666 6571 2207 
6614 4669 6574 2207 
6618 4671 6577 2210 
6624 4674 6581 2211 
6628 4678 6588 2214 
6634 4681 6592 2214 
6636 4685 6596 2217 
6641 4690 6603 2221 
6647 4692 6606 2221 
6653 4695 6616 2222 
6657 4698 6621 2224 
6663 4702 6628 2228 
6668 4707 6630 2230 
6669 4712 6636 2230 
6677 4715 6640 2231 
6686 4720 6647 2232 
6690 4724 6654 2234 
6694 4728 6658 2237 
6699 4733 6661 2239 
6705 4734 6663 2242 
6710 4736 6668 2243 
6717 4737 6673 2244 
6723 4742 6680 2244 
6724 4748 6684 2246 
6730 4754 6690 2247 
6737 4756 6696 2249 
6743 4758 6705 2250 
6751 4762 6716 2251 
6761 4765 6727 2251 
6764 4772 6731 2252 
6770 4778 6736 2253 
6780 4787 6740 2255 
6786 4790 6743 2259 
6793 4796 6748 2261 
6804 4801 6758 2263 
6810 4807 6766 2266 
6811 4812 6774 2267 
6817 4816 6784 2269 
6822 4819 6788 2270 
6828 4821 6792 2274 
6832 4827 6797 2275 
6840 4829 6799 2275 
6847 4834 6805 2276 
6853 4836 6814 2279 
6860 4838 6818 2282 
6863 4845 6821 2284 
6868 4852 6828 2285 
6875 4855 6833 2288 
6882 4859 6844 2290 
6888 4863 6846 2293 
6893 4867 6853 2294 
6899 4873 6856 2295 
6903 4875 6861 2297 
6907 4878 6866 2299 
6911 4885 6872 2300 
6916 4891 6877 2302 
6917 4894 6882 2305 
6924 4897 6888 2308 
6930 4901 6895 2309 
6937 4907 6898 2312 
6944 4914 6902 2315 
6948 4920 6906 2319 
6951 4925 6911 2320 
6954 4928 6912 2321 
6957 4930 6918 2323 
6965 4930 6921 2326 
6971 4932 6924 2330 
6977 4938 6929 2332 
6983 4943 6934 2336 
6986 4945 6941 2339 
6988 4948 6944 2341 
6990 4949 6947 2343 
6996 4952 6953 2346 
7000 4956 6956 2346 
7007 4957 6961 2349 
7011 4968 6970 2349 
7020 4971 6976 2351 
7026 4974 6979 2351 
7034 4977 6982 2353 
7041 4981 6992 2353 
7046 4988 6995 2354 
7053 4992 7000 2357 
7057 4995 7005 2361 
7063 4997 7009 2363 
7066 5001 7010 2366 
7072 5004 7018 2368 
7078 5006 7022 2368 
7082 5007 7028 2368 
7087 5010 7033 2369 
7096 5020 7037 2372 
7104 5021 7044 2372 
7110 5023 7051 2374 
7113 5028 7057 2376 
7118 5035 7064 2379 
7123 5037 7070 2380 
7127 5044 7073 2384 
7132 5046 7077 2385 
7139 5053 7084 2385 
7146 5056 7087 2388 
7154 5060 7092 2388 
7159 5064 7094 2390 
7164 5067 7097 2391 
7173 5074 7106 2393 
7181 5080 7108 2393 
7187 5084 7111 2394 
7192 5089 7115 2396 
7200 5093 7118 2399 
7204 5097 7122 2401 
7209 5100 7127 2402 
7214 5102 7136 2406 
7218 5105 7142 2406 
7226 5109 7146 2406 
7234 5113 7150 2407 
7243 5119 7155 2411 
7245 5124 7160 2413 
7251 5125 7164 2413 
7259 5125 7169 2415 
7267 5126 7175 2421 
7273 5134 7181 2422 
7274 5137 7186 2422 
7275 5143 7195 2424 
7280 5147 7199 2424 
7290 5150 7204 2424 
7295 5152 7208 2429 
7299 5155 7212 2430 
7307 5159 7216 2432 
7311 5165 7221 2434 
7313 5169 7231 2436 
7321 5174 7235 2437 
7330 5182 7242 2440 
7332 5186 7246 2443 
7340 5191 7251 2444 
7346 5196 7255 2445 
7353 5201 7261 2446 
7359 5204 7267 2449 
7366 5206 7274 2452 
7369 5211 7277 2457 
7373 5213 7283 2458 
7378 5215 7287 2458 
7381 5218 7288 2460 
7389 5222 7298 2463 
7394 5228 7303 2465 
7399 5234 7310 2471 
7407 5239 7313 2474 
7408 5242 7318 2476 
7414 5246 7325 2478 
7415 5252 7328 2483 
7422 5254 7333 2485 
7423 5256 7337 2485 
7427 5263 7343 2489 
7437 5273 7348 2489 
7438 5280 7356 2492 
7443 5283 7365 2493 
7448 5287 7371 2495 
7451 5289 7376 2498 
7458 5297 7379 2500 
7463 5300 7384 2502 
7464 5304 7389 2505 
7466 5309 7391 2508 
7472 5312 7394 2509 
7479 5316 7400 2510 
7486 5318 7405 2512 
7491 5323 7410 2512 
7497 5326 7417 2514 
7504 5329 7425 2516 
7506 5333 7429 2518 
7510 5335 7440 2520 
7515 5339 7447 2521 
7525 5341 7453 2523 
7536 5344 7456 2524 
7541 5348 7463 2524 
7554 5350 7467 2525 
7563 5354 7468 2526 
7566 5357 7472 2528 
7569 5361 7477 2529 
7571 5369 7481 2530 
7574 5373 7487 2530 
7581 5376 7495 2530 
7586 5380 7498 2536 
7590 5384 7499 2537 
7595 5391 7504 2540 
7603 5397 7508 2541 
7611 5403 7511 2545 
7619 5404 7516 2548 
7621 5408 7527 2551 
7626 5412 7533 2551 
7633 5414 7537 2552 
7639 5422 7542 2555 
7645 5425 7547 2557 
7652 5431 7554 2557 
7656 5435 7557 2561 
7664 5443 7563 2564 
7669 5447 7567 2565 
7674 5451 7572 2567 
7677 5453 7580 2568 
7681 5460 7585 2571 
7688 5461 7590 2572 
7696 5465 7594 2576 
7706 5471 7600 2577 
7714 5474 7605 2580 
7721 5480 7613 2582 
7728 5482 7616 2585 
7731 5484 7624 2587 
7736 5489 7627 2590 
7738 5494 7629 2591 
7743 5498 7636 2593 
7746 5502 7642 2596 
7755 5503 7647 2596 
7758 5507 7654 2598 
7761 5510 7659 2599 
7768 5518 7667 2601 
7773 5521 7672 2605 
7776 5523 7679 2608 
7781 5533 7685 2609 
7787 5536 7687 2612 
7792 5537 7693 2615 
7795 5540 7698 2616 
7798 5543 7706 2616 
7801 5548 7710 2616 
7804 5550 7719 2616 
7812 5552 7725 2619 
7819 5556 7730 2619 
7824 5558 7735 2621 
7830 5564 7738 2622 
7837 5571 7746 2627 
7846 5579 7752 2633 
7850 5588 7756 2637 
7860 5592 7763 2641 
7866 5595 7771 2641 
7873 5597 7774 2644 
7878 5603 7779 2648 
7882 5610 7785 2651 
7888 5613 7789 2653 
7893 5619 7796 2654 
7901 5622 7801 2656 
7906 5628 7805 2657 
7917 5630 7815 2658 
7922 5630 7821 2660 
7926 5633 7831 2662 
7933 5637 7835 2664 
7936 5640 7844 2666 
7939 5648 7852 2669 
7943 5653 7859 2672 
7949 5657 7865 2674 
7951 5658 7871 2677 
7956 5658 7874 2678 
7962 5664 7881 2678 
7968 5666 7887 2680 
7975 5669 7891 2683 
7983 5676 7893 2687 
7992 5680 7898 2689 
7997 5686 7902 2693 
8002 5693 7909 2694 
8006 5700 7912 2695 
8013 5704 7917 2695 
8022 5707 7927 2697 
8029 5710 7936 2698 
8034 5713 7944 2702 
8041 5716 7954 2706 
8047 5721 7957 2709 
8055 5725 7966 2710 
8062 5730 7973 2711 
8066 5737 7977 2713 
8071 5744 7981 2715 
8078 5750 7987 2716 
8084 5755 7993 2716 
8091 5756 8001 2719 
8092 5760 8008 2724 
8095 5762 8015 2731 
8100 5765 8023 2733 
8107 5768 8027 2736 
8114 5771 8033 2736 
8124 5778 8038 2738 
8126 5782 8049 2738 
8135 5786 8054 2740 
8143 5792 8056 2745 
8152 5794 8060 2745 
8156 5794 8071 2747 
8159 5796 8076 2750 
8164 5797 8080 2750 
8167 5802 8085 2752 
8174 5803 8089 2755 
8179 5807 8097 2756 
8187 5814 8103 2759 
8192 5817 8111 2763 
8197 5818 8117 2765 
8201 5821 8125 2766 
8206 5824 8131 2766 
8209 5826 8138 2769 
8213 5832 8146 2773 
8214 5836 8153 2773 
8215 5841 8162 2773 
8221 5844 8169 2776 
8228 5853 8173 2776 
8232 5856 8179 2777 
8242 5859 8183 2779 
8244 5862 8190 2781 
8249 5864 8192 2782 
8255 5867 8200 2784 
8262 5874 8205 2785 
8269 5876 8213 2785 
8274 5878 8216 2786 
8282 5884 8224 2789 
8290 5887 8229 2795 
8293 5894 8233 2795 
8298 5897 8239 2797 
8304 5900 8245 2800 
8312 5906 8246 2803 
8315 5910 8252 2804 
8318 5914 8256 2805 
8322 5920 8260 2809 
8325 5926 8266 2810 
8330 5931 8268 2812 
8334 5939 8275 2814 
8339 5945 8282 2816 
8345 5951 8290 2816 
8353 5958 8295 2817 
8362 5963 8305 2819 
8368 5967 8307 2819 
8369 5969 8309 2821 
8376 5973 8315 2823 
8378 5980 8321 2825 
8386 5983 8325 2827 
8390 5990 8330 2828 
8392 5994 8337 2830 
8395 6001 8340 2835 
8403 6004 8345 2838 
8408 6011 8349 2842 
8410 6016 8352 2846 
8414 6019 8360 2846 
8424 6024 8364 2853 
8431 6025 8369 2858 
8436 6028 8375 2858 
8440 6035 8380 2859 
8446 6040 8386 2861 
8450 6044 8390 2861 
8456 6046 8396 2864 
8463 6052 8400 2864 
8472 6057 8406 2865 
8478 6058 8413 2868 
8482 6064 8420 2870 
8491 6067 8431 2871 
8498 6069 8439 2873 
8503 6073 8443 2876 
8509 6076 8449 2879 
8513 6080 8459 2882 
8520 6083 8466 2884 
8527 6092 8469 2885 
8537 6094 8474 2886 
8540 6098 8479 2887 
8550 6101 8484 2893 
8558 6103 8490 2895 
8561 6106 8495 2896 
8565 6108 8505 2900 
8572 6112 8510 2902 
8578 6117 8518 2903 
8585 6121 8522 2904 
8589 6126 8528 2908 
8594 6134 8536 2908 
8600 6136 8538 2909 
8607 6140 8548 2913 
8609 6145 8552 2914 
8614 6150 8557 2916 
8616 6164 8558 2916 
8622 6170 8564 2917 
8630 6176 8572 2920 
8632 6177 8575 2923 
8639 6181 8581 2923 
8639 6185 8589 2924 
8644 6186 8593 2927 
8648 6188 8598 2930 
8653 6194 8610 2932 
8656 6199 8613 2932 
8661 6203 8619 2936 
8670 6208 8623 2940 
8674 6211 8633 2944 
8679 6219 8639 2947 
8685 6222 8646 2951 
8688 6224 8653 2953 
8694 6227 8655 2955 
8699 6230 8663 2958 
8706 6231 8666 2960 
8711 6233 8673 2967 
8718 6239 8680 2968 
8722 6244 8686 2972 
8726 6248 8691 2975 
8730 6256 8700 2978 
8733 6256 8708 2980 
8738 6263 8710 2982 
8741 6269 8716 2982 
8747 6272 8724 2984 
8751 6282 8732 2985 
8757 6287 8734 2986 
8761 6291 8739 2986 
8764 6296 8742 2986 
8772 6299 8749 2988 
8776 6304 8755 2988 
8784 6307 8760 2991 
8787 6314 8765 2992 
8797 6317 8773 2994 
8800 6320 8777 2995 
8809 6323 8778 2995 
8812 6326 8783 2998 
8816 6329 8790 2998 
8820 6331 8795 2999 
8826 6335 8798 3001 
8832 6339 8803 3002 
8838 6341 8813 3003 
8841 6344 8825 3005 
8847 6349 8833 3009 
8851 6355 8837 3010 
8852 6361 8843 3012 
8855 6367 8848 3013 
8859 6372 8850 3013 
8867 6378 8856 3014 
8872 6383 8860 3016 
8883 6388 8863 3018 
8886 6393 8867 3020 
8894 6398 8878 3023 
8900 6403 8884 3023 
8907 6405 8888 3024 
8916 6407 8892 3027 
8922 6412 8899 3027 
8930 6415 8902 3032 
8942 6420 8909 3037 
8946 6429 8912 3039 
8955 6434 8916 3040 
8961 6438 8918 3040 
8967 6444 8922 3042 
8971 6451 8928 3043 
8973 6455 8937 3045 
8980 6460 8942 3048 
8983 6465 8944 3050 
8989 6471 8946 3053 
8996 6474 8949 3053 
8998 6478 8956 3056 
9005 6482 8962 3057 
9009 6483 8969 3057 
9014 6488 8974 3059 
9019 6496 8983 3060 
9024 6506 8989 3064 
9032 6509 8997 3066 
9036 6516 9003 3066 
9042 6519 9010 3066 
9047 6523 9015 3068 
9051 6531 9019 3070 
9059 6541 9026 3071 
9063 6545 9032 3073 
9073 6549 9035 3076 
9079 6554 9045 3076 
9083 6559 9053 3077 
9086 6563 9058 3081 
9091 6566 9061 3083 
9099 6574 9066 3086 
9107 6575 9074 3088 
9109 6578 9079 3092 
9116 6582 9081 3093 
9123 6590 9088 3097 
9128 6593 9092 3098 
9137 6596 9094 3101 
9143 6597 9096 3102 
9148 6603 9103 3104 
9156 6611 9106 3105 
9161 6614 9109 3106 
9166 6617 9112 3108 
9171 6625 9117 3108 
9177 6628 9123 3112 
9180 6630 9129 3114 
9186 6638 9137 3115 
9195 6641 9140 3117 
9200 6648 9143 3119 
9207 6654 9149 3122 
9213 6661 9156 3126 
9217 6666 9165 3129 
9224 6671 9169 3132 
9231 6675 9174 3133 
9237 6679 9180 3135 
9241 6685 9189 3135 
9245 6689 9196 3136 
9251 6693 9204 3141 
9259 6695 9209 3144 
9264 6698 9211 3146 
9274 6699 9214 3149 
9281 6705 9221 3152 
9288 6712 9231 3152 
9292 6714 9235 3154 
9298 6716 9238 3155 
9307 6720 9244 3155 
9311 6725 9252 3157 
9315 6734 9261 3158 
9321 6740 9264 3160 
9326 6743 9271 3162 
9331 6747 9278 3164 
9337 6752 9287 3168 
9341 6756 9291 3170 
9345 6760 9298 3171 
9356 6766 9301 3173 
9362 6769 9311 3174 
9368 6772 9319 3176 
9375 6776 9323 3181 
9383 6777 9329 3184 
9387 6782 9336 3185 
9391 6785 9341 3185 
9393 6789 9347 3188 
9398 6792 9354 3190 
9400 6801 9362 3192 
9405 6804 9365 3196 
9413 6808 9373 3200 
9419 6810 9378 3202 
9428 6813 9385 3204 
9435 6817 9392 3206 
9441 6821 9400 3207 
9447 6824 9405 3210 
9453 6830 9413 3213 
9456 6833 9417 3218 
9460 6841 9421 3219 
9465 6846 9428 3222 
9470 6849 9431 3225 
9481 6855 9437 3225 
9485 6859 9443 3228 
9490 6866 9451 3232 
9492 6873 9454 3235 
9497 6879 9458 3240 
9504 6885 9466 3240 
9509 6889 9475 3242 
9515 6893 9482 3242 
9521 6896 9489 3244 
9528 6899 9493 3244 
9531 6905 9498 3247 
9537 6909 9507 3251 
9543 6916 9515 3252 
9548 6926 9527 3253 
9556 6929 9532 3257 
9559 6935 9536 3261 
9564 6939 9540 3263 
9571 6942 9550 3263 
9576 6946 9553 3266 
9579 6949 9557 3269 
9583 6952 9559 3270 
9592 6954 9568 3271 
9596 6958 9572 3275 
9603 6962 9578 3276 
9608 6968 9583 3276 
9611 6971 9588 3278 
9617 6974 9590 3280 
9627 6978 9597 3284 
9630 6980 9602 3285 
9635 6982 9608 3286 
9638 6990 9611 3287 
9644 6996 9614 3289 
9652 7005 9618 3293 
9657 7010 9620 3296 
9667 7013 9629 3300 
9670 7017 9640 3304 
9674 7021 9646 3306 
9680 7028 9651 3308 
9685 7030 9657 3309 
9692 7032 9663 3312 
9699 7040 9675 3315 
9707 7043 9679 3317 
9709 7048 9683 3318 
9712 7051 9688 3319 
9718 7054 9691 3323 
9724 7057 9699 3323 
9734 7060 9701 3325 
9744 7066 9705 3331 
9751 7069 9710 3334 
9756 7074 9714 3336 
9760 7076 9720 3337 
9766 7078 9721 3338 
9772 7079 9728 3341 
9773 7086 9737 3343 
9775 7092 9744 3346 
9779 7092 9746 3349 
9788 7095 9750 3355 
9791 7102 9753 3357 
9800 7105 9762 3359 
9806 7109 9764 3360 
9814 7114 9774 3364 
9818 7115 9779 3366 
9825 7118 9787 3369 
9829 7123 9791 3370 
9832 7126 9797 3372 
9835 7128 9805 3374 
9836 7133 9816 3377 
9841 7135 9824 3380 
9846 7141 9830 3386 
9849 7142 9836 3387 
9854 7148 9840 3390 
9858 7152 9846 3392 
9865 7160 9853 3393 
9871 7167 9858 3396 
9877 7169 9865 3396 
9881 7171 9869 3399 
9885 7177 9874 3399 
9894 7179 9883 3402 
9897 7185 9887 3404 
9899 7187 9890 3406 
9902 7194 9895 3407 
9904 7199 9900 3413 
9908 7201 9907 3414 
9918 7208 9910 3416 
9925 7211 9920 3416 
9931 7217 9925 3418 
9938 7221 9933 3420 
9945 7224 9938 3421 
9955 7231 9940 3423 
9961 7234 9950 3425 
9968 7240 9957 3429 
9978 7248 9965 3429 
9984 7250 9970 3430 
9988 7251 9973 3431 
9992 7255 9980 3432 
9996 7258 9990 3432 
10001 7261 9994 3432 
10007 7266 10000 3435 
10012 7270 10006 3438 
10015 7273 10017 3438 
10020 7278 10027 3444 
10027 7283 10033 3446 
10032 7287 10040 3447 
10036 7292 10044 3448 
10043 7295 10051 3449 
10046 7300 10058 3451 
10051 7303 10064 3451 
10055 7311 10075 3453 
10060 7319 10085 3456 
10070 7321 10090 3459 
10078 7322 10095 3460 
10081 7324 10099 3463 
10088 7325 10104 3465 
10092 7329 10109 3465 
10099 7332 10112 3467 
10101 7337 10118 3470 
10103 7342 10126 3472 
10113 7348 10131 3472 
10118 7349 10137 3474 
10123 7355 10143 3475 
10127 7360 10146 3475 
10136 7362 10156 3476 
10140 7364 10163 3478 
10149 7368 10170 3480 
10151 7372 10178 3483 
10158 7380 10183 3484 
10163 7386 10189 3485 
10172 7388 10194 3488 
10178 7393 10201 3488 
10184 7395 10206 3489 
10192 7401 10212 3491 
10192 7407 10216 3493 
10198 7415 10219 3496 
10205 7419 10225 3497 
10209 7422 10229 3499 
10213 7426 10238 3500 
10216 7429 10241 3501 
10221 7434 10248 3504 
10221 7436 10253 3507 
10230 7441 10257 3509 
10235 7449 10263 3513 
10240 7452 10269 3518 
10244 7456 10275 3522 
10251 7460 10284 3524 
10254 7463 10288 3526 
10260 7466 10295 3528 
10265 7467 10303 3529 
10274 7468 10309 3531 
10278 7472 10311 3531 
10285 7475 10313 3531 
10291 7477 10324 3533 
10299 7482 10327 3534 
10302 7487 10331 3537 
10309 7493 10336 3539 
10316 7500 10342 3542 
10321 7503 10346 3543 
10327 7504 10349 3546 
10331 7511 10359 3546 
10335 7516 10362 3548 
10340 7521 10368 3549 
10342 7524 10373 3550 
10343 7527 10379 3551 
10351 7527 10386 3551 
10353 7534 10391 3553 
10359 7540 10399 3555 
10363 7548 10405 3556 
10367 7553 10415 3556 
10374 7558 10419 3560 
10382 7559 10426 3561 
10386 7561 10433 3564 
10392 7567 10442 3567 
10399 7569 10445 3570 
10401 7574 10449 3575 
10409 7577 10454 3577 
10417 7585 10460 3577 
10422 7589 10469 3579 
10431 7594 10477 3580 
10438 7602 10488 3582 
10444 7609 10491 3587 
10451 7612 10499 3587 
10457 7618 10501 3588 
10467 7621 10507 3589 
10471 7626 10510 3593 
10476 7630 10516 3593 
10482 7635 10518 3594 
10488 7638 10523 3596 
10492 7644 10530 3600 
10499 7647 10536 3604 
10506 7653 10541 3606 
10507 7658 10548 3606 
10513 7663 10550 3608 
10517 7667 10560 3612 
10523 7673 10565 3614 
10529 7675 10574 3614 
10536 7679 10575 3619 
10546 7681 10581 3621 
10554 7686 10585 3623 
10559 7695 10588 3625 
10565 7701 10594 3629 
10574 7704 10600 3630 
10578 7708 10604 3635 
10583 7712 10609 3637 
10589 7718 10610 3637 
10598 7724 10616 3638 
10604 7727 10620 3642 
10608 7733 10625 3644 
10613 7735 10630 3644 
10621 7742 10635 3647 
10629 7746 10639 3648 
10632 7750 10644 3649 
10639 7753 10649 3651 
10646 7755 10654 3652 
10652 7759 10661 3654 
10660 7764 10667 3656 
10662 7767 10671 3657 
10667 7770 10677 3660 
10673 7775 10681 3660 
10677 7780 10689 3662 
10681 7784 10695 3662 
10683 7787 10702 3663 
10690 7792 10710 3663 
10699 7796 10716 3663 
10703 7804 10723 3664 
10713 7814 10728 3667 
10716 7821 10738 3669 
10719 7824 10741 3672 
10727 7834 10750 3675 
10733 7842 10756 3675 
10744 7848 10759 3677 
10751 7853 10763 3678 
10759 7860 10767 3680 
10763 7867 10769 3680 
10767 7870 10773 3681 
10770 7874 10781 3681 
10776 7875 10784 3684 
10781 7880 10792 3686 
10784 7883 10798 3686 
10789 7887 10805 3688 
10795 7891 10814 3688 
10803 7901 10815 3689 
10808 7903 10820 3690 
10811 7908 10833 3693 
10818 7912 10840 3694 
10823 7916 10846 3699 
10832 7926 10851 3699 
10837 7931 10860 3701 
10843 7934 10865 3703 
10847 7938 10869 3705 
10855 7942 10879 3711 
10859 7948 10883 3713 
10868 7954 10886 3715 
10874 7959 10895 3720 
10881 7963 10899 3723 
10883 7967 10909 3723 
10884 7970 10915 3724 
10895 7974 10918 3725 
10899 7977 10926 3727 
10905 7985 10930 3729 
10909 7988 10936 3730 
10913 7991 10945 3731 
10920 7997 10950 3735 
10920 8004 10960 3737 
10925 8006 10964 3739 
10931 8009 10976 3742 
10939 8016 10982 3743 
10943 8017 10986 3750 
10947 8017 10988 3753 
10952 8019 10992 3755 
10955 8021 10999 3756 
10958 8027 11006 3757 
10964 8031 11009 3757 
10969 8041 11015 3761 
10977 8044 11018 3763 
10983 8047 11026 3764 
10993 8052 11034 3764 
10999 8054 11039 3767 
11006 8060 11043 3767 
11012 8061 11052 3770 
11017 8064 11057 3772 
11025 8068 11062 3774 
11029 8070 11070 3777 
11035 8077 11074 3779 
11045 8080 11078 3783 
11053 8082 11086 3784 
11060 8086 11090 3785 
11067 8091 11096 3786 
11073 8095 11103 3787 
11079 8100 11108 3788 
11083 8101 11111 3790 
11088 8103 11114 3793 
11090 8109 11120 3798 
11093 8111 11123 3798 
11100 8112 11132 3799 
11105 8116 11138 3800 
11109 8119 11145 3804 
11120 8123 11148 3806 
11125 8128 11155 3808 
11130 8135 11158 3810 
11131 8143 11169 3812 
11138 8150 11176 3816 
11142 8157 11184 3820 
11148 8162 11192 3823 
11156 8168 11202 3826 
11165 8172 11208 3826 
11168 8177 11216 3827 
11169 8183 11218 3831 
11174 8186 11222 3832 
11182 8187 11225 3835 
11185 8191 11232 3841 
11190 8193 11241 3847 
11194 8197 11243 3848 
11203 8202 11252 3851 
11211 8205 11257 3851 
11221 8210 11262 3855 
11230 8213 11266 3856 
11234 8217 11270 3859 
11242 8220 11276 3860 
11245 8221 11281 3861 
11247 8228 11289 3862 
11251 8232 11297 3864 
11258 8237 11300 3867 
11261 8241 11306 3870 
11269 8241 11308 3874 
11271 8246 11314 3874 
11277 8251 11326 3877 
11284 8257 11335 3881 
11289 8264 11343 3884 
11294 8269 11348 3887 
11298 8275 11352 3888 
11305 8280 11356 3890 
11306 8285 11360 3891 
11308 8290 11365 3892 
11314 8298 11369 3894 
11319 8298 11377 3896 
11322 8302 11382 3900 
11328 8303 11383 3902 
11335 8311 11394 3904 
11340 8317 11399 3907 
11342 8319 11404 3909 
11348 8320 11409 3910 
11351 8325 11415 3912 
11357 8326 11421 3916 
11363 8328 11426 3917 
11367 8334 11439 3919 
11376 8342 11444 3923 
11381 8346 11447 3924 
11388 8353 11454 3927 
11394 8359 11460 3929 
11400 8363 11464 3932 
11404 8369 11467 3935 
11405 8372 11473 3936 
11410 8374 11485 3939 
11418 8379 11491 3941 
11428 8381 11497 3947 
11431 8385 11501 3950 
11434 8389 11503 3954 
11442 8393 11510 3954 
11448 8399 11515 3958 
11452 8400 11522 3962 
11458 8410 11526 3962 
11463 8414 11532 3963 
11466 8419 11540 3965 
11471 8423 11542 3967 
11474 8432 11546 3972 
11484 8439 11552 3973 
11491 8443 11557 3976 
11496 8449 11561 3981 
11504 8456 11570 3984 
11508 8457 11574 3987 
11513 8460 11578 3990 
11519 8465 11584 3993 
11524 8467 11590 3993 
11529 8472 11600 3993 
11537 8477 11606 3995 
11543 8483 11611 3997 
11545 8483 11612 3997 
11553 8491 11618 3998 
11561 8495 11626 4001 
11569 8500 11631 4002 
11577 8504 11640 4005 
11579 8509 11642 4008 
11584 8514 11645 4009 
11590 8519 11648 4010 
11596 8527 11658 4011 
11599 8534 11662 4016 
11606 8535 11669 4019 
11610 8537 11675 4022 
11612 8542 11678 4022 
11616 8548 11681 4025 
11621 8551 11686 4028 
11625 8556 11696 4032 
11632 8559 11702 4033 
11638 8563 11710 4036 
11643 8566 11718 4040 
11646 8569 11724 4040 
11652 8572 11728 4041 
11655 8578 11735 4041 
11661 8581 11737 4041 
11667 8583 11742 4043 
11669 8590 11745 4046 
11672 8598 11747 4049 
11678 8600 11754 4053 
11683 8606 11760 4055 
11687 8611 11766 4055 
11690 8614 11777 4056 
11695 8616 11783 4061 
11700 8622 11788 4063 
11707 8629 11795 4065 
11710 8631 11806 4065 
11713 8633 11816 4065 
11716 8636 11822 4067 
11718 8641 11829 4069 
11724 8649 11835 4069 
11729 8654 11840 4071 
11738 8658 11845 4072 
11748 8664 11852 4074 
11755 8669 11855 4076 
11760 8675 11862 4076 
11769 8679 11865 4077 
11774 8686 11869 4082 
11780 8694 11875 4084 
11784 8694 11879 4091 
11789 8698 11886 4094 
11792 8705 11891 4095 
11795 8708 11900 4096 
11796 8712 11906 4098 
11805 8717 11913 4098 
11809 8719 11916 4100 
11816 8720 11924 4102 
11824 8725 11926 4103 
11828 8731 11931 4103 
11832 8736 11936 4103 
11832 8740 11947 4103 
11833 8745 11952 4108 
11836 8749 11956 4108 
11842 8754 11962 4111 
11846 8763 11967 4114 
11850 8767 11976 4118 
11853 8770 11985 4119 
11860 8771 11990 4119 
11867 8776 12003 4121 
11872 8779 12011 4123 
11878 8788 12015 4123 
11882 8793 12023 4124 
11887 8796 12029 4126 
11894 8798 12037 4129 
11900 8799 12047 4132 
11903 8802 12051 4132 
11907 8806 12058 4136 
11909 8811 12063 4136 
11924 8816 12067 4137 
11932 8820 12072 4140 
11936 8823 12074 4142 
11944 8826 12082 4143 
11950 8830 12085 4144 
11955 8836 12089 4145 
11960 8840 12096 4145 
11964 8842 12100 4148 
11968 8845 12105 4149 
11970 8849 12110 4152 
11975 8853 12113 4154 
11985 8860 12116 4156 
11994 8866 12120 4158 
12000 8871 12125 4159 
12006 8876 12134 4161 
12010 8883 12142 4163 
12017 8886 12149 4166 
12022 8890 12154 4171 
12031 8892 12159 4175 
12035 8896 12165 4180 
12040 8900 12169 4180 
12047 8902 12173 4182 
12051 8906 12179 4185 
12056 8912 12186 4187 
12062 8918 12188 4188 
12069 8922 12192 4191 
12077 8928 12196 4191 
12084 8935 12202 4192 
12093 8937 12206 4196 
12098 8943 12211 4197 
12109 8948 12213 4201 
12111 8956 12220 4201 
12113 8961 12231 4202 
12118 8964 12234 4203 
12130 8971 12239 4204 
12138 8977 12242 4206 
12144 8979 12245 4209 
12149 8985 12249 4210 
12157 8987 12250 4210 
12166 8989 12259 4212 
12171 8992 12264 4212 
12172 8997 12270 4214 
12175 9003 12278 4216 
12179 9007 12284 4219 
12185 9010 12292 4224 
12189 9012 12298 4226 
12196 9019 12304 4228 
12199 9026 12309 4231 
12205 9030 12314 4237 
12209 9032 12315 4238 
12216 9034 12320 4241 
12217 9035 12326 4245 
12224 9040 12333 4247 
12227 9046 12341 4251 
12234 9048 12349 4258 
12240 9050 12356 4259 
12246 9051 12361 4263 
12251 9054 12366 4264 
12260 9059 12373 4264 
12261 9060 12380 4265 
12267 9065 12386 4267 
12277 9066 12387 4269 
12281 9069 12401 4270 
12286 9071 12411 4271 
12289 9074 12422 4274 
12298 9081 12428 4275 
12304 9086 12433 4277 
12307 9092 12438 4278 
12311 9093 12446 4281 
12316 9097 12453 4282 
12320 9099 12460 4284 
12328 9105 12467 4287 
12335 9113 12470 4289 
12339 9118 12476 4291 
12345 9119 12484 4294 
12349 9123 12493 4296 
12353 9129 12500 4297 
12359 9133 12506 4299 
12368 9135 12509 4300 
12374 9140 12517 4304 
12379 9144 12522 4306 
12385 9150 12529 4307 
12388 9159 12535 4309 
12392 9162 12539 4309 
12393 9172 12545 4311 
12402 9180 12552 4312 
12405 9183 12561 4316 
12409 9187 12569 4321 
12414 9191 12578 4324 
12416 9194 12589 4326 
12421 9198 12593 4332 
12427 9201 12599 4336 
12434 9206 12605 4338 
12443 9209 12610 4342 
12448 9213 12615 4344 
12453 9218 12620 4348 
12457 9220 12622 4351 
12462 9228 12630 4355 
12467 9230 12636 4359 
12472 9232 12642 4359 
12474 9234 12646 4362 
12481 9239 12652 4362 
12488 9243 12656 4365 
12497 9248 12660 4367 
12503 9251 12667 4368 
12506 9254 12669 4369 
12509 9257 12677 4371 
12514 9264 12681 4374 
12525 9267 12688 4376 
12526 9269 12693 4379 
12531 9274 12699 4381 
12537 9280 12704 4384 
12543 9283 12710 4386 
12549 9284 12717 4387 
12553 9289 12719 4390 
12559 9293 12726 4391 
12563 9299 12730 4394 
12568 9306 12733 4398 
12573 9311 12740 4400 
12582 9315 12743 4403 
12593 9321 12747 4403 
12600 9330 12749 4403 
12604 9335 12751 4406 
12610 9340 12758 4410 
12616 9341 12767 4413 
12623 9346 12771 4414 
12629 9347 12774 4415 
12632 9350 12779 4418 
12636 9353 12786 4420 
12639 9356 12793 4421 
12646 9359 12798 4422 
12656 9364 12804 4425 
12661 9371 12808 4428 
12668 9374 12810 4429 
12674 9379 12820 4435 
12683 9385 12824 4439 
12688 9392 12833 4441 
12695 9394 12844 4444 
12702 9397 12850 4446 
12709 9401 12853 4447 
12713 9409 12859 4449 
12717 9418 12867 4450 
12725 9422 12870 4452 
12730 9423 12878 4452 
12733 9425 12884 4453 
12739 9430 12889 4453 
12746 9437 12896 4454 
12748 9441 12900 4457 
12752 9447 12904 4458 
12762 9453 12907 4459 
12769 9460 12915 4461 
12774 9468 12922 4466 
12780 9470 12927 4469 
12787 9472 12931 4471 
12795 9476 12937 4473 
12800 9478 12941 4476 
12805 9484 12947 4477 
12812 9493 12955 4479 
12815 9494 12961 4483 
12822 9500 12969 4485 
12829 9502 12975 4490 
12833 9510 12981 4495 
12842 9516 12984 4497 
12847 9521 12990 4497 
12849 9527 12995 4498 
12859 9532 12998 4500 
12867 9536 13002 4504 
12876 9540 13006 4505 
12881 9544 13008 4509 
12884 9555 13012 4511 
12889 9556 13019 4514 
12892 9560 13026 4515 
12896 9563 13029 4516 
12899 9564 13034 4518 
12900 9567 13039 4519 
12905 9577 13048 4523 
12910 9583 13052 4524 
12913 9587 13064 4526 
12920 9592 13065 4529 
12925 9596 13073 4530 
12930 9601 13082 4531 
12937 9610 13087 4533 
12940 9614 13094 4534 
12944 9619 13099 4536 
12949 9620 13107 4539 
12954 9620 13109 4543 
12957 9624 13115 4546 
12962 9629 13121 4551 
12971 9638 13128 4551 
12977 9644 13136 4552 
12982 9651 13136 4553 
12986 9656 13142 4555 
12991 9661 13148 4556 
12993 9663 13156 4559 
12999 9665 13163 4560 
13003 9666 13170 4560 
13009 9667 13177 4563 
13016 9670 13183 4565 
13020 9675 13187 4566 
13023 9680 13189 4571 
13033 9687 13198 4572 
13039 9692 13204 4572 
13041 9699 13209 4575 
13049 9702 13219 4578 
13056 9705 13222 4579 
13060 9711 13226 4581 
13062 9715 13230 4581 
13070 9720 13236 4582 
13074 9723 13246 4582 
13082 9727 13249 4583 
13090 9735 13254 4584 
13098 9738 13260 4587 
13102 9742 13268 4591 
13107 9748 13277 4593 
13112 9753 13282 4594 
13117 9761 13287 4594 
13122 9767 13293 4596 
13130 9768 13298 4599 
13139 9776 13305 4599 
13142 9783 13311 4600 
13150 9789 13319 4602 
13153 9795 13322 4603 
13157 9800 13325 4604 
13165 9802 13331 4607 
13170 9805 13338 4608 
13176 9811 13343 4612 
13180 9813 13352 4615 
13183 9818 13359 4618 
13188 9825 13363 4621 
13193 9827 13369 4623 
13198 9830 13377 4627 
13207 9834 13380 4628 
13211 9838 13387 4629 
13223 9842 13396 4631 
13230 9848 13400 4633 
13238 9854 13406 4637 
13242 9859 13413 4639 
13249 9863 13420 4640 
13251 9866 13426 4646 
13262 9873 13431 4648 
13268 9877 13434 4649 
13273 9882 13440 4649 
13282 9886 13444 4650 
13289 9892 13448 4653 
13293 9897 13455 4654 
13301 9900 13463 4655 
13307 9902 13469 4656 
13314 9908 13474 4657 
13321 9912 13480 4660 
13334 9917 13483 4663 
13337 9924 13485 4663 
13347 9931 13494 4666 
13352 9936 13498 4667 
13356 9941 13505 4672 
13360 9949 13517 4675 
13366 9954 13524 4677 
13374 9959 13529 4681 
13378 9965 13535 4683 
13384 9970 13545 4685 
13390 9980 13548 4687 
13395 9991 13553 4691 
13398 10000 13559 4693 
13404 10001 13564 4695 
13413 10005 13573 4696 
13417 10010 13583 4697 
13421 10015 13591 4703 
13428 10017 13597 4707 
13431 10020 13600 4708 
13438 10023 13611 4710 
13449 10030 13619 4711 
13459 10038 13625 4714 
13464 10041 13632 4717 
13468 10049 13637 4720 
13472 10050 13644 4720 
13480 10054 13649 4724 
13485 10058 13655 4725 
13494 10060 13659 4727 
13500 10064 13666 4727 
13511 10065 13669 4729 
13519 10068 13677 4730 
13523 10078 13684 4731 
13528 10085 13686 4732 
13531 10086 13693 4732 
13535 10092 13699 4734 
13539 10097 13710 4739 
13543 10102 13714 4740 
13546 10104 13720 4740 
13550 10107 13727 4741 
13552 10113 13736 4744 
13554 10116 13743 4746 
13560 10121 13746 4753 
13563 10125 13752 4756 
13572 10128 13758 4757 
13581 10134 13763 4758 
13584 10140 13770 4759 
13588 10143 13779 4760 
13592 10146 13781 4761 
13595 10146 13790 4763 
13601 10148 13795 4766 
13606 10151 13799 4770 
13613 10158 13806 4773 
13616 10161 13809 4776 
13621 10162 13816 4778 
13628 10169 13823 4780 
13632 10171 13828 4783 
13638 10175 13835 4785 
13644 10184 13844 4785 
13648 10186 13850 4787 
13655 10192 13857 4787 
13663 10195 13869 4788 
13670 10201 13871 4791 
13674 10204 13882 4792 
13680 10209 13885 4796 
13688 10213 13891 4798 
13691 10215 13901 4802 
13700 10225 13905 4807 
13704 10227 13912 4811 
13708 10229 13917 4811 
13715 10235 13929 4814 
13725 10241 13939 4815 
13732 10250 13945 4817 
13736 10253 13946 4820 
13742 10257 13955 4823 
13745 10262 13959 4825 
13751 10264 13963 4827 
13755 10270 13969 4828 
13765 10276 13974 4830 
13769 10279 13979 4831 
13774 10283 13982 4832 
13780 10291 13984 4833 
13785 10295 13989 4835 
13790 10301 13999 4838 
13796 10304 14006 4840 
13808 10310 14010 4843 
13815 10313 14015 4844 
13821 10319 14019 4846 
13827 10323 14023 4847 
13834 10328 14032 4851 
13840 10332 14034 4853 
13844 10334 14041 4855 
13845 10336 14043 4857 
13851 10340 14045 4857 
13857 10341 14053 4858 
13865 10346 14056 4862 
13871 10349 14060 4862 
13879 10354 14064 4864 
13885 10357 14068 4864 
13890 10358 14072 4866 
13894 10362 14081 4869 
13900 10367 14087 4870 
13905 10371 14094 4874 
13907 10376 14104 4875 
13911 10380 14106 4876 
13922 10383 14116 4876 
13926 10388 14118 4876 
13928 10389 14124 4881 
13932 10395 14131 4882 
13934 10399 14138 4885 
13936 10406 14143 4885 
13941 10407 14146 4886 
13949 10411 14151 4888 
13959 10411 14157 4891 
13964 10420 14167 4893 
13965 10424 14176 4894 
13968 10427 14180 4895 
13973 10429 14185 4896 
13974 10432 14187 4896 
13982 10435 14198 4896 
13985 10440 14202 4899 
13989 10442 14207 4899 
13992 10445 14214 4901 
13993 10450 14225 4905 
13996 10454 14234 4909 
14000 10456 14239 4910 
14004 10464 14244 4911 
14004 10473 14248 4912 
14009 10479 14255 4915 
14014 10483 14261 4916 
14021 10488 14270 4919 
14026 10490 14273 4919 
14035 10494 14278 4919 
14042 10500 14279 4921 
14045 10510 14285 4921 
14052 10514 14294 4924 
14060 10521 14300 4926 
14067 10523 14307 4928 
14073 10530 14313 4931 
14079 10534 14316 4933 
14084 10535 14320 4934 
14088 10541 14328 4938 
14092 10543 14333 4940 
14098 10551 14339 4940 
14102 10554 14344 4943 
14107 10558 14350 4943 
14118 10566 14355 4944 
14124 10570 14359 4948 
14130 10579 14369 4948 
14131 10584 14374 4951 
14136 10589 14379 4954 
14144 10596 14384 4956 
14148 10601 14391 4961 
14149 10609 14397 4962 
14156 10615 14402 4965 
14160 10626 14406 4968 
14162 10629 14411 4970 
14166 10633 14416 4976 
14172 10637 14424 4977 
14178 10642 14430 4979 
14187 10646 14435 4981 
14188 10654 14441 4983 
14192 10657 14446 4985 
14196 10665 14451 4987 
14202 10670 14458 4989 
14208 10677 14464 4991 
14215 10685 14470 4993 
14222 10688 14475 4994 
14222 10692 14479 4995 
14225 10697 14481 4997 
14234 10698 14486 5000 
14241 10701 14493 5000 
14246 10706 14498 5004 
14250 10711 14503 5006 
14256 10717 14509 5009 
14263 10723 14516 5011 
14267 10724 14523 5014 
14271 10728 14529 5017 
14275 10735 14533 5021 
14282 10738 14537 5023 
14287 10742 14546 5024 
14289 10748 14552 5026 
14300 10753 14558 5031 
14307 10756 14561 5034 
14312 10760 14565 5037 
14319 10760 14569 5040 
14325 10765 14571 5042 
14334 10767 14578 5043 
14340 10774 14591 5044 
14344 10782 14599 5046 
14345 10787 14606 5050 
14352 10791 14613 5051 
14359 10796 14619 5052 
14365 10803 14621 5052 
14370 10806 14627 5053 
14377 10815 14633 5056 
14383 10817 14645 5056 
14390 10822 14651 5056 
14397 10827 14655 5057 
14401 10830 14660 5057 
14403 10830 14667 5060 
14407 10834 14672 5063 
14409 10836 14675 5064 
14417 10839 14678 5068 
14421 10840 14686 5070 
14428 10847 14692 5072 
14434 10851 14699 5072 
14441 10856 14703 5075 
14447 10862 14708 5076 
14452 10865 14718 5078 
14457 10867 14726 5080 
14462 10869 14733 5081 
14470 10873 14738 5083 
14474 10876 14744 5084 
14482 10880 14747 5086 
14482 10884 14754 5087 
14491 10891 14759 5091 
14499 10896 14764 5092 
14502 10899 14769 5094 
14512 10903 14778 5095 
14519 10904 14788 5098 
14523 10907 14791 5098 
14533 10913 14799 5101 
14541 10920 14804 5106 
14548 10925 14804 5108 
14550 10926 14810 5109 
14557 10928 14810 5110 
14569 10939 14813 5112 
14573 10943 14817 5114 
14577 10946 14824 5116 
14587 10949 14830 5118 
14592 10959 14841 5119 
14597 10962 14848 5122 
14601 10967 14851 5125 
14606 10972 14862 5128 
14611 10979 14871 5129 
14615 10985 14873 5133 
14620 10988 14880 5134 
14626 10995 14888 5135 
14632 10998 14899 5138 
14635 11004 14906 5142 
14639 11012 14912 5145 
14646 11016 14918 5149 
14654 11022 14924 5150 
14659 11025 14931 5150 
14661 11031 14936 5153 
14667 11032 14945 5154 
14672 11040 14958 5154 
14675 11049 14959 5159 
14682 11054 14968 5160 
14689 11055 14975 5163 
14697 11059 14982 5168 
14701 11061 14987 5170 
14705 11062 14994 5173 
14707 11065 15002 5174 
14713 11070 15007 5174 
14717 11071 15012 5177 
14721 11081 15020 5179 
14730 11090 15023 5183 
14742 11097 15029 5186 
14751 11100 15034 5189 
14754 11107 15039 5191 
14759 11112 15043 5195 
14764 11113 15050 5199 
14770 11116 15057 5201 
14773 11120 15064 5204 
14778 11128 15068 5206 
14783 11135 15078 5207 
14785 11138 15083 5208 
14793 11141 15090 5209 
14799 11144 15097 5213 
14807 11145 15108 5214 
14814 11148 15110 5214 
14819 11154 15122 5215 
14828 11156 15129 5218 
14837 11165 15138 5219 
14842 11165 15143 5219 
14848 11171 15156 5220 
14852 11176 15164 5223 
14858 11179 15167 5224 
14862 11182 15173 5224 
14867 11186 15174 5225 
14872 11193 15180 5226 
14878 11197 15185 5228 
14880 11201 15190 5230 
14883 11209 15197 5233 
14891 11214 15206 5233 
14896 11217 15210 5237 
14898 11221 15212 5240 
14903 11225 15222 5242 
14908 11230 15231 5243 
14911 11231 15238 5245 
14915 11239 15245 5248 
14922 11245 15252 5249 
14930 11249 15258 5253 
14935 11253 15265 5254 
14937 11258 15269 5256 
14939 11263 15279 5261 
14940 11266 15285 5262 
14942 11270 15290 5264 
14945 11274 15296 5268 
14952 11280 15308 5270 
14958 11288 15311 5272 
14968 11290 15319 5273 
14972 11296 15329 5275 
14982 11299 15332 5281 
14987 11304 15336 5281 
14993 11310 15338 5283 
15000 11317 15345 5286 
15009 11320 15350 5288 
15014 11322 15358 5288 
15017 11325 15364 5294 
15021 11330 15370 5294 
15022 11337 15374 5296 
15027 11339 15383 5296 
15030 11344 15391 5297 
15041 11352 15395 5297 
15046 11360 15403 5301 
15055 11363 15409 5303 
15058 11364 15416 5303 
15068 11373 15423 5306 
15075 11376 15433 5308 
15080 11381 15437 5310 
15085 11384 15443 5312 
15090 11388 15449 5314 
15095 11394 15455 5314 
15098 11398 15465 5317 
15103 11404 15473 5317 
15112 11407 15479 5322 
15119 11411 15480 5324 
15121 11414 15484 5325 
15128 11422 15493 5327 
15133 11424 15499 5331 
15141 11428 15508 5334 
15149 11434 15514 5337 
15159 11438 15521 5338 
15168 11441 15527 5343 
15176 11445 15533 5344 
15182 11452 15542 5348 
15190 11457 15550 5350 
15198 11461 15557 5352 
15204 11468 15566 5355 
15208 11472 15570 5356 
15212 11477 15579 5359 
15216 11480 15586 5360 
15224 11484 15591 5361 
15228 11484 15598 5363 
15236 11492 15605 5364 
15247 11496 15608 5364 
15253 11501 15616 5364 
15257 11506 15620 5365 
15266 11510 15630 5366 
15270 11512 15634 5367 
15274 11514 15639 5373 
15281 11515 15644 5374 
15286 11519 15653 5377 
15293 11522 15656 5379 
15296 11524 15662 5379 
15299 11529 15668 5386 
15304 11536 15677 5387 
15310 11541 15682 5390 
15313 11545 15688 5392 
15318 11549 15694 5396 
15320 11554 15696 5399 
15328 11560 15701 5401 
15331 11566 15704 5407 
15335 11570 15711 5409 
15341 11573 15715 5409 
15344 11582 15723 5410 
15347 11583 15733 5410 
15354 11585 15740 5411 
15357 11593 15746 5413 
15362 11601 15754 5414 
15367 11606 15761 5415 
15370 11608 15769 5417 
15373 11611 15780 5417 
15374 11617 15790 5422 
15382 11622 15793 5424 
15390 11625 15799 5427 
15395 11628 15801 5429 
15399 11632 15806 5429 
15404 11633 15814 5430 
15410 11640 15823 5430 
15416 11645 15830 5431 
15420 11650 15835 5433 
15425 11658 15844 5435 
15431 11662 15850 5436 
15435 11670 15853 5437 
15443 11680 15857 5438 
15447 11683 15861 5441 
15450 11691 15864 5441 
15457 11692 15870 5444 
15464 11694 15876 5446 
15464 11698 15880 5448 
15469 11706 15887 5451 
15476 11709 15892 5452 
15483 11714 15897 5453 
15485 11718 15903 5455 
15497 11723 15909 5458 
15500 11728 15914 5459 
15507 11730 15917 5461 
15513 11734 15922 5466 
15517 11737 15924 5466 
15523 11740 15929 5469 
15533 11743 15931 5471 
15541 11752 15935 5472 
15546 11760 15941 5474 
15554 11763 15949 5475 
15557 11767 15954 5480 
15564 11773 15959 5483 
15568 11779 15964 5487 
15575 11786 15970 5490 
15583 11792 15975 5494 
15592 11794 15978 5496 
15594 11798 15986 5499 
15598 11804 15993 5500 
15604 11810 15995 5502 
15610 11811 15999 5504 
15618 11820 16001 5506 
15625 11824 16008 5508 
15631 11828 16014 5509 
15638 11831 16020 5510 
15642 11835 16028 5511 
15646 11838 16033 5513 
15651 11841 16040 5517 
15657 11845 16045 5521 
15665 11848 16057 5521 
15676 11851 16065 5523 
15682 11853 16069 5524 
15689 11856 16071 5528 
15690 11861 16079 5531 
15697 11866 16086 5532 
15702 11872 16089 5534 
15703 11875 16098 5536 
15707 11880 16107 5536 
15711 11885 16114 5541 
15717 11888 16120 5541 
15724 11895 16127 5543 
15737 11901 16134 5545 
15743 11904 16137 5546 
15747 11909 16141 5550 
15754 11911 16145 5552 
15763 11915 16149 5552 
15767 11919 16158 5557 
15774 11923 16161 5557 
15780 11932 16169 5558 
15790 11940 16176 5561 
15796 11946 16178 5564 
15802 11950 16183 5565 
15805 11955 16189 5568 
15809 11957 16196 5569 
15813 11959 16201 5572 
15820 11965 16209 5573 
15831 11969 16213 5578 
15835 11973 16220 5578 
15841 11975 16228 5582 
15844 11979 16237 5585 
15848 11984 16244 5585 
15858 11986 16253 5588 
15866 11989 16257 5594 
15868 11990 16262 5594 
15877 11994 16269 5595 
15883 11997 16275 5600 
15887 11998 16281 5600 
15893 12001 16289 5600 
15898 12005 16296 5602 
15904 12010 16303 5603 
15908 12011 16306 5605 
15917 12016 16313 5607 
15920 12018 16317 5612 
15927 12022 16323 5615 
15931 12026 16333 5617 
15935 12031 16340 5618 
15940 12034 16343 5624 
15941 12039 16353 5625 
15947 12041 16359 5627 
15953 12048 16364 5629 
15956 12052 16373 5630 
15960 12055 16379 5633 
15966 12064 16386 5639 
15971 12067 16392 5641 
15977 12069 16395 5643 
15983 12073 16404 5645 
15990 12076 16412 5648 
15995 12080 16420 5648 
16004 12083 16425 5650 
16008 12088 16431 5653 
16010 12096 16437 5658 
16012 12103 16442 5658 
16016 12108 16448 5662 
16026 12110 16458 5665 
16031 12125 16466 5670 
16038 12127 16470 5672 
16045 12131 16476 5674 
16048 12133 16482 5680 
16056 12139 16488 5683 
16063 12148 16495 5685 
16065 12152 16500 5687 
16072 12156 16504 5688 
16074 12159 16512 5691 
16078 12159 16528 5695 
16081 12163 16537 5697 
16083 12171 16547 5697 
16092 12174 16552 5700 
16099 12179 16558 5703 
16101 12184 16565 5704 
16106 12189 16571 5706 
16113 12193 16578 5708 
16116 12199 16585 5711 
16122 12201 16587 5713 
16129 12204 16591 5715 
16131 12209 16597 5717 
16138 12213 16603 5719 
16143 12217 16610 5722 
16152 12220 16617 5724 
16156 12226 16622 5725 
16160 12232 16626 5727 
16167 12235 16633 5730 
16172 12244 16638 5732 
16179 12249 16642 5734 
16191 12253 16650 5735 
16202 12262 16654 5738 
16207 12267 16661 5741 
16215 12273 16667 5741 
16220 12276 16671 5744 
16222 12281 16676 5747 
16228 12288 16680 5749 
16234 12291 16687 5750 
16244 12295 16697 5752 
16249 12299 16701 5753 
16260 12305 16707 5756 
16265 12309 16716 5758 
16269 12312 16723 5759 
16278 12314 16729 5763 
16286 12317 16735 5768 
16297 12320 16737 5773 
16303 12321 16740 5774 
16313 12327 16747 5775 
16314 12333 16751 5777 
16320 12336 16758 5778 
16325 12342 16766 5780 
16335 12345 16767 5781 
16340 12350 16773 5782 
16345 12354 16778 5787 
16350 12357 16783 5792 
16360 12362 16790 5795 
16369 12367 16793 5797 
16375 12369 16799 5803 
16381 12373 16802 5806 
16389 12376 16807 5808 
16395 12384 16814 5812 
16396 12392 16823 5814 
16404 12403 16830 5817 
16406 12407 16836 5820 
16409 12410 16841 5822 
16416 12417 16850 5825 
16418 12422 16856 5827 
16426 12427 16859 5828 
16436 12429 16867 5829 
16443 12432 16878 5834 
16447 12434 16885 5836 
16452 12436 16888 5838 
16455 12442 16895 5838 
16462 12444 16899 5843 
16465 12447 16905 5846 
16467 12451 16907 5850 
16473 12455 16910 5852 
16477 12458 16917 5855 
16482 12460 16922 5857 
16489 12464 16925 5858 
16497 12472 16931 5860 
16503 12475 16940 5863 
16508 12483 16949 5865 
16517 12487 16954 5866 
16525 12490 16957 5869 
16535 12492 16963 5876 
16537 12500 16968 5878 
16542 12508 16974 5883 
16545 12514 16981 5886 
16552 12517 16986 5888 
16561 12519 16993 5890 
16568 12525 17003 5892 
16572 12527 17003 5896 
16580 12534 17010 5897 
16583 12536 17019 5898 
16588 12538 17028 5902 
16593 12545 17036 5903 
16601 12550 17044 5905 
16610 12559 17052 5909 
16618 12566 17057 5912 
16629 12571 17062 5913 
16633 12574 17066 5918 
16640 12581 17073 5919 
16648 12583 17079 5922 
16659 12588 17085 5925 
16668 12596 17089 5927 
16670 12599 17094 5929 
16676 12602 17100 5931 
16684 12609 17105 5933 
16690 12615 17111 5937 
16700 12616 17116 5937 
16707 12622 17123 5939 
16711 12624 17126 5940 
16715 12628 17130 5942 
16723 12632 17136 5944 
16725 12636 17141 5944 
16730 12640 17152 5948 
16739 12644 17156 5951 
16744 12653 17164 5953 
16749 12659 17170 5954 
16755 12663 17178 5956 
16764 12670 17183 5960 
16769 12674 17189 5963 
16774 12679 17193 5964 
16778 12682 17196 5965 
16783 12685 17204 5967 
16792 12688 17208 5968 
16797 12691 17214 5969 
16801 12696 17222 5973 
16807 12699 17233 5974 
16808 12702 17242 5979 
16813 12705 17245 5982 
16818 12710 17251 5984 
16824 12714 17258 5985 
16829 12720 17266 5985 
16835 12724 17273 5988 
16837 12732 17280 5988 
16843 12736 17285 5990 
16851 12742 17291 5993 
16852 12746 17297 5994 
16858 12748 17299 5996 
16867 12754 17303 5999 
16867 12758 17314 6002 
16870 12767 17316 6006 
16874 12770 17321 6010 
16880 12775 17325 6011 
16885 12779 17333 6013 
16888 12790 17339 6016 
16890 12796 17348 6019 
16894 12802 17354 6022 
16899 12804 17362 6025 
16903 12808 17368 6026 
16910 12814 17373 6028 
16920 12818 17379 6029 
16928 12827 17383 6031 
16935 12829 17392 6035 
16942 12835 17401 6035 
16946 12843 17404 6037 
16956 12845 17409 6039 
16959 12847 17415 6041 
16963 12858 17423 6042 
16968 12864 17428 6046 
16974 12869 17432 6046 
16977 12873 17438 6048 
16984 12879 17440 6050 
16989 12887 17448 6054 
16994 12890 17452 6056 
16997 12895 17461 6057 
17004 12899 17469 6060 
17008 12909 17473 6061 
17013 12912 17479 6062 
17023 12915 17486 6066 
17025 12921 17493 6066 
17030 12926 17494 6069 
17038 12933 17500 6069 
17047 12938 17505 6073 
17052 12941 17514 6075 
17057 12945 17517 6076 
17064 12950 17523 6078 
17072 12957 17525 6080 
17076 12963 17530 6082 
17078 12970 17536 6085 
17082 12972 17542 6085 
17088 12978 17551 6086 
17095 12984 17555 6087 
17102 12985 17565 6088 
17106 12987 17568 6089 
17109 12993 17577 6091 
17117 12999 17580 6092 
17128 13003 17586 6094 
17131 13009 17591 6095 
17138 13012 17598 6098 
17141 13016 17609 6101 
17141 13019 17612 6103 
17152 13023 17620 6104 
17158 13026 17624 6105 
17166 13032 17626 6110 
17170 13037 17633 6112 
17181 13038 17640 6112 
17188 13050 17642 6114 
17193 13058 17647 6117 
17199 13059 17650 6122 
17207 13067 17655 6124 
17210 13069 17661 6126 
17215 13074 17666 6127 
17223 13085 17674 6128 
17228 13091 17686 6129 
17232 13095 17693 6132 
17234 13101 17697 6133 
17239 13109 17700 6136 
17244 13113 17706 6137 
17253 13121 17710 6139 
17257 13128 17715 6145 
17263 13137 17725 6146 
17272 13141 17728 6147 
17273 13147 17738 6147 
17276 13152 17744 6152 
17288 13159 17753 6154 
17294 13166 17759 6156 
17301 13168 17766 6156 
17308 13172 17770 6156 
17315 13177 17776 6160 
17320 13181 17783 6163 
17324 13185 17790 6166 
17328 13186 17795 6169 
17335 13188 17801 6170 
17344 13191 17808 6170 
17351 13194 17810 6173 
17358 13202 17815 6175 
17364 13203 17822 6176 
17370 13209 17828 6177 
17373 13216 17832 6181 
17380 13217 17838 6183 
17383 13223 17844 6187 
17387 13232 17848 6193 
17394 13236 17853 6195 
17402 13243 17861 6197 
17404 13244 17872 6199 
17412 13249 17880 6200 
17413 13252 17885 6203 
17418 13253 17894 6204 
17421 13260 17898 6205 
17426 13261 17906 6210 
17433 13263 17909 6210 
17443 13265 17920 6211 
17449 13268 17923 6211 
17455 13278 17931 6213 
17459 13283 17939 6217 
17464 13290 17947 6222 
17469 13297 17954 6224 
17476 13304 17960 6226 
17484 13308 17964 6228 
17487 13312 17968 6229 
17493 13315 17972 6229 
17497 13317 17982 6231 
17504 13322 17986 6239 
17508 13325 17989 6240 
17509 13331 17995 6242 
17516 13335 18002 6246 
17526 13339 18009 6249 
17531 13340 18017 6251 
17539 13346 18019 6255 
17548 13351 18023 6258 
17554 13355 18028 6262 
17561 13361 18033 6263 
17566 13368 18036 6267 
17570 13371 18037 6269 
17574 13377 18043 6270 
17577 13383 18050 6277 
17584 13388 18054 6277 
17590 13391 18059 6279 
17596 13399 18064 6279 
17604 13407 18068 6284 
17612 13410 18075 6286 
17618 13412 18083 6286 
17624 13418 18087 6288 
17631 13427 18094 6292 
17639 13433 18102 6292 
17645 13435 18106 6296 
17650 13441 18111 6298 
17651 13446 18124 6300 
17656 13450 18129 6301 
17661 13455 18134 6303 
17666 13458 18135 6306 
17671 13460 18141 6308 
17679 13466 18149 6310 
17683 13472 18158 6313 
17688 13481 18162 6318 
17697 13484 18167 6321 
17702 13494 18173 6321 
17707 13498 18183 6325 
17710 13500 18190 6327 
17721 13503 18197 6329 
17726 13504 18204 6331 
17731 13508 18207 6335 
17735 13514 18212 6337 
17738 13517 18216 6338 
17741 13526 18221 6341 
17749 13532 18228 6341 
17759 13538 18233 6346 
17763 13539 18239 6348 
17772 13543 18248 6349 
17778 13548 18255 6350 
17787 13550 18262 6353 
17792 13555 18267 6357 
17797 13567 18270 6360 
17806 13571 18271 6364 
17814 13575 18279 6367 
17820 13580 18288 6371 
17828 13584 18292 6374 
17836 13591 18298 6375 
17839 13594 18304 6378 
17845 13598 18310 6379 
17849 13600 18315 6380 
17856 13607 18319 6380 
17866 13611 18327 6383 
17873 13612 18330 6387 
17876 13614 18341 6389 
17880 13618 18347 6392 
17882 13623 18351 6392 
17887 13625 18358 6394 
17892 13631 18367 6396 
17898 13639 18377 6399 
17906 13643 18382 6401 
17910 13653 18390 6401 
17912 13661 18399 6404 
17918 13668 18405 6407 
17928 13671 18413 6410 
17932 13672 18417 6412 
17936 13676 18420 6414 
17939 13680 18424 6416 
17950 13683 18427 6419 
17956 13688 18433 6419 
17961 13689 18440 6421 
17967 13693 18442 6422 
17971 13693 18451 6425 
17973 13696 18458 6427 
17977 13704 18464 6428 
17985 13708 18473 6431 
17987 13711 18481 6433 
17997 13717 18487 6436 
17998 13723 18494 6437 
17999 13726 18501 6438 
18004 13730 18503 6440 
18012 13734 18512 6441 
18018 13738 18517 6444 
18021 13741 18523 6444 
18028 13747 18532 6447 
18035 13751 18537 6452 
18040 13757 18552 6455 
18046 13762 18555 6458 
18051 13764 18565 6460 
18056 13768 18569 6461 
18066 13770 18578 6462 
18072 13773 18583 6465 
18077 13780 18590 6468 
18082 13781 18596 6472 
18089 13782 18601 6476 
18101 13785 18605 6478 
18102 13792 18613 6482 
18106 13798 18619 6486 
18114 13806 18629 6489 
18118 13809 18636 6490 
18122 13814 18639 6492 
18125 13819 18648 6495 
18128 13823 18657 6496 
18133 13828 18663 6500 
18138 13833 18668 6505 
18141 13838 18677 6506 
18145 13842 18683 6510 
18146 13849 18691 6511 
18152 13852 18697 6512 
18154 13854 18703 6514 
18162 13860 18708 6516 
18167 13864 18712 6518 
18175 13867 18717 6522 
18176 13875 18718 6525 
18181 13881 18721 6525 
18185 13884 18729 6526 
18189 13884 18735 6528 
18196 13893 18741 6531 
18202 13900 18746 6532 
18202 13905 18752 6534 
18206 13914 18760 6537 
18213 13918 18768 6543 
18218 13923 18776 6544 
18227 13929 18786 6544 
18235 13935 18795 6547 
18239 13940 18798 6548 
18246 13944 18802 6552 
18254 13947 18806 6553 
18263 13956 18814 6553 
18269 13958 18818 6554 
18276 13962 18824 6558 
18282 13969 18828 6564 
18285 13974 18831 6566 
18287 13977 18838 6566 
18292 13985 18842 6569 
18301 13990 18844 6571 
18305 13998 18852 6573 
18311 14001 18859 6576 
18316 14009 18866 6578 
18321 14016 18870 6580 
18328 14018 18877 6580 
18331 14024 18884 6584 
18337 14026 18886 6589 
18343 14029 18890 6590 
18345 14036 18894 6590 
18356 14039 18901 6592 
18360 14046 18906 6592 
18365 14054 18911 6596 
18369 14065 18916 6599 
18374 14068 18922 6603 
18376 14077 18926 6603 
18378 14080 18931 6604 
18382 14087 18939 6606 
18383 14093 18947 6611 
18384 14102 18957 6613 
18388 14106 18962 6614 
18393 14109 18972 6617 
18396 14116 18978 6621 
18401 14120 18981 6623 
18407 14123 18991 6623 
18411 14126 18996 6625 
18419 14129 19001 6629 
18426 14133 19009 6631 
18431 14135 19016 6635 
18436 14145 19019 6639 
18441 14146 19023 6639 
18445 14151 19028 6640 
18448 14152 19034 6642 
18457 14160 19044 6646 
18460 14170 19047 6647 
18467 14177 19055 6650 
18478 14183 19058 6652 
18481 14187 19063 6655 
18484 14191 19069 6655 
18494 14200 19075 6658 
18498 14210 19082 6663 
18506 14212 19084 6664 
18508 14216 19091 6668 
18512 14219 19099 6670 
18515 14226 19106 6672 
18524 14231 19109 6673 
18526 14235 19112 6674 
18530 14236 19125 6678 
18535 14241 19130 6680 
18541 14245 19134 6681 
18545 14253 19138 6684 
18555 14259 19141 6690 
18557 14265 19149 6693 
18566 14267 19158 6696 
18578 14270 19168 6699 
18580 14275 19173 6699 
18585 14281 19180 6701 
18594 14287 19191 6703 
18599 14294 19199 6705 
18602 14298 19207 6706 
18610 14305 19214 6710 
18617 14312 19226 6713 
18620 14318 19235 6715 
18627 14321 19236 6718 
18630 14325 19245 6719 
18643 14328 19249 6725 
18649 14329 19253 6726 
18652 14332 19260 6727 
18659 14336 19270 6728 
18662 14340 19276 6731 
18667 14346 19280 6732 
18676 14349 19291 6732 
18684 14355 19298 6734 
18689 14357 19306 6736 
18693 14362 19310 6737 
18698 14365 19315 6739 
18703 14370 19319 6740 
18710 14375 19328 6741 
18717 14379 19335 6745 
18725 14384 19344 6747 
18733 14395 19350 6751 
18740 14401 19357 6752 
18741 14404 19362 6753 
18748 14411 19374 6754 
18753 14413 19379 6754 
18755 14419 19383 6755 
18765 14424 19388 6756 
18769 14428 19396 6760 
18775 14433 19399 6764 
18783 14437 19405 6765 
18793 14439 19409 6768 
18800 14445 19413 6772 
18804 14451 19417 6774 
18809 14461 19425 6774 
18817 14466 19432 6775 
18819 14469 19442 6778 
18826 14474 19452 6779 
18837 14478 19458 6781 
18844 14482 19468 6782 
18850 14486 19477 6785 
18856 14490 19480 6788 
18863 14493 19483 6790 
18869 14498 19491 6794 
18874 14503 19497 6796 
18878 14506 19507 6799 
18883 14509 19511 6803 
18891 14516 19515 6806 
18897 14521 19523 6810 
18900 14524 19533 6814 
18909 14531 19539 6817 
18915 14533 19550 6818 
18920 14539 19560 6820 
18927 14542 19562 6822 
18932 14549 19566 6823 
18937 14553 19571 6824 
18947 14555 19574 6824 
18953 14558 19585 6825 
18958 14561 19595 6825 
18963 14565 19603 6829 
18970 14570 19611 6830 
18978 14575 19618 6833 
18985 14581 19626 6834 
18994 14585 19629 6835 
18999 14592 19640 6837 
19007 14595 19643 6839 
19014 14598 19649 6840 
19017 14605 19657 6843 
19024 14609 19665 6845 
19025 14618 19674 6849 
19031 14625 19683 6851 
19033 14629 19687 6853 
19042 14631 19698 6855 
19050 14635 19701 6858 
19054 14641 19709 6861 
19061 14650 19716 6864 
19069 14655 19720 6867 
19074 14659 19728 6868 
19081 14667 19736 6874 
19087 14672 19743 6878 
19096 14675 19747 6881 
19102 14683 19753 6881 
19108 14685 19761 6883 
19114 14692 19761 6885 
19116 14695 19765 6888 
19122 14698 19768 6890 
19124 14703 19775 6892 
19131 14711 19786 6895 
19133 14713 19793 6898 
19139 14717 19804 6901 
19142 14721 19809 6903 
19146 14728 19817 6904 
19152 14736 19822 6906 
19160 14743 19827 6906 
19168 14748 19833 6907 
19169 14749 19838 6907 
19175 14757 19846 6909 
19180 14758 19850 6912 
19183 14765 19851 6913 
19188 14772 19859 6914 
19196 14777 19864 6915 
19202 14780 19874 6918 
19207 14784 19881 6918 
19214 14789 19889 6919 
19216 14795 19894 6922 
19222 14797 19901 6924 
19225 14805 19906 6924 
19233 14811 19913 6927 
19236 14815 19923 6929 
19248 14820 19924 6932 
19253 14826 19930 6936 
19260 14829 19941 6940 
19262 14830 19950 6943 
19270 14834 19955 6946 
19277 14838 19960 6948 
19286 14844 19970 6949 
19289 14850 19983 6952 
19294 14857 19990 6954 
19301 14866 19993 6956 
19307 14870 19999 6960 
19315 14876 20008 6963 
19317 14878 20011 6963 
19324 14888 20019 6964 
19327 14894 20027 6965 
19330 14899 20030 6965 
19334 14902 20036 6967 
19337 14907 20042 6970 
19345 14911 20048 6972 
19353 14917 20055 6974 
19361 14919 20063 6974 
19367 14920 20069 6978 
19373 14925 20074 6979 
19381 14933 20083 6981 
19386 14936 20088 6983 
19390 14937 20095 6986 
19394 14944 20100 6988 
19403 14951 20103 6991 
19407 14954 20105 6993 
19413 14961 20110 6995 
19423 14963 20117 6996 
19434 14973 20126 6997 
19440 14975 20132 7000 
19443 14979 20143 7001 
19452 14987 20148 7002 
19458 14991 20156 7004 
19464 14995 20167 7006 
19466 15001 20169 7008 
19470 15004 20176 7011 
19477 15008 20181 7016 
19477 15015 20188 7017 
19485 15025 20194 7019 
19490 15031 20205 7020 
19497 15034 20209 7021 
19508 15036 20212 7024 
19512 15040 20219 7025 
19524 15046 20227 7027 
19530 15050 20232 7033 
19534 15058 20237 7035 
19537 15060 20245 7038 
19541 15065 20253 7038 
19548 15067 20257 7040 
19552 15070 20265 7042 
19559 15076 20273 7046 
19566 15079 20276 7049 
19574 15089 20280 7052 
19579 15096 20283 7053 
19584 15098 20288 7054 
19589 15103 20291 7057 
19595 15108 20297 7061 
19603 15114 20300 7063 
19610 15120 20308 7066 
19618 15123 20313 7068 
19623 15131 20320 7068 
19627 15135 20330 7073 
19633 15137 20334 7073 
19639 15144 20340 7074 
19645 15154 20351 7074 
19650 15158 20355 7075 
19655 15161 20360 7078 
19657 15165 20365 7082 
19662 15170 20371 7086 
19667 15174 20377 7088 
19671 15184 20382 7088 
19677 15189 20392 7090 
19685 15191 20398 7092 
19694 15199 20405 7094 
19696 15203 20410 7099 
19704 15208 20411 7103 
19713 15212 20419 7106 
19717 15220 20429 7106 
19724 15225 20431 7108 
19727 15230 20437 7111 
19730 15234 20442 7116 
19732 15236 20450 7119 
19736 15246 20455 7122 
19738 15251 20460 7126 
19745 15257 20464 7129 
19756 15258 20472 7131 
19760 15260 20479 7136 
19764 15269 20488 7140 
19769 15273 20496 7143 
19777 15283 20500 7147 
19781 15286 20509 7148 
19787 15292 20514 7148 
19793 15300 20516 7151 
19797 15302 20518 7152 
19800 15307 20525 7154 
19805 15312 20530 7154 
19815 15313 20537 7156 
19821 15316 20543 7158 
19835 15320 20550 7162 
19841 15328 20553 7166 
19850 15332 20561 7167 
19857 15333 20568 7169 
19861 15341 20576 7170 
19868 15345 20583 7175 
19874 15350 20589 7175 
19878 15357 20595 7177 
19888 15364 20604 7178 
19894 15372 20612 7180 
19897 15382 20618 7183 
19911 15388 20627 7184 
19914 15396 20631 7186 
19922 15399 20638 7187 
19927 15405 20647 7189 
19930 15409 20655 7193 
19935 15416 20658 7197 
19942 15422 20662 7199 
19950 15425 20669 7201 
19957 15429 20673 7204 
19966 15435 20683 7204 
19975 15446 20688 7208 
19986 15453 20692 7209 
19993 15462 20698 7214 
19998 15467 20708 7216 
20005 15474 20713 7219 
20011 15477 20723 7222 
20016 15480 20730 7225 
20017 15484 20737 7225 
20020 15486 20741 7226 
20023 15490 20747 7226 
20029 15492 20758 7228 
20033 15497 20766 7229 
20043 15503 20770 7231 
20050 15510 20780 7235 
20061 15514 20792 7238 
20067 15521 20801 7244 
20078 15522 20804 7248 
20084 15529 20808 7248 
20092 15534 20816 7248 
20097 15540 20820 7252 
20103 15545 20826 7253 
20109 15550 20828 7255 
20113 15556 20834 7258 
20119 15559 20837 7260 
20123 15561 20846 7262 
20129 15566 20852 7264 
20134 15569 20861 7267 
20138 15575 20865 7269 
20147 15579 20877 7271 
20152 15579 20881 7273 
20157 15586 20885 7274 
20164 15588 20889 7276 
20169 15596 20898 7280 
20173 15607 20904 7283 
20178 15612 20909 7285 
20185 15612 20916 7285 
20192 15617 20920 7286 
20198 15622 20924 7286 
20205 15624 20936 7288 
20207 15630 20943 7292 
20218 15636 20953 7294 
20224 15645 20960 7294 
20232 15651 20963 7298 
20240 15658 20970 7299 
20245 15663 20979 7302 
20251 15665 20988 7303 
20259 15672 20991 7306 
20266 15674 20996 7309 
20274 15679 21006 7311 
20278 15685 21010 7312 
20282 15694 21013 7316 
20287 15699 21019 7319 
20296 15701 21021 7321 
20301 15704 21028 7321 
20310 15713 21033 7325 
20315 15721 21043 7327 
20321 15727 21052 7332 
20330 15731 21060 7333 
20339 15736 21064 7338 
20346 15743 21074 7342 
20349 15747 21081 7345 
20357 15750 21087 7347 
20360 15758 21097 7349 
20365 15763 21108 7349 
20371 15767 21113 7351 
20377 15770 21119 7356 
20383 15776 21129 7359 
20389 15782 21131 7360 
20392 15784 21137 7361 
20399 15790 21147 7364 
20405 15794 21152 7368 
20411 15800 21161 7368 
20418 15803 21170 7371 
20425 15811 21177 7374 
20434 15813 21182 7377 
20439 15820 21192 7378 
20446 15825 21204 7378 
20457 15829 21210 7381 
20461 15836 21221 7383 
20470 15839 21226 7385 
20471 15841 21236 7388 
20477 15845 21239 7392 
20483 15845 21246 7394 
20491 15850 21253 7398 
20497 15857 21264 7399 
20506 15862 21271 7403 
20513 15866 21283 7406 
20520 15870 21288 7408 
20525 15874 21293 7409 
20535 15876 21297 7410 
20539 15882 21300 7410 
20541 15885 21310 7411 
20552 15888 21319 7412 
20559 15892 21327 7416 
20562 15896 21332 7417 
20570 15899 21337 7420 
20575 15903 21343 7421 
20586 15905 21350 7422 
20589 15911 21354 7423 
20596 15916 21358 7425 
20600 15920 21362 7427 
20606 15923 21371 7428 
20617 15925 21379 7429 
20621 15927 21386 7433 
20632 15932 21395 7434 
20637 15940 21400 7437 
20643 15942 21406 7438 
20645 15947 21409 7440 
20653 15950 21415 7441 
20666 15956 21420 7446 
20668 15962 21424 7450 
20679 15967 21430 7453 
20688 15971 21435 7454 
20689 15976 21439 7456 
20692 15979 21445 7458 
20698 15980 21453 7461 
20704 15986 21456 7463 
20714 15990 21465 7465 
20721 15998 21472 7469 
20725 15999 21480 7471 
20733 16008 21491 7474 
20745 16011 21499 7475 
20750 16012 21508 7478 
20757 16015 21518 7479 
20768 16021 21524 7481 
20776 16024 21529 7482 
20780 16027 21541 7486 
20789 16034 21548 7489 
20802 16039 21555 7490 
20806 16045 21559 7491 
20807 16047 21568 7493 
20817 16049 21575 7494 
20821 16054 21580 7495 
20823 16056 21585 7495 
20830 16059 21591 7498 
20835 16065 21594 7500 
20842 16071 21597 7502 
20848 16075 21603 7503 
20850 16080 21606 7509 
20856 16088 21618 7512 
20862 16093 21627 7515 
20867 16095 21635 7515 
20875 16103 21642 7518 
20879 16110 21649 7520 
20885 16116 21656 7523 
20893 16123 21665 7524 
20897 16133 21672 7525 
20902 16137 21679 7528 
20903 16139 21685 7529 
20911 16144 21698 7529 
20917 16146 21707 7533 
20921 16148 21716 7538 
20924 16152 21725 7540 
20934 16155 21733 7544 
20944 16157 21741 7547 
20951 16165 21747 7548 
20955 16169 21749 7551 
20960 16173 21758 7553 
20966 16177 21766 7554 
20973 16185 21766 7557 
20979 16187 21774 7562 
20986 16190 21775 7566 
20993 16198 21784 7567 
21001 16202 21788 7570 
21010 16207 21795 7573 
21018 16210 21798 7575 
21025 16213 21801 7578 
21033 16213 21802 7579 
21037 16217 21808 7581 
21041 16220 21809 7588 
21049 16225 21815 7591 
21058 16228 21826 7593 
21067 16232 21831 7597 
21073 16234 21837 7598 
21079 16238 21844 7601 
21084 16245 21851 7601 
21091 16249 21861 7604 
21094 16258 21870 7608 
21097 16262 21877 7610 
21108 16271 21882 7611 
21114 16279 21887 7611 
21119 16287 21891 7611 
21127 16290 21895 7612 
21130 16295 21899 7614 
21137 16303 21908 7616 
21144 16310 21914 7617 
21153 16315 21921 7621 
21162 16321 21928 7622 
21169 16325 21934 7626 
21174 16330 21943 7628 
21181 16336 21949 7629 
21189 16338 21956 7632 
21193 16341 21960 7635 
21209 16345 21964 7637 
21213 16352 21972 7642 
21218 16355 21975 7646 
21220 16363 21983 7649 
21227 16372 21989 7651 
21234 16374 21999 7656 
21242 16377 22004 7660 
21245 16379 22007 7662 
21256 16388 22010 7662 
21263 16396 22014 7663 
21267 16401 22016 7664 
21270 16410 22021 7666 
21276 16411 22029 7668 
21284 16417 22037 7670 
21294 16420 22045 7670 
21302 16426 22053 7671 
21309 16435 22060 7672 
21315 16443 22063 7677 
21319 16447 22068 7680 
21324 16454 22075 7682 
21329 16461 22083 7683 
21339 16466 22090 7687 
21343 16473 22097 7689 
21350 16479 22105 7694 
21355 16482 22113 7696 
21359 16483 22120 7700 
21364 16486 22126 7700 
21369 16489 22131 7703 
21376 16499 22137 7705 
21383 16507 22142 7706 
21391 16510 22147 7711 
21393 16518 22156 7716 
21403 16520 22163 7716 
21410 16528 22171 7717 
21416 16532 22177 7721 
21422 16538 22183 7724 
21426 16544 22193 7726 
21434 16551 22200 7728 
21440 16555 22212 7729 
21449 16561 22216 7732 
21456 16566 22224 7733 
21461 16567 22230 7736 
21464 16570 22237 7737 
21474 16574 22246 7737 
21480 16580 22253 7738 
21486 16583 22261 7740 
21493 16590 22267 7743 
21494 16592 22272 7745 
21497 16594 22276 7746 
21502 16598 22284 7749 
21508 16603 22292 7753 
21514 16604 22298 7754 
21517 16609 22301 7757 
21521 16615 22309 7760 
21526 16622 22315 7761 
21532 16628 22322 7762 
21533 16635 22326 7766 
21535 16636 22338 7767 
21538 16640 22345 7769 
21541 16644 22350 7772 
21551 16650 22356 7774 
21557 16654 22363 7775 
21562 16656 22368 7777 
21564 16665 22374 7780 
21566 16669 22378 7783 
21571 16681 22383 7787 
21577 16683 22391 7788 
21582 16688 22394 7790 
21595 16691 22404 7790 
21604 16693 22408 7793 
21608 16695 22417 7800 
21613 16698 22427 7803 
21624 16703 22435 7806 
21634 16711 22438 7810 
21638 16713 22446 7812 
21644 16716 22451 7813 
21653 16719 22456 7820 
21656 16723 22468 7823 
21662 16729 22475 7826 
21669 16736 22482 7828 
21681 16743 22495 7833 
21684 16746 22504 7837 
21690 16751 22506 7838 
21694 16757 22509 7842 
21697 16760 22516 7847 
21703 16765 22525 7849 
21708 16771 22529 7853 
21711 16775 22533 7855 
21723 16780 22542 7855 
21725 16789 22552 7856 
21728 16794 22554 7858 
21731 16806 22560 7861 
21734 16811 22565 7864 
21738 16819 22570 7865 
21752 16824 22577 7867 
21756 16831 22581 7871 
21768 16838 22586 7871 
21772 16848 22592 7874 
21775 16853 22598 7877 
21782 16855 22607 7880 
21787 16860 22615 7880 
21793 16861 22618 7882 
21799 16864 22619 7883 
21809 16869 22623 7886 
21816 16878 22630 7888 
21819 16881 22637 7888 
21825 16888 22645 7888 
21831 16895 22652 7890 
21839 16899 22654 7893 
21844 16906 22663 7895 
21854 16911 22673 7895 
21859 16917 22681 7899 
21865 16925 22687 7900 
21870 16926 22697 7901 
21876 16933 22705 7904 
21883 16936 22712 7906 
21891 16940 22720 7907 
21897 16941 22727 7910 
21902 16946 22740 7911 
21907 16953 22745 7914 
21914 16958 22751 7915 
21919 16961 22757 7918 
21923 16963 22761 7922 
21935 16964 22770 7923 
21941 16970 22778 7927 
21947 16980 22780 7929 
21949 16989 22793 7930 
21952 16991 22797 7931 
21959 16995 22810 7934 
21970 17000 22820 7936 
21977 17004 22827 7938 
21980 17011 22831 7938 
21985 17017 22834 7939 
21987 17024 22841 7939 
21992 17026 22846 7942 
21997 17032 22851 7943 
22000 17037 22853 7946 
22005 17040 22855 7947 
22010 17044 22862 7947 
22016 17049 22870 7950 
22022 17057 22877 7953 
22028 17062 22883 7956 
22030 17068 22892 7957 
22033 17072 22898 7962 
22037 17078 22901 7964 
22044 17083 22907 7964 
22052 17090 22915 7970 
22056 17096 22925 7970 
22064 17100 22929 7970 
22070 17110 22932 7970 
22075 17115 22938 7973 
22082 17120 22943 7976 
22091 17121 22951 7978 
22097 17124 22956 7979 
22103 17127 22961 7982 
22112 17134 22970 7984 
22117 17141 22973 7988 
22126 17148 22978 7990 
22135 17153 22987 7991 
22144 17160 22991 7994 
22151 17167 22996 7997 
22155 17170 23003 7998 
22162 17175 23008 8006 
22169 17177 23011 8010 
22183 17186 23015 8012 
22190 17189 23026 8017 
22204 17193 23034 8018 
22211 17195 23040 8019 
22219 17207 23048 8019 
22224 17211 23057 8022 
22232 17216 23066 8023 
22237 17223 23072 8024 
22239 17228 23079 8029 
22246 17235 23083 8029 
22249 17241 23087 8031 
22254 17245 23093 8032 
22261 17251 23102 8032 
22268 17252 23110 8035 
22276 17260 23113 8037 
22282 17265 23120 8040 
22289 17272 23129 8043 
22301 17278 23134 8045 
22305 17286 23142 8046 
22317 17286 23150 8050 
22324 17290 23156 8051 
22337 17294 23161 8051 
22338 17295 23168 8052 
22345 17299 23173 8054 
22348 17303 23182 8055 
22351 17309 23188 8057 
22356 17318 23199 8059 
