0 0 0 0 
6 6 5 0 
14 8 10 2 
20 11 20 3 
27 16 22 6 
32 17 26 8 
37 19 35 10 
47 24 39 13 
52 32 43 17 
57 36 46 17 
68 41 52 19 
73 45 57 21 
75 50 58 21 
83 55 64 24 
91 55 69 26 
96 57 73 29 
100 64 81 30 
108 68 83 32 
116 73 89 34 
124 74 98 35 
129 76 104 40 
134 82 109 44 
142 87 111 46 
148 90 116 47 
157 94 122 49 
160 97 126 50 
165 100 131 51 
173 106 134 53 
182 115 140 53 
192 116 145 55 
199 119 147 59 
203 120 159 59 
209 121 162 62 
215 123 169 63 
216 127 178 66 
221 130 184 67 
227 135 190 68 
230 138 198 69 
236 143 205 72 
238 145 211 73 
243 146 220 75 
246 148 226 77 
250 150 230 79 
255 151 236 80 
263 155 239 80 
271 156 241 80 
279 162 245 80 
286 164 247 80 
293 168 251 82 
304 170 255 83 
307 174 266 84 
309 179 271 86 
311 183 276 88 
314 187 278 88 
319 187 283 90 
321 192 287 91 
327 195 291 93 
331 203 292 95 
336 204 301 96 
341 206 308 96 
349 212 310 96 
356 217 314 97 
359 221 318 100 
365 226 324 101 
367 230 328 101 
369 234 331 103 
374 239 334 105 
378 242 340 106 
383 249 343 107 
387 255 344 110 
390 257 347 112 
395 261 354 114 
398 263 359 115 
405 267 366 116 
406 269 371 118 
411 269 380 120 
414 278 381 122 
421 279 385 123 
427 281 392 124 
435 284 398 124 
438 286 405 126 
448 290 410 129 
453 294 416 131 
461 296 421 133 
464 298 426 133 
473 299 431 134 
478 303 435 134 
486 310 443 138 
491 312 448 138 
500 321 456 139 
506 325 458 142 
511 333 461 143 
514 335 470 144 
519 337 473 149 
522 340 477 150 
527 342 482 150 
536 348 491 152 
543 352 497 155 
547 355 505 158 
551 357 512 159 
562 358 515 160 
571 362 524 165 
580 368 535 168 
587 371 543 171 
596 372 545 173 
604 377 553 173 
608 383 562 176 
615 389 564 179 
621 391 573 182 
624 394 579 185 
627 395 582 187 
628 402 585 192 
635 407 587 194 
641 410 592 198 
649 417 598 199 
655 420 602 202 
662 421 607 204 
665 425 610 206 
668 431 616 209 
680 437 619 210 
684 442 624 212 
690 448 632 212 
695 451 641 214 
696 456 646 216 
703 461 652 219 
709 463 657 220 
719 468 661 222 
723 471 664 225 
729 472 667 228 
736 480 673 229 
740 482 675 230 
745 490 681 232 
751 493 682 234 
755 496 688 235 
758 501 692 238 
763 507 701 240 
770 509 708 241 
775 515 716 245 
781 518 721 247 
788 522 727 249 
795 522 733 250 
799 527 737 252 
803 529 741 253 
812 532 746 256 
819 538 746 256 
829 540 755 260 
838 541 756 264 
841 542 762 264 
844 544 764 266 
847 546 771 269 
852 550 778 269 
857 555 781 270 
863 559 792 272 
865 562 799 273 
870 566 810 273 
876 567 812 275 
881 570 819 276 
885 573 825 279 
889 580 826 280 
892 583 831 282 
897 584 839 284 
905 595 841 287 
914 600 851 293 
921 608 853 295 
931 611 859 296 
933 617 863 297 
935 621 869 299 
940 622 875 301 
945 626 882 304 
952 629 886 306 
956 635 894 310 
958 637 897 310 
969 639 902 311 
978 641 911 314 
985 643 920 316 
994 649 924 317 
1001 656 931 319 
1008 661 935 319 
1011 663 941 324 
1016 668 945 327 
1019 672 948 329 
1025 678 956 329 
1030 682 963 329 
1034 687 973 332 
1039 693 981 333 
1043 696 990 335 
1049 699 994 337 
1056 702 1001 337 
1060 705 1007 338 
1068 711 1009 339 
1074 715 1011 341 
1082 718 1016 343 
1085 722 1021 348 
1093 726 1026 349 
1097 730 1034 350 
1104 734 1040 353 
1112 737 1041 353 
1114 742 1045 357 
1118 746 1046 358 
1124 750 1053 360 
1136 754 1058 362 
1143 756 1064 365 
1149 759 1068 366 
1155 764 1072 369 
1158 768 1078 369 
1160 771 1081 370 
1166 774 1085 372 
1173 777 1090 372 
1182 784 1099 374 
1187 787 1105 374 
1191 788 1110 376 
1196 795 1116 377 
1200 798 1121 380 
1203 805 1124 382 
1209 815 1128 382 
1218 819 1137 385 
1229 822 1141 385 
1234 828 1147 392 
1238 831 1151 394 
1242 839 1157 396 
1249 844 1159 396 
1256 851 1166 399 
1263 858 1170 402 
1267 862 1177 404 
1272 863 1183 405 
1284 869 1188 407 
1288 873 1194 407 
1294 880 1198 408 
1301 887 1201 410 
1304 890 1205 413 
1309 896 1208 414 
1314 901 1211 414 
1318 903 1214 414 
1325 909 1217 418 
1333 914 1221 420 
1336 917 1227 422 
1342 922 1234 424 
1344 927 1239 427 
1349 929 1243 428 
1355 933 1248 429 
1364 939 1253 429 
1373 941 1258 429 
1377 946 1261 433 
1379 952 1265 433 
1384 953 1272 434 
1391 961 1277 435 
1395 966 1283 436 
1400 970 1288 438 
1409 978 1295 440 
1413 981 1300 442 
1416 983 1302 444 
1424 986 1305 445 
1432 989 1313 448 
1440 992 1319 449 
1447 997 1321 452 
1459 1004 1327 454 
1461 1010 1333 455 
1471 1011 1342 456 
1482 1013 1348 456 
1487 1019 1354 456 
1493 1024 1361 457 
1499 1027 1366 457 
1504 1030 1371 458 
1508 1034 1380 460 
1513 1035 1384 463 
1518 1042 1391 464 
1522 1043 1397 466 
1526 1045 1401 470 
1531 1045 1405 472 
1535 1048 1408 474 
1547 1052 1413 477 
1555 1056 1418 480 
1559 1061 1421 481 
1563 1061 1423 482 
1569 1067 1432 484 
1574 1072 1436 486 
1581 1074 1441 491 
1586 1079 1445 494 
1589 1084 1451 497 
1593 1088 1456 499 
1597 1094 1461 501 
1604 1099 1470 504 
1610 1100 1476 504 
1615 1104 1480 506 
1619 1107 1482 506 
1626 1110 1485 507 
1630 1110 1490 509 
1634 1111 1493 510 
1641 1113 1498 513 
1645 1115 1503 513 
1652 1118 1509 516 
1654 1122 1517 522 
1658 1125 1525 524 
1665 1130 1529 527 
1668 1136 1538 529 
1675 1140 1540 532 
1679 1143 1544 534 
1686 1144 1547 534 
1695 1150 1553 537 
1704 1155 1560 538 
1709 1163 1566 542 
1716 1169 1567 544 
1719 1172 1576 544 
1727 1180 1585 546 
1732 1185 1588 546 
1737 1192 1593 547 
1741 1194 1599 549 
1747 1198 1605 549 
1753 1200 1615 554 
1757 1204 1619 557 
1765 1207 1624 557 
1769 1211 1632 561 
1774 1214 1636 565 
1775 1217 1641 567 
1783 1223 1645 570 
1786 1225 1648 571 
1792 1229 1654 571 
1795 1233 1660 572 
1805 1235 1664 575 
1808 1240 1667 578 
1817 1243 1675 579 
1826 1248 1683 580 
1830 1249 1686 582 
1834 1253 1689 584 
1847 1257 1695 586 
1857 1262 1703 587 
1865 1265 1709 588 
1867 1269 1712 590 
1879 1278 1715 592 
1884 1281 1719 593 
1889 1282 1723 594 
1896 1287 1728 596 
1903 1289 1733 597 
1909 1293 1738 599 
1917 1297 1741 601 
1922 1300 1745 602 
1930 1302 1752 605 
1937 1305 1763 606 
1942 1309 1765 607 
1948 1312 1768 607 
1953 1319 1774 609 
1955 1322 1781 614 
1961 1328 1784 616 
1966 1334 1787 618 
1972 1339 1794 619 
1978 1341 1803 619 
1985 1348 1809 622 
1988 1350 1814 625 
1994 1354 1817 626 
2000 1358 1822 629 
2006 1361 1825 631 
2009 1365 1828 633 
2012 1368 1834 635 
2016 1371 1840 639 
2024 1377 1848 639 
2030 1380 1849 641 
2034 1383 1854 641 
2040 1386 1859 644 
2042 1390 1862 644 
2049 1391 1873 644 
2057 1393 1878 645 
2064 1394 1883 646 
2072 1398 1886 646 
2077 1404 1896 648 
2084 1404 1899 649 
2091 1404 1901 649 
2098 1407 1906 650 
2103 1412 1907 650 
2109 1420 1912 652 
2117 1422 1921 652 
2122 1423 1926 654 
2129 1426 1933 657 
2134 1429 1938 659 
2137 1433 1944 661 
2144 1439 1949 664 
2151 1440 1953 666 
2162 1446 1955 668 
2169 1451 1957 668 
2174 1454 1964 670 
2179 1459 1967 672 
2186 1466 1977 672 
2191 1469 1984 672 
2194 1475 1989 677 
2201 1477 1995 679 
2205 1482 1999 683 
2212 1485 2001 685 
2216 1490 2010 685 
2219 1494 2013 687 
2226 1499 2019 688 
2232 1504 2025 689 
2239 1506 2032 693 
2244 1512 2039 696 
2249 1517 2047 698 
2257 1520 2049 698 
2262 1522 2051 700 
2265 1523 2055 701 
2269 1525 2059 703 
2273 1527 2063 704 
2276 1532 2065 704 
2279 1535 2073 709 
2283 1537 2080 709 
2284 1541 2087 714 
2291 1546 2092 714 
2296 1550 2095 715 
2301 1554 2099 717 
2306 1557 2103 718 
2310 1562 2112 723 
2318 1564 2113 725 
2322 1569 2115 730 
2327 1573 2122 732 
2328 1574 2128 737 
2332 1578 2134 737 
2339 1580 2137 741 
2346 1582 2144 741 
2350 1584 2153 744 
2352 1585 2157 746 
2356 1586 2161 747 
2363 1590 2164 748 
2370 1594 2167 750 
2375 1598 2176 752 
2379 1604 2182 752 
2383 1608 2191 752 
2389 1609 2198 754 
2394 1613 2206 759 
2396 1616 2213 759 
2399 1617 2218 761 
2402 1620 2221 762 
2411 1626 2227 762 
2418 1627 2232 763 
2422 1630 2239 763 
2427 1633 2243 767 
2429 1638 2245 767 
2431 1641 2250 770 
2441 1645 2258 773 
2443 1648 2262 776 
2443 1653 2266 778 
2448 1656 2274 778 
2454 1659 2280 782 
2464 1664 2285 783 
2469 1670 2288 787 
2476 1674 2296 789 
2480 1677 2300 793 
2486 1681 2304 795 
2490 1683 2312 798 
2495 1685 2319 800 
2502 1690 2324 802 
2508 1693 2327 805 
2513 1698 2329 807 
2519 1699 2330 811 
2529 1704 2331 812 
2536 1708 2333 816 
2540 1713 2338 819 
2545 1715 2344 823 
2551 1716 2354 827 
2553 1724 2360 829 
2556 1729 2364 829 
2563 1729 2370 831 
2567 1733 2374 832 
2575 1736 2376 837 
2578 1740 2382 839 
2579 1741 2389 844 
2584 1745 2396 845 
2591 1751 2401 847 
2600 1758 2407 852 
2605 1765 2412 855 
2606 1767 2416 860 
2608 1773 2420 865 
2609 1775 2424 867 
2610 1778 2431 868 
2620 1781 2438 868 
2627 1786 2446 871 
2636 1792 2451 873 
2638 1796 2457 873 
2644 1800 2462 876 
2648 1810 2471 879 
2654 1813 2477 883 
2662 1813 2482 884 
2666 1815 2489 885 
2668 1821 2493 887 
2672 1822 2497 889 
2679 1828 2504 891 
2685 1831 2510 892 
2690 1834 2517 892 
2694 1840 2524 893 
2699 1845 2529 895 
2701 1846 2537 896 
2710 1848 2542 898 
2716 1849 2548 905 
2716 1852 2551 907 
2720 1856 2558 909 
2726 1860 2565 909 
2733 1867 2569 909 
2735 1875 2574 913 
2744 1881 2577 914 
2748 1885 2580 915 
2752 1888 2586 916 
2755 1891 2588 918 
2762 1894 2589 918 
2769 1902 2597 922 
2781 1903 2602 925 
2786 1908 2606 928 
2792 1912 2612 928 
2796 1914 2621 928 
2799 1920 2623 932 
2806 1925 2626 934 
2808 1930 2632 937 
2812 1936 2635 937 
2816 1943 2637 940 
2821 1945 2645 942 
2830 1950 2647 945 
2833 1952 2652 948 
2837 1954 2659 950 
2841 1959 2665 952 
2843 1962 2672 955 
2845 1967 2672 956 
2850 1971 2675 957 
2854 1977 2683 958 
2857 1984 2691 960 
2867 1988 2699 964 
2873 1994 2706 967 
2876 1996 2710 969 
2879 2000 2715 970 
2886 2004 2719 971 
2890 2009 2723 972 
2891 2012 2727 974 
2896 2023 2737 974 
2900 2023 2747 974 
2909 2025 2750 975 
2913 2032 2753 979 
2916 2035 2756 982 
2922 2039 2760 984 
2923 2041 2767 987 
2928 2043 2771 988 
2933 2047 2773 988 
2936 2048 2781 988 
2943 2053 2790 989 
2949 2055 2796 990 
2956 2061 2802 996 
2960 2066 2810 998 
2963 2069 2814 1002 
2963 2072 2826 1003 
2967 2074 2831 1003 
2972 2077 2837 1004 
2977 2079 2838 1005 
2981 2080 2843 1005 
2986 2083 2848 1009 
2989 2085 2858 1009 
2996 2088 2862 1009 
2999 2092 2864 1012 
3001 2093 2870 1014 
3002 2095 2874 1018 
3005 2099 2878 1021 
3011 2104 2880 1025 
3020 2107 2884 1029 
3026 2112 2888 1029 
3031 2115 2893 1031 
3035 2119 2897 1032 
3042 2120 2903 1035 
3046 2125 2906 1038 
3051 2130 2914 1041 
3055 2135 2918 1043 
3058 2139 2924 1044 
3063 2145 2928 1045 
3067 2149 2930 1050 
3076 2154 2934 1053 
3082 2154 2941 1053 
3084 2158 2946 1053 
3086 2160 2950 1053 
3090 2163 2953 1054 
3097 2164 2963 1057 
3101 2169 2969 1057 
3109 2171 2977 1058 
3118 2172 2979 1060 
3124 2175 2982 1061 
3129 2177 2996 1063 
3135 2182 3001 1065 
3137 2185 3006 1066 
3142 2188 3010 1067 
3146 2191 3016 1070 
3154 2194 3024 1071 
3162 2199 3031 1072 
3165 2204 3039 1074 
3172 2207 3044 1077 
3178 2213 3051 1079 
3182 2217 3053 1080 
3187 2218 3056 1080 
3191 2223 3060 1080 
3198 2229 3066 1081 
3201 2234 3069 1082 
3205 2236 3076 1084 
3214 2241 3082 1086 
3219 2245 3086 1090 
3225 2249 3089 1092 
3231 2254 3090 1096 
3234 2258 3094 1101 
3240 2260 3100 1102 
3246 2264 3103 1104 
3251 2268 3104 1109 
3254 2272 3109 1112 
3258 2275 3114 1114 
3262 2280 3120 1116 
3265 2282 3126 1119 
3267 2289 3130 1119 
3274 2291 3135 1123 
3281 2295 3141 1124 
3284 2299 3143 1128 
3292 2300 3146 1129 
3303 2304 3149 1132 
3304 2308 3153 1132 
3311 2311 3160 1134 
3321 2311 3163 1138 
3323 2316 3166 1140 
3335 2319 3169 1144 
3343 2321 3171 1149 
3350 2323 3175 1150 
3355 2327 3181 1152 
3362 2328 3183 1155 
3365 2331 3190 1156 
3370 2333 3197 1160 
3373 2339 3199 1160 
3380 2343 3205 1160 
3384 2346 3213 1160 
3389 2347 3217 1163 
3394 2350 3220 1163 
3401 2353 3227 1164 
3404 2360 3238 1165 
3410 2366 3246 1169 
3417 2371 3251 1171 
3421 2375 3254 1173 
3426 2379 3257 1176 
3429 2384 3263 1178 
3436 2392 3268 1178 
3440 2401 3275 1179 
3449 2406 3283 1180 
3455 2409 3286 1184 
3464 2415 3290 1184 
3469 2418 3299 1185 
3475 2424 3304 1188 
3483 2427 3313 1191 
3487 2430 3318 1195 
3493 2432 3325 1195 
3498 2433 3333 1199 
3501 2436 3336 1201 
3511 2438 3344 1204 
3519 2441 3350 1208 
3522 2443 3355 1209 
3525 2446 3359 1209 
3531 2449 3363 1213 
3539 2458 3370 1213 
3543 2461 3372 1215 
3549 2468 3379 1218 
3555 2471 3388 1218 
3561 2475 3398 1221 
3566 2481 3401 1222 
3571 2486 3407 1222 
3578 2490 3409 1224 
3581 2493 3411 1224 
3582 2498 3420 1226 
3590 2503 3424 1227 
3595 2505 3428 1229 
3597 2507 3432 1231 
3602 2511 3437 1236 
3608 2514 3443 1238 
3610 2520 3452 1239 
3613 2524 3457 1241 
3615 2528 3462 1243 
3619 2532 3469 1246 
3631 2533 3474 1248 
3635 2535 3483 1252 
3640 2538 3488 1254 
3642 2541 3493 1255 
3650 2545 3498 1255 
3655 2548 3503 1257 
3663 2552 3506 1259 
3668 2557 3516 1260 
3670 2563 3523 1261 
3676 2567 3528 1265 
3680 2571 3532 1269 
3685 2574 3539 1270 
3690 2579 3542 1272 
3696 2583 3549 1275 
3702 2586 3553 1276 
3707 2588 3556 1281 
3710 2593 3559 1283 
3714 2600 3566 1285 
3718 2609 3568 1289 
3726 2612 3577 1292 
3729 2614 3580 1293 
3735 2615 3585 1297 
3740 2620 3590 1303 
3745 2624 3591 1303 
3751 2628 3598 1306 
3759 2632 3604 1307 
3768 2639 3607 1309 
3777 2644 3620 1309 
3783 2649 3623 1311 
3786 2652 3628 1313 
3790 2654 3630 1316 
3795 2656 3631 1316 
3805 2658 3638 1317 
3806 2664 3642 1322 
3809 2665 3648 1323 
3810 2670 3653 1325 
3811 2677 3659 1327 
3816 2680 3664 1328 
3822 2682 3672 1330 
3833 2686 3678 1332 
3837 2690 3681 1337 
3844 2694 3687 1339 
3847 2697 3692 1340 
3856 2703 3699 1343 
3861 2706 3706 1345 
3866 2714 3708 1349 
3870 2719 3713 1353 
3875 2725 3719 1353 
3882 2728 3722 1353 
3885 2731 3725 1355 
3891 2734 3732 1357 
3895 2738 3735 1360 
3900 2743 3740 1363 
3906 2747 3746 1368 
3908 2749 3752 1372 
3912 2753 3757 1375 
3917 2756 3760 1380 
3923 2759 3771 1381 
3926 2761 3776 1385 
3930 2766 3780 1385 
3937 2770 3783 1386 
3941 2772 3787 1392 
3945 2774 3793 1393 
3952 2775 3801 1395 
3960 2779 3809 1396 
3960 2783 3814 1399 
3964 2787 3817 1401 
3971 2789 3823 1402 
3973 2799 3827 1405 
3980 2803 3829 1407 
3985 2805 3833 1411 
3997 2813 3834 1414 
4003 2817 3837 1416 
4009 2818 3841 1416 
4015 2823 3848 1421 
4021 2826 3851 1423 
4030 2831 3860 1426 
4037 2833 3864 1427 
4041 2834 3865 1431 
4052 2841 3868 1432 
4057 2843 3873 1432 
4059 2846 3880 1435 
4065 2849 3885 1436 
4076 2851 3888 1439 
4082 2855 3890 1442 
4087 2859 3891 1443 
4095 2862 3894 1445 
4103 2867 3902 1445 
4109 2875 3907 1447 
4117 2878 3914 1449 
4122 2880 3918 1450 
4133 2890 3922 1450 
4135 2892 3931 1453 
4141 2898 3936 1454 
4146 2901 3943 1455 
4153 2902 3949 1457 
4157 2905 3951 1459 
4161 2908 3956 1462 
4172 2911 3961 1463 
4177 2917 3969 1465 
4186 2919 3977 1467 
4190 2922 3984 1468 
4200 2923 3987 1470 
4208 2927 3990 1472 
4211 2928 3997 1473 
4215 2931 4005 1475 
4225 2937 4010 1475 
4234 2939 4017 1477 
4235 2944 4019 1479 
4241 2947 4026 1480 
4248 2950 4034 1481 
4256 2955 4040 1482 
4260 2958 4046 1484 
4263 2960 4048 1484 
4267 2962 4057 1487 
4272 2966 4063 1488 
4279 2973 4071 1489 
4285 2975 4075 1491 
4289 2979 4078 1496 
4292 2988 4083 1500 
4297 2992 4087 1501 
4299 2998 4094 1501 
4301 3005 4101 1503 
4308 3009 4105 1507 
4313 3012 4109 1507 
4314 3017 4112 1507 
4321 3025 4118 1509 
4324 3026 4123 1514 
4329 3032 4129 1515 
4335 3032 4134 1517 
4341 3037 4138 1519 
4347 3040 4141 1520 
4350 3041 4145 1521 
4355 3041 4149 1523 
4361 3046 4156 1527 
4364 3049 4157 1528 
4370 3052 4160 1530 
4377 3055 4165 1532 
4386 3058 4172 1535 
4391 3059 4176 1535 
4399 3064 4180 1536 
4406 3067 4188 1539 
4412 3072 4195 1540 
4414 3075 4198 1542 
4421 3075 4201 1544 
4427 3078 4207 1547 
4433 3082 4211 1551 
4439 3087 4218 1555 
4445 3094 4223 1556 
4449 3100 4227 1558 
4456 3104 4232 1559 
4464 3110 4240 1562 
4470 3118 4243 1562 
4478 3125 4249 1567 
4484 3129 4253 1568 
4490 3132 4263 1569 
4492 3137 4265 1572 
4495 3140 4275 1573 
4505 3141 4280 1575 
4511 3144 4289 1579 
4518 3150 4297 1581 
4520 3155 4300 1585 
4522 3157 4307 1587 
4527 3162 4310 1588 
4537 3169 4312 1590 
4539 3175 4319 1591 
4547 3180 4324 1596 
4551 3181 4329 1597 
4555 3186 4337 1599 
4560 3191 4343 1602 
4564 3196 4352 1602 
4572 3201 4360 1603 
4576 3207 4366 1605 
4580 3209 4369 1606 
4586 3213 4373 1608 
4589 3215 4378 1612 
4600 3221 4382 1613 
4603 3224 4389 1614 
4607 3230 4395 1615 
4614 3235 4402 1617 
4615 3238 4409 1618 
4619 3241 4416 1623 
4627 3244 4422 1624 
4638 3252 4426 1626 
4641 3257 4428 1627 
4645 3263 4434 1629 
4650 3271 4443 1631 
4657 3275 4445 1635 
4661 3279 4449 1637 
4665 3284 4460 1637 
4669 3287 4466 1638 
4677 3294 4473 1638 
4682 3300 4477 1639 
4687 3301 4485 1641 
4692 3305 4490 1644 
4697 3307 4496 1644 
4703 3308 4505 1646 
4710 3311 4511 1650 
4714 3318 4519 1651 
4717 3325 4524 1653 
4718 3328 4528 1657 
4724 3336 4536 1657 
4727 3347 4540 1657 
4731 3353 4548 1660 
4734 3355 4552 1660 
4738 3357 4557 1661 
4744 3359 4559 1665 
4747 3362 4564 1666 
4753 3365 4570 1668 
4760 3368 4575 1670 
4766 3370 4581 1672 
4775 3374 4584 1673 
4781 3379 4590 1674 
4785 3383 4596 1674 
4789 3386 4596 1675 
4792 3393 4600 1676 
4798 3394 4606 1678 
4809 3394 4612 1678 
4822 3401 4620 1682 
4834 3403 4624 1684 
4839 3409 4632 1684 
4844 3413 4642 1687 
4848 3415 4649 1689 
4850 3419 4654 1691 
4855 3423 4659 1692 
4860 3429 4662 1695 
4873 3434 4665 1696 
4876 3439 4670 1701 
4879 3443 4678 1701 
4884 3448 4682 1703 
4891 3451 4687 1705 
4894 3453 4691 1707 
4903 3459 4694 1707 
4910 3464 4701 1709 
4916 3468 4705 1709 
4923 3470 4708 1710 
4929 3474 4710 1712 
4935 3482 4711 1712 
4940 3484 4715 1714 
4944 3493 4718 1716 
4948 3501 4722 1719 
4952 3506 4726 1724 
4954 3514 4729 1724 
4958 3518 4735 1728 
4962 3524 4744 1731 
4969 3528 4753 1731 
4974 3532 4763 1733 
4978 3535 4769 1735 
4986 3538 4776 1737 
4990 3543 4777 1737 
4997 3546 4785 1738 
5006 3550 4788 1740 
5012 3552 4791 1742 
5014 3556 4804 1743 
5020 3560 4811 1746 
5024 3571 4819 1747 
5029 3573 4823 1748 
5033 3575 4827 1749 
5040 3579 4839 1753 
5049 3581 4844 1755 
5054 3584 4850 1755 
5063 3588 4854 1758 
5071 3591 4858 1759 
5073 3595 4863 1764 
5081 3598 4872 1766 
5087 3600 4873 1768 
5090 3605 4876 1771 
5097 3608 4877 1773 
5101 3609 4880 1779 
5105 3615 4886 1781 
5110 3617 4892 1781 
5121 3622 4901 1783 
5130 3631 4906 1784 
5138 3633 4913 1785 
5144 3637 4918 1787 
5155 3641 4925 1792 
5165 3644 4934 1794 
5167 3651 4940 1796 
5170 3656 4944 1797 
5174 3659 4950 1799 
5182 3662 4960 1803 
5184 3665 4971 1804 
5190 3671 4979 1806 
5196 3675 4987 1807 
5202 3680 4994 1809 
5210 3685 5001 1810 
5214 3686 5007 1815 
5218 3691 5016 1815 
5220 3693 5019 1815 
5227 3694 5025 1815 
5231 3699 5029 1818 
5233 3704 5040 1821 
5239 3705 5047 1821 
5241 3710 5054 1823 
5248 3713 5059 1824 
5255 3717 5068 1825 
5262 3718 5073 1826 
5267 3721 5076 1830 
5274 3725 5081 1832 
5276 3730 5085 1836 
5285 3734 5098 1837 
5291 3741 5103 1839 
5294 3745 5111 1840 
5295 3749 5119 1841 
5299 3751 5123 1843 
5305 3754 5129 1844 
5307 3759 5135 1847 
5312 3761 5142 1848 
5317 3765 5153 1848 
5320 3768 5160 1850 
5329 3772 5163 1851 
5333 3778 5167 1854 
5341 3779 5171 1854 
5349 3783 5175 1854 
5349 3787 5182 1855 
5353 3789 5187 1857 
5356 3796 5193 1857 
5361 3799 5196 1859 
5368 3800 5200 1860 
5371 3804 5208 1862 
5377 3807 5213 1865 
5383 3810 5217 1865 
5386 3811 5224 1865 
5392 3819 5231 1867 
5398 3823 5240 1868 
5399 3827 5244 1869 
5404 3829 5251 1870 
5408 3833 5257 1871 
5417 3836 5259 1872 
5421 3838 5264 1873 
5426 3839 5273 1873 
5434 3843 5282 1875 
5442 3848 5288 1878 
5446 3852 5293 1880 
5456 3855 5303 1880 
5459 3860 5311 1881 
5462 3861 5317 1885 
5464 3865 5322 1886 
5469 3868 5326 1889 
5477 3869 5332 1889 
5481 3874 5339 1890 
5490 3878 5347 1893 
5496 3884 5354 1894 
5506 3888 5359 1895 
5512 3894 5361 1897 
5518 3899 5367 1897 
5522 3904 5371 1900 
5526 3906 5377 1902 
5532 3908 5379 1902 
5538 3914 5387 1903 
5546 3918 5395 1905 
5551 3918 5400 1909 
5559 3926 5407 1913 
5564 3928 5412 1913 
5574 3936 5415 1916 
5574 3940 5421 1917 
5582 3942 5423 1918 
5586 3947 5429 1919 
5591 3949 5433 1921 
5600 3951 5437 1923 
5604 3955 5441 1925 
5608 3962 5445 1926 
5613 3964 5453 1927 
5621 3969 5460 1928 
5630 3972 5472 1928 
5633 3979 5475 1931 
5638 3984 5477 1931 
5645 3987 5480 1932 
5652 3989 5489 1937 
5658 3992 5492 1937 
5661 3996 5498 1939 
5665 3999 5503 1941 
5672 4003 5507 1943 
5677 4010 5516 1944 
5682 4018 5523 1945 
5687 4021 5528 1946 
5692 4027 5533 1950 
5693 4030 5538 1950 
5702 4036 5544 1953 
5707 4040 5548 1953 
5717 4044 5548 1956 
5729 4044 5551 1958 
5736 4049 5556 1962 
5745 4053 5560 1964 
5745 4055 5561 1967 
5748 4059 5566 1969 
5757 4062 5571 1971 
5762 4064 5576 1974 
5767 4070 5580 1975 
5770 4072 5586 1976 
5775 4078 5590 1976 
5780 4081 5595 1979 
5785 4084 5599 1981 
5789 4089 5601 1982 
5792 4091 5606 1984 
5798 4093 5613 1986 
5803 4096 5620 1992 
5812 4100 5626 1994 
5817 4104 5636 1998 
5822 4105 5642 2000 
5827 4109 5650 2002 
5833 4113 5655 2003 
5838 4117 5656 2004 
5843 4124 5663 2006 
5847 4127 5665 2009 
5853 4131 5665 2012 
5859 4137 5667 2015 
5864 4140 5671 2015 
5867 4144 5676 2019 
5872 4150 5679 2024 
5876 4155 5681 2028 
5882 4159 5687 2030 
5886 4163 5692 2033 
5891 4163 5696 2033 
5899 4165 5706 2035 
5902 4169 5706 2035 
5906 4172 5711 2037 
5909 4176 5718 2037 
5911 4177 5725 2037 
5918 4184 5732 2039 
5924 4188 5736 2040 
5926 4194 5739 2045 
5932 4200 5746 2048 
5940 4204 5751 2049 
5944 4205 5759 2051 
5947 4209 5762 2053 
5952 4212 5770 2056 
5959 4218 5775 2057 
5962 4222 5780 2057 
5968 4229 5786 2058 
5971 4236 5791 2061 
5981 4238 5798 2062 
5987 4243 5800 2065 
5992 4245 5807 2066 
6001 4248 5815 2069 
6006 4252 5822 2070 
6014 4254 5826 2072 
6020 4260 5829 2072 
6024 4263 5835 2073 
6032 4267 5839 2074 
6036 4270 5844 2075 
6041 4274 5852 2078 
6046 4276 5856 2080 
6049 4282 5864 2081 
6054 4287 5867 2083 
6062 4291 5875 2084 
6066 4296 5880 2086 
6068 4301 5887 2089 
6072 4306 5892 2090 
6079 4310 5902 2095 
6086 4315 5908 2096 
6091 4322 5915 2100 
6095 4325 5921 2102 
6101 4332 5928 2106 
6107 4336 5933 2106 
6112 4336 5939 2107 
6116 4339 5947 2108 
6122 4343 5954 2110 
6124 4349 5958 2110 
6134 4356 5961 2113 
6138 4359 5966 2114 
6144 4363 5971 2118 
6145 4365 5975 2122 
6148 4370 5979 2123 
6151 4374 5986 2126 
6154 4381 5991 2127 
6163 4382 6000 2131 
6166 4385 6004 2134 
6168 4396 6013 2137 
6170 4399 6019 2139 
6178 4400 6026 2140 
6185 4404 6030 2142 
6194 4411 6035 2144 
6195 4413 6037 2147 
6199 4416 6047 2149 
6207 4419 6055 2152 
6208 4423 6059 2156 
6215 4426 6063 2156 
6220 4428 6068 2160 
6223 4433 6074 2164 
6227 4433 6083 2164 
6231 4438 6090 2164 
6235 4441 6098 2165 
6243 4445 6106 2165 
6247 4448 6111 2167 
6252 4453 6113 2169 
6259 4457 6120 2172 
6262 4463 6128 2173 
6263 4466 6136 2174 
6269 4472 6142 2176 
6275 4475 6149 2176 
6279 4479 6151 2177 
6283 4481 6158 2180 
6287 4485 6161 2185 
6292 4486 6169 2187 
6298 4492 6171 2189 
6303 4495 6178 2190 
6307 4497 6181 2191 
6311 4503 6182 2192 
6317 4513 6189 2196 
6320 4521 6193 2196 
6326 4523 6195 2196 
6330 4525 6201 2197 
6333 4531 6207 2198 
6344 4536 6212 2202 
6347 4541 6214 2208 
6351 4549 6218 2209 
6358 4552 6223 2210 
6362 4556 6230 2211 
6367 4562 6238 2213 
6370 4564 6244 2215 
6377 4566 6249 2215 
6385 4570 6257 2217 
6391 4572 6262 2219 
6400 4575 6268 2220 
6404 4580 6271 2223 
6407 4586 6275 2224 
6416 4590 6278 2225 
6421 4595 6281 2227 
6426 4600 6285 2229 
6432 4605 6287 2230 
6436 4614 6294 2231 
6441 4616 6303 2233 
6445 4618 6306 2237 
6453 4622 6314 2239 
6458 4630 6320 2239 
6461 4632 6327 2239 
6467 4633 6335 2241 
6477 4635 6339 2241 
6483 4640 6346 2242 
6488 4645 6351 2244 
6495 4650 6355 2248 
6500 4654 6358 2252 
6504 4660 6361 2253 
6511 4664 6365 2253 
6516 4670 6370 2257 
6525 4674 6382 2258 
6530 4675 6386 2260 
6536 4676 6388 2261 
6540 4680 6394 2264 
6544 4683 6400 2267 
6547 4684 6405 2271 
6554 4687 6412 2273 
6559 4692 6420 2274 
6563 4695 6431 2275 
6570 4698 6434 2276 
6577 4703 6440 2279 
6580 4708 6446 2284 
6586 4710 6450 2287 
6594 4716 6457 2287 
6597 4722 6465 2288 
6601 4725 6474 2289 
6606 4729 6481 2291 
6609 4734 6488 2292 
6615 4739 6495 2293 
6624 4745 6502 2294 
6627 4758 6508 2295 
6631 4760 6514 2299 
6636 4760 6522 2300 
6644 4763 6527 2300 
6651 4766 6530 2301 
6655 4770 6537 2302 
6658 4772 6547 2305 
6666 4778 6555 2307 
6670 4781 6564 2310 
6679 4790 6567 2312 
6682 4796 6569 2312 
6688 4803 6576 2313 
6694 4809 6583 2317 
6698 4810 6587 2317 
6703 4814 6594 2321 
6707 4817 6600 2323 
6712 4819 6608 2325 
6716 4827 6615 2328 
6724 4835 6619 2330 
6727 4839 6620 2330 
6732 4842 6624 2331 
6737 4849 6627 2332 
6742 4851 6630 2335 
6747 4856 6635 2337 
6750 4856 6640 2339 
6755 4858 6649 2340 
6761 4865 6654 2343 
6767 4868 6664 2344 
6771 4870 6669 2345 
6783 4874 6674 2349 
6788 4880 6680 2349 
6802 4883 6690 2350 
6807 4885 6697 2352 
6814 4887 6703 2352 
6819 4892 6710 2355 
6821 4898 6715 2359 
6825 4905 6720 2359 
6827 4910 6727 2360 
6831 4916 6737 2363 
6839 4920 6742 2365 
6844 4921 6750 2367 
6847 4925 6757 2369 
6855 4932 6764 2372 
6861 4938 6772 2376 
6864 4943 6778 2376 
6868 4951 6786 2379 
6871 4957 6793 2381 
6878 4964 6797 2382 
6882 4967 6799 2386 
6887 4973 6806 2388 
6895 4978 6813 2390 
6902 4981 6816 2392 
6908 4982 6819 2395 
6915 4988 6822 2396 
6920 4999 6826 2401 
6923 5004 6830 2403 
6930 5010 6839 2405 
6933 5015 6843 2409 
6940 5017 6847 2411 
6946 5021 6851 2415 
6954 5024 6855 2417 
6959 5029 6859 2420 
6965 5033 6867 2421 
6971 5035 6871 2422 
6974 5042 6878 2422 
6978 5044 6882 2424 
6983 5049 6886 2429 
6986 5053 6892 2432 
6995 5056 6898 2434 
7000 5059 6902 2434 
7006 5062 6903 2436 
7012 5064 6910 2438 
7014 5066 6917 2439 
7018 5071 6922 2441 
7023 5076 6926 2443 
7029 5080 6934 2448 
7034 5084 6940 2453 
7042 5088 6947 2453 
7043 5091 6955 2456 
7048 5095 6964 2458 
7055 5096 6967 2460 
7057 5099 6972 2464 
7062 5104 6974 2467 
7069 5107 6976 2469 
7073 5111 6981 2470 
7080 5117 6985 2473 
7085 5122 6990 2474 
7092 5128 6996 2477 
7096 5131 7005 2479 
7101 5138 7006 2479 
7103 5142 7008 2483 
7113 5146 7012 2486 
7125 5147 7014 2486 
7132 5151 7019 2488 
7137 5158 7026 2491 
7143 5164 7031 2492 
7147 5169 7039 2494 
7150 5176 7042 2496 
7155 5180 7050 2498 
7160 5185 7061 2501 
7165 5191 7064 2503 
7168 5192 7069 2505 
7173 5197 7075 2507 
7177 5200 7080 2509 
7185 5204 7083 2510 
7193 5208 7088 2513 
7199 5210 7092 2516 
7205 5217 7098 2517 
7212 5218 7106 2520 
7217 5222 7108 2520 
7223 5225 7113 2522 
7230 5232 7122 2527 
7235 5236 7130 2529 
7238 5240 7138 2531 
7241 5245 7146 2532 
7251 5249 7155 2532 
7263 5251 7159 2533 
7274 5254 7167 2533 
7276 5259 7174 2534 
7280 5266 7180 2536 
7281 5273 7187 2537 
7287 5278 7190 2539 
7294 5283 7201 2541 
7297 5285 7213 2542 
7298 5289 7221 2544 
7302 5291 7228 2544 
7306 5294 7233 2546 
7309 5299 7238 2547 
7313 5304 7245 2548 
7317 5307 7252 2550 
7323 5310 7257 2552 
7325 5316 7262 2554 
7335 5318 7268 2557 
7340 5322 7277 2558 
7343 5328 7282 2559 
7347 5335 7287 2560 
7352 5338 7290 2560 
7357 5342 7301 2563 
7362 5347 7310 2564 
7365 5351 7316 2566 
7376 5355 7326 2566 
7380 5362 7336 2566 
7383 5365 7342 2568 
7385 5367 7352 2569 
7388 5369 7356 2570 
7393 5373 7362 2573 
7394 5382 7368 2577 
7399 5386 7373 2578 
7403 5389 7379 2580 
7405 5392 7388 2582 
7409 5396 7395 2582 
7412 5399 7400 2584 
7419 5399 7404 2586 
7424 5404 7408 2592 
7430 5408 7412 2594 
7437 5413 7421 2595 
7444 5426 7428 2597 
7451 5429 7433 2599 
7460 5433 7436 2601 
7466 5438 7443 2601 
7474 5444 7446 2602 
7482 5450 7454 2605 
7490 5455 7456 2608 
7496 5457 7459 2610 
7500 5457 7460 2611 
7506 5458 7467 2612 
7514 5460 7471 2614 
7520 5464 7476 2616 
7525 5469 7487 2619 
7528 5475 7492 2623 
7532 5480 7499 2624 
7537 5485 7508 2627 
7541 5487 7511 2628 
7544 5490 7518 2629 
7551 5493 7525 2631 
7557 5498 7528 2633 
7563 5503 7535 2633 
7565 5508 7544 2635 
7570 5515 7549 2636 
7576 5519 7554 2640 
7583 5519 7561 2643 
7588 5523 7566 2644 
7593 5530 7568 2647 
7600 5534 7574 2655 
7604 5535 7577 2656 
7608 5538 7583 2658 
7611 5541 7593 2661 
7617 5549 7596 2663 
7625 5556 7602 2664 
7631 5558 7606 2667 
7636 5561 7613 2669 
7640 5564 7621 2671 
7643 5569 7626 2673 
7647 5571 7631 2673 
7652 5577 7640 2674 
7659 5583 7645 2674 
7662 5588 7649 2675 
7671 5594 7654 2675 
7677 5596 7661 2675 
7679 5599 7668 2676 
7685 5605 7674 2676 
7687 5609 7676 2678 
7691 5612 7687 2681 
7696 5616 7692 2682 
7702 5621 7695 2687 
7705 5627 7699 2690 
7711 5637 7707 2691 
7717 5642 7712 2695 
7720 5647 7717 2696 
7726 5657 7717 2701 
7733 5664 7722 2702 
7739 5669 7727 2706 
7743 5674 7730 2708 
7748 5679 7732 2709 
7755 5684 7737 2711 
7762 5693 7741 2714 
7767 5699 7748 2716 
7770 5701 7753 2716 
7774 5705 7760 2717 
7781 5708 7767 2722 
7787 5710 7775 2724 
7789 5710 7781 2725 
7797 5718 7784 2725 
7801 5720 7790 2727 
7809 5723 7794 2729 
7813 5730 7801 2732 
7818 5734 7809 2736 
7820 5738 7812 2739 
7824 5739 7820 2740 
7831 5742 7824 2741 
7839 5744 7830 2741 
7841 5747 7833 2742 
7849 5754 7838 2744 
7855 5759 7842 2745 
7865 5761 7844 2747 
7871 5761 7849 2749 
7876 5765 7850 2753 
7884 5768 7859 2754 
7888 5770 7863 2754 
7892 5771 7866 2756 
7900 5776 7875 2757 
7907 5783 7880 2762 
7912 5785 7891 2762 
7917 5787 7900 2764 
7926 5789 7908 2768 
7933 5790 7913 2768 
7939 5792 7920 2770 
7945 5793 7925 2771 
7948 5798 7932 2771 
7956 5799 7937 2774 
7959 5805 7941 2777 
7965 5812 7950 2778 
7968 5818 7956 2778 
7973 5821 7962 2780 
7977 5826 7965 2783 
7984 5832 7971 2784 
7990 5834 7976 2788 
7995 5840 7983 2791 
8003 5842 7985 2794 
8007 5844 7992 2797 
8010 5849 7997 2798 
8017 5850 7999 2800 
8021 5852 8001 2804 
8028 5860 8005 2807 
8036 5866 8008 2811 
8040 5873 8012 2816 
8046 5875 8018 2818 
8054 5877 8022 2818 
8062 5879 8027 2821 
8068 5881 8033 2826 
8075 5884 8039 2829 
8082 5887 8047 2831 
8091 5895 8054 2834 
8097 5899 8059 2837 
8100 5906 8067 2838 
8105 5914 8069 2841 
8111 5923 8078 2842 
8119 5928 8085 2850 
8121 5930 8089 2850 
8129 5938 8095 2852 
8134 5946 8101 2855 
8139 5952 8107 2855 
8140 5956 8113 2859 
8142 5959 8117 2861 
8147 5961 8127 2862 
8158 5961 8128 2862 
8162 5967 8133 2864 
8166 5969 8144 2865 
8172 5971 8150 2867 
8176 5977 8159 2868 
8179 5979 8173 2868 
8183 5984 8178 2869 
8187 5989 8190 2869 
8190 5993 8194 2870 
8194 5995 8196 2871 
8200 5998 8202 2875 
8207 6002 8207 2878 
8211 6005 8214 2879 
8219 6009 8217 2881 
8224 6013 8220 2883 
8229 6015 8229 2886 
8232 6017 8234 2891 
8234 6021 8241 2891 
8238 6027 8249 2893 
8240 6035 8251 2895 
8244 6036 8259 2897 
8252 6042 8267 2901 
8254 6047 8274 2903 
8262 6051 8283 2909 
8264 6057 8287 2910 
8269 6062 8292 2913 
8272 6065 8298 2915 
8274 6069 8305 2916 
8279 6077 8309 2918 
8282 6084 8314 2919 
8285 6091 8324 2922 
8292 6093 8330 2922 
8297 6094 8335 2924 
8300 6099 8341 2928 
8304 6103 8348 2932 
8311 6107 8348 2936 
8313 6108 8353 2938 
8318 6112 8359 2940 
8321 6117 8366 2942 
8332 6124 8371 2949 
8334 6129 8374 2952 
8343 6135 8380 2952 
8348 6143 8388 2956 
8355 6150 8395 2960 
8362 6157 8400 2962 
8370 6163 8404 2963 
8381 6166 8412 2967 
8383 6170 8419 2969 
8390 6174 8422 2972 
8392 6179 8422 2978 
8396 6181 8428 2980 
8403 6184 8437 2981 
8411 6185 8445 2984 
8414 6192 8453 2985 
8417 6195 8459 2988 
8423 6197 8465 2990 
8429 6200 8469 2991 
8440 6203 8478 2993 
8448 6206 8481 2995 
8455 6209 8485 2999 
8463 6215 8491 2999 
8469 6224 8496 3002 
8474 6233 8503 3005 
8480 6237 8509 3005 
8486 6242 8510 3006 
8495 6247 8518 3006 
8499 6251 8522 3006 
8502 6255 8526 3009 
8508 6258 8529 3013 
8516 6259 8536 3015 
8520 6263 8544 3018 
8527 6268 8550 3020 
8531 6273 8560 3023 
8539 6279 8565 3026 
8546 6285 8571 3026 
8552 6289 8579 3032 
8555 6296 8588 3035 
8563 6299 8592 3039 
8567 6306 8598 3042 
8570 6309 8605 3043 
8575 6312 8612 3044 
8580 6317 8617 3046 
8586 6320 8622 3047 
8591 6320 8624 3048 
8598 6325 8632 3051 
8603 6330 8642 3057 
8613 6334 8646 3059 
8616 6338 8650 3060 
8626 6344 8655 3061 
8631 6345 8656 3065 
8636 6350 8661 3067 
8641 6353 8670 3067 
8651 6357 8678 3068 
8659 6362 8687 3070 
8665 6367 8693 3072 
8668 6370 8698 3072 
8680 6377 8702 3073 
8687 6380 8708 3076 
8697 6382 8714 3078 
8703 6385 8720 3078 
8709 6387 8729 3081 
8717 6393 8736 3082 
8722 6397 8743 3083 
8732 6407 8752 3084 
8734 6410 8759 3084 
8742 6416 8764 3087 
8747 6419 8771 3091 
8753 6428 8775 3092 
8763 6431 8783 3093 
8767 6433 8788 3094 
8772 6437 8793 3095 
8779 6441 8797 3097 
8782 6444 8807 3097 
8787 6446 8812 3099 
8790 6449 8815 3100 
8800 6450 8818 3102 
8807 6452 8824 3104 
8812 6455 8831 3107 
8815 6461 8834 3109 
8821 6465 8839 3111 
8832 6465 8842 3114 
8836 6468 8848 3115 
8840 6469 8856 3118 
8846 6472 8860 3120 
8849 6472 8863 3121 
8856 6476 8870 3122 
8862 6478 8874 3125 
8867 6479 8881 3127 
8873 6484 8886 3128 
8878 6485 8892 3132 
8884 6489 8899 3135 
8891 6492 8907 3136 
8898 6503 8913 3137 
8904 6505 8916 3139 
8908 6511 8920 3145 
8914 6514 8925 3150 
8918 6519 8933 3150 
8924 6524 8941 3151 
8930 6528 8947 3151 
8937 6534 8951 3155 
8941 6540 8955 3157 
8947 6545 8960 3160 
8951 6548 8968 3162 
8953 6555 8974 3162 
8958 6561 8980 3162 
8968 6564 8988 3163 
8972 6570 8990 3163 
8975 6580 8998 3164 
8982 6583 9002 3166 
8988 6587 9006 3169 
8992 6592 9013 3171 
9001 6592 9016 3173 
9011 6597 9022 3174 
9019 6600 9030 3177 
9021 6608 9036 3181 
9025 6617 9042 3184 
9032 6622 9049 3189 
9038 6626 9050 3190 
9047 6631 9055 3192 
9053 6636 9056 3193 
9057 6642 9063 3197 
9061 6646 9067 3198 
9066 6649 9070 3200 
9072 6651 9073 3202 
9077 6656 9077 3204 
9081 6666 9086 3207 
9090 6671 9092 3214 
9096 6675 9098 3216 
9104 6679 9101 3218 
9107 6682 9107 3219 
9111 6690 9116 3221 
9121 6694 9123 3222 
9128 6695 9128 3225 
9131 6698 9137 3226 
9137 6702 9140 3228 
9144 6706 9147 3229 
9151 6709 9152 3230 
9153 6713 9161 3230 
9155 6718 9166 3233 
9161 6719 9169 3233 
9165 6721 9174 3234 
9173 6725 9178 3238 
9181 6730 9184 3240 
9185 6732 9191 3240 
9190 6737 9193 3241 
9194 6739 9198 3247 
9197 6741 9204 3249 
9205 6745 9211 3252 
9211 6748 9215 3255 
9217 6752 9222 3260 
9224 6757 9230 3265 
9227 6764 9236 3268 
9231 6767 9236 3269 
9237 6772 9244 3272 
9241 6776 9253 3275 
9244 6783 9257 3275 
9248 6786 9262 3276 
9252 6790 9267 3277 
9254 6795 9271 3277 
9257 6800 9277 3279 
9259 6804 9281 3281 
9267 6809 9285 3281 
9273 6812 9294 3282 
9275 6821 9302 3284 
9280 6827 9304 3286 
9283 6831 9307 3287 
9290 6833 9313 3289 
9296 6834 9316 3289 
9306 6839 9320 3291 
9316 6844 9325 3293 
9320 6844 9329 3299 
9326 6853 9336 3301 
9331 6855 9342 3305 
9334 6858 9345 3306 
9342 6862 9351 3307 
9346 6870 9356 3307 
9347 6875 9364 3308 
9351 6877 9368 3308 
9355 6881 9371 3312 
9360 6886 9380 3315 
9364 6888 9383 3319 
9370 6892 9390 3320 
9372 6899 9393 3322 
9374 6906 9400 3324 
9378 6906 9409 3325 
9382 6914 9416 3328 
9387 6922 9416 3331 
9391 6923 9424 3331 
9400 6926 9434 3331 
9402 6931 9443 3333 
9405 6934 9452 3335 
9409 6934 9456 3336 
9414 6938 9465 3338 
9415 6943 9470 3342 
9417 6946 9478 3343 
9419 6949 9484 3343 
9421 6953 9489 3347 
9427 6957 9493 3350 
9429 6962 9496 3351 
9438 6967 9500 3355 
9441 6970 9511 3355 
9445 6976 9515 3356 
9448 6980 9517 3358 
9452 6987 9524 3359 
9457 6990 9528 3359 
9460 6998 9532 3362 
9466 7003 9536 3366 
9470 7007 9539 3366 
9474 7008 9549 3366 
9480 7009 9555 3367 
9491 7013 9557 3368 
9494 7017 9565 3369 
9497 7020 9570 3369 
9502 7023 9574 3372 
9510 7027 9577 3372 
9517 7031 9585 3375 
9523 7035 9589 3377 
9529 7039 9596 3379 
9537 7043 9601 3379 
9542 7045 9610 3380 
9547 7048 9613 3382 
9550 7055 9616 3385 
9553 7061 9620 3385 
9557 7063 9629 3385 
9566 7072 9636 3387 
9578 7077 9639 3389 
9587 7082 9648 3392 
9596 7088 9651 3393 
9601 7096 9658 3396 
9605 7100 9661 3397 
9611 7101 9669 3399 
9614 7104 9674 3400 
9621 7107 9679 3401 
9624 7112 9684 3402 
9626 7114 9691 3402 
9634 7122 9695 3404 
9640 7124 9699 3406 
9641 7126 9703 3408 
9649 7127 9708 3408 
9653 7133 9712 3411 
9659 7138 9716 3414 
9666 7144 9725 3416 
9670 7150 9728 3421 
9677 7155 9731 3423 
9682 7159 9734 3425 
9689 7164 9744 3425 
9693 7167 9753 3428 
9698 7169 9759 3431 
9704 7174 9762 3431 
9710 7178 9766 3434 
9713 7180 9769 3436 
9716 7182 9774 3437 
9724 7191 9782 3437 
9733 7197 9789 3439 
9742 7198 9795 3439 
9746 7202 9801 3440 
9758 7204 9803 3442 
9762 7205 9806 3444 
9769 7210 9813 3444 
9772 7216 9815 3445 
9780 7225 9825 3446 
9789 7232 9830 3447 
9793 7236 9836 3448 
9798 7243 9843 3449 
9804 7250 9846 3449 
9808 7253 9850 3449 
9811 7256 9856 3449 
9819 7262 9862 3451 
9822 7264 9865 3455 
9827 7271 9870 3457 
9832 7273 9875 3459 
9835 7274 9884 3464 
9841 7278 9891 3467 
9853 7279 9896 3467 
9857 7285 9901 3468 
9862 7288 9905 3471 
9868 7291 9911 3472 
9872 7294 9914 3475 
9880 7299 9920 3476 
9889 7303 9930 3481 
9895 7308 9932 3482 
9904 7313 9935 3487 
9906 7318 9937 3491 
9913 7319 9939 3493 
9917 7322 9946 3494 
9919 7324 9953 3495 
9922 7328 9954 3497 
9929 7334 9958 3502 
9934 7338 9961 3506 
9942 7340 9968 3511 
9945 7344 9971 3512 
9950 7347 9981 3514 
9953 7354 9990 3520 
9963 7356 9994 3521 
9971 7362 10000 3523 
9977 7366 10005 3524 
9983 7373 10012 3526 
9986 7380 10017 3526 
9992 7385 10020 3529 
9998 7389 10026 3532 
10003 7392 10029 3535 
10011 7395 10034 3536 
10015 7400 10039 3539 
10021 7404 10044 3540 
10032 7406 10052 3541 
10042 7414 10060 3542 
10045 7420 10064 3544 
10048 7425 10069 3544 
10051 7428 10073 3545 
10056 7432 10077 3545 
10061 7434 10082 3546 
10065 7438 10089 3551 
10073 7440 10098 3552 
10080 7443 10105 3554 
10083 7447 10114 3556 
10089 7453 10118 3562 
10091 7460 10129 3565 
10098 7465 10135 3567 
10106 7469 10142 3570 
10108 7475 10143 3572 
10114 7478 10148 3576 
10124 7482 10149 3577 
10129 7489 10157 3578 
10132 7494 10162 3578 
10140 7495 10165 3580 
10149 7498 10170 3586 
10154 7502 10176 3586 
10158 7505 10181 3590 
10166 7507 10186 3592 
10173 7510 10196 3594 
10180 7516 10201 3595 
10190 7521 10204 3597 
10197 7524 10210 3600 
10203 7527 10213 3601 
10208 7530 10218 3603 
10213 7534 10223 3604 
10222 7538 10229 3607 
10226 7542 10236 3607 
10237 7545 10243 3608 
10242 7552 10247 3608 
10251 7556 10252 3608 
10259 7566 10257 3609 
10262 7571 10259 3611 
10266 7574 10262 3612 
10273 7578 10268 3613 
10278 7584 10271 3615 
10283 7591 10275 3621 
10288 7597 10283 3623 
10292 7599 10285 3625 
10293 7606 10295 3625 
10300 7608 10298 3625 
10307 7614 10306 3626 
10316 7617 10309 3629 
10323 7621 10314 3632 
10329 7624 10322 3634 
10338 7630 10327 3636 
10340 7636 10331 3639 
10343 7638 10335 3642 
10351 7641 10337 3643 
10356 7644 10345 3646 
10364 7649 10351 3649 
10367 7655 10358 3649 
10373 7659 10365 3649 
10376 7661 10369 3650 
10380 7667 10374 3651 
10386 7670 10380 3652 
10390 7674 10389 3653 
10398 7678 10393 3654 
10403 7680 10395 3656 
10411 7688 10398 3658 
10414 7692 10404 3659 
10420 7693 10414 3660 
10428 7693 10418 3661 
10437 7701 10424 3661 
10442 7702 10430 3662 
10446 7704 10437 3665 
10453 7708 10447 3668 
10463 7714 10449 3671 
10468 7719 10458 3674 
10470 7720 10466 3674 
10478 7728 10470 3675 
10484 7733 10473 3678 
10490 7735 10478 3682 
10498 7736 10482 3685 
10508 7743 10489 3688 
10516 7747 10493 3694 
10522 7750 10500 3697 
10525 7754 10502 3697 
10532 7758 10503 3697 
10539 7761 10508 3701 
10543 7767 10514 3703 
10546 7768 10520 3707 
10550 7772 10524 3707 
10559 7776 10528 3709 
10564 7778 10532 3709 
10571 7779 10539 3711 
10580 7782 10544 3712 
10585 7787 10553 3713 
10588 7792 10558 3719 
10594 7799 10566 3720 
10600 7804 10571 3724 
10603 7807 10578 3725 
10604 7811 10585 3726 
10608 7814 10592 3729 
10612 7818 10601 3733 
10619 7822 10610 3737 
10628 7827 10619 3742 
10635 7831 10622 3744 
10642 7838 10629 3747 
10644 7844 10638 3748 
10650 7849 10641 3749 
10655 7852 10645 3750 
10662 7857 10650 3753 
10670 7862 10653 3753 
10673 7868 10659 3756 
10679 7874 10663 3759 
10688 7877 10665 3762 
10691 7883 10668 3762 
10700 7886 10673 3763 
10708 7889 10676 3765 
10715 7895 10683 3766 
10720 7900 10689 3766 
10727 7904 10697 3766 
10729 7909 10700 3768 
10738 7915 10706 3768 
10741 7922 10712 3770 
10748 7927 10724 3773 
10750 7935 10732 3777 
10756 7943 10734 3778 
10760 7944 10742 3779 
10765 7948 10748 3782 
10769 7950 10757 3782 
10775 7955 10765 3785 
10779 7956 10777 3789 
10783 7959 10781 3792 
10788 7965 10788 3795 
10796 7970 10794 3797 
10800 7974 10802 3797 
10805 7980 10806 3800 
10810 7984 10815 3802 
10814 7987 10823 3803 
10823 7996 10827 3805 
10830 8003 10833 3810 
10834 8009 10840 3814 
10838 8016 10845 3817 
10845 8020 10847 3819 
10857 8027 10858 3821 
10862 8033 10866 3822 
10868 8037 10868 3826 
10876 8041 10870 3831 
10883 8043 10873 3834 
10883 8045 10880 3836 
10891 8047 10888 3837 
10896 8056 10892 3840 
10902 8058 10896 3840 
10907 8062 10905 3842 
10914 8064 10911 3845 
10919 8068 10921 3846 
10925 8073 10926 3848 
10932 8080 10934 3850 
10937 8087 10941 3852 
10941 8090 10947 3853 
10949 8091 10950 3853 
10955 8092 10957 3854 
10963 8096 10966 3855 
10966 8103 10973 3858 
10972 8111 10978 3858 
10978 8116 10982 3861 
10980 8124 10987 3862 
10987 8125 10993 3864 
10989 8132 10998 3865 
10993 8138 11003 3865 
11000 8141 11008 3868 
11009 8149 11015 3870 
11016 8154 11024 3873 
11027 8160 11026 3875 
11032 8162 11033 3877 
11036 8168 11037 3878 
11042 8171 11045 3880 
11049 8177 11051 3886 
11058 8179 11055 3891 
11063 8184 11061 3892 
11069 8190 11067 3894 
11077 8193 11077 3894 
11082 8195 11084 3895 
11088 8200 11090 3897 
11092 8202 11098 3901 
11095 8211 11101 3903 
11097 8215 11109 3905 
11105 8218 11112 3905 
11109 8223 11118 3909 
11112 8227 11124 3911 
11117 8228 11126 3912 
11127 8233 11128 3913 
11132 8237 11131 3915 
11143 8243 11140 3915 
11149 8252 11149 3920 
11154 8260 11155 3925 
11156 8266 11162 3928 
11161 8269 11171 3929 
11171 8274 11176 3930 
11176 8275 11183 3934 
11185 8280 11190 3936 
11190 8281 11192 3939 
11195 8285 11197 3944 
11200 8294 11207 3946 
11204 8299 11211 3947 
11207 8304 11215 3948 
11214 8310 11218 3953 
11217 8315 11224 3955 
11223 8320 11231 3958 
11226 8321 11235 3960 
11234 8326 11241 3962 
11244 8331 11249 3963 
11253 8333 11259 3964 
11262 8338 11263 3967 
11265 8343 11269 3970 
11273 8349 11275 3970 
11283 8351 11277 3974 
11294 8353 11282 3977 
11300 8355 11285 3979 
11303 8359 11293 3979 
11315 8361 11297 3981 
11323 8367 11305 3981 
11326 8371 11308 3983 
11330 8374 11312 3986 
11332 8380 11317 3991 
11337 8384 11321 3994 
11342 8387 11333 3999 
11349 8391 11335 4000 
11359 8393 11341 4001 
11361 8398 11350 4003 
11367 8407 11355 4004 
11377 8409 11364 4006 
11383 8410 11368 4008 
11388 8413 11374 4008 
11390 8417 11377 4011 
11392 8421 11384 4013 
11396 8425 11389 4016 
11401 8429 11398 4019 
11407 8438 11405 4021 
11412 8446 11411 4023 
11422 8451 11417 4023 
11427 8456 11422 4026 
11431 8460 11427 4027 
11435 8463 11432 4027 
11443 8465 11439 4031 
11451 8472 11446 4033 
11453 8473 11453 4033 
11457 8475 11458 4035 
11462 8483 11466 4036 
11467 8487 11471 4038 
11472 8493 11479 4039 
11481 8497 11483 4039 
11486 8503 11485 4040 
11491 8509 11490 4043 
11494 8512 11496 4045 
11505 8514 11500 4049 
11509 8517 11506 4049 
11512 8521 11515 4051 
11517 8526 11521 4051 
11522 8533 11525 4055 
11527 8538 11530 4055 
11532 8543 11535 4055 
11539 8545 11542 4056 
11546 8553 11548 4059 
11550 8558 11553 4063 
11562 8562 11558 4064 
11569 8566 11565 4065 
11576 8570 11575 4068 
11579 8572 11580 4072 
11590 8579 11588 4073 
11594 8583 11596 4075 
11596 8590 11599 4077 
11604 8591 11607 4079 
11606 8593 11614 4081 
11609 8595 11619 4081 
11611 8596 11624 4087 
11616 8600 11628 4087 
11623 8604 11635 4088 
11626 8615 11637 4091 
11633 8621 11643 4093 
11635 8627 11651 4094 
11640 8631 11657 4096 
11645 8633 11660 4100 
11648 8634 11664 4100 
11654 8638 11670 4102 
11658 8642 11678 4103 
11663 8649 11680 4105 
11671 8656 11684 4108 
11673 8661 11690 4112 
11678 8668 11704 4114 
11687 8673 11713 4116 
11695 8676 11718 4122 
11702 8676 11721 4124 
11706 8677 11727 4124 
11707 8681 11735 4127 
11712 8690 11737 4128 
11719 8696 11740 4129 
11728 8699 11744 4131 
11737 8702 11749 4133 
11740 8705 11757 4137 
11743 8711 11759 4141 
11747 8718 11763 4141 
11754 8719 11770 4142 
11760 8722 11776 4145 
11768 8728 11777 4149 
11771 8730 11784 4154 
11778 8736 11790 4155 
11780 8742 11802 4156 
11789 8745 11807 4157 
11795 8748 11814 4159 
11801 8750 11821 4160 
11807 8754 11826 4163 
11818 8757 11834 4165 
11826 8765 11841 4165 
11832 8768 11848 4166 
11839 8772 11852 4168 
11844 8776 11853 4169 
11848 8780 11859 4169 
11851 8782 11869 4171 
11854 8782 11875 4172 
11862 8786 11884 4173 
11866 8790 11891 4173 
11869 8797 11896 4174 
11876 8805 11903 4176 
11883 8812 11910 4178 
11886 8819 11917 4178 
11892 8827 11922 4179 
11893 8830 11925 4179 
11900 8833 11928 4179 
11906 8835 11931 4182 
11914 8839 11938 4183 
11916 8842 11941 4185 
11925 8845 11946 4186 
11930 8848 11953 4187 
11937 8853 11962 4189 
11942 8858 11969 4190 
11943 8862 11972 4193 
11946 8867 11977 4196 
11955 8871 11981 4199 
11962 8874 11984 4200 
11966 8877 11988 4202 
11975 8878 11993 4203 
11979 8883 11996 4203 
11984 8888 12004 4204 
11989 8891 12007 4205 
11994 8897 12009 4206 
11998 8901 12014 4207 
12005 8907 12024 4211 
12007 8916 12028 4211 
12011 8923 12034 4212 
12015 8927 12036 4213 
12020 8931 12041 4216 
12022 8937 12047 4220 
12028 8940 12054 4225 
12040 8943 12062 4230 
12043 8945 12065 4232 
12047 8948 12069 4232 
12049 8951 12077 4233 
12056 8958 12087 4235 
12059 8962 12093 4235 
12065 8965 12099 4238 
12070 8966 12110 4241 
12074 8969 12115 4243 
12076 8975 12122 4245 
12081 8977 12127 4245 
12086 8981 12133 4249 
12090 8983 12137 4249 
12093 8988 12143 4251 
12095 8999 12147 4251 
12099 9002 12156 4255 
12105 9006 12168 4256 
12113 9009 12175 4257 
12119 9016 12184 4260 
12124 9019 12189 4261 
12136 9027 12194 4262 
12139 9032 12208 4262 
12140 9035 12212 4262 
12145 9039 12219 4264 
12146 9044 12227 4266 
12150 9046 12234 4269 
12153 9051 12238 4269 
12159 9056 12246 4269 
12167 9062 12251 4270 
12172 9064 12257 4273 
12175 9074 12261 4275 
12177 9079 12267 4275 
12185 9083 12270 4275 
12190 9088 12277 4275 
12193 9094 12288 4278 
12196 9100 12298 4281 
12199 9106 12304 4285 
12204 9111 12308 4287 
12209 9115 12310 4289 
12217 9120 12322 4293 
12228 9125 12324 4295 
12233 9133 12332 4297 
12240 9137 12339 4299 
12249 9145 12348 4300 
12257 9151 12354 4301 
12270 9158 12361 4302 
12275 9161 12368 4302 
12281 9164 12380 4305 
12287 9170 12389 4305 
12295 9179 12398 4306 
12298 9183 12405 4306 
12303 9189 12413 4307 
12309 9191 12417 4308 
12318 9198 12420 4309 
12321 9203 12427 4312 
12324 9208 12429 4313 
12327 9212 12436 4315 
12335 9217 12441 4317 
12338 9220 12448 4320 
12340 9228 12451 4321 
12349 9231 12456 4321 
12361 9235 12464 4322 
12367 9240 12472 4323 
12377 9248 12481 4325 
12382 9249 12485 4327 
12392 9256 12488 4329 
12401 9264 12493 4330 
12403 9267 12496 4334 
12408 9270 12503 4336 
12413 9273 12508 4338 
12418 9274 12515 4342 
12428 9276 12518 4345 
12434 9283 12527 4347 
12439 9287 12535 4351 
12445 9289 12542 4354 
12447 9294 12546 4354 
12453 9298 12553 4359 
12458 9301 12562 4362 
12463 9304 12569 4363 
12467 9311 12575 4363 
12471 9318 12577 4363 
12477 9319 12581 4367 
12486 9326 12585 4368 
12492 9332 12589 4371 
12497 9338 12595 4371 
12505 9342 12597 4372 
12511 9349 12600 4373 
12518 9353 12603 4375 
12521 9357 12612 4376 
12527 9362 12621 4380 
12535 9366 12627 4381 
12543 9369 12630 4381 
12549 9376 12634 4381 
12553 9377 12644 4384 
12562 9381 12652 4387 
12566 9385 12659 4391 
12570 9392 12661 4392 
12577 9396 12663 4393 
12584 9402 12672 4394 
12589 9405 12676 4395 
12596 9412 12682 4400 
12604 9418 12691 4400 
12608 9426 12705 4401 
12618 9430 12710 4402 
12622 9433 12716 4405 
12626 9438 12719 4407 
12631 9444 12722 4409 
12639 9451 12727 4410 
12644 9456 12736 4413 
12648 9460 12748 4416 
12654 9463 12753 4416 
12658 9465 12761 4416 
12660 9470 12771 4419 
12661 9472 12779 4419 
12666 9475 12786 4420 
12672 9481 12788 4422 
12678 9486 12793 4424 
12684 9489 12797 4424 
12688 9495 12804 4426 
12690 9496 12814 4426 
12699 9499 12819 4431 
12703 9501 12825 4433 
12710 9509 12827 4433 
12715 9512 12830 4435 
12720 9519 12836 4436 
12726 9523 12840 4437 
12732 9526 12845 4437 
12741 9530 12848 4439 
12747 9532 12853 4439 
12755 9538 12858 4442 
12765 9544 12864 4445 
12773 9552 12869 4448 
12777 9555 12874 4451 
12782 9562 12880 4454 
12788 9565 12884 4455 
12791 9570 12888 4457 
12794 9578 12893 4459 
12800 9584 12899 4461 
12809 9587 12905 4464 
12817 9590 12912 4467 
12822 9595 12916 4468 
12824 9598 12921 4470 
12830 9600 12930 4474 
12839 9603 12936 4475 
12843 9607 12944 4477 
12848 9616 12949 4482 
12851 9617 12957 4482 
12857 9626 12969 4484 
12863 9630 12977 4491 
12871 9635 12982 4493 
12876 9639 12992 4495 
12880 9644 12997 4498 
12883 9648 13004 4500 
12887 9653 13010 4500 
12893 9661 13015 4500 
12898 9665 13021 4500 
12905 9668 13028 4501 
12909 9671 13031 4502 
12914 9677 13038 4504 
12923 9681 13043 4506 
12927 9687 13048 4509 
12931 9690 13051 4511 
12936 9693 13055 4512 
12939 9700 13062 4515 
12944 9702 13074 4516 
12947 9705 13078 4521 
12955 9709 13083 4524 
12964 9712 13086 4526 
12966 9718 13095 4526 
12972 9724 13098 4528 
12980 9727 13100 4529 
12986 9734 13108 4529 
12993 9740 13115 4530 
13001 9743 13122 4531 
13011 9751 13130 4535 
13014 9756 13133 4540 
13018 9759 13136 4542 
13021 9760 13144 4545 
13028 9765 13146 4548 
13033 9774 13152 4548 
13036 9779 13159 4549 
13040 9784 13173 4552 
13046 9786 13183 4553 
13054 9789 13190 4556 
13060 9794 13192 4558 
13063 9798 13202 4558 
13074 9800 13209 4559 
13077 9804 13217 4562 
13079 9810 13224 4562 
13085 9814 13230 4565 
13094 9819 13236 4567 
13097 9824 13247 4568 
13103 9830 13251 4571 
13108 9836 13253 4572 
13113 9842 13258 4576 
13120 9845 13265 4576 
13123 9851 13270 4576 
13129 9853 13273 4577 
13135 9855 13281 4578 
13139 9860 13286 4578 
13141 9867 13293 4581 
13150 9869 13300 4582 
13157 9874 13308 4583 
13162 9882 13311 4584 
13167 9892 13319 4588 
13172 9898 13326 4589 
13176 9901 13332 4591 
13183 9903 13340 4595 
13190 9906 13346 4598 
13194 9913 13351 4601 
13199 9915 13358 4604 
13204 9920 13360 4605 
13214 9922 13367 4607 
13220 9924 13374 4609 
13225 9931 13382 4609 
13229 9935 13390 4611 
13231 9936 13396 4615 
13235 9940 13401 4618 
13244 9944 13406 4624 
13253 9950 13421 4625 
13258 9953 13428 4625 
13260 9957 13435 4627 
13271 9962 13443 4630 
13277 9970 13447 4630 
13283 9972 13451 4632 
13285 9975 13457 4636 
13291 9977 13463 4637 
13294 9980 13469 4637 
13300 9983 13478 4638 
13304 9990 13483 4638 
13305 9994 13486 4640 
13307 9995 13493 4642 
13310 9999 13508 4647 
13318 10004 13511 4649 
13323 10011 13514 4651 
13331 10012 13519 4652 
13337 10016 13524 4655 
13342 10020 13529 4657 
13345 10024 13535 4657 
13354 10028 13539 4660 
13361 10031 13547 4661 
13372 10034 13555 4664 
13376 10042 13561 4666 
13381 10045 13568 4670 
13383 10050 13581 4673 
13390 10054 13584 4673 
13396 10056 13590 4674 
13402 10060 13597 4678 
13407 10064 13603 4679 
13410 10066 13607 4679 
13414 10069 13617 4679 
13418 10074 13622 4684 
13425 10077 13628 4684 
13433 10079 13635 4686 
13436 10083 13646 4691 
13444 10087 13652 4691 
13451 10093 13655 4694 
13461 10094 13658 4696 
13467 10097 13662 4701 
13473 10102 13669 4703 
13480 10108 13675 4704 
13480 10113 13681 4708 
13484 10115 13688 4710 
13493 10117 13690 4712 
13500 10121 13693 4713 
13505 10125 13700 4716 
13508 10129 13713 4720 
13515 10130 13718 4720 
13522 10134 13720 4723 
13526 10139 13726 4724 
13534 10145 13731 4725 
13540 10152 13740 4729 
13545 10154 13749 4732 
13549 10161 13759 4734 
13555 10168 13765 4735 
13561 10176 13773 4741 
13568 10186 13779 4745 
13576 10191 13783 4749 
13582 10194 13788 4750 
13587 10197 13794 4751 
13592 10197 13798 4755 
13597 10203 13802 4756 
13605 10207 13806 4761 
13611 10213 13813 4762 
13612 10218 13819 4765 
13618 10222 13831 4766 
13619 10227 13838 4771 
13624 10232 13843 4773 
13629 10241 13849 4776 
13634 10246 13858 4778 
13637 10252 13866 4780 
13641 10262 13875 4783 
13649 10268 13881 4787 
13658 10271 13884 4789 
13663 10273 13888 4792 
13670 10280 13893 4795 
13677 10285 13901 4796 
13680 10288 13907 4799 
13687 10293 13917 4800 
13692 10298 13927 4804 
13696 10303 13935 4805 
13703 10307 13940 4805 
13710 10310 13947 4806 
13716 10312 13955 4809 
13721 10318 13959 4813 
13728 10325 13969 4815 
13735 10331 13972 4817 
13739 10339 13976 4820 
13748 10345 13980 4821 
13757 10353 13989 4822 
13761 10355 13992 4823 
13768 10358 13995 4824 
13770 10364 14000 4824 
13780 10367 14005 4827 
13785 10373 14008 4829 
13792 10378 14012 4831 
13797 10383 14018 4833 
13800 10391 14023 4835 
13803 10394 14031 4840 
13809 10396 14038 4842 
13811 10398 14041 4844 
13818 10402 14045 4848 
13821 10405 14051 4851 
13822 10409 14059 4857 
13825 10412 14070 4859 
13830 10418 14075 4862 
13837 10423 14082 4863 
13845 10428 14086 4865 
13847 10437 14091 4870 
13852 10447 14098 4872 
13861 10448 14106 4875 
13866 10453 14111 4876 
13873 10458 14114 4878 
13880 10461 14125 4880 
13886 10466 14131 4881 
13888 10471 14135 4883 
13891 10480 14140 4885 
13893 10485 14146 4888 
13901 10489 14150 4889 
13906 10493 14158 4894 
13914 10497 14167 4896 
13919 10501 14171 4899 
13929 10506 14179 4902 
13931 10510 14187 4903 
13938 10516 14193 4905 
13943 10519 14201 4907 
13952 10522 14206 4910 
13957 10525 14211 4912 
13964 10530 14217 4914 
13968 10535 14220 4915 
13978 10540 14223 4918 
13984 10544 14231 4919 
13986 10551 14235 4923 
13992 10560 14241 4923 
13996 10561 14247 4926 
14000 10568 14252 4930 
14004 10571 14259 4933 
14013 10575 14262 4934 
14019 10580 14268 4937 
14026 10588 14273 4941 
14036 10589 14282 4944 
14039 10593 14285 4947 
14047 10602 14295 4950 
14051 10605 14299 4950 
14056 10612 14302 4953 
14060 10617 14309 4955 
14067 10624 14314 4958 
14071 10626 14323 4959 
14075 10629 14329 4961 
14081 10631 14335 4964 
14084 10634 14341 4966 
14094 10635 14345 4970 
14097 10638 14349 4972 
14102 10643 14356 4974 
14104 10647 14364 4975 
14111 10651 14372 4977 
14119 10653 14382 4988 
14125 10656 14388 4990 
14129 10660 14391 4992 
14136 10670 14399 4994 
14143 10675 14406 4998 
14149 10679 14412 4998 
14153 10679 14418 5001 
14158 10686 14427 5003 
14166 10694 14434 5006 
14176 10697 14442 5007 
14178 10700 14450 5009 
14182 10706 14457 5010 
14189 10711 14463 5014 
14200 10717 14467 5016 
14203 10721 14477 5017 
14207 10727 14482 5021 
14213 10728 14484 5022 
14217 10731 14491 5023 
14223 10735 14494 5024 
14231 10740 14500 5024 
14238 10745 14506 5026 
14241 10747 14512 5029 
14245 10751 14518 5030 
14247 10756 14522 5032 
14249 10760 14530 5032 
14255 10765 14536 5034 
14260 10770 14544 5035 
14264 10774 14551 5035 
14266 10779 14559 5036 
14276 10785 14565 5039 
14285 10787 14570 5040 
14289 10791 14577 5040 
14298 10795 14579 5042 
14307 10799 14590 5045 
14311 10804 14597 5048 
14314 10809 14603 5049 
14317 10815 14610 5050 
14323 10822 14614 5052 
14326 10828 14626 5057 
14332 10832 14628 5060 
14337 10838 14628 5062 
14343 10842 14633 5065 
14351 10848 14638 5067 
14359 10853 14642 5070 
14365 10855 14648 5075 
14370 10865 14655 5075 
14374 10870 14659 5076 
14378 10873 14667 5076 
14385 10877 14679 5078 
14392 10881 14687 5079 
14401 10881 14690 5082 
14402 10886 14694 5083 
14405 10895 14702 5083 
14409 10903 14708 5087 
14412 10907 14718 5088 
14415 10912 14725 5090 
14421 10916 14729 5094 
14427 10923 14732 5099 
14431 10925 14742 5105 
14435 10932 14747 5106 
14441 10937 14748 5109 
14445 10942 14754 5110 
14451 10948 14762 5112 
14453 10953 14770 5115 
14459 10956 14773 5118 
14464 10961 14780 5119 
14470 10965 14784 5124 
14474 10970 14795 5127 
14484 10973 14799 5132 
14490 10979 14808 5136 
14492 10984 14816 5142 
14499 10990 14822 5144 
14506 10994 14828 5145 
14512 10998 14838 5147 
14521 11006 14842 5148 
14527 11011 14847 5152 
14534 11013 14850 5153 
14538 11015 14854 5156 
14542 11020 14863 5159 
14551 11023 14866 5161 
14556 11030 14871 5162 
14562 11037 14874 5166 
14568 11040 14879 5168 
14572 11050 14883 5172 
14577 11057 14887 5173 
14581 11059 14892 5175 
14584 11067 14896 5175 
14592 11072 14907 5176 
14598 11077 14911 5181 
14606 11078 14916 5186 
14612 11082 14923 5187 
14619 11083 14927 5188 
14624 11085 14933 5188 
14633 11089 14938 5189 
14642 11093 14943 5191 
14647 11100 14949 5195 
14650 11108 14954 5196 
14652 11113 14964 5197 
14657 11114 14968 5202 
14661 11119 14970 5209 
14668 11121 14974 5210 
14668 11129 14981 5212 
14676 11133 14991 5213 
14680 11135 14996 5215 
14686 11137 15002 5217 
14694 11140 15008 5219 
14699 11143 15012 5221 
14706 11146 15018 5223 
14712 11152 15020 5225 
14717 11157 15028 5226 
14724 11167 15031 5228 
14727 11170 15035 5228 
14730 11177 15038 5229 
14735 11181 15043 5232 
14741 11183 15049 5233 
14751 11189 15054 5235 
14756 11193 15057 5237 
14761 11196 15061 5240 
14769 11197 15067 5241 
14777 11200 15073 5243 
14781 11206 15080 5243 
14783 11208 15085 5245 
14790 11210 15087 5249 
14792 11216 15095 5251 
14795 11220 15103 5253 
14801 11229 15107 5253 
14808 11234 15114 5254 
14811 11237 15118 5257 
14819 11243 15123 5260 
14825 11244 15127 5263 
14830 11248 15132 5263 
14836 11252 15142 5263 
14839 11255 15148 5271 
14844 11257 15156 5273 
14853 11264 15162 5278 
14855 11267 15172 5280 
14860 11272 15177 5282 
14866 11273 15183 5285 
14871 11275 15190 5287 
14877 11278 15194 5289 
14886 11283 15200 5290 
14893 11287 15202 5294 
14897 11292 15210 5298 
14901 11295 15218 5299 
14903 11303 15221 5303 
14907 11310 15229 5304 
14912 11316 15237 5307 
14916 11319 15244 5310 
14923 11324 15252 5311 
14929 11327 15257 5312 
14939 11330 15267 5314 
14942 11336 15273 5318 
14948 11339 15276 5318 
14953 11346 15280 5319 
14960 11352 15290 5320 
14964 11359 15296 5320 
14973 11364 15302 5321 
14978 11370 15307 5324 
14984 11373 15312 5326 
14990 11374 15321 5327 
14995 11376 15327 5331 
15004 11380 15330 5333 
15010 11386 15336 5337 
15015 11391 15345 5340 
15025 11395 15355 5345 
15028 11401 15362 5350 
15036 11406 15370 5351 
15049 11408 15378 5353 
15055 11410 15383 5353 
15056 11414 15394 5353 
15061 11416 15403 5354 
15067 11422 15409 5356 
15070 11425 15416 5357 
15073 11429 15423 5357 
15080 11432 15430 5360 
15080 11435 15437 5361 
15084 11443 15447 5364 
15087 11446 15459 5366 
15093 11453 15471 5368 
15096 11458 15478 5370 
15102 11460 15485 5370 
15107 11465 15492 5372 
15112 11471 15497 5373 
15121 11472 15503 5375 
15123 11480 15510 5377 
15128 11486 15514 5379 
15133 11491 15521 5380 
15140 11493 15530 5382 
15142 11499 15535 5386 
15146 11513 15538 5388 
15149 11521 15545 5389 
15160 11529 15552 5390 
15167 11532 15560 5390 
15178 11535 15563 5394 
15183 11540 15572 5396 
15190 11544 15578 5398 
15201 11548 15582 5399 
15212 11550 15587 5401 
15218 11551 15592 5403 
15223 11554 15599 5407 
15231 11560 15606 5410 
15237 11565 15611 5415 
15245 11565 15619 5419 
15250 11569 15621 5420 
15257 11576 15625 5424 
15263 11582 15630 5424 
15268 11584 15636 5427 
15275 11593 15642 5430 
15281 11599 15647 5431 
15286 11602 15652 5432 
15288 11609 15661 5433 
15297 11611 15667 5435 
15306 11616 15671 5435 
15309 11622 15679 5436 
15313 11627 15685 5439 
15322 11633 15691 5443 
15325 11636 15695 5449 
15328 11640 15700 5449 
15334 11643 15704 5452 
15339 11646 15714 5454 
15344 11649 15718 5456 
15352 11654 15721 5458 
15363 11656 15728 5460 
15365 11663 15731 5462 
15369 11668 15735 5462 
15377 11674 15741 5464 
15388 11681 15747 5466 
15396 11685 15751 5468 
15400 11690 15762 5470 
15409 11695 15767 5472 
15412 11698 15773 5474 
15416 11700 15781 5477 
15425 11702 15788 5478 
15431 11709 15791 5480 
15434 11716 15801 5483 
15440 11722 15805 5484 
15444 11725 15812 5488 
15446 11732 15816 5492 
15453 11739 15822 5494 
15457 11745 15827 5495 
15464 11749 15830 5497 
15469 11754 15838 5499 
15474 11756 15846 5500 
15478 11759 15851 5504 
15486 11767 15854 5507 
15491 11773 15860 5510 
15495 11782 15867 5512 
15497 11787 15870 5514 
15501 11790 15875 5515 
15506 11794 15879 5515 
15511 11798 15886 5516 
15516 11803 15894 5518 
15521 11813 15902 5521 
15524 11817 15914 5523 
15531 11820 15922 5525 
15545 11825 15932 5528 
15550 11829 15941 5533 
15553 11834 15947 5533 
15559 11839 15952 5536 
15566 11841 15962 5537 
15573 11843 15971 5538 
15585 11852 15973 5540 
15589 11855 15978 5542 
15593 11861 15984 5547 
15597 11866 15986 5549 
15605 11869 15993 5550 
15615 11873 15996 5552 
15618 11878 15999 5554 
15623 11883 16004 5557 
15630 11891 16008 5558 
15634 11896 16017 5560 
15641 11904 16026 5562 
15642 11909 16033 5563 
15646 11911 16039 5565 
15654 11916 16048 5570 
15663 11919 16053 5572 
15671 11922 16060 5573 
15679 11923 16065 5574 
15686 11930 16071 5574 
15686 11932 16076 5576 
15690 11934 16083 5576 
15695 11935 16088 5577 
15700 11936 16095 5577 
15706 11942 16102 5581 
15716 11949 16109 5584 
15720 11956 16114 5588 
15728 11963 16124 5588 
15732 11967 16129 5590 
15734 11974 16145 5593 
15740 11976 16147 5595 
15745 11978 16153 5596 
15751 11983 16158 5597 
15758 11988 16162 5601 
15765 11994 16165 5603 
15769 11997 16171 5605 
15772 12001 16178 5608 
15776 12008 16186 5609 
15779 12011 16190 5613 
15787 12014 16196 5616 
15793 12026 16199 5617 
15798 12033 16201 5617 
15800 12039 16206 5618 
15805 12042 16211 5618 
15811 12044 16216 5623 
15818 12048 16223 5628 
15822 12054 16227 5628 
15831 12056 16233 5631 
15836 12063 16236 5631 
15843 12068 16243 5632 
15850 12074 16252 5637 
15854 12079 16259 5638 
15863 12084 16263 5642 
15874 12088 16271 5644 
15879 12090 16277 5648 
15888 12094 16282 5649 
15890 12096 16284 5650 
15902 12102 16287 5654 
15905 12104 16293 5655 
15911 12109 16301 5657 
15917 12113 16306 5659 
15920 12115 16310 5660 
15924 12120 16316 5660 
15935 12127 16325 5661 
15940 12129 16331 5661 
15944 12130 16335 5663 
15950 12134 16338 5665 
15960 12138 16344 5666 
15963 12140 16350 5668 
15967 12147 16360 5671 
15978 12155 16365 5672 
15985 12157 16367 5673 
15991 12158 16370 5676 
15999 12163 16377 5678 
16002 12168 16384 5679 
16009 12174 16385 5683 
16016 12179 16390 5684 
16020 12185 16397 5686 
16027 12187 16402 5689 
16041 12189 16404 5691 
16045 12192 16409 5694 
16050 12199 16412 5696 
16060 12204 16415 5697 
16064 12210 16425 5698 
16065 12211 16428 5700 
16070 12212 16437 5700 
16078 12220 16444 5702 
16084 12223 16452 5703 
16088 12226 16456 5705 
16095 12232 16466 5706 
16104 12236 16471 5709 
16109 12236 16474 5712 
16117 12243 16479 5713 
16126 12244 16481 5717 
16134 12250 16485 5718 
16140 12253 16494 5719 
16145 12257 16503 5724 
16154 12260 16508 5727 
16160 12266 16515 5728 
16163 12269 16528 5730 
16171 12271 16535 5735 
16172 12273 16544 5737 
16178 12275 16548 5739 
16183 12279 16549 5741 
16187 12284 16551 5742 
16190 12286 16563 5745 
16197 12287 16568 5745 
16202 12291 16574 5748 
16211 12296 16581 5748 
16219 12301 16584 5751 
16222 12307 16589 5753 
16228 12312 16592 5753 
16237 12317 16596 5756 
16242 12322 16604 5757 
16247 12327 16613 5762 
16249 12332 16625 5767 
16251 12337 16632 5769 
16259 12338 16638 5773 
16263 12346 16645 5775 
16266 12351 16652 5779 
16273 12354 16661 5780 
16274 12355 16667 5783 
16280 12356 16672 5788 
16285 12362 16679 5788 
16291 12368 16685 5789 
16295 12372 16694 5790 
16305 12379 16699 5791 
16309 12383 16705 5796 
16313 12390 16717 5799 
16315 12396 16725 5801 
16319 12401 16727 5802 
16326 12402 16733 5803 
16329 12406 16735 5805 
16335 12408 16743 5808 
16341 12411 16750 5810 
16345 12416 16757 5810 
16351 12417 16766 5813 
16356 12423 16771 5816 
16363 12428 16776 5818 
16367 12434 16779 5819 
16377 12438 16785 5822 
16384 12438 16793 5823 
16386 12441 16803 5827 
16392 12444 16811 5829 
16397 12444 16816 5829 
16402 12446 16820 5833 
16404 12451 16829 5834 
16410 12453 16836 5838 
16422 12459 16842 5840 
16424 12466 16846 5840 
16433 12473 16852 5842 
16438 12476 16860 5842 
16450 12480 16868 5844 
16455 12484 16871 5849 
16460 12484 16879 5852 
16467 12487 16884 5855 
16470 12490 16890 5856 
16479 12495 16895 5860 
16486 12498 16905 5861 
16493 12502 16910 5862 
16500 12506 16917 5862 
16504 12510 16927 5865 
16510 12510 16931 5868 
16515 12514 16936 5871 
16521 12519 16941 5873 
16527 12522 16952 5878 
16536 12524 16961 5879 
16539 12527 16966 5881 
16540 12528 16970 5882 
16543 12534 16976 5883 
16551 12538 16981 5884 
16556 12542 16984 5886 
16558 12549 16989 5892 
16564 12556 16995 5894 
16566 12558 17000 5895 
16574 12563 17007 5895 
16576 12568 17013 5897 
16581 12573 17016 5899 
16585 12578 17024 5900 
16592 12581 17034 5901 
16599 12589 17038 5901 
16604 12594 17044 5904 
16612 12600 17048 5905 
16619 12602 17059 5907 
16623 12608 17063 5910 
16628 12610 17070 5911 
16637 12612 17076 5913 
16644 12615 17078 5916 
16646 12621 17087 5923 
16651 12626 17095 5925 
16657 12630 17099 5928 
16666 12637 17102 5931 
16673 12639 17105 5933 
16677 12639 17108 5934 
16679 12645 17111 5935 
16683 12651 17117 5937 
16691 12656 17122 5937 
16702 12659 17130 5940 
16706 12662 17136 5941 
16711 12667 17141 5942 
16716 12675 17148 5945 
16721 12678 17154 5946 
16730 12683 17160 5949 
16735 12687 17165 5951 
16741 12692 17174 5951 
16750 12695 17177 5954 
16761 12698 17182 5955 
16768 12701 17186 5958 
16774 12707 17189 5962 
16778 12713 17193 5962 
16784 12716 17203 5962 
16787 12722 17211 5964 
16796 12726 17217 5965 
16804 12733 17221 5966 
16815 12735 17225 5969 
16822 12741 17229 5970 
16826 12748 17236 5972 
16830 12753 17241 5973 
16837 12760 17249 5973 
16841 12762 17253 5977 
16846 12766 17261 5977 
16852 12771 17267 5977 
16861 12774 17279 5984 
16866 12783 17286 5984 
16871 12787 17292 5986 
16876 12794 17298 5987 
16882 12801 17306 5988 
16890 12806 17313 5989 
16900 12810 17325 5991 
16908 12815 17336 5996 
16913 12823 17344 5998 
16917 12828 17346 6000 
16926 12830 17353 6003 
16933 12840 17360 6004 
16934 12845 17365 6010 
16941 12853 17368 6017 
16947 12855 17376 6018 
16952 12858 17385 6019 
16957 12865 17389 6021 
16963 12870 17392 6025 
16974 12876 17399 6031 
16986 12879 17401 6032 
16990 12882 17407 6033 
16998 12889 17415 6036 
17006 12893 17421 6039 
17012 12901 17427 6041 
17023 12907 17432 6044 
17032 12910 17439 6045 
17042 12913 17452 6045 
17048 12916 17459 6045 
17052 12920 17473 6049 
17056 12925 17480 6051 
17059 12930 17485 6053 
17067 12933 17493 6055 
17071 12940 17496 6058 
17079 12944 17504 6060 
17084 12950 17513 6064 
17091 12953 17522 6068 
17098 12959 17530 6073 
17110 12965 17537 6078 
17118 12973 17545 6080 
17124 12978 17553 6081 
17129 12985 17558 6085 
17135 12990 17565 6087 
17138 12995 17571 6088 
17143 13004 17577 6089 
17149 13007 17586 6097 
17155 13009 17593 6097 
17160 13015 17604 6102 
17167 13019 17610 6105 
17172 13024 17617 6108 
17178 13029 17626 6108 
17179 13032 17628 6113 
17186 13033 17632 6115 
17190 13038 17636 6120 
17193 13041 17640 6121 
17198 13051 17645 6124 
17205 13057 17649 6125 
17210 13060 17652 6125 
17219 13067 17657 6128 
17223 13071 17659 6128 
17229 13075 17665 6128 
17230 13081 17669 6128 
17239 13085 17676 6131 
17244 13087 17683 6131 
17245 13097 17686 6135 
17255 13099 17695 6139 
17262 13102 17702 6141 
17268 13107 17711 6141 
17270 13114 17715 6141 
17276 13121 17719 6144 
17279 13124 17724 6147 
17282 13127 17728 6147 
17288 13129 17734 6149 
17296 13131 17741 6151 
17303 13135 17746 6151 
17310 13140 17751 6152 
17312 13143 17757 6157 
17317 13147 17765 6159 
17322 13148 17774 6159 
17328 13152 17779 6159 
17334 13156 17784 6166 
17338 13159 17788 6170 
17348 13165 17793 6171 
17355 13170 17801 6174 
17357 13174 17807 6175 
17364 13180 17814 6178 
17367 13186 17818 6179 
17374 13191 17821 6186 
17383 13200 17826 6188 
17388 13203 17834 6190 
17393 13208 17841 6193 
17400 13214 17847 6195 
17404 13220 17853 6197 
17410 13225 17866 6197 
17413 13227 17873 6199 
17418 13233 17879 6201 
17424 13238 17883 6204 
17429 13242 17887 6204 
17437 13245 17895 6207 
17443 13249 17902 6211 
17448 13254 17908 6213 
17455 13259 17914 6216 
17464 13265 17919 6218 
17469 13271 17924 6223 
17474 13275 17934 6228 
17480 13279 17939 6233 
17488 13287 17944 6236 
17491 13291 17949 6239 
17499 13302 17957 6243 
17504 13306 17961 6245 
17506 13311 17967 6246 
17511 13315 17974 6253 
17517 13322 17984 6255 
17523 13327 17993 6261 
17527 13333 17997 6264 
17532 13338 18011 6266 
17537 13343 18019 6267 
17544 13351 18024 6271 
17552 13357 18030 6272 
17556 13361 18034 6274 
17562 13368 18037 6275 
17565 13376 18044 6276 
17571 13378 18051 6276 
17577 13384 18064 6279 
17580 13387 18068 6281 
17589 13390 18072 6284 
17594 13393 18075 6288 
17600 13400 18076 6289 
17604 13403 18084 6290 
17607 13407 18091 6291 
17616 13409 18099 6293 
17621 13416 18102 6293 
17624 13419 18107 6294 
17629 13425 18110 6294 
17637 13427 18117 6296 
17646 13430 18124 6297 
17651 13432 18131 6299 
17657 13439 18141 6302 
17666 13444 18145 6302 
17670 13452 18149 6307 
17676 13457 18156 6307 
17684 13462 18160 6310 
17690 13465 18165 6311 
17699 13467 18168 6313 
17701 13468 18173 6314 
17705 13470 18177 6317 
17710 13475 18181 6319 
17714 13478 18183 6320 
17721 13483 18189 6322 
17726 13489 18198 6322 
17735 13491 18202 6322 
17740 13495 18211 6325 
17746 13499 18216 6328 
17753 13505 18218 6328 
17756 13513 18227 6330 
17760 13517 18231 6333 
17764 13520 18240 6333 
17769 13522 18243 6338 
17776 13528 18246 6340 
17779 13531 18253 6345 
17783 13537 18259 6346 
17786 13539 18266 6347 
17791 13542 18273 6349 
17798 13554 18277 6350 
17806 13563 18281 6353 
17810 13566 18289 6354 
17817 13570 18298 6355 
17817 13573 18304 6355 
17824 13583 18309 6356 
17827 13592 18318 6357 
17833 13595 18329 6359 
17839 13598 18340 6362 
17844 13605 18345 6365 
17847 13613 18349 6368 
17853 13615 18355 6368 
17857 13615 18368 6373 
17860 13619 18371 6375 
17866 13620 18377 6378 
17875 13625 18392 6381 
17879 13632 18400 6382 
17884 13635 18405 6383 
17897 13640 18412 6384 
17902 13649 18418 6385 
17910 13655 18423 6389 
17911 13655 18434 6389 
17917 13661 18441 6392 
17920 13663 18447 6392 
17924 13669 18454 6394 
17928 13673 18463 6396 
17934 13679 18471 6398 
17943 13685 18475 6401 
17947 13690 18479 6403 
17953 13692 18487 6404 
17958 13695 18491 6404 
17964 13700 18498 6405 
17970 13704 18504 6406 
17974 13712 18506 6410 
17979 13712 18509 6411 
17983 13717 18512 6412 
17992 13722 18517 6414 
18000 13730 18523 6414 
18004 13734 18528 6416 
18008 13737 18532 6419 
18013 13741 18537 6420 
18017 13745 18546 6420 
18022 13748 18549 6424 
18029 13752 18556 6427 
18032 13759 18568 6428 
18039 13762 18571 6432 
18044 13762 18581 6439 
18053 13766 18590 6440 
18059 13771 18595 6441 
18063 13777 18599 6442 
18066 13782 18605 6443 
18069 13785 18609 6445 
18072 13793 18613 6448 
18077 13797 18615 6449 
18080 13800 18623 6451 
18087 13806 18631 6454 
18092 13812 18640 6458 
18101 13815 18649 6463 
18108 13819 18654 6468 
18119 13822 18658 6471 
18128 13826 18666 6472 
18135 13832 18672 6477 
18140 13838 18680 6479 
18148 13844 18684 6479 
18152 13848 18688 6481 
18157 13853 18694 6483 
18162 13856 18699 6483 
18166 13860 18702 6483 
18174 13864 18712 6486 
18181 13869 18717 6489 
18186 13874 18724 6492 
18193 13880 18729 6495 
18199 13885 18736 6498 
18205 13888 18741 6500 
18216 13891 18746 6503 
18224 13897 18753 6503 
18232 13899 18757 6504 
18242 13902 18762 6505 
18246 13906 18766 6507 
18255 13907 18774 6507 
18262 13913 18779 6507 
18268 13918 18784 6511 
18272 13921 18791 6513 
18276 13927 18795 6515 
18284 13932 18801 6518 
18286 13938 18807 6525 
18292 13947 18812 6526 
18295 13952 18822 6531 
18301 13953 18826 6533 
18309 13955 18834 6535 
18316 13959 18839 6536 
18322 13967 18846 6537 
18327 13972 18850 6538 
18338 13975 18862 6540 
18345 13979 18873 6541 
18350 13982 18879 6542 
18355 13989 18883 6543 
18358 13996 18889 6546 
18362 14002 18899 6548 
18368 14007 18904 6550 
18375 14017 18912 6555 
18380 14025 18917 6555 
18388 14033 18927 6557 
18398 14037 18932 6558 
18401 14044 18938 6561 
18407 14050 18943 6566 
18412 14054 18945 6566 
18420 14058 18951 6567 
18424 14061 18959 6568 
18433 14061 18964 6571 
18440 14066 18970 6574 
18446 14069 18978 6576 
18454 14076 18986 6579 
18462 14085 18993 6580 
18469 14095 19004 6582 
18477 14102 19008 6585 
18484 14107 19015 6588 
18490 14110 19018 6592 
18493 14120 19023 6596 
18499 14122 19031 6599 
18507 14130 19038 6601 
18511 14135 19046 6601 
18515 14139 19056 6602 
18519 14145 19063 6604 
18526 14152 19071 6608 
18538 14159 19076 6610 
18549 14161 19083 6613 
18559 14168 19088 6614 
18570 14173 19094 6618 
18576 14176 19096 6618 
18584 14182 19100 6620 
18587 14189 19105 6623 
18591 14196 19114 6627 
18596 14198 19126 6628 
18603 14206 19135 6631 
18608 14208 19143 6635 
18613 14215 19148 6636 
18619 14223 19154 6636 
18624 14225 19162 6639 
18633 14231 19167 6641 
18643 14234 19174 6643 
18647 14240 19182 6645 
18655 14254 19186 6645 
18660 14258 19191 6647 
18668 14260 19198 6648 
18670 14263 19204 6651 
18675 14268 19208 6651 
18678 14276 19214 6652 
18684 14282 19216 6654 
18687 14287 19220 6658 
18693 14294 19229 6660 
18696 14296 19236 6665 
18699 14301 19240 6670 
18709 14306 19250 6670 
18715 14310 19257 6674 
18720 14316 19264 6676 
18728 14322 19273 6679 
18737 14327 19284 6680 
18744 14330 19293 6681 
18747 14335 19303 6687 
18752 14336 19308 6689 
18761 14340 19311 6693 
18766 14348 19317 6697 
18772 14354 19326 6697 
18781 14357 19331 6697 
18787 14363 19340 6700 
18790 14370 19346 6701 
18795 14375 19351 6704 
18799 14379 19356 6707 
18805 14385 19363 6715 
18811 14389 19371 6716 
18819 14393 19379 6718 
18825 14399 19387 6719 
18829 14405 19390 6725 
18833 14409 19393 6728 
18839 14418 19400 6730 
18844 14423 19405 6731 
18849 14429 19410 6735 
18853 14434 19418 6736 
18861 14437 19425 6738 
18871 14443 19430 6740 
18876 14445 19436 6742 
18879 14448 19445 6743 
18888 14454 19453 6743 
18891 14459 19459 6745 
18899 14462 19469 6748 
18907 14465 19475 6750 
18915 14470 19479 6750 
18919 14476 19482 6751 
18925 14486 19486 6753 
18930 14493 19494 6758 
18936 14498 19506 6763 
18939 14501 19520 6765 
18944 14503 19527 6768 
18952 14507 19531 6770 
18954 14514 19534 6774 
18960 14521 19541 6776 
18965 14526 19551 6776 
18972 14528 19555 6779 
18978 14530 19556 6781 
18985 14534 19563 6782 
18990 14540 19573 6785 
18995 14544 19581 6788 
19001 14549 19587 6791 
19007 14553 19591 6792 
19012 14559 19600 6794 
19021 14563 19607 6795 
19025 14567 19616 6797 
19032 14573 19619 6797 
19038 14577 19624 6800 
19046 14583 19628 6808 
19049 14591 19635 6812 
19056 14595 19641 6814 
19062 14598 19648 6815 
19062 14602 19653 6818 
19066 14606 19660 6819 
19074 14613 19674 6819 
19078 14618 19681 6823 
19084 14622 19685 6826 
19093 14630 19689 6830 
19095 14635 19695 6833 
19097 14642 19701 6834 
19099 14647 19711 6835 
19103 14656 19717 6839 
19108 14662 19722 6844 
19111 14671 19728 6848 
19117 14676 19738 6853 
19128 14679 19748 6854 
19133 14685 19750 6858 
19139 14691 19758 6860 
19147 14696 19767 6862 
19158 14699 19774 6864 
19166 14702 19782 6864 
19171 14707 19791 6865 
19179 14710 19796 6865 
19188 14711 19801 6868 
19195 14713 19808 6872 
19203 14716 19813 6874 
19208 14719 19818 6874 
19222 14725 19820 6877 
19226 14732 19829 6879 
19236 14736 19835 6882 
19244 14740 19840 6883 
19250 14742 19846 6887 
19255 14749 19855 6889 
19269 14753 19861 6891 
19277 14755 19868 6891 
19281 14758 19879 6893 
19284 14764 19886 6896 
19287 14770 19891 6899 
19292 14777 19896 6900 
19294 14781 19905 6901 
19297 14789 19914 6904 
19300 14796 19925 6908 
19302 14802 19931 6910 
19310 14805 19937 6912 
19319 14807 19941 6913 
19326 14812 19952 6917 
19330 14817 19960 6919 
19334 14820 19963 6923 
19343 14827 19968 6926 
19347 14829 19972 6929 
19350 14834 19979 6933 
19351 14838 19987 6937 
19361 14844 19996 6938 
19369 14847 20004 6939 
19375 14853 20009 6939 
19380 14856 20013 6941 
19382 14860 20020 6943 
19390 14866 20024 6945 
19398 14869 20030 6946 
19410 14875 20036 6948 
19411 14879 20042 6954 
19422 14884 20053 6956 
19431 14886 20055 6957 
19437 14894 20059 6959 
19446 14898 20066 6960 
19457 14905 20074 6964 
19464 14909 20085 6965 
19467 14916 20099 6967 
19471 14919 20105 6968 
19477 14922 20112 6970 
19484 14926 20120 6975 
19488 14929 20127 6977 
19498 14941 20136 6979 
19504 14947 20148 6984 
19515 14951 20154 6986 
19519 14952 20158 6988 
19523 14957 20170 6993 
19528 14960 20178 6994 
19530 14965 20186 6995 
19537 14968 20195 6995 
19544 14973 20200 6995 
19546 14977 20209 6996 
19548 14980 20216 7000 
19551 14985 20221 7001 
19562 14988 20225 7003 
19569 14991 20230 7005 
19573 14996 20239 7007 
19577 15001 20247 7007 
19582 15007 20252 7012 
19587 15011 20259 7015 
19590 15014 20264 7018 
19601 15022 20271 7019 
19606 15024 20276 7023 
19611 15027 20280 7024 
19616 15033 20288 7025 
19620 15035 20293 7026 
19623 15042 20302 7027 
19629 15050 20308 7032 
19633 15053 20312 7034 
19640 15056 20319 7036 
19649 15059 20326 7039 
19661 15062 20329 7043 
19669 15069 20343 7044 
19676 15074 20350 7049 
19686 15079 20357 7050 
19690 15087 20365 7051 
19694 15097 20372 7051 
19702 15101 20381 7052 
19704 15105 20389 7054 
19707 15107 20395 7057 
19719 15112 20405 7060 
19728 15115 20413 7061 
19735 15120 20417 7064 
19749 15124 20425 7066 
19757 15129 20431 7069 
19762 15136 20438 7070 
19767 15142 20448 7072 
19771 15147 20454 7072 
19776 15153 20456 7075 
19781 15157 20464 7078 
19786 15159 20471 7080 
19795 15164 20476 7082 
19800 15170 20484 7084 
19804 15179 20495 7085 
19809 15180 20507 7087 
19814 15183 20511 7091 
19822 15187 20520 7094 
19830 15193 20529 7099 
19834 15196 20530 7100 
19840 15199 20538 7103 
19847 15202 20544 7104 
19852 15207 20546 7106 
19858 15215 20555 7110 
19861 15220 20559 7110 
19866 15226 20564 7113 
19870 15229 20571 7118 
19876 15232 20577 7119 
19880 15241 20587 7122 
19887 15245 20593 7124 
19892 15247 20599 7129 
19893 15252 20605 7132 
19899 15260 20611 7138 
19904 15262 20611 7140 
19912 15267 20619 7144 
19914 15271 20624 7149 
19919 15278 20631 7150 
19926 15282 20636 7151 
19932 15285 20643 7152 
19937 15290 20646 7154 
19941 15291 20649 7154 
19946 15295 20655 7158 
19950 15299 20666 7158 
19959 15304 20675 7161 
19963 15308 20684 7163 
19970 15312 20691 7164 
19975 15318 20699 7164 
19982 15324 20708 7167 
19987 15329 20711 7170 
19992 15332 20716 7172 
19997 15338 20720 7174 
20004 15342 20729 7176 
20009 15346 20741 7179 
20013 15349 20749 7180 
20017 15357 20753 7183 
20021 15358 20763 7186 
20023 15362 20768 7188 
20027 15368 20778 7189 
20032 15376 20790 7192 
20035 15381 20802 7193 
20036 15384 20809 7198 
20041 15389 20816 7200 
20043 15396 20821 7201 
20050 15398 20830 7203 
20054 15402 20839 7205 
20059 15407 20844 7208 
20067 15413 20854 7212 
20070 15416 20860 7213 
20074 15420 20865 7214 
20080 15429 20876 7215 
20087 15434 20886 7217 
20090 15438 20889 7219 
20097 15446 20891 7219 
20102 15453 20893 7225 
20107 15458 20899 7227 
20113 15461 20907 7228 
20120 15463 20912 7231 
20130 15466 20918 7234 
20135 15471 20930 7239 
20142 15479 20940 7241 
20147 15484 20947 7241 
20158 15491 20955 7242 
20168 15499 20961 7244 
20172 15502 20965 7247 
20173 15509 20971 7257 
20178 15512 20974 7258 
20187 15516 20982 7261 
20196 15517 20985 7264 
20204 15519 20990 7268 
20211 15529 20994 7270 
20222 15529 21003 7271 
20227 15536 21012 7274 
20234 15541 21020 7276 
20236 15547 21024 7279 
20246 15550 21029 7282 
20250 15554 21038 7285 
20258 15556 21046 7288 
20264 15559 21057 7290 
20270 15566 21060 7291 
20276 15571 21066 7293 
20284 15576 21076 7295 
20295 15583 21079 7298 
20298 15590 21085 7299 
20300 15595 21093 7299 
20303 15601 21099 7300 
20309 15606 21104 7304 
20314 15610 21111 7307 
20321 15614 21118 7310 
20327 15616 21124 7313 
20333 15624 21129 7315 
20335 15628 21137 7316 
20342 15632 21148 7317 
20347 15637 21155 7318 
20350 15645 21163 7319 
20356 15649 21170 7321 
20357 15652 21174 7324 
20360 15658 21180 7325 
20367 15662 21185 7326 
20371 15669 21187 7327 
20376 15672 21194 7331 
20384 15678 21203 7333 
20388 15680 21209 7335 
20394 15685 21216 7336 
20400 15692 21226 7339 
20403 15700 21236 7339 
20413 15705 21243 7342 
20418 15715 21250 7344 
20427 15719 21255 7345 
20432 15723 21259 7347 
20439 15731 21270 7350 
20447 15737 21277 7352 
20456 15746 21280 7354 
20464 15750 21287 7358 
20470 15754 21292 7360 
20479 15761 21302 7364 
20487 15763 21308 7368 
20490 15772 21311 7371 
20496 15778 21320 7372 
20504 15784 21326 7376 
20508 15788 21333 7379 
20512 15797 21338 7383 
20521 15799 21346 7384 
20529 15804 21352 7385 
20536 15808 21358 7387 
20540 15814 21367 7388 
20549 15815 21371 7392 
20556 15818 21376 7395 
20560 15825 21388 7397 
20567 15833 21395 7402 
20573 15838 21401 7405 
20581 15841 21409 7409 
20589 15844 21418 7412 
20592 15851 21424 7415 
20597 15856 21429 7416 
20601 15857 21434 7417 
20603 15861 21443 7420 
20608 15864 21447 7422 
20610 15867 21451 7423 
20612 15872 21456 7425 
20617 15876 21462 7427 
20623 15882 21468 7428 
20628 15887 21473 7428 
20632 15893 21479 7431 
20641 15898 21486 7433 
20648 15899 21488 7436 
20658 15907 21494 7436 
20665 15913 21498 7438 
20673 15916 21504 7439 
20678 15927 21512 7444 
20689 15930 21515 7447 
20693 15935 21518 7449 
20699 15949 21522 7451 
20703 15954 21524 7453 
20706 15961 21527 7456 
20713 15964 21533 7459 
20717 15969 21539 7461 
20725 15978 21547 7463 
20730 15980 21554 7463 
20739 15987 21557 7464 
20745 15992 21565 7468 
20750 15999 21572 7471 
20754 16006 21582 7476 
20759 16015 21588 7479 
20764 16020 21595 7482 
20771 16024 21600 7486 
20778 16027 21607 7488 
20786 16032 21617 7488 
20793 16033 21624 7493 
20801 16034 21629 7494 
20810 16042 21638 7496 
20814 16045 21649 7499 
20820 16047 21658 7501 
20827 16050 21666 7502 
20835 16055 21672 7504 
20840 16060 21681 7507 
20844 16064 21690 7511 
20854 16069 21695 7513 
20857 16073 21701 7514 
20866 16076 21706 7518 
20872 16080 21710 7521 
20879 16081 21716 7522 
20888 16083 21722 7525 
20891 16089 21731 7527 
20897 16093 21737 7530 
20904 16102 21741 7533 
20909 16110 21752 7536 
20914 16114 21761 7538 
20917 16119 21766 7540 
20923 16125 21775 7545 
20934 16126 21781 7546 
20937 16128 21792 7548 
20945 16130 21803 7549 
20946 16135 21810 7550 
20953 16138 21815 7551 
20962 16143 21818 7553 
20968 16150 21822 7558 
20972 16152 21831 7558 
20977 16157 21842 7562 
20981 16171 21845 7563 
20985 16179 21851 7568 
20989 16181 21855 7571 
20997 16182 21862 7573 
21003 16185 21869 7576 
21010 16190 21879 7579 
21016 16192 21886 7581 
21022 16197 21892 7581 
21026 16200 21899 7582 
21031 16204 21904 7583 
21035 16212 21910 7588 
21046 16218 21914 7590 
21052 16223 21921 7593 
21057 16225 21926 7594 
21062 16231 21937 7597 
21064 16235 21944 7600 
21071 16240 21949 7601 
21076 16247 21957 7604 
21085 16252 21966 7609 
21086 16257 21978 7610 
21094 16261 21983 7611 
21100 16264 21988 7617 
21104 16273 21995 7619 
21110 16278 21999 7624 
21117 16281 22006 7627 
21122 16282 22012 7628 
21127 16288 22017 7629 
21132 16295 22026 7633 
21136 16298 22035 7634 
21143 16305 22042 7638 
21151 16308 22050 7639 
21157 16312 22062 7640 
21161 16317 22071 7642 
21170 16322 22077 7645 
21174 16335 22082 7648 
21184 16339 22090 7649 
21193 16343 22099 7649 
21198 16344 22107 7651 
21205 16348 22111 7654 
21207 16353 22114 7658 
21211 16358 22120 7661 
21215 16362 22127 7661 
21224 16367 22138 7665 
21234 16368 22147 7670 
21237 16371 22152 7675 
21239 16380 22159 7676 
21241 16384 22164 7680 
21245 16388 22176 7683 
21256 16392 22181 7685 
21266 16395 22186 7687 
21275 16403 22191 7687 
21281 16404 22197 7692 
21287 16411 22202 7694 
21295 16416 22208 7695 
21299 16421 22217 7695 
21305 16424 22224 7695 
21312 16429 22229 7698 
21319 16433 22232 7702 
21324 16438 22239 7703 
21329 16445 22243 7707 
21335 16450 22250 7709 
21345 16458 22256 7709 
21349 16461 22261 7714 
21354 16464 22267 7719 
21356 16465 22273 7723 
21360 16470 22282 7724 
21366 16479 22290 7733 
21378 16482 22302 7736 
21385 16483 22310 7737 
21393 16484 22322 7740 
21400 16492 22324 7743 
21407 16496 22329 7743 
21412 16505 22340 7749 
21420 16512 22346 7753 
21424 16515 22355 7758 
21430 16521 22361 7762 
21436 16528 22365 7762 
21443 16529 22370 7764 
21448 16534 22375 7767 
21458 16537 22379 7768 
21467 16540 22385 7770 
21472 16544 22397 7772 
21477 16551 22403 7776 
21481 16557 22408 7779 
21486 16559 22414 7780 
21491 16567 22421 7781 
21492 16569 22429 7783 
21498 16576 22437 7785 
21502 16583 22440 7787 
21506 16583 22444 7789 
21514 16588 22449 7792 
21520 16592 22458 7794 
21525 16596 22466 7795 
21527 16598 22472 7797 
21531 16605 22481 7802 
21538 16609 22492 7804 
21539 16611 22501 7805 
21542 16620 22504 7807 
21550 16631 22509 7807 
21553 16633 22520 7807 
21556 16643 22526 7808 
21561 16646 22533 7808 
21571 16653 22540 7809 
21574 16658 22549 7811 
21584 16664 22557 7812 
21592 16667 22565 7813 
21598 16673 22568 7815 
21601 16676 22574 7818 
21609 16682 22581 7820 
21616 16687 22587 7822 
21619 16690 22593 7825 
21625 16695 22593 7826 
21633 16702 22596 7827 
21638 16705 22602 7829 
21641 16707 22607 7834 
21646 16710 22615 7839 
21650 16714 22620 7842 
21657 16725 22630 7843 
21662 16726 22633 7845 
21665 16730 22644 7846 
21669 16735 22651 7848 
21675 16739 22661 7852 
21683 16741 22668 7855 
21694 16745 22676 7858 
21697 16749 22679 7859 
21705 16758 22683 7863 
21710 16762 22693 7865 
21710 16771 22700 7867 
21719 16775 22706 7869 
21725 16780 22715 7870 
21730 16781 22722 7872 
21736 16784 22728 7873 
21742 16786 22732 7873 
21744 16789 22741 7876 
21752 16796 22748 7877 
21762 16805 22753 7879 
21769 16810 22759 7880 
21775 16815 22765 7881 
21785 16820 22775 7882 
21795 16825 22779 7886 
21806 16827 22783 7892 
21811 16830 22789 7894 
21819 16839 22795 7895 
21828 16842 22808 7897 
21835 16848 22815 7900 
21841 16855 22821 7904 
21845 16863 22831 7907 
21849 16869 22836 7907 
21855 16877 22843 7910 
21859 16881 22849 7911 
21867 16886 22852 7916 
21876 16894 22862 7917 
21881 16898 22869 7917 
21885 16904 22873 7920 
21891 16908 22883 7921 
21898 16913 22890 7923 
21906 16919 22898 7926 
21912 16925 22905 7928 
21915 16932 22914 7928 
21923 16937 22919 7934 
21930 16942 22924 7939 
21935 16947 22935 7940 
21947 16952 22944 7942 
21950 16959 22948 7948 
21955 16967 22957 7949 
21960 16973 22963 7952 
21969 16975 22965 7954 
21982 16976 22970 7956 
21991 16981 22978 7959 
21995 16987 22986 7959 
21998 16995 22990 7963 
22004 16999 22997 7964 
22012 17006 23006 7964 
22016 17013 23017 7965 
22021 17018 23023 7966 
22026 17025 23027 7968 
22035 17032 23031 7969 
22041 17039 23037 7971 
22043 17044 23043 7972 
22049 17049 23048 7976 
22058 17053 23056 7981 
22063 17056 23066 7983 
22068 17062 23074 7983 
22072 17070 23075 7986 
22079 17073 23081 7988 
22085 17075 23085 7991 
22094 17078 23098 7991 
22101 17081 23099 7994 
22111 17087 23103 7995 
22116 17093 23106 7999 
22124 17101 23108 8003 
22131 17105 23115 8005 
22135 17112 23126 8005 
22142 17117 23136 8007 
22155 17122 23142 8007 
22166 17129 23145 8010 
22172 17137 23153 8015 
22175 17141 23162 8017 
22179 17146 23169 8018 
22189 17149 23173 8020 
22191 17153 23179 8021 
22196 17161 23183 8026 
22200 17166 23185 8027 
22207 17168 23198 8028 
22213 17175 23204 8032 
22218 17181 23206 8037 
22227 17185 23209 8041 
22229 17189 23215 8042 
22237 17191 23226 8045 
22240 17195 23232 8046 
22248 17202 23241 8050 
22257 17210 23247 8053 
22266 17213 23254 8057 
22272 17219 23267 8060 
22277 17227 23269 8061 
22283 17235 23274 8061 
22289 17239 23284 8063 
22297 17249 23290 8065 
22300 17253 23298 8067 
22308 17265 23304 8069 
22322 17268 23316 8073 
22329 17272 23321 8074 
22339 17281 23323 8078 
22346 17287 23328 8080 
22354 17290 23340 8082 
22362 17296 23345 8083 
22366 17301 23349 8083 
22370 17302 23357 8086 
22370 17307 23360 8092 
22376 17311 23365 8097 
22381 17314 23377 8100 
22384 17317 23387 8100 
22391 17320 23392 8102 
22395 17326 23399 8106 
22398 17333 23407 8108 
22403 17337 23415 8109 
22403 17346 23418 8111 
22408 17350 23427 8112 
