0 0 0 0 
3 2 4 2 
7 8 10 3 
10 9 14 5 
13 11 15 7 
19 15 18 9 
28 16 24 10 
37 20 26 14 
41 23 30 15 
51 26 36 15 
53 28 41 17 
59 30 46 18 
64 32 52 18 
72 44 58 21 
79 47 63 21 
82 49 64 24 
91 49 74 26 
98 51 79 26 
103 56 83 26 
111 61 84 27 
112 66 87 30 
117 72 92 32 
125 72 97 33 
132 72 100 36 
135 74 103 36 
140 76 108 37 
149 79 112 38 
152 80 116 41 
155 81 122 43 
163 85 126 43 
167 89 130 44 
168 93 137 45 
174 96 144 48 
182 100 147 50 
184 105 150 52 
189 107 152 55 
196 110 157 56 
200 112 162 57 
205 116 168 58 
214 121 173 62 
223 126 180 64 
228 127 188 66 
230 134 191 68 
237 136 198 70 
241 140 204 74 
245 145 208 74 
251 149 213 77 
254 152 222 78 
260 152 229 78 
264 156 234 82 
267 161 239 82 
270 161 245 83 
276 163 252 84 
281 164 255 87 
284 168 263 89 
289 171 266 90 
295 176 274 90 
299 178 281 91 
302 180 285 94 
306 185 286 97 
313 188 292 97 
318 193 299 99 
325 197 305 100 
329 200 309 100 
337 204 314 100 
343 208 320 104 
345 209 324 108 
354 214 328 108 
359 218 334 108 
365 222 341 109 
376 227 347 114 
382 233 351 118 
388 237 361 119 
396 243 368 122 
403 248 372 122 
408 251 380 122 
412 256 381 125 
415 260 387 125 
421 264 390 129 
431 266 395 134 
436 267 398 137 
441 269 401 137 
450 271 406 137 
457 274 409 138 
459 278 416 142 
463 279 420 143 
472 283 423 144 
477 288 426 145 
482 293 430 145 
489 297 436 147 
494 301 442 151 
497 306 446 152 
508 311 449 152 
514 315 451 153 
519 315 459 154 
523 319 463 156 
527 324 465 161 
530 328 470 166 
535 332 478 166 
543 340 484 171 
547 344 488 172 
554 345 492 173 
558 348 495 176 
561 352 499 178 
564 359 504 182 
568 364 507 182 
573 369 513 183 
580 373 516 186 
585 375 521 191 
595 378 526 192 
597 381 528 194 
604 383 532 197 
608 385 541 200 
613 387 545 201 
615 389 549 202 
616 395 552 207 
622 401 557 209 
629 403 565 210 
639 407 566 211 
645 416 570 211 
652 423 576 213 
655 426 581 214 
659 432 587 216 
667 433 594 218 
669 435 600 219 
676 437 603 219 
679 444 611 221 
683 447 616 226 
688 453 622 227 
694 461 626 229 
698 466 632 233 
703 471 637 235 
708 476 646 237 
712 478 648 240 
720 478 650 241 
725 483 652 244 
734 485 655 246 
738 487 659 250 
743 492 662 253 
749 495 665 255 
755 499 666 256 
761 503 669 259 
763 506 678 262 
768 508 683 263 
774 510 689 267 
778 517 694 268 
781 518 696 268 
787 522 702 268 
792 524 706 270 
794 529 712 271 
807 531 716 272 
808 537 720 276 
814 540 722 278 
820 542 728 280 
825 546 734 281 
829 547 741 281 
832 550 746 282 
842 554 754 287 
848 558 758 289 
853 565 764 290 
859 569 765 293 
865 575 772 293 
870 579 775 295 
874 582 780 296 
879 587 787 297 
886 590 792 298 
891 593 796 301 
896 595 801 302 
897 599 807 304 
903 603 817 305 
906 605 825 306 
912 612 829 308 
919 615 831 309 
924 621 838 309 
934 622 841 311 
938 625 848 314 
942 628 852 315 
948 630 859 318 
950 638 862 319 
958 641 866 322 
962 646 871 323 
967 650 875 328 
970 656 883 331 
973 660 887 333 
979 669 892 335 
984 673 898 338 
985 675 903 339 
991 679 909 339 
998 681 918 340 
1002 683 919 342 
1007 685 928 343 
1013 686 933 344 
1019 691 939 347 
1027 691 946 348 
1032 697 953 349 
1039 702 961 352 
1046 702 964 355 
1049 703 970 358 
1055 704 976 359 
1062 713 981 360 
1067 719 982 361 
1072 721 987 361 
1075 724 993 362 
1079 728 999 364 
1087 732 1001 364 
1092 734 1004 364 
1096 736 1008 367 
1100 739 1015 371 
1106 740 1018 373 
1109 742 1024 375 
1110 746 1027 375 
1117 747 1032 375 
1123 750 1036 379 
1129 751 1047 380 
1142 753 1052 382 
1145 754 1057 384 
1151 756 1061 386 
1155 759 1065 388 
1165 763 1068 389 
1173 765 1075 390 
1183 770 1081 393 
1189 773 1086 393 
1193 778 1093 395 
1197 781 1096 397 
1205 783 1100 398 
1209 789 1104 398 
1213 791 1110 398 
1217 794 1116 402 
1222 798 1121 404 
1226 800 1126 405 
1236 805 1127 406 
1242 808 1130 407 
1249 810 1135 407 
1255 814 1136 409 
1262 818 1142 409 
1268 823 1150 410 
1271 826 1153 411 
1279 830 1158 415 
1287 833 1168 416 
1293 839 1171 419 
1300 846 1180 421 
1308 850 1181 423 
1315 854 1187 424 
1319 855 1189 426 
1325 858 1192 430 
1336 860 1198 431 
1340 864 1202 434 
1350 865 1208 436 
1356 870 1214 438 
1359 879 1218 441 
1364 881 1228 445 
1369 884 1236 448 
1372 887 1246 450 
1379 890 1254 451 
1385 894 1259 454 
1389 899 1267 455 
1394 902 1272 457 
1398 905 1276 458 
1401 909 1282 459 
1403 912 1289 460 
1409 914 1291 461 
1412 916 1294 464 
1416 918 1300 465 
1422 923 1304 465 
1426 924 1308 468 
1433 926 1316 468 
1436 931 1325 471 
1441 933 1330 471 
1447 935 1336 471 
1453 938 1341 472 
1462 940 1345 473 
1462 947 1351 473 
1470 952 1355 475 
1477 952 1359 479 
1482 956 1360 480 
1485 960 1365 484 
1487 964 1369 485 
1494 969 1377 486 
1503 973 1386 486 
1510 974 1392 487 
1513 977 1395 489 
1523 982 1399 490 
1528 984 1404 491 
1530 989 1413 494 
1535 996 1418 497 
1538 998 1422 499 
1547 1002 1426 504 
1553 1007 1428 506 
1557 1010 1432 508 
1560 1013 1438 509 
1564 1015 1444 510 
1572 1016 1450 514 
1580 1017 1458 515 
1586 1018 1463 517 
1595 1021 1470 518 
1598 1026 1475 523 
1603 1027 1486 524 
1605 1028 1491 524 
1610 1030 1496 525 
1616 1031 1501 529 
1621 1032 1504 531 
1626 1035 1511 531 
1627 1037 1515 531 
1636 1044 1521 531 
1642 1044 1528 533 
1644 1049 1532 534 
1649 1052 1537 536 
1655 1058 1545 537 
1660 1063 1548 539 
1665 1068 1553 542 
1670 1069 1562 544 
1676 1071 1566 545 
1686 1078 1570 546 
1692 1080 1574 548 
1696 1082 1578 552 
1702 1085 1582 552 
1708 1090 1585 552 
1712 1095 1590 555 
1720 1099 1595 558 
1722 1100 1599 562 
1725 1101 1606 563 
1729 1106 1613 565 
1737 1110 1617 570 
1743 1114 1621 572 
1747 1117 1625 572 
1751 1118 1631 572 
1760 1124 1636 573 
1763 1127 1641 573 
1768 1130 1643 577 
1774 1132 1646 577 
1779 1136 1652 578 
1791 1142 1653 581 
1799 1146 1658 582 
1805 1148 1662 585 
1810 1154 1665 587 
1817 1160 1669 588 
1823 1170 1672 590 
1824 1173 1677 592 
1829 1178 1681 592 
1833 1182 1689 594 
1841 1188 1694 597 
1846 1194 1699 600 
1855 1199 1706 603 
1860 1203 1710 606 
1866 1210 1714 607 
1872 1213 1719 608 
1880 1215 1727 609 
1885 1224 1734 610 
1893 1227 1737 611 
1899 1232 1740 613 
1908 1233 1746 614 
1914 1238 1750 614 
1922 1242 1753 615 
1927 1244 1753 615 
1931 1251 1759 618 
1932 1259 1763 619 
1938 1262 1764 620 
1944 1265 1770 622 
1954 1269 1779 624 
1960 1274 1782 626 
1964 1276 1787 628 
1968 1277 1793 631 
1972 1284 1798 633 
1975 1286 1805 633 
1982 1289 1809 634 
1985 1292 1813 637 
1992 1300 1819 638 
1995 1307 1822 641 
2003 1311 1827 644 
2007 1313 1835 645 
2014 1320 1841 646 
2019 1324 1846 647 
2030 1326 1851 648 
2032 1330 1855 651 
2035 1331 1859 652 
2040 1335 1864 653 
2046 1338 1866 654 
2053 1343 1866 655 
2061 1349 1868 656 
2067 1351 1869 659 
2071 1357 1873 662 
2074 1361 1879 664 
2078 1367 1883 666 
2085 1372 1886 669 
2092 1376 1894 670 
2097 1380 1898 671 
2102 1382 1905 673 
2107 1385 1912 673 
2111 1389 1919 678 
2118 1396 1927 679 
2122 1400 1930 681 
2129 1402 1934 682 
2138 1404 1937 683 
2147 1409 1944 685 
2153 1413 1955 688 
2160 1418 1963 690 
2169 1423 1969 691 
2174 1424 1975 692 
2181 1426 1980 693 
2189 1428 1991 695 
2191 1429 2002 695 
2199 1433 2007 696 
2206 1434 2014 696 
2210 1435 2018 698 
2215 1439 2021 698 
2221 1442 2024 698 
2224 1444 2028 701 
2226 1447 2039 703 
2230 1448 2040 705 
2236 1453 2043 707 
2241 1455 2049 709 
2245 1457 2055 710 
2251 1460 2059 713 
2255 1462 2066 715 
2259 1466 2072 717 
2263 1471 2083 719 
2267 1477 2087 722 
2271 1480 2092 723 
2276 1486 2096 724 
2283 1496 2101 724 
2292 1499 2106 725 
2296 1501 2110 725 
2303 1505 2115 725 
2308 1506 2121 729 
2315 1509 2124 731 
2320 1514 2129 733 
2323 1521 2132 734 
2326 1529 2137 735 
2334 1536 2142 736 
2337 1540 2148 736 
2340 1545 2151 738 
2345 1546 2155 742 
2350 1548 2161 744 
2354 1553 2167 745 
2360 1555 2176 749 
2371 1560 2180 749 
2373 1563 2184 751 
2378 1567 2191 756 
2385 1568 2194 757 
2392 1575 2199 758 
2401 1580 2205 763 
2406 1583 2209 764 
2412 1586 2212 765 
2421 1591 2215 768 
2425 1595 2218 771 
2429 1596 2227 773 
2434 1601 2229 777 
2436 1609 2233 779 
2440 1611 2238 784 
2448 1612 2245 788 
2453 1618 2246 793 
2459 1622 2247 793 
2462 1626 2252 796 
2465 1629 2256 796 
2469 1632 2261 796 
2476 1636 2266 798 
2482 1641 2270 798 
2491 1646 2274 799 
2495 1648 2275 799 
2500 1654 2280 799 
2503 1658 2288 802 
2508 1660 2291 805 
2513 1665 2297 807 
2519 1669 2301 807 
2527 1675 2305 807 
2531 1678 2308 810 
2538 1683 2311 813 
2546 1688 2316 813 
2550 1690 2321 816 
2559 1695 2326 817 
2563 1698 2327 820 
2564 1700 2336 822 
2565 1702 2339 822 
2572 1708 2340 825 
2578 1713 2345 826 
2582 1716 2349 826 
2587 1720 2358 828 
2594 1722 2361 829 
2599 1724 2364 831 
2604 1729 2371 832 
2613 1733 2376 836 
2615 1737 2385 837 
2622 1742 2389 838 
2630 1749 2394 839 
2636 1750 2397 843 
2639 1753 2406 844 
2646 1758 2413 846 
2652 1763 2420 847 
2656 1769 2424 850 
2660 1775 2429 851 
2663 1780 2437 852 
2668 1782 2438 853 
2673 1785 2439 861 
2677 1786 2444 861 
2681 1788 2450 862 
2687 1792 2454 863 
2693 1798 2456 865 
2699 1803 2460 865 
2701 1805 2467 866 
2708 1808 2474 867 
2712 1812 2481 867 
2718 1815 2486 868 
2727 1817 2494 869 
2733 1819 2498 870 
2735 1826 2502 871 
2739 1829 2505 873 
2747 1833 2511 877 
2754 1837 2518 880 
2757 1841 2525 880 
2760 1843 2529 882 
2767 1845 2535 882 
2775 1848 2540 884 
2783 1852 2548 886 
2788 1854 2553 887 
2793 1857 2556 890 
2798 1862 2564 890 
2806 1867 2565 890 
2811 1876 2573 892 
2812 1883 2580 894 
2818 1890 2584 897 
2822 1895 2591 900 
2826 1898 2596 901 
2832 1903 2606 902 
2837 1911 2610 907 
2842 1915 2616 907 
2848 1918 2624 909 
2856 1923 2628 910 
2865 1927 2632 911 
2869 1931 2635 917 
2872 1936 2640 917 
2876 1937 2644 918 
2887 1941 2653 920 
2897 1942 2656 922 
2898 1945 2663 926 
2905 1948 2667 926 
2909 1952 2670 928 
2914 1956 2678 930 
2915 1962 2682 931 
2920 1964 2692 937 
2928 1969 2697 938 
2941 1972 2700 941 
2948 1975 2704 943 
2952 1977 2708 946 
2959 1979 2712 947 
2967 1984 2716 951 
2974 1987 2725 951 
2984 1991 2728 956 
2988 1996 2736 959 
2991 2000 2744 961 
2995 2005 2749 962 
2998 2009 2757 963 
3002 2015 2759 964 
3005 2021 2765 967 
3013 2022 2774 969 
3019 2024 2779 971 
3026 2029 2785 972 
3032 2031 2792 973 
3037 2035 2801 976 
3043 2037 2806 978 
3053 2039 2811 982 
3058 2046 2818 985 
3064 2049 2824 987 
3066 2053 2831 988 
3070 2058 2835 989 
3073 2061 2842 991 
3078 2066 2845 995 
3085 2067 2851 995 
3090 2072 2853 996 
3097 2078 2856 996 
3102 2082 2864 998 
3111 2086 2875 1000 
3118 2092 2882 1000 
3121 2097 2888 1001 
3130 2100 2898 1003 
3140 2103 2902 1005 
3143 2107 2903 1006 
3147 2110 2909 1007 
3155 2112 2914 1008 
3158 2119 2919 1009 
3160 2120 2928 1013 
3162 2125 2933 1017 
3169 2127 2937 1018 
3177 2132 2940 1018 
3179 2138 2945 1019 
3184 2145 2952 1021 
3189 2146 2956 1022 
3192 2150 2961 1024 
3197 2151 2966 1026 
3203 2157 2972 1029 
3208 2159 2979 1030 
3214 2163 2987 1032 
3218 2165 2989 1033 
3223 2168 2994 1034 
3226 2174 3001 1034 
3232 2178 3002 1035 
3234 2183 3006 1037 
3237 2186 3009 1038 
3242 2191 3013 1043 
3244 2195 3021 1044 
3246 2199 3024 1046 
3252 2202 3029 1047 
3257 2206 3036 1049 
3260 2212 3042 1052 
3266 2215 3048 1056 
3271 2218 3053 1057 
3276 2219 3058 1059 
3282 2225 3064 1060 
3291 2228 3068 1060 
3297 2229 3073 1064 
3302 2231 3080 1066 
3307 2237 3087 1066 
3315 2241 3095 1067 
3316 2247 3098 1070 
3318 2252 3102 1073 
3325 2256 3108 1073 
3331 2262 3114 1075 
3332 2264 3121 1077 
3340 2269 3125 1077 
3342 2273 3126 1078 
3346 2279 3133 1078 
3351 2282 3137 1082 
3356 2285 3139 1082 
3361 2292 3143 1082 
3363 2296 3146 1083 
3371 2299 3150 1085 
3379 2305 3156 1086 
3385 2308 3159 1090 
3390 2315 3167 1090 
3395 2319 3173 1092 
3399 2327 3176 1092 
3406 2332 3183 1095 
3411 2337 3185 1096 
3416 2339 3194 1098 
3421 2344 3196 1098 
3424 2347 3201 1101 
3427 2353 3204 1103 
3433 2355 3207 1103 
3438 2356 3208 1105 
3443 2360 3213 1105 
3447 2362 3222 1105 
3450 2364 3223 1105 
3455 2373 3225 1110 
3466 2378 3228 1111 
3468 2386 3233 1112 
3474 2387 3240 1114 
3482 2388 3242 1115 
3497 2394 3246 1118 
3504 2399 3252 1122 
3508 2403 3260 1124 
3514 2407 3265 1126 
3521 2411 3270 1126 
3524 2412 3276 1126 
3529 2415 3279 1127 
3533 2421 3281 1129 
3540 2427 3287 1130 
3550 2431 3290 1133 
3556 2435 3300 1134 
3563 2438 3303 1135 
3570 2441 3306 1137 
3573 2445 3312 1140 
3579 2448 3316 1143 
3581 2453 3324 1144 
3587 2457 3328 1144 
3590 2460 3337 1146 
3592 2463 3342 1147 
3594 2464 3348 1148 
3600 2464 3352 1148 
3601 2466 3358 1150 
3607 2469 3365 1157 
3614 2473 3369 1159 
3617 2475 3375 1161 
3626 2480 3380 1163 
3630 2481 3383 1164 
3636 2484 3389 1167 
3641 2487 3398 1167 
3643 2491 3400 1167 
3647 2497 3408 1167 
3649 2498 3419 1171 
3655 2503 3423 1172 
3658 2509 3426 1176 
3668 2512 3431 1177 
3674 2516 3437 1181 
3679 2521 3441 1182 
3687 2527 3444 1183 
3696 2529 3447 1185 
3702 2537 3451 1186 
3713 2538 3454 1190 
3721 2542 3459 1192 
3726 2544 3464 1193 
3729 2549 3467 1195 
3736 2550 3470 1195 
3744 2554 3479 1196 
3750 2560 3483 1199 
3758 2563 3488 1200 
3766 2567 3491 1204 
3771 2569 3495 1206 
3775 2572 3499 1209 
3782 2579 3506 1210 
3787 2583 3512 1210 
3790 2587 3519 1213 
3795 2591 3523 1214 
3800 2594 3527 1215 
3808 2597 3531 1217 
3811 2598 3532 1218 
3815 2604 3536 1219 
3823 2607 3540 1221 
3826 2613 3541 1225 
3828 2617 3547 1226 
3832 2621 3553 1228 
3841 2625 3556 1231 
3848 2627 3563 1233 
3853 2630 3570 1234 
3860 2633 3575 1235 
3864 2639 3580 1237 
3870 2643 3584 1238 
3874 2648 3596 1240 
3881 2653 3597 1242 
3887 2656 3599 1245 
3890 2658 3603 1247 
3894 2666 3607 1249 
3898 2667 3611 1250 
3902 2670 3616 1252 
3905 2673 3618 1254 
3908 2676 3623 1255 
3914 2679 3635 1255 
3925 2680 3644 1255 
3932 2681 3649 1260 
3934 2684 3652 1262 
3940 2689 3658 1263 
3946 2694 3664 1266 
3951 2700 3668 1266 
3954 2702 3673 1269 
3958 2707 3674 1271 
3964 2712 3680 1274 
3968 2716 3688 1275 
3974 2717 3694 1276 
3979 2719 3699 1278 
3983 2723 3706 1282 
3989 2726 3711 1286 
3996 2731 3714 1289 
4003 2735 3719 1290 
4006 2739 3721 1294 
4017 2740 3724 1295 
4024 2744 3727 1297 
4033 2747 3732 1300 
4037 2748 3736 1302 
4043 2754 3742 1303 
4049 2757 3750 1305 
4054 2763 3757 1307 
4059 2766 3766 1310 
4064 2773 3770 1312 
4072 2776 3773 1312 
4075 2778 3777 1313 
4081 2780 3782 1318 
4083 2786 3787 1319 
4086 2791 3793 1319 
4092 2795 3801 1321 
4099 2802 3806 1321 
4108 2808 3811 1321 
4115 2810 3815 1324 
4119 2814 3820 1325 
4126 2820 3826 1326 
4132 2822 3829 1326 
4140 2823 3835 1330 
4144 2824 3839 1330 
4148 2826 3846 1330 
4152 2832 3852 1331 
4160 2838 3858 1334 
4166 2845 3862 1338 
4172 2852 3868 1338 
4176 2855 3873 1340 
4179 2856 3882 1341 
4187 2862 3889 1344 
4193 2866 3892 1346 
4195 2868 3898 1347 
4197 2869 3903 1349 
4204 2876 3911 1351 
4213 2879 3916 1352 
4216 2886 3927 1355 
4219 2895 3934 1356 
4224 2904 3938 1358 
4232 2906 3940 1359 
4235 2916 3943 1361 
4235 2920 3948 1363 
4240 2925 3952 1365 
4246 2929 3954 1366 
4251 2932 3961 1370 
4257 2934 3967 1371 
4261 2936 3969 1371 
4266 2940 3976 1372 
4276 2944 3982 1373 
4282 2946 3987 1373 
4291 2949 3993 1375 
4297 2953 3996 1376 
4304 2958 3999 1376 
4311 2963 4004 1377 
4317 2965 4013 1379 
4321 2972 4019 1381 
4326 2975 4021 1385 
4331 2979 4028 1387 
4335 2983 4036 1387 
4339 2989 4040 1390 
4347 2993 4048 1390 
4352 2998 4051 1392 
4355 3003 4053 1393 
4363 3007 4053 1394 
4368 3007 4059 1396 
4371 3012 4061 1398 
4382 3014 4068 1398 
4385 3020 4072 1400 
4393 3025 4078 1402 
4400 3028 4082 1405 
4403 3032 4087 1408 
4407 3033 4095 1410 
4415 3036 4098 1412 
4420 3040 4105 1414 
4426 3042 4110 1415 
4431 3043 4111 1416 
4436 3047 4120 1416 
4440 3049 4128 1417 
4447 3055 4138 1418 
4452 3057 4144 1422 
4458 3062 4147 1424 
4462 3066 4149 1426 
4469 3069 4155 1427 
4477 3073 4158 1430 
4479 3075 4167 1432 
4485 3075 4173 1435 
4491 3080 4179 1437 
4501 3084 4182 1441 
4508 3089 4187 1443 
4511 3093 4192 1444 
4512 3097 4199 1446 
4518 3099 4209 1446 
4524 3103 4215 1446 
4532 3107 4221 1448 
4539 3108 4226 1450 
4543 3114 4231 1451 
4546 3116 4235 1455 
4551 3122 4240 1459 
4553 3124 4246 1460 
4558 3128 4251 1466 
4564 3130 4255 1466 
4571 3130 4258 1471 
4578 3135 4265 1471 
4580 3140 4268 1473 
4586 3147 4270 1475 
4589 3150 4274 1475 
4591 3156 4279 1476 
4597 3157 4283 1477 
4600 3161 4293 1478 
4610 3163 4298 1479 
4616 3167 4302 1482 
4624 3174 4306 1486 
4633 3184 4313 1486 
4637 3192 4319 1487 
4641 3197 4323 1491 
4647 3197 4331 1491 
4653 3203 4336 1493 
4659 3207 4344 1495 
4667 3211 4352 1498 
4672 3214 4356 1502 
4678 3221 4362 1502 
4687 3223 4369 1502 
4689 3223 4377 1506 
4693 3228 4383 1507 
4700 3230 4392 1509 
4703 3235 4396 1510 
4708 3239 4402 1514 
4713 3243 4410 1517 
4718 3247 4417 1520 
4727 3249 4421 1521 
4732 3251 4427 1521 
4736 3254 4428 1523 
4744 3260 4431 1524 
4749 3262 4435 1525 
4754 3268 4436 1529 
4761 3272 4441 1529 
4766 3275 4448 1530 
4773 3278 4452 1534 
4778 3282 4454 1537 
4786 3285 4456 1540 
4793 3287 4459 1543 
4799 3290 4462 1545 
4804 3295 4466 1546 
4807 3300 4467 1548 
4811 3303 4474 1549 
4815 3307 4479 1551 
4818 3311 4489 1553 
4828 3312 4499 1554 
4836 3316 4504 1555 
4844 3318 4506 1556 
4846 3323 4510 1557 
4852 3326 4519 1560 
4857 3330 4521 1564 
4860 3332 4529 1565 
4866 3340 4536 1567 
4870 3343 4546 1567 
4876 3344 4550 1567 
4881 3348 4561 1570 
4886 3351 4563 1573 
4892 3355 4571 1576 
4895 3360 4577 1579 
4900 3361 4582 1582 
4906 3363 4587 1582 
4910 3368 4591 1584 
4914 3372 4594 1588 
4918 3375 4600 1592 
4923 3376 4603 1592 
4925 3380 4611 1599 
4927 3385 4621 1600 
4932 3386 4626 1604 
4934 3390 4633 1609 
4940 3391 4637 1613 
4944 3394 4641 1617 
4948 3400 4642 1620 
4953 3403 4643 1624 
4959 3405 4649 1625 
4965 3410 4654 1627 
4971 3411 4662 1629 
4976 3413 4670 1631 
4979 3416 4674 1632 
4983 3421 4679 1632 
4986 3424 4687 1635 
4991 3430 4693 1637 
4994 3433 4697 1638 
5000 3438 4702 1640 
5004 3441 4706 1644 
5011 3446 4712 1644 
5022 3455 4717 1645 
5027 3458 4724 1646 
5031 3462 4729 1646 
5034 3467 4735 1646 
5040 3471 4739 1648 
5042 3475 4746 1653 
5044 3477 4751 1654 
5048 3484 4757 1656 
5053 3491 4765 1656 
5057 3498 4773 1657 
5066 3504 4775 1659 
5073 3506 4780 1660 
5079 3512 4784 1664 
5083 3515 4790 1666 
5088 3522 4795 1668 
5090 3523 4800 1670 
5093 3525 4808 1672 
5098 3530 4814 1673 
5105 3537 4818 1675 
5112 3539 4819 1676 
5115 3542 4822 1677 
5123 3545 4832 1678 
5125 3552 4837 1683 
5131 3553 4838 1684 
5140 3558 4842 1687 
5141 3561 4851 1690 
5145 3567 4854 1694 
5150 3572 4857 1695 
5157 3577 4864 1697 
5162 3580 4868 1698 
5165 3585 4873 1701 
5170 3590 4881 1704 
5173 3592 4888 1708 
5177 3595 4897 1711 
5182 3602 4905 1713 
5184 3604 4910 1715 
5188 3607 4915 1718 
5195 3611 4917 1718 
5197 3617 4922 1719 
5203 3622 4934 1720 
5207 3626 4941 1720 
5210 3629 4945 1723 
5214 3632 4950 1725 
5218 3635 4952 1727 
5224 3638 4955 1730 
5232 3642 4957 1734 
5239 3648 4964 1735 
5243 3650 4970 1735 
5250 3653 4974 1739 
5258 3658 4982 1740 
5265 3664 4987 1741 
5273 3667 4993 1742 
5276 3670 4997 1744 
5281 3679 5003 1746 
5286 3687 5007 1746 
5291 3688 5017 1746 
5293 3690 5024 1747 
5295 3692 5032 1748 
5300 3696 5034 1749 
5302 3701 5044 1749 
5308 3706 5047 1749 
5310 3709 5051 1749 
5316 3712 5056 1751 
5323 3716 5065 1751 
5327 3721 5071 1751 
5332 3722 5080 1754 
5333 3723 5084 1755 
5342 3730 5092 1756 
5344 3732 5097 1759 
5349 3733 5104 1761 
5354 3734 5109 1762 
5360 3742 5113 1763 
5367 3745 5118 1766 
5379 3749 5120 1767 
5386 3754 5124 1768 
5391 3760 5126 1769 
5397 3763 5131 1771 
5402 3767 5136 1776 
5407 3773 5144 1779 
5412 3778 5153 1780 
5419 3782 5157 1782 
5424 3786 5160 1782 
5426 3792 5168 1782 
5432 3798 5179 1784 
5437 3802 5182 1785 
5441 3806 5185 1785 
5447 3812 5193 1787 
5454 3815 5196 1789 
5459 3818 5200 1790 
5467 3821 5203 1790 
5469 3823 5207 1790 
5470 3828 5212 1791 
5474 3834 5223 1792 
5482 3836 5227 1793 
5490 3841 5227 1794 
5491 3843 5235 1794 
5498 3847 5237 1795 
5503 3849 5248 1796 
5509 3849 5255 1798 
5515 3850 5258 1800 
5520 3856 5266 1802 
5525 3858 5270 1810 
5529 3859 5277 1811 
5529 3862 5282 1811 
5535 3870 5291 1813 
5539 3874 5296 1815 
5541 3876 5303 1816 
5546 3878 5308 1821 
5552 3882 5316 1823 
5558 3889 5323 1825 
5562 3896 5329 1826 
5568 3901 5331 1827 
5581 3905 5336 1827 
5584 3911 5342 1829 
5588 3916 5349 1830 
5592 3921 5353 1831 
5597 3928 5355 1832 
5606 3928 5363 1838 
5614 3930 5367 1842 
5616 3932 5370 1844 
5620 3936 5374 1846 
5624 3938 5380 1847 
5630 3944 5385 1850 
5637 3946 5388 1852 
5642 3951 5397 1856 
5651 3955 5403 1856 
5654 3960 5413 1857 
5659 3963 5418 1857 
5663 3966 5425 1857 
5667 3969 5431 1859 
5674 3977 5439 1859 
5683 3985 5445 1860 
5685 3991 5454 1862 
5691 4002 5457 1865 
5698 4006 5464 1866 
5706 4009 5469 1868 
5713 4018 5476 1871 
5721 4020 5485 1871 
5726 4024 5496 1873 
5730 4037 5501 1875 
5732 4040 5505 1877 
5736 4043 5509 1878 
5742 4048 5516 1878 
5748 4051 5522 1881 
5751 4055 5526 1884 
5754 4066 5532 1888 
5760 4072 5537 1893 
5766 4075 5540 1896 
5771 4078 5544 1899 
5775 4078 5548 1903 
5780 4081 5552 1905 
5783 4083 5554 1907 
5787 4087 5560 1910 
5796 4090 5562 1912 
5800 4096 5569 1915 
5806 4098 5575 1916 
5809 4102 5582 1919 
5812 4105 5584 1922 
5818 4112 5588 1923 
5823 4112 5593 1926 
5828 4114 5600 1931 
5836 4119 5603 1933 
5839 4128 5606 1934 
5845 4137 5610 1937 
5851 4140 5616 1940 
5852 4143 5624 1942 
5860 4145 5631 1945 
5865 4148 5633 1946 
5869 4156 5636 1949 
5872 4159 5639 1952 
5879 4160 5643 1953 
5883 4163 5646 1954 
5894 4165 5656 1954 
5900 4168 5660 1956 
5906 4170 5667 1958 
5909 4175 5674 1960 
5918 4180 5680 1962 
5921 4184 5684 1962 
5932 4189 5688 1963 
5938 4193 5690 1966 
5941 4199 5692 1969 
5943 4202 5700 1970 
5952 4207 5704 1973 
5958 4212 5711 1973 
5964 4215 5717 1974 
5968 4218 5721 1976 
5975 4224 5724 1976 
5980 4228 5729 1976 
5989 4234 5732 1977 
5993 4239 5737 1980 
6000 4248 5743 1983 
6007 4250 5751 1984 
6015 4252 5755 1984 
6018 4254 5757 1985 
6023 4258 5763 1987 
6026 4258 5768 1987 
6031 4262 5774 1988 
6038 4267 5778 1989 
6044 4269 5781 1992 
6048 4274 5785 1995 
6052 4277 5792 1998 
6058 4283 5803 1999 
6065 4286 5804 2005 
6070 4287 5810 2005 
6072 4293 5816 2005 
6079 4296 5825 2007 
6088 4298 5831 2007 
6090 4304 5838 2010 
6099 4308 5848 2011 
6106 4313 5853 2013 
6108 4318 5858 2015 
6117 4324 5863 2015 
6122 4327 5866 2016 
6129 4333 5872 2019 
6133 4336 5877 2023 
6139 4342 5882 2026 
6144 4346 5886 2030 
6148 4349 5891 2031 
6151 4353 5896 2033 
6157 4355 5900 2033 
6162 4357 5905 2035 
6170 4363 5911 2036 
6178 4367 5912 2039 
6183 4368 5919 2040 
6189 4377 5929 2043 
6198 4381 5933 2046 
6202 4382 5939 2047 
6208 4387 5944 2049 
6212 4392 5952 2053 
6217 4395 5957 2055 
6221 4400 5965 2056 
6226 4405 5974 2057 
6229 4416 5977 2057 
6235 4422 5984 2060 
6241 4426 5988 2063 
6245 4430 5997 2064 
6250 4439 5999 2069 
6253 4443 6002 2071 
6265 4447 6013 2072 
6269 4450 6015 2073 
6274 4453 6021 2075 
6283 4457 6026 2077 
6289 4462 6032 2079 
6293 4466 6037 2082 
6300 4471 6042 2082 
6302 4477 6045 2084 
6306 4483 6053 2084 
6308 4483 6058 2085 
6314 4487 6067 2085 
6316 4489 6071 2086 
6319 4493 6074 2088 
6326 4500 6085 2090 
6331 4507 6090 2092 
6334 4510 6096 2095 
6336 4514 6106 2097 
6343 4518 6109 2099 
6347 4524 6117 2100 
6354 4525 6120 2102 
6360 4528 6126 2104 
6364 4534 6130 2108 
6370 4541 6135 2111 
6376 4547 6140 2115 
6380 4548 6145 2117 
6384 4550 6151 2118 
6390 4556 6153 2118 
6398 4559 6156 2121 
6407 4561 6164 2122 
6412 4567 6172 2124 
6414 4573 6181 2126 
6419 4578 6187 2128 
6429 4581 6192 2131 
6432 4582 6198 2132 
6435 4587 6200 2134 
6440 4591 6208 2136 
6446 4594 6217 2139 
6453 4596 6223 2140 
6455 4602 6229 2141 
6459 4603 6235 2145 
6464 4607 6241 2145 
6469 4611 6243 2147 
6472 4613 6248 2151 
6478 4616 6254 2151 
6482 4618 6258 2152 
6487 4624 6260 2152 
6493 4626 6263 2154 
6501 4629 6268 2157 
6507 4632 6273 2158 
6517 4633 6279 2160 
6522 4638 6284 2161 
6528 4646 6292 2163 
6539 4648 6297 2163 
6543 4652 6303 2164 
6553 4656 6311 2168 
6562 4659 6318 2170 
6566 4662 6325 2173 
6571 4664 6330 2174 
6579 4665 6333 2175 
6584 4670 6334 2178 
6589 4673 6341 2180 
6592 4675 6346 2184 
6600 4679 6351 2184 
6608 4682 6354 2185 
6618 4686 6360 2187 
6624 4688 6369 2189 
6631 4696 6375 2192 
6638 4700 6383 2195 
6642 4704 6390 2197 
6643 4711 6394 2200 
6650 4717 6398 2202 
6654 4722 6400 2205 
6656 4725 6405 2207 
6666 4729 6411 2210 
6672 4734 6416 2213 
6678 4738 6424 2217 
6685 4741 6428 2220 
6694 4744 6432 2223 
6703 4746 6436 2226 
6705 4750 6438 2228 
6709 4753 6442 2229 
6713 4757 6445 2231 
6717 4763 6448 2233 
6719 4765 6452 2234 
6724 4770 6457 2235 
6729 4776 6461 2237 
6735 4781 6465 2238 
6738 4784 6474 2238 
6739 4791 6477 2241 
6747 4791 6479 2244 
6748 4800 6482 2247 
6753 4805 6488 2250 
6760 4810 6492 2253 
6768 4812 6505 2253 
6772 4814 6509 2254 
6781 4820 6514 2255 
6786 4824 6516 2258 
6791 4828 6523 2260 
6797 4834 6527 2262 
6800 4836 6529 2264 
6805 4838 6535 2266 
6808 4842 6541 2271 
6815 4843 6544 2272 
6817 4849 6550 2273 
6817 4855 6559 2274 
6823 4858 6562 2277 
6827 4863 6569 2281 
6831 4869 6575 2281 
6838 4870 6582 2282 
6845 4872 6586 2283 
6848 4873 6596 2285 
6854 4877 6602 2287 
6857 4878 6608 2289 
6863 4884 6618 2291 
6869 4890 6624 2292 
6873 4893 6626 2296 
6881 4898 6636 2297 
6884 4902 6639 2299 
6889 4903 6644 2299 
6894 4908 6651 2299 
6895 4913 6654 2300 
6906 4915 6658 2301 
6910 4919 6662 2302 
6913 4922 6667 2307 
6917 4925 6670 2309 
6919 4928 6674 2311 
6925 4932 6678 2312 
6930 4934 6681 2313 
6938 4938 6687 2315 
6939 4945 6697 2316 
6942 4947 6700 2317 
6945 4955 6705 2320 
6952 4958 6708 2322 
6956 4965 6715 2322 
6962 4969 6720 2326 
6968 4971 6724 2327 
6973 4977 6728 2331 
6988 4984 6731 2333 
6993 4989 6733 2335 
7001 4992 6738 2338 
7013 4998 6743 2339 
7023 5001 6751 2339 
7028 5003 6760 2340 
7032 5007 6767 2340 
7036 5016 6776 2346 
7040 5019 6783 2350 
7045 5028 6788 2351 
7052 5030 6792 2353 
7056 5032 6798 2358 
7058 5035 6803 2359 
7066 5038 6807 2361 
7077 5040 6813 2363 
7082 5046 6821 2366 
7091 5049 6825 2369 
7093 5050 6833 2369 
7099 5054 6843 2373 
7102 5060 6845 2374 
7113 5064 6854 2376 
7118 5067 6862 2383 
7125 5070 6869 2385 
7128 5074 6874 2387 
7132 5080 6879 2389 
7140 5083 6885 2391 
7144 5088 6891 2393 
7151 5092 6897 2394 
7158 5095 6905 2397 
7161 5098 6906 2399 
7169 5104 6912 2401 
7175 5108 6920 2402 
7179 5111 6923 2402 
7183 5114 6931 2404 
7186 5117 6933 2405 
7190 5118 6939 2408 
7195 5126 6948 2410 
7197 5134 6953 2411 
7207 5137 6956 2413 
7213 5142 6962 2413 
7217 5144 6968 2415 
7223 5149 6974 2419 
7229 5155 6975 2420 
7232 5159 6978 2423 
7239 5162 6983 2424 
7243 5163 6990 2425 
7250 5166 6992 2429 
7259 5170 6998 2431 
7266 5174 7004 2434 
7273 5178 7006 2438 
7281 5181 7009 2440 
7287 5188 7017 2441 
7291 5190 7023 2442 
7296 5195 7025 2442 
7306 5199 7029 2442 
7309 5200 7035 2443 
7316 5207 7039 2445 
7325 5213 7046 2448 
7331 5219 7052 2450 
7341 5223 7055 2455 
7349 5228 7059 2459 
7355 5233 7064 2461 
7360 5236 7069 2462 
7361 5243 7073 2466 
7366 5246 7084 2469 
7372 5252 7086 2470 
7380 5255 7089 2473 
7384 5259 7092 2476 
7390 5261 7097 2479 
7398 5266 7103 2480 
7403 5270 7110 2481 
7407 5273 7117 2484 
7410 5280 7118 2485 
7413 5282 7128 2486 
7421 5285 7136 2490 
7423 5291 7144 2491 
7426 5293 7148 2495 
7430 5303 7154 2496 
7435 5309 7157 2497 
7438 5312 7160 2498 
7447 5320 7169 2499 
7454 5325 7177 2500 
7463 5330 7181 2502 
7467 5336 7187 2504 
7471 5340 7192 2506 
7474 5344 7195 2508 
7481 5348 7198 2509 
7486 5352 7202 2509 
7493 5356 7204 2511 
7499 5359 7211 2516 
7508 5360 7211 2520 
7513 5362 7216 2520 
7518 5367 7219 2522 
7523 5369 7221 2525 
7531 5373 7223 2525 
7536 5376 7228 2525 
7545 5379 7236 2528 
7549 5382 7241 2531 
7557 5387 7248 2532 
7561 5391 7250 2533 
7567 5395 7253 2536 
7570 5405 7261 2536 
7574 5407 7268 2540 
7582 5408 7273 2543 
7585 5414 7277 2546 
7593 5416 7282 2546 
7599 5419 7291 2548 
7601 5421 7292 2548 
7606 5424 7298 2550 
7613 5429 7304 2553 
7619 5431 7310 2554 
7624 5436 7319 2555 
7633 5444 7323 2557 
7633 5450 7332 2560 
7638 5454 7337 2562 
7646 5455 7345 2562 
7652 5459 7347 2565 
7657 5462 7350 2566 
7666 5466 7357 2570 
7670 5472 7359 2572 
7675 5477 7364 2573 
7680 5483 7370 2574 
7686 5488 7375 2577 
7691 5491 7380 2578 
7695 5494 7384 2579 
7699 5498 7389 2582 
7702 5500 7395 2583 
7705 5503 7402 2585 
7710 5506 7409 2587 
7715 5508 7414 2590 
7717 5514 7419 2590 
7724 5519 7426 2593 
7727 5522 7429 2595 
7732 5526 7434 2598 
7741 5529 7436 2598 
7746 5535 7444 2600 
7752 5539 7447 2600 
7757 5541 7454 2601 
7759 5544 7457 2603 
7762 5546 7462 2603 
7770 5550 7465 2603 
7776 5552 7476 2607 
7782 5555 7484 2607 
7788 5558 7497 2608 
7791 5563 7502 2612 
7793 5563 7507 2617 
7796 5565 7514 2618 
7798 5570 7518 2618 
7804 5574 7526 2620 
7812 5576 7528 2624 
7818 5579 7534 2626 
7822 5586 7536 2628 
7826 5589 7543 2629 
7829 5590 7550 2634 
7834 5596 7555 2634 
7841 5602 7561 2635 
7847 5609 7570 2638 
7851 5613 7578 2641 
7856 5619 7580 2642 
7862 5624 7583 2642 
7868 5630 7589 2645 
7873 5634 7594 2651 
7879 5637 7599 2655 
7883 5643 7607 2656 
7889 5650 7611 2659 
7896 5655 7618 2664 
7903 5659 7623 2665 
7906 5661 7627 2666 
7911 5663 7633 2669 
7916 5670 7639 2671 
7920 5673 7644 2671 
7928 5676 7650 2672 
7931 5679 7655 2675 
7939 5683 7659 2678 
7944 5685 7665 2679 
7954 5689 7671 2681 
7962 5694 7679 2682 
7964 5695 7688 2685 
7969 5700 7693 2688 
7976 5703 7697 2689 
7982 5709 7701 2691 
7987 5711 7704 2692 
7992 5716 7710 2693 
7997 5721 7717 2695 
7998 5727 7727 2698 
8005 5728 7731 2698 
8006 5731 7733 2701 
8009 5733 7740 2703 
8014 5735 7742 2705 
8022 5738 7750 2707 
8030 5741 7758 2708 
8036 5745 7762 2710 
8039 5755 7765 2711 
8040 5763 7768 2713 
8043 5769 7773 2715 
8048 5775 7780 2717 
8055 5777 7783 2720 
8061 5782 7786 2722 
8066 5784 7790 2723 
8071 5786 7795 2724 
8073 5790 7800 2729 
8078 5794 7802 2732 
8086 5796 7808 2736 
8091 5798 7812 2738 
8095 5802 7817 2739 
8104 5806 7821 2740 
8112 5809 7827 2743 
8119 5815 7831 2747 
8126 5818 7835 2750 
8134 5824 7841 2751 
8140 5828 7846 2751 
8141 5830 7853 2752 
8147 5830 7859 2755 
8153 5838 7869 2756 
8155 5842 7873 2757 
8164 5847 7878 2758 
8170 5852 7880 2758 
8178 5857 7888 2761 
8187 5861 7896 2762 
8190 5866 7901 2764 
8194 5871 7909 2766 
8196 5875 7914 2767 
8204 5877 7921 2770 
8207 5879 7924 2772 
8213 5882 7930 2773 
8218 5885 7941 2774 
8222 5890 7945 2777 
8225 5894 7953 2778 
8228 5898 7960 2778 
8233 5902 7966 2780 
8236 5906 7968 2781 
8243 5907 7970 2785 
8246 5909 7976 2786 
8249 5916 7979 2789 
8255 5924 7982 2790 
8258 5928 7986 2792 
8268 5931 7988 2794 
8272 5932 7993 2795 
8277 5937 7998 2797 
8286 5940 8006 2800 
8294 5942 8008 2801 
8299 5943 8017 2803 
8302 5949 8018 2804 
8308 5951 8023 2806 
8315 5955 8028 2807 
8322 5963 8031 2809 
8328 5965 8039 2810 
8331 5969 8043 2810 
8337 5973 8045 2813 
8341 5977 8047 2817 
8350 5978 8052 2817 
8361 5981 8055 2821 
8366 5986 8059 2821 
8370 5988 8068 2821 
8375 5995 8072 2822 
8380 5996 8078 2825 
8384 5998 8084 2827 
8389 6001 8091 2828 
8392 6004 8096 2830 
8397 6009 8106 2833 
8406 6012 8116 2833 
8411 6015 8122 2833 
8415 6019 8129 2833 
8418 6022 8134 2835 
8429 6024 8138 2837 
8433 6024 8147 2838 
8438 6029 8154 2839 
8444 6035 8159 2839 
8447 6040 8163 2840 
8451 6045 8166 2842 
8457 6052 8169 2843 
8465 6056 8171 2845 
8469 6059 8174 2848 
8476 6065 8178 2850 
8482 6070 8189 2852 
8491 6074 8192 2853 
8494 6079 8200 2856 
8494 6084 8207 2858 
8495 6090 8209 2859 
8497 6096 8212 2860 
8501 6099 8224 2862 
8503 6106 8235 2865 
8508 6110 8240 2867 
8515 6112 8244 2868 
8520 6115 8255 2874 
8525 6119 8259 2877 
8527 6124 8265 2878 
8534 6126 8270 2879 
8537 6129 8277 2882 
8540 6132 8285 2884 
8545 6137 8290 2886 
8554 6141 8296 2886 
8561 6143 8303 2889 
8567 6145 8308 2894 
8570 6148 8312 2895 
8578 6152 8315 2897 
8581 6155 8320 2898 
8585 6158 8329 2899 
8590 6158 8333 2902 
8594 6164 8336 2905 
8598 6166 8343 2906 
8609 6173 8355 2907 
8614 6177 8360 2908 
8623 6180 8365 2910 
8627 6186 8373 2911 
8630 6188 8380 2911 
8636 6190 8385 2913 
8644 6193 8387 2914 
8647 6206 8391 2914 
8651 6212 8397 2914 
8652 6218 8398 2917 
8658 6224 8405 2921 
8660 6228 8409 2922 
8669 6235 8411 2924 
8678 6240 8419 2928 
8682 6244 8424 2928 
8691 6249 8432 2930 
8694 6251 8439 2931 
8702 6254 8443 2935 
8712 6260 8446 2938 
8716 6266 8452 2939 
8719 6269 8457 2942 
8724 6276 8465 2943 
8730 6281 8473 2944 
8735 6284 8477 2945 
8741 6290 8481 2945 
8745 6294 8488 2947 
8749 6296 8499 2949 
8753 6301 8503 2949 
8757 6306 8505 2951 
8761 6309 8510 2951 
8768 6313 8518 2951 
8774 6314 8523 2952 
8778 6319 8529 2953 
8780 6323 8533 2956 
8785 6327 8539 2958 
8791 6332 8547 2960 
8801 6337 8556 2963 
8807 6339 8563 2964 
8811 6344 8568 2967 
8813 6345 8572 2968 
8822 6352 8575 2970 
8825 6352 8585 2976 
8827 6357 8593 2977 
8831 6360 8598 2981 
8837 6366 8606 2982 
8843 6369 8613 2984 
8849 6372 8618 2986 
8852 6373 8625 2987 
8857 6377 8631 2989 
8859 6381 8635 2992 
8866 6384 8643 2994 
8876 6386 8648 2996 
8881 6391 8651 2999 
8885 6399 8655 3001 
8892 6401 8663 3003 
8899 6406 8666 3007 
8904 6408 8673 3008 
8905 6409 8678 3010 
8911 6416 8684 3011 
8915 6422 8693 3013 
8919 6426 8699 3017 
8921 6427 8706 3017 
8925 6435 8713 3017 
8934 6439 8719 3019 
8938 6440 8726 3022 
8942 6443 8733 3025 
8947 6444 8736 3028 
8957 6450 8738 3029 
8961 6457 8743 3033 
8966 6458 8747 3033 
8972 6463 8756 3033 
8976 6467 8764 3035 
8982 6470 8771 3035 
8991 6472 8777 3040 
8994 6473 8782 3040 
9002 6477 8788 3044 
9005 6481 8792 3049 
9011 6485 8794 3052 
9016 6491 8798 3052 
9021 6494 8802 3055 
9026 6497 8807 3055 
9031 6503 8814 3058 
9036 6506 8818 3058 
9038 6508 8825 3058 
9040 6514 8832 3060 
9046 6514 8837 3061 
9051 6517 8840 3064 
9054 6518 8845 3064 
9059 6524 8851 3069 
9065 6528 8856 3071 
9074 6529 8862 3072 
9077 6531 8868 3075 
9085 6535 8874 3079 
9086 6542 8879 3082 
9096 6544 8880 3083 
9104 6554 8887 3085 
9110 6556 8895 3088 
9114 6563 8897 3088 
9119 6566 8905 3089 
9122 6566 8917 3092 
9126 6573 8922 3094 
9132 6575 8926 3095 
9134 6577 8933 3099 
9138 6582 8947 3100 
9145 6583 8949 3101 
9158 6590 8954 3101 
9163 6597 8962 3103 
9170 6599 8968 3104 
9175 6600 8972 3104 
9175 6603 8976 3106 
9181 6609 8984 3108 
9182 6615 8989 3112 
9191 6616 8998 3115 
9197 6621 9002 3117 
9202 6623 9007 3117 
9205 6624 9011 3119 
9207 6632 9015 3123 
9217 6637 9025 3123 
9223 6644 9029 3127 
9230 6650 9034 3132 
9232 6657 9039 3135 
9238 6660 9047 3135 
9245 6663 9051 3138 
9246 6667 9059 3141 
9250 6675 9063 3141 
9260 6680 9068 3142 
9266 6684 9071 3144 
9275 6688 9075 3146 
9280 6694 9081 3150 
9282 6700 9092 3151 
9290 6704 9100 3153 
9297 6710 9105 3158 
9298 6715 9111 3162 
9302 6720 9120 3165 
9309 6723 9127 3166 
9317 6725 9134 3168 
9323 6730 9140 3168 
9328 6736 9144 3169 
9334 6740 9149 3170 
9342 6745 9151 3172 
9346 6749 9161 3179 
9353 6756 9169 3181 
9361 6762 9175 3181 
9361 6765 9180 3181 
9366 6766 9187 3183 
9372 6769 9194 3183 
9378 6774 9201 3185 
9385 6778 9206 3188 
9389 6783 9212 3191 
9397 6787 9217 3194 
9407 6789 9226 3196 
9410 6792 9230 3200 
9417 6794 9234 3202 
9420 6799 9242 3202 
9421 6805 9244 3205 
9428 6809 9245 3207 
9433 6811 9249 3208 
9434 6817 9255 3211 
9438 6821 9259 3213 
9442 6823 9265 3215 
9446 6827 9268 3216 
9453 6832 9272 3220 
9455 6837 9277 3220 
9463 6844 9283 3223 
9469 6852 9289 3226 
9472 6857 9294 3227 
9477 6860 9296 3228 
9483 6870 9302 3229 
9486 6872 9310 3231 
9490 6875 9316 3231 
9493 6877 9325 3233 
9497 6883 9333 3233 
9499 6887 9337 3235 
9509 6897 9344 3237 
9518 6900 9350 3237 
9521 6900 9357 3238 
9522 6903 9363 3240 
9530 6907 9369 3242 
9536 6909 9376 3243 
9542 6911 9381 3250 
9547 6916 9385 3251 
9549 6920 9391 3252 
9554 6927 9396 3254 
9558 6932 9399 3255 
9559 6935 9402 3259 
9566 6943 9407 3264 
9569 6945 9413 3266 
9569 6949 9418 3267 
9572 6952 9426 3268 
9580 6955 9429 3270 
9584 6958 9444 3270 
9586 6965 9447 3274 
9591 6967 9452 3274 
9596 6972 9455 3274 
9605 6976 9462 3277 
9611 6982 9466 3280 
9617 6989 9469 3281 
9621 6995 9475 3282 
9631 6998 9482 3284 
9633 7006 9485 3286 
9637 7010 9489 3286 
9640 7018 9495 3288 
9644 7022 9498 3291 
9647 7024 9509 3291 
9655 7025 9515 3292 
9658 7029 9519 3292 
9664 7031 9528 3292 
9671 7040 9534 3294 
9676 7043 9544 3296 
9682 7053 9549 3297 
9685 7058 9555 3297 
9689 7063 9563 3300 
9694 7066 9572 3303 
9700 7069 9575 3303 
9704 7074 9586 3305 
9712 7079 9590 3309 
9715 7082 9598 3312 
9721 7088 9602 3316 
9722 7094 9605 3318 
9730 7098 9608 3323 
9735 7098 9614 3324 
9743 7100 9620 3326 
9745 7101 9625 3329 
9748 7105 9631 3332 
9752 7108 9636 3334 
9755 7111 9639 3335 
9765 7116 9643 3337 
9769 7123 9649 3339 
9775 7127 9654 3341 
9779 7130 9658 3343 
9786 7134 9662 3344 
9793 7135 9666 3347 
9794 7138 9671 3349 
9799 7143 9678 3349 
9804 7150 9685 3351 
9811 7157 9696 3352 
9819 7157 9702 3354 
9826 7168 9708 3356 
9831 7172 9709 3360 
9837 7176 9714 3362 
9843 7180 9718 3363 
9849 7185 9721 3365 
9857 7191 9726 3367 
9863 7197 9731 3367 
9871 7201 9737 3368 
9876 7206 9743 3371 
9880 7210 9750 3374 
9885 7213 9754 3380 
9893 7216 9760 3384 
9897 7219 9765 3385 
9904 7222 9771 3386 
9910 7225 9775 3387 
9914 7227 9778 3388 
9917 7234 9785 3389 
9922 7242 9787 3390 
9928 7246 9792 3393 
9933 7248 9802 3394 
9936 7254 9807 3395 
9939 7258 9813 3398 
9942 7262 9817 3402 
9949 7270 9823 3404 
9952 7275 9828 3405 
9959 7277 9831 3406 
9967 7279 9836 3409 
9969 7281 9839 3409 
9978 7286 9844 3410 
9982 7290 9848 3410 
9988 7296 9856 3412 
9995 7299 9863 3414 
10000 7303 9869 3415 
10004 7308 9873 3420 
10008 7313 9879 3424 
10014 7317 9880 3427 
10021 7320 9886 3428 
10027 7326 9889 3429 
10035 7329 9892 3434 
10040 7334 9896 3438 
10045 7342 9900 3440 
10048 7347 9903 3440 
10055 7355 9911 3442 
10060 7358 9918 3444 
10070 7362 9923 3448 
10076 7371 9932 3451 
10083 7374 9936 3453 
10089 7380 9942 3453 
10096 7383 9952 3455 
10102 7388 9957 3456 
10109 7394 9962 3458 
10114 7399 9965 3462 
10119 7403 9966 3464 
10124 7408 9967 3468 
10131 7413 9969 3471 
10136 7417 9973 3472 
10143 7423 9977 3472 
10149 7428 9980 3474 
10156 7436 9984 3476 
10160 7443 9990 3479 
10165 7448 9993 3480 
10169 7456 9999 3480 
10173 7458 10001 3480 
10176 7465 10006 3484 
10179 7467 10008 3485 
10183 7472 10014 3488 
10183 7478 10017 3489 
10188 7483 10023 3490 
10194 7486 10029 3494 
10199 7495 10034 3495 
10201 7498 10042 3496 
10207 7503 10046 3496 
10212 7504 10048 3496 
10216 7512 10056 3497 
10222 7515 10060 3498 
10228 7516 10064 3501 
10233 7522 10075 3502 
10236 7526 10082 3504 
10243 7526 10087 3505 
10250 7533 10092 3505 
10254 7537 10095 3508 
10258 7538 10100 3513 
10264 7540 10104 3513 
10268 7547 10108 3516 
10272 7551 10115 3519 
10277 7557 10122 3520 
10284 7562 10130 3522 
10292 7568 10136 3526 
10298 7571 10139 3529 
10303 7576 10142 3530 
10311 7582 10147 3531 
10315 7583 10154 3532 
10320 7591 10160 3534 
10324 7593 10164 3535 
10328 7598 10169 3536 
10332 7601 10171 3538 
10338 7609 10178 3540 
10342 7609 10185 3543 
10347 7615 10191 3544 
10349 7621 10194 3547 
10361 7632 10203 3549 
10363 7638 10208 3554 
10366 7643 10216 3556 
10372 7648 10223 3558 
10374 7656 10227 3562 
10384 7657 10232 3565 
10390 7662 10239 3567 
10393 7670 10247 3569 
10398 7672 10252 3571 
10398 7676 10256 3573 
10403 7678 10259 3576 
10410 7684 10267 3580 
10415 7689 10278 3581 
10419 7694 10284 3583 
10421 7695 10288 3587 
10423 7699 10301 3588 
10430 7702 10307 3592 
10432 7708 10315 3593 
10437 7711 10321 3597 
10444 7713 10325 3597 
10449 7716 10332 3598 
10455 7721 10336 3601 
10462 7724 10344 3602 
10462 7730 10350 3605 
10468 7733 10363 3608 
10477 7735 10370 3611 
10483 7738 10376 3615 
10489 7746 10382 3618 
10499 7751 10385 3622 
10503 7756 10390 3624 
10514 7762 10396 3627 
10518 7764 10399 3628 
10525 7771 10403 3629 
10532 7779 10407 3632 
10539 7780 10413 3632 
10540 7783 10416 3635 
10545 7787 10421 3640 
10547 7793 10428 3646 
10553 7797 10435 3650 
10560 7800 10439 3651 
10566 7807 10445 3654 
10568 7815 10451 3657 
10571 7816 10456 3657 
10578 7823 10462 3660 
10583 7827 10468 3660 
10586 7830 10478 3662 
10592 7838 10483 3664 
10599 7841 10489 3665 
10603 7843 10501 3670 
10610 7850 10504 3672 
10614 7858 10513 3673 
10615 7863 10520 3674 
10623 7866 10530 3678 
10630 7874 10533 3679 
10634 7877 10541 3680 
10637 7881 10546 3685 
10643 7884 10553 3686 
10647 7890 10559 3687 
10654 7895 10565 3688 
10657 7898 10567 3690 
10664 7904 10573 3690 
10669 7909 10581 3692 
10676 7914 10586 3696 
10684 7915 10592 3697 
10698 7916 10596 3698 
10706 7923 10603 3699 
10713 7931 10609 3702 
10720 7934 10610 3705 
10724 7938 10619 3706 
10733 7945 10627 3708 
10734 7954 10631 3710 
10740 7959 10637 3711 
10745 7967 10641 3714 
10750 7971 10650 3718 
10755 7975 10658 3721 
10757 7984 10660 3724 
10762 7990 10663 3727 
10773 7999 10669 3730 
10777 8001 10676 3731 
10779 8006 10681 3732 
10786 8006 10686 3734 
10790 8013 10694 3734 
10798 8018 10699 3737 
10806 8024 10703 3741 
10813 8030 10711 3742 
10821 8032 10717 3744 
10823 8037 10725 3747 
10827 8043 10731 3748 
10829 8046 10735 3751 
10834 8049 10740 3754 
10841 8052 10743 3757 
10852 8057 10747 3758 
10856 8061 10749 3759 
10861 8067 10757 3761 
10867 8070 10761 3765 
10875 8076 10763 3766 
10881 8083 10768 3768 
10888 8089 10772 3770 
10894 8095 10777 3772 
10899 8098 10784 3773 
10903 8102 10788 3777 
10909 8103 10795 3778 
10915 8105 10806 3779 
10923 8113 10809 3783 
10929 8117 10814 3784 
10934 8123 10820 3785 
10941 8128 10822 3786 
10949 8132 10830 3789 
10954 8137 10838 3790 
10960 8142 10851 3791 
10967 8149 10857 3793 
10971 8155 10864 3794 
10980 8160 10869 3796 
10988 8166 10876 3796 
10994 8172 10884 3799 
10997 8175 10890 3800 
11000 8181 10903 3801 
11008 8186 10908 3802 
11008 8190 10918 3803 
11013 8194 10927 3804 
11019 8199 10930 3806 
11022 8200 10940 3809 
11032 8205 10955 3809 
11041 8209 10960 3809 
11045 8212 10964 3811 
11054 8214 10968 3812 
11060 8221 10980 3814 
11067 8225 10985 3814 
11071 8230 10987 3815 
11083 8232 10991 3815 
11085 8238 10993 3817 
11096 8240 10997 3819 
11102 8243 11003 3821 
11111 8246 11007 3823 
11118 8252 11012 3825 
11121 8257 11019 3831 
11127 8264 11026 3832 
11129 8268 11031 3834 
11134 8272 11039 3835 
11140 8280 11050 3837 
11148 8283 11054 3839 
11156 8285 11058 3841 
11158 8290 11062 3842 
11163 8295 11068 3845 
11165 8297 11073 3847 
11173 8301 11083 3848 
11177 8307 11090 3848 
11179 8311 11095 3850 
11186 8315 11096 3850 
11192 8320 11106 3852 
11196 8325 11113 3853 
11202 8332 11119 3856 
11205 8337 11126 3856 
11209 8341 11129 3858 
11213 8350 11130 3862 
11218 8355 11138 3864 
11227 8367 11144 3867 
11232 8371 11151 3868 
11240 8376 11159 3870 
11247 8386 11169 3873 
11251 8391 11173 3876 
11255 8396 11177 3877 
11258 8402 11186 3880 
11264 8405 11192 3881 
11264 8413 11195 3881 
11267 8417 11199 3883 
11272 8420 11200 3886 
11274 8425 11206 3886 
11284 8429 11211 3889 
11291 8432 11217 3890 
11300 8435 11228 3891 
11302 8441 11233 3892 
11306 8448 11235 3895 
11309 8453 11240 3897 
11317 8460 11246 3900 
11325 8468 11253 3901 
11328 8472 11254 3902 
11332 8477 11257 3904 
11336 8480 11262 3905 
11343 8482 11271 3907 
11347 8485 11276 3909 
11357 8488 11280 3909 
11359 8492 11285 3911 
11363 8493 11293 3913 
11372 8497 11297 3914 
11380 8502 11306 3915 
11388 8503 11310 3917 
11394 8505 11314 3918 
11398 8507 11320 3921 
11402 8511 11327 3926 
11411 8516 11330 3929 
11415 8520 11334 3929 
11420 8529 11344 3932 
11426 8531 11352 3933 
11431 8533 11360 3933 
11436 8540 11371 3934 
11444 8543 11376 3934 
11447 8547 11388 3939 
11451 8553 11401 3942 
11458 8559 11410 3947 
11465 8560 11415 3949 
11472 8566 11420 3949 
11476 8566 11423 3950 
11480 8570 11428 3952 
11488 8573 11430 3954 
11493 8575 11440 3957 
11500 8581 11443 3959 
11503 8583 11453 3961 
11507 8590 11455 3961 
11514 8594 11460 3965 
11519 8600 11469 3968 
11522 8605 11476 3970 
11525 8606 11478 3973 
11535 8608 11483 3976 
11541 8613 11490 3977 
11546 8621 11497 3978 
11549 8629 11500 3979 
11556 8631 11503 3982 
11562 8634 11510 3986 
11566 8641 11517 3987 
11571 8644 11523 3990 
11578 8646 11528 3994 
11585 8649 11534 3996 
11592 8653 11542 3996 
11594 8656 11549 3998 
11601 8663 11554 4001 
11609 8665 11560 4003 
11619 8671 11566 4008 
11624 8677 11570 4008 
11627 8679 11576 4009 
11630 8686 11580 4012 
11635 8690 11584 4015 
11645 8695 11593 4018 
11648 8700 11595 4022 
11656 8704 11605 4027 
11663 8710 11605 4028 
11669 8714 11611 4028 
11675 8718 11620 4031 
11684 8723 11624 4034 
11690 8729 11628 4035 
11699 8731 11632 4039 
11705 8733 11642 4041 
11714 8737 11648 4043 
11718 8741 11654 4047 
11721 8741 11657 4049 
11727 8746 11659 4051 
11733 8750 11667 4051 
11740 8756 11671 4053 
11749 8766 11678 4055 
11754 8768 11682 4058 
11760 8775 11684 4060 
11761 8777 11690 4064 
11764 8781 11695 4064 
11772 8784 11702 4066 
11778 8787 11707 4068 
11782 8792 11713 4069 
11786 8793 11722 4069 
11793 8796 11726 4071 
11800 8802 11731 4072 
11804 8805 11734 4076 
11811 8808 11737 4078 
11816 8811 11742 4082 
11818 8815 11744 4083 
11818 8821 11748 4083 
11824 8826 11755 4084 
11827 8827 11762 4086 
11829 8832 11770 4088 
11837 8836 11779 4090 
11842 8839 11783 4092 
11846 8843 11788 4093 
11850 8848 11797 4094 
11856 8852 11805 4096 
11861 8854 11810 4096 
11868 8856 11817 4097 
11874 8859 11820 4099 
11876 8861 11827 4101 
11880 8867 11836 4105 
11885 8873 11839 4108 
11888 8873 11843 4109 
11892 8877 11852 4112 
11899 8886 11854 4115 
11905 8891 11857 4117 
11907 8891 11861 4120 
11913 8898 11873 4125 
11916 8904 11876 4127 
11921 8914 11885 4130 
11927 8920 11890 4132 
11933 8928 11893 4133 
11941 8931 11900 4138 
11948 8936 11905 4141 
11953 8940 11910 4143 
11959 8944 11918 4144 
11961 8947 11923 4144 
11964 8951 11929 4144 
11968 8957 11941 4146 
11971 8960 11944 4148 
11980 8965 11951 4149 
11988 8971 11957 4149 
11994 8979 11960 4152 
11997 8986 11968 4156 
11999 8991 11972 4159 
12004 8999 11976 4159 
12014 9002 11983 4160 
12019 9006 11990 4161 
12023 9012 11994 4161 
12026 9015 12002 4163 
12027 9022 12007 4165 
12036 9026 12010 4166 
12043 9034 12017 4167 
12048 9040 12024 4171 
12051 9044 12029 4174 
12055 9048 12041 4175 
12058 9051 12044 4175 
12061 9056 12051 4177 
12065 9060 12056 4180 
12070 9064 12062 4183 
12073 9067 12065 4184 
12079 9073 12069 4187 
12081 9077 12073 4188 
12090 9082 12074 4189 
12097 9088 12080 4189 
12106 9092 12086 4191 
12115 9099 12094 4192 
12124 9102 12102 4194 
12131 9107 12108 4197 
12138 9111 12113 4199 
12149 9114 12117 4199 
12155 9117 12123 4202 
12160 9120 12129 4206 
12165 9122 12137 4206 
12171 9125 12142 4208 
12175 9130 12151 4209 
12181 9133 12158 4210 
12185 9137 12163 4213 
12194 9139 12167 4214 
12195 9145 12169 4215 
12201 9150 12173 4219 
12204 9156 12180 4221 
12214 9158 12186 4222 
12217 9162 12191 4223 
12222 9164 12194 4226 
12228 9168 12204 4227 
12234 9173 12207 4228 
12241 9178 12214 4230 
12248 9181 12222 4232 
12254 9184 12231 4233 
12255 9191 12236 4237 
12260 9196 12241 4237 
12263 9198 12247 4242 
12269 9206 12253 4242 
12273 9210 12260 4243 
12274 9214 12261 4245 
12278 9217 12263 4246 
12283 9221 12268 4249 
12291 9227 12277 4252 
12298 9232 12286 4254 
12304 9235 12295 4254 
12308 9239 12297 4255 
12313 9240 12304 4258 
12319 9243 12308 4259 
12329 9251 12317 4259 
12332 9257 12323 4260 
12336 9257 12325 4260 
12340 9259 12334 4264 
12345 9266 12339 4266 
12348 9273 12343 4266 
12354 9278 12348 4268 
12359 9284 12355 4269 
12364 9291 12364 4271 
12369 9294 12371 4274 
12370 9298 12381 4274 
12373 9300 12387 4274 
12377 9305 12399 4274 
12380 9313 12407 4277 
12385 9317 12414 4278 
12389 9321 12421 4280 
12393 9323 12429 4284 
12396 9328 12436 4284 
12398 9332 12440 4285 
12405 9333 12450 4285 
12410 9336 12455 4287 
12414 9340 12463 4288 
12417 9349 12475 4293 
12419 9354 12477 4295 
12427 9359 12485 4298 
12431 9366 12492 4299 
12438 9370 12497 4301 
12443 9372 12501 4305 
12449 9375 12509 4307 
12454 9378 12513 4308 
12458 9382 12519 4311 
12464 9388 12525 4312 
12469 9395 12535 4315 
12471 9399 12542 4316 
12476 9401 12546 4320 
12481 9403 12551 4323 
12486 9410 12555 4325 
12488 9413 12559 4331 
12494 9416 12565 4332 
12499 9419 12572 4333 
12505 9423 12575 4333 
12512 9428 12584 4337 
12519 9431 12591 4338 
12529 9440 12594 4341 
12533 9446 12599 4349 
12540 9452 12602 4349 
12548 9452 12611 4353 
12551 9455 12616 4354 
12556 9458 12625 4356 
12560 9460 12625 4357 
12568 9463 12631 4360 
12573 9465 12638 4360 
12579 9469 12643 4360 
12584 9475 12650 4360 
12588 9481 12659 4363 
12592 9484 12662 4364 
12603 9491 12666 4366 
12607 9494 12673 4370 
12611 9498 12677 4374 
12618 9504 12682 4375 
12626 9509 12687 4379 
12630 9513 12690 4380 
12634 9518 12699 4384 
12643 9520 12706 4385 
12650 9524 12713 4388 
12657 9526 12719 4391 
12661 9529 12730 4393 
12667 9534 12735 4396 
12673 9538 12739 4400 
12679 9542 12751 4402 
12683 9546 12755 4404 
12691 9549 12761 4405 
12698 9552 12769 4408 
12702 9554 12775 4412 
12706 9561 12777 4413 
12712 9568 12784 4415 
12720 9572 12790 4416 
12722 9577 12798 4417 
12728 9578 12803 4419 
12737 9584 12809 4421 
12740 9588 12818 4424 
12748 9592 12823 4424 
12754 9596 12826 4427 
12762 9599 12830 4429 
12766 9606 12835 4432 
12770 9607 12841 4432 
12776 9611 12845 4432 
12781 9618 12849 4434 
12786 9623 12856 4438 
12792 9630 12864 4444 
12800 9635 12868 4446 
12804 9636 12876 4447 
12806 9639 12877 4452 
12810 9642 12884 4456 
12815 9648 12890 4458 
12819 9652 12897 4459 
12821 9657 12899 4460 
12824 9663 12902 4461 
12831 9669 12907 4462 
12835 9673 12909 4462 
12839 9679 12914 4463 
12844 9685 12919 4463 
12850 9689 12925 4463 
12854 9694 12933 4464 
12863 9699 12940 4467 
12870 9706 12947 4470 
12875 9709 12952 4475 
12876 9712 12962 4476 
12880 9718 12964 4477 
12883 9723 12968 4479 
12890 9727 12971 4481 
12892 9732 12977 4484 
12894 9735 12982 4485 
12897 9737 12986 4485 
12901 9743 12993 4487 
12908 9746 13000 4488 
12916 9751 13005 4491 
12921 9755 13012 4494 
12925 9755 13018 4494 
12935 9763 13021 4496 
12938 9767 13030 4499 
12943 9772 13034 4501 
12945 9780 13040 4502 
12953 9783 13047 4503 
12955 9786 13053 4505 
12961 9793 13063 4508 
12969 9797 13068 4510 
12973 9801 13074 4515 
12978 9803 13085 4519 
12981 9808 13088 4519 
12990 9812 13094 4522 
12997 9821 13101 4524 
13002 9823 13109 4526 
13009 9827 13113 4528 
13011 9831 13120 4528 
13015 9839 13129 4528 
13018 9841 13134 4530 
13026 9843 13140 4534 
13036 9847 13145 4536 
13039 9850 13152 4538 
13045 9852 13161 4541 
13050 9857 13167 4543 
13055 9859 13172 4547 
13057 9863 13176 4550 
13065 9871 13181 4553 
13071 9874 13195 4556 
13078 9879 13198 4557 
13086 9887 13204 4559 
13093 9889 13212 4560 
13101 9898 13216 4564 
13107 9903 13219 4565 
13112 9908 13223 4567 
13116 9914 13231 4570 
13123 9921 13238 4573 
13129 9928 13241 4574 
13133 9933 13244 4575 
13140 9939 13250 4576 
13145 9946 13255 4577 
13152 9953 13263 4580 
13156 9960 13266 4583 
13163 9964 13268 4586 
13167 9967 13273 4588 
13172 9973 13278 4592 
13180 9979 13282 4594 
13183 9983 13293 4595 
13193 9987 13301 4595 
13200 9994 13304 4598 
13205 9998 13318 4599 
13212 10002 13327 4602 
13217 10006 13332 4602 
13222 10010 13334 4602 
13225 10015 13340 4606 
13226 10019 13343 4606 
13230 10028 13345 4607 
13239 10034 13349 4610 
13242 10038 13355 4613 
13249 10041 13363 4617 
13256 10044 13366 4619 
13262 10049 13374 4620 
13266 10053 13377 4621 
13277 10055 13384 4621 
13280 10058 13391 4621 
13286 10066 13398 4622 
13291 10074 13408 4624 
13296 10078 13412 4629 
13300 10080 13418 4630 
13303 10083 13421 4634 
13309 10090 13428 4638 
13313 10096 13434 4639 
13317 10103 13443 4643 
13322 10107 13447 4645 
13331 10111 13452 4645 
13338 10115 13458 4647 
13350 10118 13467 4648 
13359 10122 13474 4651 
13364 10125 13478 4651 
13368 10134 13486 4652 
13377 10137 13490 4653 
13389 10139 13495 4654 
13396 10144 13501 4658 
13401 10148 13504 4663 
13402 10149 13509 4664 
13405 10153 13515 4670 
13408 10157 13518 4674 
13418 10160 13526 4675 
13422 10164 13529 4677 
13427 10166 13536 4679 
13436 10170 13541 4681 
13443 10174 13544 4682 
13448 10178 13553 4682 
13452 10180 13562 4684 
13462 10189 13567 4685 
13470 10194 13571 4685 
13475 10199 13578 4688 
13484 10205 13585 4691 
13489 10208 13588 4692 
13493 10213 13598 4695 
13496 10216 13603 4697 
13504 10225 13612 4697 
13508 10230 13615 4700 
13514 10234 13624 4704 
13520 10240 13628 4709 
13521 10242 13633 4711 
13528 10249 13637 4715 
13533 10251 13645 4718 
13542 10257 13655 4721 
13549 10261 13661 4724 
13561 10270 13670 4727 
13571 10273 13676 4728 
13577 10278 13680 4731 
13584 10286 13694 4733 
13589 10290 13697 4734 
13599 10293 13704 4735 
13605 10294 13711 4736 
13611 10299 13716 4737 
13619 10305 13721 4739 
13624 10311 13728 4741 
13629 10314 13733 4743 
13635 10315 13739 4745 
13641 10317 13747 4746 
13645 10320 13752 4747 
13649 10329 13758 4748 
13657 10337 13765 4750 
13662 10341 13773 4752 
13670 10349 13779 4754 
13676 10357 13783 4756 
13680 10360 13789 4757 
13684 10366 13794 4760 
13691 10369 13801 4762 
13697 10382 13805 4763 
13700 10387 13813 4767 
13707 10387 13818 4769 
13711 10391 13824 4771 
13717 10396 13828 4773 
13721 10400 13835 4777 
13726 10404 13839 4780 
13729 10410 13842 4784 
13732 10420 13848 4786 
13737 10421 13851 4787 
13745 10425 13853 4789 
13750 10427 13858 4794 
13754 10431 13863 4796 
13760 10435 13869 4798 
13765 10438 13873 4803 
13768 10441 13879 4806 
13777 10444 13883 4806 
13780 10448 13890 4806 
13786 10451 13895 4807 
13790 10454 13904 4812 
13792 10458 13915 4813 
13796 10468 13922 4814 
13801 10472 13926 4817 
13804 10476 13930 4818 
13809 10477 13940 4819 
13813 10484 13946 4821 
13819 10486 13950 4824 
13828 10488 13957 4824 
13833 10491 13964 4827 
13838 10498 13971 4829 
13845 10503 13982 4830 
13851 10506 13988 4832 
13853 10514 13996 4835 
13856 10518 14001 4838 
13859 10520 14009 4841 
13868 10526 14016 4842 
13873 10532 14021 4842 
13879 10542 14024 4843 
13885 10545 14033 4848 
13891 10551 14039 4850 
13901 10556 14044 4850 
13905 10560 14050 4851 
13908 10564 14056 4852 
13915 10565 14061 4854 
13920 10568 14067 4855 
13926 10572 14072 4857 
13931 10578 14077 4860 
13934 10583 14083 4862 
13938 10589 14090 4864 
13941 10593 14096 4866 
13948 10596 14103 4866 
13958 10598 14112 4867 
13965 10600 14119 4869 
13969 10606 14124 4870 
13972 10610 14133 4871 
13975 10616 14145 4873 
13984 10623 14154 4875 
13986 10628 14161 4877 
13988 10632 14165 4880 
13997 10639 14173 4882 
14006 10643 14176 4883 
14013 10647 14182 4887 
14018 10650 14186 4890 
14027 10655 14195 4892 
14032 10658 14200 4894 
14040 10664 14204 4894 
14043 10670 14206 4898 
14050 10673 14216 4903 
14054 10674 14225 4906 
14063 10679 14231 4907 
14072 10681 14236 4909 
14086 10683 14243 4909 
14096 10688 14248 4913 
14104 10694 14253 4917 
14111 10696 14255 4919 
14115 10700 14262 4920 
14123 10706 14269 4923 
14129 10712 14275 4923 
14131 10717 14277 4925 
14135 10722 14286 4926 
14138 10728 14293 4927 
14145 10732 14299 4927 
14148 10735 14304 4929 
14157 10740 14308 4931 
14168 10745 14315 4932 
14172 10750 14324 4933 
14179 10753 14331 4935 
14182 10758 14335 4940 
14187 10762 14344 4941 
14194 10768 14352 4944 
14201 10776 14360 4948 
14205 10781 14372 4949 
14212 10788 14380 4954 
14216 10793 14387 4957 
14225 10797 14393 4960 
14230 10799 14401 4960 
14233 10806 14408 4960 
14238 10815 14417 4961 
14246 10815 14421 4964 
14249 10820 14424 4968 
14255 10826 14429 4969 
14262 10830 14434 4971 
14266 10831 14440 4975 
14269 10834 14449 4977 
14274 10838 14451 4979 
14277 10842 14454 4980 
14284 10849 14458 4981 
14288 10850 14468 4984 
14291 10853 14471 4984 
14296 10855 14480 4987 
14301 10860 14487 4988 
14306 10864 14495 4990 
14312 10869 14502 4990 
14319 10872 14507 4995 
14324 10876 14513 4997 
14331 10881 14520 4998 
14334 10885 14525 5001 
14339 10888 14530 5002 
14341 10891 14536 5005 
14349 10896 14543 5008 
14353 10899 14549 5009 
14358 10904 14551 5012 
14361 10911 14552 5015 
14365 10916 14560 5018 
14368 10922 14564 5018 
14371 10926 14569 5018 
14378 10929 14577 5021 
14380 10933 14582 5024 
14385 10937 14588 5027 
14390 10943 14594 5031 
14395 10948 14604 5033 
14400 10951 14611 5034 
14408 10954 14616 5034 
14410 10959 14621 5039 
14416 10962 14629 5041 
14422 10966 14637 5042 
14428 10974 14641 5045 
14432 10975 14644 5046 
14434 10980 14649 5047 
14444 10985 14658 5051 
14448 10987 14666 5052 
14452 10993 14674 5052 
14457 10998 14676 5054 
14459 11003 14683 5056 
14463 11009 14690 5057 
14467 11012 14695 5059 
14471 11013 14697 5062 
14475 11023 14704 5064 
14484 11030 14712 5068 
14489 11035 14718 5071 
14491 11037 14722 5072 
14497 11040 14723 5072 
14500 11047 14726 5074 
14501 11053 14731 5078 
14508 11058 14736 5079 
14517 11061 14745 5083 
14523 11069 14755 5085 
14527 11080 14758 5086 
14535 11082 14766 5088 
14540 11083 14772 5088 
14543 11092 14776 5090 
14547 11102 14780 5092 
14553 11105 14785 5093 
14555 11107 14792 5098 
14561 11111 14796 5100 
14571 11114 14804 5101 
14574 11121 14810 5104 
14582 11126 14818 5106 
14585 11133 14826 5108 
14592 11138 14833 5109 
14602 11142 14836 5109 
14607 11146 14843 5111 
14611 11155 14850 5114 
14617 11161 14859 5117 
14623 11167 14865 5119 
14628 11168 14876 5122 
14630 11171 14878 5122 
14637 11176 14880 5122 
14640 11182 14886 5124 
14645 11184 14891 5129 
14652 11191 14897 5129 
14656 11193 14900 5130 
14668 11198 14907 5132 
14672 11202 14914 5135 
14677 11205 14920 5137 
14679 11211 14924 5139 
14687 11213 14933 5141 
14694 11220 14942 5142 
14699 11222 14947 5146 
14709 11226 14950 5147 
14713 11228 14955 5148 
14721 11232 14959 5151 
14726 11236 14966 5152 
14730 11238 14970 5155 
14736 11242 14975 5156 
14742 11247 14984 5156 
14745 11249 14996 5156 
14753 11251 15001 5159 
14759 11257 15006 5159 
14764 11263 15009 5160 
14773 11270 15015 5165 
14782 11274 15020 5170 
14789 11278 15031 5171 
14796 11282 15034 5172 
14803 11287 15039 5174 
14811 11289 15044 5177 
14818 11293 15047 5182 
14821 11299 15049 5184 
14827 11307 15055 5188 
14832 11313 15059 5190 
14834 11315 15070 5192 
14835 11318 15077 5194 
14844 11319 15086 5196 
14852 11326 15091 5200 
14860 11328 15096 5202 
14868 11332 15102 5205 
14873 11340 15108 5207 
14876 11345 15113 5207 
14882 11349 15121 5207 
14892 11359 15131 5208 
14898 11367 15138 5209 
14904 11368 15147 5210 
14908 11370 15156 5213 
14915 11371 15162 5215 
14923 11371 15171 5217 
14926 11374 15178 5220 
14932 11377 15188 5221 
14935 11381 15196 5222 
14945 11386 15200 5222 
14948 11391 15209 5224 
14952 11394 15216 5225 
14954 11398 15219 5229 
14956 11404 15228 5231 
14960 11410 15234 5237 
14966 11415 15240 5241 
14975 11421 15250 5241 
14982 11429 15251 5242 
14985 11432 15257 5243 
14991 11435 15260 5243 
14998 11438 15266 5243 
15000 11443 15270 5247 
15007 11452 15275 5248 
15010 11455 15284 5250 
15016 11456 15297 5251 
15021 11462 15304 5252 
15030 11468 15311 5253 
15037 11474 15319 5255 
15047 11478 15328 5256 
15056 11480 15335 5256 
15058 11484 15342 5257 
15062 11489 15349 5259 
15066 11493 15356 5259 
15069 11499 15363 5259 
15072 11506 15368 5261 
15076 11506 15377 5264 
15086 11515 15383 5265 
15091 11518 15390 5269 
15098 11520 15398 5271 
15100 11524 15404 5274 
15105 11528 15410 5276 
15111 11535 15417 5279 
15112 11539 15427 5279 
15118 11541 15433 5280 
15122 11545 15438 5282 
15129 11547 15444 5286 
15139 11551 15448 5287 
15146 11557 15462 5289 
15151 11562 15472 5292 
15159 11566 15478 5295 
15165 11569 15485 5296 
15173 11573 15491 5297 
15176 11576 15499 5298 
15182 11580 15507 5300 
15184 11587 15515 5303 
15187 11588 15519 5305 
15192 11594 15526 5312 
15203 11600 15531 5315 
15206 11604 15537 5318 
15208 11608 15545 5320 
15218 11614 15550 5321 
15221 11618 15552 5323 
15224 11620 15557 5325 
15227 11625 15569 5327 
15231 11632 15576 5330 
15235 11638 15581 5335 
15242 11641 15586 5340 
15248 11647 15591 5340 
15257 11655 15596 5345 
15262 11660 15602 5346 
15270 11664 15606 5349 
15280 11669 15612 5352 
15282 11675 15618 5353 
15291 11684 15627 5355 
15297 11687 15630 5357 
15303 11689 15640 5357 
15314 11692 15648 5359 
15320 11699 15655 5359 
15325 11700 15659 5362 
15330 11705 15669 5362 
15333 11708 15675 5366 
15339 11712 15681 5366 
15346 11715 15685 5368 
15353 11720 15690 5369 
15359 11725 15693 5370 
15364 11729 15700 5371 
15370 11735 15705 5372 
15378 11739 15710 5372 
15390 11744 15716 5375 
15393 11747 15726 5378 
15398 11751 15733 5381 
15402 11758 15740 5382 
15407 11762 15744 5386 
15413 11767 15751 5389 
15418 11769 15754 5390 
15421 11773 15762 5393 
15425 11778 15768 5396 
15428 11781 15770 5400 
15437 11783 15774 5402 
15446 11789 15778 5402 
15452 11794 15782 5404 
15456 11798 15787 5410 
15462 11803 15793 5410 
15468 11806 15802 5413 
15475 11811 15808 5418 
15482 11816 15818 5420 
15488 11820 15826 5421 
15492 11824 15832 5421 
15497 11831 15835 5422 
15501 11835 15843 5423 
15509 11839 15846 5424 
15516 11845 15853 5425 
15523 11846 15862 5432 
15531 11850 15871 5433 
15543 11854 15879 5435 
15552 11858 15883 5437 
15562 11862 15890 5439 
15569 11867 15893 5441 
15573 11872 15897 5443 
15575 11879 15900 5443 
15580 11883 15907 5444 
15588 11892 15914 5448 
15592 11897 15918 5450 
15596 11901 15920 5450 
15602 11905 15927 5453 
15617 11908 15933 5455 
15628 11915 15938 5456 
15633 11917 15943 5457 
15638 11922 15950 5460 
15645 11925 15960 5462 
15653 11928 15969 5462 
15657 11935 15970 5464 
15666 11939 15978 5466 
15670 11944 15984 5467 
15681 11949 15994 5469 
15690 11951 15998 5472 
15693 11956 16004 5474 
15699 11961 16009 5479 
15706 11963 16012 5481 
15718 11969 16022 5482 
15723 11974 16026 5485 
15728 11983 16035 5487 
15733 11990 16037 5491 
15742 11991 16044 5498 
15754 11996 16048 5498 
15755 12002 16058 5501 
15764 12007 16064 5504 
15768 12010 16070 5514 
15775 12017 16080 5515 
15781 12021 16083 5515 
15788 12024 16087 5517 
15796 12029 16091 5518 
15802 12032 16099 5520 
15810 12043 16111 5522 
15819 12049 16116 5524 
15826 12053 16122 5528 
15831 12062 16132 5532 
15835 12066 16134 5533 
15840 12068 16136 5533 
15845 12070 16143 5535 
15848 12075 16149 5536 
15855 12077 16156 5540 
15860 12082 16159 5541 
15869 12086 16166 5542 
15875 12088 16177 5544 
15882 12091 16182 5546 
15889 12095 16186 5549 
15894 12099 16191 5551 
15900 12103 16199 5552 
15905 12111 16207 5554 
15912 12115 16212 5555 
15919 12121 16216 5555 
15927 12123 16220 5558 
15934 12127 16230 5558 
15937 12130 16237 5562 
15947 12133 16245 5563 
15953 12137 16254 5564 
15957 12143 16265 5566 
15963 12147 16271 5568 
15965 12154 16278 5568 
15970 12155 16284 5572 
15975 12158 16290 5575 
15978 12161 16293 5578 
15980 12164 16301 5579 
15985 12168 16306 5583 
15992 12171 16311 5584 
15995 12175 16319 5585 
16001 12179 16328 5590 
16010 12183 16334 5593 
16017 12186 16338 5594 
16025 12189 16343 5597 
16032 12196 16349 5599 
16041 12198 16352 5601 
16043 12200 16364 5603 
16053 12204 16365 5604 
16057 12210 16377 5606 
16062 12213 16380 5608 
16067 12220 16386 5612 
16077 12221 16394 5615 
16081 12226 16398 5619 
16085 12229 16403 5620 
16088 12232 16411 5622 
16091 12235 16415 5623 
16099 12239 16420 5626 
16106 12245 16425 5628 
16114 12250 16432 5630 
16119 12253 16437 5631 
16122 12256 16442 5634 
16131 12259 16446 5634 
16133 12264 16458 5639 
16138 12270 16464 5640 
16146 12275 16469 5645 
16152 12281 16472 5647 
16160 12287 16480 5650 
16165 12292 16486 5653 
16170 12300 16490 5654 
16174 12304 16497 5656 
16180 12313 16504 5657 
16185 12317 16506 5660 
16187 12319 16512 5660 
16193 12319 16520 5661 
16199 12325 16526 5665 
16206 12331 16532 5668 
16211 12335 16537 5670 
16218 12340 16544 5673 
16223 12345 16546 5674 
16231 12348 16553 5675 
16238 12353 16563 5676 
16243 12362 16570 5680 
16249 12365 16579 5681 
16252 12370 16585 5686 
16259 12372 16590 5687 
16263 12380 16593 5689 
16266 12387 16604 5693 
16269 12392 16614 5698 
16276 12398 16623 5701 
16278 12400 16631 5701 
16284 12406 16639 5701 
16293 12409 16646 5703 
16299 12414 16652 5705 
16309 12416 16656 5706 
16321 12421 16661 5709 
16325 12428 16666 5710 
16334 12431 16678 5711 
16341 12436 16683 5714 
16346 12439 16688 5716 
16351 12444 16691 5719 
16355 12449 16697 5722 
16363 12453 16705 5724 
16368 12457 16708 5724 
16372 12462 16714 5727 
16375 12466 16715 5728 
16384 12470 16721 5730 
16388 12473 16727 5733 
16392 12477 16730 5735 
16395 12481 16737 5739 
16399 12484 16742 5743 
16404 12488 16746 5744 
16412 12495 16752 5745 
16420 12505 16759 5745 
16424 12513 16765 5749 
16433 12518 16773 5750 
16438 12526 16776 5751 
16441 12528 16781 5753 
16444 12528 16787 5756 
16449 12532 16793 5759 
16454 12539 16800 5763 
16460 12542 16802 5765 
16468 12545 16813 5767 
16475 12549 16820 5768 
16483 12552 16829 5769 
16489 12558 16838 5773 
16493 12564 16843 5774 
16499 12565 16848 5780 
16504 12573 16857 5782 
16510 12574 16862 5784 
16513 12580 16875 5785 
16517 12583 16879 5789 
16525 12593 16890 5794 
16532 12597 16898 5796 
16537 12602 16902 5798 
16544 12607 16915 5802 
16550 12616 16920 5804 
16556 12620 16926 5807 
16563 12623 16937 5809 
16568 12627 16943 5810 
16574 12631 16951 5811 
16579 12633 16960 5813 
16583 12637 16967 5814 
16587 12643 16973 5814 
16595 12644 16979 5818 
16602 12646 16987 5819 
16609 12650 16997 5823 
16616 12653 17000 5826 
16619 12658 17007 5828 
16626 12671 17012 5829 
16628 12679 17017 5831 
16634 12681 17022 5834 
16643 12686 17028 5837 
16647 12691 17036 5838 
16653 12696 17041 5839 
16660 12701 17046 5840 
16666 12707 17056 5843 
16670 12718 17062 5849 
16676 12724 17069 5851 
16682 12732 17074 5853 
16687 12737 17078 5855 
16694 12742 17087 5855 
16701 12748 17095 5856 
16704 12754 17101 5858 
16711 12760 17104 5860 
16719 12766 17109 5862 
16720 12770 17115 5863 
16729 12777 17119 5865 
16732 12779 17123 5866 
16733 12783 17131 5868 
16740 12790 17138 5870 
16747 12793 17142 5872 
16754 12799 17148 5875 
16759 12804 17156 5879 
16765 12810 17164 5881 
16772 12815 17168 5881 
16781 12822 17172 5882 
16788 12826 17179 5883 
16794 12831 17187 5885 
16796 12835 17195 5888 
16802 12841 17203 5890 
16807 12843 17210 5891 
16809 12847 17213 5896 
16813 12850 17220 5899 
16819 12852 17225 5900 
16822 12861 17229 5900 
16825 12861 17236 5901 
16830 12867 17237 5902 
16833 12870 17241 5907 
16837 12875 17248 5909 
16843 12881 17258 5910 
16848 12892 17261 5910 
16857 12901 17267 5913 
16865 12904 17272 5913 
16870 12907 17275 5916 
16875 12909 17284 5918 
16880 12912 17289 5921 
16883 12921 17295 5921 
16893 12924 17300 5926 
16895 12929 17308 5928 
16899 12933 17315 5931 
16904 12940 17324 5933 
16909 12942 17332 5934 
16913 12948 17341 5937 
16928 12954 17349 5942 
16931 12960 17357 5947 
16936 12962 17359 5947 
16941 12964 17361 5947 
16948 12968 17372 5948 
16955 12968 17376 5954 
16959 12971 17383 5957 
16970 12977 17392 5958 
16974 12979 17400 5961 
16981 12982 17404 5963 
16991 12985 17410 5969 
16996 12989 17419 5971 
17000 12993 17428 5976 
17006 12996 17435 5979 
17011 13000 17438 5981 
17018 13007 17449 5982 
17025 13016 17454 5984 
17030 13021 17457 5986 
17037 13028 17464 5987 
17044 13032 17471 5990 
17045 13034 17483 5992 
17048 13045 17491 5995 
17054 13052 17501 5998 
17058 13060 17504 6000 
17065 13066 17514 6002 
17069 13068 17523 6003 
17072 13072 17529 6004 
17081 13077 17534 6008 
17085 13077 17538 6009 
17087 13080 17542 6011 
17093 13087 17550 6014 
17101 13090 17559 6016 
17109 13094 17562 6018 
17114 13100 17565 6020 
17119 13104 17568 6022 
17124 13110 17574 6024 
17128 13114 17576 6024 
17134 13119 17584 6024 
17142 13125 17589 6026 
17147 13128 17596 6029 
17147 13132 17611 6032 
17154 13135 17619 6033 
17158 13140 17622 6036 
17161 13145 17628 6040 
17162 13147 17638 6043 
17167 13152 17642 6043 
17172 13157 17650 6044 
17177 13161 17658 6048 
17184 13165 17662 6048 
17189 13165 17668 6051 
17193 13170 17670 6053 
17200 13176 17677 6054 
17203 13179 17681 6055 
17209 13188 17688 6057 
17218 13190 17693 6060 
17220 13195 17702 6061 
17224 13201 17711 6061 
17230 13206 17716 6061 
17241 13213 17719 6063 
17245 13218 17726 6067 
17250 13223 17733 6071 
17254 13227 17739 6073 
17259 13232 17745 6076 
17265 13239 17750 6081 
17269 13240 17754 6081 
17273 13247 17757 6082 
17279 13249 17765 6085 
17286 13256 17771 6086 
17290 13261 17782 6092 
17300 13269 17788 6094 
17304 13271 17795 6096 
17315 13274 17802 6097 
17320 13278 17802 6099 
17331 13284 17805 6101 
17337 13290 17812 6102 
17341 13298 17816 6104 
17350 13302 17825 6107 
17356 13307 17830 6109 
17362 13313 17837 6111 
17369 13320 17842 6113 
17375 13324 17846 6113 
17378 13328 17847 6116 
17383 13331 17857 6117 
17392 13339 17860 6120 
17398 13342 17869 6123 
17403 13346 17875 6124 
17410 13351 17879 6127 
17415 13358 17884 6127 
17419 13365 17892 6129 
17426 13366 17896 6130 
17432 13371 17902 6131 
17439 13379 17913 6133 
17443 13384 17915 6135 
17449 13389 17922 6135 
17452 13394 17931 6136 
17455 13399 17936 6138 
17460 13406 17942 6142 
17467 13411 17952 6144 
17473 13414 17958 6146 
17477 13418 17961 6146 
17480 13423 17968 6147 
17489 13432 17977 6150 
17501 13438 17979 6151 
17505 13442 17989 6155 
17510 13447 17994 6158 
17515 13451 18005 6158 
17522 13456 18011 6163 
17523 13460 18018 6165 
17529 13468 18025 6167 
17536 13470 18031 6171 
17543 13474 18035 6174 
17551 13479 18044 6178 
17554 13481 18048 6180 
17561 13485 18056 6186 
17570 13490 18062 6191 
17575 13493 18068 6192 
17577 13499 18076 6194 
17580 13504 18084 6195 
17585 13510 18089 6196 
17586 13513 18099 6200 
17590 13519 18105 6203 
17597 13526 18116 6204 
17607 13530 18125 6208 
17613 13534 18135 6213 
17620 13535 18142 6214 
17627 13538 18144 6215 
17629 13540 18148 6217 
17634 13543 18150 6223 
17638 13547 18155 6224 
17647 13551 18157 6227 
17652 13554 18163 6230 
17659 13559 18166 6234 
17665 13569 18169 6238 
17670 13573 18177 6238 
17675 13577 18184 6241 
17679 13584 18196 6244 
17681 13586 18205 6244 
17685 13592 18209 6245 
17691 13595 18216 6245 
17701 13598 18220 6245 
17709 13606 18226 6248 
17716 13616 18232 6252 
17721 13620 18234 6254 
17731 13624 18242 6257 
17734 13629 18244 6262 
17740 13635 18249 6264 
17742 13640 18253 6265 
17746 13644 18258 6268 
17749 13650 18267 6270 
17754 13657 18275 6274 
17758 13658 18283 6275 
17764 13661 18292 6279 
17770 13663 18302 6281 
17776 13669 18304 6284 
17786 13677 18311 6284 
17794 13683 18317 6286 
17800 13690 18323 6287 
17810 13694 18334 6288 
17816 13699 18340 6291 
17825 13704 18348 6293 
17832 13708 18355 6293 
17837 13714 18362 6293 
17841 13718 18365 6296 
17844 13722 18372 6296 
17850 13727 18382 6296 
17854 13730 18383 6299 
17862 13733 18388 6303 
17865 13736 18398 6305 
17871 13740 18404 6309 
17877 13745 18406 6311 
17882 13752 18408 6312 
17895 13754 18413 6315 
17900 13761 18419 6318 
17900 13764 18427 6321 
17904 13767 18436 6322 
17908 13770 18443 6323 
17913 13774 18452 6325 
17920 13785 18460 6327 
17925 13797 18468 6330 
17931 13801 18470 6333 
17938 13808 18475 6334 
17941 13811 18484 6334 
17947 13815 18493 6334 
17948 13824 18505 6336 
17951 13827 18515 6338 
17957 13831 18524 6339 
17962 13833 18532 6343 
17967 13836 18534 6344 
17973 13842 18538 6346 
17976 13847 18544 6350 
17983 13852 18552 6351 
17987 13858 18561 6352 
17994 13864 18567 6355 
17998 13868 18573 6358 
18003 13873 18579 6360 
18006 13882 18580 6362 
18013 13884 18588 6365 
18015 13896 18598 6368 
18022 13901 18601 6373 
18028 13905 18605 6378 
18032 13910 18615 6381 
18042 13917 18621 6382 
18045 13924 18629 6386 
18053 13926 18637 6387 
18059 13931 18643 6392 
18061 13936 18646 6392 
18067 13946 18650 6397 
18071 13952 18657 6402 
18075 13960 18660 6403 
18080 13963 18661 6403 
18089 13968 18668 6404 
18097 13970 18670 6405 
18103 13973 18678 6409 
18109 13980 18681 6411 
18119 13986 18689 6415 
18124 13992 18699 6419 
18130 13998 18703 6422 
18139 14000 18711 6423 
18144 14009 18719 6426 
18149 14012 18724 6427 
18151 14018 18728 6431 
18155 14023 18735 6433 
18164 14026 18741 6434 
18170 14030 18747 6436 
18180 14037 18755 6440 
18189 14040 18764 6442 
18194 14046 18769 6444 
18199 14053 18772 6450 
18202 14058 18780 6452 
18209 14065 18781 6456 
18216 14073 18788 6460 
18223 14077 18796 6465 
18230 14082 18799 6471 
18237 14088 18802 6471 
18241 14094 18807 6472 
18244 14094 18814 6475 
18249 14096 18818 6481 
18257 14099 18826 6482 
18261 14107 18833 6486 
18264 14111 18841 6490 
18268 14115 18847 6491 
18272 14120 18854 6491 
18280 14123 18858 6493 
18284 14127 18867 6494 
18292 14130 18872 6494 
18294 14132 18880 6494 
18300 14135 18886 6494 
18306 14140 18891 6495 
18311 14143 18896 6496 
18321 14148 18906 6498 
18329 14155 18913 6500 
18337 14158 18920 6500 
18340 14163 18932 6501 
18346 14167 18939 6501 
18348 14171 18950 6506 
18358 14175 18958 6508 
18363 14177 18965 6510 
18370 14187 18967 6511 
18377 14194 18972 6514 
18384 14200 18979 6517 
18392 14206 18981 6519 
18399 14207 18984 6520 
18405 14213 18994 6523 
18409 14219 19000 6526 
18412 14222 19009 6528 
18419 14227 19014 6531 
18424 14231 19020 6533 
18431 14235 19029 6537 
18437 14239 19037 6538 
18445 14242 19042 6541 
18450 14248 19047 6542 
18454 14249 19058 6544 
18458 14251 19063 6547 
18467 14256 19066 6551 
18478 14258 19072 6554 
18483 14262 19083 6557 
18490 14266 19091 6558 
18498 14270 19097 6562 
18507 14275 19105 6563 
18515 14281 19111 6564 
18521 14287 19120 6566 
18526 14293 19124 6570 
18531 14300 19132 6573 
18539 14301 19137 6575 
18541 14311 19141 6575 
18546 14315 19145 6580 
18551 14316 19152 6585 
18553 14324 19159 6586 
18557 14328 19165 6590 
18562 14332 19172 6591 
18568 14334 19175 6593 
18574 14335 19182 6594 
18581 14341 19188 6599 
18588 14351 19196 6602 
18590 14356 19204 6602 
18597 14357 19213 6606 
18606 14365 19220 6607 
18608 14372 19227 6608 
18614 14379 19233 6614 
18617 14385 19240 6616 
18621 14393 19244 6618 
18631 14398 19252 6620 
18639 14407 19262 6621 
18643 14415 19268 6622 
18649 14417 19272 6625 
18652 14418 19278 6629 
18655 14421 19284 6634 
18660 14430 19292 6638 
18666 14434 19299 6640 
18674 14434 19302 6640 
18677 14436 19308 6642 
18682 14438 19316 6643 
18688 14442 19324 6645 
18696 14445 19332 6647 
18699 14447 19347 6651 
18703 14453 19356 6656 
18714 14460 19364 6662 
18716 14462 19371 6665 
18723 14465 19377 6669 
18728 14468 19384 6673 
18729 14476 19388 6676 
18734 14480 19394 6677 
18740 14485 19400 6679 
18746 14490 19409 6682 
18753 14498 19417 6685 
18762 14505 19427 6688 
18769 14508 19434 6691 
18775 14512 19442 6695 
18778 14515 19453 6699 
18783 14516 19460 6704 
18787 14518 19469 6705 
18792 14526 19478 6707 
18802 14528 19484 6708 
18809 14535 19491 6713 
18813 14540 19497 6718 
18817 14546 19502 6718 
18827 14550 19507 6720 
18834 14553 19512 6723 
18844 14557 19518 6725 
18848 14562 19520 6731 
18854 14565 19527 6733 
18860 14571 19536 6739 
18866 14576 19543 6742 
18871 14585 19543 6744 
18877 14591 19552 6745 
18881 14596 19560 6747 
18890 14597 19567 6748 
18897 14604 19574 6751 
18903 14609 19580 6752 
18910 14614 19587 6755 
18917 14617 19596 6759 
18923 14625 19600 6761 
18929 14628 19602 6764 
18932 14632 19611 6770 
18939 14637 19615 6770 
18944 14641 19620 6772 
18947 14645 19626 6774 
18951 14649 19633 6777 
18956 14654 19637 6780 
18960 14661 19643 6782 
18965 14666 19649 6786 
18966 14669 19653 6789 
18972 14675 19663 6791 
18980 14680 19674 6793 
18987 14684 19684 6794 
18991 14687 19691 6796 
18996 14689 19697 6800 
19006 14693 19708 6803 
19007 14697 19715 6806 
19016 14703 19721 6807 
19022 14712 19729 6811 
19034 14719 19737 6812 
19047 14724 19742 6814 
19055 14733 19745 6815 
19059 14739 19750 6819 
19067 14744 19757 6821 
19073 14749 19760 6823 
19082 14756 19764 6825 
19096 14760 19774 6828 
19103 14765 19777 6829 
19112 14771 19785 6832 
19115 14776 19790 6834 
19126 14781 19798 6836 
19130 14783 19803 6842 
19139 14786 19812 6842 
19143 14788 19814 6842 
19149 14796 19822 6845 
19157 14800 19829 6846 
19160 14804 19835 6850 
19168 14804 19842 6854 
19171 14810 19846 6858 
19176 14813 19854 6861 
19182 14816 19860 6863 
19185 14818 19865 6865 
19189 14821 19869 6868 
19191 14824 19874 6874 
19198 14827 19886 6875 
19203 14829 19889 6877 
19207 14832 19895 6878 
19212 14834 19900 6884 
19215 14836 19904 6885 
19223 14843 19908 6888 
19228 14849 19913 6888 
19229 14852 19921 6890 
19235 14859 19926 6892 
19240 14861 19934 6893 
19248 14865 19941 6894 
19257 14873 19945 6896 
19261 14879 19950 6897 
19266 14887 19959 6897 
19268 14892 19968 6899 
19276 14897 19970 6903 
19284 14904 19972 6908 
19290 14909 19979 6908 
19300 14915 19988 6912 
19310 14920 19996 6915 
19319 14924 20004 6917 
19328 14928 20011 6918 
19334 14929 20020 6921 
19339 14940 20027 6921 
19348 14945 20032 6923 
19356 14950 20034 6927 
19360 14955 20039 6931 
19366 14961 20041 6933 
19371 14967 20045 6934 
19376 14973 20057 6935 
19385 14974 20063 6940 
19388 14977 20069 6943 
19394 14984 20072 6944 
19406 14986 20080 6947 
19411 14990 20084 6949 
19418 14993 20092 6956 
19425 14997 20098 6956 
19427 15003 20107 6958 
19436 15008 20116 6960 
19439 15013 20122 6967 
19444 15019 20129 6970 
19457 15024 20137 6974 
19461 15029 20139 6978 
19463 15029 20144 6982 
19471 15029 20153 6985 
19477 15031 20162 6990 
19480 15036 20171 6991 
19485 15046 20181 6994 
19493 15050 20187 6999 
19497 15055 20195 7002 
19499 15063 20204 7004 
19508 15071 20212 7006 
19510 15072 20217 7006 
19516 15074 20218 7008 
19521 15078 20228 7011 
19526 15080 20233 7013 
19529 15082 20239 7016 
19534 15087 20242 7019 
19536 15088 20246 7019 
19544 15088 20255 7019 
19547 15095 20262 7026 
19555 15097 20271 7027 
19562 15102 20277 7031 
19573 15112 20285 7032 
19579 15120 20294 7033 
19585 15122 20297 7034 
19589 15129 20301 7036 
19595 15134 20303 7036 
19599 15146 20314 7040 
19607 15154 20320 7043 
19609 15156 20324 7048 
19613 15164 20333 7050 
19617 15169 20339 7051 
19621 15172 20341 7056 
19630 15172 20343 7056 
19635 15179 20352 7057 
19643 15180 20360 7062 
19646 15183 20364 7062 
19650 15186 20370 7064 
19654 15198 20376 7065 
19659 15201 20381 7068 
19664 15213 20387 7071 
19674 15214 20393 7073 
19680 15219 20398 7074 
19690 15223 20407 7075 
19693 15231 20410 7077 
19701 15233 20415 7079 
19713 15235 20421 7079 
19719 15242 20427 7082 
19724 15247 20433 7090 
19734 15256 20438 7093 
19740 15258 20443 7096 
19747 15262 20448 7096 
19752 15266 20450 7100 
19762 15270 20461 7104 
19763 15273 20472 7105 
19770 15279 20480 7107 
19778 15282 20485 7109 
19787 15282 20488 7111 
19789 15288 20496 7113 
19796 15291 20500 7115 
19802 15291 20504 7119 
19806 15301 20510 7119 
19811 15304 20516 7122 
19817 15308 20519 7124 
19822 15316 20525 7125 
19832 15322 20531 7127 
19836 15331 20538 7128 
19838 15336 20546 7129 
19843 15343 20552 7132 
19848 15351 20559 7133 
19853 15357 20566 7136 
19858 15360 20570 7139 
19865 15365 20577 7142 
19873 15377 20583 7143 
19882 15382 20589 7145 
19886 15387 20601 7147 
19896 15393 20607 7149 
19899 15395 20615 7150 
19907 15400 20622 7154 
19911 15401 20624 7155 
19914 15403 20633 7159 
19918 15406 20638 7159 
19922 15411 20643 7159 
19927 15417 20647 7159 
19935 15420 20653 7159 
19942 15427 20658 7163 
19947 15428 20661 7164 
19953 15434 20668 7166 
19962 15438 20674 7170 
19968 15440 20688 7171 
19975 15446 20695 7173 
19984 15450 20702 7176 
19990 15455 20710 7178 
19993 15461 20718 7180 
20000 15467 20727 7182 
20009 15472 20736 7183 
20014 15473 20750 7183 
20017 15482 20755 7185 
20024 15484 20761 7190 
20032 15490 20770 7194 
20037 15496 20776 7196 
20047 15502 20781 7199 
20051 15506 20785 7200 
20056 15511 20794 7200 
20061 15514 20799 7207 
20069 15517 20803 7214 
20074 15521 20806 7215 
20084 15526 20812 7218 
20088 15528 20820 7222 
20093 15536 20828 7224 
20096 15539 20834 7225 
20104 15545 20839 7225 
20114 15550 20844 7226 
20126 15554 20850 7228 
20132 15558 20854 7232 
20135 15562 20864 7233 
20147 15567 20869 7234 
20150 15570 20879 7236 
20155 15577 20885 7238 
20160 15583 20896 7240 
20166 15588 20903 7242 
20173 15594 20910 7244 
20179 15600 20915 7245 
20185 15603 20921 7248 
20189 15606 20927 7251 
20195 15611 20937 7254 
20198 15619 20947 7259 
20210 15623 20954 7262 
20218 15635 20964 7266 
20230 15639 20969 7267 
20233 15644 20979 7268 
20240 15646 20987 7271 
20245 15652 20993 7271 
20258 15656 20998 7273 
20263 15663 21002 7276 
20268 15671 21013 7279 
20273 15675 21022 7282 
20279 15681 21032 7283 
20283 15683 21039 7283 
20286 15693 21049 7288 
20291 15696 21057 7290 
20296 15701 21061 7293 
20305 15703 21068 7296 
20313 15713 21073 7299 
20318 15721 21081 7300 
20325 15728 21088 7301 
20335 15734 21093 7304 
20339 15738 21098 7307 
20347 15741 21104 7309 
20353 15744 21114 7313 
20360 15749 21118 7319 
20365 15755 21122 7321 
20368 15757 21129 7321 
20371 15763 21136 7323 
20375 15768 21144 7325 
20384 15771 21148 7328 
20386 15777 21157 7329 
20391 15782 21166 7330 
20394 15785 21171 7332 
20394 15789 21177 7336 
20401 15793 21183 7336 
20403 15798 21191 7338 
20407 15803 21194 7340 
20414 15807 21198 7342 
20419 15812 21204 7343 
20425 15817 21214 7346 
20429 15819 21225 7347 
20434 15824 21232 7347 
20439 15826 21238 7348 
20445 15830 21244 7349 
20452 15832 21252 7350 
20466 15838 21260 7352 
20474 15841 21266 7354 
20482 15846 21268 7355 
20485 15849 21274 7356 
20485 15855 21278 7359 
20491 15862 21285 7363 
20499 15869 21294 7366 
20502 15874 21300 7367 
20510 15877 21306 7369 
20516 15878 21316 7374 
20522 15881 21318 7376 
20525 15885 21323 7378 
20533 15888 21328 7379 
20539 15890 21332 7381 
20552 15898 21338 7381 
20558 15904 21345 7383 
20562 15910 21353 7385 
20566 15914 21358 7385 
20574 15918 21374 7390 
20579 15920 21381 7391 
20583 15924 21389 7393 
20586 15931 21400 7397 
20592 15935 21409 7399 
20599 15942 21416 7401 
20602 15945 21425 7402 
20605 15951 21430 7406 
20615 15953 21436 7408 
20618 15960 21439 7412 
20626 15965 21446 7416 
20636 15971 21455 7418 
20647 15971 21461 7421 
20653 15971 21467 7422 
20657 15979 21472 7425 
20664 15985 21479 7428 
20672 15989 21484 7430 
20682 15993 21489 7431 
20689 16002 21493 7433 
20692 16010 21498 7435 
20697 16014 21502 7439 
20700 16018 21507 7441 
20706 16023 21514 7442 
20711 16026 21520 7445 
20717 16028 21525 7448 
20724 16031 21535 7451 
20728 16033 21540 7454 
20735 16036 21545 7458 
20743 16042 21550 7460 
20749 16046 21557 7463 
20754 16051 21566 7468 
20763 16055 21571 7470 
20772 16057 21576 7472 
20777 16063 21584 7473 
20787 16067 21594 7474 
20792 16074 21599 7474 
20796 16077 21607 7477 
20799 16080 21614 7477 
20805 16084 21622 7481 
20814 16087 21626 7481 
20828 16091 21635 7483 
20831 16096 21643 7483 
20836 16102 21648 7486 
20840 16108 21657 7491 
20850 16117 21662 7494 
20858 16120 21667 7495 
20861 16124 21671 7497 
20869 16132 21680 7499 
20875 16137 21687 7499 
20884 16146 21689 7500 
20886 16152 21701 7501 
20892 16157 21707 7503 
20900 16161 21715 7505 
20908 16164 21719 7506 
20911 16171 21728 7507 
20914 16173 21741 7507 
20921 16179 21751 7508 
20930 16182 21755 7515 
20937 16189 21766 7520 
20944 16196 21773 7524 
20953 16203 21779 7528 
20956 16209 21786 7530 
20963 16211 21793 7534 
20971 16217 21799 7539 
20976 16221 21804 7542 
20983 16226 21813 7542 
20989 16229 21818 7542 
21000 16232 21824 7545 
21006 16234 21828 7550 
21012 16242 21838 7553 
21021 16245 21845 7554 
21028 16251 21848 7555 
21033 16258 21851 7556 
21038 16262 21859 7557 
21042 16265 21862 7558 
21048 16272 21871 7564 
21055 16277 21877 7565 
21061 16277 21883 7570 
21063 16282 21888 7570 
21070 16293 21895 7572 
21073 16299 21903 7572 
21075 16309 21914 7575 
21083 16312 21920 7579 
21085 16315 21929 7580 
21094 16318 21934 7584 
21100 16319 21942 7587 
21103 16324 21950 7590 
21111 16326 21956 7594 
21120 16330 21961 7596 
21130 16335 21965 7599 
21138 16339 21972 7599 
21144 16342 21979 7600 
21152 16351 21987 7601 
21156 16354 21995 7604 
21162 16357 22001 7607 
21170 16363 22015 7611 
21184 16369 22026 7611 
21192 16372 22034 7612 
21193 16379 22043 7613 
21203 16381 22049 7613 
21208 16389 22054 7614 
21220 16391 22064 7614 
21226 16399 22069 7615 
21228 16405 22071 7617 
21234 16409 22080 7625 
21245 16414 22086 7627 
21250 16420 22094 7630 
21259 16422 22105 7632 
21265 16426 22110 7636 
21272 16428 22114 7639 
21277 16435 22121 7646 
21280 16442 22128 7651 
21287 16448 22136 7653 
21289 16450 22140 7657 
21294 16453 22149 7662 
21296 16457 22151 7662 
21300 16457 22156 7662 
21309 16460 22161 7663 
21314 16462 22166 7666 
21327 16470 22175 7668 
21333 16481 22184 7671 
21339 16486 22187 7674 
21346 16494 22191 7675 
21354 16496 22199 7676 
21361 16502 22210 7680 
21367 16511 22218 7682 
21375 16518 22223 7686 
21382 16520 22227 7687 
21386 16523 22239 7689 
21393 16529 22248 7692 
21395 16531 22258 7694 
21403 16538 22267 7696 
21414 16544 22276 7696 
21422 16551 22285 7699 
21429 16556 22290 7699 
21436 16561 22297 7699 
21443 16565 22302 7701 
21451 16567 22308 7704 
21458 16573 22318 7708 
21463 16579 22324 7709 
21469 16589 22332 7710 
21477 16592 22339 7711 
21486 16595 22344 7714 
21495 16601 22356 7715 
21503 16612 22363 7718 
21508 16617 22371 7724 
21515 16621 22375 7724 
21522 16628 22383 7726 
21526 16633 22391 7728 
21533 16635 22401 7731 
21536 16641 22407 7735 
21541 16649 22413 7740 
21546 16651 22419 7743 
21553 16654 22427 7746 
21562 16659 22437 7747 
21566 16664 22443 7748 
21571 16669 22452 7750 
21576 16674 22460 7755 
21582 16680 22472 7756 
21590 16684 22478 7760 
21593 16689 22490 7761 
21599 16694 22496 7762 
21607 16695 22505 7763 
21612 16701 22510 7767 
21618 16709 22521 7769 
21624 16712 22526 7771 
21629 16717 22531 7772 
21633 16722 22536 7774 
21639 16727 22542 7776 
21645 16732 22549 7779 
21650 16738 22554 7779 
21660 16743 22561 7781 
21665 16745 22566 7781 
21668 16751 22578 7783 
21671 16753 22586 7783 
21675 16760 22593 7785 
21683 16766 22603 7786 
21692 16774 22614 7789 
21698 16777 22621 7793 
21702 16783 22627 7796 
21704 16789 22631 7797 
21706 16793 22636 7797 
21712 16797 22643 7800 
21721 16802 22652 7803 
21729 16804 22656 7806 
21734 16807 22663 7809 
21740 16813 22674 7812 
21743 16818 22684 7812 
21749 16821 22690 7817 
21755 16829 22697 7820 
21758 16837 22701 7825 
21763 16839 22706 7828 
21772 16842 22710 7831 
21777 16846 22718 7832 
21778 16852 22721 7833 
21785 16861 22725 7834 
21794 16866 22735 7837 
21799 16868 22741 7839 
21804 16873 22748 7843 
21812 16875 22757 7846 
21817 16882 22762 7847 
21821 16889 22764 7848 
21827 16896 22776 7849 
21831 16901 22780 7853 
21839 16905 22789 7855 
21844 16912 22793 7855 
21848 16916 22799 7856 
21853 16921 22803 7858 
21859 16929 22814 7858 
21863 16937 22820 7863 
21868 16939 22830 7865 
21873 16941 22832 7868 
21879 16946 22838 7870 
21884 16953 22843 7872 
21887 16962 22847 7875 
21889 16970 22854 7879 
21897 16974 22861 7885 
21905 16977 22864 7889 
21916 16981 22868 7892 
21922 16984 22870 7894 
21927 16990 22882 7897 
21930 16992 22887 7902 
21936 16997 22892 7904 
21940 17004 22898 7906 
21943 17009 22902 7906 
21947 17015 22907 7907 
21956 17020 22913 7912 
21963 17025 22921 7914 
21966 17033 22929 7914 
21971 17036 22936 7917 
21979 17041 22942 7917 
21983 17045 22947 7919 
21992 17053 22952 7922 
21997 17056 22957 7924 
22004 17063 22961 7926 
22009 17070 22969 7928 
22016 17078 22981 7931 
22021 17087 22992 7934 
22022 17095 22993 7936 
22028 17100 22999 7938 
22032 17104 23007 7944 
22034 17109 23010 7945 
22045 17115 23018 7946 
22051 17120 23024 7949 
22058 17125 23034 7951 
22061 17129 23038 7953 
22067 17132 23042 7957 
22069 17134 23047 7960 
22072 17137 23056 7963 
22080 17140 23059 7965 
22084 17144 23066 7974 
22087 17149 23075 7976 
22094 17155 23077 7978 
22103 17160 23084 7980 
