0 0 0 0 
6 5 3 2 
8 6 7 3 
14 9 10 3 
21 11 15 4 
27 16 19 7 
35 19 22 9 
42 19 26 9 
44 21 32 12 
52 26 40 15 
57 30 46 15 
60 34 50 15 
66 36 53 17 
72 41 59 19 
81 43 67 25 
87 45 74 27 
88 47 80 28 
96 53 84 30 
100 56 85 30 
105 61 88 32 
111 63 92 34 
116 67 98 35 
117 74 103 38 
121 86 106 39 
132 88 110 42 
138 93 116 44 
142 96 128 46 
145 99 129 47 
152 104 137 47 
159 107 144 49 
166 110 147 50 
172 115 150 52 
176 119 153 53 
183 120 160 54 
189 120 166 56 
193 123 168 57 
199 126 172 58 
201 127 181 58 
204 131 188 60 
208 133 190 61 
211 138 193 64 
216 143 198 66 
223 150 200 68 
228 152 203 70 
232 156 205 72 
238 161 210 73 
244 164 210 74 
248 168 217 74 
254 173 222 78 
263 176 225 79 
269 178 233 79 
275 182 238 81 
281 185 241 82 
286 189 246 82 
290 190 251 83 
294 194 260 85 
294 198 268 85 
299 201 273 89 
303 203 278 91 
307 207 280 92 
310 212 283 95 
319 216 290 98 
326 219 292 99 
328 222 295 101 
330 226 296 104 
333 227 300 105 
339 230 302 107 
343 231 302 107 
349 238 306 108 
355 241 310 108 
361 246 313 110 
365 248 322 110 
368 255 324 112 
374 261 333 116 
376 265 339 118 
381 266 345 118 
384 269 352 121 
388 275 357 122 
396 281 359 124 
400 284 365 124 
407 291 371 126 
415 295 373 128 
417 298 374 130 
419 301 379 130 
420 303 386 131 
428 307 392 133 
432 309 394 133 
439 315 400 137 
449 320 405 140 
455 322 412 140 
460 328 416 140 
464 333 422 142 
469 335 426 142 
478 337 428 144 
483 342 434 146 
489 343 437 146 
491 347 441 147 
498 349 445 151 
505 350 452 152 
512 355 458 154 
515 364 462 154 
523 367 466 156 
529 368 469 157 
537 371 476 159 
543 378 482 161 
543 383 487 162 
546 388 494 164 
552 390 500 165 
557 392 502 170 
562 395 506 173 
567 403 509 175 
572 407 509 177 
577 408 513 179 
581 410 514 181 
585 416 520 183 
592 419 530 184 
594 421 533 184 
600 425 537 186 
605 430 546 187 
611 433 552 190 
616 436 557 191 
622 439 564 194 
629 442 571 194 
632 444 576 195 
637 448 583 196 
643 454 588 197 
645 459 591 199 
650 462 594 200 
653 466 598 202 
658 468 601 205 
660 472 610 206 
667 476 613 208 
673 476 618 209 
676 482 623 212 
682 486 627 213 
691 490 635 214 
697 491 642 214 
701 495 647 215 
705 499 654 216 
708 505 661 217 
714 512 671 220 
720 514 676 221 
722 517 676 223 
727 518 684 223 
732 519 688 224 
736 520 691 225 
740 524 693 227 
742 530 695 228 
745 537 699 228 
748 544 705 230 
752 548 713 232 
758 550 719 234 
764 554 721 239 
768 560 727 241 
774 563 732 241 
778 571 738 241 
783 577 740 245 
786 581 747 246 
796 586 753 248 
809 588 757 252 
817 590 766 253 
820 592 770 255 
824 596 773 257 
830 598 781 261 
836 600 786 262 
843 604 789 262 
846 607 790 267 
847 607 795 272 
848 608 801 273 
852 610 803 277 
855 616 811 277 
857 621 811 279 
863 627 816 283 
872 632 820 283 
881 638 821 285 
890 642 826 286 
896 648 829 287 
901 649 831 288 
906 651 838 289 
913 658 844 292 
918 661 848 294 
921 662 854 294 
928 667 856 296 
931 670 859 298 
937 679 865 301 
943 682 872 303 
949 688 877 306 
954 693 882 308 
962 701 884 310 
968 709 891 312 
975 711 894 318 
980 718 897 320 
989 722 904 324 
993 726 907 328 
1000 728 908 331 
1009 730 909 334 
1013 734 913 336 
1017 737 924 339 
1023 741 927 341 
1028 745 933 343 
1034 749 937 345 
1040 755 942 347 
1041 758 953 347 
1045 762 959 349 
1053 768 961 350 
1057 770 966 350 
1063 771 967 351 
1069 775 971 351 
1071 780 976 352 
1074 782 979 355 
1080 787 984 356 
1088 793 986 361 
1093 794 990 362 
1097 797 995 363 
1101 798 1000 363 
1102 800 1005 363 
1109 803 1008 365 
1119 808 1010 368 
1124 812 1018 370 
1129 814 1024 371 
1140 818 1026 373 
1148 821 1030 374 
1153 826 1034 375 
1161 828 1038 375 
1169 830 1043 377 
1173 838 1047 378 
1175 840 1052 382 
1180 848 1057 383 
1187 849 1063 385 
1192 850 1069 386 
1195 856 1072 392 
1199 859 1079 393 
1204 861 1086 397 
1208 864 1087 398 
1209 870 1092 398 
1213 873 1099 399 
1220 877 1104 402 
1227 879 1107 403 
1233 881 1111 406 
1239 886 1119 407 
1246 888 1126 410 
1250 891 1132 411 
1255 894 1137 413 
1260 897 1141 413 
1268 900 1146 416 
1272 902 1155 417 
1277 907 1163 419 
1279 912 1167 419 
1283 916 1169 421 
1287 917 1173 422 
1294 918 1176 423 
1296 919 1182 425 
1301 923 1190 426 
1310 927 1198 428 
1315 931 1203 429 
1316 933 1207 429 
1318 938 1211 431 
1323 939 1218 434 
1327 942 1224 435 
1330 950 1229 436 
1336 956 1233 436 
1347 959 1237 439 
1350 967 1240 439 
1355 973 1242 443 
1363 978 1244 447 
1369 981 1249 451 
1373 988 1256 454 
1379 992 1259 455 
1382 993 1264 457 
1386 995 1271 460 
1392 997 1274 461 
1398 1000 1282 464 
1403 1005 1292 466 
1407 1008 1299 468 
1410 1010 1304 469 
1415 1012 1308 471 
1418 1013 1313 473 
1423 1017 1317 474 
1428 1020 1322 476 
1433 1022 1328 478 
1438 1023 1334 479 
1445 1026 1343 481 
1450 1028 1349 482 
1455 1030 1357 484 
1464 1035 1366 486 
1467 1038 1368 486 
1472 1039 1374 490 
1475 1041 1380 490 
1480 1043 1384 491 
1484 1046 1389 491 
1487 1054 1392 491 
1491 1056 1399 492 
1495 1061 1403 495 
1503 1064 1408 496 
1511 1066 1416 496 
1519 1076 1421 499 
1525 1084 1425 502 
1529 1086 1428 504 
1531 1092 1432 505 
1537 1097 1435 508 
1543 1105 1439 509 
1554 1109 1443 510 
1561 1111 1450 513 
1567 1114 1458 515 
1572 1117 1462 515 
1576 1120 1468 517 
1583 1123 1471 520 
1589 1128 1475 521 
1593 1135 1478 524 
1596 1139 1482 527 
1602 1144 1490 529 
1607 1147 1499 531 
1610 1151 1506 533 
1619 1155 1512 536 
1623 1160 1516 537 
1629 1167 1517 539 
1636 1170 1520 539 
1642 1175 1524 540 
1649 1176 1534 542 
1655 1178 1541 542 
1664 1180 1548 544 
1668 1184 1554 545 
1671 1187 1560 548 
1676 1191 1563 549 
1677 1196 1566 552 
1681 1198 1569 552 
1686 1203 1575 554 
1693 1211 1577 556 
1699 1212 1589 556 
1708 1217 1595 557 
1710 1221 1600 561 
1717 1228 1608 565 
1720 1230 1612 568 
1729 1235 1618 568 
1737 1241 1628 568 
1747 1243 1635 569 
1753 1247 1644 570 
1760 1251 1649 570 
1769 1254 1652 570 
1772 1257 1660 570 
1778 1261 1666 572 
1779 1264 1668 576 
1789 1267 1671 576 
1793 1272 1677 579 
1800 1275 1681 580 
1805 1279 1687 582 
1811 1281 1696 583 
1811 1282 1701 585 
1816 1284 1707 586 
1825 1288 1709 589 
1830 1290 1720 594 
1832 1292 1727 596 
1835 1295 1731 596 
1837 1295 1734 598 
1840 1300 1741 600 
1843 1305 1743 602 
1845 1306 1747 603 
1855 1309 1751 603 
1858 1312 1759 605 
1863 1317 1764 606 
1873 1323 1768 610 
1876 1326 1771 610 
1880 1327 1779 613 
1890 1331 1783 614 
1899 1334 1788 617 
1908 1340 1795 619 
1916 1343 1803 619 
1922 1350 1808 622 
1928 1352 1816 623 
1931 1354 1821 624 
1934 1355 1826 625 
1942 1358 1831 626 
1949 1360 1833 627 
1957 1363 1841 628 
1960 1368 1853 630 
1967 1370 1859 632 
1974 1377 1864 633 
1980 1385 1870 634 
1985 1386 1875 637 
1991 1389 1880 638 
1994 1394 1885 641 
1998 1396 1888 643 
2001 1399 1893 645 
2007 1404 1897 648 
2012 1409 1903 650 
2019 1413 1906 652 
2023 1418 1913 655 
2029 1422 1915 656 
2036 1427 1923 657 
2042 1432 1928 657 
2045 1437 1932 657 
2051 1442 1939 658 
2061 1447 1946 658 
2074 1453 1950 660 
2085 1456 1955 661 
2090 1458 1958 661 
2096 1463 1963 662 
2102 1466 1965 664 
2108 1470 1968 666 
2114 1474 1973 669 
2120 1475 1976 672 
2124 1477 1982 674 
2128 1479 1990 675 
2135 1482 1996 676 
2141 1486 1999 677 
2148 1487 2005 677 
2151 1491 2010 678 
2159 1493 2020 679 
2166 1495 2024 684 
2173 1498 2030 687 
2182 1499 2032 689 
2182 1504 2033 691 
2186 1508 2036 693 
2192 1510 2039 696 
2195 1512 2045 699 
2202 1515 2048 700 
2206 1516 2051 702 
2211 1521 2059 707 
2215 1525 2062 707 
2221 1528 2067 707 
2225 1534 2067 709 
2233 1537 2072 710 
2240 1539 2077 710 
2245 1546 2080 713 
2248 1555 2084 713 
2255 1556 2087 718 
2258 1560 2094 718 
2263 1566 2100 721 
2273 1570 2109 725 
2275 1573 2115 726 
2278 1579 2120 726 
2283 1582 2126 728 
2286 1583 2131 729 
2294 1588 2140 731 
2299 1594 2145 735 
2307 1598 2148 736 
2313 1601 2154 737 
2318 1605 2162 739 
2325 1607 2168 740 
2330 1611 2173 741 
2337 1614 2178 742 
2344 1618 2184 743 
2352 1620 2193 747 
2355 1629 2200 749 
2363 1633 2203 751 
2371 1634 2206 753 
2375 1639 2211 756 
2381 1640 2217 757 
2388 1644 2225 760 
2395 1649 2228 761 
2403 1654 2232 762 
2408 1657 2234 764 
2415 1659 2237 765 
2419 1660 2244 765 
2429 1665 2247 768 
2429 1667 2251 768 
2437 1670 2257 769 
2443 1674 2267 771 
2449 1677 2270 774 
2454 1679 2276 777 
2458 1683 2281 777 
2461 1688 2281 777 
2466 1690 2286 780 
2470 1696 2292 781 
2476 1702 2297 782 
2481 1706 2305 784 
2488 1710 2315 785 
2493 1716 2317 787 
2497 1721 2322 790 
2500 1727 2328 791 
2507 1728 2333 792 
2510 1731 2342 793 
2517 1734 2348 793 
2528 1736 2355 794 
2531 1739 2357 797 
2533 1741 2366 799 
2536 1744 2371 800 
2541 1748 2378 801 
2545 1749 2382 803 
2551 1753 2387 805 
2553 1755 2392 808 
2560 1759 2396 810 
2568 1762 2402 812 
2574 1764 2406 814 
2581 1768 2409 815 
2587 1773 2414 818 
2591 1781 2423 820 
2597 1785 2424 823 
2602 1787 2431 825 
2606 1790 2437 826 
2609 1793 2444 828 
2614 1798 2449 829 
2619 1802 2452 831 
2625 1805 2458 834 
2633 1811 2463 836 
2640 1813 2470 839 
2642 1814 2477 839 
2646 1817 2484 842 
2651 1820 2487 847 
2653 1822 2488 848 
2658 1827 2490 852 
2664 1834 2492 852 
2668 1839 2501 855 
2677 1845 2506 855 
2685 1850 2512 859 
2691 1851 2515 863 
2697 1853 2518 864 
2701 1858 2524 865 
2707 1862 2531 867 
2710 1867 2534 868 
2717 1871 2538 872 
2725 1873 2543 875 
2730 1877 2547 876 
2733 1880 2558 876 
2738 1881 2568 877 
2743 1890 2571 878 
2747 1897 2579 880 
2754 1901 2581 883 
2760 1906 2588 885 
2763 1910 2595 889 
2769 1918 2601 890 
2772 1921 2606 891 
2779 1924 2613 893 
2783 1931 2619 895 
2787 1936 2627 897 
2792 1940 2633 897 
2796 1947 2639 900 
2800 1952 2644 902 
2804 1955 2646 902 
2814 1959 2651 902 
2819 1960 2656 905 
2825 1967 2660 905 
2830 1971 2668 905 
2836 1974 2670 909 
2844 1979 2676 911 
2849 1980 2682 914 
2857 1984 2689 917 
2860 1990 2694 920 
2864 1994 2699 922 
2875 2001 2702 924 
2878 2006 2706 925 
2881 2012 2715 928 
2883 2015 2715 930 
2887 2016 2718 931 
2893 2020 2725 933 
2895 2025 2733 936 
2904 2028 2739 938 
2908 2030 2740 940 
2909 2032 2743 941 
2916 2037 2747 942 
2922 2042 2748 942 
2926 2047 2754 946 
2935 2049 2757 948 
2942 2052 2765 951 
2947 2054 2769 955 
2949 2055 2778 955 
2954 2057 2786 957 
2959 2062 2793 958 
2961 2065 2801 960 
2965 2069 2807 961 
2975 2073 2813 963 
2982 2075 2818 963 
2990 2079 2823 964 
2992 2082 2825 966 
2998 2085 2835 970 
3008 2086 2843 971 
3014 2091 2847 971 
3017 2094 2853 972 
3022 2099 2859 973 
3025 2102 2866 976 
3031 2103 2870 977 
3035 2105 2874 979 
3038 2109 2879 981 
3045 2110 2883 983 
3048 2116 2891 983 
3051 2121 2896 984 
3056 2127 2898 985 
3060 2132 2903 985 
3062 2136 2911 988 
3069 2139 2912 989 
3074 2141 2915 990 
3078 2144 2917 991 
3081 2148 2922 994 
3088 2149 2928 996 
3091 2155 2933 999 
3097 2160 2940 999 
3100 2162 2942 1002 
3106 2166 2947 1002 
3108 2170 2952 1003 
3110 2170 2959 1003 
3116 2175 2964 1004 
3125 2180 2973 1007 
3132 2184 2979 1007 
3138 2186 2985 1010 
3144 2190 2996 1012 
3153 2195 3000 1013 
3162 2200 3004 1015 
3167 2206 3009 1016 
3171 2208 3016 1017 
3177 2215 3017 1018 
3181 2217 3019 1019 
3186 2219 3026 1021 
3187 2222 3029 1023 
3191 2227 3032 1026 
3196 2229 3041 1029 
3201 2232 3044 1030 
3213 2235 3048 1034 
3218 2241 3051 1039 
3221 2244 3053 1040 
3222 2249 3057 1043 
3230 2253 3067 1044 
3234 2257 3071 1045 
3239 2262 3077 1047 
3246 2264 3080 1048 
3252 2270 3083 1051 
3260 2274 3087 1056 
3267 2279 3091 1056 
3276 2286 3103 1056 
3281 2287 3105 1063 
3286 2291 3112 1065 
3290 2294 3114 1065 
3298 2298 3120 1066 
3307 2304 3125 1069 
3313 2304 3130 1070 
3315 2307 3134 1073 
3317 2309 3141 1074 
3323 2315 3148 1079 
3329 2320 3152 1083 
3336 2323 3161 1084 
3342 2331 3162 1087 
3353 2336 3165 1089 
3362 2338 3170 1090 
3374 2341 3175 1092 
3384 2343 3180 1092 
3389 2344 3184 1093 
3394 2345 3189 1094 
3399 2349 3191 1096 
3404 2352 3194 1099 
3407 2353 3199 1099 
3410 2356 3207 1101 
3412 2360 3212 1104 
3419 2363 3217 1106 
3424 2369 3221 1107 
3427 2375 3227 1111 
3433 2380 3234 1113 
3435 2386 3240 1115 
3447 2391 3243 1117 
3448 2392 3253 1121 
3455 2394 3259 1123 
3460 2401 3266 1125 
3464 2403 3276 1126 
3469 2405 3279 1130 
3474 2409 3282 1132 
3477 2410 3288 1134 
3483 2416 3294 1136 
3489 2418 3296 1137 
3492 2423 3299 1138 
3496 2429 3305 1138 
3504 2434 3308 1139 
3508 2440 3309 1139 
3513 2445 3318 1140 
3520 2448 3321 1141 
3522 2454 3324 1142 
3530 2461 3326 1145 
3534 2467 3333 1148 
3540 2470 3338 1148 
3547 2474 3342 1149 
3555 2479 3350 1151 
3563 2487 3355 1152 
3567 2491 3362 1154 
3569 2497 3373 1160 
3570 2499 3377 1163 
3578 2505 3382 1163 
3581 2509 3384 1165 
3586 2512 3388 1167 
3588 2514 3392 1169 
3595 2514 3399 1171 
3604 2517 3403 1172 
3607 2520 3412 1173 
3610 2523 3416 1175 
3617 2526 3422 1176 
3622 2528 3428 1178 
3628 2531 3431 1179 
3632 2534 3438 1180 
3641 2538 3442 1182 
3644 2545 3447 1184 
3649 2550 3451 1184 
3656 2552 3453 1185 
3659 2554 3454 1186 
3662 2562 3459 1187 
3666 2567 3465 1188 
3671 2567 3467 1190 
3679 2570 3475 1191 
3688 2573 3480 1192 
3689 2578 3486 1194 
3695 2581 3494 1199 
3699 2584 3500 1200 
3705 2590 3503 1203 
3708 2597 3512 1204 
3715 2601 3519 1206 
3723 2604 3526 1208 
3731 2611 3532 1208 
3736 2615 3539 1209 
3738 2618 3546 1209 
3742 2619 3556 1209 
3747 2622 3565 1211 
3751 2626 3571 1212 
3759 2629 3577 1212 
3763 2632 3583 1215 
3769 2636 3595 1215 
3775 2640 3603 1216 
3780 2647 3606 1218 
3784 2651 3609 1221 
3789 2655 3616 1222 
3793 2656 3619 1224 
3797 2661 3625 1226 
3803 2666 3630 1229 
3808 2670 3634 1233 
3817 2672 3640 1235 
3822 2674 3643 1240 
3826 2678 3653 1243 
3828 2683 3660 1245 
3833 2687 3667 1250 
3840 2690 3671 1253 
3844 2694 3676 1256 
3849 2700 3680 1257 
3853 2706 3687 1262 
3855 2711 3692 1265 
3862 2713 3703 1266 
3867 2715 3709 1268 
3873 2717 3719 1269 
3875 2720 3723 1270 
3882 2724 3730 1276 
3888 2727 3732 1279 
3894 2728 3735 1282 
3899 2732 3737 1284 
3905 2736 3743 1284 
3911 2740 3750 1285 
3915 2744 3754 1288 
3924 2748 3757 1288 
3929 2749 3761 1292 
3935 2751 3764 1294 
3939 2756 3770 1294 
3943 2760 3777 1295 
3953 2769 3783 1298 
3962 2769 3786 1299 
3968 2774 3790 1300 
3974 2780 3797 1303 
3983 2783 3801 1307 
3991 2786 3806 1309 
3997 2793 3809 1310 
4006 2796 3815 1310 
4012 2798 3819 1311 
4016 2802 3824 1311 
4021 2804 3828 1311 
4029 2808 3832 1316 
4038 2810 3835 1320 
4044 2815 3842 1321 
4050 2820 3846 1323 
4058 2823 3852 1326 
4064 2824 3855 1328 
4072 2827 3862 1329 
4081 2832 3867 1329 
4084 2839 3875 1330 
4090 2841 3880 1333 
4097 2847 3885 1334 
4103 2852 3890 1336 
4108 2858 3900 1338 
4112 2864 3903 1339 
4119 2868 3908 1341 
4125 2869 3912 1342 
4130 2871 3916 1343 
4138 2879 3922 1343 
4139 2882 3924 1346 
4151 2883 3930 1346 
4157 2888 3935 1348 
4162 2894 3942 1349 
4167 2900 3947 1349 
4173 2903 3952 1349 
4180 2906 3960 1351 
4187 2910 3963 1353 
4193 2911 3967 1354 
4198 2916 3968 1360 
4203 2918 3975 1364 
4212 2922 3984 1366 
4221 2926 3987 1369 
4224 2927 3995 1370 
4229 2932 4000 1370 
4238 2937 4009 1375 
4249 2942 4012 1376 
4253 2945 4020 1379 
4258 2947 4023 1379 
4265 2951 4026 1384 
4271 2953 4035 1386 
4275 2956 4038 1386 
4278 2959 4042 1391 
4290 2963 4044 1392 
4298 2969 4050 1396 
4304 2973 4056 1398 
4310 2979 4062 1400 
4315 2981 4066 1401 
4320 2987 4072 1401 
4324 2989 4078 1402 
4326 2990 4080 1404 
4334 2996 4088 1405 
4340 2997 4095 1408 
4346 3001 4100 1411 
4349 3001 4103 1414 
4354 3008 4107 1415 
4363 3011 4117 1418 
4368 3014 4128 1419 
4372 3018 4132 1423 
4375 3021 4135 1425 
4380 3023 4141 1429 
4384 3027 4144 1430 
4393 3034 4150 1432 
4398 3039 4157 1434 
4402 3040 4164 1434 
4410 3046 4169 1437 
4416 3050 4172 1439 
4422 3057 4179 1443 
4427 3060 4182 1445 
4432 3061 4186 1446 
4441 3066 4190 1447 
4445 3069 4196 1448 
4450 3072 4200 1450 
4457 3075 4207 1452 
4460 3078 4212 1453 
4462 3081 4218 1453 
4469 3084 4224 1454 
4473 3087 4232 1456 
4480 3088 4239 1456 
4489 3089 4246 1459 
4497 3097 4252 1462 
4501 3102 4262 1463 
4506 3108 4269 1464 
4511 3108 4275 1467 
4516 3119 4279 1467 
4518 3122 4283 1468 
4524 3123 4287 1470 
4526 3128 4291 1471 
4530 3130 4295 1475 
4536 3131 4303 1477 
4542 3135 4309 1478 
4547 3138 4312 1479 
4556 3142 4316 1480 
4561 3142 4321 1482 
4568 3148 4324 1483 
4575 3154 4329 1483 
4579 3159 4334 1485 
4583 3162 4338 1487 
4586 3167 4345 1489 
4591 3170 4348 1490 
4593 3174 4354 1492 
4596 3177 4357 1495 
4599 3181 4359 1495 
4608 3182 4361 1498 
4610 3189 4366 1499 
4615 3192 4368 1501 
4616 3199 4376 1501 
4619 3201 4379 1503 
4624 3206 4385 1504 
4627 3210 4387 1507 
4631 3213 4396 1509 
4638 3215 4401 1511 
4643 3221 4411 1512 
4648 3226 4415 1516 
4651 3229 4425 1518 
4656 3238 4430 1519 
4664 3243 4434 1522 
4674 3248 4442 1523 
4679 3256 4442 1523 
4685 3261 4446 1524 
4691 3267 4450 1525 
4698 3274 4455 1525 
4705 3276 4461 1525 
4713 3278 4464 1525 
4718 3282 4468 1529 
4721 3287 4475 1531 
4725 3290 4480 1533 
4733 3293 4484 1535 
4737 3296 4492 1537 
4742 3300 4499 1540 
4748 3307 4503 1543 
4757 3309 4509 1545 
4761 3317 4514 1548 
4767 3324 4517 1548 
4777 3325 4519 1549 
4782 3329 4525 1550 
4787 3333 4531 1552 
4788 3342 4536 1553 
4789 3343 4540 1555 
4794 3346 4544 1555 
4799 3347 4549 1557 
4805 3350 4559 1560 
4818 3352 4562 1562 
4822 3354 4568 1564 
4830 3358 4577 1566 
4834 3362 4582 1568 
4836 3370 4585 1568 
4841 3374 4586 1571 
4849 3379 4593 1571 
4850 3385 4599 1572 
4857 3392 4603 1573 
4863 3393 4610 1573 
4869 3398 4616 1575 
4874 3401 4618 1579 
4878 3408 4624 1579 
4887 3409 4627 1580 
4893 3419 4634 1582 
4898 3419 4637 1585 
4909 3424 4642 1585 
4915 3432 4646 1588 
4919 3438 4655 1588 
4926 3442 4663 1589 
4927 3445 4669 1590 
4933 3446 4674 1594 
4934 3448 4678 1595 
4939 3451 4682 1598 
4943 3454 4684 1601 
4946 3455 4688 1604 
4950 3459 4695 1608 
4958 3460 4704 1610 
4965 3463 4707 1612 
4972 3472 4710 1615 
4978 3477 4716 1615 
4984 3478 4724 1616 
4993 3482 4731 1618 
4996 3488 4736 1619 
5004 3488 4741 1621 
5010 3492 4749 1621 
5016 3494 4759 1621 
5021 3495 4766 1622 
5026 3499 4772 1625 
5028 3505 4777 1628 
5036 3511 4785 1630 
5041 3518 4790 1635 
5050 3525 4793 1640 
5058 3530 4797 1643 
5063 3533 4806 1651 
5071 3539 4813 1653 
5077 3541 4814 1656 
5084 3545 4816 1659 
5093 3550 4820 1661 
5105 3554 4824 1661 
5111 3556 4830 1663 
5114 3558 4832 1663 
5119 3568 4839 1665 
5123 3570 4844 1666 
5129 3573 4846 1669 
5136 3573 4853 1672 
5146 3574 4860 1674 
5156 3577 4868 1676 
5162 3579 4875 1676 
5165 3580 4884 1678 
5168 3585 4887 1678 
5173 3588 4894 1679 
5181 3595 4900 1682 
5186 3598 4903 1683 
5189 3602 4907 1684 
5196 3603 4914 1684 
5206 3604 4923 1687 
5210 3612 4925 1687 
5215 3620 4931 1690 
5221 3623 4943 1690 
5226 3627 4948 1691 
5234 3629 4951 1695 
5238 3634 4956 1699 
5242 3639 4965 1699 
5246 3642 4971 1701 
5252 3645 4975 1702 
5256 3648 4980 1704 
5261 3651 4987 1706 
5265 3652 4990 1707 
5270 3659 4997 1710 
5275 3661 5003 1712 
5279 3663 5008 1713 
5283 3667 5015 1714 
5289 3671 5019 1719 
5291 3675 5023 1721 
5298 3683 5028 1724 
5301 3686 5033 1726 
5310 3688 5038 1729 
5315 3693 5044 1733 
5323 3697 5050 1735 
5327 3702 5055 1740 
5337 3704 5063 1743 
5338 3708 5070 1744 
5346 3713 5075 1746 
5349 3716 5081 1751 
5351 3719 5083 1753 
5353 3724 5092 1754 
5356 3729 5098 1756 
5362 3731 5103 1758 
5368 3733 5108 1761 
5376 3734 5108 1762 
5381 3736 5117 1765 
5389 3740 5121 1767 
5393 3743 5124 1770 
5397 3750 5129 1772 
5399 3754 5138 1779 
5401 3758 5146 1782 
5406 3758 5149 1784 
5410 3763 5153 1787 
5419 3768 5160 1788 
5427 3773 5165 1789 
5434 3776 5168 1791 
5439 3781 5173 1792 
5449 3785 5177 1796 
5456 3788 5185 1796 
5464 3793 5197 1800 
5468 3798 5203 1801 
5476 3802 5206 1803 
5481 3808 5208 1805 
5493 3810 5211 1806 
5497 3816 5215 1812 
5502 3819 5216 1814 
5503 3823 5222 1815 
5508 3827 5227 1816 
5515 3830 5228 1818 
5520 3836 5234 1820 
5525 3839 5240 1822 
5531 3842 5247 1825 
5535 3846 5253 1830 
5541 3849 5257 1831 
5548 3852 5262 1834 
5554 3856 5263 1836 
5558 3862 5266 1838 
5562 3864 5272 1839 
5571 3868 5277 1841 
5576 3872 5284 1845 
5579 3876 5287 1847 
5582 3876 5293 1847 
5586 3882 5302 1848 
5594 3886 5305 1848 
5601 3890 5313 1853 
5606 3893 5314 1853 
5609 3896 5316 1854 
5616 3902 5322 1857 
5619 3905 5324 1860 
5623 3909 5330 1861 
5632 3912 5339 1865 
5642 3918 5342 1865 
5645 3920 5352 1865 
5648 3922 5357 1868 
5654 3926 5364 1869 
5661 3931 5371 1871 
5670 3934 5378 1871 
5676 3937 5381 1872 
5685 3939 5387 1876 
5691 3949 5395 1876 
5695 3956 5400 1877 
5701 3960 5405 1878 
5707 3965 5409 1879 
5713 3969 5417 1882 
5717 3972 5421 1884 
5721 3979 5426 1885 
5727 3983 5431 1887 
5732 3984 5436 1889 
5735 3986 5441 1891 
5744 3987 5445 1894 
5750 3991 5453 1898 
5760 3996 5461 1899 
5769 4000 5464 1900 
5771 4006 5468 1900 
5776 4009 5473 1906 
5778 4009 5479 1907 
5784 4013 5486 1907 
5789 4015 5499 1909 
5793 4018 5506 1911 
5799 4021 5509 1912 
5803 4023 5517 1914 
5807 4030 5523 1916 
5812 4034 5529 1917 
5814 4034 5533 1920 
5822 4036 5539 1921 
5829 4038 5544 1923 
5832 4041 5552 1927 
5839 4048 5559 1929 
5842 4052 5565 1930 
5845 4054 5570 1932 
5850 4058 5573 1934 
5857 4061 5574 1937 
5860 4064 5577 1939 
5863 4068 5583 1939 
5870 4072 5590 1939 
5877 4076 5598 1940 
5879 4078 5605 1943 
5882 4080 5611 1945 
5893 4086 5618 1947 
5900 4088 5625 1949 
5907 4090 5628 1950 
5909 4092 5635 1951 
5915 4095 5642 1952 
5918 4100 5649 1953 
5926 4103 5654 1954 
5932 4105 5658 1956 
5936 4110 5663 1956 
5944 4112 5666 1958 
5951 4114 5670 1961 
5955 4118 5680 1962 
5959 4125 5686 1962 
5967 4128 5690 1963 
5973 4131 5694 1964 
5978 4136 5700 1966 
5983 4141 5708 1967 
5988 4145 5712 1970 
5991 4148 5718 1973 
5996 4154 5723 1976 
6001 4159 5727 1979 
6003 4168 5729 1984 
6007 4173 5734 1984 
6011 4176 5740 1988 
6015 4187 5745 1988 
6020 4191 5751 1990 
6027 4194 5754 1991 
6029 4200 5760 1993 
6034 4205 5761 1995 
6037 4209 5769 1995 
6043 4210 5778 1997 
6048 4215 5782 1998 
6051 4218 5783 2000 
6059 4219 5789 2003 
6065 4220 5789 2007 
6069 4223 5794 2008 
6076 4227 5797 2011 
6082 4233 5802 2013 
6083 4237 5806 2014 
6089 4240 5809 2015 
6094 4244 5819 2015 
6102 4247 5826 2016 
6111 4252 5832 2017 
6114 4252 5836 2019 
6117 4256 5840 2023 
6125 4263 5845 2025 
6129 4270 5848 2029 
6134 4271 5857 2032 
6142 4275 5858 2032 
6148 4279 5860 2034 
6150 4280 5862 2037 
6155 4283 5868 2040 
6160 4285 5873 2041 
6164 4286 5880 2042 
6169 4294 5885 2042 
6170 4299 5888 2043 
6179 4302 5895 2045 
6185 4308 5900 2050 
6191 4312 5905 2051 
6198 4315 5917 2055 
6203 4317 5923 2055 
6206 4321 5927 2058 
6216 4327 5930 2063 
6221 4334 5937 2065 
6226 4342 5943 2068 
6230 4345 5947 2068 
6235 4349 5953 2070 
6240 4357 5957 2074 
6244 4363 5961 2075 
6249 4366 5964 2078 
6255 4366 5968 2081 
6257 4372 5970 2083 
6264 4374 5971 2085 
6267 4379 5980 2086 
6273 4381 5987 2088 
6277 4386 5991 2089 
6284 4391 6000 2092 
6290 4395 6003 2094 
6296 4399 6010 2096 
6301 4400 6013 2100 
6307 4404 6014 2100 
6316 4410 6019 2100 
6322 4415 6021 2101 
6327 4422 6024 2102 
6328 4423 6031 2103 
6334 4430 6036 2108 
6340 4439 6046 2111 
6343 4443 6049 2113 
6349 4447 6058 2115 
6352 4451 6066 2117 
6355 4453 6069 2120 
6361 4462 6072 2120 
6363 4465 6079 2124 
6367 4465 6086 2124 
6370 4467 6091 2124 
6376 4475 6099 2126 
6382 4479 6105 2129 
6387 4487 6107 2129 
6389 4488 6111 2130 
6396 4491 6114 2133 
6405 4497 6119 2134 
6408 4503 6126 2136 
6408 4509 6134 2139 
6410 4511 6139 2139 
6413 4515 6144 2139 
6417 4516 6150 2142 
6420 4522 6158 2145 
6426 4526 6163 2151 
6435 4529 6168 2156 
6437 4536 6173 2157 
6441 4537 6177 2157 
6446 4541 6181 2159 
6449 4544 6186 2163 
6454 4554 6192 2164 
6459 4557 6198 2165 
6462 4565 6201 2167 
6467 4566 6205 2169 
6471 4566 6210 2171 
6478 4570 6216 2173 
6482 4576 6218 2173 
6484 4577 6222 2175 
6489 4580 6228 2179 
6494 4585 6234 2180 
6504 4585 6242 2183 
6506 4587 6246 2187 
6507 4591 6250 2190 
6512 4595 6257 2190 
6516 4597 6263 2192 
6525 4600 6270 2195 
6526 4603 6271 2195 
6534 4613 6274 2199 
6535 4617 6281 2200 
6543 4626 6285 2201 
6545 4630 6290 2202 
6554 4635 6298 2203 
6558 4641 6300 2204 
6565 4643 6308 2205 
6573 4644 6314 2208 
6580 4651 6318 2214 
6585 4656 6322 2217 
6592 4662 6329 2218 
6597 4669 6331 2220 
6603 4673 6337 2228 
6607 4677 6343 2230 
6612 4680 6349 2231 
6618 4682 6356 2235 
6626 4682 6366 2237 
6633 4686 6371 2238 
6641 4688 6375 2238 
6650 4688 6377 2239 
6652 4691 6385 2241 
6660 4694 6392 2241 
6665 4701 6398 2243 
6669 4702 6401 2244 
6674 4704 6408 2248 
6679 4706 6411 2251 
6681 4708 6411 2251 
6686 4710 6417 2255 
6690 4713 6421 2256 
6696 4716 6427 2257 
6700 4720 6429 2261 
6705 4726 6441 2263 
6710 4732 6447 2265 
6718 4734 6451 2268 
6724 4737 6457 2271 
6727 4741 6463 2274 
6731 4744 6470 2275 
6739 4747 6471 2278 
6750 4749 6476 2278 
6754 4753 6481 2281 
6761 4760 6493 2283 
6764 4762 6499 2284 
6774 4764 6508 2285 
6775 4771 6514 2286 
6783 4773 6521 2289 
6786 4777 6529 2289 
6793 4783 6531 2291 
6800 4792 6537 2296 
6802 4800 6540 2298 
6808 4807 6546 2298 
6812 4811 6550 2303 
6816 4816 6555 2305 
6818 4820 6561 2306 
6821 4823 6571 2311 
6825 4825 6576 2313 
6829 4830 6582 2315 
6830 4836 6584 2316 
6840 4838 6597 2318 
6847 4843 6600 2319 
6851 4849 6605 2320 
6856 4852 6608 2326 
6865 4855 6612 2326 
6868 4857 6615 2327 
6878 4859 6617 2328 
6884 4863 6619 2330 
6890 4866 6625 2333 
6894 4870 6632 2336 
6897 4873 6638 2336 
6903 4878 6642 2336 
6907 4884 6652 2339 
6912 4891 6656 2339 
6915 4894 6660 2340 
6926 4901 6666 2344 
6930 4908 6670 2345 
6933 4913 6678 2349 
6935 4916 6688 2351 
6938 4921 6696 2353 
6946 4928 6706 2353 
6952 4931 6713 2355 
6955 4936 6722 2357 
6959 4939 6728 2359 
6964 4945 6733 2360 
6967 4948 6737 2361 
6972 4952 6747 2364 
6975 4956 6752 2368 
6982 4959 6761 2370 
6986 4961 6766 2372 
6995 4968 6773 2377 
6999 4972 6778 2380 
7007 4977 6789 2380 
7015 4980 6792 2381 
7022 4985 6794 2384 
7029 4987 6797 2386 
7035 4990 6803 2388 
7042 4993 6813 2391 
7048 4997 6820 2392 
7057 4999 6825 2396 
7068 5002 6832 2399 
7072 5002 6840 2401 
7077 5009 6845 2410 
7087 5011 6851 2411 
7091 5016 6859 2413 
7094 5020 6864 2416 
7101 5022 6867 2419 
7104 5025 6876 2420 
7112 5028 6879 2423 
7113 5032 6881 2426 
7119 5034 6885 2427 
7123 5036 6890 2431 
7125 5039 6899 2434 
7130 5048 6903 2434 
7134 5053 6909 2435 
7136 5058 6916 2435 
7143 5059 6919 2437 
7150 5060 6923 2439 
7155 5064 6932 2441 
7155 5064 6940 2444 
7161 5067 6946 2446 
7165 5072 6948 2448 
7168 5077 6955 2450 
7177 5079 6966 2452 
7185 5084 6970 2454 
7189 5092 6976 2460 
7193 5094 6981 2461 
7198 5099 6987 2465 
7201 5106 6994 2466 
7209 5115 6998 2468 
7214 5118 7010 2468 
7217 5120 7017 2471 
7221 5121 7021 2472 
7227 5126 7023 2475 
7235 5131 7030 2478 
7238 5137 7038 2478 
7242 5143 7038 2480 
7249 5146 7040 2482 
7251 5150 7043 2482 
7261 5157 7049 2484 
7266 5162 7055 2485 
7270 5165 7059 2487 
7278 5167 7062 2489 
7285 5176 7071 2489 
7293 5183 7082 2492 
7300 5194 7087 2493 
7308 5197 7096 2494 
7310 5203 7102 2494 
7315 5207 7109 2496 
7322 5211 7121 2498 
7324 5212 7127 2498 
7331 5216 7131 2499 
7339 5220 7135 2500 
7348 5222 7140 2504 
7353 5224 7145 2506 
7358 5227 7150 2507 
7361 5232 7155 2513 
7367 5238 7167 2515 
7376 5244 7171 2519 
7383 5249 7179 2520 
7387 5250 7183 2521 
7389 5256 7187 2522 
7394 5257 7196 2525 
7397 5266 7205 2528 
7402 5268 7210 2530 
7406 5278 7215 2533 
7411 5282 7217 2534 
7418 5283 7224 2537 
7422 5287 7231 2540 
7425 5290 7235 2542 
7432 5293 7247 2543 
7440 5296 7250 2545 
7444 5298 7253 2548 
7451 5302 7259 2549 
7456 5310 7262 2550 
7459 5319 7267 2551 
7464 5321 7271 2555 
7468 5325 7275 2555 
7474 5326 7284 2557 
7482 5332 7291 2558 
7486 5339 7294 2560 
7490 5341 7297 2561 
7494 5344 7299 2563 
7498 5348 7306 2565 
7504 5352 7309 2568 
7511 5357 7312 2571 
7514 5363 7316 2573 
7521 5365 7318 2575 
7526 5374 7322 2578 
7531 5377 7329 2578 
7537 5381 7332 2578 
7541 5382 7337 2579 
7543 5385 7344 2579 
7550 5391 7347 2583 
7553 5393 7351 2587 
7561 5396 7356 2592 
7569 5405 7364 2593 
7579 5412 7367 2595 
7581 5415 7372 2598 
7590 5422 7375 2598 
7595 5423 7380 2599 
7600 5426 7384 2599 
7608 5431 7390 2602 
7616 5432 7401 2602 
7620 5437 7408 2603 
7624 5443 7413 2605 
7630 5446 7416 2605 
7637 5449 7419 2606 
7639 5452 7426 2607 
7645 5457 7432 2609 
7650 5461 7436 2610 
7659 5468 7441 2611 
7665 5472 7449 2613 
7666 5474 7456 2615 
7673 5477 7459 2617 
7675 5482 7465 2618 
7681 5490 7475 2619 
7685 5495 7483 2619 
7691 5498 7488 2620 
7695 5500 7491 2622 
7698 5506 7498 2622 
7704 5512 7503 2622 
7709 5514 7508 2623 
7715 5517 7516 2624 
7721 5523 7521 2627 
7733 5528 7526 2629 
7739 5530 7531 2629 
7744 5536 7535 2630 
7751 5539 7541 2630 
7753 5546 7546 2634 
7756 5550 7552 2636 
7763 5551 7559 2639 
7769 5561 7564 2644 
7777 5565 7568 2645 
7784 5568 7574 2646 
7788 5571 7582 2650 
7789 5575 7589 2653 
7792 5578 7592 2654 
7795 5582 7598 2655 
7800 5587 7606 2657 
7808 5590 7608 2660 
7816 5591 7609 2661 
7822 5594 7615 2663 
7827 5597 7618 2667 
7833 5602 7624 2668 
7842 5605 7628 2671 
7845 5610 7633 2676 
7851 5614 7637 2678 
7858 5617 7645 2679 
7868 5619 7653 2681 
7872 5622 7660 2682 
7877 5630 7665 2683 
7882 5634 7672 2685 
7887 5637 7678 2686 
7895 5640 7687 2687 
7900 5644 7693 2689 
7905 5649 7700 2691 
7912 5650 7708 2692 
7919 5654 7714 2694 
7922 5657 7720 2697 
7933 5664 7729 2699 
7939 5669 7734 2705 
7943 5673 7742 2709 
7948 5675 7744 2711 
7950 5682 7748 2712 
7954 5688 7753 2713 
7958 5692 7759 2714 
7966 5696 7764 2718 
7974 5700 7774 2721 
7978 5703 7780 2724 
7986 5705 7783 2727 
7992 5708 7790 2728 
7998 5711 7792 2731 
8007 5717 7795 2732 
8016 5722 7799 2734 
8019 5728 7805 2736 
8026 5732 7808 2737 
8030 5733 7813 2739 
8039 5739 7822 2739 
8042 5743 7826 2742 
8051 5746 7833 2743 
8059 5749 7838 2745 
8065 5750 7850 2746 
8069 5754 7854 2749 
8071 5762 7858 2753 
8077 5767 7864 2756 
8084 5767 7870 2758 
8088 5771 7882 2760 
8092 5772 7888 2760 
8096 5776 7891 2762 
8104 5778 7896 2763 
8109 5784 7899 2763 
8111 5789 7906 2763 
8117 5792 7909 2768 
8120 5794 7916 2768 
8130 5798 7920 2769 
8131 5802 7930 2770 
8137 5810 7938 2772 
8144 5815 7941 2773 
8149 5825 7948 2775 
8155 5830 7952 2776 
8160 5840 7961 2779 
8162 5841 7967 2780 
8168 5843 7974 2780 
8174 5848 7979 2780 
8182 5854 7983 2780 
8188 5857 7992 2785 
8192 5862 7995 2789 
8195 5864 8000 2795 
8201 5867 8009 2797 
8207 5871 8019 2797 
8214 5875 8030 2800 
8224 5875 8031 2803 
8228 5878 8038 2805 
8235 5883 8042 2806 
8238 5885 8050 2807 
8242 5889 8053 2811 
8244 5890 8059 2812 
8252 5894 8062 2814 
8255 5897 8072 2814 
8258 5901 8077 2816 
8261 5903 8080 2818 
8264 5907 8082 2824 
8270 5910 8085 2826 
8274 5913 8091 2828 
8277 5919 8098 2830 
8285 5921 8103 2831 
8292 5924 8109 2833 
8295 5927 8117 2834 
8299 5933 8123 2836 
8307 5936 8128 2838 
8313 5942 8134 2843 
8318 5948 8139 2843 
8323 5949 8140 2844 
8325 5951 8146 2846 
8328 5956 8152 2849 
8334 5962 8157 2853 
8337 5967 8160 2855 
8344 5968 8165 2858 
8350 5975 8171 2858 
8358 5978 8175 2861 
8362 5982 8184 2862 
8366 5986 8188 2865 
8375 5995 8192 2869 
8383 6000 8198 2869 
8390 6008 8206 2870 
8395 6012 8208 2872 
8400 6016 8212 2873 
8408 6019 8218 2874 
8414 6028 8223 2876 
8417 6033 8225 2880 
8425 6037 8232 2883 
8430 6040 8238 2887 
8434 6046 8245 2889 
8440 6052 8251 2890 
8441 6054 8258 2891 
8444 6058 8264 2893 
8447 6063 8270 2893 
8455 6071 8272 2895 
8460 6073 8280 2897 
8463 6074 8288 2900 
8469 6076 8294 2900 
8470 6081 8298 2900 
8473 6085 8301 2902 
8475 6092 8310 2903 
8485 6096 8316 2904 
8491 6100 8321 2907 
8494 6101 8327 2907 
8500 6104 8334 2911 
8506 6111 8338 2913 
8510 6118 8345 2915 
8522 6122 8351 2920 
8530 6123 8361 2920 
8533 6127 8373 2922 
8536 6131 8380 2923 
8538 6136 8385 2925 
8542 6140 8395 2927 
8547 6142 8399 2931 
8551 6145 8407 2934 
8555 6151 8411 2936 
8559 6155 8416 2939 
8569 6157 8422 2940 
8572 6162 8432 2942 
8579 6163 8443 2943 
8586 6169 8447 2944 
8596 6174 8453 2945 
8603 6180 8458 2950 
8610 6184 8462 2953 
8618 6188 8469 2953 
8627 6190 8475 2956 
8633 6199 8483 2956 
8637 6200 8487 2958 
8643 6205 8489 2959 
8646 6209 8493 2960 
8649 6214 8499 2963 
8654 6219 8504 2963 
8662 6223 8512 2965 
8668 6228 8518 2966 
8676 6229 8527 2967 
8682 6234 8534 2969 
8690 6237 8538 2969 
8698 6239 8544 2970 
8703 6242 8548 2972 
8707 6246 8554 2974 
8711 6251 8557 2975 
8715 6257 8561 2977 
8723 6259 8571 2981 
8728 6263 8577 2983 
8736 6266 8584 2984 
8741 6272 8590 2985 
8749 6276 8597 2987 
8755 6281 8604 2988 
8759 6284 8606 2989 
8765 6289 8608 2991 
8771 6293 8616 2994 
8778 6299 8623 2995 
8782 6303 8630 2996 
8790 6310 8635 3000 
8795 6313 8639 3001 
8798 6318 8642 3004 
8804 6321 8646 3007 
8812 6324 8651 3007 
8820 6328 8658 3009 
8828 6336 8662 3009 
8832 6343 8669 3012 
8834 6348 8671 3014 
8844 6351 8677 3017 
8848 6359 8690 3020 
8854 6362 8696 3021 
8861 6368 8698 3024 
8864 6374 8701 3025 
8871 6378 8706 3028 
8876 6381 8710 3031 
8882 6384 8715 3033 
8890 6388 8718 3036 
8895 6389 8726 3037 
8904 6394 8735 3040 
8906 6397 8742 3044 
8910 6399 8749 3046 
8922 6401 8753 3048 
8932 6405 8764 3048 
8938 6412 8770 3049 
8942 6418 8774 3049 
8944 6420 8777 3054 
8950 6424 8781 3054 
8960 6425 8788 3056 
8962 6429 8796 3059 
8967 6434 8805 3062 
8971 6436 8809 3063 
8977 6439 8815 3066 
8984 6443 8822 3066 
8990 6445 8827 3067 
8993 6449 8832 3069 
8996 6450 8838 3069 
9000 6453 8843 3070 
9007 6455 8846 3073 
9013 6458 8851 3073 
9020 6462 8858 3078 
9026 6470 8862 3079 
9035 6474 8865 3080 
9040 6480 8871 3082 
9042 6488 8877 3084 
9052 6494 8879 3086 
9060 6498 8883 3088 
9072 6503 8889 3090 
9073 6508 8898 3093 
9077 6512 8906 3094 
9084 6517 8912 3097 
9087 6520 8915 3100 
9096 6527 8922 3101 
9104 6528 8926 3104 
9112 6528 8929 3106 
9115 6533 8934 3109 
9119 6536 8939 3110 
9127 6537 8947 3112 
9127 6541 8959 3115 
9131 6544 8968 3115 
9133 6546 8975 3118 
9140 6551 8980 3121 
9144 6556 8985 3124 
9146 6562 8988 3125 
9150 6566 8991 3129 
9158 6569 8993 3131 
9163 6572 9003 3132 
9171 6579 9010 3135 
9178 6582 9021 3136 
9191 6586 9033 3138 
9195 6590 9039 3140 
9199 6594 9041 3142 
9202 6596 9041 3142 
9208 6605 9050 3144 
9212 6609 9052 3144 
9216 6614 9055 3148 
9221 6619 9063 3150 
9224 6623 9069 3152 
9231 6627 9078 3154 
9238 6634 9081 3157 
9242 6638 9086 3161 
9248 6643 9093 3163 
9254 6648 9105 3166 
9260 6653 9112 3172 
9263 6656 9119 3173 
9270 6659 9122 3173 
9274 6663 9131 3174 
9278 6667 9135 3178 
9285 6670 9139 3180 
9293 6674 9142 3183 
9299 6677 9153 3184 
9302 6680 9157 3186 
9309 6684 9165 3186 
9315 6688 9175 3187 
9320 6692 9180 3189 
9323 6698 9184 3194 
9329 6701 9188 3196 
9333 6707 9193 3198 
9341 6710 9200 3200 
9348 6712 9206 3202 
9354 6715 9212 3204 
9357 6718 9219 3207 
9362 6722 9224 3210 
9366 6729 9227 3213 
9367 6734 9231 3216 
9374 6740 9234 3221 
9381 6744 9236 3225 
9387 6748 9247 3225 
9390 6752 9251 3226 
9396 6762 9257 3228 
9399 6767 9262 3232 
9405 6773 9268 3234 
9410 6779 9276 3237 
9423 6784 9284 3239 
9430 6784 9287 3240 
9439 6788 9295 3241 
9447 6790 9298 3243 
9453 6793 9304 3244 
9459 6799 9310 3247 
9464 6807 9322 3249 
9467 6812 9325 3253 
9474 6817 9331 3253 
9477 6821 9340 3254 
9483 6821 9347 3256 
9487 6823 9353 3258 
9493 6829 9362 3259 
9498 6831 9368 3263 
9504 6833 9375 3264 
9507 6837 9377 3266 
9509 6839 9384 3268 
9515 6846 9389 3269 
9520 6850 9392 3269 
9522 6854 9399 3272 
9528 6862 9400 3275 
9537 6866 9404 3277 
9540 6871 9410 3279 
9548 6874 9415 3282 
9553 6880 9418 3284 
9557 6882 9424 3286 
9562 6889 9430 3287 
9565 6892 9432 3289 
9570 6892 9440 3294 
9574 6899 9442 3295 
9576 6901 9445 3297 
9581 6908 9447 3297 
9588 6912 9449 3298 
9593 6919 9452 3298 
9602 6922 9462 3299 
9605 6927 9468 3299 
9611 6934 9476 3299 
9617 6939 9485 3302 
9621 6944 9492 3302 
9622 6946 9500 3304 
9627 6953 9506 3305 
9636 6954 9508 3305 
9644 6960 9514 3307 
9645 6963 9517 3308 
9649 6966 9520 3310 
9651 6970 9524 3311 
9656 6975 9528 3315 
9664 6979 9540 3316 
9669 6981 9546 3319 
9674 6984 9555 3320 
9683 6988 9563 3322 
9689 6995 9568 3326 
9697 6998 9570 3326 
9701 7001 9582 3327 
9708 7005 9590 3330 
9712 7010 9594 3331 
9725 7011 9603 3332 
9731 7017 9612 3332 
9735 7024 9623 3336 
9747 7027 9628 3342 
9750 7030 9629 3344 
9754 7037 9635 3345 
9760 7046 9640 3347 
9762 7051 9646 3352 
9772 7053 9648 3355 
9783 7059 9656 3356 
9791 7065 9659 3359 
9795 7072 9663 3360 
9798 7077 9672 3364 
9803 7078 9676 3364 
9803 7080 9684 3364 
9806 7085 9688 3364 
9813 7088 9696 3366 
9815 7093 9705 3370 
9820 7095 9706 3373 
9824 7101 9710 3378 
9830 7106 9712 3378 
9836 7110 9719 3381 
9842 7114 9727 3382 
9850 7117 9734 3386 
9853 7120 9745 3387 
9860 7123 9751 3389 
9863 7126 9760 3390 
9868 7131 9766 3391 
9870 7135 9771 3392 
9873 7139 9777 3393 
9876 7145 9782 3395 
9882 7148 9790 3395 
9888 7155 9804 3398 
9896 7161 9811 3400 
9900 7163 9816 3400 
9903 7169 9822 3402 
9910 7175 9828 3406 
9912 7178 9833 3409 
9919 7178 9838 3412 
9923 7186 9843 3415 
9925 7190 9848 3419 
9929 7191 9854 3419 
9932 7199 9857 3419 
9939 7205 9864 3419 
9941 7209 9868 3420 
9946 7212 9874 3421 
9952 7215 9880 3425 
9959 7218 9885 3426 
9960 7222 9888 3426 
9969 7224 9891 3429 
9972 7228 9895 3430 
9977 7234 9897 3433 
9984 7238 9901 3435 
9988 7242 9907 3438 
9996 7248 9913 3440 
10003 7255 9918 3445 
10010 7261 9927 3447 
10015 7269 9931 3448 
10018 7276 9933 3452 
10025 7281 9937 3458 
10032 7286 9940 3459 
10042 7287 9945 3461 
10049 7289 9951 3463 
10054 7294 9958 3465 
10057 7301 9962 3469 
10062 7304 9967 3476 
10065 7309 9975 3481 
10070 7318 9980 3481 
10074 7322 9985 3482 
10083 7326 9994 3484 
10087 7331 9998 3489 
10092 7334 10003 3490 
10095 7338 10009 3493 
10098 7342 10017 3496 
10101 7347 10023 3501 
10105 7347 10027 3502 
10111 7350 10029 3503 
10115 7353 10033 3503 
10119 7357 10040 3503 
10124 7360 10044 3505 
10131 7364 10052 3509 
10139 7368 10058 3512 
10147 7376 10066 3513 
10154 7378 10073 3516 
10162 7380 10083 3518 
10168 7382 10084 3520 
10175 7389 10092 3520 
10179 7393 10096 3524 
10185 7396 10101 3525 
10186 7400 10102 3528 
10189 7408 10107 3530 
10196 7413 10116 3532 
10198 7419 10119 3533 
10205 7423 10123 3534 
10215 7427 10134 3538 
10219 7430 10137 3541 
10224 7436 10137 3542 
10232 7439 10144 3543 
10238 7447 10154 3544 
10243 7450 10158 3545 
10249 7454 10163 3547 
10255 7457 10173 3548 
10261 7460 10179 3550 
10269 7463 10183 3551 
10271 7468 10187 3553 
10281 7471 10188 3555 
10283 7479 10193 3555 
10287 7484 10196 3556 
10289 7492 10203 3558 
10298 7493 10210 3561 
10301 7495 10218 3566 
10306 7497 10226 3568 
10313 7499 10232 3570 
10319 7505 10236 3573 
10326 7508 10240 3576 
10336 7514 10247 3578 
10340 7522 10257 3580 
10346 7527 10259 3583 
10353 7534 10264 3584 
10358 7538 10267 3587 
10366 7541 10275 3587 
10371 7547 10277 3589 
10376 7553 10278 3590 
10380 7559 10284 3592 
10385 7563 10290 3593 
10390 7567 10292 3595 
10397 7570 10296 3599 
10401 7577 10300 3603 
10405 7582 10304 3603 
10411 7587 10306 3604 
10416 7589 10312 3606 
10423 7592 10319 3608 
10427 7596 10326 3611 
10431 7602 10330 3615 
10433 7606 10335 3617 
10439 7608 10340 3619 
10446 7609 10344 3623 
10450 7612 10345 3623 
10456 7620 10349 3623 
10464 7624 10354 3623 
10469 7624 10360 3627 
10473 7632 10361 3628 
10483 7636 10369 3630 
10487 7639 10376 3633 
10492 7644 10383 3636 
10497 7648 10388 3640 
10503 7653 10393 3645 
10507 7660 10398 3646 
10514 7663 10403 3647 
10524 7667 10406 3648 
10529 7674 10408 3649 
10535 7676 10413 3649 
10539 7679 10418 3652 
10546 7680 10421 3654 
10549 7682 10430 3656 
10556 7687 10438 3656 
10563 7693 10443 3657 
10570 7698 10450 3659 
10578 7703 10450 3662 
10583 7708 10453 3666 
10590 7712 10458 3669 
10592 7717 10466 3670 
10602 7719 10475 3670 
10607 7722 10486 3671 
10615 7728 10491 3672 
10623 7734 10502 3674 
10632 7735 10509 3675 
10633 7739 10515 3676 
10638 7744 10519 3676 
10640 7746 10525 3679 
10647 7751 10532 3680 
10652 7753 10536 3685 
10657 7764 10545 3690 
10660 7769 10547 3693 
10667 7775 10552 3695 
10670 7782 10558 3696 
10678 7787 10567 3698 
10683 7790 10573 3699 
10690 7794 10579 3699 
10696 7797 10586 3704 
10703 7803 10590 3705 
10707 7805 10601 3705 
10709 7810 10604 3706 
10713 7814 10609 3708 
10719 7819 10614 3710 
10721 7820 10623 3711 
10727 7824 10629 3714 
10735 7830 10637 3716 
10742 7833 10643 3716 
10746 7841 10649 3719 
10753 7845 10654 3725 
10758 7852 10659 3725 
10763 7858 10663 3727 
10767 7864 10673 3733 
10772 7866 10681 3734 
10774 7869 10688 3734 
10782 7872 10696 3736 
10787 7872 10702 3738 
10793 7875 10711 3740 
10795 7879 10718 3740 
10801 7882 10726 3742 
10805 7886 10733 3746 
10811 7889 10744 3747 
10818 7895 10755 3751 
10822 7903 10758 3752 
10826 7905 10768 3753 
10833 7909 10773 3756 
10840 7911 10781 3756 
10851 7914 10787 3757 
10857 7922 10790 3761 
10861 7926 10796 3762 
10867 7931 10804 3764 
10874 7933 10809 3766 
10877 7936 10815 3768 
10886 7942 10824 3769 
10889 7945 10830 3773 
10895 7947 10835 3777 
10900 7953 10840 3778 
10906 7960 10850 3778 
10911 7969 10854 3778 
10912 7976 10860 3780 
10920 7985 10866 3781 
10924 7991 10870 3781 
10928 7994 10874 3782 
10933 7997 10880 3782 
10943 8000 10889 3782 
10950 8003 10896 3782 
10951 8006 10902 3785 
10954 8008 10911 3786 
10957 8012 10916 3790 
10962 8019 10920 3793 
10968 8023 10927 3793 
10977 8025 10931 3796 
10982 8031 10937 3798 
10984 8035 10941 3799 
10988 8041 10949 3802 
10992 8049 10954 3802 
10997 8057 10959 3804 
11000 8064 10963 3807 
11003 8066 10969 3809 
11008 8069 10980 3811 
11013 8070 10988 3813 
11019 8077 10994 3814 
11021 8081 10999 3818 
11028 8084 11008 3818 
11037 8085 11010 3818 
11046 8090 11015 3819 
11050 8095 11022 3821 
11053 8100 11025 3821 
11059 8105 11028 3822 
11063 8108 11032 3826 
11068 8110 11036 3828 
11075 8114 11040 3829 
11081 8120 11048 3831 
11084 8125 11056 3832 
11090 8131 11061 3833 
11093 8132 11064 3837 
11096 8138 11068 3839 
11100 8140 11073 3840 
11104 8143 11081 3843 
11108 8145 11084 3845 
11114 8147 11095 3846 
11117 8153 11106 3848 
11122 8160 11110 3852 
11129 8163 11112 3857 
11134 8168 11117 3861 
11138 8171 11126 3863 
11148 8177 11128 3863 
11155 8182 11130 3864 
11160 8185 11136 3866 
11165 8191 11142 3870 
11169 8196 11145 3875 
11174 8198 11153 3875 
11178 8200 11156 3883 
11182 8206 11161 3884 
11186 8215 11167 3886 
11194 8217 11173 3888 
11196 8221 11180 3889 
11202 8225 11191 3890 
11205 8230 11202 3890 
11209 8234 11210 3893 
11213 8242 11214 3894 
11218 8245 11219 3898 
11226 8249 11227 3902 
11233 8251 11232 3902 
11235 8254 11236 3904 
11242 8257 11239 3904 
11251 8261 11252 3907 
11262 8266 11256 3909 
11264 8268 11261 3912 
11269 8275 11269 3914 
11277 8280 11276 3918 
11280 8282 11283 3920 
11288 8287 11291 3924 
11295 8292 11297 3925 
11301 8298 11301 3929 
11307 8302 11303 3930 
11309 8305 11308 3931 
11316 8310 11313 3931 
11324 8313 11323 3935 
11327 8318 11328 3937 
11332 8328 11336 3938 
11337 8331 11344 3939 
11343 8337 11350 3940 
11350 8339 11355 3941 
11357 8341 11359 3943 
11358 8344 11365 3945 
11363 8351 11368 3947 
11364 8356 11377 3947 
11368 8359 11380 3950 
11376 8364 11382 3952 
11384 8371 11389 3956 
11388 8374 11396 3957 
11396 8381 11404 3959 
11404 8382 11412 3963 
11412 8384 11422 3963 
11420 8388 11424 3969 
11426 8389 11427 3971 
11429 8392 11430 3973 
11435 8399 11435 3977 
11441 8401 11439 3979 
11446 8409 11448 3981 
11450 8414 11453 3983 
11457 8419 11457 3984 
11461 8424 11461 3987 
11466 8425 11468 3991 
11472 8432 11471 3997 
11477 8435 11473 4000 
11486 8438 11480 4002 
11492 8441 11486 4004 
11497 8449 11493 4005 
11501 8452 11502 4006 
11508 8454 11509 4008 
11513 8458 11517 4010 
11516 8461 11521 4011 
11516 8466 11526 4012 
11521 8470 11533 4013 
11529 8474 11536 4013 
11534 8479 11541 4017 
11538 8485 11548 4021 
11547 8486 11555 4021 
11549 8488 11562 4022 
11558 8493 11565 4024 
11562 8497 11569 4024 
11569 8504 11573 4026 
11572 8507 11578 4027 
11577 8511 11587 4029 
11582 8518 11590 4030 
11585 8523 11595 4031 
11586 8525 11601 4033 
11591 8529 11609 4034 
11594 8533 11613 4036 
11596 8544 11616 4040 
11599 8551 11617 4043 
11603 8553 11622 4045 
11607 8556 11625 4045 
11613 8559 11636 4047 
11616 8565 11642 4047 
11618 8569 11651 4049 
11626 8575 11665 4049 
11632 8580 11673 4050 
11636 8586 11677 4054 
11641 8589 11682 4055 
11654 8592 11689 4057 
11657 8595 11690 4059 
11659 8595 11693 4060 
11665 8600 11700 4063 
11673 8605 11708 4063 
11677 8608 11712 4064 
11683 8611 11718 4066 
11687 8618 11725 4066 
11689 8621 11730 4071 
11692 8626 11738 4071 
11697 8628 11742 4072 
11705 8631 11751 4075 
11708 8633 11758 4078 
11710 8636 11760 4079 
11717 8642 11762 4081 
11721 8647 11770 4087 
11726 8652 11776 4089 
11730 8654 11783 4093 
11736 8660 11794 4094 
11737 8668 11801 4095 
11742 8672 11807 4098 
11748 8678 11810 4100 
11756 8684 11813 4103 
11762 8686 11822 4105 
11765 8690 11831 4106 
11769 8701 11834 4109 
11771 8703 11836 4110 
11775 8705 11842 4114 
11781 8710 11846 4115 
11783 8713 11855 4116 
11788 8717 11861 4120 
11793 8720 11867 4125 
11800 8725 11875 4129 
11806 8731 11881 4132 
11810 8739 11889 4135 
11815 8743 11895 4135 
11823 8750 11899 4136 
11829 8755 11905 4137 
11836 8758 11909 4137 
11841 8763 11916 4139 
11847 8767 11924 4142 
11851 8773 11926 4145 
11856 8775 11930 4146 
11861 8777 11937 4148 
11867 8781 11945 4148 
11872 8787 11948 4151 
11876 8790 11953 4152 
11878 8798 11958 4152 
11887 8799 11966 4153 
11892 8802 11969 4154 
11894 8807 11976 4156 
11901 8812 11983 4157 
11904 8818 11992 4159 
11906 8824 12003 4161 
11909 8830 12007 4163 
11913 8831 12014 4165 
11917 8835 12019 4166 
11921 8839 12022 4168 
11921 8842 12026 4170 
11925 8847 12029 4173 
11930 8851 12032 4176 
11934 8854 12042 4182 
11940 8858 12047 4185 
11946 8860 12050 4186 
11949 8863 12060 4188 
11953 8870 12063 4189 
11958 8875 12077 4191 
11965 8880 12086 4194 
11969 8889 12095 4196 
11976 8894 12103 4198 
11977 8896 12108 4199 
11985 8898 12113 4199 
11989 8904 12118 4202 
11995 8912 12124 4204 
11999 8917 12130 4206 
12006 8922 12130 4207 
12011 8929 12133 4210 
12016 8930 12141 4214 
12022 8933 12154 4216 
12031 8933 12157 4218 
12038 8935 12166 4220 
12045 8940 12175 4223 
12050 8945 12181 4225 
12057 8953 12188 4229 
12064 8957 12196 4231 
12071 8961 12204 4233 
12081 8966 12208 4236 
12085 8970 12212 4236 
12091 8975 12219 4238 
12097 8980 12224 4243 
12102 8984 12227 4246 
12108 8988 12234 4247 
12113 8993 12242 4247 
12119 8998 12244 4249 
12127 9002 12249 4250 
12134 9009 12255 4253 
12135 9015 12258 4255 
12138 9021 12263 4256 
12145 9024 12266 4256 
12150 9028 12276 4259 
12158 9031 12279 4259 
12165 9036 12285 4260 
12177 9037 12288 4262 
12180 9040 12292 4264 
12187 9042 12299 4266 
12188 9047 12306 4267 
12190 9050 12310 4270 
12197 9053 12316 4271 
12204 9055 12324 4275 
12209 9058 12329 4276 
12216 9064 12335 4279 
12224 9067 12344 4279 
12231 9069 12348 4280 
12239 9073 12356 4281 
12246 9081 12361 4281 
12253 9086 12364 4283 
12263 9089 12370 4283 
12267 9095 12374 4286 
12269 9100 12385 4287 
12271 9107 12395 4288 
12277 9115 12399 4290 
12285 9120 12405 4291 
12287 9123 12409 4292 
12291 9128 12415 4293 
12297 9134 12423 4298 
12300 9140 12428 4302 
12305 9142 12435 4303 
12310 9147 12438 4306 
12313 9151 12449 4308 
12320 9156 12456 4308 
12323 9163 12461 4308 
12332 9169 12463 4309 
12335 9172 12469 4310 
12339 9177 12475 4312 
12341 9181 12483 4315 
12344 9186 12490 4321 
12348 9194 12500 4325 
12351 9199 12507 4325 
12356 9204 12510 4327 
12362 9207 12516 4330 
12366 9212 12522 4333 
12370 9213 12528 4340 
12378 9217 12536 4344 
12382 9220 12540 4346 
12388 9222 12543 4348 
12394 9226 12549 4350 
12398 9233 12554 4350 
12402 9235 12560 4353 
12407 9237 12565 4354 
12416 9241 12568 4355 
12419 9247 12576 4357 
12426 9250 12579 4361 
12430 9256 12587 4362 
12438 9259 12593 4366 
12444 9263 12595 4367 
12453 9268 12600 4368 
12458 9271 12604 4370 
12462 9273 12608 4370 
12467 9278 12616 4371 
12471 9281 12623 4375 
12474 9285 12626 4377 
12480 9288 12628 4378 
12488 9296 12634 4381 
12498 9299 12639 4383 
12501 9303 12644 4383 
12506 9308 12648 4384 
12518 9311 12651 4385 
12519 9317 12659 4386 
12527 9317 12667 4389 
12529 9318 12671 4389 
12532 9320 12679 4393 
12535 9324 12686 4395 
12540 9329 12695 4396 
12550 9330 12701 4398 
12553 9336 12705 4400 
12564 9341 12712 4404 
12569 9346 12718 4406 
12573 9351 12727 4409 
12579 9354 12729 4410 
12587 9355 12736 4414 
12593 9358 12742 4416 
12602 9361 12747 4417 
12609 9364 12750 4418 
12612 9371 12756 4419 
12614 9375 12765 4423 
12621 9380 12772 4426 
12629 9382 12779 4428 
12635 9386 12786 4431 
12640 9391 12795 4432 
12644 9401 12800 4433 
12651 9409 12806 4433 
12654 9411 12812 4436 
12659 9413 12820 4438 
12668 9413 12827 4439 
12671 9415 12830 4439 
12676 9421 12838 4439 
12682 9427 12842 4440 
12687 9432 12849 4442 
12695 9436 12852 4444 
12698 9440 12859 4446 
12704 9444 12864 4447 
12711 9449 12871 4450 
12715 9460 12876 4454 
12721 9462 12881 4455 
12728 9467 12886 4457 
12734 9474 12894 4461 
12738 9482 12901 4463 
12749 9487 12908 4464 
12756 9490 12912 4466 
12762 9494 12923 4469 
12767 9500 12927 4469 
12776 9503 12936 4470 
12783 9506 12940 4471 
12789 9508 12947 4474 
12795 9515 12951 4481 
12797 9518 12959 4482 
12802 9521 12965 4484 
12811 9526 12968 4485 
12816 9533 12973 4486 
12823 9536 12975 4488 
12829 9540 12982 4492 
12835 9546 12989 4496 
12841 9549 12992 4497 
12844 9553 12996 4499 
12852 9560 13000 4500 
12853 9565 13006 4502 
12858 9575 13013 4503 
12863 9580 13024 4504 
12865 9580 13030 4506 
12873 9583 13039 4507 
12882 9587 13050 4510 
12886 9590 13052 4512 
12894 9601 13057 4515 
12898 9607 13063 4516 
12901 9611 13067 4517 
12907 9620 13071 4519 
12914 9624 13078 4521 
12921 9627 13084 4522 
12924 9634 13090 4525 
12931 9637 13097 4526 
12941 9643 13105 4528 
12944 9646 13110 4530 
12951 9651 13119 4533 
12958 9656 13122 4533 
12963 9660 13125 4533 
12968 9662 13130 4534 
12970 9667 13131 4534 
12975 9671 13143 4536 
12975 9677 13147 4537 
12984 9681 13155 4539 
12994 9686 13164 4542 
12999 9689 13171 4544 
13003 9690 13174 4547 
13006 9695 13179 4548 
13014 9700 13188 4553 
13019 9705 13191 4555 
13026 9712 13199 4558 
13028 9715 13207 4559 
13032 9722 13210 4559 
13038 9728 13213 4561 
13043 9732 13218 4565 
13055 9736 13223 4569 
13059 9740 13227 4574 
13064 9741 13231 4575 
13066 9746 13239 4578 
13071 9751 13246 4581 
13076 9757 13249 4583 
13080 9764 13256 4585 
13089 9767 13265 4587 
13097 9773 13268 4588 
13106 9778 13275 4589 
13109 9786 13282 4593 
13113 9789 13290 4594 
13115 9793 13296 4599 
13122 9796 13299 4602 
13126 9803 13304 4605 
13133 9808 13308 4609 
13137 9811 13313 4609 
13141 9818 13320 4610 
13146 9820 13327 4614 
13148 9822 13333 4615 
13153 9827 13342 4618 
13157 9835 13349 4619 
13161 9839 13358 4622 
13170 9842 13360 4625 
13174 9849 13370 4626 
13180 9852 13377 4628 
13189 9862 13381 4632 
13194 9867 13389 4634 
13197 9870 13397 4638 
13199 9873 13406 4643 
13200 9882 13409 4652 
13205 9885 13414 4652 
13211 9888 13417 4657 
13215 9894 13429 4659 
13223 9897 13439 4660 
13230 9900 13445 4661 
13233 9902 13446 4662 
13237 9904 13453 4662 
13245 9905 13459 4666 
13250 9910 13468 4668 
13256 9920 13474 4669 
13264 9926 13477 4673 
13268 9928 13486 4673 
13276 9933 13492 4674 
13280 9936 13495 4677 
13289 9941 13499 4677 
13294 9948 13504 4681 
13300 9955 13507 4685 
13308 9960 13513 4685 
13314 9961 13520 4686 
13321 9964 13526 4690 
13327 9968 13533 4691 
13331 9972 13539 4692 
13333 9976 13544 4694 
13339 9981 13551 4695 
13344 9985 13560 4695 
13354 9987 13565 4696 
13360 9988 13573 4698 
13366 9994 13577 4699 
13371 9998 13582 4702 
13374 10004 13594 4704 
13377 10008 13599 4706 
13384 10012 13603 4709 
13391 10019 13608 4713 
13400 10024 13615 4714 
13405 10030 13619 4715 
13410 10033 13622 4716 
13417 10033 13627 4717 
13421 10035 13631 4719 
13426 10036 13635 4719 
13429 10041 13638 4720 
13438 10046 13643 4721 
13443 10049 13649 4722 
13447 10053 13654 4723 
13453 10057 13655 4726 
13456 10059 13660 4729 
13461 10061 13665 4731 
13462 10066 13668 4733 
13464 10076 13674 4736 
13474 10081 13676 4738 
13478 10087 13683 4741 
13484 10090 13684 4741 
13488 10097 13690 4744 
13493 10098 13698 4747 
13497 10104 13707 4751 
13501 10109 13717 4752 
13505 10110 13723 4753 
13513 10114 13732 4756 
13516 10118 13739 4757 
13526 10121 13744 4759 
13533 10125 13750 4759 
13537 10130 13757 4760 
13547 10138 13767 4761 
13550 10143 13770 4763 
13557 10147 13777 4767 
13564 10152 13786 4768 
13572 10158 13788 4771 
13574 10165 13795 4774 
13581 10169 13802 4775 
13584 10177 13808 4777 
13587 10181 13818 4781 
13591 10187 13825 4786 
13595 10194 13833 4788 
13599 10204 13841 4788 
13603 10207 13849 4789 
13612 10213 13852 4791 
13621 10220 13860 4792 
13627 10222 13862 4796 
13632 10225 13871 4798 
13637 10229 13876 4799 
13643 10231 13883 4801 
13650 10239 13894 4801 
13657 10243 13901 4804 
13662 10247 13907 4805 
13665 10251 13913 4807 
13669 10258 13918 4811 
13672 10261 13921 4815 
13677 10266 13925 4819 
13682 10271 13930 4820 
13687 10276 13937 4821 
13690 10282 13944 4821 
13701 10289 13949 4822 
13706 10293 13953 4824 
13712 10298 13957 4826 
13714 10303 13967 4827 
13724 10309 13974 4829 
13727 10311 13982 4831 
13733 10318 13985 4831 
13737 10321 13988 4832 
13741 10326 13992 4840 
13746 10332 13999 4841 
13751 10336 14007 4843 
13760 10342 14014 4844 
13769 10345 14020 4846 
13775 10350 14023 4847 
13778 10356 14028 4849 
13785 10357 14030 4851 
13793 10362 14038 4854 
13802 10369 14045 4855 
13810 10375 14053 4858 
13816 10382 14058 4860 
13820 10385 14067 4863 
13825 10393 14074 4865 
13833 10397 14081 4866 
13837 10406 14088 4867 
13844 10413 14093 4868 
13850 10415 14106 4870 
13859 10421 14109 4873 
13863 10424 14115 4874 
13871 10429 14118 4877 
13878 10432 14122 4878 
13892 10435 14126 4882 
13895 10438 14131 4883 
13902 10442 14138 4887 
13909 10452 14141 4891 
13911 10459 14145 4894 
13915 10462 14149 4896 
13916 10466 14158 4899 
13918 10472 14169 4900 
13922 10477 14171 4902 
13930 10481 14178 4904 
13936 10485 14183 4906 
13944 10490 14192 4911 
13950 10491 14197 4913 
13956 10498 14201 4919 
13961 10501 14209 4924 
13966 10507 14213 4927 
13970 10510 14221 4932 
13974 10514 14224 4933 
13978 10517 14230 4938 
13985 10522 14232 4939 
13991 10527 14238 4940 
13998 10533 14246 4940 
14005 10539 14252 4942 
14015 10541 14259 4945 
14021 10544 14263 4949 
14025 10547 14267 4954 
14029 10553 14272 4958 
14039 10556 14278 4960 
14050 10563 14294 4962 
14056 10564 14296 4962 
14063 10571 14299 4964 
14071 10576 14305 4965 
14075 10583 14309 4967 
14079 10589 14315 4970 
14086 10596 14322 4970 
14092 10603 14328 4972 
14098 10611 14334 4973 
14106 10616 14337 4974 
14111 10622 14343 4976 
14119 10628 14347 4978 
14125 10634 14353 4982 
14129 10639 14362 4983 
14131 10642 14366 4987 
14140 10647 14369 4989 
14141 10653 14376 4991 
14148 10659 14387 4992 
14153 10664 14391 4995 
14159 10666 14403 4997 
14165 10672 14412 4999 
14167 10676 14419 5003 
14169 10681 14430 5005 
14175 10688 14433 5007 
14181 10696 14440 5011 
14185 10701 14441 5015 
14190 10707 14449 5016 
14198 10711 14455 5019 
14202 10713 14461 5023 
14210 10717 14465 5025 
14214 10724 14473 5031 
14218 10729 14478 5032 
14221 10731 14484 5033 
14224 10734 14493 5034 
14230 10735 14498 5037 
14233 10742 14504 5038 
14237 10746 14507 5040 
14246 10752 14510 5046 
14253 10758 14517 5047 
14258 10762 14521 5048 
14266 10768 14534 5051 
14272 10774 14546 5051 
14278 10778 14555 5055 
14286 10784 14560 5056 
14296 10789 14567 5060 
14302 10793 14573 5061 
14311 10801 14582 5062 
14318 10806 14590 5065 
14325 10808 14592 5067 
14332 10817 14596 5071 
14338 10821 14604 5074 
14341 10828 14611 5076 
14354 10833 14622 5078 
14360 10838 14625 5081 
14365 10839 14634 5085 
14372 10849 14640 5086 
14377 10851 14642 5087 
14384 10857 14648 5091 
14391 10861 14653 5093 
14393 10867 14655 5094 
14399 10869 14661 5096 
14404 10872 14663 5099 
14411 10877 14670 5101 
14416 10879 14671 5101 
14423 10884 14676 5101 
14429 10889 14685 5103 
14434 10891 14694 5103 
14439 10895 14698 5104 
14443 10899 14704 5105 
14449 10904 14708 5108 
14453 10908 14717 5110 
14457 10912 14722 5113 
14463 10914 14732 5115 
14468 10915 14740 5115 
14473 10918 14745 5117 
14483 10922 14753 5121 
14486 10926 14756 5122 
14495 10932 14762 5122 
14496 10936 14770 5124 
14499 10940 14777 5125 
14507 10944 14781 5126 
14509 10949 14786 5130 
14513 10956 14790 5133 
14518 10959 14798 5135 
14526 10962 14801 5136 
14534 10966 14807 5137 
14537 10968 14813 5141 
14541 10970 14822 5144 
14544 10978 14827 5147 
14548 10980 14833 5148 
14556 10988 14842 5149 
14561 10991 14843 5150 
14564 10995 14845 5153 
14573 11001 14850 5153 
14580 11004 14856 5155 
14585 11009 14860 5157 
14594 11013 14869 5157 
14599 11017 14882 5158 
14605 11021 14891 5161 
14606 11025 14897 5163 
14613 11029 14904 5165 
14617 11037 14908 5165 
14621 11041 14913 5169 
14622 11044 14919 5169 
14627 11051 14927 5171 
14636 11058 14935 5171 
14641 11062 14946 5172 
14648 11064 14950 5173 
14654 11071 14958 5173 
14662 11076 14965 5174 
14669 11078 14969 5177 
14676 11079 14975 5178 
14681 11084 14985 5182 
14683 11087 14992 5186 
14691 11090 14999 5189 
14700 11098 15002 5191 
14703 11105 15009 5193 
14713 11109 15013 5196 
14716 11116 15020 5197 
14725 11122 15024 5198 
14729 11124 15029 5198 
14732 11127 15036 5202 
14734 11131 15042 5203 
14737 11132 15046 5203 
14741 11137 15055 5207 
14747 11139 15062 5209 
14754 11144 15069 5211 
14760 11145 15074 5218 
14771 11149 15079 5224 
14777 11153 15084 5225 
14781 11154 15088 5226 
14787 11155 15098 5228 
14792 11160 15100 5233 
14800 11164 15105 5235 
14801 11171 15111 5237 
14806 11171 15115 5239 
14812 11182 15122 5241 
14815 11185 15128 5244 
14817 11188 15135 5247 
14823 11196 15143 5249 
14828 11200 15145 5251 
14835 11204 15148 5254 
14840 11213 15155 5257 
14852 11216 15163 5258 
14860 11222 15167 5259 
14868 11226 15176 5259 
14876 11229 15185 5262 
14882 11234 15194 5264 
14888 11235 15203 5266 
14890 11241 15207 5268 
14894 11246 15214 5271 
14896 11254 15222 5271 
14903 11264 15227 5273 
14903 11267 15232 5277 
14908 11273 15240 5279 
14913 11280 15250 5280 
14919 11285 15255 5280 
14923 11293 15263 5284 
14926 11294 15272 5285 
14932 11297 15277 5287 
14937 11301 15283 5289 
14944 11303 15294 5290 
14949 11307 15301 5292 
14959 11309 15307 5294 
14970 11311 15317 5294 
14973 11314 15322 5295 
14975 11322 15331 5296 
14982 11322 15338 5298 
14988 11327 15347 5300 
14992 11331 15351 5303 
14997 11336 15361 5303 
15000 11349 15367 5306 
15008 11352 15369 5313 
15013 11356 15373 5314 
15016 11362 15375 5315 
15021 11364 15378 5318 
15023 11371 15384 5321 
15028 11376 15390 5322 
15031 11383 15396 5325 
15034 11384 15401 5326 
15040 11387 15408 5328 
15042 11390 15414 5330 
15049 11394 15419 5332 
15054 11398 15423 5335 
15061 11402 15433 5335 
15067 11404 15442 5338 
15072 11406 15448 5338 
15078 11409 15461 5341 
15084 11417 15469 5342 
15089 11426 15474 5345 
15097 11429 15479 5349 
15107 11434 15482 5350 
15109 11445 15493 5351 
15115 11451 15498 5352 
15122 11458 15504 5353 
15125 11463 15506 5357 
15133 11468 15513 5360 
15142 11469 15515 5363 
15148 11475 15520 5366 
15155 11479 15526 5367 
15160 11490 15532 5368 
15164 11495 15537 5370 
15171 11497 15543 5374 
15182 11498 15551 5376 
15184 11501 15556 5378 
15194 11507 15557 5378 
15196 11512 15560 5382 
15203 11517 15565 5382 
15207 11521 15577 5385 
15216 11522 15582 5387 
15223 11525 15587 5389 
15227 11531 15594 5390 
15228 11536 15600 5391 
15232 11540 15607 5393 
15236 11548 15614 5394 
15241 11551 15621 5395 
15243 11553 15628 5395 
15250 11559 15633 5396 
15260 11563 15637 5398 
15264 11567 15644 5400 
15269 11571 15646 5405 
15271 11574 15655 5406 
15274 11578 15662 5408 
15279 11585 15674 5409 
15283 11588 15677 5412 
15286 11590 15681 5416 
15291 11593 15684 5416 
15295 11599 15691 5418 
15303 11605 15696 5420 
15308 11610 15699 5421 
15314 11616 15708 5422 
15317 11621 15714 5424 
15321 11624 15721 5425 
15328 11629 15730 5428 
15332 11636 15739 5430 
15336 11637 15742 5431 
15341 11642 15749 5431 
15346 11645 15754 5432 
15354 11649 15761 5434 
15357 11652 15769 5436 
15363 11663 15776 5436 
15372 11668 15783 5441 
15376 11672 15791 5444 
15385 11678 15800 5450 
15390 11679 15805 5453 
15393 11684 15809 5454 
15399 11686 15810 5456 
15402 11689 15816 5457 
15410 11694 15826 5457 
15415 11700 15834 5459 
15415 11708 15838 5462 
15419 11711 15845 5462 
15430 11716 15850 5465 
15434 11723 15860 5467 
15437 11729 15870 5468 
15441 11734 15874 5471 
15449 11734 15879 5472 
15455 11740 15885 5474 
15460 11742 15891 5475 
15467 11746 15896 5478 
15471 11754 15899 5480 
15476 11759 15904 5481 
15478 11763 15909 5483 
15481 11773 15914 5484 
15487 11775 15920 5485 
15495 11782 15929 5487 
15499 11786 15933 5490 
15506 11795 15936 5492 
15512 11802 15947 5494 
15523 11805 15955 5499 
15529 11808 15957 5503 
15532 11808 15965 5508 
15539 11810 15968 5512 
15542 11816 15979 5513 
15547 11818 15985 5518 
15552 11823 15991 5519 
15554 11831 15994 5520 
15563 11834 16002 5526 
15570 11840 16008 5526 
15581 11846 16011 5528 
15588 11852 16015 5530 
15593 11857 16022 5533 
15597 11865 16030 5534 
15603 11870 16037 5536 
15607 11877 16042 5536 
15612 11883 16052 5536 
15618 11894 16058 5537 
15623 11900 16059 5538 
15629 11900 16067 5543 
15634 11903 16077 5549 
15636 11911 16083 5550 
15640 11912 16089 5553 
15644 11913 16097 5554 
15651 11916 16102 5555 
15658 11921 16110 5556 
15666 11925 16114 5558 
15671 11928 16120 5558 
15677 11929 16124 5560 
15678 11931 16129 5563 
15685 11936 16132 5566 
15692 11942 16139 5569 
15700 11952 16144 5572 
15709 11953 16151 5575 
15720 11959 16156 5576 
15730 11963 16164 5579 
15738 11967 16173 5580 
15742 11972 16183 5582 
15747 11976 16192 5586 
15751 11976 16202 5590 
15760 11982 16209 5593 
15767 11990 16217 5596 
15770 11993 16220 5598 
15777 12002 16224 5601 
15783 12003 16232 5604 
15794 12008 16237 5605 
15800 12013 16240 5605 
15802 12016 16249 5606 
15808 12024 16260 5608 
15820 12026 16263 5610 
15830 12029 16273 5612 
15836 12034 16281 5613 
15839 12040 16289 5615 
15844 12044 16299 5618 
15850 12052 16305 5620 
15856 12059 16308 5622 
15862 12062 16317 5623 
15867 12064 16324 5624 
15875 12068 16331 5627 
15883 12072 16336 5627 
15889 12079 16343 5630 
15895 12083 16347 5630 
15902 12088 16351 5630 
15911 12091 16354 5632 
15913 12096 16360 5632 
15916 12098 16365 5634 
15925 12102 16370 5636 
15929 12107 16374 5639 
15935 12114 16382 5639 
15944 12118 16388 5640 
15952 12125 16398 5644 
15953 12130 16401 5648 
15959 12136 16407 5648 
15962 12142 16415 5650 
15965 12144 16419 5653 
15973 12146 16424 5657 
15982 12152 16431 5658 
15991 12154 16437 5659 
16000 12158 16445 5660 
16009 12162 16451 5660 
16014 12166 16454 5664 
16020 12171 16459 5666 
16024 12176 16464 5668 
16027 12179 16466 5669 
16029 12182 16474 5671 
16034 12184 16478 5676 
16040 12186 16479 5680 
16048 12194 16485 5684 
16049 12196 16490 5687 
16056 12200 16499 5688 
16063 12201 16506 5690 
16067 12206 16516 5693 
16071 12211 16524 5695 
16075 12217 16529 5695 
16079 12223 16533 5696 
16086 12228 16537 5697 
16093 12233 16545 5699 
16100 12237 16550 5702 
16104 12239 16555 5707 
16108 12244 16560 5711 
16113 12251 16562 5711 
16118 12256 16575 5714 
16123 12264 16582 5715 
16125 12269 16584 5718 
16130 12275 16589 5719 
16136 12279 16596 5722 
16138 12280 16600 5726 
16141 12286 16609 5727 
16147 12291 16615 5730 
16152 12294 16622 5733 
16164 12298 16630 5733 
16169 12300 16633 5734 
16173 12303 16639 5736 
16179 12307 16648 5737 
16184 12311 16652 5741 
16190 12316 16657 5743 
16200 12323 16661 5743 
16206 12327 16667 5743 
16212 12329 16672 5744 
16219 12332 16677 5746 
16224 12338 16683 5747 
16230 12344 16687 5750 
16237 12350 16696 5754 
16242 12354 16705 5757 
16248 12360 16709 5757 
16254 12363 16713 5760 
16262 12366 16721 5761 
16267 12371 16725 5762 
16271 12378 16732 5764 
16277 12381 16734 5764 
16281 12386 16737 5767 
16288 12389 16740 5769 
16294 12393 16746 5771 
16300 12396 16749 5774 
16307 12402 16755 5775 
16313 12408 16764 5780 
16317 12412 16773 5780 
16324 12419 16780 5781 
16328 12424 16787 5783 
16334 12429 16794 5785 
16339 12433 16801 5786 
16345 12435 16807 5789 
16355 12439 16816 5792 
16363 12440 16820 5792 
16371 12445 16826 5793 
16374 12448 16839 5793 
16381 12449 16844 5796 
16385 12455 16849 5797 
16393 12459 16854 5800 
16397 12466 16861 5801 
16401 12470 16866 5803 
16405 12475 16872 5806 
16409 12479 16878 5808 
16416 12485 16885 5809 
16419 12489 16889 5812 
16424 12494 16896 5818 
16429 12496 16902 5820 
16434 12503 16913 5821 
16442 12507 16918 5824 
16450 12512 16924 5826 
16454 12517 16932 5828 
16459 12522 16941 5830 
16470 12526 16950 5832 
16472 12530 16954 5836 
16477 12536 16960 5838 
16481 12538 16967 5840 
16484 12540 16973 5841 
16490 12546 16980 5845 
16494 12550 16987 5846 
16498 12553 16993 5851 
16503 12558 16998 5853 
16509 12560 17008 5860 
16514 12563 17013 5863 
16519 12568 17024 5863 
16523 12576 17029 5867 
16528 12580 17034 5871 
16531 12585 17036 5874 
16540 12586 17042 5876 
16543 12588 17047 5879 
16545 12593 17056 5882 
16546 12596 17064 5887 
16556 12602 17076 5888 
16558 12606 17082 5890 
16564 12611 17087 5890 
16566 12613 17095 5892 
16573 12617 17105 5894 
16580 12621 17110 5895 
16589 12627 17115 5897 
16595 12632 17123 5898 
16600 12640 17129 5899 
16606 12644 17135 5902 
16608 12651 17138 5905 
16613 12656 17143 5909 
16619 12661 17152 5910 
16626 12665 17157 5917 
16629 12672 17162 5918 
16635 12674 17165 5920 
16637 12676 17171 5920 
16644 12685 17174 5922 
16649 12691 17182 5923 
16656 12695 17185 5926 
16663 12697 17190 5930 
16667 12704 17194 5934 
16670 12711 17200 5939 
16675 12714 17211 5941 
16679 12716 17218 5944 
16685 12723 17223 5945 
16692 12730 17233 5946 
16694 12733 17239 5951 
16699 12740 17247 5954 
16707 12744 17253 5955 
16714 12748 17257 5957 
16720 12751 17264 5960 
16731 12753 17270 5961 
16737 12758 17273 5963 
16743 12764 17279 5963 
16748 12768 17284 5963 
16755 12775 17291 5965 
16762 12778 17300 5967 
16769 12779 17305 5969 
16772 12783 17312 5971 
16780 12787 17320 5971 
16785 12793 17325 5973 
16798 12797 17337 5974 
16803 12802 17343 5975 
16811 12807 17349 5975 
16815 12814 17353 5977 
16818 12817 17358 5981 
16821 12821 17364 5983 
16825 12825 17371 5985 
16828 12833 17376 5987 
16834 12833 17387 5988 
16841 12842 17394 5992 
16848 12847 17399 5994 
16856 12849 17402 5996 
16857 12852 17412 5997 
16862 12858 17417 5999 
16868 12861 17422 6000 
16875 12866 17427 6004 
16879 12873 17436 6007 
16879 12877 17439 6008 
16883 12885 17450 6009 
16891 12886 17453 6011 
16896 12890 17457 6015 
16904 12894 17464 6019 
16909 12897 17469 6023 
16913 12899 17473 6026 
16920 12900 17480 6026 
16923 12906 17484 6031 
16932 12911 17491 6034 
16939 12917 17499 6038 
16946 12918 17504 6039 
16950 12923 17508 6043 
16956 12929 17518 6044 
16957 12930 17525 6045 
16960 12931 17533 6048 
16964 12936 17544 6054 
16969 12940 17551 6056 
16974 12947 17557 6061 
16978 12953 17562 6063 
16989 12957 17569 6066 
16992 12965 17574 6067 
16996 12971 17580 6068 
17003 12978 17583 6074 
17008 12986 17593 6074 
17010 12988 17602 6079 
17018 12991 17603 6082 
17027 12994 17608 6082 
17033 12999 17617 6085 
17039 13002 17621 6089 
17050 13009 17624 6090 
17058 13015 17629 6095 
17062 13018 17635 6098 
17066 13025 17640 6101 
17073 13034 17645 6103 
17079 13037 17651 6105 
17084 13044 17658 6107 
17089 13045 17665 6111 
17095 13051 17672 6114 
17102 13053 17675 6117 
17109 13058 17679 6117 
17113 13063 17683 6118 
17119 13068 17687 6119 
17125 13073 17691 6123 
17131 13074 17696 6124 
17138 13076 17702 6126 
17149 13079 17708 6129 
17155 13082 17713 6132 
17159 13084 17718 6134 
17169 13088 17721 6137 
17176 13098 17726 6140 
17187 13104 17733 6143 
17196 13107 17741 6143 
17204 13114 17745 6144 
17211 13121 17749 6146 
17218 13128 17753 6146 
17227 13131 17760 6148 
17235 13137 17766 6152 
17242 13141 17771 6157 
17247 13145 17781 6159 
17250 13149 17786 6159 
17259 13157 17792 6161 
17265 13163 17797 6165 
17272 13170 17803 6167 
17273 13180 17807 6168 
17280 13186 17812 6171 
17285 13188 17818 6174 
17288 13192 17824 6176 
17297 13200 17831 6178 
17305 13204 17832 6179 
17314 13210 17837 6180 
17316 13217 17844 6180 
17327 13222 17850 6181 
17334 13227 17855 6183 
17338 13230 17866 6192 
17345 13233 17871 6196 
17348 13236 17875 6197 
17352 13238 17883 6201 
17362 13243 17886 6202 
17372 13243 17891 6203 
17378 13247 17895 6205 
17388 13251 17903 6206 
17391 13254 17906 6209 
17396 13263 17915 6210 
17402 13267 17922 6211 
17410 13274 17926 6212 
17416 13281 17932 6216 
17417 13288 17940 6220 
17423 13289 17946 6222 
17425 13297 17952 6223 
17431 13304 17960 6224 
17440 13308 17967 6225 
17444 13315 17975 6229 
17452 13317 17983 6230 
17465 13324 17989 6232 
17477 13329 17995 6234 
17484 13332 18001 6234 
17490 13335 18006 6238 
17499 13340 18013 6238 
17502 13343 18022 6239 
17507 13349 18032 6240 
17511 13352 18039 6242 
17515 13356 18049 6245 
17517 13362 18057 6252 
17522 13367 18061 6254 
17525 13372 18070 6255 
17532 13381 18077 6256 
17533 13382 18081 6257 
17535 13388 18087 6259 
17541 13390 18090 6263 
17543 13394 18096 6267 
17545 13400 18104 6268 
17548 13402 18114 6270 
17552 13408 18118 6271 
17559 13410 18128 6273 
17567 13414 18136 6275 
17571 13418 18139 6279 
17578 13424 18145 6282 
17585 13429 18153 6284 
17589 13434 18160 6285 
17600 13436 18169 6290 
17608 13441 18172 6293 
17615 13443 18178 6296 
17621 13446 18185 6301 
17626 13449 18195 6302 
17630 13456 18195 6303 
17633 13461 18198 6307 
17642 13464 18201 6309 
17648 13472 18205 6312 
17656 13474 18209 6314 
17665 13476 18215 6315 
17672 13479 18217 6315 
17677 13480 18220 6319 
17680 13481 18223 6321 
17687 13486 18229 6324 
17692 13488 18237 6326 
17698 13492 18242 6328 
17700 13497 18249 6331 
17708 13502 18254 6334 
17716 13509 18257 6339 
17720 13514 18260 6340 
17724 13516 18265 6340 
17731 13522 18273 6342 
17732 13527 18277 6344 
17737 13535 18283 6344 
17744 13541 18288 6346 
17747 13545 18296 6349 
17749 13551 18304 6353 
17759 13558 18308 6355 
17765 13562 18314 6356 
17771 13567 18318 6359 
17778 13572 18327 6364 
17786 13578 18329 6366 
17793 13584 18335 6366 
17797 13589 18341 6373 
17802 13591 18346 6374 
17806 13598 18355 6375 
17811 13603 18360 6375 
17816 13604 18372 6377 
17821 13608 18378 6378 
17825 13615 18388 6379 
17831 13619 18391 6380 
17839 13622 18393 6383 
17851 13625 18400 6384 
17859 13630 18405 6385 
17865 13635 18415 6390 
17872 13641 18421 6395 
17875 13645 18426 6397 
17880 13651 18431 6400 
17888 13655 18439 6405 
17894 13658 18447 6409 
17897 13663 18451 6411 
17908 13669 18457 6415 
17909 13672 18462 6418 
17915 13679 18473 6419 
17919 13684 18477 6420 
17928 13689 18484 6421 
17932 13693 18490 6424 
17935 13704 18496 6426 
17938 13705 18504 6429 
17945 13711 18506 6431 
17953 13713 18516 6434 
17956 13715 18522 6435 
17962 13720 18527 6439 
17967 13725 18532 6440 
17968 13731 18540 6445 
17978 13734 18542 6447 
17984 13734 18548 6448 
17992 13738 18556 6450 
17997 13742 18567 6454 
18000 13746 18574 6455 
18007 13747 18582 6455 
18012 13752 18589 6459 
18018 13755 18600 6460 
18022 13758 18608 6463 
18030 13761 18614 6463 
18034 13770 18618 6466 
18036 13773 18629 6467 
18044 13774 18636 6470 
18050 13777 18646 6471 
18054 13783 18655 6473 
18060 13786 18661 6477 
18066 13791 18666 6483 
18072 13799 18672 6483 
18074 13800 18679 6484 
18076 13806 18691 6487 
18084 13810 18697 6488 
18093 13812 18702 6489 
18098 13814 18706 6489 
18105 13817 18711 6492 
18111 13825 18718 6493 
18117 13826 18721 6497 
18125 13833 18727 6499 
18127 13837 18732 6499 
18134 13839 18742 6500 
18142 13848 18748 6502 
18147 13851 18755 6504 
18153 13857 18762 6505 
18160 13861 18766 6507 
18165 13862 18773 6511 
18173 13873 18779 6517 
18179 13877 18787 6521 
18186 13882 18793 6522 
18187 13884 18801 6523 
18192 13888 18811 6526 
18201 13896 18818 6527 
18206 13901 18825 6529 
18210 13904 18830 6531 
18214 13909 18843 6535 
18218 13913 18847 6535 
18226 13920 18854 6540 
18231 13925 18860 6541 
18237 13928 18862 6544 
18243 13937 18870 6547 
18250 13939 18873 6552 
18257 13942 18875 6553 
18260 13948 18882 6553 
18265 13951 18887 6555 
18272 13959 18896 6557 
18283 13963 18901 6560 
18288 13973 18910 6562 
18292 13975 18914 6564 
18294 13981 18920 6565 
18299 13984 18927 6569 
18304 13989 18935 6570 
18308 13994 18941 6576 
18311 13996 18949 6577 
18316 14004 18956 6581 
18325 14008 18962 6582 
18332 14012 18966 6584 
18335 14015 18972 6589 
18341 14022 18982 6591 
18345 14027 18988 6593 
18354 14032 19000 6599 
18358 14039 19003 6601 
18366 14042 19010 6602 
18371 14047 19025 6608 
18378 14053 19038 6611 
18382 14055 19044 6612 
18389 14057 19053 6612 
18399 14059 19060 6616 
18402 14063 19066 6618 
18412 14068 19070 6621 
18415 14073 19085 6623 
18427 14079 19098 6627 
18437 14087 19108 6631 
18442 14094 19113 6631 
18449 14097 19122 6633 
18452 14100 19130 6633 
18457 14108 19140 6637 
18460 14114 19146 6638 
18461 14121 19152 6641 
18468 14127 19159 6645 
18472 14132 19163 6649 
18475 14136 19174 6650 
18484 14140 19183 6652 
18490 14145 19191 6652 
18494 14149 19196 6656 
18498 14158 19202 6660 
18501 14162 19209 6664 
18509 14166 19216 6665 
18512 14171 19224 6668 
18520 14176 19233 6671 
18528 14181 19241 6678 
18536 14190 19244 6680 
18541 14192 19249 6684 
18548 14196 19260 6685 
18555 14205 19266 6687 
18562 14206 19270 6688 
18570 14206 19275 6691 
18576 14211 19282 6693 
18585 14220 19294 6694 
18590 14222 19298 6694 
18596 14228 19303 6695 
18603 14232 19309 6699 
18606 14232 19312 6703 
18612 14238 19317 6705 
18616 14242 19320 6709 
18622 14250 19327 6714 
18629 14256 19334 6720 
18639 14259 19339 6723 
18644 14262 19344 6724 
18654 14266 19350 6726 
18660 14271 19354 6731 
18663 14275 19356 6734 
18666 14279 19359 6735 
18675 14282 19370 6735 
18680 14285 19375 6738 
18687 14290 19381 6738 
18695 14293 19386 6741 
18698 14305 19391 6746 
18705 14310 19402 6752 
18714 14314 19408 6753 
18721 14321 19412 6753 
18729 14323 19415 6756 
18732 14330 19422 6759 
18739 14332 19425 6762 
18745 14340 19432 6763 
18749 14343 19439 6765 
18755 14344 19447 6768 
18764 14349 19452 6771 
18769 14351 19456 6774 
18780 14357 19460 6775 
18790 14359 19464 6779 
18795 14362 19469 6779 
18800 14368 19475 6781 
18808 14376 19479 6785 
18814 14384 19487 6786 
18818 14388 19490 6789 
18822 14391 19494 6791 
18826 14397 19499 6792 
18828 14402 19509 6796 
18831 14407 19512 6798 
18835 14408 19521 6802 
18845 14412 19526 6806 
18851 14415 19529 6807 
18858 14418 19531 6809 
18871 14423 19534 6812 
18880 14428 19536 6814 
18889 14436 19543 6817 
18893 14441 19549 6824 
18899 14446 19556 6827 
18909 14451 19562 6828 
18915 14452 19567 6832 
18917 14460 19577 6833 
18924 14465 19583 6839 
18926 14471 19590 6842 
18932 14475 19595 6844 
18939 14484 19599 6847 
18948 14485 19604 6848 
18954 14492 19608 6851 
18960 14497 19612 6852 
18963 14500 19620 6855 
18970 14504 19626 6858 
18979 14509 19631 6860 
18985 14514 19637 6863 
18989 14520 19648 6864 
18993 14523 19653 6869 
18996 14529 19661 6873 
19002 14533 19667 6874 
19006 14539 19672 6878 
19013 14543 19680 6882 
19021 14547 19682 6886 
19026 14556 19688 6887 
19031 14564 19695 6888 
19039 14566 19702 6891 
19047 14572 19705 6894 
19053 14577 19710 6897 
19061 14580 19719 6900 
19068 14583 19726 6905 
19073 14586 19739 6908 
19079 14590 19743 6910 
19082 14592 19744 6912 
19093 14595 19752 6916 
19097 14598 19756 6918 
19101 14602 19764 6920 
19111 14606 19769 6926 
19117 14612 19775 6928 
19124 14617 19783 6930 
19129 14622 19789 6935 
19140 14629 19797 6937 
19144 14633 19801 6938 
19152 14635 19811 6940 
19159 14640 19818 6943 
19169 14653 19824 6946 
19173 14657 19832 6948 
19179 14661 19839 6951 
19185 14666 19841 6952 
19187 14669 19846 6953 
19191 14675 19854 6958 
19194 14681 19860 6958 
19199 14685 19868 6958 
19206 14687 19876 6960 
19210 14689 19881 6963 
19214 14694 19887 6965 
19220 14697 19899 6965 
19224 14700 19901 6969 
19233 14709 19907 6970 
19240 14713 19917 6971 
19252 14714 19920 6973 
19259 14717 19925 6976 
19265 14724 19928 6977 
19273 14729 19933 6980 
19277 14733 19939 6980 
19281 14738 19947 6981 
19284 14742 19954 6986 
19293 14748 19959 6990 
19300 14754 19971 6992 
19302 14762 19977 6995 
19307 14763 19987 6997 
19311 14769 19990 7002 
19315 14777 20002 7003 
19322 14783 20006 7005 
19328 14788 20012 7007 
19333 14792 20020 7008 
19338 14799 20027 7008 
19342 14806 20034 7009 
19346 14808 20037 7012 
19353 14813 20042 7013 
19355 14820 20046 7016 
19361 14825 20053 7018 
19369 14829 20060 7022 
19376 14837 20066 7022 
19380 14843 20071 7027 
19388 14851 20081 7029 
19391 14853 20087 7036 
19396 14858 20091 7039 
19404 14864 20097 7042 
19407 14870 20110 7043 
19412 14877 20115 7045 
19415 14883 20121 7046 
19420 14884 20129 7048 
19427 14887 20137 7048 
19434 14891 20143 7048 
19440 14897 20148 7051 
19443 14900 20157 7051 
19457 14905 20162 7052 
19462 14913 20169 7054 
19467 14920 20178 7057 
19470 14923 20185 7058 
19475 14929 20187 7058 
19480 14932 20193 7060 
19487 14933 20198 7063 
19493 14938 20202 7066 
19502 14943 20206 7067 
19512 14948 20208 7069 
19516 14955 20213 7070 
19524 14962 20219 7071 
19527 14963 20226 7073 
19536 14970 20229 7075 
19538 14973 20237 7077 
19542 14977 20245 7080 
19545 14977 20251 7082 
19552 14980 20255 7084 
19559 14983 20260 7084 
19568 14991 20264 7090 
19571 14994 20269 7092 
19579 14999 20276 7095 
19584 15006 20284 7096 
19590 15009 20296 7097 
19597 15012 20304 7102 
19606 15017 20310 7105 
19611 15022 20317 7112 
19619 15027 20323 7117 
19625 15030 20330 7122 
19631 15032 20333 7126 
19635 15035 20337 7128 
19645 15039 20343 7131 
19650 15048 20353 7136 
19652 15051 20361 7137 
19659 15058 20367 7140 
19663 15062 20376 7142 
19669 15066 20380 7143 
19678 15067 20388 7146 
19681 15071 20394 7146 
19688 15075 20396 7147 
19688 15078 20403 7149 
19692 15086 20410 7151 
19698 15092 20416 7155 
19704 15096 20422 7157 
19708 15100 20427 7158 
19713 15103 20432 7161 
19719 15109 20439 7163 
19721 15112 20451 7166 
19727 15117 20462 7168 
19731 15122 20473 7169 
19732 15129 20474 7171 
19735 15133 20486 7175 
19742 15136 20492 7175 
19747 15141 20503 7175 
19750 15146 20509 7179 
19760 15151 20517 7182 
19766 15157 20527 7184 
19776 15166 20532 7187 
19779 15170 20536 7194 
19791 15180 20542 7196 
19796 15185 20546 7200 
19799 15190 20556 7201 
19809 15194 20563 7205 
19819 15196 20571 7207 
19825 15199 20580 7209 
19833 15200 20581 7211 
19836 15201 20589 7212 
19842 15202 20599 7214 
19847 15207 20604 7216 
19854 15213 20613 7217 
19861 15217 20621 7217 
19870 15221 20628 7221 
19875 15224 20637 7223 
19876 15229 20644 7223 
19883 15235 20653 7224 
19888 15239 20663 7228 
19892 15242 20669 7234 
19899 15247 20682 7235 
19904 15250 20688 7235 
19909 15254 20690 7237 
19911 15262 20699 7238 
19918 15265 20708 7238 
19924 15272 20713 7239 
19928 15282 20722 7242 
19935 15287 20726 7243 
19940 15291 20733 7245 
19945 15299 20742 7246 
19948 15302 20749 7248 
19957 15311 20755 7252 
19965 15318 20764 7253 
19970 15323 20772 7255 
19975 15326 20779 7257 
19979 15330 20788 7258 
19984 15333 20797 7258 
19992 15336 20800 7260 
19998 15340 20804 7262 
20005 15345 20811 7265 
20008 15350 20814 7270 
20012 15355 20825 7270 
20015 15359 20833 7272 
20020 15364 20839 7273 
20026 15372 20844 7275 
20029 15375 20848 7278 
20038 15384 20858 7281 
20044 15389 20864 7283 
20052 15401 20870 7284 
20055 15407 20876 7286 
20062 15416 20881 7288 
20072 15424 20886 7289 
20075 15431 20893 7295 
20082 15436 20901 7299 
20088 15443 20905 7302 
20094 15445 20913 7305 
20100 15453 20917 7309 
20104 15455 20921 7311 
20109 15459 20932 7312 
20114 15465 20940 7314 
20118 15468 20952 7318 
20124 15472 20962 7319 
20130 15474 20968 7322 
20139 15478 20976 7326 
20145 15488 20984 7327 
20154 15495 20993 7329 
20158 15500 21000 7330 
20162 15503 21004 7333 
20167 15510 21006 7334 
20177 15517 21013 7334 
20185 15524 21018 7336 
20191 15528 21027 7339 
20195 15529 21033 7340 
20202 15530 21042 7341 
20211 15537 21049 7343 
20217 15543 21054 7347 
20222 15549 21055 7349 
20228 15555 21066 7351 
20234 15559 21071 7355 
20238 15565 21075 7358 
20244 15571 21088 7360 
20249 15576 21093 7362 
20257 15581 21102 7364 
20261 15587 21107 7367 
20267 15589 21115 7371 
20274 15593 21123 7375 
20282 15603 21124 7378 
20284 15607 21132 7379 
20295 15612 21143 7387 
20297 15619 21145 7388 
20301 15623 21152 7389 
20304 15626 21156 7391 
20309 15631 21162 7392 
20318 15634 21173 7394 
20324 15638 21183 7397 
20328 15643 21189 7399 
20334 15648 21197 7402 
20342 15651 21204 7402 
20348 15661 21212 7404 
20351 15667 21216 7409 
20359 15670 21220 7412 
20364 15677 21226 7412 
20376 15683 21233 7414 
20382 15689 21243 7416 
20393 15693 21247 7418 
20395 15701 21254 7419 
20401 15703 21257 7419 
20405 15707 21264 7420 
20410 15711 21267 7422 
20416 15715 21272 7426 
20423 15719 21274 7426 
20430 15723 21283 7428 
20440 15728 21289 7432 
20446 15733 21295 7436 
20451 15744 21302 7438 
20462 15747 21310 7440 
20469 15751 21317 7442 
20473 15754 21322 7446 
20479 15757 21330 7448 
20483 15762 21335 7451 
20492 15765 21340 7454 
20501 15769 21346 7455 
20509 15772 21352 7456 
20512 15779 21363 7457 
20519 15784 21370 7461 
20526 15792 21376 7462 
20535 15795 21381 7463 
20539 15797 21390 7466 
20546 15804 21398 7467 
20556 15805 21405 7470 
20560 15811 21413 7474 
20565 15816 21418 7478 
20567 15819 21422 7479 
20574 15826 21428 7484 
20582 15828 21438 7490 
20590 15832 21444 7492 
20594 15842 21448 7493 
20598 15850 21456 7496 
20603 15853 21467 7499 
20607 15859 21475 7499 
20614 15864 21481 7501 
20617 15865 21485 7501 
20619 15870 21492 7501 
20625 15873 21495 7502 
20629 15879 21504 7506 
20636 15881 21515 7511 
20641 15885 21519 7514 
20644 15890 21527 7515 
20654 15896 21536 7519 
20659 15900 21542 7521 
20662 15905 21550 7524 
20668 15913 21562 7526 
20676 15916 21568 7527 
20684 15920 21574 7528 
20691 15924 21580 7531 
20700 15929 21591 7531 
20703 15936 21599 7537 
20709 15943 21607 7538 
20712 15947 21614 7538 
20714 15950 21622 7539 
20718 15955 21627 7543 
20720 15963 21634 7546 
20727 15969 21639 7546 
20736 15979 21646 7548 
20742 15987 21654 7551 
20750 15994 21663 7552 
20752 15997 21666 7552 
20757 16003 21672 7552 
20764 16007 21677 7556 
20768 16009 21688 7558 
20771 16016 21691 7565 
20777 16021 21698 7569 
20786 16026 21707 7571 
20793 16033 21714 7571 
20798 16038 21722 7573 
20804 16047 21724 7576 
20807 16049 21732 7577 
20812 16055 21738 7581 
20815 16060 21748 7582 
20826 16066 21754 7585 
20828 16072 21762 7589 
20836 16079 21771 7591 
20845 16081 21780 7592 
20853 16090 21785 7594 
20860 16093 21790 7597 
20867 16099 21800 7600 
20877 16104 21803 7602 
20884 16106 21810 7604 
20890 16112 21822 7608 
20900 16115 21829 7612 
20908 16121 21842 7615 
20913 16125 21849 7618 
20920 16128 21856 7620 
20923 16133 21862 7621 
20932 16141 21867 7624 
20937 16147 21875 7625 
20943 16153 21880 7627 
20951 16159 21889 7629 
20957 16169 21899 7634 
20962 16174 21909 7636 
20965 16178 21911 7640 
20975 16184 21917 7641 
20981 16187 21922 7642 
20989 16193 21926 7646 
20998 16195 21934 7649 
21000 16201 21937 7649 
21008 16208 21943 7651 
21019 16212 21949 7652 
21021 16219 21955 7653 
21027 16227 21963 7654 
21034 16229 21969 7656 
21041 16237 21980 7658 
21043 16240 21987 7658 
21055 16245 21996 7661 
21059 16250 22005 7663 
21066 16255 22011 7666 
21078 16258 22016 7667 
21088 16267 22024 7667 
21091 16274 22029 7667 
21095 16279 22035 7671 
21100 16282 22039 7671 
21108 16284 22047 7673 
21118 16286 22058 7676 
21125 16292 22063 7679 
21130 16292 22069 7680 
21132 16295 22080 7681 
21139 16298 22087 7681 
21146 16307 22092 7684 
21154 16312 22103 7687 
21163 16321 22109 7693 
21167 16326 22113 7694 
21172 16331 22119 7697 
21181 16337 22123 7699 
21185 16342 22127 7700 
21195 16344 22136 7701 
21202 16350 22140 7704 
21210 16354 22145 7708 
21217 16362 22149 7712 
21228 16369 22156 7715 
21233 16372 22162 7718 
21237 16378 22169 7722 
21243 16384 22175 7729 
21250 16387 22182 7730 
21256 16394 22194 7735 
21259 16395 22198 7735 
21265 16398 22200 7735 
21273 16402 22209 7736 
21279 16407 22213 7740 
21285 16413 22221 7744 
21291 16422 22231 7748 
21298 16425 22243 7749 
21308 16430 22252 7750 
21315 16437 22256 7751 
21320 16442 22264 7754 
21325 16447 22269 7755 
21332 16451 22278 7759 
21336 16459 22281 7761 
21340 16465 22288 7762 
21350 16470 22294 7764 
21359 16474 22298 7765 
21368 16482 22305 7769 
21372 16484 22317 7770 
21378 16486 22323 7771 
21385 16494 22330 7776 
21390 16501 22336 7777 
21396 16503 22344 7780 
21404 16506 22349 7783 
21415 16509 22356 7786 
21419 16515 22359 7788 
21425 16521 22366 7790 
21432 16526 22373 7791 
21443 16532 22381 7792 
21448 16533 22390 7794 
21453 16540 22398 7795 
21461 16542 22402 7797 
21465 16549 22409 7799 
21470 16555 22414 7801 
21474 16559 22419 7803 
21478 16567 22429 7805 
21481 16573 22439 7808 
21484 16582 22447 7815 
21491 16590 22454 7820 
21496 16600 22457 7820 
21501 16604 22463 7823 
21508 16608 22472 7825 
21516 16610 22480 7827 
21523 16613 22486 7830 
21529 16618 22492 7832 
21532 16622 22498 7833 
21538 16623 22506 7837 
21541 16628 22514 7839 
21546 16634 22521 7841 
21555 16636 22523 7842 
21565 16646 22525 7843 
21573 16650 22529 7848 
21576 16652 22537 7850 
21579 16655 22549 7850 
21586 16659 22550 7853 
21591 16668 22559 7856 
21594 16670 22566 7860 
21603 16677 22572 7862 
21615 16682 22577 7864 
21621 16688 22581 7868 
21625 16695 22589 7872 
21632 16701 22596 7876 
21637 16703 22599 7878 
21640 16706 22606 7883 
21651 16714 22615 7885 
21654 16716 22619 7885 
21660 16717 22626 7887 
21673 16723 22633 7887 
21683 16723 22638 7889 
21691 16728 22643 7893 
21699 16732 22651 7895 
21706 16737 22657 7897 
21719 16739 22666 7898 
21727 16742 22674 7899 
21734 16746 22680 7901 
21740 16749 22687 7901 
21744 16754 22694 7903 
21754 16759 22699 7904 
21759 16766 22708 7912 
21765 16773 22719 7914 
21773 16776 22723 7915 
21779 16782 22729 7918 
21788 16788 22733 7920 
21792 16789 22739 7920 
21795 16795 22744 7923 
21798 16801 22752 7925 
21801 16805 22761 7927 
21806 16814 22769 7931 
21811 16817 22774 7932 
21816 16822 22782 7933 
21824 16828 22787 7934 
21828 16831 22794 7936 
21838 16837 22800 7936 
21840 16844 22807 7938 
21848 16848 22811 7940 
21852 16857 22819 7942 
21860 16860 22831 7944 
21866 16867 22835 7947 
21873 16875 22839 7951 
21877 16877 22844 7954 
21888 16886 22851 7956 
21893 16888 22861 7957 
21898 16893 22869 7964 
21907 16896 22876 7969 
21914 16901 22889 7971 
21916 16905 22897 7975 
21920 16912 22903 7980 
21928 16918 22909 7981 
21936 16925 22920 7985 
21938 16926 22924 7989 
21944 16932 22930 7991 
21948 16940 22935 7996 
21952 16943 22942 7999 
21956 16951 22950 8001 
21962 16956 22956 8001 
21972 16960 22961 8002 
21977 16962 22970 8005 
21984 16969 22977 8005 
21994 16973 22984 8005 
21994 16979 22992 8007 
22004 16982 22998 8007 
22008 16986 23005 8010 
22010 16994 23011 8013 
22012 17003 23014 8018 
22016 17010 23021 8022 
22022 17016 23028 8025 
22027 17022 23037 8028 
22028 17024 23039 8029 
22033 17026 23044 8029 
22038 17027 23050 8031 
22042 17033 23056 8035 
22046 17037 23059 8038 
22048 17043 23062 8039 
22054 17047 23064 8045 
22058 17054 23072 8050 
22066 17060 23078 8052 
22070 17064 23085 8053 
22074 17066 23089 8056 
22080 17069 23091 8057 
22089 17076 23099 8060 
22096 17081 23108 8061 
22106 17089 23115 8062 
22114 17094 23119 8064 
22117 17096 23127 8065 
22121 17100 23130 8067 
22129 17112 23135 8068 
22135 17117 23145 8068 
22139 17121 23150 8070 
22145 17124 23157 8072 
22152 17129 23161 8076 
