0 0 0 0 
4 4 6 3 
14 6 15 5 
17 11 20 5 
21 20 23 6 
28 22 26 8 
30 25 32 9 
37 27 39 9 
43 30 42 13 
46 38 51 16 
49 43 55 17 
56 47 63 18 
58 50 66 19 
63 55 70 19 
67 56 72 20 
73 58 80 22 
78 65 85 25 
83 71 90 26 
88 72 96 26 
94 74 101 27 
97 76 105 30 
100 78 106 31 
102 82 107 35 
105 84 111 37 
105 88 116 37 
110 91 125 37 
112 96 128 38 
117 98 133 41 
126 100 137 41 
131 104 146 42 
137 106 151 43 
144 112 157 43 
151 115 163 46 
160 118 168 47 
166 122 172 50 
167 127 178 51 
179 133 183 52 
183 136 190 54 
190 137 193 54 
197 138 199 55 
201 142 204 58 
205 148 214 59 
207 151 219 60 
213 154 223 60 
223 158 229 62 
233 163 236 62 
236 167 238 65 
243 170 242 69 
251 176 247 71 
257 178 254 71 
260 182 259 73 
266 184 260 76 
271 191 263 76 
279 195 269 80 
284 199 272 83 
291 203 280 84 
299 206 293 86 
302 208 298 91 
308 209 306 94 
311 212 310 96 
317 216 313 99 
322 216 317 101 
328 217 323 103 
330 224 329 103 
332 226 338 105 
336 235 342 108 
341 240 345 112 
345 243 353 113 
348 245 355 115 
352 248 359 117 
358 252 365 120 
360 254 368 123 
367 258 373 124 
374 261 377 127 
379 264 381 128 
382 266 385 131 
392 272 389 131 
395 274 392 133 
399 276 395 134 
401 278 402 136 
407 280 403 139 
410 283 406 141 
416 289 415 144 
422 293 417 145 
427 297 420 147 
438 298 422 150 
444 302 424 152 
452 309 426 153 
457 313 429 155 
459 317 433 156 
464 320 437 159 
467 322 441 159 
475 325 447 160 
477 330 453 162 
482 333 460 163 
486 335 462 163 
490 338 465 166 
501 342 472 167 
503 350 477 168 
508 353 486 169 
513 355 489 170 
521 360 491 173 
528 363 498 175 
535 370 503 177 
539 373 509 178 
542 382 512 179 
551 384 519 180 
554 387 522 183 
559 388 527 183 
565 392 532 187 
571 394 538 187 
575 397 541 189 
581 399 545 190 
585 403 549 194 
595 409 556 194 
595 412 559 197 
599 415 567 201 
607 418 573 203 
614 421 575 207 
625 424 579 208 
628 426 584 212 
638 427 591 213 
645 436 601 215 
653 438 609 217 
661 439 614 220 
663 440 615 221 
667 442 619 223 
673 446 625 225 
680 446 631 226 
685 449 636 230 
690 455 639 233 
697 460 645 234 
702 463 652 237 
709 465 655 240 
715 471 657 245 
724 478 665 247 
727 483 669 249 
727 487 673 251 
730 490 684 252 
734 493 689 256 
738 499 693 257 
745 503 697 258 
753 508 702 259 
762 515 708 262 
764 521 710 262 
767 526 716 266 
769 532 718 268 
772 536 723 268 
776 538 727 270 
781 542 733 274 
786 546 737 276 
790 552 743 277 
795 555 748 280 
803 557 751 280 
812 558 756 280 
820 559 763 280 
827 562 773 282 
835 565 778 283 
841 571 784 284 
844 574 793 287 
851 578 802 288 
860 583 803 290 
863 585 807 291 
867 587 810 291 
871 592 818 292 
877 597 822 293 
877 600 827 293 
881 603 831 294 
888 608 834 298 
892 609 837 298 
897 610 841 300 
903 618 844 301 
908 623 846 305 
918 627 849 307 
924 628 854 310 
928 633 858 311 
936 640 866 311 
941 643 868 313 
950 645 874 316 
952 652 878 316 
956 656 885 318 
959 657 889 321 
961 662 891 323 
964 665 897 324 
968 673 901 324 
971 675 905 325 
973 679 908 328 
981 681 909 328 
984 687 915 330 
989 689 922 332 
998 693 933 333 
1001 694 939 333 
1009 700 942 335 
1010 702 949 336 
1016 708 957 338 
1026 713 964 339 
1031 715 972 339 
1037 719 974 339 
1042 729 979 344 
1046 735 988 346 
1056 736 994 349 
1066 741 995 352 
1070 747 1005 354 
1073 751 1014 355 
1079 757 1022 355 
1081 763 1022 355 
1090 765 1026 357 
1098 765 1032 359 
1108 770 1037 361 
1113 777 1040 361 
1119 780 1043 362 
1127 782 1048 364 
1132 782 1052 365 
1137 783 1054 368 
1149 788 1058 371 
1153 792 1063 373 
1160 797 1070 376 
1161 799 1076 378 
1170 804 1081 381 
1177 807 1089 383 
1184 812 1099 385 
1192 815 1103 389 
1196 819 1109 391 
1202 820 1111 394 
1205 824 1117 394 
1210 828 1121 397 
1217 833 1128 397 
1227 840 1129 399 
1227 844 1130 400 
1233 848 1137 402 
1239 851 1139 406 
1253 856 1145 407 
1255 858 1147 408 
1260 859 1150 410 
1267 860 1152 412 
1269 866 1158 412 
1275 873 1162 416 
1277 877 1170 419 
1284 881 1176 421 
1292 883 1184 423 
1298 887 1187 423 
1307 891 1193 427 
1313 894 1198 429 
1316 896 1205 429 
1319 899 1208 430 
1319 902 1215 431 
1320 903 1222 432 
1322 905 1225 433 
1324 906 1227 438 
1328 911 1232 444 
1332 913 1233 446 
1344 916 1242 447 
1350 925 1250 449 
1355 927 1253 452 
1356 932 1263 454 
1366 934 1263 457 
1371 938 1265 457 
1376 943 1275 459 
1383 946 1284 460 
1388 949 1288 462 
1394 950 1291 463 
1396 953 1297 463 
1406 956 1302 464 
1409 958 1310 467 
1413 964 1317 469 
1417 969 1321 470 
1426 973 1325 471 
1434 977 1328 472 
1437 979 1333 473 
1443 982 1341 474 
1444 985 1343 476 
1445 988 1346 477 
1452 991 1349 478 
1460 999 1352 481 
1469 1002 1356 483 
1475 1002 1358 485 
1478 1008 1365 486 
1482 1009 1370 487 
1486 1010 1376 488 
1491 1018 1381 491 
1497 1024 1386 493 
1503 1029 1389 493 
1507 1030 1396 495 
1517 1033 1405 496 
1527 1037 1408 502 
1530 1041 1415 506 
1535 1044 1421 507 
1539 1047 1428 509 
1545 1053 1435 513 
1549 1058 1440 516 
1556 1063 1445 516 
1557 1064 1453 518 
1561 1065 1454 522 
1565 1068 1461 527 
1571 1071 1463 531 
1578 1077 1470 532 
1589 1081 1471 533 
1597 1085 1478 537 
1600 1087 1486 538 
1606 1092 1489 539 
1618 1097 1492 541 
1626 1101 1498 544 
1632 1104 1504 547 
1635 1105 1509 548 
1638 1108 1514 549 
1644 1110 1520 550 
1649 1112 1528 552 
1656 1115 1532 553 
1659 1118 1538 556 
1664 1120 1543 556 
1670 1122 1549 557 
1677 1124 1552 558 
1684 1124 1558 563 
1690 1125 1561 563 
1700 1129 1567 564 
1705 1134 1571 564 
1709 1139 1573 567 
1714 1143 1576 569 
1723 1153 1582 570 
1727 1153 1587 571 
1733 1156 1591 572 
1739 1162 1597 574 
1743 1164 1599 575 
1751 1168 1602 575 
1755 1170 1605 578 
1759 1174 1607 581 
1763 1174 1613 584 
1770 1178 1617 587 
1774 1182 1621 587 
1777 1185 1626 588 
1783 1188 1630 591 
1795 1192 1636 594 
1801 1195 1640 599 
1808 1197 1646 601 
1812 1198 1650 605 
1818 1204 1652 606 
1824 1205 1656 606 
1826 1205 1661 607 
1831 1209 1666 609 
1836 1210 1668 610 
1841 1211 1671 611 
1850 1216 1673 611 
1861 1222 1679 612 
1863 1226 1684 614 
1866 1227 1688 616 
1869 1230 1695 618 
1876 1233 1701 618 
1878 1236 1703 621 
1885 1237 1706 624 
1891 1237 1710 626 
1897 1242 1714 626 
1906 1246 1719 631 
1913 1247 1722 633 
1918 1254 1727 634 
1924 1256 1734 635 
1929 1262 1737 638 
1938 1265 1739 640 
1942 1267 1743 643 
1948 1271 1749 646 
1954 1272 1754 648 
1957 1276 1759 651 
1962 1281 1764 651 
1963 1285 1766 654 
1971 1287 1768 661 
1976 1292 1773 661 
1978 1294 1779 663 
1980 1299 1781 666 
1986 1301 1784 666 
1991 1305 1787 668 
1998 1309 1793 669 
2002 1313 1800 674 
2013 1317 1805 675 
2017 1320 1811 677 
2024 1323 1812 681 
2027 1324 1814 683 
2028 1329 1816 684 
2032 1331 1819 687 
2041 1334 1822 688 
2044 1339 1827 689 
2046 1340 1836 690 
2052 1343 1840 694 
2060 1350 1844 695 
2071 1351 1853 697 
2077 1361 1854 700 
2081 1364 1858 702 
2089 1367 1861 703 
2093 1373 1864 703 
2096 1379 1866 703 
2100 1382 1869 705 
2104 1385 1875 707 
2113 1388 1877 708 
2118 1393 1883 709 
2122 1396 1887 713 
2128 1401 1890 714 
2135 1405 1895 717 
2141 1408 1895 717 
2147 1412 1898 719 
2152 1417 1904 722 
2159 1419 1912 725 
2163 1422 1915 725 
2164 1426 1926 725 
2166 1430 1930 726 
2175 1432 1938 728 
2180 1432 1941 729 
2184 1435 1944 730 
2191 1437 1948 732 
2197 1446 1954 735 
2201 1453 1961 735 
2207 1458 1963 736 
2211 1460 1968 736 
2215 1463 1972 736 
2220 1468 1976 739 
2225 1470 1983 740 
2230 1473 1990 742 
2236 1476 1995 742 
2240 1481 1999 745 
2250 1486 2006 747 
2253 1487 2009 752 
2257 1492 2012 753 
2267 1497 2020 755 
2274 1504 2023 756 
2281 1510 2027 758 
2286 1514 2032 759 
2291 1515 2040 760 
2292 1518 2043 761 
2295 1519 2049 763 
2297 1525 2054 763 
2302 1528 2059 764 
2310 1532 2063 766 
2316 1537 2068 768 
2320 1543 2073 768 
2327 1550 2075 769 
2333 1557 2082 772 
2334 1558 2088 774 
2342 1560 2094 774 
2347 1560 2098 776 
2351 1563 2104 780 
2358 1568 2112 783 
2365 1571 2118 783 
2371 1573 2121 784 
2375 1577 2124 786 
2379 1578 2127 790 
2383 1581 2130 791 
2388 1586 2139 791 
2392 1590 2143 793 
2394 1595 2150 798 
2398 1599 2155 800 
2404 1603 2159 802 
2405 1606 2166 805 
2410 1611 2168 806 
2424 1615 2173 811 
2427 1618 2179 813 
2433 1622 2186 814 
2439 1625 2193 816 
2443 1629 2195 816 
2448 1632 2195 816 
2451 1636 2204 817 
2456 1640 2211 819 
2463 1643 2215 822 
2470 1648 2220 823 
2477 1652 2224 825 
2483 1657 2231 826 
2490 1663 2234 827 
2494 1666 2240 830 
2504 1671 2242 832 
2512 1675 2245 835 
2516 1677 2249 839 
2525 1685 2257 841 
2531 1689 2263 843 
2538 1695 2265 844 
2540 1698 2270 844 
2545 1699 2273 844 
2551 1702 2278 846 
2554 1707 2285 850 
2561 1712 2288 852 
2568 1715 2293 856 
2572 1717 2301 857 
2575 1717 2308 858 
2583 1722 2314 862 
2591 1727 2318 862 
2594 1734 2322 862 
2601 1735 2329 864 
2609 1738 2335 864 
2614 1742 2338 866 
2620 1746 2345 869 
2625 1747 2347 872 
2635 1753 2354 874 
2639 1758 2359 876 
2642 1762 2364 878 
2645 1767 2368 879 
2648 1770 2371 880 
2659 1772 2375 881 
2662 1777 2383 882 
2668 1781 2390 885 
2673 1782 2396 885 
2676 1788 2401 889 
2680 1791 2407 892 
2692 1794 2413 894 
2695 1802 2422 896 
2700 1806 2429 898 
2705 1807 2436 898 
2709 1810 2439 899 
2711 1815 2445 899 
2716 1826 2446 903 
2717 1831 2452 907 
2723 1835 2454 907 
2730 1837 2458 910 
2733 1839 2466 914 
2738 1842 2475 914 
2739 1847 2478 915 
2746 1852 2483 918 
2752 1852 2486 919 
2761 1855 2491 919 
2768 1858 2494 923 
2775 1861 2498 927 
2779 1864 2500 929 
2782 1868 2508 930 
2784 1870 2511 930 
2786 1874 2515 932 
2788 1874 2520 933 
2797 1876 2526 936 
2801 1882 2532 940 
2812 1884 2538 941 
2814 1888 2543 942 
2820 1892 2550 943 
2823 1896 2553 945 
2828 1899 2563 946 
2835 1902 2565 950 
2839 1903 2567 950 
2846 1906 2575 951 
2848 1911 2577 953 
2852 1912 2582 953 
2856 1919 2586 954 
2862 1923 2595 956 
2867 1925 2599 958 
2872 1928 2606 960 
2878 1933 2611 962 
2885 1935 2616 966 
2890 1940 2623 967 
2896 1944 2629 969 
2898 1948 2634 971 
2902 1949 2635 973 
2909 1955 2638 974 
2913 1962 2641 976 
2917 1966 2646 976 
2919 1967 2652 977 
2922 1969 2655 979 
2931 1972 2657 982 
2941 1976 2661 983 
2948 1979 2662 985 
2956 1985 2667 986 
2961 1987 2672 988 
2971 1990 2678 992 
2980 1993 2683 993 
2983 1998 2685 996 
2988 2004 2689 997 
2995 2007 2694 998 
2999 2009 2700 1001 
3004 2012 2705 1002 
3008 2016 2711 1002 
3014 2028 2717 1004 
3022 2033 2720 1007 
3034 2037 2725 1009 
3037 2040 2730 1012 
3040 2045 2734 1017 
3047 2053 2737 1020 
3058 2057 2743 1023 
3060 2065 2754 1025 
3071 2069 2758 1025 
3082 2077 2765 1029 
3089 2082 2773 1029 
3092 2087 2777 1029 
3094 2088 2780 1032 
3099 2091 2781 1034 
3101 2095 2788 1035 
3106 2098 2793 1037 
3110 2100 2795 1039 
3115 2104 2797 1043 
3122 2109 2804 1043 
3124 2113 2809 1043 
3129 2117 2818 1044 
3136 2121 2821 1044 
3139 2123 2825 1044 
3145 2128 2832 1046 
3155 2133 2836 1047 
3159 2135 2844 1048 
3162 2139 2846 1048 
3167 2144 2850 1051 
3171 2152 2857 1053 
3171 2154 2865 1054 
3174 2155 2871 1055 
3178 2157 2878 1057 
3183 2160 2883 1059 
3189 2162 2887 1060 
3198 2163 2897 1060 
3203 2164 2903 1062 
3208 2168 2909 1063 
3215 2173 2914 1066 
3219 2177 2920 1068 
3226 2182 2926 1070 
3233 2189 2932 1074 
3239 2193 2936 1074 
3247 2198 2945 1075 
3249 2203 2949 1076 
3252 2209 2952 1076 
3256 2214 2956 1080 
3259 2218 2960 1083 
3266 2224 2964 1087 
3274 2228 2967 1089 
3280 2231 2970 1089 
3286 2234 2977 1092 
3293 2236 2980 1093 
3296 2243 2981 1094 
3303 2244 2985 1098 
3305 2247 2988 1099 
3313 2253 2994 1101 
3317 2255 3001 1102 
3324 2259 3003 1103 
3325 2261 3006 1103 
3329 2265 3009 1106 
3331 2269 3013 1109 
3335 2271 3017 1110 
3341 2277 3023 1110 
3346 2280 3033 1110 
3351 2284 3039 1113 
3359 2288 3041 1114 
3368 2290 3047 1118 
3373 2295 3053 1118 
3379 2301 3058 1121 
3384 2304 3062 1122 
3391 2310 3065 1125 
3400 2313 3072 1126 
3402 2315 3079 1127 
3408 2322 3084 1129 
3417 2325 3094 1130 
3424 2328 3100 1131 
3432 2329 3107 1133 
3439 2336 3111 1135 
3441 2340 3115 1138 
3443 2341 3118 1139 
3450 2344 3121 1141 
3459 2345 3125 1145 
3463 2347 3128 1146 
3468 2353 3133 1150 
3475 2355 3138 1152 
3480 2359 3142 1152 
3491 2364 3148 1155 
3496 2369 3154 1158 
3504 2371 3159 1159 
3507 2374 3163 1163 
3511 2380 3170 1165 
3520 2381 3174 1169 
3523 2384 3177 1169 
3527 2386 3183 1170 
3532 2393 3189 1171 
3535 2398 3195 1172 
3538 2403 3201 1174 
3545 2406 3206 1178 
3550 2407 3209 1183 
3556 2412 3212 1185 
3561 2422 3215 1187 
3565 2424 3223 1187 
3572 2427 3226 1190 
3579 2430 3231 1193 
3585 2434 3239 1194 
3589 2436 3244 1196 
3591 2438 3248 1197 
3593 2443 3253 1199 
3599 2449 3261 1202 
3607 2451 3265 1206 
3619 2454 3269 1207 
3628 2457 3271 1208 
3633 2460 3273 1211 
3637 2466 3280 1212 
3639 2471 3280 1212 
3642 2477 3286 1214 
3649 2481 3291 1216 
3656 2483 3300 1219 
3664 2483 3305 1221 
3673 2491 3312 1221 
3678 2497 3320 1223 
3687 2500 3326 1224 
3692 2502 3337 1225 
3694 2505 3342 1227 
3696 2508 3350 1230 
3699 2512 3354 1234 
3704 2514 3357 1239 
3711 2517 3359 1239 
3717 2521 3364 1239 
3720 2524 3367 1241 
3724 2528 3369 1246 
3731 2533 3373 1247 
3740 2539 3378 1247 
3745 2544 3384 1248 
3751 2545 3389 1249 
3756 2548 3395 1250 
3761 2552 3398 1250 
3766 2556 3406 1251 
3775 2558 3407 1253 
3780 2567 3411 1255 
3783 2570 3416 1257 
3789 2571 3420 1260 
3796 2576 3426 1261 
3803 2583 3433 1264 
3808 2587 3440 1266 
3812 2591 3445 1268 
3821 2594 3447 1269 
3828 2604 3450 1270 
3833 2605 3455 1274 
3837 2611 3458 1274 
3843 2615 3462 1276 
3850 2617 3469 1279 
3851 2619 3472 1281 
3856 2625 3479 1287 
3860 2629 3484 1289 
3864 2635 3488 1289 
3867 2642 3492 1291 
3874 2645 3493 1293 
3884 2651 3500 1294 
3887 2656 3504 1294 
3895 2662 3512 1298 
3899 2663 3516 1299 
3901 2668 3526 1300 
3909 2671 3531 1303 
3915 2677 3539 1305 
3928 2680 3544 1307 
3939 2688 3549 1309 
3943 2693 3555 1312 
3945 2695 3558 1314 
3947 2700 3562 1316 
3956 2703 3566 1317 
3961 2708 3572 1320 
3965 2711 3578 1321 
3974 2712 3580 1321 
3976 2714 3584 1322 
3985 2717 3591 1324 
3991 2722 3596 1325 
3997 2726 3599 1326 
4004 2731 3604 1327 
4010 2733 3609 1327 
4020 2735 3614 1330 
4024 2738 3622 1333 
4025 2744 3627 1333 
4028 2749 3631 1333 
4031 2756 3634 1334 
4036 2758 3638 1337 
4044 2761 3642 1338 
4048 2766 3648 1339 
4057 2773 3653 1344 
4065 2776 3658 1345 
4071 2779 3663 1350 
4075 2783 3666 1354 
4081 2787 3668 1355 
4085 2789 3674 1357 
4091 2790 3677 1360 
4096 2793 3679 1361 
4098 2798 3684 1363 
4103 2804 3689 1369 
4108 2806 3695 1370 
4113 2808 3702 1374 
4123 2811 3704 1376 
4127 2816 3708 1377 
4131 2824 3715 1378 
4134 2830 3722 1379 
4137 2837 3729 1380 
4145 2841 3732 1381 
4149 2843 3736 1383 
4153 2847 3739 1383 
4159 2848 3747 1383 
4162 2851 3754 1384 
4167 2855 3759 1386 
4174 2861 3764 1388 
4179 2866 3764 1389 
4187 2869 3766 1392 
4189 2876 3768 1396 
4198 2884 3774 1397 
4206 2887 3776 1400 
4208 2892 3780 1402 
4214 2897 3783 1405 
4216 2899 3788 1405 
4220 2902 3791 1407 
4229 2905 3794 1408 
4231 2911 3797 1412 
4236 2915 3805 1412 
4241 2920 3811 1418 
4242 2923 3816 1419 
4249 2924 3821 1419 
4252 2928 3826 1420 
4254 2930 3831 1421 
4255 2931 3835 1422 
4260 2936 3839 1423 
4264 2941 3845 1425 
4273 2944 3851 1427 
4274 2946 3856 1430 
4277 2951 3861 1432 
4284 2959 3869 1432 
4291 2964 3874 1433 
4296 2966 3880 1435 
4299 2968 3885 1437 
4305 2971 3887 1437 
4313 2972 3896 1439 
4318 2974 3904 1442 
4320 2980 3908 1444 
4322 2984 3910 1446 
4326 2986 3916 1446 
4332 2990 3922 1451 
4338 2995 3930 1454 
4342 3001 3932 1454 
4346 3005 3940 1456 
4351 3011 3946 1457 
4355 3015 3953 1457 
4360 3017 3963 1461 
4363 3024 3972 1462 
4368 3028 3982 1463 
4374 3035 3986 1464 
4380 3040 3987 1464 
4386 3043 3990 1468 
4392 3048 3996 1471 
4399 3052 4001 1475 
4402 3055 4005 1480 
4405 3060 4012 1482 
4408 3065 4017 1483 
4413 3068 4026 1484 
4416 3071 4031 1485 
4421 3075 4041 1487 
4427 3078 4047 1488 
4432 3082 4052 1489 
4436 3085 4059 1489 
4442 3091 4061 1490 
4453 3095 4064 1494 
4455 3098 4065 1496 
4461 3102 4070 1498 
4465 3105 4077 1500 
4473 3111 4082 1503 
4476 3117 4088 1505 
4480 3119 4093 1510 
4487 3123 4100 1514 
4495 3129 4103 1515 
4499 3133 4107 1518 
4502 3134 4109 1519 
4509 3138 4112 1521 
4514 3140 4119 1523 
4521 3145 4131 1524 
4527 3148 4133 1527 
4530 3152 4137 1528 
4540 3156 4142 1531 
4543 3157 4150 1532 
4545 3161 4158 1533 
4549 3168 4166 1536 
4555 3170 4176 1538 
4560 3172 4181 1540 
4564 3177 4183 1542 
4566 3182 4187 1545 
4572 3185 4193 1548 
4576 3188 4198 1554 
4585 3192 4203 1554 
4589 3198 4206 1558 
4589 3205 4207 1560 
4595 3209 4211 1560 
4600 3210 4216 1560 
4606 3212 4219 1561 
4609 3215 4228 1564 
4613 3218 4231 1566 
4615 3223 4236 1569 
4619 3228 4243 1570 
4621 3231 4248 1571 
4623 3235 4252 1574 
4627 3238 4256 1575 
4630 3242 4263 1578 
4634 3246 4264 1579 
4642 3249 4271 1580 
4647 3252 4273 1582 
4655 3259 4282 1584 
4664 3261 4285 1587 
4667 3266 4287 1590 
4672 3269 4294 1592 
4678 3270 4297 1593 
4683 3279 4303 1594 
4692 3281 4306 1595 
4697 3283 4310 1596 
4703 3284 4318 1597 
4706 3288 4322 1597 
4709 3290 4328 1597 
4715 3291 4336 1599 
4719 3299 4344 1602 
4722 3305 4349 1605 
4734 3308 4355 1608 
4740 3309 4363 1612 
4750 3314 4363 1613 
4757 3316 4369 1614 
4761 3318 4374 1615 
4763 3322 4378 1616 
4766 3323 4384 1617 
4774 3329 4388 1619 
4778 3333 4393 1620 
4790 3338 4395 1624 
4800 3340 4398 1626 
4805 3350 4404 1628 
4810 3354 4410 1629 
4815 3359 4414 1632 
4822 3362 4416 1634 
4826 3367 4420 1636 
4832 3370 4432 1638 
4834 3374 4435 1640 
4838 3378 4438 1642 
4842 3382 4442 1643 
4858 3385 4447 1644 
4863 3392 4452 1646 
4871 3396 4458 1647 
4878 3397 4470 1649 
4884 3400 4476 1650 
4888 3404 4478 1651 
4893 3410 4483 1654 
4896 3412 4484 1657 
4905 3413 4491 1660 
4913 3421 4496 1661 
4918 3428 4498 1663 
4925 3430 4505 1663 
4926 3435 4507 1666 
4931 3438 4513 1667 
4933 3443 4521 1669 
4935 3447 4523 1671 
4938 3450 4531 1672 
4942 3452 4539 1675 
4948 3460 4544 1678 
4950 3467 4545 1682 
4962 3472 4547 1683 
4967 3473 4555 1684 
4973 3479 4561 1685 
4981 3482 4565 1689 
4983 3484 4571 1689 
4989 3486 4573 1690 
4990 3492 4582 1693 
4995 3498 4587 1693 
5005 3501 4598 1693 
5011 3507 4604 1694 
5016 3511 4612 1695 
5021 3513 4620 1700 
5026 3517 4623 1701 
5029 3521 4627 1703 
5032 3525 4632 1705 
5039 3532 4635 1706 
5045 3535 4641 1707 
5047 3542 4644 1709 
5048 3549 4649 1709 
5054 3555 4653 1710 
5058 3564 4658 1711 
5062 3570 4665 1714 
5069 3575 4673 1717 
5075 3580 4677 1723 
5084 3582 4681 1726 
5090 3583 4690 1729 
5092 3588 4700 1730 
5099 3591 4709 1731 
5103 3595 4715 1734 
5109 3600 4723 1735 
5114 3604 4728 1737 
5118 3609 4731 1740 
5124 3612 4744 1741 
5128 3616 4749 1744 
5135 3617 4756 1749 
5140 3620 4761 1750 
5147 3624 4765 1753 
5154 3629 4769 1756 
5160 3636 4773 1757 
5163 3639 4774 1757 
5167 3642 4779 1758 
5175 3644 4780 1760 
5183 3651 4786 1763 
5191 3656 4790 1763 
5197 3659 4792 1764 
5202 3661 4797 1768 
5205 3663 4799 1769 
5208 3668 4804 1769 
5213 3669 4814 1770 
5220 3671 4820 1771 
5222 3678 4824 1772 
5226 3682 4830 1774 
5231 3687 4833 1777 
5237 3691 4838 1778 
5245 3693 4844 1779 
5247 3696 4856 1781 
5253 3698 4859 1785 
5254 3699 4865 1787 
5258 3700 4868 1788 
5268 3706 4875 1788 
5273 3709 4880 1789 
5277 3714 4888 1793 
5286 3716 4898 1796 
5290 3718 4908 1800 
5297 3725 4913 1802 
5302 3727 4916 1802 
5303 3735 4920 1803 
5307 3739 4922 1807 
5313 3743 4924 1808 
5315 3746 4935 1808 
5317 3750 4941 1808 
5325 3751 4952 1808 
5330 3754 4957 1808 
5332 3757 4959 1810 
5339 3759 4966 1812 
5345 3764 4973 1812 
5352 3765 4981 1812 
5363 3771 4987 1816 
5370 3776 4991 1820 
5371 3777 4992 1820 
5374 3779 4999 1822 
5378 3781 5003 1822 
5382 3786 5007 1823 
5388 3791 5012 1826 
5391 3794 5016 1829 
5394 3798 5022 1830 
5401 3801 5024 1831 
5406 3805 5026 1832 
5408 3807 5033 1835 
5412 3810 5036 1839 
5417 3818 5042 1841 
5427 3823 5045 1843 
5433 3824 5047 1844 
5436 3825 5050 1846 
5439 3829 5054 1846 
5444 3838 5059 1848 
5446 3845 5065 1850 
5448 3849 5069 1854 
5453 3854 5076 1856 
5464 3858 5080 1858 
5466 3862 5092 1861 
5475 3871 5094 1867 
5481 3874 5100 1867 
5490 3880 5105 1870 
5498 3881 5114 1871 
5504 3881 5123 1872 
5512 3888 5127 1873 
5514 3890 5133 1874 
5519 3898 5140 1876 
5523 3901 5146 1878 
5533 3908 5153 1881 
5542 3912 5157 1885 
5545 3916 5164 1890 
5551 3922 5172 1890 
5558 3923 5178 1894 
5565 3925 5183 1895 
5572 3926 5186 1896 
5576 3931 5195 1899 
5583 3936 5200 1900 
5587 3940 5204 1902 
5591 3943 5207 1904 
5593 3946 5208 1905 
5598 3952 5212 1908 
5603 3953 5214 1908 
5604 3955 5223 1911 
5609 3960 5228 1912 
5611 3963 5237 1914 
5613 3967 5240 1919 
5617 3972 5242 1925 
5620 3976 5247 1927 
5626 3979 5252 1932 
5634 3984 5256 1934 
5638 3989 5258 1938 
5641 3994 5265 1941 
5645 3996 5269 1941 
5647 4000 5275 1943 
5653 4010 5278 1948 
5656 4015 5283 1950 
5660 4019 5288 1951 
5665 4026 5293 1951 
5669 4036 5300 1953 
5674 4040 5304 1955 
5679 4043 5307 1955 
5686 4046 5313 1956 
5694 4050 5317 1958 
5699 4055 5320 1958 
5705 4058 5327 1961 
5713 4062 5332 1963 
5714 4065 5335 1964 
5721 4073 5342 1967 
5722 4077 5344 1972 
5726 4081 5347 1978 
5732 4086 5350 1981 
5737 4090 5359 1981 
5740 4092 5366 1981 
5744 4096 5368 1981 
5748 4100 5377 1984 
5757 4107 5378 1984 
5762 4113 5382 1985 
5771 4115 5385 1985 
5777 4121 5390 1987 
5786 4127 5393 1987 
5794 4129 5399 1988 
5796 4135 5403 1990 
5801 4139 5408 1991 
5804 4143 5415 1993 
5810 4146 5419 1996 
5814 4149 5425 1998 
5819 4154 5434 1999 
5822 4159 5441 2000 
5825 4163 5445 2002 
5828 4172 5447 2003 
5834 4180 5456 2007 
5839 4184 5462 2010 
5850 4185 5473 2012 
5857 4188 5477 2013 
5864 4196 5484 2013 
5869 4197 5491 2015 
5872 4204 5501 2016 
5880 4206 5506 2018 
5884 4210 5508 2019 
5889 4210 5516 2021 
5897 4219 5520 2025 
5900 4222 5525 2025 
5907 4229 5528 2028 
5914 4232 5532 2029 
5918 4235 5539 2032 
5929 4241 5543 2038 
5930 4245 5547 2040 
5934 4252 5551 2043 
5939 4260 5561 2045 
5946 4263 5562 2045 
5952 4265 5568 2046 
5955 4272 5575 2047 
5961 4276 5579 2049 
5969 4279 5587 2050 
5975 4283 5592 2051 
5979 4286 5598 2053 
5985 4289 5604 2055 
5996 4291 5608 2057 
6001 4295 5613 2059 
6004 4298 5619 2062 
6007 4303 5622 2062 
6013 4309 5627 2065 
6020 4310 5635 2065 
6026 4314 5641 2065 
6028 4317 5646 2066 
6034 4325 5651 2068 
6039 4329 5655 2071 
6045 4336 5658 2073 
6050 4338 5661 2074 
6055 4341 5669 2074 
6057 4344 5672 2075 
6069 4348 5680 2079 
6074 4352 5684 2080 
6082 4354 5686 2083 
6088 4356 5692 2084 
6096 4360 5696 2085 
6101 4361 5698 2087 
6106 4367 5708 2090 
6109 4373 5710 2090 
6113 4373 5713 2090 
6120 4380 5724 2093 
6127 4380 5728 2095 
6133 4382 5733 2098 
6138 4385 5742 2101 
6145 4389 5748 2104 
6150 4393 5751 2106 
6154 4398 5757 2107 
6157 4400 5762 2108 
6162 4405 5764 2108 
6167 4409 5765 2108 
6169 4411 5770 2110 
6175 4420 5773 2111 
6180 4420 5774 2112 
6186 4425 5784 2116 
6190 4429 5792 2116 
6197 4432 5799 2119 
6206 4438 5804 2123 
6212 4438 5807 2127 
6221 4440 5813 2131 
6228 4444 5816 2133 
6234 4447 5822 2134 
6235 4454 5827 2136 
6242 4455 5834 2137 
6245 4459 5841 2139 
6248 4467 5846 2143 
6252 4470 5851 2146 
6257 4476 5856 2149 
6264 4479 5862 2152 
6273 4483 5866 2154 
6276 4487 5872 2157 
6281 4489 5877 2157 
6286 4496 5885 2158 
6289 4501 5893 2159 
6294 4503 5896 2160 
6299 4504 5902 2163 
6302 4507 5908 2164 
6309 4509 5911 2165 
6311 4514 5915 2168 
6317 4518 5919 2168 
6321 4522 5926 2170 
6325 4529 5931 2173 
6331 4532 5934 2174 
6339 4535 5944 2175 
6344 4541 5948 2177 
6344 4542 5951 2177 
6352 4544 5954 2180 
6360 4551 5959 2183 
6362 4554 5963 2187 
6367 4557 5966 2189 
6372 4566 5973 2192 
6377 4571 5978 2192 
6384 4578 5987 2194 
6391 4581 5997 2195 
6397 4586 5998 2196 
6404 4592 6002 2197 
6408 4594 6008 2201 
6413 4599 6013 2206 
6419 4602 6018 2208 
6425 4605 6021 2209 
6429 4607 6024 2210 
6433 4612 6033 2210 
6440 4618 6038 2211 
6447 4623 6043 2212 
6454 4629 6046 2216 
6461 4633 6050 2217 
6467 4640 6054 2217 
6472 4642 6060 2219 
6481 4647 6070 2220 
6484 4649 6073 2222 
6486 4652 6081 2223 
6489 4654 6089 2225 
6496 4661 6093 2228 
6503 4664 6098 2230 
6508 4667 6104 2232 
6513 4669 6112 2233 
6516 4671 6117 2235 
6521 4673 6123 2237 
6528 4680 6130 2240 
6533 4685 6134 2240 
6539 4688 6139 2242 
6543 4690 6142 2242 
6547 4696 6146 2242 
6551 4701 6148 2248 
6556 4704 6152 2252 
6564 4707 6157 2252 
6567 4711 6170 2255 
6570 4715 6175 2256 
6575 4721 6176 2259 
6580 4727 6186 2261 
6582 4732 6190 2261 
6588 4735 6197 2265 
6600 4743 6206 2267 
6603 4743 6216 2268 
6606 4747 6221 2270 
6614 4752 6230 2274 
6621 4754 6231 2276 
6627 4755 6237 2276 
6632 4757 6247 2276 
6635 4759 6250 2276 
6639 4763 6254 2278 
6649 4766 6262 2282 
6656 4772 6269 2282 
6664 4774 6275 2285 
6672 4779 6279 2286 
6679 4785 6289 2288 
6684 4791 6296 2290 
6689 4792 6302 2290 
6693 4797 6309 2291 
6696 4800 6314 2294 
6698 4804 6316 2296 
6701 4811 6324 2298 
6706 4818 6333 2301 
6713 4822 6338 2302 
6719 4823 6345 2302 
6724 4825 6353 2305 
6729 4830 6356 2307 
6734 4836 6360 2309 
6736 4837 6364 2311 
6741 4849 6368 2311 
6745 4851 6373 2313 
6750 4854 6380 2314 
6755 4857 6388 2317 
6758 4863 6396 2318 
6763 4865 6397 2320 
6767 4868 6401 2323 
6771 4871 6405 2326 
6772 4875 6410 2327 
6776 4880 6417 2328 
6781 4886 6424 2331 
6788 4889 6430 2332 
6797 4895 6433 2332 
6800 4903 6438 2334 
6803 4906 6442 2336 
6809 4911 6449 2337 
6814 4917 6452 2340 
6820 4920 6459 2343 
6826 4923 6465 2345 
6828 4928 6469 2346 
6830 4935 6476 2347 
6834 4941 6481 2351 
6836 4941 6486 2355 
6844 4945 6491 2358 
6846 4950 6497 2360 
6851 4953 6500 2362 
6856 4958 6503 2365 
6863 4963 6508 2369 
6868 4964 6516 2372 
6874 4971 6521 2374 
6875 4980 6526 2375 
6878 4986 6534 2379 
6883 4992 6540 2382 
6889 4998 6548 2386 
6895 5001 6552 2386 
6898 5007 6554 2390 
6901 5009 6558 2392 
6910 5014 6564 2394 
6915 5019 6570 2394 
6921 5025 6574 2397 
6927 5030 6579 2397 
6932 5032 6582 2398 
6937 5035 6590 2398 
6942 5038 6592 2399 
6948 5040 6600 2401 
6953 5045 6603 2401 
6960 5053 6608 2401 
6964 5057 6610 2402 
6970 5059 6614 2403 
6974 5061 6619 2403 
6979 5067 6625 2407 
6984 5068 6628 2407 
6988 5068 6632 2409 
6997 5074 6634 2410 
7006 5078 6637 2411 
7010 5080 6649 2417 
7018 5084 6651 2419 
7023 5090 6653 2420 
7027 5095 6666 2423 
7032 5100 6669 2426 
7037 5106 6674 2427 
7042 5110 6681 2429 
7047 5111 6687 2432 
7049 5116 6689 2435 
7051 5120 6696 2440 
7055 5121 6703 2442 
7060 5126 6707 2445 
7068 5130 6709 2446 
7072 5140 6710 2448 
7076 5143 6713 2451 
7084 5147 6720 2454 
7087 5150 6724 2455 
7088 5154 6732 2455 
7093 5160 6738 2459 
7101 5164 6743 2463 
7104 5168 6746 2464 
7109 5173 6751 2468 
7113 5176 6756 2472 
7118 5177 6759 2473 
7123 5186 6762 2476 
7130 5191 6775 2477 
7137 5193 6784 2479 
7140 5196 6787 2479 
7146 5196 6796 2480 
7158 5198 6802 2482 
7161 5204 6808 2486 
7164 5210 6810 2489 
7169 5213 6814 2491 
7171 5217 6820 2495 
7174 5220 6827 2498 
7184 5221 6833 2500 
7190 5227 6836 2500 
7194 5230 6844 2502 
7198 5233 6849 2503 
7203 5239 6857 2504 
7206 5243 6861 2506 
7207 5248 6867 2510 
7214 5254 6872 2510 
7217 5255 6877 2510 
7220 5261 6882 2511 
7226 5266 6893 2512 
7233 5270 6898 2514 
7238 5273 6900 2516 
7248 5277 6903 2519 
7252 5282 6910 2521 
7257 5287 6915 2523 
7261 5294 6920 2526 
7268 5299 6923 2528 
7279 5307 6929 2531 
7280 5308 6934 2538 
7284 5316 6937 2539 
7290 5319 6942 2541 
7293 5321 6947 2542 
7298 5326 6950 2543 
7302 5332 6956 2547 
7305 5336 6960 2548 
7313 5339 6966 2551 
7317 5342 6972 2553 
7324 5346 6978 2553 
7330 5349 6985 2556 
7336 5355 6990 2558 
7341 5360 6997 2561 
7349 5366 7001 2561 
7355 5367 7009 2561 
7359 5369 7012 2562 
7367 5374 7014 2564 
7376 5379 7020 2568 
7382 5386 7027 2568 
7387 5394 7035 2568 
7391 5397 7045 2570 
7394 5401 7049 2572 
7399 5405 7053 2572 
7405 5409 7056 2573 
7412 5416 7062 2576 
7418 5418 7070 2577 
7420 5422 7073 2580 
7425 5424 7078 2581 
7431 5428 7082 2584 
7437 5434 7085 2586 
7444 5440 7089 2586 
7449 5448 7095 2586 
7455 5453 7099 2587 
7463 5455 7106 2588 
7465 5456 7113 2590 
7472 5459 7121 2590 
7479 5463 7128 2591 
7480 5468 7134 2592 
7488 5471 7140 2595 
7495 5476 7144 2596 
7503 5481 7149 2596 
7511 5486 7152 2599 
7514 5489 7161 2600 
7516 5494 7171 2603 
7523 5498 7177 2606 
7525 5499 7183 2609 
7527 5504 7187 2610 
7529 5511 7193 2611 
7534 5515 7201 2614 
7539 5519 7203 2617 
7544 5522 7211 2618 
7550 5524 7221 2620 
7556 5528 7225 2622 
7561 5532 7231 2623 
7566 5534 7241 2625 
7571 5538 7246 2627 
7578 5544 7256 2628 
7581 5549 7260 2630 
7588 5554 7267 2632 
7594 5558 7273 2637 
7598 5561 7277 2638 
7601 5564 7288 2638 
7608 5567 7290 2641 
7611 5572 7296 2643 
7620 5575 7304 2643 
7625 5581 7308 2646 
7631 5585 7311 2647 
7636 5587 7316 2650 
7642 5592 7326 2650 
7647 5600 7334 2655 
7649 5604 7346 2657 
7653 5608 7352 2661 
7663 5609 7356 2662 
7669 5612 7360 2663 
7674 5621 7364 2666 
7678 5627 7374 2667 
7684 5629 7381 2669 
7686 5630 7384 2673 
7688 5634 7389 2674 
7693 5639 7392 2678 
7703 5641 7398 2679 
7710 5645 7409 2681 
7715 5649 7415 2684 
7723 5651 7425 2687 
7726 5656 7430 2690 
7732 5658 7437 2691 
7735 5661 7444 2693 
7742 5666 7448 2694 
7749 5672 7454 2695 
7754 5675 7458 2696 
7759 5679 7465 2698 
7767 5684 7470 2699 
7772 5688 7475 2699 
7776 5689 7487 2700 
7781 5697 7498 2701 
7789 5706 7504 2704 
7792 5713 7510 2709 
7798 5718 7516 2713 
7808 5722 7518 2713 
7809 5728 7524 2716 
7814 5733 7527 2717 
7817 5736 7530 2718 
7819 5740 7536 2720 
7825 5744 7540 2721 
7828 5746 7550 2723 
7831 5749 7555 2724 
7841 5750 7561 2726 
7848 5755 7567 2727 
7851 5758 7572 2728 
7856 5764 7576 2731 
7861 5767 7584 2733 
7869 5775 7590 2734 
7874 5780 7591 2736 
7880 5783 7596 2737 
7883 5787 7601 2740 
7889 5789 7602 2740 
7893 5795 7606 2740 
7899 5799 7613 2742 
7902 5803 7617 2743 
7911 5804 7624 2746 
7915 5814 7630 2746 
7920 5818 7634 2750 
7925 5821 7638 2754 
7931 5825 7645 2755 
7936 5831 7648 2757 
7942 5834 7658 2757 
7948 5837 7665 2760 
7955 5844 7669 2762 
7960 5851 7674 2763 
7966 5856 7683 2767 
7975 5857 7686 2768 
7976 5866 7694 2770 
7983 5868 7695 2771 
7991 5873 7701 2774 
7993 5879 7707 2775 
7999 5881 7710 2775 
8005 5886 7713 2776 
8009 5893 7720 2780 
8015 5896 7731 2781 
8020 5899 7733 2782 
8023 5903 7739 2782 
8028 5907 7745 2784 
8035 5914 7751 2788 
8041 5917 7757 2789 
8045 5920 7763 2790 
8049 5922 7769 2790 
8055 5924 7775 2791 
8058 5929 7781 2795 
8060 5932 7791 2796 
8066 5937 7796 2799 
8073 5940 7804 2800 
8076 5942 7806 2802 
8083 5949 7812 2807 
8086 5957 7816 2811 
8088 5964 7822 2812 
8091 5967 7828 2812 
8094 5969 7837 2814 
8098 5971 7840 2816 
8106 5976 7844 2818 
8111 5981 7849 2821 
8115 5989 7858 2824 
8120 5993 7861 2826 
8123 5998 7863 2826 
8132 6003 7868 2830 
8137 6007 7876 2832 
8142 6012 7882 2836 
8145 6017 7883 2837 
8147 6022 7890 2838 
8153 6025 7899 2841 
8156 6029 7903 2841 
8159 6035 7909 2841 
8163 6041 7914 2842 
8168 6045 7916 2844 
8175 6048 7919 2849 
8177 6050 7920 2852 
8182 6053 7925 2853 
8188 6059 7930 2854 
8194 6061 7936 2856 
8195 6067 7939 2857 
8201 6070 7949 2861 
8203 6077 7956 2862 
8208 6078 7964 2863 
8213 6082 7970 2865 
8217 6083 7972 2867 
8226 6086 7978 2869 
8232 6092 7982 2870 
8234 6097 7990 2871 
8240 6101 7998 2871 
8243 6106 8001 2873 
8246 6110 8006 2875 
8252 6111 8011 2879 
8256 6113 8014 2879 
8257 6116 8021 2883 
8263 6121 8027 2884 
8268 6126 8035 2884 
8273 6131 8039 2887 
8280 6136 8042 2892 
8288 6138 8046 2895 
8296 6142 8052 2896 
8304 6144 8059 2898 
8310 6149 8067 2899 
8313 6149 8075 2900 
8318 6151 8079 2902 
8323 6151 8081 2903 
8328 6162 8083 2905 
8331 6165 8088 2908 
8333 6169 8091 2910 
8341 6172 8096 2911 
8344 6173 8104 2916 
8351 6179 8112 2917 
8357 6183 8117 2918 
8360 6184 8127 2920 
8368 6190 8132 2921 
8371 6195 8139 2923 
8376 6197 8150 2924 
8382 6201 8156 2925 
8388 6204 8167 2926 
8395 6211 8172 2927 
8404 6215 8179 2929 
8413 6220 8193 2930 
8420 6224 8199 2932 
8424 6231 8203 2933 
8427 6234 8208 2935 
8434 6243 8213 2935 
8443 6248 8220 2935 
8448 6250 8227 2937 
8451 6254 8235 2938 
8454 6261 8240 2941 
8463 6262 8244 2943 
8470 6266 8251 2945 
8475 6270 8259 2947 
8484 6274 8267 2948 
8486 6278 8275 2954 
8493 6279 8282 2957 
8495 6282 8288 2959 
8499 6289 8293 2959 
8508 6295 8297 2963 
8513 6299 8302 2965 
8518 6301 8305 2966 
8522 6303 8307 2968 
8525 6310 8315 2968 
8530 6320 8318 2969 
8540 6323 8323 2970 
8546 6326 8329 2974 
8552 6329 8338 2975 
8556 6332 8342 2980 
8560 6335 8348 2982 
8562 6341 8350 2984 
8568 6343 8358 2984 
8574 6346 8366 2985 
8575 6351 8371 2987 
8580 6354 8383 2990 
8588 6357 8391 2990 
8591 6358 8398 2992 
8594 6367 8402 2994 
8602 6370 8415 2995 
8605 6375 8418 2996 
8609 6378 8428 2997 
8614 6385 8431 3000 
8620 6390 8436 3002 
8624 6393 8446 3002 
8627 6396 8450 3002 
8630 6399 8458 3004 
8639 6401 8460 3006 
8646 6402 8465 3008 
8651 6405 8469 3010 
8658 6413 8472 3012 
8663 6417 8476 3012 
8670 6421 8481 3015 
8677 6429 8485 3018 
8681 6434 8492 3022 
8688 6442 8496 3023 
8697 6448 8502 3024 
8706 6455 8506 3026 
8712 6459 8510 3027 
8727 6462 8517 3029 
8731 6464 8523 3031 
8734 6469 8528 3034 
8740 6471 8538 3037 
8744 6475 8542 3038 
8750 6480 8547 3039 
8752 6482 8549 3039 
8755 6486 8555 3041 
8758 6491 8559 3043 
8763 6494 8568 3045 
8770 6495 8572 3047 
8774 6495 8576 3049 
8779 6498 8585 3049 
8782 6506 8588 3049 
8787 6511 8594 3054 
8789 6519 8600 3056 
8796 6520 8604 3057 
8799 6522 8606 3059 
8805 6528 8614 3061 
8809 6535 8617 3061 
8814 6541 8628 3063 
8822 6543 8637 3063 
8828 6551 8639 3068 
8833 6556 8643 3068 
8842 6559 8648 3071 
8846 6564 8659 3075 
8851 6569 8664 3078 
8858 6571 8670 3080 
8865 6578 8677 3080 
8872 6583 8682 3082 
8877 6587 8691 3086 
8882 6589 8698 3090 
8890 6591 8703 3093 
8894 6597 8707 3094 
8900 6599 8712 3097 
8910 6603 8717 3097 
8917 6604 8719 3098 
8919 6606 8724 3099 
8922 6610 8726 3101 
8925 6615 8731 3103 
8933 6617 8735 3104 
8940 6620 8741 3105 
8952 6621 8745 3105 
8960 6627 8752 3106 
8967 6632 8758 3107 
8973 6638 8764 3108 
8982 6640 8766 3110 
8984 6641 8777 3110 
8992 6645 8786 3112 
8998 6649 8786 3113 
9003 6652 8788 3115 
9004 6654 8793 3117 
9013 6656 8800 3120 
9014 6662 8803 3120 
9027 6669 8811 3121 
9031 6673 8818 3122 
9034 6675 8827 3124 
9036 6681 8830 3126 
9043 6684 8836 3132 
9046 6685 8838 3133 
9054 6696 8846 3135 
9059 6701 8854 3137 
9064 6704 8860 3137 
9070 6710 8867 3138 
9073 6717 8871 3142 
9074 6719 8875 3145 
9079 6721 8879 3146 
9083 6726 8888 3148 
9089 6731 8891 3148 
9098 6736 8902 3150 
9102 6740 8907 3150 
9109 6744 8917 3151 
9117 6750 8920 3152 
9120 6753 8923 3155 
9126 6756 8927 3157 
9131 6759 8930 3158 
9135 6762 8934 3158 
9137 6770 8940 3159 
9142 6774 8954 3162 
9144 6778 8960 3168 
9151 6779 8961 3171 
9157 6784 8967 3171 
9162 6790 8972 3174 
9170 6795 8978 3177 
9175 6800 8983 3179 
9181 6804 8984 3182 
9185 6808 8989 3184 
9188 6811 8996 3186 
9192 6816 9005 3188 
9196 6825 9010 3190 
9203 6828 9017 3191 
9206 6835 9025 3194 
9210 6841 9030 3194 
9213 6846 9035 3195 
9217 6849 9039 3197 
9222 6851 9043 3199 
9227 6856 9051 3204 
9230 6860 9057 3205 
9237 6866 9062 3206 
9241 6868 9066 3209 
9247 6872 9070 3209 
9254 6874 9076 3209 
9259 6878 9082 3210 
9266 6880 9088 3214 
9271 6883 9097 3217 
9277 6888 9104 3220 
9281 6895 9111 3223 
9287 6901 9119 3225 
9292 6905 9124 3227 
9300 6911 9131 3230 
9302 6915 9138 3230 
9309 6917 9145 3233 
9318 6918 9146 3235 
9322 6922 9147 3237 
9330 6927 9149 3240 
9341 6930 9155 3240 
9349 6937 9160 3242 
9357 6941 9168 3245 
9360 6944 9171 3245 
9366 6948 9175 3249 
9370 6948 9183 3251 
9373 6956 9190 3254 
9377 6961 9197 3256 
9384 6966 9204 3259 
9388 6973 9208 3261 
9396 6975 9213 3263 
9404 6979 9219 3267 
9407 6985 9221 3272 
9411 6986 9228 3278 
9419 6992 9236 3279 
9425 6994 9242 3280 
9429 6998 9247 3284 
9434 7001 9251 3284 
9439 7005 9257 3287 
9445 7008 9265 3289 
9450 7012 9266 3293 
9451 7014 9271 3296 
9458 7019 9274 3298 
9467 7022 9281 3299 
9475 7028 9287 3300 
9488 7030 9295 3302 
9492 7033 9300 3302 
9497 7035 9303 3303 
9501 7043 9309 3307 
9508 7048 9314 3308 
9516 7051 9321 3311 
9524 7055 9325 3311 
9528 7060 9331 3312 
9534 7064 9338 3313 
9541 7068 9340 3317 
9543 7071 9347 3319 
9547 7078 9351 3319 
9552 7084 9358 3322 
9557 7089 9364 3324 
9561 7090 9370 3327 
9567 7098 9376 3328 
9570 7103 9385 3330 
9573 7110 9392 3330 
9577 7116 9404 3331 
9581 7121 9406 3332 
9586 7122 9416 3335 
9591 7125 9421 3338 
9593 7130 9427 3341 
9598 7133 9434 3341 
9604 7138 9437 3341 
9608 7144 9443 3343 
9613 7146 9451 3343 
9617 7153 9458 3345 
9622 7158 9463 3346 
9629 7160 9468 3346 
9636 7168 9472 3348 
9642 7175 9478 3350 
9652 7181 9479 3352 
9658 7187 9485 3353 
9663 7192 9488 3354 
9670 7195 9494 3354 
9674 7196 9501 3355 
9675 7201 9511 3356 
9681 7201 9517 3357 
9681 7203 9526 3358 
9685 7206 9534 3360 
9690 7210 9538 3361 
9696 7211 9542 3365 
9699 7216 9553 3367 
9703 7223 9556 3367 
9708 7229 9562 3369 
9715 7230 9565 3372 
9730 7233 9572 3376 
9736 7239 9576 3380 
9737 7242 9579 3384 
9742 7246 9584 3384 
9750 7249 9586 3384 
9752 7256 9596 3386 
9760 7262 9606 3390 
9765 7266 9609 3393 
9771 7272 9616 3394 
9777 7273 9617 3399 
9780 7278 9623 3401 
9789 7286 9631 3405 
9797 7293 9640 3406 
9801 7297 9646 3406 
9807 7304 9653 3406 
9812 7310 9663 3407 
9819 7312 9669 3408 
9824 7316 9675 3410 
9828 7319 9681 3410 
9835 7323 9691 3411 
9843 7325 9696 3412 
9848 7329 9702 3413 
9851 7335 9707 3416 
9857 7339 9712 3419 
9863 7345 9721 3420 
9867 7347 9728 3423 
9877 7353 9736 3424 
9881 7358 9743 3425 
9887 7362 9747 3425 
9896 7369 9759 3425 
9901 7372 9767 3428 
9906 7375 9772 3429 
9913 7382 9775 3431 
9916 7384 9784 3436 
9919 7389 9788 3440 
9923 7389 9794 3441 
9928 7393 9797 3442 
9929 7399 9798 3444 
9934 7403 9799 3448 
9939 7406 9804 3450 
9942 7410 9810 3454 
9949 7413 9814 3454 
9960 7419 9819 3458 
9965 7421 9830 3461 
9969 7427 9839 3465 
9973 7435 9840 3467 
9978 7440 9849 3467 
9983 7441 9863 3470 
9987 7448 9868 3473 
9996 7449 9874 3474 
9998 7453 9880 3475 
10007 7456 9885 3478 
10016 7458 9894 3479 
10023 7465 9898 3481 
10030 7469 9900 3484 
10032 7471 9904 3485 
10037 7473 9911 3487 
10045 7477 9921 3490 
10052 7486 9928 3492 
10057 7488 9933 3492 
10064 7492 9939 3495 
10069 7495 9949 3496 
10073 7496 9957 3497 
10076 7497 9962 3499 
10082 7505 9969 3500 
10085 7511 9976 3502 
10092 7515 9980 3505 
10101 7519 9984 3506 
10104 7526 9990 3509 
10107 7529 9996 3513 
10111 7535 10000 3514 
10117 7544 10007 3516 
10127 7546 10011 3516 
10131 7550 10017 3519 
10138 7552 10025 3522 
10147 7557 10030 3526 
10152 7560 10032 3528 
10159 7563 10041 3528 
10167 7569 10052 3531 
10175 7573 10053 3533 
10176 7578 10056 3536 
10182 7580 10064 3536 
10187 7584 10072 3540 
10191 7588 10078 3541 
10194 7593 10087 3542 
10203 7595 10091 3545 
10211 7601 10095 3545 
10216 7601 10107 3545 
10218 7603 10112 3548 
10223 7604 10117 3549 
10227 7609 10122 3552 
10236 7613 10125 3554 
10246 7618 10130 3559 
10251 7619 10134 3559 
10259 7624 10137 3560 
10263 7632 10143 3560 
10268 7635 10150 3560 
10275 7639 10157 3562 
10278 7645 10166 3565 
10287 7649 10176 3567 
10294 7657 10190 3567 
10298 7660 10199 3567 
10301 7665 10203 3567 
10302 7670 10209 3571 
10311 7672 10212 3571 
10319 7680 10224 3573 
10324 7680 10233 3574 
10329 7687 10242 3575 
10332 7696 10247 3576 
10335 7700 10252 3577 
10342 7708 10258 3578 
10345 7713 10266 3580 
10351 7716 10273 3582 
10353 7721 10277 3584 
10358 7726 10284 3584 
10365 7729 10289 3586 
10377 7734 10298 3590 
10381 7739 10302 3592 
10387 7744 10310 3593 
10392 7746 10315 3596 
10396 7754 10325 3598 
10398 7756 10333 3601 
10399 7757 10340 3602 
10402 7762 10342 3603 
10407 7764 10347 3604 
10414 7769 10352 3605 
10416 7774 10355 3608 
10420 7780 10358 3608 
10425 7782 10366 3609 
10429 7785 10370 3613 
10435 7785 10371 3614 
10442 7789 10380 3616 
10448 7798 10388 3617 
10452 7800 10395 3618 
10459 7804 10400 3620 
10464 7807 10405 3621 
10470 7810 10411 3622 
10471 7813 10416 3623 
10476 7823 10423 3626 
10479 7827 10428 3628 
10485 7834 10435 3629 
10489 7836 10446 3630 
10498 7840 10456 3631 
10508 7847 10461 3632 
10514 7849 10466 3634 
10521 7852 10469 3637 
10525 7857 10476 3638 
10531 7860 10482 3639 
10540 7863 10490 3640 
10543 7869 10501 3641 
10550 7875 10507 3641 
10557 7880 10513 3646 
10564 7882 10520 3649 
10569 7892 10523 3651 
10573 7897 10527 3651 
10577 7902 10531 3654 
10581 7904 10536 3660 
10590 7906 10542 3662 
10593 7914 10548 3665 
10600 7917 10555 3667 
10604 7921 10555 3671 
10615 7926 10563 3676 
10618 7927 10567 3678 
10625 7930 10576 3686 
10633 7935 10578 3690 
10639 7941 10581 3693 
10645 7949 10591 3695 
10652 7953 10596 3699 
10660 7961 10603 3701 
10666 7967 10614 3702 
10673 7977 10619 3702 
10679 7980 10631 3704 
10688 7986 10636 3706 
10691 7992 10639 3707 
10696 7995 10643 3711 
10701 8000 10646 3714 
10710 8003 10652 3718 
10715 8004 10660 3720 
10719 8005 10665 3723 
10723 8006 10669 3725 
10730 8012 10677 3729 
10733 8015 10681 3732 
10740 8021 10683 3735 
10747 8024 10691 3738 
10754 8028 10698 3739 
10759 8034 10706 3743 
10764 8038 10711 3746 
10772 8043 10719 3748 
10775 8046 10727 3750 
10777 8051 10731 3750 
10784 8054 10739 3752 
10797 8063 10743 3753 
10802 8067 10746 3755 
10809 8071 10748 3758 
10812 8074 10757 3761 
10818 8077 10765 3763 
10824 8079 10767 3764 
10826 8086 10771 3768 
10831 8093 10782 3770 
10838 8098 10787 3771 
10846 8099 10794 3773 
10854 8102 10799 3773 
10856 8103 10806 3775 
10858 8109 10811 3776 
10861 8115 10814 3776 
10865 8119 10821 3776 
10870 8120 10826 3778 
10878 8122 10830 3779 
10882 8128 10832 3782 
10890 8129 10838 3783 
10894 8135 10845 3785 
10899 8139 10849 3789 
10907 8142 10854 3791 
10915 8145 10859 3793 
10925 8152 10867 3798 
10927 8155 10868 3800 
10935 8162 10878 3802 
10941 8168 10886 3805 
10947 8170 10895 3809 
10949 8174 10902 3810 
10952 8176 10910 3813 
10952 8178 10921 3815 
10958 8182 10928 3816 
10967 8188 10932 3817 
10974 8193 10935 3818 
10977 8198 10942 3821 
10984 8201 10950 3822 
10986 8207 10957 3826 
10989 8214 10960 3829 
10994 8216 10971 3832 
10999 8223 10978 3833 
11007 8224 10986 3834 
11010 8233 10995 3842 
11016 8237 11002 3845 
11021 8242 11008 3849 
11024 8244 11015 3850 
11029 8250 11017 3851 
11033 8250 11022 3851 
11037 8255 11028 3854 
11043 8260 11034 3855 
11046 8261 11040 3856 
11052 8263 11043 3858 
11058 8269 11050 3859 
11062 8270 11051 3859 
11069 8277 11058 3862 
11075 8282 11065 3867 
11085 8284 11073 3869 
11088 8290 11080 3873 
11091 8295 11082 3873 
11097 8299 11086 3874 
11103 8302 11094 3875 
11109 8305 11104 3876 
11113 8314 11109 3879 
11116 8317 11113 3882 
11123 8322 11124 3882 
11125 8325 11128 3885 
11128 8329 11139 3888 
11132 8332 11143 3888 
11138 8335 11147 3891 
11144 8341 11149 3893 
11149 8345 11155 3894 
11158 8351 11167 3894 
11164 8359 11170 3896 
11169 8364 11173 3896 
11174 8368 11175 3899 
11181 8372 11181 3901 
11184 8372 11185 3904 
11189 8373 11191 3904 
11194 8374 11199 3911 
11205 8382 11204 3913 
11209 8384 11209 3914 
11211 8389 11212 3916 
11215 8396 11218 3917 
11222 8402 11224 3919 
11229 8405 11228 3921 
11233 8409 11233 3921 
11239 8414 11238 3923 
11244 8418 11239 3924 
11250 8423 11245 3928 
11256 8427 11251 3931 
11263 8432 11253 3935 
11274 8442 11260 3935 
11281 8448 11267 3935 
11288 8457 11271 3936 
11292 8462 11277 3938 
11296 8469 11283 3942 
11298 8477 11290 3942 
11304 8482 11298 3944 
11310 8488 11300 3948 
11312 8492 11304 3953 
11320 8492 11310 3958 
11323 8495 11314 3959 
11332 8497 11320 3962 
11340 8500 11328 3963 
11343 8502 11333 3964 
11348 8506 11338 3965 
11351 8513 11344 3968 
11356 8516 11348 3968 
11359 8522 11354 3969 
11365 8526 11359 3974 
11372 8537 11370 3975 
11385 8542 11373 3978 
11390 8548 11381 3983 
11397 8552 11388 3986 
11400 8558 11393 3987 
11406 8560 11396 3987 
11413 8565 11402 3987 
11418 8575 11408 3991 
11427 8580 11415 3993 
11431 8583 11420 3995 
11436 8585 11423 3998 
11444 8592 11430 3998 
11452 8596 11435 4003 
11460 8600 11440 4006 
11465 8605 11448 4006 
11470 8611 11451 4007 
11475 8619 11454 4009 
11482 8627 11457 4009 
11492 8631 11468 4011 
11496 8631 11472 4011 
11500 8637 11481 4014 
11504 8645 11486 4015 
11509 8648 11490 4020 
11513 8651 11494 4026 
11516 8653 11497 4028 
11522 8656 11503 4030 
11527 8660 11514 4033 
11533 8666 11520 4034 
11536 8673 11524 4036 
11542 8679 11530 4040 
11548 8684 11536 4040 
11554 8691 11540 4043 
11559 8694 11546 4044 
11568 8700 11551 4048 
11569 8704 11555 4050 
11576 8708 11560 4051 
11579 8711 11569 4052 
11584 8714 11575 4055 
11592 8722 11583 4057 
11598 8725 11593 4058 
11608 8731 11597 4059 
11613 8738 11601 4062 
11616 8744 11610 4064 
11625 8746 11617 4064 
11632 8751 11621 4065 
11638 8753 11625 4066 
11644 8759 11631 4067 
11649 8764 11639 4069 
11652 8766 11643 4073 
11656 8770 11651 4077 
11660 8777 11655 4078 
11664 8782 11661 4080 
11667 8788 11667 4080 
11671 8797 11677 4081 
11683 8800 11682 4083 
11692 8804 11687 4084 
11702 8811 11696 4085 
11710 8819 11705 4087 
11718 8823 11707 4089 
11725 8827 11716 4093 
11728 8831 11721 4096 
11738 8838 11725 4104 
11748 8844 11732 4106 
11757 8849 11733 4108 
11763 8862 11741 4109 
11767 8871 11748 4112 
11772 8876 11752 4115 
11775 8879 11759 4115 
11782 8881 11763 4118 
11785 8886 11767 4121 
11797 8893 11776 4122 
11802 8897 11777 4123 
11809 8899 11783 4128 
11818 8910 11786 4129 
11824 8913 11792 4130 
11834 8916 11799 4130 
11842 8920 11802 4131 
11848 8924 11806 4135 
11850 8927 11811 4136 
11854 8935 11819 4143 
11857 8939 11827 4146 
11863 8949 11836 4148 
11870 8953 11840 4150 
11874 8956 11841 4152 
11879 8959 11846 4156 
11880 8967 11852 4159 
11886 8971 11857 4161 
11892 8974 11862 4164 
11900 8977 11867 4166 
11907 8981 11871 4169 
11910 8984 11876 4171 
11919 8987 11881 4172 
11923 8993 11887 4175 
11928 8996 11892 4176 
11932 9000 11898 4176 
11941 9005 11906 4182 
11946 9008 11912 4182 
11951 9017 11922 4184 
11961 9025 11932 4186 
11968 9033 11937 4188 
11974 9038 11948 4190 
11978 9043 11952 4192 
11984 9048 11957 4194 
11986 9053 11961 4195 
11993 9056 11965 4197 
11994 9059 11968 4201 
11999 9060 11973 4203 
12000 9065 11977 4204 
12008 9072 11980 4207 
12015 9076 11991 4210 
12016 9077 12002 4210 
12020 9084 12011 4212 
12023 9090 12015 4215 
12030 9094 12024 4218 
12033 9097 12028 4222 
12039 9106 12034 4223 
12049 9108 12040 4228 
12058 9111 12049 4230 
12066 9115 12057 4233 
12071 9119 12063 4236 
12076 9121 12066 4238 
12080 9122 12069 4242 
12087 9129 12071 4243 
12090 9132 12076 4244 
12097 9139 12084 4246 
12100 9142 12089 4250 
12104 9143 12098 4252 
12111 9148 12104 4255 
12116 9153 12111 4259 
12121 9154 12113 4261 
12129 9159 12123 4265 
12137 9162 12126 4267 
12145 9168 12132 4270 
12146 9173 12133 4271 
12153 9179 12140 4273 
12159 9188 12149 4273 
12161 9193 12150 4275 
12165 9196 12156 4276 
12170 9201 12159 4276 
12175 9205 12164 4276 
12181 9207 12169 4280 
12187 9210 12174 4282 
12197 9214 12180 4285 
12202 9220 12187 4286 
12214 9224 12195 4286 
12214 9228 12201 4287 
12222 9229 12205 4290 
12225 9232 12213 4290 
12228 9235 12220 4291 
12231 9238 12224 4293 
12235 9240 12232 4295 
12240 9245 12239 4298 
12242 9248 12248 4302 
12250 9253 12258 4304 
12254 9258 12266 4307 
12262 9265 12272 4311 
12263 9271 12278 4313 
12268 9275 12287 4314 
12277 9284 12292 4314 
12283 9291 12296 4315 
12286 9295 12297 4318 
12290 9298 12303 4318 
12293 9298 12316 4321 
12300 9303 12319 4322 
12308 9307 12323 4322 
12312 9310 12331 4327 
12319 9317 12335 4332 
12323 9320 12342 4334 
12329 9325 12346 4337 
12333 9328 12349 4339 
12337 9330 12357 4341 
12342 9336 12364 4342 
12349 9340 12370 4344 
12358 9345 12378 4347 
12361 9354 12386 4348 
12365 9360 12390 4350 
12373 9366 12400 4356 
12380 9377 12403 4358 
12383 9382 12405 4359 
12390 9387 12407 4363 
12394 9392 12413 4364 
12396 9394 12422 4368 
12404 9397 12428 4371 
12407 9400 12433 4374 
12410 9403 12436 4377 
12413 9410 12443 4378 
12424 9416 12450 4378 
12430 9422 12459 4378 
12438 9427 12466 4379 
12443 9433 12474 4380 
12447 9437 12479 4384 
12456 9440 12484 4386 
12459 9445 12491 4390 
12466 9449 12496 4392 
12471 9452 12501 4394 
12481 9459 12505 4396 
12483 9461 12510 4396 
12489 9464 12518 4398 
12493 9466 12528 4400 
12495 9469 12532 4402 
12503 9474 12536 4408 
12508 9481 12546 4408 
12515 9484 12552 4409 
12524 9487 12557 4411 
12529 9487 12563 4412 
12534 9490 12567 4416 
12539 9495 12575 4421 
12547 9500 12581 4424 
12556 9503 12591 4424 
12562 9506 12598 4429 
12568 9511 12606 4429 
12574 9514 12611 4431 
12580 9517 12616 4435 
12588 9521 12625 4438 
12593 9526 12631 4439 
12595 9528 12636 4441 
12600 9531 12641 4443 
12605 9536 12647 4445 
12612 9538 12654 4446 
12614 9545 12659 4449 
12618 9547 12661 4451 
12623 9550 12670 4453 
12630 9552 12675 4453 
12632 9555 12682 4457 
12637 9560 12688 4460 
12643 9567 12691 4465 
12648 9570 12698 4465 
12651 9576 12701 4468 
12655 9583 12706 4470 
12661 9589 12717 4471 
12668 9595 12723 4475 
12673 9599 12732 4478 
12677 9609 12739 4482 
12683 9612 12744 4483 
12691 9619 12748 4484 
12696 9624 12751 4485 
12704 9630 12759 4488 
12709 9635 12765 4490 
12709 9641 12773 4495 
12715 9644 12776 4496 
12722 9650 12782 4497 
12728 9653 12788 4497 
12732 9662 12795 4500 
12736 9663 12800 4503 
12740 9671 12803 4504 
12748 9671 12805 4508 
12755 9679 12808 4512 
12762 9682 12815 4513 
12765 9688 12820 4515 
12775 9693 12830 4518 
12781 9696 12837 4520 
12786 9701 12842 4523 
12792 9704 12844 4523 
12795 9710 12847 4527 
12807 9713 12855 4528 
12813 9722 12859 4530 
12819 9725 12862 4530 
12825 9727 12873 4533 
12831 9732 12881 4536 
12839 9734 12888 4539 
12839 9740 12897 4542 
12846 9746 12902 4546 
12849 9748 12904 4549 
12858 9749 12908 4549 
12863 9755 12913 4552 
12873 9760 12922 4555 
12876 9763 12926 4557 
12886 9773 12930 4561 
12892 9780 12937 4562 
12894 9781 12943 4566 
12900 9786 12944 4568 
12906 9793 12947 4571 
12912 9800 12953 4572 
12914 9806 12961 4577 
12920 9806 12963 4582 
12927 9812 12965 4584 
12933 9816 12971 4587 
12941 9817 12979 4589 
12945 9823 12987 4591 
12950 9826 12988 4594 
12956 9835 12991 4596 
12964 9839 12998 4597 
12969 9845 13004 4598 
12970 9852 13012 4598 
12978 9857 13017 4601 
12981 9861 13028 4607 
12987 9868 13034 4610 
12989 9871 13042 4611 
12993 9875 13047 4615 
13000 9879 13051 4616 
13003 9885 13062 4617 
13009 9891 13068 4619 
13014 9895 13073 4621 
13018 9903 13077 4622 
13020 9907 13087 4623 
13027 9914 13092 4625 
13033 9918 13097 4627 
13037 9925 13103 4628 
13045 9931 13112 4629 
13049 9935 13119 4631 
13056 9937 13123 4632 
13064 9939 13128 4634 
13070 9942 13138 4636 
13075 9944 13146 4638 
13083 9946 13151 4639 
13089 9948 13161 4643 
13097 9956 13171 4646 
13102 9959 13179 4647 
13106 9965 13186 4649 
13113 9970 13191 4653 
13116 9975 13201 4657 
13121 9977 13207 4660 
13124 9978 13212 4661 
13131 9985 13217 4664 
13134 9988 13220 4666 
13139 9994 13226 4669 
13144 9996 13231 4669 
13147 10002 13237 4670 
13153 10005 13245 4673 
13158 10006 13249 4674 
13167 10013 13254 4677 
13172 10018 13258 4679 
13177 10024 13261 4679 
13182 10027 13268 4681 
13188 10030 13270 4684 
13192 10035 13275 4689 
13201 10037 13280 4693 
13205 10042 13286 4695 
13206 10048 13289 4698 
13212 10051 13298 4700 
13214 10060 13302 4701 
13222 10063 13308 4704 
13227 10069 13316 4706 
13234 10073 13326 4711 
13240 10076 13331 4712 
13246 10080 13336 4716 
13253 10084 13345 4720 
13258 10091 13350 4722 
13262 10094 13360 4722 
13269 10096 13368 4724 
13276 10101 13378 4726 
13283 10107 13386 4727 
13287 10114 13390 4728 
13291 10115 13396 4730 
13298 10118 13407 4732 
13304 10125 13410 4734 
13309 10126 13418 4735 
13313 10132 13422 4736 
13319 10136 13427 4737 
13324 10139 13433 4741 
13327 10143 13434 4742 
13336 10148 13442 4745 
13341 10153 13450 4746 
13343 10158 13457 4748 
13346 10161 13460 4749 
13353 10170 13464 4749 
13354 10176 13468 4749 
13361 10178 13476 4749 
13366 10183 13480 4754 
13370 10187 13481 4759 
13374 10190 13489 4761 
13379 10195 13495 4765 
13385 10200 13502 4768 
13389 10202 13506 4769 
13396 10210 13510 4769 
13400 10214 13517 4773 
13410 10218 13521 4779 
13415 10223 13529 4781 
13419 10227 13534 4783 
13429 10235 13541 4784 
13432 10239 13543 4785 
13436 10245 13549 4787 
13444 10252 13558 4789 
13454 10258 13567 4790 
13463 10261 13571 4792 
13472 10266 13577 4794 
13474 10271 13584 4798 
13481 10276 13589 4801 
13491 10279 13596 4803 
13496 10285 13604 4805 
13499 10286 13608 4806 
13507 10289 13615 4810 
13509 10293 13621 4813 
13517 10299 13623 4813 
13522 10301 13631 4815 
13527 10304 13639 4816 
13533 10308 13646 4816 
13538 10313 13653 4817 
13541 10316 13665 4818 
13547 10319 13668 4821 
13551 10321 13669 4821 
13558 10323 13673 4824 
13562 10326 13684 4826 
13570 10330 13688 4829 
13582 10336 13693 4830 
13585 10341 13701 4832 
13590 10344 13710 4833 
13597 10351 13719 4837 
13598 10353 13729 4839 
13603 10358 13734 4842 
13606 10363 13744 4843 
13610 10373 13751 4844 
13616 10378 13758 4848 
13621 10384 13767 4848 
13628 10387 13772 4849 
13631 10387 13779 4849 
13632 10392 13784 4851 
13637 10393 13786 4852 
13643 10394 13795 4852 
13648 10399 13801 4853 
13654 10403 13803 4856 
13660 10408 13812 4857 
13666 10413 13816 4861 
13674 10423 13822 4863 
13683 10424 13827 4867 
13685 10430 13834 4867 
13692 10437 13840 4868 
13699 10441 13846 4872 
13705 10444 13853 4873 
13711 10448 13859 4875 
13713 10450 13868 4878 
13722 10455 13874 4881 
13727 10462 13884 4884 
13732 10467 13889 4888 
13737 10473 13896 4890 
13742 10478 13903 4890 
13744 10483 13909 4893 
13751 10487 13915 4895 
13758 10491 13922 4898 
13766 10491 13927 4901 
13770 10497 13931 4903 
13771 10505 13935 4906 
13779 10515 13939 4908 
13784 10520 13944 4909 
13790 10528 13953 4911 
13793 10532 13955 4913 
13798 10534 13960 4914 
13807 10543 13966 4916 
13810 10547 13970 4917 
13812 10552 13975 4920 
13817 10556 13979 4923 
13822 10561 13984 4924 
13827 10567 13992 4926 
13836 10570 13994 4927 
13838 10573 13997 4929 
13840 10578 14004 4934 
13845 10587 14007 4935 
13848 10590 14012 4936 
13856 10594 14018 4940 
13864 10597 14022 4942 
13872 10601 14027 4944 
13878 10605 14037 4947 
13887 10612 14044 4947 
13891 10616 14047 4947 
13899 10623 14054 4949 
13904 10629 14060 4952 
13908 10633 14069 4955 
13912 10642 14078 4958 
13919 10644 14082 4961 
13927 10649 14087 4962 
13934 10655 14091 4963 
13938 10661 14098 4964 
13938 10667 14102 4970 
13941 10675 14106 4972 
13944 10681 14115 4975 
13948 10687 14120 4983 
13955 10692 14129 4983 
13962 10697 14131 4986 
13963 10703 14133 4989 
13968 10712 14135 4991 
13970 10718 14140 4993 
13974 10721 14146 4993 
13982 10725 14152 4994 
13988 10732 14156 4997 
13995 10736 14160 4998 
13999 10736 14165 4998 
14008 10746 14169 4999 
14009 10750 14172 5000 
14014 10754 14179 5002 
14028 10755 14188 5006 
14035 10760 14199 5006 
14038 10767 14208 5006 
14043 10771 14214 5007 
14047 10782 14220 5009 
14056 10788 14222 5010 
14059 10792 14228 5013 
14064 10797 14234 5016 
14070 10798 14245 5018 
14073 10806 14253 5021 
14078 10810 14261 5022 
14089 10813 14264 5024 
14096 10815 14272 5027 
14100 10819 14280 5027 
14108 10823 14286 5029 
14117 10826 14291 5029 
14126 10827 14296 5029 
14133 10830 14305 5032 
14140 10831 14314 5032 
14145 10836 14321 5033 
14152 10837 14323 5035 
14156 10841 14331 5039 
14166 10843 14337 5039 
14179 10847 14342 5040 
14185 10851 14348 5041 
14189 10856 14357 5044 
14194 10860 14366 5048 
14198 10862 14377 5049 
14200 10866 14383 5053 
14208 10871 14386 5057 
14216 10872 14391 5058 
14221 10876 14399 5060 
14227 10882 14404 5061 
14233 10885 14410 5067 
14240 10891 14418 5068 
14245 10896 14426 5069 
14252 10899 14429 5069 
14260 10901 14435 5070 
14268 10907 14442 5072 
14273 10909 14447 5073 
14282 10914 14453 5079 
14286 10918 14457 5080 
14293 10923 14466 5082 
14299 10929 14474 5086 
14302 10934 14478 5088 
14312 10939 14483 5089 
14318 10947 14486 5091 
14327 10950 14492 5092 
14334 10956 14499 5095 
14341 10961 14508 5103 
14351 10966 14513 5106 
14358 10968 14517 5109 
14367 10970 14521 5109 
14374 10974 14526 5111 
14377 10979 14531 5112 
14383 10982 14538 5114 
14391 10988 14543 5116 
14395 10991 14548 5118 
14398 10993 14552 5120 
14405 10999 14556 5122 
14408 11003 14561 5123 
14412 11008 14565 5123 
14421 11009 14575 5127 
14431 11016 14579 5130 
14438 11019 14583 5132 
14440 11028 14586 5133 
14449 11034 14594 5136 
14453 11041 14598 5138 
14457 11045 14604 5140 
14461 11049 14608 5141 
14466 11054 14611 5143 
14470 11057 14617 5146 
14474 11062 14621 5150 
14479 11067 14624 5152 
14484 11070 14627 5154 
14486 11073 14635 5158 
14490 11074 14638 5160 
14496 11078 14647 5163 
14503 11079 14652 5163 
14517 11086 14658 5165 
14526 11092 14664 5167 
14530 11094 14671 5169 
14537 11095 14678 5172 
14546 11100 14683 5176 
14552 11101 14686 5178 
14556 11104 14688 5180 
14562 11107 14696 5184 
14568 11110 14703 5187 
14574 11116 14705 5191 
14579 11120 14714 5191 
14585 11120 14723 5192 
14595 11123 14733 5193 
14601 11129 14738 5194 
14613 11132 14744 5196 
14617 11141 14750 5199 
14621 11146 14755 5202 
14627 11150 14760 5203 
14632 11155 14764 5203 
14638 11156 14765 5205 
14643 11161 14774 5207 
14647 11165 14782 5208 
14653 11169 14788 5209 
14654 11172 14799 5210 
14659 11178 14808 5213 
14662 11182 14814 5213 
14666 11189 14817 5215 
14667 11194 14823 5218 
14676 11205 14833 5222 
14679 11211 14841 5227 
14681 11216 14851 5230 
14687 11222 14856 5235 
14695 11224 14862 5242 
14703 11224 14868 5243 
14712 11226 14875 5245 
14721 11230 14878 5245 
14726 11232 14886 5246 
14728 11237 14892 5248 
14733 11241 14892 5249 
14738 11245 14903 5251 
14744 11246 14906 5255 
14745 11252 14910 5256 
14751 11256 14912 5258 
14756 11260 14914 5261 
14762 11263 14918 5262 
14765 11265 14925 5265 
14771 11271 14932 5266 
14777 11276 14936 5267 
14789 11282 14941 5272 
14796 11283 14947 5275 
14799 11288 14949 5277 
14807 11291 14958 5278 
14810 11298 14965 5281 
14822 11300 14973 5282 
14827 11305 14975 5285 
14828 11308 14979 5291 
14836 11311 14987 5291 
14846 11313 14992 5295 
14853 11316 14997 5296 
14862 11323 15002 5297 
14867 11330 15005 5298 
14874 11333 15013 5299 
14879 11336 15022 5299 
14882 11342 15029 5301 
14885 11345 15031 5304 
14890 11350 15036 5306 
14898 11354 15043 5307 
14903 11361 15051 5310 
14907 11363 15056 5310 
14912 11366 15063 5312 
14918 11369 15067 5318 
14927 11374 15068 5323 
14936 11378 15073 5327 
14942 11382 15080 5328 
14949 11385 15083 5329 
14952 11394 15094 5330 
14958 11398 15101 5330 
14964 11403 15108 5331 
14969 11411 15115 5334 
14975 11417 15119 5336 
14985 11423 15126 5338 
14992 11434 15132 5341 
14997 11441 15142 5342 
15005 11445 15151 5343 
15008 11448 15156 5344 
15012 11452 15161 5347 
15014 11454 15164 5349 
15019 11458 15174 5353 
15022 11461 15178 5355 
15027 11463 15184 5361 
15038 11471 15190 5362 
15039 11473 15195 5363 
15041 11474 15200 5365 
15047 11477 15210 5367 
15053 11485 15215 5369 
15057 11489 15221 5370 
15065 11494 15223 5371 
15071 11501 15234 5374 
15074 11511 15243 5375 
15079 11517 15248 5376 
15087 11518 15255 5376 
15093 11521 15262 5376 
15099 11523 15272 5379 
15103 11523 15280 5384 
15108 11527 15291 5387 
15111 11536 15295 5389 
15116 11537 15301 5393 
15124 11542 15307 5394 
15129 11549 15315 5398 
15139 11554 15320 5399 
15143 11557 15328 5400 
15146 11565 15338 5403 
15152 11568 15348 5405 
15159 11569 15354 5406 
15163 11573 15361 5409 
15167 11576 15369 5411 
15170 11578 15378 5412 
15177 11582 15384 5416 
15180 11587 15392 5419 
15187 11591 15396 5420 
15194 11593 15401 5422 
15200 11600 15411 5423 
15208 11607 15415 5423 
15215 11611 15419 5424 
15220 11618 15421 5428 
15223 11623 15431 5433 
15229 11631 15435 5434 
15233 11637 15440 5434 
15240 11641 15452 5434 
15245 11650 15456 5434 
15257 11651 15466 5435 
15262 11655 15470 5436 
15269 11657 15475 5438 
15271 11659 15480 5438 
15277 11664 15486 5443 
15281 11666 15488 5445 
15286 11671 15493 5445 
15290 11677 15498 5449 
15298 11679 15506 5450 
15304 11683 15510 5452 
15308 11691 15515 5456 
15310 11696 15520 5458 
15314 11700 15527 5461 
15318 11703 15529 5464 
15325 11710 15531 5466 
15335 11716 15542 5469 
15342 11719 15550 5471 
15348 11724 15556 5473 
15360 11727 15562 5475 
15366 11728 15569 5475 
15370 11732 15575 5479 
15376 11738 15581 5481 
15382 11744 15588 5482 
15388 11750 15593 5485 
15393 11757 15599 5488 
15400 11760 15603 5492 
15404 11763 15612 5492 
15409 11771 15615 5493 
15413 11775 15621 5493 
15421 11776 15625 5494 
15427 11777 15628 5498 
15433 11784 15632 5499 
15437 11789 15637 5501 
15444 11794 15647 5502 
15449 11802 15653 5502 
15458 11810 15660 5505 
15464 11815 15667 5507 
15471 11819 15669 5510 
15475 11827 15674 5511 
15479 11830 15682 5513 
15482 11834 15692 5514 
15490 11837 15700 5518 
15501 11843 15705 5519 
15505 11847 15710 5520 
15513 11851 15716 5522 
15521 11856 15721 5524 
15528 11861 15727 5524 
15531 11864 15728 5527 
15535 11870 15732 5528 
15543 11876 15738 5528 
15550 11882 15748 5530 
15555 11889 15754 5533 
15563 11894 15759 5535 
15566 11897 15766 5537 
15572 11901 15772 5540 
15572 11903 15778 5543 
15576 11906 15782 5546 
15582 11908 15791 5551 
15590 11914 15798 5552 
15596 11920 15804 5553 
15600 11927 15809 5555 
15603 11928 15814 5556 
15609 11931 15819 5557 
15616 11937 15826 5560 
15619 11943 15833 5562 
15624 11947 15843 5562 
15626 11953 15846 5565 
15631 11959 15851 5567 
15637 11963 15856 5569 
15641 11970 15859 5569 
15648 11977 15865 5570 
15657 11984 15867 5573 
15659 11989 15880 5578 
15664 11996 15886 5578 
15667 11999 15888 5581 
15673 12004 15893 5582 
15678 12013 15896 5584 
15684 12018 15908 5588 
15688 12024 15919 5591 
15692 12029 15927 5593 
15699 12038 15929 5597 
15705 12043 15939 5601 
15708 12047 15946 5603 
15716 12053 15952 5604 
15721 12056 15957 5604 
15727 12061 15966 5605 
15732 12069 15974 5607 
15734 12074 15980 5613 
15739 12081 15986 5614 
15746 12085 15992 5618 
15755 12088 15995 5619 
15760 12093 16000 5623 
15768 12096 16010 5628 
15773 12100 16014 5628 
15776 12104 16017 5630 
15779 12113 16023 5635 
15782 12118 16031 5636 
15784 12122 16040 5637 
15790 12134 16045 5642 
15798 12140 16049 5649 
15800 12146 16060 5650 
15802 12152 16065 5653 
15809 12157 16074 5655 
15813 12162 16079 5656 
15817 12166 16086 5659 
15819 12171 16094 5661 
15824 12179 16101 5662 
15826 12182 16111 5666 
15830 12189 16114 5668 
15833 12190 16125 5668 
15836 12198 16132 5669 
15838 12206 16138 5670 
15849 12213 16147 5673 
15854 12216 16153 5675 
15861 12224 16157 5677 
15862 12228 16164 5682 
15873 12232 16172 5684 
15882 12236 16176 5684 
15888 12242 16184 5689 
15890 12244 16192 5690 
15897 12246 16195 5690 
15902 12250 16201 5697 
15907 12259 16206 5698 
15913 12265 16215 5701 
15920 12269 16221 5701 
15923 12275 16230 5704 
15929 12277 16237 5708 
15938 12280 16243 5710 
15946 12286 16252 5712 
15953 12289 16260 5715 
15958 12297 16270 5717 
15964 12302 16279 5719 
15970 12304 16287 5721 
15980 12308 16292 5721 
15990 12309 16300 5722 
15996 12316 16305 5726 
16007 12322 16313 5733 
16013 12332 16317 5735 
16017 12335 16322 5738 
16024 12338 16328 5738 
16026 12342 16335 5740 
16033 12355 16341 5740 
16035 12356 16343 5741 
16042 12357 16352 5741 
16048 12365 16354 5743 
16057 12373 16357 5744 
16060 12375 16363 5745 
16065 12381 16368 5749 
16071 12386 16372 5753 
16075 12388 16383 5755 
16083 12391 16390 5756 
16090 12402 16393 5757 
16095 12407 16399 5757 
16101 12410 16406 5759 
16105 12418 16412 5760 
16111 12425 16417 5761 
16117 12430 16420 5763 
16121 12434 16427 5766 
16127 12439 16428 5768 
16136 12449 16431 5771 
16139 12455 16435 5773 
16143 12461 16441 5776 
16148 12463 16444 5779 
16154 12467 16452 5779 
16155 12474 16458 5779 
16164 12478 16462 5780 
16172 12483 16469 5781 
16178 12484 16473 5783 
16187 12488 16480 5785 
16196 12493 16494 5786 
16203 12497 16500 5789 
16213 12501 16504 5790 
16217 12503 16513 5791 
16229 12507 16517 5795 
16234 12510 16521 5796 
16242 12515 16529 5798 
16246 12517 16536 5799 
16249 12521 16544 5800 
16257 12526 16549 5803 
16259 12529 16554 5809 
16261 12536 16564 5812 
16267 12542 16569 5814 
16271 12548 16577 5817 
16274 12552 16579 5818 
16284 12559 16584 5819 
16292 12563 16588 5822 
16295 12567 16593 5825 
16298 12570 16599 5826 
16300 12577 16609 5829 
16307 12581 16613 5833 
16310 12587 16615 5836 
16314 12593 16621 5838 
16318 12599 16627 5840 
16326 12602 16632 5845 
16329 12606 16639 5846 
16334 12610 16646 5846 
16337 12610 16658 5848 
16342 12615 16669 5850 
16345 12623 16678 5852 
16352 12626 16683 5854 
16355 12630 16689 5859 
16364 12634 16697 5861 
16372 12638 16706 5864 
16377 12643 16720 5865 
16381 12650 16732 5872 
16389 12659 16735 5877 
16398 12665 16742 5880 
16408 12670 16750 5883 
16413 12675 16754 5886 
16420 12684 16760 5888 
16422 12686 16765 5893 
16428 12687 16768 5894 
16436 12689 16773 5896 
16440 12694 16778 5900 
16445 12697 16785 5902 
16451 12699 16790 5905 
16457 12700 16794 5905 
16466 12704 16800 5908 
16471 12710 16804 5910 
16476 12714 16811 5912 
16485 12718 16824 5913 
16492 12721 16827 5915 
16499 12723 16836 5915 
16505 12726 16843 5918 
16512 12731 16848 5918 
16519 12736 16855 5921 
16527 12736 16863 5923 
16535 12741 16868 5924 
16538 12746 16879 5925 
16545 12750 16885 5925 
16552 12753 16893 5925 
16557 12758 16898 5925 
16566 12763 16900 5926 
16569 12770 16907 5927 
16573 12773 16919 5930 
16578 12778 16923 5932 
16587 12781 16927 5933 
16589 12786 16934 5934 
16595 12792 16940 5940 
16599 12798 16944 5944 
16604 12805 16951 5947 
16610 12806 16959 5948 
16615 12811 16965 5952 
16624 12821 16972 5952 
16627 12824 16980 5955 
16630 12829 16985 5957 
16632 12831 16993 5959 
16641 12836 16998 5961 
16646 12839 17002 5964 
16651 12842 17009 5964 
16657 12850 17014 5967 
16664 12856 17020 5969 
16672 12862 17030 5970 
16679 12871 17037 5973 
16686 12874 17043 5973 
16690 12878 17054 5975 
16697 12884 17062 5977 
16706 12889 17068 5980 
16707 12892 17071 5980 
16711 12894 17074 5982 
16715 12895 17082 5985 
16719 12901 17086 5986 
16725 12906 17094 5988 
16730 12910 17097 5991 
16735 12915 17101 5991 
16743 12920 17104 5992 
16747 12931 17110 5994 
16749 12938 17117 5995 
16753 12942 17124 5996 
16755 12944 17128 5997 
16758 12951 17134 6000 
16765 12953 17146 6001 
16774 12957 17152 6005 
16780 12959 17162 6008 
16783 12962 17170 6012 
16789 12964 17179 6014 
16794 12966 17188 6016 
16798 12972 17198 6020 
16802 12975 17201 6021 
16806 12977 17209 6024 
16813 12982 17214 6026 
16817 12987 17219 6029 
16828 12989 17225 6031 
16835 12992 17225 6033 
16840 12998 17227 6035 
16843 13004 17231 6040 
16849 13006 17236 6040 
16852 13012 17239 6042 
16853 13017 17248 6046 
16859 13026 17251 6048 
16861 13032 17257 6050 
16864 13039 17264 6054 
16868 13047 17271 6055 
16876 13050 17275 6057 
16887 13053 17280 6058 
16890 13054 17286 6061 
16896 13058 17293 6068 
16905 13061 17297 6075 
16909 13065 17302 6077 
16914 13077 17311 6080 
16917 13081 17316 6081 
16920 13084 17321 6084 
16920 13088 17334 6089 
16927 13095 17343 6090 
16929 13098 17348 6092 
16937 13104 17352 6094 
16946 13107 17354 6095 
16950 13111 17362 6096 
16956 13117 17374 6099 
16962 13118 17381 6102 
16968 13122 17391 6104 
16970 13128 17397 6105 
16976 13133 17401 6109 
16979 13139 17410 6111 
16982 13146 17419 6113 
16989 13155 17426 6113 
16992 13161 17430 6114 
17004 13164 17439 6116 
17009 13170 17442 6120 
17012 13173 17448 6124 
17016 13181 17454 6126 
17020 13183 17459 6127 
17026 13187 17464 6129 
17029 13194 17473 6130 
17035 13201 17477 6133 
17042 13206 17486 6139 
17045 13212 17488 6139 
17052 13219 17492 6140 
17058 13224 17496 6140 
17062 13231 17503 6144 
17069 13236 17513 6146 
17075 13238 17517 6149 
17081 13243 17520 6151 
17088 13248 17525 6153 
17090 13252 17530 6155 
17097 13256 17539 6158 
17104 13265 17543 6159 
17110 13266 17551 6160 
17118 13269 17563 6162 
17123 13275 17574 6164 
17126 13277 17580 6166 
17133 13279 17586 6167 
17137 13284 17592 6168 
17144 13287 17600 6170 
17154 13294 17605 6170 
17158 13303 17611 6171 
17164 13305 17615 6173 
17169 13313 17625 6179 
17173 13317 17632 6181 
17178 13327 17637 6182 
17183 13334 17640 6183 
17184 13340 17643 6186 
17188 13342 17655 6188 
17196 13347 17662 6191 
17203 13350 17668 6191 
17207 13358 17674 6193 
17214 13362 17683 6195 
17220 13368 17688 6196 
17222 13372 17694 6199 
17229 13373 17701 6201 
17232 13377 17710 6204 
17241 13381 17717 6205 
17246 13384 17720 6209 
17252 13387 17724 6211 
17257 13391 17729 6214 
17268 13393 17733 6216 
17273 13398 17736 6219 
17281 13403 17741 6221 
17286 13408 17749 6223 
17292 13410 17756 6225 
17302 13416 17762 6226 
17307 13421 17767 6229 
17317 13424 17772 6231 
17322 13428 17776 6234 
17330 13434 17780 6237 
17337 13437 17785 6238 
17340 13443 17792 6239 
17344 13446 17799 6240 
17345 13450 17805 6244 
17349 13455 17810 6244 
17356 13463 17819 6245 
17364 13469 17826 6253 
17374 13473 17832 6254 
17375 13477 17839 6256 
17378 13481 17852 6259 
17387 13485 17861 6261 
17391 13487 17870 6263 
17397 13490 17874 6266 
17404 13496 17881 6268 
17411 13497 17889 6271 
17417 13503 17898 6275 
17426 13507 17904 6276 
17434 13510 17909 6277 
17440 13511 17916 6279 
17449 13518 17921 6282 
17456 13519 17924 6282 
17458 13525 17929 6284 
17469 13528 17936 6286 
17473 13533 17940 6287 
17481 13536 17942 6292 
17488 13541 17949 6296 
17490 13545 17956 6297 
17494 13547 17959 6299 
17503 13554 17964 6300 
17506 13556 17969 6308 
17511 13559 17974 6309 
17516 13564 17977 6316 
17519 13566 17986 6317 
17527 13569 17992 6321 
17532 13575 18004 6321 
17539 13578 18009 6322 
17544 13578 18011 6326 
17554 13585 18016 6326 
17561 13590 18023 6328 
17567 13593 18026 6330 
17575 13598 18034 6330 
17580 13600 18040 6331 
17586 13601 18048 6335 
17592 13607 18055 6336 
17596 13610 18065 6336 
17601 13613 18068 6336 
17609 13616 18075 6342 
17616 13622 18079 6344 
17626 13624 18083 6350 
17634 13628 18091 6352 
17645 13629 18095 6352 
17650 13633 18100 6353 
17655 13635 18105 6357 
17656 13639 18112 6359 
17661 13646 18119 6361 
17670 13654 18125 6364 
17675 13655 18134 6365 
17680 13659 18138 6367 
17686 13664 18142 6367 
17691 13672 18148 6367 
17698 13674 18151 6369 
17707 13676 18164 6372 
17712 13679 18172 6375 
17716 13682 18177 6378 
17721 13686 18181 6381 
17723 13691 18184 6383 
17732 13696 18189 6385 
17737 13701 18194 6385 
17742 13705 18200 6389 
17749 13709 18204 6390 
17755 13712 18217 6391 
17761 13717 18225 6392 
17770 13722 18235 6394 
17778 13729 18240 6399 
17785 13734 18249 6402 
17789 13735 18255 6406 
17797 13735 18263 6406 
17803 13739 18268 6407 
17806 13742 18279 6409 
17812 13746 18287 6411 
17820 13747 18295 6415 
17827 13751 18301 6417 
17832 13757 18307 6419 
17837 13765 18312 6420 
17841 13769 18323 6420 
17846 13773 18327 6422 
17849 13778 18336 6423 
17858 13782 18342 6427 
17864 13785 18351 6427 
17870 13793 18358 6431 
17873 13801 18367 6438 
17879 13804 18374 6439 
17886 13810 18380 6442 
17890 13818 18387 6443 
17894 13822 18394 6443 
17897 13823 18401 6446 
17902 13827 18405 6451 
17910 13831 18409 6452 
17916 13835 18414 6453 
17924 13837 18419 6455 
17927 13843 18423 6458 
17934 13845 18431 6460 
17943 13850 18438 6464 
17949 13854 18443 6465 
17954 13857 18444 6468 
17959 13862 18448 6472 
17966 13873 18453 6474 
17971 13877 18462 6475 
17977 13883 18469 6476 
17985 13893 18479 6479 
17989 13898 18480 6483 
17992 13902 18490 6484 
17996 13903 18500 6485 
17999 13909 18512 6489 
18007 13916 18518 6490 
18013 13917 18530 6491 
18018 13924 18536 6493 
18024 13930 18547 6494 
18028 13933 18552 6496 
18035 13938 18557 6496 
18041 13941 18564 6499 
18049 13947 18575 6501 
18052 13954 18586 6502 
18054 13962 18594 6504 
18057 13964 18600 6506 
18062 13965 18606 6508 
18065 13971 18615 6512 
18069 13972 18620 6515 
18073 13975 18623 6518 
18083 13980 18631 6519 
18091 13986 18639 6521 
18096 13990 18647 6522 
18097 13997 18653 6524 
18102 13999 18661 6527 
18111 14003 18663 6529 
18116 14005 18667 6532 
18124 14008 18670 6536 
18126 14010 18675 6541 
18131 14021 18681 6542 
18141 14026 18690 6545 
18148 14031 18697 6545 
18155 14040 18700 6547 
18157 14049 18704 6550 
18166 14052 18707 6551 
18172 14053 18714 6556 
18176 14055 18720 6558 
18182 14059 18725 6558 
18185 14063 18727 6559 
18195 14067 18733 6561 
18199 14072 18739 6566 
18203 14082 18748 6570 
18212 14085 18751 6570 
18218 14093 18759 6574 
18226 14102 18768 6579 
18229 14112 18771 6582 
18235 14115 18778 6585 
18245 14120 18795 6585 
18250 14126 18804 6586 
18256 14131 18807 6590 
18263 14133 18817 6591 
18265 14136 18825 6592 
18268 14145 18833 6593 
18272 14153 18842 6593 
18279 14157 18848 6597 
18282 14159 18855 6599 
18285 14160 18865 6603 
18298 14163 18870 6607 
18300 14170 18874 6607 
18308 14172 18879 6610 
18313 14180 18882 6611 
18320 14183 18883 6614 
18324 14190 18888 6618 
18327 14192 18894 6619 
18331 14196 18900 6623 
18339 14197 18904 6626 
18343 14199 18909 6629 
18345 14201 18916 6633 
18351 14205 18924 6636 
18357 14206 18927 6639 
18360 14215 18936 6643 
18362 14220 18947 6645 
18366 14224 18956 6649 
18374 14228 18962 6651 
18377 14231 18969 6655 
18384 14233 18974 6655 
18387 14236 18977 6656 
18390 14241 18981 6658 
18397 14243 18984 6662 
18400 14248 18993 6663 
18405 14250 19002 6665 
18410 14258 19006 6665 
18418 14264 19011 6669 
18423 14267 19016 6670 
18428 14276 19023 6673 
18437 14280 19033 6678 
18444 14287 19041 6679 
18451 14291 19047 6680 
18457 14294 19052 6683 
18462 14299 19055 6686 
18464 14307 19059 6689 
18467 14311 19064 6692 
18476 14316 19070 6694 
18478 14324 19076 6694 
18486 14324 19080 6695 
18491 14334 19086 6695 
18498 14340 19090 6698 
18503 14346 19096 6699 
18506 14350 19099 6702 
18516 14360 19104 6704 
18522 14362 19108 6704 
18524 14368 19112 6704 
18526 14374 19118 6707 
18530 14378 19124 6708 
18536 14384 19132 6708 
18539 14389 19137 6716 
18539 14393 19141 6718 
18544 14400 19144 6722 
18552 14405 19150 6725 
18564 14411 19157 6726 
18570 14412 19161 6729 
18579 14419 19168 6734 
18582 14423 19176 6735 
18589 14430 19182 6738 
18595 14434 19185 6739 
18608 14439 19188 6741 
18614 14441 19195 6742 
18618 14445 19202 6744 
18624 14449 19208 6746 
18630 14454 19213 6748 
18638 14460 19219 6749 
18641 14467 19225 6753 
18646 14471 19229 6755 
18654 14474 19236 6756 
18660 14479 19242 6756 
18664 14481 19251 6757 
18671 14486 19261 6760 
18681 14489 19270 6762 
18689 14492 19274 6765 
18694 14494 19280 6769 
18704 14495 19288 6771 
18708 14501 19295 6772 
18709 14505 19303 6776 
18718 14510 19309 6778 
18726 14512 19315 6782 
18729 14514 19322 6783 
18735 14517 19328 6785 
18742 14530 19335 6787 
18748 14535 19336 6788 
18756 14540 19343 6791 
18766 14549 19347 6793 
18773 14552 19354 6796 
18778 14555 19360 6799 
18782 14560 19366 6802 
18789 14568 19373 6803 
18795 14572 19380 6805 
18803 14576 19386 6805 
18812 14580 19394 6809 
18817 14582 19409 6812 
18824 14588 19414 6816 
18829 14596 19418 6819 
18834 14600 19423 6822 
18837 14600 19427 6823 
18841 14606 19432 6824 
18848 14609 19438 6826 
18852 14613 19447 6827 
18854 14618 19455 6828 
18859 14622 19464 6830 
18864 14626 19467 6834 
18870 14628 19475 6836 
18874 14634 19484 6839 
18883 14638 19486 6840 
18888 14643 19490 6842 
18895 14647 19491 6845 
18900 14651 19496 6848 
18904 14654 19498 6850 
18906 14656 19505 6851 
18912 14660 19514 6854 
18917 14663 19518 6856 
18923 14672 19525 6859 
18927 14678 19532 6862 
18933 14682 19541 6863 
18935 14685 19547 6864 
18945 14689 19554 6868 
18953 14692 19559 6869 
18962 14694 19564 6872 
18965 14695 19572 6875 
18970 14701 19576 6877 
18981 14705 19581 6878 
18990 14714 19590 6881 
18996 14717 19603 6885 
18999 14724 19610 6889 
19007 14729 19620 6891 
19020 14735 19626 6892 
19022 14741 19632 6892 
19027 14744 19638 6894 
19034 14748 19648 6897 
19039 14761 19651 6898 
19050 14767 19656 6904 
19055 14777 19661 6906 
19059 14784 19669 6909 
19065 14788 19674 6910 
19069 14791 19683 6911 
19079 14799 19691 6912 
19086 14804 19698 6915 
19095 14810 19702 6919 
19099 14815 19707 6926 
19105 14820 19712 6927 
19110 14825 19720 6929 
19121 14827 19722 6931 
19130 14830 19728 6932 
19133 14834 19736 6934 
19141 14838 19746 6938 
19151 14840 19753 6940 
19156 14844 19758 6942 
19163 14847 19767 6945 
19164 14851 19774 6947 
19176 14859 19781 6949 
19180 14866 19786 6955 
19189 14872 19790 6958 
19197 14879 19797 6960 
19201 14880 19802 6963 
19208 14882 19810 6965 
19210 14888 19815 6967 
19212 14892 19822 6969 
19217 14896 19827 6970 
19219 14899 19835 6971 
19225 14904 19842 6973 
19236 14908 19852 6973 
19244 14914 19857 6977 
19251 14918 19867 6979 
19259 14928 19875 6981 
19266 14934 19878 6986 
19272 14935 19891 6986 
19274 14938 19897 6987 
19279 14948 19903 6990 
19282 14950 19916 6992 
19286 14956 19922 6995 
19292 14962 19927 6999 
19296 14971 19938 7003 
19299 14972 19944 7004 
19304 14975 19949 7008 
19312 14978 19954 7011 
19316 14983 19964 7012 
19325 14985 19969 7014 
19330 14986 19978 7017 
19335 14990 19990 7018 
19339 14992 19995 7022 
19341 15000 20006 7024 
19344 15011 20011 7027 
19348 15013 20019 7030 
19356 15014 20025 7033 
19363 15017 20033 7034 
19369 15018 20038 7038 
19375 15023 20047 7040 
19382 15034 20053 7043 
19383 15036 20061 7046 
19389 15039 20065 7046 
19396 15042 20070 7049 
19404 15045 20078 7053 
19407 15048 20084 7055 
19413 15052 20087 7059 
19421 15059 20102 7064 
19424 15062 20104 7065 
19429 15068 20106 7067 
19436 15072 20110 7071 
19442 15077 20118 7072 
19448 15081 20122 7076 
19452 15085 20128 7079 
19457 15090 20138 7081 
19465 15096 20147 7082 
19471 15101 20155 7083 
19472 15105 20161 7086 
19477 15111 20164 7089 
19483 15116 20172 7092 
19487 15119 20179 7093 
19494 15123 20182 7093 
19503 15125 20191 7094 
19512 15131 20198 7100 
19521 15134 20203 7101 
19529 15138 20206 7102 
19536 15142 20213 7103 
19540 15143 20217 7107 
19546 15148 20223 7110 
19552 15150 20227 7111 
19559 15152 20230 7117 
19564 15159 20234 7117 
19570 15163 20239 7120 
19577 15168 20247 7120 
19586 15174 20255 7120 
19592 15180 20259 7123 
19597 15184 20264 7124 
19602 15188 20269 7128 
19606 15194 20279 7129 
19614 15198 20284 7133 
19622 15202 20287 7139 
19629 15207 20298 7146 
19632 15215 20301 7146 
19640 15218 20305 7146 
19646 15224 20308 7149 
19651 15230 20311 7150 
19656 15233 20318 7153 
19659 15236 20327 7156 
19665 15239 20334 7156 
19669 15242 20340 7159 
19671 15246 20343 7161 
19674 15252 20348 7163 
19677 15256 20350 7168 
19685 15262 20361 7169 
19688 15268 20368 7172 
19697 15271 20375 7175 
19704 15274 20379 7178 
19712 15279 20386 7180 
19718 15283 20397 7182 
19722 15294 20405 7185 
19732 15299 20414 7189 
19738 15301 20420 7190 
19743 15304 20426 7195 
19752 15310 20432 7195 
19758 15316 20439 7197 
19767 15318 20443 7199 
19774 15321 20449 7201 
19779 15325 20450 7206 
19785 15330 20454 7206 
19791 15335 20459 7207 
19797 15336 20469 7209 
19803 15343 20477 7211 
19810 15349 20484 7215 
19817 15357 20487 7215 
19826 15360 20497 7219 
19832 15364 20505 7221 
19835 15369 20512 7224 
19839 15371 20519 7226 
19845 15373 20525 7228 
19853 15375 20536 7230 
19863 15376 20543 7232 
19868 15380 20552 7237 
19873 15385 20563 7238 
19877 15387 20567 7244 
19881 15391 20572 7245 
19886 15397 20580 7249 
19889 15401 20589 7252 
19899 15404 20594 7253 
19904 15414 20601 7255 
19911 15417 20609 7259 
19917 15420 20624 7262 
19920 15428 20626 7262 
19929 15430 20636 7263 
19935 15436 20639 7265 
19940 15443 20642 7267 
19951 15446 20648 7269 
19957 15449 20655 7269 
19964 15454 20660 7270 
19968 15455 20665 7274 
19969 15457 20672 7276 
19974 15459 20679 7281 
19981 15464 20685 7283 
19991 15468 20688 7284 
19997 15474 20695 7286 
20001 15478 20698 7287 
20010 15486 20703 7290 
20018 15487 20713 7294 
20028 15493 20720 7301 
20032 15496 20727 7303 
20044 15502 20732 7306 
20049 15506 20740 7309 
20055 15508 20744 7313 
20063 15510 20747 7316 
20069 15517 20751 7318 
20075 15521 20764 7320 
20087 15524 20773 7323 
20096 15528 20781 7325 
20104 15529 20788 7327 
20109 15532 20793 7328 
20116 15538 20798 7331 
20123 15546 20804 7332 
20130 15551 20809 7334 
20134 15554 20815 7338 
20139 15559 20819 7341 
20140 15562 20825 7346 
20146 15564 20834 7348 
20149 15567 20839 7351 
20158 15574 20844 7354 
20160 15578 20847 7355 
20165 15583 20849 7356 
20168 15585 20855 7359 
20174 15590 20862 7360 
20184 15594 20871 7361 
20189 15600 20877 7362 
20196 15605 20885 7365 
20200 15611 20891 7368 
20205 15613 20894 7371 
20210 15616 20904 7373 
20215 15620 20909 7375 
20218 15624 20912 7375 
20220 15629 20920 7377 
20224 15636 20933 7384 
20230 15640 20939 7387 
20238 15647 20945 7391 
20248 15657 20952 7393 
20255 15663 20957 7394 
20263 15672 20961 7395 
20270 15674 20970 7396 
20278 15682 20976 7398 
20284 15690 20978 7400 
20292 15693 20984 7400 
20297 15701 20989 7401 
20302 15708 20998 7403 
20310 15716 21007 7406 
20319 15720 21011 7407 
20327 15724 21019 7407 
20337 15728 21025 7410 
20346 15732 21033 7412 
20351 15742 21041 7413 
20356 15746 21045 7414 
20366 15752 21050 7418 
20370 15756 21060 7420 
20375 15762 21064 7427 
20386 15763 21070 7430 
20390 15766 21076 7432 
20394 15769 21086 7436 
20400 15774 21094 7436 
20402 15779 21102 7441 
20410 15783 21107 7443 
20413 15786 21111 7446 
20416 15790 21113 7447 
20419 15795 21120 7450 
20426 15798 21126 7453 
20433 15804 21135 7456 
20438 15809 21146 7461 
20443 15813 21151 7463 
20452 15817 21158 7465 
20456 15826 21165 7466 
20463 15830 21170 7470 
20470 15833 21172 7474 
20480 15838 21175 7474 
20489 15839 21183 7475 
20493 15844 21191 7476 
20501 15846 21201 7478 
20504 15850 21213 7480 
20509 15852 21220 7483 
20515 15854 21229 7485 
20518 15860 21241 7485 
20522 15863 21249 7489 
20527 15866 21254 7490 
20535 15869 21258 7495 
20537 15874 21262 7498 
20541 15879 21267 7501 
20549 15885 21270 7504 
20557 15886 21274 7504 
20563 15890 21281 7506 
20567 15895 21286 7509 
20573 15897 21293 7511 
20583 15902 21301 7513 
20588 15907 21307 7515 
20595 15916 21311 7520 
20602 15919 21319 7525 
20608 15923 21327 7529 
20614 15931 21333 7533 
20619 15936 21340 7537 
20628 15943 21346 7540 
20632 15946 21353 7540 
20640 15950 21355 7541 
20645 15953 21362 7543 
20654 15958 21370 7545 
20668 15962 21379 7546 
20679 15968 21384 7547 
20685 15972 21391 7551 
20690 15978 21399 7552 
20695 15980 21405 7554 
20700 15982 21416 7557 
20705 15985 21424 7560 
20712 15991 21433 7561 
20717 15997 21437 7565 
20719 16005 21442 7572 
20729 16008 21447 7573 
20734 16015 21455 7576 
20739 16018 21463 7578 
20743 16023 21469 7579 
20749 16026 21474 7580 
20754 16029 21481 7584 
20756 16036 21486 7586 
20766 16044 21489 7590 
20771 16049 21493 7591 
20774 16054 21502 7593 
20777 16058 21511 7593 
20781 16064 21519 7595 
20786 16072 21529 7598 
20789 16079 21541 7599 
20793 16082 21546 7599 
20797 16085 21551 7602 
20803 16089 21560 7602 
20803 16092 21567 7604 
20809 16094 21578 7607 
20817 16099 21588 7609 
20823 16102 21593 7610 
20830 16106 21600 7615 
20836 16113 21608 7615 
20845 16114 21614 7616 
20849 16118 21619 7617 
20858 16124 21625 7618 
20864 16126 21636 7624 
20869 16132 21646 7627 
20879 16137 21655 7628 
20881 16142 21662 7629 
20891 16145 21665 7629 
20892 16150 21668 7632 
20903 16153 21674 7636 
20908 16157 21682 7637 
20916 16162 21690 7643 
20921 16166 21696 7646 
20923 16169 21701 7648 
20928 16173 21710 7650 
20931 16179 21717 7653 
20939 16180 21726 7655 
20943 16187 21731 7659 
20955 16190 21741 7660 
20957 16196 21746 7661 
20962 16204 21754 7663 
20971 16210 21759 7663 
20974 16213 21765 7666 
20980 16218 21773 7670 
20988 16224 21781 7672 
20994 16226 21786 7676 
20998 16230 21793 7676 
21000 16235 21801 7679 
21010 16240 21807 7682 
21017 16245 21819 7684 
21022 16254 21821 7689 
21025 16257 21833 7692 
21037 16260 21837 7693 
21045 16268 21846 7693 
21050 16273 21855 7698 
21057 16281 21865 7700 
21064 16283 21875 7705 
21066 16285 21880 7710 
21075 16289 21891 7711 
21081 16293 21901 7713 
21087 16299 21905 7717 
21097 16300 21916 7720 
21105 16303 21923 7723 
21110 16304 21926 7726 
21112 16306 21933 7728 
21118 16310 21936 7730 
21126 16318 21941 7731 
21131 16321 21947 7732 
21134 16323 21952 7737 
21140 16328 21955 7739 
21143 16333 21965 7740 
21153 16339 21970 7742 
21156 16345 21976 7745 
21161 16351 21979 7749 
21168 16357 21989 7752 
21171 16361 21993 7755 
21181 16372 21997 7757 
21194 16378 22008 7759 
21203 16384 22016 7762 
21207 16390 22024 7765 
21214 16392 22031 7768 
21218 16395 22038 7770 
21224 16401 22041 7771 
21232 16408 22047 7773 
21237 16409 22056 7776 
21245 16413 22061 7777 
21249 16417 22069 7780 
21260 16422 22076 7781 
21267 16426 22081 7783 
21270 16429 22086 7785 
21276 16436 22090 7786 
21280 16442 22095 7788 
21288 16449 22099 7790 
21297 16452 22106 7791 
21304 16455 22114 7793 
21309 16460 22122 7793 
21313 16463 22128 7794 
21317 16468 22133 7800 
21320 16472 22136 7802 
21326 16478 22142 7805 
21333 16480 22154 7808 
21338 16490 22158 7812 
21346 16496 22163 7816 
21354 16500 22166 7817 
21358 16506 22172 7821 
21368 16509 22184 7821 
21374 16512 22194 7823 
21381 16517 22198 7824 
21390 16521 22203 7828 
21396 16524 22212 7831 
21397 16530 22223 7838 
21405 16538 22229 7842 
21416 16543 22238 7842 
21422 16545 22243 7843 
21424 16548 22247 7843 
21431 16552 22252 7846 
21436 16554 22255 7846 
21444 16555 22260 7849 
21453 16560 22263 7850 
21456 16562 22266 7854 
21462 16567 22268 7856 
21468 16571 22270 7858 
21475 16578 22276 7860 
21485 16586 22284 7863 
21489 16591 22288 7866 
21490 16594 22293 7867 
21496 16601 22299 7867 
21503 16608 22306 7869 
21512 16610 22312 7871 
21521 16621 22317 7874 
21525 16628 22318 7877 
21531 16634 22324 7883 
21534 16638 22329 7884 
21539 16641 22334 7885 
21541 16647 22342 7886 
21546 16650 22349 7890 
21554 16654 22354 7891 
21560 16662 22361 7892 
21565 16672 22370 7895 
21574 16676 22376 7896 
21581 16678 22383 7897 
21586 16679 22390 7898 
21591 16687 22398 7899 
21595 16690 22408 7901 
21602 16694 22411 7904 
21609 16701 22416 7905 
21615 16706 22428 7908 
21619 16711 22435 7911 
21627 16714 22439 7915 
21632 16720 22442 7917 
21641 16727 22446 7921 
21646 16732 22452 7922 
21653 16735 22454 7926 
21658 16742 22458 7929 
21665 16750 22466 7932 
21673 16757 22473 7935 
21679 16763 22478 7938 
21684 16764 22482 7940 
21688 16768 22489 7942 
21693 16775 22493 7945 
21704 16778 22499 7948 
21711 16782 22506 7949 
21714 16788 22514 7950 
21721 16791 22519 7950 
21728 16794 22524 7954 
21733 16801 22529 7956 
21745 16810 22536 7957 
21751 16816 22543 7957 
21758 16823 22551 7960 
21766 16830 22553 7962 
21771 16835 22557 7965 
21776 16840 22568 7967 
21785 16844 22569 7972 
21795 16849 22577 7972 
21802 16854 22586 7974 
21814 16863 22592 7978 
21819 16866 22595 7979 
21827 16868 22599 7981 
21829 16869 22606 7985 
21837 16876 22614 7990 
21846 16880 22630 7991 
21851 16881 22640 7994 
21858 16883 22644 7994 
21864 16886 22649 7998 
21871 16891 22656 7999 
21879 16893 22668 8000 
21883 16898 22679 8000 
21888 16903 22687 8005 
21895 16905 22693 8006 
21901 16913 22701 8009 
21910 16919 22704 8011 
21916 16920 22709 8014 
21919 16925 22719 8014 
21924 16927 22730 8018 
21933 16929 22737 8023 
21936 16936 22741 8028 
21940 16939 22747 8032 
21950 16943 22755 8036 
21956 16951 22761 8039 
21962 16953 22766 8040 
21966 16961 22771 8041 
21973 16967 22778 8044 
21979 16975 22787 8048 
21984 16978 22792 8049 
21990 16986 22802 8053 
21996 16990 22807 8055 
21999 16996 22817 8060 
22005 17001 22822 8061 
22009 17004 22826 8063 
22015 17011 22832 8066 
22021 17019 22838 8067 
22028 17027 22851 8068 
22030 17031 22855 8070 
22037 17035 22862 8073 
22041 17039 22869 8076 
22047 17044 22875 8078 
22052 17046 22884 8082 
22059 17051 22888 8084 
22061 17054 22894 8087 
22066 17056 22899 8087 
22072 17059 22909 8090 
22077 17064 22916 8094 
22085 17068 22924 8096 
