0 0 0 0 
6 8 6 0 
9 11 9 0 
13 16 13 3 
13 17 19 4 
16 20 26 4 
19 21 32 4 
24 25 41 6 
34 34 47 9 
42 35 56 12 
47 39 59 15 
54 43 64 16 
57 44 65 16 
65 46 69 17 
72 50 75 18 
75 56 84 20 
80 59 93 22 
89 64 98 24 
92 67 103 27 
100 70 104 28 
105 76 108 31 
111 81 113 31 
122 82 120 31 
127 87 125 33 
129 89 131 35 
132 90 138 37 
137 93 140 38 
140 94 145 40 
148 95 153 43 
156 100 157 46 
165 102 159 49 
167 106 165 52 
171 111 170 53 
172 115 175 55 
174 117 179 57 
180 119 181 62 
187 124 186 64 
193 127 195 66 
201 131 205 67 
207 132 212 69 
212 135 217 71 
214 136 221 73 
217 145 225 74 
226 148 231 76 
238 150 234 76 
247 153 240 76 
252 159 246 79 
258 161 250 81 
269 169 256 82 
274 173 262 86 
281 175 267 88 
284 177 271 89 
289 180 276 90 
294 188 286 91 
299 190 294 94 
305 191 299 95 
310 195 304 96 
313 197 312 97 
317 202 318 97 
324 204 325 102 
329 210 328 103 
331 216 332 104 
339 221 335 105 
352 223 342 106 
357 229 345 108 
360 231 347 113 
362 235 349 113 
367 240 351 116 
369 242 352 118 
378 245 362 120 
383 248 370 122 
389 249 375 123 
395 251 380 126 
402 252 386 129 
406 258 390 133 
410 260 396 133 
420 267 400 134 
423 273 406 135 
433 278 409 137 
440 282 416 138 
445 284 422 140 
445 289 430 146 
447 294 437 149 
452 298 441 150 
453 301 448 153 
457 303 452 155 
463 310 461 157 
466 314 465 159 
472 319 471 161 
482 326 472 163 
492 330 478 163 
495 331 484 163 
503 336 489 166 
508 338 491 171 
520 346 495 175 
528 351 501 175 
538 352 506 175 
543 355 508 177 
553 358 512 179 
558 364 519 185 
567 368 524 185 
574 373 530 185 
575 376 538 190 
581 379 541 192 
587 381 544 193 
590 385 549 194 
600 391 555 196 
607 394 561 196 
615 398 565 197 
618 402 569 200 
621 405 573 201 
629 409 577 205 
637 411 580 207 
643 416 586 207 
649 421 588 208 
657 424 592 208 
665 428 597 209 
668 429 602 211 
671 434 605 214 
677 437 611 216 
683 442 616 218 
687 444 619 220 
691 448 623 225 
699 451 632 226 
708 454 636 230 
714 461 642 231 
717 463 646 233 
723 467 650 235 
730 469 655 237 
735 470 663 241 
741 471 666 243 
750 475 673 245 
755 478 681 248 
756 484 684 250 
761 490 687 253 
767 492 692 253 
774 494 698 254 
781 496 700 255 
785 499 708 257 
795 500 713 257 
798 505 716 258 
800 509 727 260 
807 511 728 261 
811 515 734 262 
815 522 739 264 
820 522 743 267 
826 528 750 268 
833 533 754 270 
838 539 756 271 
844 541 766 271 
846 547 772 271 
850 553 782 272 
854 558 784 272 
858 558 790 272 
866 565 796 272 
871 566 801 272 
877 567 808 274 
886 569 813 277 
891 570 820 277 
900 574 827 278 
904 576 831 281 
910 583 834 285 
917 583 840 286 
926 587 841 287 
930 593 843 289 
932 598 853 289 
939 599 863 290 
943 605 868 291 
951 610 871 296 
953 614 875 299 
956 617 879 300 
960 621 887 302 
967 628 889 303 
970 633 894 305 
973 633 896 307 
979 635 900 311 
984 636 903 313 
988 638 904 314 
999 640 908 315 
1004 644 910 316 
1009 651 917 320 
1014 654 926 322 
1018 655 929 323 
1025 663 929 325 
1035 669 931 328 
1038 675 937 329 
1045 677 938 332 
1050 680 943 335 
1055 685 949 337 
1063 691 955 341 
1068 693 962 342 
1075 695 971 342 
1083 700 974 343 
1088 702 982 343 
1090 705 985 347 
1099 710 989 348 
1104 715 995 351 
1109 720 1000 353 
1114 723 1001 354 
1120 730 1004 355 
1128 733 1007 355 
1134 740 1012 358 
1139 743 1016 361 
1146 747 1022 361 
1152 748 1027 364 
1158 753 1031 364 
1165 756 1035 366 
1171 759 1043 368 
1173 761 1052 369 
1175 763 1064 373 
1182 768 1071 378 
1186 772 1081 379 
1191 774 1083 382 
1197 779 1089 385 
1203 781 1094 386 
1211 783 1094 389 
1217 784 1097 394 
1224 786 1100 397 
1229 792 1108 398 
1235 794 1113 399 
1240 796 1117 401 
1248 799 1123 403 
1250 801 1126 404 
1255 802 1129 406 
1260 804 1135 407 
1270 808 1143 410 
1275 810 1148 415 
1281 811 1155 416 
1284 815 1163 418 
1289 822 1170 419 
1293 826 1176 420 
1296 828 1182 420 
1304 829 1188 424 
1310 830 1192 426 
1315 835 1194 429 
1322 838 1201 430 
1326 841 1202 435 
1331 845 1206 439 
1336 848 1214 441 
1345 856 1219 443 
1355 858 1220 444 
1365 861 1225 445 
1373 864 1230 448 
1379 867 1234 451 
1384 874 1237 453 
1392 878 1242 454 
1404 881 1247 458 
1406 887 1250 461 
1409 890 1255 464 
1414 898 1261 467 
1418 906 1266 467 
1427 910 1271 467 
1432 913 1278 469 
1439 914 1282 469 
1446 917 1287 471 
1451 920 1291 476 
1454 927 1293 478 
1460 929 1296 479 
1468 935 1305 481 
1469 940 1310 482 
1475 945 1317 485 
1478 948 1325 486 
1484 950 1335 486 
1493 956 1339 488 
1495 960 1342 490 
1499 961 1349 491 
1503 964 1356 494 
1508 967 1361 494 
1513 969 1367 494 
1517 972 1372 499 
1525 977 1376 503 
1532 980 1383 505 
1538 985 1392 507 
1544 988 1397 509 
1544 992 1401 511 
1551 996 1407 513 
1556 999 1412 515 
1561 1004 1419 516 
1565 1009 1426 519 
1569 1012 1438 520 
1577 1017 1443 524 
1584 1021 1444 525 
1591 1024 1446 526 
1595 1027 1451 528 
1602 1032 1456 529 
1611 1034 1461 532 
1618 1041 1467 533 
1624 1046 1476 535 
1628 1051 1483 536 
1633 1054 1487 536 
1635 1056 1489 538 
1640 1059 1498 538 
1646 1062 1506 539 
1656 1068 1508 541 
1664 1074 1515 543 
1667 1079 1518 545 
1671 1087 1521 547 
1676 1089 1529 548 
1680 1094 1532 550 
1686 1099 1543 550 
1697 1100 1552 551 
1704 1102 1557 553 
1709 1107 1560 556 
1712 1111 1566 562 
1715 1113 1572 564 
1721 1116 1577 570 
1725 1122 1582 571 
1731 1126 1586 573 
1735 1130 1593 573 
1743 1135 1596 576 
1751 1137 1605 576 
1751 1138 1609 576 
1763 1141 1610 577 
1772 1142 1615 579 
1776 1147 1619 583 
1778 1150 1622 585 
1786 1152 1624 587 
1793 1157 1629 588 
1797 1158 1634 592 
1802 1162 1640 594 
1807 1167 1645 598 
1815 1170 1651 598 
1824 1174 1659 600 
1826 1175 1662 600 
1832 1180 1669 602 
1837 1183 1677 604 
1844 1186 1682 605 
1847 1191 1685 606 
1851 1195 1690 607 
1855 1196 1697 608 
1860 1200 1701 610 
1868 1204 1709 612 
1873 1208 1715 614 
1877 1212 1719 618 
1881 1214 1720 618 
1886 1215 1723 621 
1890 1218 1725 626 
1898 1221 1731 629 
1904 1223 1733 631 
1910 1226 1735 633 
1916 1230 1739 634 
1921 1238 1747 635 
1926 1240 1755 637 
1932 1241 1757 640 
1939 1245 1765 642 
1945 1249 1769 644 
1950 1252 1772 646 
1955 1254 1776 649 
1961 1260 1781 650 
1969 1268 1788 653 
1975 1271 1795 657 
1981 1272 1799 657 
1986 1276 1802 658 
1993 1276 1805 661 
1998 1282 1811 664 
1999 1286 1816 668 
2003 1290 1818 669 
2007 1293 1820 671 
2012 1296 1828 675 
2021 1298 1833 677 
2022 1302 1837 679 
2033 1307 1842 681 
2038 1311 1847 684 
2042 1312 1850 685 
2050 1316 1857 686 
2053 1318 1861 688 
2056 1321 1863 692 
2062 1326 1874 692 
2066 1330 1880 693 
2069 1336 1887 693 
2083 1339 1889 696 
2092 1345 1895 696 
2094 1350 1900 698 
2102 1359 1905 701 
2110 1362 1910 702 
2117 1365 1917 702 
2123 1368 1921 704 
2127 1371 1925 708 
2138 1372 1929 712 
2144 1375 1931 714 
2149 1380 1934 717 
2152 1382 1939 717 
2156 1384 1941 718 
2169 1386 1947 718 
2172 1388 1953 721 
2175 1394 1958 722 
2177 1399 1961 724 
2181 1401 1967 727 
2190 1405 1976 729 
2195 1409 1983 732 
2201 1409 1987 733 
2206 1412 1992 735 
2212 1413 1995 739 
2215 1420 2004 740 
2221 1425 2008 740 
2226 1426 2013 740 
2232 1435 2016 742 
2237 1437 2021 742 
2248 1447 2026 744 
2256 1449 2028 747 
2260 1453 2030 749 
2265 1456 2033 752 
2271 1463 2042 754 
2278 1470 2049 757 
2280 1474 2055 758 
2286 1478 2058 758 
2289 1479 2064 761 
2295 1484 2067 761 
2298 1488 2075 764 
2301 1490 2081 768 
2307 1494 2089 770 
2311 1501 2092 772 
2317 1504 2096 773 
2321 1505 2100 775 
2330 1508 2108 775 
2332 1512 2115 775 
2339 1514 2122 776 
2343 1516 2127 778 
2347 1521 2134 779 
2349 1525 2141 782 
2352 1530 2144 787 
2356 1533 2150 789 
2363 1537 2155 791 
2367 1540 2160 791 
2370 1544 2165 794 
2378 1547 2169 796 
2383 1549 2171 799 
2394 1556 2177 803 
2400 1560 2185 805 
2400 1564 2187 805 
2402 1568 2192 805 
2408 1569 2201 808 
2415 1573 2207 812 
2419 1575 2213 813 
2425 1580 2223 814 
2427 1587 2231 814 
2432 1594 2233 815 
2437 1597 2234 816 
2442 1600 2241 817 
2450 1601 2244 824 
2454 1605 2251 825 
2456 1607 2253 826 
2462 1609 2259 830 
2469 1611 2264 832 
2475 1614 2274 834 
2480 1620 2280 838 
2484 1622 2286 838 
2487 1624 2296 840 
2495 1628 2304 843 
2499 1633 2309 845 
2504 1633 2315 846 
2508 1638 2320 846 
2511 1643 2324 848 
2519 1646 2330 849 
2529 1648 2334 853 
2531 1652 2337 858 
2532 1656 2343 860 
2539 1659 2348 861 
2541 1663 2353 863 
2544 1668 2355 864 
2548 1675 2356 868 
2555 1680 2362 868 
2563 1682 2367 869 
2567 1686 2375 870 
2567 1689 2381 870 
2571 1695 2386 871 
2574 1699 2392 873 
2578 1702 2397 876 
2586 1707 2401 879 
2595 1710 2405 880 
2598 1716 2409 884 
2602 1717 2414 886 
2606 1718 2420 886 
2610 1722 2425 888 
2614 1726 2427 888 
2625 1730 2431 892 
2634 1734 2432 893 
2640 1738 2438 894 
2641 1741 2445 895 
2644 1744 2452 896 
2650 1752 2458 898 
2656 1755 2464 900 
2663 1757 2474 902 
2670 1759 2479 904 
2673 1766 2482 905 
2676 1772 2486 907 
2682 1776 2493 910 
2690 1778 2503 913 
2694 1780 2511 913 
2704 1784 2518 914 
2708 1793 2518 915 
2715 1795 2524 917 
2721 1801 2527 917 
2724 1804 2530 917 
2728 1805 2533 917 
2731 1809 2536 920 
2735 1812 2544 922 
2742 1815 2547 923 
2748 1820 2550 923 
2754 1824 2557 924 
2759 1829 2563 924 
2764 1832 2567 925 
2769 1838 2572 926 
2776 1843 2578 927 
2780 1846 2584 929 
2784 1850 2588 933 
2786 1855 2590 934 
2793 1860 2598 936 
2802 1864 2614 938 
2807 1871 2620 938 
2812 1871 2628 940 
2820 1875 2631 941 
2826 1878 2635 943 
2835 1879 2644 946 
2839 1882 2647 948 
2847 1886 2651 953 
2856 1888 2654 954 
2862 1892 2661 957 
2867 1895 2666 960 
2869 1899 2670 963 
2874 1905 2674 963 
2879 1908 2675 965 
2882 1912 2681 966 
2887 1918 2686 968 
2892 1925 2689 969 
2900 1930 2694 972 
2906 1936 2699 972 
2910 1939 2706 975 
2918 1944 2709 977 
2924 1947 2718 978 
2928 1953 2722 981 
2932 1959 2729 983 
2935 1963 2737 983 
2940 1967 2744 984 
2949 1971 2749 986 
2955 1974 2756 988 
2962 1976 2761 988 
2967 1981 2765 990 
2972 1982 2768 990 
2979 1985 2775 995 
2980 1988 2780 997 
2986 1992 2784 1001 
2993 1995 2790 1002 
2996 1998 2794 1004 
3003 1999 2798 1006 
3007 2001 2804 1008 
3012 2005 2811 1009 
3019 2008 2815 1011 
3023 2011 2820 1014 
3026 2014 2827 1015 
3029 2018 2834 1016 
3035 2020 2841 1020 
3038 2026 2846 1021 
3042 2029 2850 1021 
3047 2033 2855 1023 
3051 2037 2863 1025 
3055 2040 2871 1028 
3064 2043 2880 1030 
3067 2051 2884 1033 
3072 2052 2888 1033 
3079 2058 2893 1037 
3086 2063 2904 1039 
3088 2067 2908 1041 
3089 2071 2911 1044 
3094 2073 2915 1046 
3101 2074 2918 1048 
3110 2078 2927 1052 
3117 2083 2930 1053 
3120 2088 2933 1056 
3124 2093 2938 1061 
3130 2096 2945 1066 
3137 2100 2951 1067 
3143 2106 2956 1068 
3147 2109 2961 1070 
3152 2115 2966 1070 
3160 2117 2968 1070 
3162 2123 2972 1073 
3168 2129 2975 1075 
3172 2131 2984 1075 
3178 2133 2990 1077 
3184 2136 3000 1080 
3187 2144 3008 1083 
3191 2148 3012 1083 
3198 2155 3015 1084 
3206 2156 3025 1085 
3213 2159 3030 1087 
3216 2159 3036 1090 
3221 2166 3038 1091 
3230 2169 3043 1094 
3236 2175 3048 1094 
3239 2179 3051 1095 
3244 2183 3055 1098 
3251 2187 3062 1098 
3259 2192 3065 1098 
3261 2196 3067 1099 
3269 2199 3075 1099 
3275 2202 3081 1102 
3284 2208 3087 1103 
3288 2211 3093 1106 
3293 2216 3096 1109 
3296 2219 3106 1113 
3302 2225 3111 1114 
3306 2229 3116 1114 
3311 2234 3121 1116 
3317 2240 3125 1118 
3326 2243 3132 1118 
3331 2247 3136 1121 
3332 2251 3137 1124 
3341 2256 3142 1125 
3349 2261 3144 1128 
3356 2265 3148 1129 
3360 2268 3154 1131 
3361 2270 3156 1131 
3366 2273 3161 1134 
3368 2277 3167 1136 
3373 2279 3172 1139 
3380 2281 3181 1142 
3382 2285 3189 1145 
3387 2287 3193 1148 
3391 2290 3197 1149 
3397 2296 3201 1150 
3404 2300 3203 1152 
3409 2314 3206 1153 
3417 2320 3212 1154 
3419 2323 3216 1156 
3424 2331 3220 1159 
3429 2336 3223 1163 
3434 2338 3226 1165 
3443 2344 3231 1165 
3448 2345 3237 1165 
3452 2352 3242 1166 
3456 2356 3245 1172 
3462 2358 3250 1173 
3463 2359 3256 1173 
3470 2366 3261 1174 
3476 2372 3272 1177 
3481 2375 3278 1177 
3491 2379 3285 1177 
3493 2383 3289 1180 
3493 2385 3293 1183 
3499 2387 3299 1185 
3504 2391 3302 1188 
3506 2397 3311 1189 
3515 2400 3317 1191 
3519 2404 3319 1194 
3524 2410 3326 1194 
3530 2416 3333 1196 
3535 2419 3336 1200 
3536 2422 3339 1201 
3543 2425 3344 1203 
3547 2429 3349 1204 
3553 2436 3353 1206 
3555 2442 3356 1207 
3561 2443 3361 1210 
3567 2449 3370 1210 
3574 2452 3376 1211 
3577 2454 3379 1213 
3583 2455 3384 1213 
3588 2457 3389 1220 
3595 2461 3392 1222 
3600 2466 3396 1223 
3602 2471 3402 1224 
3610 2480 3410 1228 
3613 2485 3415 1230 
3617 2489 3422 1231 
3622 2494 3424 1232 
3626 2498 3428 1235 
3630 2502 3432 1236 
3634 2503 3434 1238 
3644 2509 3445 1240 
3650 2511 3449 1242 
3654 2522 3454 1247 
3661 2525 3461 1249 
3663 2530 3464 1249 
3667 2534 3468 1252 
3672 2539 3471 1253 
3678 2541 3473 1257 
3682 2548 3479 1258 
3691 2553 3484 1258 
3695 2559 3489 1263 
3701 2566 3494 1266 
3706 2571 3501 1267 
3709 2575 3508 1270 
3712 2580 3510 1273 
3718 2587 3515 1273 
3722 2591 3520 1275 
3724 2595 3523 1278 
3727 2602 3529 1280 
3730 2606 3534 1283 
3733 2607 3537 1284 
3744 2611 3541 1285 
3750 2617 3546 1287 
3755 2628 3551 1287 
3761 2628 3557 1288 
3764 2632 3561 1289 
3771 2635 3564 1294 
3774 2637 3569 1299 
3778 2642 3577 1300 
3782 2644 3582 1302 
3784 2650 3588 1303 
3789 2654 3591 1305 
3795 2656 3599 1307 
3803 2661 3602 1309 
3809 2665 3609 1312 
3816 2666 3612 1315 
3818 2672 3616 1319 
3820 2678 3619 1321 
3826 2683 3621 1324 
3830 2689 3628 1329 
3838 2691 3632 1329 
3843 2694 3643 1331 
3848 2696 3648 1335 
3850 2700 3658 1336 
3857 2702 3660 1337 
3867 2703 3669 1339 
3868 2707 3671 1342 
3879 2709 3681 1342 
3884 2713 3691 1342 
3889 2717 3696 1344 
3890 2720 3701 1347 
3891 2725 3703 1348 
3895 2728 3707 1352 
3901 2731 3712 1356 
3906 2734 3719 1357 
3913 2736 3722 1358 
3922 2740 3727 1361 
3927 2742 3734 1365 
3933 2746 3735 1366 
3941 2748 3739 1366 
3946 2754 3744 1366 
3952 2759 3749 1367 
3957 2763 3756 1371 
3962 2765 3757 1375 
3969 2768 3762 1377 
3972 2774 3768 1377 
3977 2776 3773 1382 
3981 2778 3778 1384 
3983 2781 3782 1385 
3992 2782 3789 1387 
3998 2791 3791 1391 
4007 2796 3795 1392 
4010 2800 3798 1397 
4011 2805 3806 1399 
4013 2808 3814 1399 
4020 2811 3819 1401 
4028 2817 3825 1404 
4030 2821 3832 1406 
4035 2826 3840 1409 
4040 2828 3844 1410 
4045 2831 3851 1413 
4057 2836 3856 1413 
4061 2840 3862 1415 
4066 2847 3870 1417 
4074 2852 3875 1421 
4079 2855 3886 1422 
4082 2857 3892 1423 
4089 2860 3894 1424 
4094 2862 3898 1427 
4098 2868 3901 1428 
4103 2872 3905 1432 
4108 2876 3907 1433 
4113 2880 3912 1434 
4115 2882 3920 1437 
4122 2886 3929 1438 
4127 2893 3929 1440 
4132 2896 3931 1442 
4138 2899 3936 1443 
4143 2900 3939 1447 
4153 2901 3944 1448 
4159 2907 3952 1452 
4166 2912 3962 1454 
4175 2916 3971 1456 
4177 2920 3974 1456 
4186 2924 3982 1459 
4196 2925 3987 1461 
4203 2931 3991 1465 
4208 2936 3999 1465 
4211 2941 4002 1467 
4217 2944 4007 1467 
4225 2949 4014 1468 
4229 2954 4017 1469 
4240 2959 4023 1473 
4249 2967 4028 1473 
4253 2971 4034 1474 
4258 2977 4037 1475 
4267 2980 4041 1477 
4276 2984 4047 1477 
4282 2986 4050 1480 
4289 2991 4057 1482 
4293 2995 4060 1485 
4297 2996 4065 1487 
4302 3002 4072 1488 
4308 3004 4075 1491 
4314 3005 4078 1495 
4317 3007 4083 1495 
4321 3015 4088 1499 
4325 3022 4092 1502 
4332 3024 4097 1506 
4335 3026 4103 1508 
4337 3027 4103 1511 
4342 3033 4106 1515 
4343 3035 4115 1517 
4347 3041 4125 1517 
4352 3046 4134 1521 
4356 3048 4138 1521 
4360 3050 4141 1521 
4365 3054 4143 1525 
4369 3059 4145 1525 
4372 3066 4153 1525 
4375 3071 4160 1527 
4377 3075 4165 1528 
4383 3078 4169 1529 
4387 3083 4172 1531 
4394 3088 4179 1532 
4398 3089 4184 1534 
4405 3091 4189 1535 
4413 3092 4196 1538 
4415 3096 4200 1540 
4419 3101 4210 1543 
4424 3105 4213 1543 
4430 3108 4220 1547 
4437 3115 4225 1549 
4446 3117 4230 1551 
4449 3119 4235 1552 
4452 3123 4240 1552 
4459 3128 4246 1555 
4464 3131 4248 1557 
4470 3134 4254 1557 
4475 3136 4259 1558 
4482 3141 4269 1558 
4487 3143 4275 1560 
4491 3149 4277 1560 
4497 3151 4287 1562 
4501 3156 4291 1563 
4504 3159 4300 1566 
4506 3163 4307 1568 
4512 3167 4309 1568 
4522 3168 4312 1570 
4528 3176 4319 1570 
4537 3184 4325 1574 
4542 3189 4333 1576 
4549 3194 4341 1577 
4555 3195 4346 1577 
4558 3201 4352 1580 
4564 3210 4356 1581 
4568 3216 4361 1582 
4577 3220 4365 1584 
4582 3222 4368 1586 
4585 3227 4373 1586 
4590 3231 4376 1586 
4595 3234 4380 1588 
4601 3236 4389 1591 
4607 3241 4399 1591 
4613 3246 4401 1591 
4620 3252 4410 1596 
4623 3254 4414 1596 
4625 3256 4419 1599 
4629 3259 4430 1599 
4637 3262 4435 1602 
4643 3270 4439 1603 
4652 3276 4447 1610 
4656 3279 4452 1614 
4661 3279 4457 1617 
4665 3283 4462 1621 
4671 3285 4464 1625 
4678 3288 4466 1626 
4683 3292 4477 1628 
4691 3295 4483 1628 
4697 3300 4487 1632 
4701 3305 4492 1634 
4706 3308 4497 1638 
4709 3310 4501 1641 
4720 3313 4507 1642 
4726 3318 4512 1644 
4732 3320 4516 1644 
4738 3323 4518 1645 
4741 3326 4524 1649 
4745 3328 4531 1651 
4754 3334 4541 1654 
4761 3338 4553 1656 
4765 3342 4554 1658 
4771 3345 4560 1660 
4778 3350 4565 1661 
4779 3353 4569 1664 
4785 3360 4581 1664 
4791 3363 4587 1666 
4798 3364 4592 1666 
4806 3367 4594 1667 
4812 3368 4599 1668 
4816 3377 4607 1670 
4825 3381 4613 1672 
4831 3384 4619 1674 
4833 3388 4625 1675 
4843 3391 4630 1675 
4851 3398 4639 1675 
4857 3403 4643 1678 
4858 3407 4647 1681 
4860 3411 4649 1683 
4867 3414 4652 1684 
4874 3417 4657 1688 
4879 3422 4665 1689 
4885 3428 4668 1691 
4890 3431 4674 1696 
4895 3436 4681 1697 
4901 3439 4684 1699 
4907 3442 4691 1700 
4912 3448 4696 1701 
4917 3456 4702 1702 
4923 3462 4708 1703 
4927 3467 4714 1708 
4934 3470 4718 1710 
4937 3470 4728 1711 
4942 3472 4736 1713 
4948 3475 4742 1714 
4950 3478 4748 1714 
4954 3484 4757 1714 
4963 3486 4767 1719 
4966 3491 4776 1722 
4970 3493 4783 1724 
4977 3494 4788 1724 
4981 3499 4794 1724 
4984 3504 4801 1724 
4989 3509 4809 1725 
4993 3510 4810 1727 
4994 3511 4817 1727 
4999 3518 4822 1729 
5006 3520 4828 1731 
5013 3528 4833 1731 
5019 3531 4838 1731 
5022 3536 4841 1732 
5033 3542 4843 1733 
5043 3546 4853 1736 
5045 3549 4861 1736 
5053 3554 4865 1737 
5059 3560 4871 1741 
5062 3565 4876 1745 
5067 3568 4882 1749 
5076 3577 4893 1749 
5084 3583 4899 1750 
5087 3586 4905 1752 
5092 3589 4911 1754 
5098 3594 4916 1754 
5105 3597 4922 1755 
5109 3600 4926 1757 
5114 3604 4931 1760 
5121 3608 4943 1761 
5128 3611 4950 1763 
5135 3616 4955 1765 
5139 3619 4959 1766 
5148 3621 4966 1767 
5154 3622 4973 1770 
5158 3627 4975 1771 
5163 3631 4979 1773 
5165 3637 4986 1774 
5172 3640 4988 1777 
5178 3643 4993 1777 
5185 3644 4997 1778 
5189 3648 5003 1781 
5193 3651 5012 1783 
5199 3657 5021 1785 
5202 3663 5027 1788 
5209 3668 5033 1789 
5214 3670 5042 1791 
5217 3677 5046 1792 
5226 3682 5056 1796 
5235 3689 5063 1796 
5237 3693 5070 1798 
5239 3696 5072 1800 
5246 3698 5073 1800 
5254 3700 5075 1800 
5260 3704 5078 1800 
5263 3710 5085 1800 
5267 3713 5089 1803 
5275 3716 5098 1804 
5278 3717 5106 1806 
5284 3723 5109 1807 
5287 3731 5119 1809 
5288 3737 5130 1810 
5292 3737 5134 1813 
5298 3745 5144 1815 
5306 3748 5150 1818 
5309 3754 5156 1819 
5314 3756 5163 1822 
5324 3763 5170 1825 
5328 3766 5177 1828 
5335 3769 5180 1830 
5339 3774 5192 1832 
5345 3779 5195 1837 
5351 3782 5204 1839 
5358 3787 5207 1843 
5367 3790 5212 1843 
5371 3796 5214 1845 
5377 3798 5218 1846 
5383 3802 5221 1850 
5388 3807 5226 1852 
5391 3811 5230 1857 
5395 3818 5235 1864 
5399 3822 5238 1868 
5400 3830 5245 1868 
5406 3836 5249 1869 
5410 3840 5257 1872 
5416 3842 5263 1873 
5417 3849 5275 1876 
5421 3857 5285 1880 
5423 3863 5291 1880 
5431 3868 5293 1884 
5437 3869 5299 1884 
5440 3871 5306 1884 
5446 3875 5312 1884 
5452 3878 5317 1885 
5458 3878 5321 1886 
5463 3881 5325 1888 
5466 3881 5327 1888 
5476 3882 5332 1889 
5478 3886 5336 1890 
5480 3890 5342 1891 
5486 3896 5349 1891 
5491 3897 5352 1891 
5499 3902 5357 1894 
5505 3902 5364 1895 
5508 3905 5365 1896 
5512 3909 5375 1897 
5520 3914 5383 1900 
5528 3917 5384 1902 
5534 3917 5390 1906 
5536 3919 5398 1907 
5541 3926 5405 1908 
5548 3933 5411 1908 
5554 3936 5418 1910 
5563 3940 5421 1911 
5569 3946 5424 1912 
5576 3951 5432 1916 
5580 3959 5441 1918 
5588 3964 5446 1919 
5591 3970 5450 1919 
5600 3975 5453 1921 
5607 3981 5456 1923 
5615 3985 5464 1926 
5621 3987 5467 1928 
5624 3987 5470 1928 
5629 3992 5475 1929 
5637 3994 5478 1930 
5641 3999 5481 1934 
5646 4002 5489 1934 
5650 4004 5493 1935 
5658 4004 5498 1936 
5662 4006 5502 1937 
5664 4011 5510 1941 
5667 4020 5514 1943 
5671 4021 5521 1944 
5675 4022 5524 1946 
5685 4027 5530 1946 
5688 4036 5535 1946 
5693 4044 5543 1948 
5700 4047 5551 1949 
5706 4055 5556 1951 
5708 4062 5558 1953 
5713 4067 5568 1956 
5719 4073 5570 1960 
5728 4076 5571 1962 
5733 4078 5577 1964 
5742 4083 5586 1965 
5749 4086 5594 1965 
5757 4089 5597 1966 
5763 4095 5603 1966 
5768 4099 5608 1967 
5772 4102 5614 1969 
5779 4109 5619 1970 
5787 4112 5623 1970 
5792 4116 5630 1971 
5799 4119 5636 1972 
5803 4120 5642 1975 
5811 4123 5645 1977 
5817 4127 5652 1979 
5823 4128 5654 1980 
5830 4129 5660 1984 
5833 4132 5665 1985 
5834 4133 5668 1987 
5839 4137 5676 1990 
5851 4141 5682 1991 
5859 4149 5688 1992 
5868 4152 5690 1994 
5872 4158 5694 1998 
5876 4159 5702 1999 
5878 4165 5708 2002 
5885 4168 5716 2003 
5888 4173 5720 2004 
5891 4174 5728 2006 
5896 4177 5731 2011 
5903 4183 5736 2013 
5910 4187 5745 2013 
5914 4191 5752 2017 
5921 4197 5757 2018 
5924 4200 5758 2019 
5928 4204 5764 2022 
5935 4205 5771 2026 
5940 4207 5778 2027 
5945 4213 5781 2029 
5949 4218 5788 2032 
5953 4221 5795 2035 
5958 4222 5799 2039 
5966 4227 5805 2039 
5970 4229 5812 2041 
5980 4233 5813 2044 
5990 4235 5821 2045 
5996 4238 5826 2046 
6003 4240 5832 2046 
6006 4243 5837 2047 
6017 4248 5846 2048 
6022 4252 5852 2050 
6028 4257 5854 2052 
6038 4264 5857 2055 
6041 4265 5861 2056 
6044 4269 5867 2057 
6049 4270 5871 2058 
6058 4278 5876 2061 
6065 4284 5883 2065 
6070 4289 5893 2070 
6077 4290 5905 2072 
6082 4293 5910 2076 
6085 4295 5919 2079 
6089 4300 5922 2080 
6097 4307 5927 2082 
6104 4313 5932 2085 
6108 4323 5939 2087 
6109 4327 5945 2088 
6122 4329 5951 2089 
6127 4335 5957 2091 
6134 4338 5965 2092 
6143 4341 5967 2095 
6147 4346 5972 2096 
6153 4347 5975 2098 
6161 4353 5981 2101 
6164 4357 5989 2104 
6172 4360 5993 2106 
6179 4363 5999 2109 
6184 4368 6006 2112 
6188 4370 6008 2114 
6194 4373 6012 2116 
6200 4377 6019 2119 
6207 4377 6027 2119 
6212 4380 6028 2120 
6217 4384 6030 2121 
6222 4388 6035 2123 
6229 4393 6042 2125 
6230 4396 6049 2127 
6237 4396 6057 2128 
6241 4397 6064 2128 
6248 4402 6068 2129 
6257 4408 6073 2131 
6266 4413 6077 2135 
6270 4418 6083 2140 
6275 4422 6086 2140 
6276 4424 6091 2141 
6279 4426 6097 2144 
6282 4428 6105 2145 
6285 4433 6111 2147 
6290 4436 6115 2149 
6292 4442 6118 2149 
6303 4449 6124 2149 
6306 4451 6126 2149 
6308 4457 6134 2150 
6319 4462 6138 2150 
6326 4463 6140 2152 
6333 4466 6145 2154 
6339 4468 6148 2156 
6346 4472 6157 2158 
6350 4479 6162 2159 
6355 4485 6170 2159 
6359 4485 6179 2160 
6361 4487 6187 2161 
6369 4491 6192 2163 
6375 4492 6197 2165 
6381 4495 6200 2166 
6389 4500 6207 2169 
6392 4502 6212 2171 
6401 4508 6219 2174 
6409 4514 6221 2175 
6416 4520 6226 2178 
6421 4524 6236 2180 
6426 4526 6238 2180 
6430 4530 6245 2181 
6440 4538 6250 2181 
6448 4541 6255 2183 
6451 4545 6262 2185 
6458 4552 6270 2185 
6465 4558 6277 2188 
6470 4560 6280 2188 
6479 4565 6288 2189 
6481 4570 6292 2191 
6482 4570 6293 2192 
6488 4574 6298 2195 
6496 4576 6305 2197 
6501 4584 6312 2197 
6507 4587 6321 2199 
6512 4593 6329 2201 
6517 4599 6334 2202 
6521 4605 6337 2204 
6524 4608 6341 2205 
6531 4613 6344 2211 
6539 4618 6348 2213 
6540 4625 6354 2214 
6548 4627 6356 2214 
6551 4633 6364 2214 
6555 4640 6373 2215 
6561 4646 6381 2216 
6567 4650 6387 2219 
6572 4652 6397 2219 
6577 4655 6405 2219 
6583 4659 6411 2221 
6586 4664 6419 2223 
6590 4667 6423 2223 
6595 4672 6433 2226 
6599 4675 6440 2228 
6605 4680 6446 2231 
6608 4687 6448 2234 
6611 4689 6452 2235 
6618 4700 6454 2239 
6624 4705 6463 2242 
6629 4707 6468 2247 
6639 4711 6468 2249 
6643 4713 6477 2251 
6645 4721 6490 2252 
6653 4723 6497 2253 
6656 4725 6507 2254 
6662 4726 6520 2256 
6668 4728 6523 2256 
6673 4732 6530 2258 
6675 4734 6539 2259 
6681 4742 6546 2260 
6686 4745 6552 2263 
6693 4748 6559 2265 
6698 4752 6564 2266 
6703 4756 6571 2266 
6713 4762 6577 2268 
6717 4763 6579 2272 
6720 4766 6586 2274 
6727 4769 6596 2275 
6734 4771 6605 2278 
6739 4775 6612 2279 
6748 4782 6617 2280 
6757 4786 6624 2284 
6761 4791 6630 2284 
6768 4796 6638 2286 
6774 4802 6642 2288 
6779 4807 6651 2290 
6785 4814 6654 2291 
6791 4824 6661 2293 
6793 4827 6663 2299 
6796 4829 6669 2300 
6800 4831 6674 2301 
6808 4838 6680 2303 
6811 4847 6686 2305 
6817 4851 6693 2307 
6819 4856 6700 2307 
6822 4858 6706 2309 
6824 4864 6712 2312 
6830 4867 6716 2312 
6835 4875 6718 2314 
6836 4883 6726 2314 
6841 4890 6732 2315 
6844 4895 6737 2322 
6846 4898 6746 2322 
6855 4902 6755 2324 
6859 4906 6758 2326 
6862 4912 6769 2327 
6870 4912 6775 2328 
6872 4918 6780 2329 
6876 4926 6786 2330 
6883 4934 6789 2330 
6883 4935 6794 2334 
6887 4939 6799 2334 
6892 4947 6803 2335 
6894 4954 6807 2335 
6897 4958 6812 2335 
6903 4964 6818 2336 
6911 4971 6820 2338 
6918 4972 6827 2341 
6923 4977 6828 2344 
6924 4979 6833 2344 
6930 4983 6840 2349 
6937 4986 6845 2352 
6941 4993 6847 2352 
6948 4996 6852 2356 
6953 4999 6859 2358 
6958 5004 6864 2362 
6962 5006 6871 2362 
6972 5009 6874 2364 
6978 5012 6882 2365 
6987 5015 6888 2369 
6995 5019 6894 2370 
7005 5022 6898 2371 
7011 5028 6903 2371 
7019 5034 6913 2373 
7026 5039 6916 2376 
7031 5039 6920 2378 
7038 5045 6926 2379 
7043 5047 6932 2382 
7051 5050 6937 2382 
7057 5052 6942 2382 
7062 5058 6954 2382 
7065 5062 6963 2384 
7072 5063 6967 2387 
7079 5065 6973 2394 
7086 5067 6978 2397 
7089 5069 6983 2397 
7092 5069 6990 2399 
7097 5072 6996 2403 
7104 5073 6999 2406 
7112 5077 7004 2407 
7120 5083 7010 2409 
7122 5087 7017 2412 
7128 5092 7023 2414 
7135 5097 7028 2419 
7141 5101 7033 2421 
7146 5102 7040 2425 
7149 5106 7045 2427 
7157 5108 7050 2430 
7162 5114 7057 2430 
7166 5115 7059 2431 
7173 5119 7064 2431 
7179 5125 7070 2434 
7184 5131 7076 2437 
7188 5135 7080 2439 
7193 5143 7089 2442 
7199 5145 7095 2445 
7203 5147 7099 2446 
7207 5154 7101 2449 
7214 5160 7107 2451 
7220 5163 7114 2454 
7223 5164 7117 2457 
7227 5166 7123 2461 
7230 5172 7126 2462 
7237 5174 7133 2462 
7241 5178 7139 2463 
7249 5184 7148 2464 
7253 5189 7152 2464 
7256 5196 7160 2466 
7261 5197 7165 2466 
7267 5204 7172 2467 
7271 5209 7178 2468 
7276 5214 7184 2469 
7284 5216 7194 2469 
7292 5222 7199 2469 
7301 5229 7204 2472 
7306 5231 7206 2474 
7311 5235 7214 2476 
7315 5240 7216 2479 
7320 5243 7223 2479 
7325 5245 7226 2480 
7329 5250 7230 2483 
7336 5255 7238 2483 
7341 5257 7242 2484 
7346 5265 7253 2486 
7348 5271 7256 2487 
7355 5277 7264 2488 
7362 5280 7266 2490 
7371 5285 7269 2491 
7376 5289 7274 2492 
7382 5292 7281 2492 
7391 5298 7290 2495 
7396 5302 7296 2497 
7400 5305 7297 2498 
7405 5312 7303 2498 
7406 5317 7307 2498 
7411 5319 7310 2502 
7416 5323 7315 2505 
7420 5327 7318 2506 
7428 5329 7324 2508 
7430 5331 7330 2511 
7434 5332 7335 2513 
7439 5337 7341 2515 
7444 5341 7352 2517 
7451 5344 7356 2518 
7454 5348 7361 2521 
7459 5354 7365 2522 
7468 5357 7370 2523 
7475 5360 7377 2523 
7484 5361 7382 2525 
7486 5365 7384 2526 
7491 5366 7390 2532 
7497 5376 7391 2534 
7499 5378 7396 2538 
7507 5381 7403 2540 
7515 5386 7418 2542 
7520 5391 7421 2545 
7524 5395 7425 2548 
7526 5405 7430 2550 
7531 5408 7431 2554 
7537 5415 7433 2555 
7541 5416 7438 2557 
7544 5419 7444 2560 
7549 5422 7445 2563 
7557 5425 7452 2565 
7563 5430 7462 2567 
7574 5435 7468 2568 
7579 5440 7472 2571 
7581 5444 7475 2571 
7587 5450 7478 2572 
7592 5457 7485 2574 
7600 5464 7489 2577 
7607 5472 7491 2579 
7615 5475 7500 2583 
7620 5477 7503 2584 
7623 5481 7509 2585 
7628 5485 7512 2590 
7632 5485 7519 2593 
7637 5489 7523 2594 
7643 5492 7531 2596 
7647 5498 7535 2597 
7654 5500 7540 2598 
7661 5504 7543 2600 
7665 5511 7552 2602 
7673 5512 7554 2604 
7676 5517 7563 2605 
7679 5522 7569 2608 
7683 5525 7571 2609 
7690 5527 7575 2610 
7695 5527 7581 2610 
7699 5534 7585 2613 
7707 5537 7587 2616 
7714 5540 7592 2617 
7718 5543 7599 2618 
7725 5544 7601 2620 
7731 5546 7608 2622 
7738 5548 7616 2622 
7744 5552 7620 2623 
7747 5555 7623 2626 
7753 5557 7628 2631 
7763 5562 7629 2633 
7765 5565 7636 2635 
7768 5569 7643 2636 
7775 5571 7649 2640 
7782 5575 7656 2642 
7787 5580 7661 2643 
7794 5583 7669 2643 
7798 5585 7675 2646 
7802 5585 7681 2646 
7805 5587 7690 2649 
7806 5590 7699 2651 
7808 5592 7702 2655 
7811 5595 7710 2656 
7815 5600 7712 2658 
7818 5604 7717 2659 
7819 5607 7723 2662 
7825 5612 7730 2664 
7828 5615 7737 2665 
7830 5621 7743 2665 
7834 5626 7751 2667 
7845 5629 7756 2669 
7849 5637 7765 2670 
7856 5644 7769 2673 
7861 5648 7776 2676 
7865 5653 7783 2677 
7868 5659 7788 2681 
7872 5666 7796 2681 
7876 5669 7803 2682 
7879 5672 7806 2682 
7886 5675 7814 2684 
7892 5680 7819 2687 
7897 5684 7822 2690 
7905 5688 7831 2692 
7908 5691 7839 2692 
7914 5693 7844 2695 
7921 5700 7849 2696 
7929 5701 7854 2696 
7934 5706 7860 2698 
7938 5709 7866 2701 
7946 5710 7871 2704 
7954 5712 7873 2705 
7958 5716 7882 2709 
7963 5719 7889 2710 
7966 5727 7896 2713 
7973 5732 7900 2713 
7978 5734 7909 2716 
7982 5739 7914 2717 
7987 5744 7920 2719 
7991 5746 7924 2720 
7995 5751 7928 2723 
8003 5757 7933 2727 
8016 5763 7940 2728 
8022 5768 7946 2728 
8026 5773 7954 2730 
8029 5776 7959 2732 
8034 5777 7962 2733 
8037 5783 7967 2734 
8043 5789 7971 2734 
8046 5793 7978 2738 
8049 5798 7982 2740 
8056 5801 7988 2742 
8060 5805 7991 2745 
8067 5808 7996 2747 
8075 5814 8000 2749 
8079 5823 8007 2752 
8084 5825 8012 2754 
8090 5827 8013 2756 
8095 5831 8017 2756 
8098 5837 8022 2758 
8101 5845 8025 2761 
8104 5849 8032 2762 
8107 5853 8040 2765 
8112 5856 8044 2765 
8115 5856 8047 2770 
8121 5862 8050 2770 
8129 5864 8053 2774 
8136 5872 8055 2775 
8143 5877 8060 2776 
8147 5879 8068 2778 
8152 5882 8072 2780 
8160 5886 8076 2783 
8163 5890 8079 2787 
8173 5891 8086 2787 
8176 5894 8093 2788 
8180 5896 8094 2793 
8186 5898 8102 2794 
8191 5903 8105 2797 
8196 5909 8110 2798 
8200 5918 8118 2802 
8205 5924 8125 2806 
8212 5929 8130 2807 
8216 5937 8139 2810 
8218 5945 8145 2812 
8226 5949 8151 2813 
8232 5956 8156 2815 
8238 5961 8159 2815 
8243 5964 8169 2816 
8246 5968 8172 2820 
8250 5971 8177 2821 
8258 5974 8178 2822 
8270 5980 8184 2822 
8274 5981 8190 2824 
8281 5982 8195 2827 
8291 5982 8205 2827 
8295 5987 8212 2830 
8298 5989 8215 2830 
8302 5992 8219 2833 
8305 5995 8226 2835 
8310 5998 8232 2837 
8315 6002 8236 2838 
8320 6009 8246 2839 
8326 6011 8249 2841 
8328 6015 8256 2841 
8334 6022 8264 2841 
8336 6024 8271 2844 
8348 6026 8272 2845 
8353 6028 8278 2847 
8359 6030 8282 2847 
8364 6034 8283 2848 
8372 6039 8288 2848 
8374 6044 8295 2848 
8382 6048 8303 2850 
8385 6055 8310 2855 
8387 6059 8317 2856 
8391 6062 8325 2857 
8396 6071 8331 2860 
8399 6076 8340 2862 
8405 6083 8347 2865 
8412 6087 8350 2867 
8419 6090 8353 2869 
8423 6092 8360 2872 
8430 6094 8366 2874 
8434 6099 8370 2878 
8438 6103 8378 2880 
8441 6109 8381 2880 
8447 6113 8385 2880 
8451 6114 8395 2880 
8459 6120 8397 2881 
8470 6124 8407 2885 
8477 6129 8417 2886 
8481 6130 8419 2887 
8483 6133 8424 2888 
8487 6137 8429 2890 
8494 6141 8432 2892 
8496 6145 8438 2894 
8501 6147 8443 2894 
8514 6149 8444 2897 
8519 6152 8450 2900 
8526 6154 8451 2902 
8532 6156 8457 2902 
8537 6157 8466 2904 
8538 6161 8469 2907 
8543 6163 8472 2909 
8550 6166 8476 2910 
8559 6168 8480 2911 
8568 6173 8484 2913 
8573 6180 8486 2914 
8578 6181 8493 2916 
8581 6186 8500 2921 
8583 6191 8506 2923 
8591 6195 8511 2924 
8592 6199 8516 2924 
8595 6205 8518 2928 
8601 6209 8522 2931 
8609 6216 8527 2932 
8617 6219 8531 2935 
8620 6224 8538 2936 
8627 6227 8543 2937 
8631 6232 8548 2938 
8636 6239 8552 2939 
8640 6244 8558 2944 
8642 6250 8563 2945 
8649 6252 8565 2946 
8659 6259 8572 2948 
8664 6263 8580 2948 
8670 6265 8585 2949 
8675 6270 8592 2951 
8679 6276 8598 2952 
8684 6281 8602 2952 
8691 6283 8604 2958 
8695 6284 8606 2959 
8699 6289 8612 2960 
8709 6292 8617 2963 
8714 6295 8627 2965 
8722 6299 8631 2968 
8729 6302 8638 2969 
8733 6306 8642 2972 
8738 6311 8646 2973 
8743 6312 8652 2973 
8751 6315 8657 2975 
8757 6317 8662 2979 
8760 6318 8670 2981 
8764 6320 8677 2983 
8768 6325 8681 2984 
8773 6327 8688 2986 
8774 6332 8700 2988 
8778 6335 8704 2990 
8782 6341 8710 2992 
8793 6344 8719 2994 
8797 6349 8728 2999 
8806 6350 8728 3000 
8816 6354 8731 3001 
8820 6361 8732 3002 
8823 6366 8736 3005 
8830 6371 8736 3006 
8834 6376 8743 3007 
8841 6382 8747 3009 
8847 6387 8752 3009 
8853 6388 8757 3014 
8856 6391 8764 3015 
8860 6396 8770 3016 
8865 6398 8773 3017 
8873 6400 8781 3020 
8881 6408 8785 3021 
8886 6411 8788 3022 
8890 6416 8797 3025 
8898 6418 8802 3025 
8903 6424 8807 3026 
8907 6430 8811 3027 
8911 6432 8813 3028 
8921 6436 8819 3030 
8925 6438 8825 3033 
8931 6443 8831 3033 
8938 6448 8835 3034 
8947 6451 8841 3034 
8949 6455 8845 3035 
8956 6459 8848 3035 
8964 6464 8855 3036 
8968 6469 8858 3037 
8972 6472 8866 3038 
8975 6474 8872 3038 
8983 6478 8881 3038 
8986 6483 8882 3040 
8996 6490 8887 3041 
9002 6496 8888 3041 
9009 6504 8894 3042 
9018 6508 8898 3046 
9024 6515 8900 3049 
9027 6517 8903 3051 
9036 6520 8912 3053 
9040 6525 8918 3057 
9047 6529 8920 3061 
9054 6531 8923 3063 
9058 6532 8925 3065 
9064 6534 8927 3065 
9066 6537 8930 3067 
9072 6543 8936 3070 
9076 6545 8939 3075 
9083 6548 8945 3077 
9089 6555 8951 3081 
9097 6557 8955 3084 
9102 6559 8958 3087 
9109 6563 8962 3087 
9111 6568 8968 3089 
9113 6568 8973 3091 
9122 6571 8982 3091 
9127 6578 8989 3092 
9135 6580 8995 3093 
9139 6584 9007 3093 
9146 6587 9013 3094 
9149 6592 9018 3096 
9153 6597 9025 3099 
9157 6601 9029 3101 
9159 6604 9033 3103 
9164 6608 9038 3104 
9171 6609 9040 3107 
9177 6616 9048 3110 
9183 6619 9055 3113 
9189 6627 9063 3115 
9195 6634 9070 3116 
9200 6636 9077 3119 
9208 6639 9083 3122 
9216 6645 9088 3126 
9220 6649 9091 3127 
9226 6652 9097 3129 
9234 6657 9103 3130 
9239 6668 9109 3132 
9242 6672 9118 3136 
9248 6675 9127 3137 
9255 6681 9134 3138 
9257 6687 9136 3139 
9260 6693 9137 3140 
9263 6698 9142 3142 
9268 6703 9146 3145 
9275 6708 9149 3145 
9280 6713 9153 3148 
9286 6720 9158 3150 
9291 6722 9162 3151 
9294 6727 9168 3154 
9300 6729 9177 3157 
9306 6734 9181 3161 
9310 6740 9191 3166 
9315 6745 9199 3169 
9320 6749 9212 3170 
9328 6757 9214 3172 
9333 6759 9221 3172 
9342 6764 9226 3172 
9346 6767 9233 3173 
9350 6772 9238 3174 
9359 6773 9242 3177 
9366 6779 9246 3177 
9372 6786 9252 3181 
9377 6790 9262 3184 
9381 6793 9266 3187 
9383 6795 9275 3187 
9388 6797 9283 3187 
9400 6798 9287 3188 
9406 6803 9297 3190 
9414 6808 9305 3192 
9419 6814 9308 3194 
9425 6817 9315 3198 
9430 6822 9320 3199 
9433 6827 9322 3202 
9439 6830 9328 3204 
9446 6835 9332 3205 
9455 6842 9335 3206 
9457 6847 9343 3208 
9459 6851 9345 3208 
9466 6857 9352 3210 
9474 6859 9358 3211 
9476 6864 9362 3215 
9485 6867 9365 3218 
9492 6869 9370 3220 
9497 6874 9375 3223 
9504 6879 9386 3224 
9507 6884 9392 3225 
9517 6888 9400 3226 
9522 6891 9404 3228 
9527 6893 9413 3230 
9535 6896 9420 3232 
9539 6901 9428 3234 
9541 6903 9433 3234 
9547 6908 9436 3234 
9556 6913 9442 3236 
9562 6922 9449 3238 
9563 6925 9453 3238 
9568 6933 9457 3240 
9576 6940 9461 3241 
9581 6944 9464 3244 
9589 6947 9469 3248 
9594 6954 9470 3250 
9605 6959 9474 3255 
9610 6961 9479 3257 
9620 6962 9485 3258 
9623 6968 9489 3259 
9627 6974 9495 3261 
9638 6977 9501 3264 
9642 6978 9509 3264 
9645 6983 9512 3266 
9649 6991 9521 3270 
9652 6996 9524 3272 
9656 6999 9531 3274 
9660 7007 9533 3276 
9667 7009 9535 3281 
9676 7013 9539 3284 
9682 7014 9544 3286 
9685 7018 9549 3288 
9689 7018 9558 3289 
9695 7021 9561 3294 
9697 7029 9566 3297 
9708 7034 9570 3300 
9716 7038 9579 3300 
9723 7042 9586 3303 
9731 7046 9591 3308 
9735 7052 9596 3309 
9745 7060 9601 3311 
9753 7066 9611 3316 
9759 7071 9618 3318 
9766 7073 9628 3321 
9777 7074 9634 3322 
9782 7078 9640 3323 
9789 7081 9643 3326 
9792 7085 9651 3328 
9802 7091 9655 3331 
9810 7097 9662 3333 
9819 7104 9667 3335 
9825 7111 9672 3338 
9830 7116 9677 3339 
9838 7118 9685 3341 
9843 7123 9697 3342 
9847 7126 9700 3345 
9851 7133 9703 3346 
9856 7136 9711 3348 
9861 7141 9721 3351 
9864 7144 9725 3353 
9868 7150 9730 3353 
9874 7154 9737 3353 
9884 7159 9742 3358 
9894 7162 9750 3360 
9897 7165 9758 3364 
9904 7167 9763 3366 
9908 7170 9770 3369 
9914 7175 9777 3369 
9921 7176 9781 3369 
9922 7177 9785 3370 
9928 7184 9788 3372 
9935 7193 9796 3372 
9940 7199 9797 3376 
9944 7203 9803 3378 
9954 7207 9809 3380 
9960 7214 9817 3380 
9965 7216 9821 3384 
9967 7218 9828 3387 
9974 7221 9832 3387 
9979 7225 9837 3389 
9984 7228 9843 3392 
9987 7234 9847 3394 
10001 7238 9853 3396 
10005 7242 9858 3398 
10008 7245 9859 3402 
10012 7246 9862 3403 
10016 7249 9865 3406 
10022 7257 9871 3406 
10024 7264 9878 3407 
10030 7271 9885 3410 
10040 7274 9892 3411 
10043 7278 9892 3412 
10047 7284 9894 3416 
10050 7285 9901 3417 
10055 7292 9908 3418 
10060 7295 9914 3419 
10071 7301 9922 3419 
10076 7305 9925 3422 
10083 7310 9931 3426 
10090 7315 9936 3426 
10093 7317 9936 3427 
10097 7318 9941 3427 
10100 7324 9946 3428 
10102 7327 9951 3429 
10109 7330 9953 3429 
10113 7332 9956 3430 
10119 7337 9962 3434 
10124 7342 9967 3436 
10126 7345 9972 3438 
10128 7347 9977 3439 
10136 7348 9985 3441 
10140 7354 9986 3444 
10145 7359 9995 3448 
10147 7360 9999 3456 
10151 7365 10003 3458 
10154 7368 10013 3460 
10163 7374 10017 3461 
10169 7378 10024 3465 
10175 7379 10025 3467 
10181 7384 10032 3470 
10184 7386 10037 3473 
10190 7393 10042 3476 
10192 7396 10045 3476 
10196 7402 10047 3478 
10206 7408 10050 3480 
10209 7412 10056 3481 
10217 7418 10064 3483 
10223 7424 10072 3483 
10228 7429 10080 3486 
10236 7432 10084 3487 
10246 7437 10088 3490 
10254 7442 10094 3492 
10258 7448 10104 3496 
10266 7453 10107 3497 
10271 7458 10112 3498 
10274 7462 10118 3499 
10278 7465 10126 3501 
10283 7473 10130 3501 
10287 7475 10135 3501 
10297 7483 10140 3502 
10300 7493 10144 3503 
10305 7494 10147 3506 
10307 7498 10153 3506 
10313 7499 10159 3507 
10319 7505 10167 3513 
10322 7508 10173 3515 
10329 7511 10178 3517 
10332 7513 10184 3519 
10337 7519 10191 3522 
10339 7522 10197 3525 
10342 7529 10204 3527 
10344 7535 10216 3528 
10346 7539 10222 3528 
10353 7542 10230 3531 
10361 7548 10236 3532 
10364 7553 10242 3533 
10374 7557 10247 3537 
10379 7560 10254 3537 
10387 7564 10256 3539 
10392 7569 10262 3542 
10398 7572 10265 3545 
10400 7572 10268 3546 
10405 7577 10274 3547 
10413 7584 10288 3547 
10416 7593 10292 3549 
10420 7596 10306 3551 
10423 7601 10310 3553 
10434 7607 10320 3556 
10438 7610 10324 3558 
10443 7613 10329 3565 
10452 7617 10334 3565 
10455 7622 10338 3567 
10460 7625 10345 3569 
10465 7625 10349 3570 
10470 7628 10356 3572 
10474 7632 10357 3573 
10479 7637 10363 3574 
10482 7646 10368 3575 
10487 7652 10371 3577 
10496 7664 10378 3577 
10500 7668 10381 3578 
10508 7673 10387 3582 
10512 7675 10391 3585 
10517 7678 10392 3587 
10520 7681 10398 3589 
10523 7682 10408 3593 
10533 7690 10415 3596 
10536 7693 10417 3598 
10539 7698 10425 3601 
10544 7707 10433 3605 
10554 7713 10438 3609 
10560 7716 10448 3613 
10564 7721 10459 3617 
10567 7725 10464 3620 
10575 7730 10469 3622 
10580 7734 10477 3622 
10586 7738 10485 3622 
10596 7740 10493 3624 
10601 7743 10496 3628 
10607 7748 10501 3631 
10612 7762 10503 3636 
10614 7770 10510 3640 
10618 7772 10514 3645 
10623 7776 10522 3648 
10630 7783 10524 3648 
10635 7787 10529 3651 
10639 7789 10535 3651 
10649 7794 10540 3654 
10651 7795 10549 3657 
10654 7800 10554 3664 
10664 7807 10561 3666 
10670 7809 10564 3670 
10677 7810 10571 3674 
10681 7813 10576 3674 
10689 7824 10581 3676 
10693 7829 10584 3677 
10695 7832 10594 3678 
10701 7834 10603 3680 
10706 7839 10606 3681 
10710 7841 10611 3682 
10711 7842 10617 3684 
10720 7845 10623 3686 
10721 7846 10627 3690 
10727 7850 10634 3690 
10729 7854 10638 3693 
10735 7856 10644 3696 
10740 7863 10647 3698 
10747 7868 10656 3702 
10749 7871 10665 3703 
10752 7872 10669 3704 
10757 7881 10675 3705 
10760 7888 10684 3707 
10764 7890 10691 3711 
10770 7896 10695 3715 
10777 7900 10708 3716 
10781 7905 10716 3716 
10790 7909 10723 3719 
10793 7910 10728 3723 
10801 7912 10731 3725 
10807 7918 10740 3726 
10814 7920 10748 3726 
10819 7927 10756 3728 
10824 7930 10763 3729 
10829 7935 10770 3732 
10836 7939 10777 3735 
10843 7942 10782 3736 
10850 7945 10793 3741 
10854 7953 10800 3743 
10863 7956 10805 3744 
10868 7961 10814 3745 
10874 7964 10816 3745 
10882 7967 10818 3749 
10885 7973 10823 3750 
10895 7977 10832 3754 
10897 7984 10839 3755 
10905 7987 10840 3756 
10909 7989 10850 3757 
10914 7991 10861 3757 
10919 7992 10867 3759 
10927 7997 10872 3763 
10930 8002 10878 3764 
10932 8007 10882 3764 
10940 8011 10889 3767 
10943 8018 10898 3769 
10946 8023 10900 3769 
10950 8026 10910 3769 
10953 8028 10917 3770 
10957 8032 10925 3771 
10961 8038 10930 3774 
10969 8040 10936 3775 
10974 8046 10942 3778 
10977 8049 10947 3778 
10979 8052 10952 3779 
10982 8054 10956 3782 
10990 8057 10960 3784 
10995 8061 10967 3786 
11000 8067 10970 3790 
11009 8070 10979 3792 
11016 8073 10983 3795 
11019 8082 10988 3798 
11026 8083 10995 3799 
11032 8087 11001 3800 
11035 8093 11006 3804 
11041 8098 11010 3808 
11046 8099 11013 3811 
11054 8103 11018 3812 
11059 8106 11021 3816 
11065 8112 11028 3818 
11069 8116 11033 3821 
11077 8120 11042 3824 
11082 8124 11046 3826 
11087 8126 11054 3829 
11092 8130 11057 3832 
11099 8137 11059 3837 
11104 8140 11071 3840 
11112 8143 11075 3842 
11117 8144 11084 3845 
11126 8146 11093 3846 
11130 8153 11096 3846 
11135 8156 11100 3847 
11136 8157 11105 3848 
11142 8160 11110 3849 
11154 8165 11113 3849 
11160 8168 11117 3851 
11166 8172 11124 3854 
11175 8178 11131 3859 
11180 8181 11139 3861 
11185 8182 11144 3862 
11185 8185 11150 3865 
11191 8189 11154 3866 
11196 8190 11159 3867 
11197 8193 11159 3870 
11201 8197 11168 3871 
11208 8201 11171 3873 
11211 8207 11179 3877 
11217 8211 11184 3878 
11220 8214 11199 3882 
11223 8217 11206 3882 
11228 8223 11213 3884 
11235 8224 11219 3886 
11241 8226 11223 3888 
11247 8229 11228 3891 
11256 8236 11235 3893 
11258 8242 11242 3895 
11264 8245 11244 3897 
11267 8250 11251 3901 
11269 8258 11255 3904 
11272 8263 11261 3907 
11276 8268 11266 3909 
11278 8275 11272 3913 
11284 8281 11278 3914 
11295 8286 11285 3916 
11305 8289 11287 3919 
11311 8291 11292 3919 
11317 8294 11300 3922 
11324 8299 11307 3923 
11333 8304 11310 3924 
11345 8310 11319 3927 
11347 8313 11322 3929 
11353 8314 11327 3931 
11358 8317 11330 3932 
11363 8321 11335 3933 
11372 8325 11339 3935 
11376 8330 11343 3936 
11386 8337 11350 3940 
11393 8341 11353 3940 
11396 8347 11361 3940 
11400 8350 11369 3941 
11406 8354 11376 3944 
11412 8357 11383 3947 
11419 8358 11384 3949 
11424 8361 11392 3953 
11434 8366 11399 3955 
11442 8371 11405 3956 
11447 8373 11409 3959 
11450 8376 11413 3960 
11456 8379 11421 3965 
11460 8381 11428 3966 
11466 8383 11431 3968 
11473 8388 11440 3968 
11480 8393 11449 3970 
11484 8396 11456 3975 
11488 8400 11463 3978 
11493 8405 11472 3981 
11499 8409 11474 3984 
11509 8414 11478 3985 
11514 8421 11482 3987 
11517 8427 11490 3987 
11522 8428 11495 3990 
11527 8433 11501 3992 
11534 8440 11502 3994 
11540 8444 11507 3995 
11544 8448 11512 3995 
11547 8451 11519 3999 
11551 8459 11528 4000 
11557 8463 11535 4003 
11567 8467 11537 4005 
11569 8475 11542 4007 
11581 8478 11550 4009 
11585 8480 11557 4012 
11589 8484 11562 4014 
11593 8487 11568 4015 
11598 8491 11575 4021 
11601 8493 11581 4021 
11610 8499 11589 4022 
11615 8502 11595 4023 
11622 8509 11601 4025 
11631 8513 11604 4027 
11638 8519 11610 4029 
11645 8529 11620 4032 
11649 8534 11626 4033 
11657 8537 11630 4036 
11666 8540 11635 4039 
11670 8547 11638 4042 
11675 8553 11643 4044 
11678 8555 11645 4044 
11685 8561 11652 4046 
11690 8563 11657 4049 
11692 8567 11663 4050 
11697 8573 11674 4052 
11700 8577 11682 4052 
11702 8579 11686 4057 
11704 8582 11690 4057 
11707 8586 11692 4060 
11712 8589 11697 4061 
11718 8596 11705 4061 
11727 8604 11712 4064 
11730 8609 11717 4066 
11742 8614 11723 4067 
11751 8621 11728 4070 
11752 8625 11734 4072 
11757 8626 11738 4076 
11761 8633 11743 4081 
11764 8639 11750 4083 
11767 8641 11759 4084 
11769 8644 11763 4086 
11773 8648 11766 4088 
11778 8653 11770 4091 
11782 8659 11780 4095 
11787 8665 11784 4095 
11792 8669 11793 4096 
11796 8674 11802 4098 
11803 8679 11810 4100 
11804 8688 11815 4101 
11808 8695 11822 4101 
11812 8700 11827 4105 
11816 8703 11829 4107 
11821 8710 11838 4110 
11825 8715 11846 4114 
11830 8717 11850 4114 
11833 8723 11860 4114 
11836 8729 11867 4115 
11841 8736 11868 4119 
11844 8741 11873 4120 
11852 8747 11879 4122 
11858 8751 11882 4124 
11863 8756 11890 4125 
11866 8761 11892 4129 
11872 8766 11896 4129 
11878 8766 11900 4131 
11885 8773 11911 4132 
11892 8775 11921 4135 
11897 8782 11930 4137 
11907 8789 11936 4139 
11911 8792 11943 4141 
11920 8798 11951 4143 
11923 8800 11961 4144 
11929 8803 11968 4144 
11935 8807 11972 4145 
11941 8811 11977 4148 
11942 8815 11983 4148 
11947 8821 11985 4153 
11953 8824 11988 4157 
11955 8829 11991 4157 
11961 8834 11995 4162 
11966 8841 12008 4166 
11972 8846 12016 4167 
11978 8851 12021 4169 
11981 8854 12024 4171 
11988 8865 12032 4172 
11991 8871 12037 4174 
11996 8875 12042 4175 
12008 8878 12045 4175 
12014 8881 12048 4178 
12017 8882 12056 4179 
12027 8887 12062 4181 
12034 8890 12069 4183 
12048 8897 12075 4184 
12051 8905 12081 4186 
12058 8911 12084 4188 
12063 8914 12087 4189 
12065 8916 12093 4189 
12074 8917 12106 4191 
12080 8923 12110 4194 
12084 8929 12115 4195 
12089 8933 12117 4198 
12095 8936 12122 4199 
12100 8939 12126 4201 
12104 8943 12129 4203 
12109 8946 12140 4204 
12115 8949 12148 4205 
12119 8956 12158 4206 
12123 8959 12163 4208 
12127 8964 12167 4210 
12132 8971 12175 4212 
12138 8973 12177 4213 
12145 8978 12181 4214 
12149 8980 12182 4216 
12155 8981 12188 4219 
12164 8983 12193 4220 
12170 8984 12202 4225 
12179 8991 12204 4227 
12188 8993 12210 4230 
12190 8998 12217 4232 
12194 9006 12221 4233 
12202 9013 12229 4234 
12207 9016 12235 4234 
12210 9025 12240 4241 
12210 9028 12245 4243 
12218 9035 12251 4244 
12221 9041 12260 4246 
12226 9047 12272 4246 
12235 9053 12279 4249 
12239 9054 12284 4250 
12251 9060 12288 4252 
12254 9067 12296 4253 
12256 9069 12301 4254 
12259 9074 12305 4257 
12263 9080 12309 4257 
12269 9082 12317 4261 
12276 9087 12325 4263 
12281 9092 12327 4267 
12286 9097 12331 4268 
12290 9098 12341 4269 
12294 9102 12352 4272 
12302 9105 12362 4274 
12307 9105 12368 4276 
12310 9108 12372 4280 
12313 9111 12380 4282 
12317 9114 12384 4283 
12321 9120 12396 4285 
12326 9124 12407 4287 
12332 9131 12412 4289 
12336 9136 12418 4294 
12340 9138 12423 4295 
12345 9142 12430 4298 
12346 9146 12434 4302 
12352 9154 12442 4304 
12356 9163 12449 4307 
12358 9167 12457 4308 
12363 9174 12461 4309 
12368 9178 12469 4309 
12372 9182 12476 4311 
12377 9186 12479 4313 
12381 9189 12487 4314 
12386 9195 12489 4315 
12391 9202 12496 4316 
12398 9205 12506 4318 
12403 9208 12513 4318 
12413 9210 12521 4320 
12417 9214 12527 4323 
12423 9215 12530 4324 
12425 9222 12536 4324 
12433 9226 12537 4325 
12438 9228 12543 4326 
12447 9233 12548 4329 
12455 9236 12550 4331 
12468 9238 12555 4334 
12472 9246 12565 4335 
12476 9255 12569 4335 
12477 9260 12575 4335 
12484 9263 12578 4336 
12488 9269 12582 4341 
12494 9278 12584 4343 
12503 9281 12593 4345 
12512 9288 12598 4349 
12514 9295 12606 4352 
12516 9300 12611 4355 
12523 9305 12615 4355 
12526 9307 12621 4357 
12530 9310 12626 4357 
12533 9315 12635 4359 
12540 9323 12637 4361 
12549 9325 12642 4362 
12554 9328 12650 4366 
12561 9334 12653 4367 
12564 9336 12658 4368 
12570 9342 12667 4371 
12577 9345 12673 4373 
12583 9346 12680 4377 
12590 9349 12683 4378 
12596 9356 12691 4379 
12603 9359 12699 4381 
12607 9364 12705 4385 
12610 9366 12709 4387 
12615 9370 12715 4388 
12621 9376 12723 4389 
12627 9378 12730 4392 
12632 9382 12736 4394 
12634 9386 12739 4396 
12638 9389 12744 4400 
12643 9390 12750 4402 
12646 9396 12755 4405 
12653 9401 12759 4406 
12661 9405 12765 4407 
12672 9413 12771 4408 
12673 9417 12773 4410 
12683 9421 12780 4411 
12688 9425 12789 4414 
12693 9430 12797 4419 
12699 9437 12799 4423 
12708 9443 12804 4423 
12710 9449 12813 4425 
12714 9451 12817 4426 
12718 9455 12819 4428 
12726 9464 12827 4429 
12733 9468 12831 4433 
12733 9473 12837 4435 
12735 9475 12843 4438 
12740 9479 12848 4439 
12749 9485 12857 4440 
12752 9488 12864 4440 
12754 9490 12867 4443 
12758 9491 12875 4445 
12764 9494 12880 4446 
12768 9497 12886 4446 
12770 9500 12891 4450 
12774 9502 12896 4453 
12781 9506 12903 4453 
12785 9512 12910 4456 
12792 9520 12914 4458 
12796 9527 12921 4459 
12803 9531 12928 4463 
12809 9536 12933 4465 
12811 9540 12943 4466 
12818 9544 12950 4469 
12826 9548 12952 4471 
12834 9554 12954 4478 
12838 9564 12959 4482 
12845 9569 12964 4484 
12858 9573 12966 4486 
12865 9580 12973 4488 
12869 9584 12975 4490 
12874 9589 12980 4493 
12881 9590 12988 4496 
12887 9595 12997 4496 
12894 9600 13001 4502 
12900 9603 13004 4505 
12907 9606 13013 4507 
12917 9608 13020 4508 
12926 9619 13025 4510 
12928 9621 13031 4512 
12934 9623 13036 4514 
12937 9626 13047 4516 
12941 9630 13050 4518 
12948 9636 13057 4519 
12952 9642 13070 4520 
12957 9646 13073 4521 
12960 9651 13079 4523 
12966 9654 13083 4527 
12971 9660 13089 4530 
12975 9665 13097 4533 
12980 9667 13100 4540 
12988 9673 13106 4544 
12995 9677 13110 4546 
12999 9683 13114 4549 
13008 9686 13124 4551 
13016 9690 13129 4554 
13025 9696 13138 4554 
13034 9699 13147 4556 
13038 9703 13153 4560 
13043 9710 13159 4561 
13046 9714 13164 4564 
13054 9718 13175 4567 
13063 9725 13184 4570 
13067 9727 13188 4571 
13073 9730 13194 4574 
13078 9739 13197 4579 
13082 9742 13203 4580 
13093 9746 13208 4582 
13100 9752 13212 4584 
13105 9755 13220 4586 
13112 9756 13224 4586 
13116 9759 13231 4588 
13122 9761 13238 4591 
13129 9765 13242 4593 
13138 9771 13251 4594 
13146 9773 13256 4596 
13151 9777 13264 4598 
13154 9783 13266 4600 
13160 9789 13269 4603 
13169 9795 13272 4605 
13174 9799 13282 4608 
13180 9808 13285 4609 
13183 9809 13289 4611 
13188 9812 13295 4611 
13191 9817 13307 4615 
13196 9822 13312 4618 
13203 9825 13330 4620 
13205 9833 13337 4623 
13211 9840 13344 4625 
13214 9842 13347 4625 
13218 9846 13353 4631 
13221 9852 13359 4635 
13231 9860 13367 4639 
13236 9865 13375 4640 
13239 9868 13381 4640 
13244 9871 13386 4642 
13250 9875 13393 4644 
13261 9879 13403 4646 
13264 9889 13413 4648 
13270 9891 13416 4649 
13272 9894 13421 4652 
13278 9899 13428 4655 
13281 9906 13436 4657 
13283 9909 13441 4660 
13285 9913 13446 4660 
13294 9918 13452 4664 
13298 9921 13459 4665 
13304 9926 13462 4667 
13308 9929 13471 4671 
13315 9931 13475 4673 
13324 9936 13481 4675 
13327 9939 13490 4681 
13328 9941 13493 4682 
13335 9943 13498 4683 
13343 9949 13501 4686 
13348 9951 13513 4689 
13355 9956 13521 4692 
13360 9960 13529 4697 
13366 9964 13534 4697 
13372 9968 13545 4699 
13376 9971 13551 4699 
13382 9978 13557 4701 
13385 9985 13564 4704 
13392 9989 13570 4706 
13398 9999 13575 4706 
13405 10009 13580 4711 
13409 10013 13587 4713 
13416 10020 13590 4716 
13423 10025 13595 4720 
13431 10026 13603 4724 
13434 10029 13607 4728 
13440 10034 13615 4732 
13446 10040 13624 4733 
13452 10044 13633 4734 
13453 10049 13640 4734 
13456 10051 13645 4736 
13464 10053 13652 4739 
13471 10058 13658 4740 
13477 10066 13662 4743 
13480 10068 13667 4746 
13488 10074 13676 4749 
13495 10080 13682 4751 
13498 10082 13688 4754 
13501 10089 13694 4756 
13511 10094 13697 4759 
13515 10100 13707 4760 
13525 10102 13714 4761 
13530 10107 13723 4764 
13535 10111 13725 4767 
13540 10115 13731 4768 
13545 10118 13737 4770 
13549 10121 13743 4770 
13554 10124 13749 4771 
13562 10127 13754 4771 
13565 10132 13762 4772 
13573 10134 13768 4772 
13578 10136 13780 4774 
13583 10141 13786 4774 
13586 10142 13791 4779 
13590 10150 13802 4780 
13591 10153 13813 4782 
13595 10154 13815 4784 
13596 10163 13822 4786 
13601 10170 13831 4790 
13609 10176 13835 4793 
13615 10178 13837 4795 
13616 10181 13843 4797 
13621 10183 13848 4802 
13628 10185 13852 4806 
13630 10187 13859 4808 
13637 10190 13863 4810 
13644 10192 13864 4812 
13649 10199 13869 4813 
13653 10204 13873 4813 
13657 10206 13876 4819 
13667 10210 13878 4823 
13675 10216 13884 4823 
13682 10217 13888 4826 
13687 10219 13893 4826 
13690 10222 13899 4827 
13695 10226 13906 4828 
13699 10228 13912 4828 
13705 10231 13915 4829 
13715 10239 13922 4833 
13717 10245 13926 4836 
13719 10246 13932 4838 
13724 10247 13938 4840 
13728 10249 13942 4842 
13740 10251 13948 4846 
13748 10252 13956 4848 
13753 10253 13961 4848 
13759 10254 13967 4852 
13762 10258 13976 4854 
13769 10260 13983 4856 
13774 10264 13989 4856 
13779 10266 13992 4857 
13784 10270 13997 4862 
13790 10274 14002 4863 
13793 10279 14008 4864 
13798 10282 14012 4866 
13804 10286 14018 4868 
13808 10296 14027 4868 
13814 10298 14036 4869 
13822 10304 14040 4871 
13827 10314 14045 4874 
13832 10315 14051 4876 
13838 10320 14059 4877 
13845 10323 14067 4878 
13850 10327 14077 4882 
13856 10335 14080 4883 
13867 10339 14085 4886 
13874 10347 14094 4886 
13881 10354 14098 4887 
13885 10360 14100 4887 
13893 10366 14106 4890 
13900 10370 14107 4892 
13904 10373 14111 4892 
13909 10377 14116 4894 
13915 10384 14124 4896 
13918 10389 14127 4897 
13923 10394 14129 4899 
13926 10398 14134 4902 
13933 10401 14143 4904 
13937 10408 14151 4907 
13946 10410 14153 4907 
13955 10418 14160 4909 
13959 10425 14165 4913 
13965 10428 14173 4916 
13968 10436 14179 4920 
13970 10445 14185 4924 
13979 10451 14189 4925 
13983 10456 14193 4928 
13989 10465 14199 4929 
13997 10471 14204 4932 
13998 10479 14207 4933 
14007 10483 14209 4935 
14015 10486 14214 4935 
14021 10492 14217 4938 
14026 10497 14221 4940 
14028 10505 14227 4944 
14031 10512 14232 4944 
14033 10519 14240 4944 
14043 10523 14243 4944 
14052 10528 14247 4947 
14055 10530 14253 4949 
14060 10533 14258 4953 
14065 10537 14260 4957 
14068 10541 14265 4958 
14074 10545 14272 4958 
14077 10549 14281 4960 
14081 10554 14287 4965 
14087 10558 14290 4967 
14095 10559 14296 4969 
14102 10563 14302 4973 
14105 10569 14307 4976 
14113 10574 14312 4979 
14120 10577 14317 4980 
14124 10579 14320 4982 
14130 10580 14328 4988 
14136 10586 14331 4991 
14137 10595 14334 4993 
14143 10602 14346 4993 
14148 10610 14354 4996 
14158 10615 14361 5001 
14164 10617 14367 5002 
14168 10618 14376 5004 
14176 10621 14382 5005 
14183 10627 14388 5008 
14187 10631 14394 5012 
14192 10633 14399 5012 
14198 10636 14408 5012 
14205 10642 14411 5013 
14212 10646 14416 5017 
14215 10650 14423 5019 
14221 10654 14430 5021 
14224 10663 14434 5025 
14227 10668 14439 5026 
14227 10671 14445 5031 
14231 10675 14456 5032 
14238 10677 14460 5035 
14242 10686 14463 5036 
14247 10693 14471 5037 
14255 10704 14483 5038 
14265 10708 14487 5040 
14271 10714 14488 5042 
14280 10719 14492 5045 
14284 10722 14495 5047 
14288 10728 14498 5047 
14293 10731 14507 5047 
14293 10735 14512 5049 
14299 10739 14517 5054 
14306 10745 14522 5057 
14313 10748 14525 5059 
14320 10753 14533 5060 
14326 10756 14535 5065 
14330 10764 14540 5066 
14335 10772 14546 5069 
14341 10775 14549 5072 
14347 10782 14553 5073 
14351 10782 14559 5077 
14356 10784 14573 5079 
14361 10791 14580 5080 
14365 10794 14582 5081 
14365 10798 14587 5082 
14370 10802 14593 5083 
14372 10808 14602 5086 
14378 10810 14607 5089 
14381 10811 14617 5091 
14388 10820 14622 5093 
14389 10829 14627 5094 
14394 10833 14633 5095 
14403 10838 14638 5096 
14407 10842 14645 5097 
14415 10845 14650 5098 
14424 10848 14654 5099 
14429 10853 14660 5099 
14433 10855 14668 5100 
14439 10860 14675 5101 
14444 10864 14683 5103 
14450 10868 14692 5105 
14456 10871 14697 5108 
14461 10874 14705 5110 
14471 10879 14710 5113 
14475 10881 14719 5114 
14482 10883 14724 5119 
14489 10888 14730 5121 
14497 10889 14735 5125 
14502 10897 14740 5126 
14506 10901 14748 5126 
14516 10907 14751 5127 
14522 10913 14752 5128 
14523 10917 14757 5133 
14528 10922 14767 5134 
14529 10931 14773 5136 
14535 10933 14777 5140 
14542 10940 14779 5140 
14545 10947 14785 5142 
14552 10954 14794 5144 
14557 10956 14798 5146 
14560 10962 14799 5148 
14570 10971 14805 5148 
14577 10978 14808 5149 
14582 10985 14814 5150 
14586 10990 14822 5152 
14589 10994 14829 5155 
14595 10997 14834 5156 
14603 10999 14839 5159 
14606 11007 14847 5161 
14608 11014 14854 5162 
14613 11022 14863 5167 
14617 11026 14868 5170 
14624 11034 14873 5173 
14627 11039 14876 5174 
14630 11041 14881 5174 
14635 11043 14885 5174 
14638 11046 14891 5175 
14645 11048 14901 5176 
14652 11055 14906 5178 
14654 11063 14916 5179 
14662 11070 14925 5180 
14663 11071 14931 5182 
14667 11074 14936 5183 
14669 11080 14944 5186 
14678 11082 14949 5188 
14683 11088 14960 5189 
14688 11093 14960 5191 
14698 11096 14965 5191 
14705 11102 14969 5194 
14711 11105 14979 5194 
14712 11108 14987 5195 
14715 11111 14994 5199 
14721 11116 14998 5200 
14724 11120 15006 5201 
14729 11127 15010 5203 
14735 11134 15018 5206 
14737 11138 15030 5208 
14746 11144 15036 5209 
14751 11148 15040 5211 
14756 11153 15044 5213 
14759 11156 15046 5217 
14764 11160 15053 5218 
14771 11160 15059 5221 
14772 11164 15065 5224 
14776 11170 15072 5227 
14787 11175 15078 5231 
14797 11181 15084 5232 
14799 11190 15089 5234 
14806 11192 15100 5236 
14812 11194 15110 5238 
14819 11202 15119 5240 
14823 11208 15129 5245 
14832 11213 15131 5249 
14836 11217 15139 5249 
14840 11224 15148 5249 
14846 11227 15158 5252 
14851 11229 15165 5254 
14854 11230 15169 5255 
14859 11237 15175 5256 
14863 11238 15184 5261 
14867 11242 15192 5265 
14869 11247 15193 5266 
14878 11255 15199 5267 
14884 11260 15207 5269 
14889 11265 15214 5272 
14894 11266 15223 5273 
14897 11271 15225 5273 
14901 11276 15233 5274 
14907 11280 15238 5277 
14912 11281 15251 5279 
14914 11282 15258 5282 
14917 11291 15263 5283 
14927 11295 15273 5284 
14931 11300 15279 5286 
14939 11308 15284 5290 
14948 11312 15291 5291 
14959 11314 15295 5291 
14965 11319 15300 5292 
14967 11326 15306 5293 
14971 11336 15316 5296 
14977 11339 15323 5297 
14985 11341 15324 5302 
14995 11345 15333 5303 
14998 11353 15335 5305 
15004 11356 15341 5309 
15007 11362 15349 5311 
15011 11366 15353 5314 
15015 11367 15359 5315 
15019 11372 15369 5318 
15021 11376 15372 5320 
15024 11380 15381 5320 
15034 11382 15391 5321 
15039 11386 15397 5321 
15046 11389 15402 5321 
15049 11393 15408 5323 
15054 11397 15417 5324 
15060 11402 15420 5325 
15067 11408 15426 5326 
15070 11413 15432 5326 
15074 11415 15440 5327 
15082 11417 15450 5327 
15088 11419 15458 5332 
15094 11420 15466 5334 
15101 11424 15472 5334 
15107 11429 15478 5334 
15114 11435 15486 5335 
15119 11443 15491 5336 
15126 11448 15497 5338 
15129 11453 15503 5340 
15133 11459 15509 5343 
15137 11464 15515 5346 
15143 11467 15524 5348 
15148 11472 15533 5349 
15154 11479 15538 5350 
15163 11482 15545 5352 
15168 11487 15551 5355 
15171 11493 15556 5358 
15183 11497 15562 5362 
15187 11499 15571 5364 
15190 11503 15576 5364 
15200 11507 15580 5366 
15203 11515 15588 5367 
15212 11520 15593 5369 
15215 11524 15601 5374 
15219 11528 15607 5375 
15224 11531 15614 5376 
15233 11538 15620 5378 
15238 11540 15623 5380 
15242 11547 15632 5380 
15249 11550 15634 5382 
15251 11553 15638 5384 
15261 11564 15647 5390 
15268 11573 15653 5392 
15275 11578 15655 5393 
15279 11580 15665 5396 
15281 11583 15675 5399 
15284 11587 15679 5399 
15288 11593 15684 5400 
15290 11599 15688 5402 
15296 11602 15694 5403 
15303 11608 15698 5405 
15307 11612 15703 5405 
15317 11613 15711 5411 
15323 11620 15715 5414 
15328 11629 15721 5414 
15332 11630 15726 5416 
15340 11634 15730 5417 
15351 11640 15734 5418 
15355 11643 15747 5420 
15360 11650 15749 5420 
15367 11655 15757 5422 
15371 11659 15759 5422 
15381 11664 15764 5423 
15389 11669 15771 5423 
15393 11674 15773 5425 
15397 11678 15779 5426 
15407 11685 15784 5427 
15409 11700 15786 5431 
15418 11704 15792 5434 
15422 11711 15797 5435 
15427 11713 15802 5437 
15435 11719 15810 5437 
15443 11720 15815 5439 
15452 11724 15822 5442 
15458 11729 15829 5443 
15465 11735 15835 5444 
15470 11741 15839 5446 
15480 11745 15845 5448 
15483 11747 15851 5452 
15488 11748 15857 5452 
15494 11751 15866 5453 
15500 11753 15869 5455 
15503 11760 15877 5456 
15507 11765 15880 5459 
15511 11767 15883 5463 
15515 11771 15886 5464 
15518 11772 15892 5468 
15528 11781 15896 5468 
15533 11785 15900 5471 
15537 11791 15906 5473 
15543 11794 15913 5474 
15550 11798 15919 5476 
15553 11802 15926 5479 
15557 11810 15931 5481 
15560 11815 15940 5482 
15567 11818 15947 5483 
15576 11823 15957 5483 
15582 11829 15961 5485 
15586 11835 15967 5488 
15597 11839 15975 5494 
15600 11840 15982 5494 
15605 11845 15989 5495 
15611 11849 16001 5495 
15614 11852 16009 5495 
15619 11857 16012 5499 
15624 11862 16018 5502 
15630 11867 16024 5506 
15634 11871 16030 5507 
15644 11873 16037 5509 
15649 11875 16046 5513 
15659 11883 16053 5516 
15662 11889 16059 5516 
15663 11891 16065 5516 
15673 11892 16070 5518 
15681 11896 16076 5521 
15688 11904 16087 5523 
15697 11906 16094 5528 
15708 11915 16098 5530 
15711 11918 16106 5532 
15716 11922 16116 5534 
15721 11929 16119 5536 
15727 11932 16128 5537 
15729 11935 16137 5540 
15738 11939 16145 5542 
15745 11946 16150 5545 
15748 11950 16158 5545 
15753 11954 16162 5546 
15759 11963 16167 5550 
15762 11966 16171 5554 
15768 11969 16178 5557 
15779 11974 16187 5560 
15784 11982 16192 5561 
15791 11985 16204 5567 
15794 11992 16210 5567 
15798 12002 16216 5568 
15804 12005 16220 5571 
15807 12014 16229 5571 
15810 12019 16237 5572 
15817 12026 16241 5574 
15824 12032 16249 5577 
15827 12035 16260 5579 
15831 12039 16261 5583 
15840 12044 16266 5585 
15847 12045 16277 5586 
15853 12050 16281 5588 
15861 12061 16290 5590 
15874 12066 16295 5594 
15878 12071 16302 5597 
15884 12073 16311 5597 
15891 12079 16316 5599 
15898 12083 16322 5601 
15904 12086 16329 5602 
15909 12089 16340 5606 
15914 12092 16343 5607 
15919 12094 16353 5611 
15920 12097 16361 5612 
15925 12100 16371 5615 
15931 12103 16379 5615 
15941 12107 16383 5616 
15947 12114 16387 5621 
15955 12118 16396 5621 
15966 12121 16403 5623 
15972 12122 16407 5626 
15981 12123 16416 5627 
15988 12129 16423 5628 
15993 12132 16428 5632 
15995 12137 16435 5633 
16000 12150 16446 5634 
16004 12157 16451 5636 
16014 12161 16457 5637 
16018 12165 16464 5642 
16024 12169 16469 5644 
16031 12174 16474 5648 
16041 12175 16477 5648 
16044 12179 16483 5652 
16052 12180 16484 5654 
16058 12187 16487 5654 
16062 12192 16492 5655 
16070 12193 16496 5660 
16075 12197 16509 5663 
16082 12201 16514 5664 
16087 12210 16519 5665 
16096 12215 16524 5669 
16102 12219 16531 5670 
16108 12222 16537 5671 
16113 12227 16542 5672 
16125 12234 16548 5674 
16130 12238 16558 5675 
16135 12243 16567 5679 
16136 12249 16570 5681 
16142 12255 16575 5682 
16146 12262 16584 5683 
16152 12263 16589 5685 
16159 12266 16593 5686 
16163 12270 16603 5686 
16169 12270 16608 5690 
16175 12275 16611 5692 
16177 12277 16615 5694 
16182 12280 16623 5697 
16191 12282 16630 5701 
16194 12287 16635 5705 
16198 12288 16637 5707 
16204 12292 16644 5709 
16210 12295 16651 5711 
16214 12296 16656 5715 
16218 12300 16660 5715 
16226 12302 16663 5715 
16236 12307 16666 5720 
16239 12315 16671 5720 
16244 12319 16676 5721 
16248 12324 16683 5725 
16250 12327 16694 5729 
16254 12335 16698 5731 
16257 12340 16703 5733 
16265 12341 16709 5734 
16268 12348 16724 5737 
16275 12351 16729 5739 
16282 12355 16739 5741 
16288 12358 16746 5742 
16290 12360 16756 5744 
16296 12363 16762 5747 
16299 12366 16766 5749 
16304 12369 16773 5751 
16310 12374 16781 5755 
16313 12381 16788 5759 
16318 12384 16801 5765 
16324 12388 16810 5766 
16330 12390 16816 5768 
16335 12392 16820 5768 
16341 12399 16826 5771 
16344 12404 16829 5775 
16354 12405 16837 5776 
16357 12413 16842 5778 
16362 12420 16853 5778 
16367 12425 16865 5780 
16371 12430 16874 5783 
16374 12437 16886 5787 
16379 12439 16889 5790 
16385 12445 16895 5792 
16388 12447 16899 5793 
16392 12455 16909 5794 
16399 12460 16909 5797 
16402 12468 16915 5798 
16405 12476 16919 5801 
16409 12477 16921 5802 
16411 12479 16930 5807 
16422 12480 16936 5810 
16427 12482 16942 5811 
16436 12487 16949 5813 
16448 12491 16956 5818 
16456 12497 16961 5820 
16462 12501 16972 5822 
16469 12504 16976 5822 
16476 12510 16979 5826 
16485 12514 16984 5826 
16494 12521 16988 5828 
16499 12525 16994 5829 
16502 12532 17001 5833 
16509 12536 17005 5834 
16515 12538 17011 5836 
16523 12544 17019 5839 
16524 12548 17023 5842 
16532 12555 17029 5844 
16539 12560 17033 5844 
16547 12566 17045 5846 
16554 12570 17052 5848 
16559 12574 17056 5849 
16564 12580 17064 5852 
16572 12585 17069 5853 
16581 12590 17071 5858 
16591 12599 17084 5863 
16599 12602 17091 5865 
16603 12605 17097 5866 
16607 12611 17099 5873 
16613 12617 17105 5878 
16619 12620 17112 5882 
16631 12624 17119 5886 
16635 12628 17123 5888 
16638 12630 17128 5891 
16644 12637 17136 5898 
16648 12643 17143 5901 
16653 12645 17146 5903 
16665 12651 17153 5905 
16671 12657 17158 5910 
16678 12661 17165 5912 
16685 12666 17168 5914 
16691 12670 17175 5917 
16698 12675 17183 5920 
16703 12680 17189 5922 
16707 12684 17196 5928 
16711 12689 17201 5929 
16722 12692 17210 5930 
16728 12698 17222 5931 
16737 12704 17227 5935 
16746 12711 17235 5939 
16749 12720 17240 5941 
16759 12725 17244 5943 
16761 12729 17254 5945 
16764 12731 17260 5948 
16769 12732 17268 5950 
16771 12736 17273 5952 
16773 12745 17284 5955 
16775 12752 17287 5956 
16779 12758 17294 5959 
16781 12760 17302 5962 
16787 12765 17314 5966 
16787 12772 17323 5967 
16788 12779 17331 5969 
16796 12784 17339 5974 
16801 12788 17346 5974 
16807 12794 17353 5978 
16812 12797 17358 5978 
16817 12805 17360 5979 
16822 12809 17365 5981 
16830 12812 17371 5983 
16841 12815 17380 5987 
16844 12824 17384 5992 
16853 12835 17394 5993 
16856 12841 17402 5994 
16860 12847 17408 5995 
16864 12852 17411 5996 
16871 12854 17418 5999 
16879 12861 17423 5999 
16884 12868 17429 6001 
16888 12872 17433 6003 
16890 12877 17437 6004 
16895 12884 17444 6006 
16902 12890 17448 6007 
16907 12894 17449 6009 
16909 12903 17457 6010 
16915 12909 17465 6012 
16920 12918 17470 6013 
16926 12921 17481 6016 
16930 12926 17485 6016 
16937 12931 17495 6018 
16945 12940 17503 6018 
16949 12943 17509 6022 
16953 12951 17516 6023 
16958 12959 17525 6023 
16965 12964 17533 6025 
16972 12969 17537 6027 
16976 12973 17542 6030 
16980 12978 17548 6032 
16988 12980 17558 6034 
16995 12986 17566 6036 
16995 12992 17569 6039 
16999 12995 17575 6042 
17008 12999 17581 6043 
17013 13006 17587 6045 
17020 13011 17591 6047 
17025 13016 17599 6049 
17028 13024 17611 6054 
17037 13030 17614 6055 
17042 13031 17620 6058 
17046 13034 17623 6060 
17054 13040 17627 6060 
17060 13047 17632 6064 
17064 13054 17644 6064 
17078 13060 17652 6067 
17086 13065 17656 6068 
17095 13072 17658 6070 
17106 13077 17666 6072 
17112 13078 17672 6075 
17116 13081 17680 6079 
17120 13084 17688 6082 
17125 13090 17697 6083 
17132 13094 17702 6086 
17138 13098 17706 6086 
17145 13105 17712 6088 
17149 13107 17722 6090 
17157 13114 17731 6092 
17167 13116 17740 6096 
17175 13118 17747 6098 
17183 13124 17755 6102 
17187 13131 17760 6105 
17189 13138 17763 6108 
17197 13143 17774 6112 
17200 13148 17780 6114 
17205 13154 17787 6117 
17208 13164 17794 6121 
17209 13167 17801 6125 
17215 13170 17805 6128 
17226 13174 17812 6129 
17233 13177 17817 6132 
17239 13182 17822 6132 
17246 13188 17829 6134 
17254 13193 17836 6136 
17259 13198 17845 6139 
17268 13200 17848 6140 
17273 13207 17859 6141 
17282 13213 17862 6142 
17286 13219 17868 6144 
17291 13221 17877 6151 
17293 13230 17889 6152 
17300 13235 17895 6153 
17311 13240 17904 6154 
17317 13248 17913 6160 
17321 13251 17919 6160 
17323 13256 17926 6161 
17330 13263 17933 6165 
17334 13268 17938 6166 
17338 13268 17945 6168 
17345 13270 17946 6171 
17351 13275 17955 6173 
17360 13278 17962 6173 
17366 13285 17966 6175 
17372 13287 17973 6179 
17380 13296 17979 6183 
17385 13297 17986 6184 
17389 13301 17991 6185 
17391 13304 17997 6189 
17398 13308 18006 6193 
17402 13312 18013 6195 
17409 13316 18020 6197 
17417 13319 18024 6197 
17424 13321 18032 6199 
17433 13324 18037 6203 
17437 13328 18039 6205 
17440 13333 18046 6206 
17447 13339 18051 6206 
17456 13342 18056 6207 
17462 13347 18063 6210 
17469 13352 18065 6212 
17477 13357 18071 6216 
17478 13363 18078 6218 
17486 13367 18085 6218 
17491 13374 18095 6221 
17492 13381 18106 6225 
17499 13387 18110 6226 
17506 13391 18122 6228 
17512 13395 18125 6231 
17518 13398 18133 6232 
17521 13401 18141 6233 
17525 13405 18151 6234 
17530 13415 18161 6234 
17536 13419 18170 6236 
17543 13421 18176 6237 
17547 13427 18179 6239 
17557 13432 18188 6239 
17562 13437 18193 6240 
17569 13441 18202 6243 
17574 13443 18205 6249 
17582 13445 18209 6252 
17590 13447 18214 6253 
17595 13454 18216 6255 
17599 13455 18221 6263 
17611 13459 18227 6265 
17614 13464 18237 6267 
17619 13467 18249 6270 
17624 13469 18256 6271 
17631 13474 18263 6274 
17641 13477 18270 6277 
17644 13483 18272 6277 
17649 13490 18279 6282 
17655 13493 18287 6284 
17662 13497 18291 6284 
17671 13503 18297 6288 
17674 13510 18302 6290 
17679 13511 18314 6291 
17686 13517 18328 6294 
17694 13520 18337 6295 
17705 13523 18342 6298 
17710 13526 18345 6298 
17713 13532 18350 6300 
17721 13536 18354 6300 
17730 13537 18363 6304 
17734 13543 18366 6308 
17736 13549 18371 6311 
17740 13554 18377 6312 
17744 13559 18381 6316 
17750 13567 18389 6317 
17761 13572 18394 6319 
17768 13576 18397 6320 
17771 13579 18406 6322 
17776 13584 18412 6324 
17782 13588 18413 6327 
17794 13593 18417 6328 
17798 13596 18422 6328 
17807 13601 18424 6329 
17816 13605 18427 6332 
17828 13612 18440 6337 
17831 13615 18446 6339 
17837 13622 18455 6341 
17843 13631 18462 6343 
17848 13632 18469 6345 
17853 13634 18474 6347 
17855 13640 18479 6350 
17860 13642 18484 6351 
17869 13648 18489 6355 
17876 13657 18496 6360 
17882 13664 18503 6361 
17890 13667 18508 6362 
17892 13671 18515 6362 
17898 13673 18525 6364 
17904 13677 18529 6367 
17914 13680 18535 6370 
17918 13683 18539 6374 
17925 13690 18547 6376 
17930 13694 18554 6382 
17932 13699 18561 6383 
17934 13711 18570 6384 
17941 13715 18573 6386 
17946 13722 18579 6390 
17951 13728 18583 6393 
17960 13734 18588 6394 
17969 13741 18592 6397 
17971 13748 18604 6402 
17976 13753 18613 6402 
17984 13757 18619 6403 
17991 13758 18625 6404 
17994 13761 18633 6408 
17999 13765 18635 6411 
18008 13770 18642 6413 
18010 13775 18650 6418 
18015 13778 18660 6420 
18020 13780 18668 6421 
18027 13787 18677 6423 
18032 13792 18679 6424 
18041 13797 18688 6426 
18044 13803 18693 6428 
18049 13808 18699 6433 
18056 13816 18706 6435 
18061 13822 18709 6439 
18072 13829 18715 6440 
18079 13834 18718 6442 
18084 13841 18719 6446 
18089 13846 18723 6447 
18095 13850 18726 6447 
18101 13855 18731 6449 
18108 13861 18737 6449 
18117 13866 18743 6451 
18119 13871 18755 6453 
18124 13874 18765 6454 
18128 13880 18771 6455 
18135 13890 18777 6458 
18144 13893 18792 6460 
18153 13898 18797 6465 
18156 13901 18804 6467 
18162 13904 18810 6468 
18166 13906 18814 6468 
18171 13908 18818 6470 
18175 13914 18825 6472 
18181 13921 18828 6474 
18189 13929 18834 6475 
18195 13931 18837 6478 
18199 13936 18842 6481 
18203 13939 18850 6482 
18209 13948 18858 6482 
18213 13952 18861 6486 
18222 13963 18868 6487 
18232 13968 18880 6488 
18235 13972 18885 6491 
18243 13977 18891 6492 
18248 13977 18901 6495 
18259 13981 18906 6500 
18261 13983 18920 6500 
18264 13999 18923 6501 
18268 14003 18928 6503 
18272 14007 18935 6504 
18275 14010 18938 6508 
18279 14017 18942 6511 
18282 14021 18945 6512 
18288 14027 18951 6516 
18289 14030 18957 6517 
18297 14035 18961 6518 
18303 14044 18966 6519 
18309 14050 18970 6521 
18315 14057 18978 6523 
18323 14059 18982 6530 
18326 14060 18987 6532 
18333 14062 18990 6534 
18340 14066 18997 6535 
18348 14072 19002 6539 
18355 14079 19008 6541 
18368 14081 19014 6545 
18375 14085 19020 6548 
18378 14089 19030 6548 
18384 14092 19034 6548 
18393 14095 19040 6552 
18400 14099 19048 6553 
18407 14106 19051 6554 
18413 14109 19056 6556 
18416 14114 19062 6559 
18421 14119 19068 6562 
18430 14127 19079 6566 
18435 14128 19086 6569 
18441 14135 19095 6572 
18448 14145 19103 6572 
18454 14153 19106 6574 
18460 14155 19111 6579 
18464 14160 19118 6583 
18469 14164 19126 6583 
18476 14168 19130 6588 
18482 14174 19144 6590 
18489 14177 19152 6591 
18494 14182 19157 6593 
18501 14188 19161 6594 
18506 14192 19169 6595 
18508 14194 19172 6596 
18514 14202 19175 6601 
18516 14206 19182 6602 
18523 14209 19192 6606 
18529 14211 19196 6608 
18536 14213 19202 6611 
18541 14213 19210 6613 
18548 14222 19212 6614 
18552 14223 19217 6615 
18553 14226 19227 6615 
18555 14230 19238 6619 
18558 14232 19247 6621 
18559 14237 19251 6621 
18564 14243 19254 6624 
18571 14246 19260 6625 
18576 14250 19270 6625 
18582 14256 19279 6626 
18587 14261 19283 6628 
18592 14263 19285 6630 
18601 14270 19292 6634 
18609 14273 19299 6634 
18612 14280 19305 6636 
18614 14284 19310 6636 
18621 14289 19316 6640 
18627 14292 19328 6642 
18633 14296 19333 6643 
18638 14300 19340 6643 
18642 14303 19344 6644 
18647 14306 19349 6647 
18655 14311 19357 6648 
18657 14315 19363 6650 
18664 14319 19370 6653 
18671 14323 19376 6658 
18674 14325 19387 6662 
18679 14329 19394 6663 
18685 14334 19401 6666 
18690 14337 19413 6669 
18692 14338 19420 6670 
18698 14341 19425 6673 
18703 14345 19438 6675 
18713 14351 19449 6676 
18716 14357 19462 6678 
18721 14363 19467 6682 
18728 14365 19481 6684 
18733 14368 19483 6688 
18739 14371 19493 6688 
18746 14372 19497 6689 
18751 14382 19505 6694 
18753 14387 19512 6696 
18759 14392 19514 6698 
18766 14402 19519 6699 
18773 14407 19523 6702 
18778 14413 19528 6705 
18784 14418 19537 6707 
18788 14428 19547 6711 
18798 14435 19549 6714 
18806 14439 19558 6716 
18812 14445 19565 6722 
18818 14452 19571 6724 
18827 14458 19576 6727 
18832 14467 19579 6733 
18838 14470 19586 6735 
18845 14472 19597 6737 
18852 14479 19600 6740 
18858 14482 19610 6742 
18862 14486 19616 6748 
18868 14489 19623 6750 
18874 14492 19629 6751 
18878 14497 19631 6754 
18886 14502 19637 6755 
18891 14504 19643 6757 
18893 14508 19643 6757 
18899 14514 19646 6760 
18912 14517 19655 6761 
18919 14520 19665 6766 
18927 14523 19673 6768 
18932 14526 19678 6768 
18934 14532 19683 6771 
18939 14539 19688 6774 
18943 14543 19694 6775 
18950 14552 19699 6777 
18961 14554 19705 6780 
18970 14559 19718 6786 
18975 14564 19729 6788 
18981 14570 19733 6791 
18986 14579 19742 6793 
18988 14585 19747 6798 
18998 14590 19751 6802 
19003 14597 19756 6804 
19008 14603 19762 6805 
19013 14608 19768 6807 
19020 14611 19772 6808 
19030 14614 19781 6809 
19041 14620 19784 6812 
19050 14625 19794 6813 
19055 14630 19801 6816 
19062 14633 19809 6817 
19069 14636 19819 6819 
19072 14637 19825 6823 
19079 14642 19832 6823 
19084 14646 19844 6825 
19089 14652 19847 6826 
19090 14655 19851 6828 
19097 14660 19866 6829 
19107 14664 19872 6829 
19117 14667 19878 6832 
19121 14675 19887 6838 
19126 14679 19895 6839 
19132 14681 19901 6843 
19139 14685 19909 6843 
19143 14692 19913 6845 
19147 14696 19919 6847 
19154 14700 19931 6853 
19160 14701 19942 6857 
19174 14702 19951 6860 
19182 14710 19953 6866 
19187 14716 19959 6867 
19195 14718 19963 6870 
19203 14723 19973 6871 
19211 14729 19979 6874 
19212 14734 19989 6877 
19227 14738 19992 6877 
19238 14742 19999 6880 
19243 14746 20003 6880 
19250 14747 20009 6880 
19257 14752 20014 6885 
19263 14756 20020 6885 
19271 14766 20031 6888 
19274 14774 20039 6889 
19280 14778 20050 6890 
19285 14782 20057 6892 
19295 14785 20063 6895 
19304 14790 20066 6897 
19311 14796 20070 6898 
19315 14800 20077 6899 
19319 14806 20082 6902 
19325 14812 20088 6905 
19328 14817 20095 6908 
19330 14823 20099 6908 
19335 14828 20102 6910 
19341 14834 20110 6910 
19345 14838 20115 6914 
19351 14842 20120 6915 
19355 14846 20126 6918 
19363 14849 20135 6923 
19371 14852 20143 6925 
19375 14857 20150 6927 
19378 14861 20153 6928 
19386 14864 20159 6930 
19396 14870 20166 6933 
19399 14875 20172 6935 
19403 14882 20176 6935 
19406 14886 20178 6935 
19414 14892 20184 6936 
19421 14894 20192 6938 
19424 14895 20194 6942 
19436 14902 20205 6944 
19441 14906 20214 6945 
19447 14909 20218 6947 
19455 14917 20230 6952 
19463 14919 20235 6954 
19467 14924 20242 6955 
19469 14930 20248 6955 
19472 14937 20253 6956 
19482 14942 20256 6958 
19491 14949 20261 6961 
19498 14954 20267 6963 
19505 14960 20275 6964 
19509 14967 20285 6967 
19514 14970 20290 6969 
19522 14971 20298 6970 
19523 14977 20300 6973 
19529 14980 20303 6976 
19537 14984 20310 6977 
19549 14988 20315 6979 
19557 14996 20321 6980 
19564 14997 20327 6983 
19578 15002 20333 6983 
19579 15005 20340 6988 
19586 15009 20342 6989 
19591 15011 20348 6994 
19603 15019 20352 6995 
19609 15027 20355 6997 
19611 15032 20364 7000 
19614 15040 20370 7001 
19621 15045 20378 7001 
19626 15047 20382 7003 
19638 15052 20388 7005 
19641 15055 20393 7006 
19646 15062 20401 7008 
19655 15067 20408 7014 
19660 15071 20418 7018 
19664 15077 20426 7020 
19667 15083 20433 7022 
19671 15087 20435 7024 
19676 15089 20440 7027 
19683 15093 20446 7031 
19691 15099 20451 7032 
19694 15106 20456 7036 
19702 15112 20467 7037 
19712 15117 20483 7040 
19719 15120 20492 7041 
19725 15123 20499 7046 
19730 15126 20502 7048 
19737 15132 20510 7051 
19741 15134 20513 7054 
19745 15142 20521 7056 
19748 15145 20523 7058 
19754 15153 20528 7062 
19762 15156 20535 7065 
19766 15158 20538 7068 
19773 15159 20541 7070 
19776 15165 20549 7073 
19780 15170 20556 7077 
19787 15174 20562 7078 
19791 15176 20568 7080 
19797 15182 20575 7081 
19802 15189 20585 7081 
19805 15195 20591 7084 
19815 15198 20596 7085 
19824 15201 20604 7088 
19830 15204 20613 7088 
19836 15205 20620 7091 
19843 15209 20622 7095 
19850 15215 20625 7096 
19857 15220 20628 7103 
19866 15222 20634 7107 
19874 15230 20637 7109 
19878 15232 20643 7111 
19885 15234 20650 7111 
19891 15237 20653 7115 
19900 15246 20657 7117 
19909 15249 20661 7120 
19914 15257 20669 7123 
19917 15265 20679 7125 
19921 15268 20681 7129 
19925 15275 20685 7129 
19930 15280 20689 7130 
19935 15286 20697 7130 
19941 15291 20703 7133 
19947 15299 20714 7134 
19953 15304 20720 7137 
19960 15307 20727 7138 
19964 15310 20736 7141 
19967 15316 20742 7144 
19975 15321 20751 7148 
19981 15323 20754 7151 
19987 15332 20762 7153 
19995 15337 20765 7156 
20001 15344 20770 7156 
20006 15347 20776 7160 
20010 15349 20781 7162 
20013 15354 20788 7165 
20023 15358 20795 7167 
20027 15366 20798 7170 
20033 15372 20808 7174 
20038 15376 20814 7177 
20049 15383 20819 7177 
20056 15388 20827 7178 
20065 15395 20835 7181 
20075 15400 20837 7185 
20079 15403 20840 7186 
20087 15406 20845 7187 
20091 15413 20853 7188 
20097 15415 20856 7193 
20106 15419 20863 7194 
20121 15426 20870 7198 
20133 15434 20879 7202 
20138 15439 20884 7203 
20144 15441 20886 7205 
20146 15448 20891 7207 
20153 15454 20903 7209 
20158 15462 20908 7213 
20168 15466 20913 7215 
20172 15471 20919 7216 
20177 15477 20927 7218 
20184 15482 20933 7219 
20195 15487 20940 7221 
20200 15492 20948 7223 
20205 15498 20953 7224 
20211 15502 20964 7229 
20221 15507 20971 7229 
20230 15509 20978 7231 
20234 15512 20984 7232 
20245 15518 20989 7233 
20253 15523 20995 7234 
20260 15527 21001 7236 
20264 15532 21007 7242 
20268 15536 21014 7243 
20271 15539 21017 7244 
20278 15546 21025 7245 
20282 15551 21030 7248 
20290 15559 21045 7248 
20296 15565 21050 7251 
20304 15567 21054 7251 
20312 15571 21060 7254 
20320 15579 21065 7257 
20325 15585 21077 7258 
20334 15590 21085 7262 
20343 15595 21096 7265 
20349 15596 21102 7269 
20353 15603 21109 7276 
20362 15607 21119 7277 
20368 15613 21129 7279 
20372 15617 21136 7279 
20381 15621 21144 7280 
20386 15624 21149 7280 
20390 15628 21155 7281 
20395 15636 21162 7284 
20399 15640 21167 7285 
20409 15649 21174 7288 
20416 15657 21183 7291 
20417 15659 21188 7291 
20424 15664 21195 7294 
20431 15672 21199 7297 
20434 15677 21203 7297 
20441 15682 21207 7298 
20451 15685 21209 7303 
20459 15690 21212 7304 
20467 15694 21215 7306 
20468 15698 21221 7308 
20474 15704 21227 7312 
20479 15709 21231 7312 
20481 15715 21238 7316 
20484 15720 21241 7319 
20492 15726 21247 7320 
20501 15731 21256 7320 
20506 15732 21260 7321 
20514 15742 21266 7322 
20521 15749 21270 7323 
20525 15753 21276 7324 
20531 15759 21283 7328 
20535 15765 21290 7329 
20547 15772 21297 7331 
20553 15780 21307 7333 
20563 15787 21316 7335 
20568 15790 21324 7336 
20573 15795 21330 7339 
20575 15801 21338 7342 
20580 15802 21344 7346 
20591 15804 21352 7346 
20595 15808 21357 7350 
20599 15811 21364 7355 
20613 15816 21376 7359 
20618 15819 21382 7365 
20623 15824 21389 7367 
20629 15838 21395 7369 
20633 15841 21400 7371 
20645 15852 21407 7372 
20647 15856 21412 7373 
20653 15864 21416 7374 
20660 15868 21420 7375 
20669 15879 21426 7376 
20672 15889 21433 7379 
20676 15892 21441 7382 
20680 15900 21445 7383 
20685 15912 21453 7386 
20690 15915 21460 7389 
20694 15917 21470 7390 
20700 15925 21476 7391 
20704 15929 21481 7393 
20715 15933 21488 7395 
20721 15935 21498 7397 
20728 15943 21501 7400 
20734 15943 21505 7401 
20744 15948 21510 7403 
20757 15953 21516 7406 
20763 15955 21520 7407 
20768 15959 21528 7408 
20773 15961 21535 7411 
20776 15963 21545 7412 
20782 15978 21550 7417 
20789 15983 21557 7418 
20791 15990 21566 7422 
20794 15998 21572 7423 
20799 16003 21576 7423 
20806 16010 21582 7425 
20809 16017 21591 7425 
20817 16022 21595 7426 
20827 16027 21601 7427 
20834 16037 21607 7427 
20836 16041 21618 7429 
20841 16047 21625 7431 
20844 16053 21631 7432 
20852 16060 21639 7435 
20861 16062 21647 7436 
20867 16065 21655 7439 
20873 16067 21665 7441 
20882 16070 21667 7443 
20890 16078 21676 7447 
20896 16086 21684 7451 
20905 16092 21689 7454 
20909 16099 21695 7455 
20915 16107 21708 7459 
20918 16116 21716 7461 
20926 16119 21723 7464 
20932 16123 21734 7469 
20938 16131 21738 7469 
20945 16142 21748 7473 
20949 16150 21760 7473 
20957 16158 21763 7474 
20964 16164 21774 7478 
20966 16172 21786 7484 
20974 16175 21793 7487 
20982 16177 21799 7490 
20987 16186 21806 7495 
20995 16193 21812 7498 
21002 16197 21816 7502 
21009 16202 21826 7504 
21015 16206 21830 7506 
21021 16209 21837 7510 
21027 16214 21843 7511 
21032 16221 21849 7513 
21037 16226 21854 7516 
21042 16230 21866 7516 
21050 16235 21873 7518 
21054 16236 21876 7520 
21063 16242 21885 7525 
21071 16246 21894 7525 
21077 16249 21897 7527 
21082 16255 21902 7529 
21089 16261 21908 7532 
21093 16264 21909 7534 
21102 16268 21913 7536 
21109 16274 21918 7542 
21121 16277 21923 7544 
21127 16282 21927 7547 
21135 16286 21931 7552 
21140 16288 21943 7554 
21147 16293 21956 7557 
21157 16297 21965 7561 
21164 16301 21974 7566 
21171 16309 21984 7568 
21177 16316 21992 7573 
21184 16322 22000 7576 
21188 16327 22004 7576 
21194 16333 22012 7577 
21200 16335 22021 7583 
21201 16339 22029 7588 
21207 16344 22035 7590 
21214 16350 22052 7593 
21220 16354 22061 7594 
21230 16356 22066 7595 
21236 16361 22072 7597 
21243 16371 22076 7601 
21248 16376 22082 7603 
21250 16378 22085 7604 
21257 16383 22087 7604 
21267 16390 22094 7609 
21273 16393 22104 7609 
21278 16402 22113 7610 
21289 16406 22119 7612 
21295 16408 22124 7618 
21303 16412 22138 7620 
21308 16418 22144 7623 
21316 16429 22153 7625 
21322 16430 22163 7628 
21326 16435 22169 7631 
21331 16444 22175 7634 
21335 16451 22180 7641 
21343 16460 22187 7644 
21351 16470 22194 7645 
21354 16479 22204 7650 
21359 16483 22207 7651 
21361 16489 22210 7655 
21370 16493 22216 7658 
21377 16499 22225 7658 
21386 16506 22233 7661 
21392 16512 22240 7663 
21395 16515 22246 7665 
21406 16519 22253 7668 
21416 16529 22262 7671 
21424 16534 22270 7671 
21431 16537 22279 7675 
21439 16540 22285 7680 
21445 16545 22292 7684 
21456 16550 22302 7684 
21466 16558 22310 7685 
21472 16564 22312 7687 
21482 16571 22315 7690 
21487 16575 22322 7691 
21490 16581 22327 7691 
21496 16584 22334 7694 
21504 16592 22341 7697 
21511 16596 22351 7700 
21518 16599 22363 7704 
21528 16603 22366 7707 
21534 16608 22370 7711 
21538 16611 22382 7715 
21546 16616 22385 7717 
21552 16622 22391 7718 
21559 16630 22396 7721 
21567 16634 22398 7723 
21571 16640 22406 7726 
21576 16645 22414 7727 
21578 16650 22420 7729 
21584 16652 22423 7732 
21588 16656 22429 7735 
21592 16658 22433 7735 
21598 16659 22440 7736 
21603 16668 22445 7739 
21610 16678 22447 7740 
21616 16681 22452 7746 
21625 16682 22461 7748 
21635 16688 22469 7748 
21639 16697 22475 7752 
21647 16703 22482 7754 
21653 16709 22490 7757 
21655 16715 22498 7761 
21661 16721 22504 7765 
21676 16726 22512 7766 
21684 16729 22522 7766 
21687 16740 22533 7772 
21695 16745 22540 7774 
21702 16750 22543 7777 
21708 16757 22548 7777 
21712 16763 22556 7777 
21716 16767 22565 7781 
21719 16773 22570 7783 
21726 16778 22578 7784 
21733 16783 22588 7786 
21746 16789 22594 7789 
21751 16795 22602 7793 
21756 16803 22604 7796 
21762 16810 22610 7800 
21772 16815 22615 7801 
21778 16826 22619 7806 
21783 16829 22624 7808 
21788 16831 22632 7812 
21791 16837 22635 7815 
21799 16839 22641 7817 
21803 16844 22646 7820 
21810 16847 22651 7822 
21814 16852 22654 7827 
21818 16856 22657 7830 
21824 16858 22665 7834 
21829 16864 22669 7836 
21835 16869 22678 7838 
21842 16875 22684 7840 
21852 16883 22690 7842 
21859 16888 22700 7843 
21860 16896 22713 7845 
21867 16903 22719 7848 
21871 16909 22723 7848 
21877 16916 22730 7848 
21884 16921 22737 7851 
21892 16922 22746 7854 
21894 16927 22755 7857 
21901 16931 22762 7860 
21910 16938 22773 7860 
21917 16946 22784 7861 
21925 16949 22789 7863 
21928 16955 22795 7864 
21933 16961 22802 7866 
21940 16969 22810 7868 
21946 16972 22817 7870 
21953 16976 22826 7875 
21960 16985 22834 7877 
21969 16991 22842 7880 
21976 16996 22851 7883 
21982 16998 22855 7887 
21991 17010 22863 7888 
21996 17015 22867 7888 
22002 17017 22873 7892 
22009 17020 22876 7894 
22015 17027 22887 7899 
22023 17032 22891 7902 
22027 17036 22899 7902 
22031 17043 22904 7905 
22038 17045 22914 7908 
22043 17050 22920 7910 
22048 17054 22928 7917 
22055 17058 22934 7919 
22062 17060 22940 7920 
22069 17064 22945 7922 
22069 17073 22954 7924 
22075 17077 22959 7925 
22079 17087 22968 7927 
22084 17088 22975 7927 
22089 17098 22983 7929 
22099 17105 22994 7930 
22103 17112 22999 7934 
22107 17121 23007 7935 
22113 17132 23014 7939 
22119 17135 23018 7942 
22125 17139 23023 7944 
22133 17144 23032 7949 
22140 17148 23042 7952 
22149 17154 23050 7953 
22156 17156 23055 7958 
22162 17161 23061 7960 
22163 17165 23070 7962 
22167 17169 23079 7964 
22176 17172 23083 7968 
22188 17174 23088 7969 
22194 17178 23095 7969 
22194 17183 23101 7972 
22205 17191 23107 7975 
22213 17194 23113 7975 
22216 17198 23122 7976 
22220 17207 23132 7979 
22227 17215 23138 7980 
22233 17222 23143 7980 
22239 17227 23150 7981 
22243 17230 23156 7985 
22253 17233 23161 7985 
22262 17235 23168 7988 
22270 17236 23178 7991 
22279 17239 23186 7993 
22283 17242 23190 7994 
22290 17247 23197 7997 
22295 17255 23202 8002 
22301 17260 23208 8003 
22308 17267 23213 8003 
22314 17268 23225 8008 
22322 17274 23230 8009 
22330 17283 23239 8011 
22343 17290 23252 8016 
22348 17298 23258 8018 
22355 17303 23263 8019 
22361 17312 23271 8028 
22364 17317 23276 8029 
22374 17326 23282 8031 
22379 17330 23290 8033 
22383 17333 23295 8038 
22389 17342 23307 8041 
22390 17349 23310 8042 
