0 0 0 0 
5 3 4 5 
12 4 8 5 
17 8 14 8 
21 15 18 12 
26 19 25 13 
32 21 27 15 
41 26 34 16 
47 30 38 17 
58 31 45 18 
64 34 52 19 
69 39 59 21 
72 42 63 23 
77 43 70 26 
80 46 71 28 
85 47 72 30 
91 49 79 31 
94 52 82 32 
96 55 84 34 
102 60 92 38 
108 63 99 40 
111 64 108 42 
117 69 114 47 
123 69 119 49 
131 71 119 49 
136 73 124 51 
143 78 127 53 
149 82 132 58 
153 82 141 60 
167 88 147 63 
173 93 150 67 
175 95 151 67 
188 101 159 68 
192 106 161 68 
198 107 170 71 
201 108 176 74 
210 112 185 76 
218 113 190 79 
224 117 191 82 
229 122 197 82 
232 124 202 85 
240 132 207 87 
248 135 214 89 
253 141 217 91 
260 144 222 93 
266 145 227 93 
270 150 231 94 
275 152 237 97 
284 153 242 99 
290 156 247 103 
299 159 253 103 
308 163 257 104 
315 165 260 106 
320 168 261 107 
322 172 265 108 
332 179 275 108 
334 183 277 113 
337 184 279 115 
339 185 285 116 
348 188 288 118 
355 191 292 120 
360 196 296 121 
364 200 307 122 
371 203 309 123 
375 203 313 124 
377 206 317 128 
382 212 321 132 
388 214 325 134 
393 216 329 135 
395 219 336 138 
403 221 343 140 
403 224 348 141 
413 225 352 141 
418 228 356 141 
424 230 361 143 
427 233 365 146 
430 235 367 146 
435 239 373 150 
440 240 381 151 
446 244 383 153 
451 246 391 154 
452 250 394 156 
460 255 400 158 
467 256 405 160 
473 257 409 162 
476 263 417 164 
480 268 419 167 
484 269 426 170 
488 272 434 170 
494 278 438 171 
499 279 445 172 
507 283 451 173 
512 288 458 174 
522 293 462 175 
527 295 465 176 
530 300 470 178 
535 303 473 180 
543 305 476 181 
547 314 480 185 
553 318 486 186 
558 325 490 186 
564 327 491 186 
573 333 495 187 
577 341 501 188 
586 344 506 190 
588 349 514 190 
589 353 516 191 
598 356 520 193 
601 358 524 195 
606 359 527 196 
613 362 533 201 
618 367 535 206 
624 373 540 207 
628 375 544 209 
636 376 550 210 
642 379 554 213 
645 382 559 214 
650 386 563 214 
654 388 569 216 
662 390 577 217 
668 396 580 220 
673 399 587 222 
679 404 592 226 
685 407 598 228 
688 410 611 228 
691 412 616 229 
693 416 624 229 
696 421 628 230 
702 421 633 230 
703 426 641 232 
708 429 644 236 
712 431 650 241 
717 433 657 241 
723 442 661 244 
730 445 667 248 
734 450 674 248 
736 456 681 248 
740 458 683 252 
742 460 689 254 
753 465 690 255 
759 469 695 256 
762 473 701 257 
776 476 708 260 
780 480 713 262 
782 485 718 263 
787 487 721 263 
792 488 728 265 
799 492 737 268 
807 500 740 272 
811 505 744 272 
817 509 747 273 
820 512 752 273 
827 514 757 274 
832 519 760 276 
833 525 766 278 
837 526 771 279 
841 528 777 279 
848 530 782 282 
854 531 787 283 
857 533 792 285 
859 537 802 287 
861 543 804 288 
864 550 809 288 
869 556 816 288 
873 557 823 289 
876 559 828 294 
882 561 838 297 
883 565 844 298 
886 569 847 300 
890 572 854 302 
895 573 860 305 
897 575 864 310 
900 579 869 310 
904 581 873 313 
914 584 878 313 
917 587 881 316 
923 592 889 319 
925 596 892 321 
935 602 896 322 
941 605 902 324 
944 608 909 327 
948 614 914 328 
953 616 918 329 
956 626 926 329 
959 626 932 330 
961 626 934 332 
967 628 941 333 
973 630 944 334 
980 631 948 337 
988 632 955 338 
994 636 958 341 
1002 643 963 342 
1008 649 968 343 
1014 654 973 349 
1022 656 980 351 
1030 663 984 354 
1031 666 990 355 
1035 670 997 357 
1045 675 1001 360 
1049 681 1002 362 
1056 684 1006 363 
1061 689 1009 365 
1069 695 1014 366 
1078 700 1021 369 
1084 702 1026 371 
1090 705 1031 373 
1095 707 1038 377 
1100 713 1045 378 
1102 716 1051 382 
1110 720 1055 384 
1114 724 1061 385 
1119 726 1065 385 
1127 729 1072 385 
1133 732 1077 388 
1136 732 1081 388 
1140 733 1085 390 
1146 740 1091 391 
1150 742 1097 392 
1161 749 1103 393 
1166 752 1110 397 
1172 758 1113 398 
1176 762 1116 398 
1183 764 1121 399 
1188 769 1127 402 
1194 771 1131 402 
1198 772 1136 404 
1211 774 1144 407 
1218 778 1147 408 
1223 786 1153 409 
1228 788 1156 413 
1233 795 1160 417 
1237 799 1165 419 
1240 800 1173 421 
1247 805 1181 423 
1258 807 1185 424 
1266 809 1186 428 
1270 812 1192 431 
1273 818 1198 434 
1278 823 1204 436 
1285 830 1206 439 
1291 831 1209 440 
1299 836 1213 441 
1303 842 1219 445 
1309 846 1223 447 
1310 852 1228 450 
1319 854 1236 453 
1328 857 1239 454 
1334 864 1242 456 
1346 865 1246 459 
1354 869 1253 462 
1358 875 1259 463 
1360 877 1267 465 
1365 881 1271 466 
1378 883 1278 467 
1382 890 1283 468 
1386 893 1286 469 
1390 894 1290 470 
1401 898 1293 471 
1403 901 1295 476 
1411 903 1302 477 
1417 905 1306 479 
1424 909 1316 482 
1429 913 1323 483 
1436 921 1326 486 
1443 922 1331 489 
1447 925 1336 493 
1454 930 1341 493 
1460 931 1351 493 
1467 933 1353 494 
1471 936 1359 496 
1476 940 1364 497 
1479 943 1374 498 
1484 946 1378 501 
1487 947 1384 504 
1493 948 1390 505 
1497 955 1392 506 
1500 965 1394 507 
1501 972 1398 510 
1507 974 1403 510 
1512 979 1408 514 
1515 984 1410 514 
1521 989 1413 515 
1523 992 1417 515 
1527 997 1422 517 
1533 1000 1426 520 
1539 1003 1431 520 
1547 1008 1436 522 
1552 1015 1441 525 
1560 1020 1443 526 
1565 1025 1446 526 
1569 1030 1455 527 
1573 1032 1458 529 
1578 1039 1463 530 
1580 1040 1464 530 
1586 1043 1469 534 
1588 1047 1480 534 
1594 1049 1490 537 
1599 1049 1496 539 
1604 1053 1500 540 
1608 1057 1505 545 
1611 1063 1509 546 
1618 1067 1514 550 
1624 1070 1518 551 
1628 1074 1521 553 
1633 1075 1532 556 
1637 1079 1532 559 
1641 1084 1537 561 
1651 1084 1543 562 
1657 1087 1551 564 
1664 1089 1560 568 
1668 1092 1567 569 
1670 1095 1572 569 
1674 1100 1577 570 
1679 1103 1586 572 
1686 1111 1587 572 
1691 1116 1598 576 
1694 1116 1606 577 
1702 1119 1609 577 
1708 1123 1615 580 
1716 1128 1618 582 
1725 1130 1627 584 
1732 1135 1632 584 
1735 1139 1637 587 
1737 1143 1644 588 
1743 1147 1650 589 
1749 1149 1657 591 
1752 1152 1661 593 
1757 1157 1669 595 
1765 1163 1675 596 
1769 1167 1681 600 
1771 1170 1683 601 
1781 1174 1687 603 
1788 1179 1690 608 
1793 1182 1697 609 
1795 1183 1702 612 
1799 1185 1709 613 
1802 1191 1712 615 
1806 1196 1717 615 
1813 1198 1721 617 
1822 1200 1727 617 
1830 1204 1731 621 
1831 1208 1734 622 
1836 1211 1739 624 
1844 1219 1745 625 
1849 1225 1747 627 
1853 1229 1751 629 
1858 1233 1756 630 
1867 1238 1762 632 
1872 1240 1765 633 
1874 1246 1772 636 
1877 1250 1781 636 
1881 1256 1783 639 
1886 1260 1788 640 
1889 1263 1795 640 
1893 1265 1800 641 
1897 1266 1802 642 
1902 1268 1805 646 
1907 1270 1809 650 
1914 1271 1812 655 
1923 1274 1813 659 
1927 1278 1817 662 
1936 1281 1823 663 
1942 1284 1828 663 
1950 1290 1832 666 
1954 1291 1836 668 
1958 1295 1841 670 
1967 1299 1844 672 
1973 1302 1848 674 
1977 1306 1854 674 
1983 1312 1859 677 
1985 1316 1863 678 
1992 1319 1873 678 
1998 1324 1878 680 
2001 1328 1885 682 
2006 1333 1889 684 
2014 1336 1891 685 
2023 1337 1896 687 
2027 1341 1904 689 
2030 1343 1910 695 
2033 1346 1914 696 
2039 1352 1918 697 
2042 1358 1921 698 
2048 1364 1925 702 
2057 1366 1933 703 
2062 1367 1941 705 
2067 1371 1944 706 
2073 1373 1948 708 
2077 1378 1955 711 
2081 1384 1963 716 
2081 1385 1968 718 
2084 1388 1971 718 
2091 1394 1973 718 
2097 1399 1976 718 
2103 1404 1983 719 
2109 1407 1986 720 
2116 1411 1990 720 
2121 1413 1993 721 
2125 1416 2001 724 
2128 1419 2009 724 
2136 1422 2016 728 
2138 1425 2020 729 
2147 1428 2022 731 
2153 1433 2031 734 
2160 1436 2040 736 
2168 1438 2044 736 
2173 1439 2048 738 
2178 1440 2054 741 
2185 1446 2060 743 
2189 1451 2065 744 
2191 1453 2069 751 
2196 1458 2075 752 
2199 1459 2084 753 
2208 1461 2089 758 
2210 1465 2093 758 
2213 1470 2097 761 
2220 1476 2103 762 
2225 1480 2106 765 
2233 1482 2110 770 
2239 1486 2117 772 
2243 1489 2121 773 
2250 1492 2126 776 
2256 1499 2130 777 
2262 1502 2134 777 
2269 1505 2140 779 
2274 1510 2146 780 
2278 1513 2151 782 
2285 1515 2155 784 
2287 1517 2163 786 
2292 1522 2173 788 
2295 1523 2180 790 
2300 1527 2188 791 
2302 1532 2190 792 
2310 1534 2194 795 
2315 1541 2198 797 
2322 1543 2204 800 
2330 1543 2207 800 
2333 1546 2209 800 
2338 1550 2212 803 
2339 1557 2222 804 
2346 1559 2223 808 
2353 1562 2225 811 
2357 1564 2229 812 
2363 1571 2233 816 
2373 1574 2237 816 
2379 1578 2243 821 
2382 1582 2244 823 
2390 1586 2249 823 
2392 1590 2253 827 
2400 1593 2258 828 
2406 1596 2259 829 
2416 1598 2262 829 
2419 1601 2266 831 
2423 1606 2275 832 
2427 1614 2282 833 
2432 1617 2284 833 
2435 1621 2288 834 
2439 1625 2295 836 
2443 1628 2302 837 
2453 1632 2308 837 
2458 1636 2312 838 
2463 1639 2318 838 
2471 1643 2324 842 
2476 1646 2330 843 
2483 1648 2331 845 
2488 1652 2334 847 
2495 1653 2341 847 
2501 1655 2346 850 
2506 1662 2349 854 
2510 1664 2355 855 
2518 1668 2361 856 
2525 1675 2366 859 
2526 1678 2374 860 
2532 1682 2387 860 
2539 1685 2393 861 
2549 1687 2400 862 
2556 1691 2405 865 
2561 1694 2410 868 
2565 1694 2417 868 
2572 1696 2422 872 
2577 1701 2425 875 
2580 1703 2431 875 
2588 1710 2435 876 
2590 1718 2439 876 
2594 1722 2443 876 
2598 1726 2446 878 
2603 1733 2450 879 
2606 1737 2454 881 
2610 1741 2462 883 
2614 1743 2466 884 
2619 1746 2471 887 
2623 1752 2477 888 
2631 1755 2483 888 
2635 1759 2486 890 
2640 1763 2492 893 
2644 1766 2494 896 
2650 1771 2502 896 
2655 1774 2504 898 
2657 1783 2513 898 
2663 1786 2520 898 
2673 1793 2523 900 
2676 1795 2528 900 
2682 1795 2532 903 
2685 1798 2540 904 
2689 1804 2547 906 
2695 1809 2551 908 
2697 1815 2556 910 
2704 1822 2560 911 
2711 1823 2568 914 
2716 1828 2572 916 
2719 1831 2579 916 
2726 1832 2584 916 
2735 1835 2589 917 
2742 1841 2593 918 
2747 1842 2595 918 
2753 1846 2600 920 
2757 1853 2605 922 
2760 1862 2608 924 
2764 1866 2610 925 
2772 1869 2613 927 
2774 1873 2617 928 
2781 1875 2622 929 
2791 1878 2629 930 
2795 1881 2638 932 
2795 1886 2642 932 
2798 1889 2643 932 
2803 1893 2647 935 
2807 1896 2653 938 
2811 1898 2655 938 
2816 1905 2662 941 
2821 1912 2663 943 
2826 1916 2667 945 
2831 1919 2673 948 
2832 1924 2679 949 
2839 1928 2683 951 
2843 1931 2687 955 
2844 1941 2693 955 
2847 1943 2695 957 
2852 1950 2696 962 
2862 1954 2701 964 
2864 1959 2705 966 
2871 1963 2710 966 
2879 1969 2714 968 
2884 1970 2718 970 
2887 1975 2727 970 
2892 1977 2732 971 
2896 1981 2740 975 
2902 1988 2744 975 
2905 1990 2749 975 
2915 1996 2755 977 
2919 2002 2758 980 
2919 2006 2764 982 
2923 2010 2769 982 
2928 2016 2782 982 
2933 2018 2784 983 
2938 2023 2791 984 
2943 2026 2797 988 
2944 2030 2805 992 
2953 2032 2817 993 
2961 2034 2824 993 
2967 2036 2834 994 
2972 2039 2839 996 
2977 2040 2846 996 
2977 2044 2857 1001 
2983 2049 2859 1003 
2988 2050 2863 1005 
2992 2053 2872 1007 
3000 2057 2874 1007 
3009 2061 2879 1011 
3013 2062 2887 1013 
3018 2065 2892 1016 
3022 2068 2898 1019 
3030 2071 2902 1021 
3036 2074 2905 1023 
3043 2075 2908 1026 
3049 2076 2912 1027 
3058 2080 2919 1028 
3061 2084 2922 1029 
3067 2087 2925 1032 
3075 2091 2934 1033 
3079 2096 2937 1036 
3085 2097 2946 1038 
3094 2101 2950 1039 
3103 2108 2956 1041 
3110 2110 2965 1045 
3116 2114 2973 1045 
3121 2114 2982 1046 
3126 2117 2987 1048 
3132 2121 2992 1049 
3140 2125 2994 1052 
3147 2131 2997 1054 
3152 2136 3001 1057 
3159 2137 3006 1058 
3163 2138 3015 1060 
3170 2142 3021 1062 
3174 2142 3024 1065 
3177 2147 3030 1065 
3179 2150 3035 1068 
3182 2153 3039 1071 
3189 2159 3044 1073 
3196 2162 3048 1075 
3201 2166 3056 1076 
3203 2170 3060 1077 
3209 2180 3064 1078 
3212 2186 3067 1079 
3214 2193 3074 1081 
3221 2197 3078 1087 
3228 2205 3084 1087 
3229 2207 3094 1088 
3235 2210 3100 1088 
3240 2212 3107 1088 
3243 2212 3115 1089 
3247 2214 3119 1090 
3252 2219 3127 1090 
3255 2224 3131 1094 
3258 2228 3137 1098 
3264 2231 3142 1100 
3269 2234 3149 1101 
3272 2237 3154 1103 
3275 2241 3160 1104 
3278 2244 3165 1106 
3282 2246 3170 1111 
3287 2251 3174 1111 
3290 2253 3180 1113 
3293 2255 3191 1113 
3302 2258 3201 1113 
3306 2262 3209 1114 
3311 2264 3215 1115 
3316 2271 3220 1117 
3323 2274 3222 1119 
3329 2274 3233 1123 
3334 2280 3234 1125 
3337 2287 3240 1126 
3344 2291 3244 1128 
3346 2293 3247 1128 
3352 2298 3252 1129 
3358 2307 3256 1131 
3370 2315 3260 1132 
3375 2319 3263 1134 
3384 2323 3267 1135 
3391 2329 3271 1135 
3394 2334 3274 1139 
3400 2338 3277 1141 
3402 2343 3282 1144 
3406 2349 3288 1148 
3413 2350 3294 1151 
3414 2353 3301 1152 
3419 2357 3304 1154 
3421 2364 3309 1155 
3427 2366 3317 1159 
3434 2369 3321 1161 
3438 2373 3329 1164 
3443 2377 3338 1170 
3449 2379 3344 1172 
3455 2381 3350 1173 
3459 2385 3356 1175 
3468 2386 3361 1177 
3475 2389 3368 1179 
3476 2391 3371 1181 
3484 2392 3377 1183 
3493 2395 3378 1185 
3502 2399 3384 1186 
3505 2405 3390 1187 
3512 2410 3392 1189 
3516 2417 3395 1191 
3521 2418 3401 1192 
3525 2422 3408 1194 
3529 2424 3417 1198 
3532 2427 3421 1200 
3533 2437 3425 1202 
3542 2443 3430 1203 
3544 2448 3432 1206 
3548 2450 3440 1206 
3557 2452 3449 1208 
3566 2456 3456 1210 
3570 2459 3464 1213 
3576 2462 3467 1214 
3584 2465 3471 1215 
3591 2467 3474 1216 
3597 2473 3481 1218 
3605 2479 3489 1219 
3610 2484 3490 1222 
3613 2487 3492 1228 
3616 2491 3501 1231 
3619 2495 3503 1233 
3624 2499 3510 1234 
3632 2501 3516 1236 
3640 2506 3524 1240 
3645 2508 3529 1241 
3650 2509 3537 1241 
3655 2514 3540 1243 
3659 2518 3543 1247 
3669 2522 3549 1247 
3672 2525 3554 1247 
3679 2534 3556 1248 
3685 2539 3560 1249 
3692 2539 3565 1250 
3695 2541 3570 1252 
3701 2542 3574 1253 
3706 2543 3578 1253 
3710 2552 3583 1254 
3715 2557 3586 1255 
3719 2563 3593 1256 
3722 2565 3598 1259 
3727 2569 3601 1260 
3730 2571 3604 1261 
3735 2577 3612 1263 
3739 2583 3613 1266 
3741 2586 3620 1267 
3745 2590 3625 1268 
3750 2594 3633 1271 
3759 2597 3638 1276 
3767 2601 3648 1277 
3773 2606 3654 1281 
3779 2609 3659 1284 
3782 2616 3662 1287 
3788 2620 3669 1289 
3799 2623 3676 1290 
3803 2629 3682 1292 
3810 2630 3687 1293 
3814 2635 3691 1296 
3819 2636 3694 1299 
3823 2640 3701 1302 
3827 2641 3703 1305 
3835 2645 3706 1305 
3839 2649 3714 1307 
3843 2655 3720 1309 
3844 2658 3729 1312 
3850 2663 3733 1316 
3852 2665 3740 1322 
3856 2669 3743 1325 
3861 2673 3751 1328 
3867 2676 3759 1329 
3874 2683 3765 1333 
3881 2685 3770 1338 
3886 2691 3777 1341 
3894 2695 3784 1345 
3900 2699 3788 1346 
3904 2702 3794 1347 
3915 2706 3798 1348 
3920 2710 3804 1350 
3930 2712 3807 1350 
3939 2715 3815 1350 
3945 2716 3827 1351 
3953 2721 3834 1351 
3959 2723 3839 1352 
3969 2728 3845 1354 
3974 2735 3849 1358 
3979 2741 3853 1360 
3987 2743 3857 1362 
3991 2746 3862 1363 
3995 2748 3868 1366 
4000 2755 3873 1371 
4006 2760 3878 1374 
4008 2766 3881 1374 
4012 2769 3889 1374 
4016 2772 3892 1377 
4019 2777 3898 1380 
4025 2782 3907 1383 
4031 2787 3913 1385 
4035 2793 3919 1386 
4040 2801 3924 1390 
4050 2801 3932 1391 
4056 2807 3941 1394 
4061 2811 3943 1395 
4068 2815 3945 1400 
4075 2816 3949 1402 
4078 2820 3953 1406 
4080 2823 3958 1408 
4082 2827 3966 1411 
4090 2832 3968 1413 
4094 2836 3977 1415 
4095 2841 3984 1416 
4101 2843 3995 1416 
4103 2843 4002 1419 
4109 2852 4009 1423 
4112 2856 4014 1424 
4118 2864 4018 1424 
4123 2869 4022 1426 
4127 2876 4028 1428 
4134 2879 4038 1429 
4140 2881 4040 1430 
4147 2883 4045 1432 
4155 2887 4051 1436 
4158 2896 4061 1436 
4162 2903 4069 1436 
4169 2905 4072 1436 
4176 2906 4076 1437 
4182 2909 4081 1442 
4183 2913 4086 1446 
4190 2922 4090 1448 
4191 2927 4094 1453 
4194 2931 4099 1454 
4197 2933 4103 1456 
4204 2939 4112 1456 
4210 2942 4116 1456 
4213 2944 4122 1457 
4218 2946 4131 1459 
4225 2948 4133 1460 
4229 2950 4136 1462 
4236 2950 4137 1462 
4244 2951 4144 1463 
4248 2955 4151 1466 
4257 2957 4155 1468 
4263 2960 4160 1471 
4267 2962 4171 1471 
4276 2967 4174 1473 
4279 2968 4181 1474 
4287 2973 4184 1475 
4291 2974 4189 1476 
4298 2975 4198 1478 
4304 2978 4203 1479 
4313 2985 4212 1483 
4321 2990 4221 1484 
4326 2992 4230 1485 
4332 2997 4234 1486 
4337 3001 4240 1490 
4344 3003 4244 1492 
4350 3009 4245 1492 
4353 3012 4251 1493 
4360 3012 4255 1497 
4367 3017 4262 1497 
4372 3022 4268 1498 
4382 3030 4272 1499 
4389 3034 4279 1502 
4395 3043 4289 1503 
4399 3045 4292 1506 
4405 3049 4296 1509 
4410 3052 4300 1509 
4416 3056 4305 1511 
4424 3058 4312 1517 
4432 3060 4322 1518 
4439 3062 4326 1520 
4442 3067 4329 1522 
4445 3070 4334 1524 
4450 3072 4338 1524 
4455 3076 4342 1525 
4462 3080 4350 1530 
4470 3086 4354 1531 
4473 3088 4356 1534 
4479 3092 4358 1536 
4487 3096 4364 1536 
4492 3098 4370 1538 
4496 3103 4374 1538 
4500 3111 4386 1539 
4507 3112 4394 1543 
4516 3116 4399 1545 
4521 3121 4407 1545 
4529 3127 4412 1545 
4531 3131 4416 1548 
4536 3134 4420 1556 
4544 3141 4426 1558 
4547 3145 4431 1561 
4551 3149 4439 1563 
4558 3151 4443 1565 
4560 3156 4451 1567 
4564 3158 4453 1567 
4568 3162 4459 1568 
4572 3165 4461 1568 
4574 3168 4463 1571 
4578 3173 4468 1571 
4593 3177 4473 1573 
4599 3187 4482 1576 
4606 3189 4487 1578 
4609 3197 4493 1579 
4619 3199 4501 1581 
4624 3200 4505 1582 
4632 3205 4511 1583 
4634 3207 4520 1583 
4639 3210 4527 1587 
4642 3213 4534 1593 
4650 3221 4537 1597 
4660 3226 4545 1600 
4665 3228 4552 1601 
4673 3233 4555 1601 
4677 3237 4559 1601 
4687 3242 4565 1602 
4691 3253 4571 1605 
4695 3256 4580 1606 
4698 3260 4588 1610 
4705 3264 4590 1612 
4710 3266 4595 1615 
4713 3269 4599 1616 
4724 3275 4602 1617 
4732 3279 4610 1619 
4735 3281 4616 1620 
4735 3284 4620 1623 
4737 3286 4631 1625 
4740 3294 4635 1626 
4743 3298 4638 1627 
4748 3299 4644 1630 
4757 3304 4651 1633 
4761 3310 4655 1636 
4766 3312 4658 1637 
4776 3313 4661 1637 
4782 3316 4669 1639 
4786 3321 4675 1641 
4791 3325 4680 1643 
4802 3327 4683 1644 
4805 3328 4694 1644 
4809 3330 4695 1647 
4813 3338 4699 1648 
4820 3339 4705 1652 
4825 3346 4712 1654 
4832 3349 4718 1655 
4840 3353 4726 1657 
4846 3363 4731 1661 
4854 3366 4737 1663 
4859 3372 4747 1665 
4864 3378 4753 1665 
4870 3380 4762 1667 
4876 3384 4765 1667 
4885 3386 4770 1671 
4890 3389 4775 1673 
4894 3395 4780 1678 
4899 3399 4785 1678 
4910 3401 4789 1681 
4913 3403 4793 1684 
4923 3407 4800 1685 
4926 3408 4805 1686 
4929 3412 4811 1688 
4933 3418 4813 1690 
4937 3423 4817 1696 
4943 3425 4820 1699 
4947 3428 4828 1701 
4951 3432 4834 1701 
4960 3434 4842 1701 
4965 3440 4849 1702 
4968 3443 4852 1702 
4971 3444 4856 1703 
4976 3447 4863 1704 
4981 3447 4867 1706 
4985 3452 4869 1708 
4991 3454 4879 1710 
4995 3460 4884 1712 
5002 3464 4889 1714 
5011 3475 4898 1715 
5018 3478 4906 1718 
5021 3482 4911 1720 
5027 3489 4919 1723 
5033 3496 4927 1723 
5039 3501 4933 1724 
5045 3504 4937 1726 
5051 3509 4942 1729 
5057 3513 4948 1733 
5062 3513 4954 1734 
5069 3516 4959 1735 
5073 3519 4961 1737 
5081 3523 4968 1739 
5088 3527 4971 1742 
5093 3532 4982 1747 
5096 3535 4986 1749 
5098 3540 4993 1751 
5104 3540 5000 1754 
5110 3542 5005 1754 
5114 3546 5009 1755 
5122 3550 5013 1755 
5129 3555 5015 1756 
5135 3556 5019 1758 
5136 3563 5025 1761 
5141 3568 5028 1765 
5142 3571 5030 1766 
5147 3574 5036 1769 
5154 3578 5042 1771 
5159 3587 5050 1772 
5169 3594 5052 1775 
5173 3596 5059 1779 
5182 3601 5063 1782 
5185 3604 5070 1784 
5190 3609 5072 1787 
5200 3613 5083 1789 
5208 3617 5089 1789 
5211 3624 5093 1790 
5213 3628 5097 1793 
5221 3630 5104 1794 
5228 3631 5108 1795 
5234 3636 5112 1797 
5237 3641 5119 1800 
5242 3644 5124 1801 
5250 3646 5133 1803 
5257 3651 5135 1805 
5258 3654 5140 1810 
5260 3658 5145 1812 
5261 3664 5153 1817 
5268 3670 5158 1818 
5275 3677 5164 1822 
5283 3680 5168 1826 
5287 3685 5172 1829 
5291 3687 5180 1831 
5302 3689 5180 1832 
5308 3695 5187 1833 
5315 3699 5190 1834 
5321 3701 5196 1835 
5328 3707 5201 1839 
5333 3710 5208 1839 
5337 3715 5218 1841 
5343 3716 5224 1843 
5345 3718 5230 1844 
5354 3725 5234 1844 
5357 3730 5241 1845 
5365 3736 5249 1849 
5370 3739 5253 1852 
5378 3743 5255 1853 
5379 3745 5258 1858 
5387 3749 5266 1860 
5391 3752 5271 1861 
5396 3755 5279 1865 
5399 3759 5285 1866 
5404 3762 5291 1866 
5405 3765 5298 1866 
5411 3769 5301 1869 
5415 3775 5306 1870 
5423 3778 5312 1872 
5428 3783 5317 1875 
5432 3788 5322 1876 
5435 3796 5332 1877 
5443 3798 5337 1880 
5450 3802 5340 1882 
5454 3805 5345 1884 
5459 3807 5354 1885 
5465 3812 5363 1887 
5468 3817 5366 1889 
5474 3820 5372 1892 
5476 3825 5382 1898 
5482 3829 5386 1900 
5487 3838 5388 1903 
5491 3845 5392 1906 
5497 3849 5393 1908 
5502 3853 5397 1910 
5507 3857 5402 1910 
5511 3865 5409 1910 
5514 3867 5414 1911 
5519 3873 5420 1913 
5523 3880 5426 1915 
5531 3884 5431 1916 
5533 3886 5433 1920 
5541 3889 5439 1926 
5547 3893 5441 1927 
5551 3896 5448 1930 
5557 3899 5451 1932 
5565 3902 5452 1933 
5576 3911 5460 1935 
5579 3913 5468 1936 
5584 3918 5472 1936 
5586 3921 5480 1937 
5591 3922 5485 1938 
5597 3930 5488 1938 
5604 3937 5493 1940 
5610 3940 5494 1942 
5616 3943 5500 1944 
5623 3946 5504 1946 
5626 3951 5509 1948 
5631 3956 5514 1949 
5635 3959 5519 1951 
5639 3960 5522 1955 
5643 3962 5532 1958 
5651 3965 5537 1959 
5655 3969 5540 1963 
5658 3976 5544 1967 
5663 3982 5546 1968 
5667 3985 5549 1970 
5672 3988 5549 1975 
5680 3989 5553 1976 
5690 3991 5554 1978 
5697 3999 5557 1980 
5702 4001 5561 1983 
5713 4002 5565 1985 
5716 4006 5571 1987 
5717 4011 5575 1989 
5726 4019 5579 1991 
5731 4022 5585 1994 
5735 4025 5591 1997 
5738 4025 5600 1998 
5746 4031 5605 2000 
5753 4037 5612 2001 
5761 4043 5617 2004 
5765 4047 5620 2006 
5772 4049 5628 2010 
5779 4054 5630 2013 
5788 4059 5635 2014 
5795 4064 5638 2015 
5799 4069 5640 2019 
5804 4075 5643 2020 
5805 4078 5646 2022 
5810 4084 5647 2024 
5815 4085 5655 2025 
5819 4088 5660 2028 
5823 4090 5669 2032 
5826 4095 5673 2032 
5836 4097 5680 2034 
5841 4100 5682 2036 
5848 4106 5687 2037 
5855 4110 5690 2040 
5863 4117 5701 2041 
5865 4118 5706 2044 
5871 4120 5708 2047 
5874 4122 5719 2049 
5875 4123 5723 2049 
5880 4123 5729 2050 
5882 4125 5734 2051 
5884 4125 5739 2051 
5891 4128 5746 2059 
5897 4133 5748 2060 
5903 4136 5754 2062 
5908 4143 5762 2065 
5909 4145 5768 2068 
5911 4146 5775 2069 
5917 4151 5781 2070 
5919 4156 5787 2072 
5921 4159 5788 2074 
5925 4163 5793 2075 
5928 4169 5796 2077 
5936 4174 5805 2078 
5938 4175 5813 2083 
5941 4179 5816 2084 
5948 4182 5820 2085 
5952 4186 5825 2086 
5961 4189 5830 2086 
5965 4193 5836 2089 
5970 4196 5838 2090 
5976 4203 5841 2093 
5983 4205 5842 2095 
5986 4212 5852 2096 
5993 4215 5858 2097 
5997 4218 5862 2099 
5999 4223 5871 2104 
6005 4226 5875 2105 
6013 4232 5883 2110 
6020 4237 5888 2112 
6024 4243 5891 2116 
6027 4248 5894 2118 
6029 4254 5900 2119 
6035 4258 5906 2124 
6044 4262 5912 2126 
6049 4265 5917 2128 
6052 4268 5923 2132 
6053 4271 5930 2133 
6059 4277 5937 2135 
6062 4283 5944 2139 
6066 4288 5952 2141 
6070 4292 5959 2146 
6079 4294 5966 2148 
6082 4295 5969 2148 
6086 4295 5974 2149 
6092 4298 5980 2150 
6100 4299 5983 2152 
6106 4304 5988 2153 
6112 4308 5990 2154 
6118 4315 5998 2156 
6122 4317 6003 2160 
6130 4321 6009 2161 
6135 4323 6012 2164 
6140 4325 6015 2166 
6142 4328 6021 2167 
6147 4333 6023 2169 
6152 4341 6027 2170 
6159 4347 6036 2171 
6163 4352 6041 2175 
6170 4359 6048 2178 
6173 4368 6051 2179 
6179 4374 6054 2179 
6186 4378 6062 2181 
6192 4382 6065 2183 
6193 4383 6072 2183 
6196 4388 6079 2184 
6199 4390 6083 2185 
6203 4392 6091 2187 
6207 4393 6092 2192 
6216 4398 6102 2195 
6223 4401 6107 2196 
6229 4404 6114 2197 
6237 4407 6119 2198 
6243 4410 6120 2202 
6247 4414 6126 2207 
6254 4415 6126 2209 
6257 4420 6134 2212 
6261 4426 6140 2213 
6273 4429 6150 2214 
6279 4435 6157 2218 
6283 4439 6162 2219 
6292 4445 6169 2219 
6296 4446 6173 2220 
6299 4449 6181 2221 
6309 4454 6186 2222 
6313 4461 6197 2225 
6320 4466 6204 2227 
6325 4470 6207 2229 
6333 4473 6213 2231 
6340 4475 6215 2232 
6346 4477 6225 2236 
6349 4484 6228 2236 
6353 4489 6233 2237 
6358 4492 6239 2238 
6364 4495 6243 2239 
6370 4497 6246 2243 
6377 4499 6249 2244 
6385 4505 6254 2247 
6392 4510 6261 2250 
6395 4513 6265 2250 
6403 4519 6272 2250 
6408 4523 6275 2251 
6411 4525 6286 2252 
6412 4533 6294 2255 
6418 4536 6299 2259 
6425 4539 6306 2262 
6432 4541 6313 2263 
6436 4544 6319 2266 
6441 4549 6323 2268 
6446 4553 6330 2270 
6449 4557 6333 2272 
6454 4563 6345 2277 
6459 4567 6350 2279 
6461 4573 6350 2280 
6463 4576 6353 2282 
6469 4582 6356 2282 
6474 4586 6363 2284 
6478 4587 6369 2287 
6482 4590 6376 2288 
6488 4597 6379 2291 
6494 4602 6384 2291 
6497 4605 6393 2294 
6503 4610 6403 2296 
6510 4614 6410 2298 
6515 4617 6413 2301 
6523 4618 6414 2307 
6531 4622 6419 2308 
6537 4627 6423 2311 
6544 4632 6431 2314 
6551 4638 6436 2316 
6555 4645 6438 2317 
6564 4650 6444 2320 
6571 4656 6449 2322 
6580 4660 6457 2324 
6586 4665 6464 2326 
6593 4673 6469 2329 
6597 4675 6478 2330 
6608 4680 6485 2330 
6611 4684 6491 2332 
6615 4688 6503 2334 
6621 4690 6510 2335 
6627 4693 6516 2336 
6636 4698 6524 2337 
6642 4701 6529 2338 
6643 4702 6535 2340 
6648 4709 6544 2342 
6654 4712 6549 2346 
6660 4714 6554 2351 
6668 4718 6560 2355 
6670 4721 6566 2357 
6678 4726 6572 2358 
6683 4727 6577 2360 
6687 4733 6584 2361 
6694 4736 6590 2362 
6702 4740 6593 2364 
6709 4743 6596 2364 
6712 4746 6603 2365 
6717 4751 6606 2367 
6720 4760 6616 2369 
6725 4764 6623 2374 
6733 4769 6626 2375 
6738 4771 6633 2377 
6743 4774 6637 2379 
6746 4781 6641 2380 
6755 4784 6650 2380 
6760 4786 6659 2384 
6764 4790 6662 2384 
6773 4791 6665 2385 
6778 4794 6667 2386 
6782 4799 6672 2390 
6790 4803 6678 2393 
6793 4808 6684 2394 
6795 4812 6689 2397 
6798 4819 6694 2403 
6801 4821 6699 2404 
6807 4824 6702 2405 
6810 4827 6711 2406 
6810 4829 6714 2406 
6818 4833 6721 2409 
6822 4834 6724 2411 
6823 4838 6728 2413 
6828 4840 6735 2413 
6832 4841 6741 2413 
6837 4847 6743 2415 
6840 4852 6749 2417 
6845 4858 6755 2418 
6850 4859 6761 2418 
6854 4867 6766 2421 
6862 4873 6767 2423 
6866 4881 6770 2424 
6870 4882 6779 2426 
6880 4888 6787 2427 
6882 4891 6792 2430 
6889 4894 6799 2433 
6893 4902 6806 2435 
6903 4904 6813 2441 
6910 4908 6821 2445 
6914 4911 6826 2445 
6918 4917 6830 2447 
6921 4925 6836 2450 
6925 4925 6840 2454 
6929 4927 6849 2454 
6938 4933 6853 2458 
6943 4938 6860 2459 
6949 4942 6863 2460 
6954 4944 6863 2461 
6961 4950 6865 2463 
6963 4956 6869 2463 
6968 4960 6869 2463 
6973 4965 6874 2463 
6980 4967 6880 2465 
6983 4970 6885 2467 
6989 4976 6890 2471 
6997 4981 6893 2471 
7002 4985 6900 2472 
7009 4991 6910 2472 
7010 4993 6915 2478 
7018 4995 6916 2479 
7022 4997 6922 2482 
7028 5001 6926 2485 
7032 5003 6937 2487 
7038 5011 6942 2490 
7044 5017 6946 2494 
7048 5019 6955 2495 
7054 5022 6958 2498 
7059 5026 6960 2503 
7065 5032 6964 2507 
7069 5036 6969 2508 
7072 5038 6975 2508 
7076 5041 6984 2508 
7083 5042 6992 2512 
7093 5047 6997 2515 
7099 5050 7003 2516 
7108 5053 7009 2519 
7110 5056 7015 2524 
7117 5060 7021 2525 
7118 5064 7023 2526 
7122 5067 7031 2528 
7125 5070 7039 2532 
7132 5073 7042 2532 
7136 5077 7049 2533 
7146 5083 7052 2535 
7153 5090 7057 2537 
7158 5093 7064 2538 
7167 5098 7066 2543 
7172 5103 7073 2545 
7180 5106 7079 2547 
7183 5108 7085 2548 
7188 5113 7091 2549 
7195 5118 7096 2553 
7201 5125 7101 2554 
7204 5133 7105 2556 
7211 5136 7112 2557 
7214 5144 7117 2558 
7219 5145 7124 2559 
7221 5147 7129 2563 
7226 5152 7135 2563 
7229 5155 7144 2565 
7235 5158 7153 2565 
7244 5162 7163 2568 
7253 5166 7170 2574 
7260 5168 7178 2576 
7266 5176 7180 2578 
7274 5179 7185 2579 
7276 5184 7190 2583 
7278 5189 7199 2583 
7281 5192 7202 2585 
7286 5197 7208 2590 
7291 5200 7213 2591 
7296 5205 7216 2593 
7307 5210 7221 2593 
7312 5213 7228 2594 
7319 5220 7237 2598 
7328 5227 7240 2601 
7332 5232 7246 2602 
7338 5235 7251 2603 
7344 5242 7253 2605 
7351 5244 7255 2606 
7356 5250 7259 2607 
7362 5252 7266 2611 
7371 5256 7269 2613 
7373 5260 7276 2614 
7383 5266 7283 2616 
7390 5271 7291 2617 
7395 5272 7296 2617 
7400 5274 7303 2618 
7409 5277 7312 2619 
7415 5279 7314 2622 
7418 5284 7320 2623 
7426 5287 7324 2624 
7431 5296 7328 2628 
7438 5299 7331 2628 
7444 5304 7335 2631 
7453 5307 7341 2634 
7460 5313 7347 2636 
7467 5317 7352 2638 
7473 5326 7358 2638 
7477 5327 7363 2639 
7478 5330 7367 2641 
7480 5332 7371 2642 
7485 5335 7375 2643 
7489 5337 7381 2644 
7491 5340 7392 2644 
7498 5341 7394 2645 
7505 5345 7402 2647 
7513 5350 7407 2648 
7523 5356 7411 2650 
7528 5357 7417 2650 
7532 5363 7425 2655 
7539 5365 7430 2657 
7541 5369 7433 2658 
7545 5372 7437 2659 
7551 5375 7441 2661 
7553 5379 7447 2661 
7559 5384 7450 2663 
7563 5387 7456 2667 
7567 5389 7460 2669 
7574 5394 7469 2671 
7582 5395 7474 2672 
7588 5396 7475 2674 
7596 5398 7479 2675 
7600 5404 7487 2679 
7604 5409 7492 2682 
7614 5411 7497 2683 
7617 5413 7502 2683 
7621 5415 7510 2684 
7627 5416 7521 2686 
7634 5419 7528 2690 
7639 5419 7535 2691 
7645 5423 7541 2694 
7656 5427 7544 2696 
7664 5430 7547 2698 
7669 5433 7549 2699 
7673 5434 7555 2702 
7680 5441 7560 2703 
7687 5443 7566 2704 
7693 5449 7570 2707 
7698 5455 7578 2707 
7702 5464 7583 2708 
7704 5471 7590 2711 
7710 5479 7596 2711 
7713 5482 7604 2713 
7719 5489 7612 2713 
7726 5494 7616 2716 
7733 5497 7624 2719 
7735 5504 7630 2723 
7736 5507 7635 2727 
7743 5510 7639 2729 
7747 5516 7646 2732 
7750 5524 7648 2734 
7752 5526 7654 2736 
7759 5529 7660 2738 
7764 5532 7662 2740 
7774 5535 7665 2741 
7779 5540 7667 2742 
7785 5541 7669 2745 
7795 5545 7671 2748 
7799 5549 7677 2749 
7805 5554 7686 2752 
7809 5556 7692 2754 
7810 5561 7697 2755 
7810 5566 7706 2756 
7820 5571 7711 2757 
7827 5573 7714 2759 
7836 5578 7720 2759 
7841 5581 7726 2759 
7846 5584 7727 2761 
7850 5584 7732 2764 
7859 5588 7737 2765 
7864 5591 7740 2768 
7868 5593 7747 2772 
7873 5597 7752 2774 
7882 5601 7755 2779 
7891 5606 7761 2780 
7896 5611 7764 2783 
7901 5618 7770 2788 
7907 5621 7775 2789 
7909 5628 7780 2790 
7911 5633 7785 2791 
7915 5637 7790 2793 
7919 5642 7795 2794 
7925 5647 7801 2795 
7931 5651 7806 2799 
7939 5651 7818 2801 
7945 5652 7826 2803 
7952 5654 7833 2805 
7958 5657 7841 2808 
7966 5662 7847 2813 
7971 5664 7856 2814 
7978 5669 7861 2817 
7984 5672 7862 2818 
7994 5673 7868 2820 
7997 5677 7876 2824 
7998 5687 7883 2831 
8008 5691 7890 2836 
8016 5695 7900 2838 
8017 5700 7904 2840 
8024 5705 7909 2842 
8032 5710 7912 2845 
8039 5715 7919 2846 
8044 5719 7924 2849 
8047 5722 7928 2851 
8049 5727 7929 2851 
8056 5729 7934 2853 
8062 5732 7941 2853 
8072 5734 7943 2854 
8082 5738 7946 2854 
8089 5741 7955 2855 
8095 5747 7958 2857 
8101 5751 7962 2859 
8105 5753 7973 2862 
8107 5758 7976 2863 
8113 5761 7979 2865 
8120 5765 7983 2866 
8126 5770 7988 2868 
8131 5773 7995 2870 
8136 5778 7999 2876 
8141 5785 8005 2878 
8143 5791 8009 2879 
8149 5794 8011 2881 
8153 5796 8015 2884 
8161 5800 8020 2884 
8165 5804 8027 2886 
8168 5806 8030 2889 
8180 5810 8036 2890 
8183 5813 8044 2891 
8187 5818 8049 2892 
8197 5821 8054 2896 
8200 5827 8062 2898 
8207 5830 8071 2900 
8212 5836 8078 2901 
8219 5846 8082 2902 
8224 5848 8089 2905 
8230 5851 8094 2907 
8238 5857 8098 2912 
8242 5861 8105 2914 
8244 5867 8112 2917 
8250 5873 8116 2918 
8254 5877 8122 2918 
8258 5883 8130 2920 
8264 5887 8137 2921 
8273 5891 8140 2923 
8278 5896 8144 2924 
8286 5901 8149 2926 
8296 5906 8158 2927 
8301 5909 8160 2929 
8306 5909 8167 2931 
8312 5914 8171 2933 
8316 5919 8178 2934 
8320 5925 8189 2936 
8326 5926 8193 2939 
8332 5932 8204 2942 
8336 5936 8207 2944 
8344 5936 8213 2944 
8348 5942 8216 2946 
8351 5944 8221 2948 
8358 5948 8229 2950 
8366 5952 8232 2952 
8373 5958 8240 2957 
8380 5958 8241 2963 
8386 5959 8249 2963 
8392 5963 8257 2966 
8401 5973 8262 2969 
8406 5976 8269 2970 
8407 5985 8275 2971 
8416 5990 8283 2972 
8421 5996 8288 2972 
8427 6004 8290 2974 
8428 6007 8296 2976 
8430 6012 8303 2976 
8438 6016 8309 2976 
8439 6020 8313 2978 
8447 6022 8316 2982 
8455 6028 8321 2984 
8461 6032 8326 2985 
8469 6034 8334 2988 
8475 6042 8342 2989 
8479 6045 8345 2990 
8485 6053 8349 2995 
8489 6056 8354 2996 
8498 6062 8356 3000 
8504 6068 8365 3001 
8511 6072 8373 3003 
8516 6074 8385 3003 
8521 6076 8390 3007 
8524 6083 8401 3011 
8534 6083 8412 3013 
8545 6084 8418 3015 
8547 6090 8425 3016 
8550 6092 8430 3017 
8553 6095 8436 3019 
8559 6100 8444 3022 
8565 6106 8450 3026 
8571 6108 8456 3026 
8573 6111 8463 3026 
8580 6113 8464 3026 
8585 6117 8466 3030 
8594 6119 8470 3033 
8602 6125 8474 3033 
8606 6132 8484 3035 
8610 6136 8492 3037 
8617 6142 8499 3041 
8622 6146 8504 3047 
8627 6151 8510 3048 
8635 6154 8513 3050 
8637 6155 8519 3055 
8640 6163 8526 3055 
8643 6171 8528 3056 
8647 6175 8536 3056 
8652 6181 8543 3057 
8659 6184 8547 3058 
8667 6186 8555 3059 
8672 6188 8563 3061 
8676 6194 8568 3063 
8678 6198 8570 3066 
8687 6202 8573 3068 
8693 6208 8574 3070 
8697 6210 8575 3072 
8702 6215 8577 3074 
8708 6222 8583 3075 
8714 6229 8589 3076 
8723 6234 8598 3076 
8727 6238 8604 3079 
8736 6238 8613 3081 
8738 6243 8617 3086 
8739 6248 8620 3089 
8744 6255 8624 3090 
8749 6260 8633 3094 
8759 6263 8635 3096 
8765 6269 8639 3097 
8774 6272 8646 3098 
8779 6273 8648 3100 
8790 6277 8653 3101 
8795 6281 8656 3103 
8799 6288 8658 3106 
8805 6292 8664 3109 
8807 6294 8667 3112 
8811 6296 8670 3114 
8815 6299 8673 3115 
8821 6304 8682 3116 
8824 6306 8691 3117 
8828 6311 8697 3120 
8833 6317 8704 3124 
8840 6322 8706 3128 
8850 6327 8712 3128 
8856 6329 8714 3129 
8863 6333 8719 3131 
8874 6335 8724 3134 
8883 6337 8731 3135 
8889 6338 8733 3135 
8891 6342 8738 3138 
8895 6346 8749 3144 
8904 6347 8755 3145 
8906 6350 8760 3148 
8911 6352 8763 3151 
8920 6360 8767 3152 
8926 6366 8777 3152 
8934 6371 8784 3153 
8939 6376 8789 3153 
8945 6383 8795 3155 
8954 6387 8797 3155 
8962 6393 8800 3157 
8971 6402 8808 3159 
8979 6411 8810 3160 
8989 6416 8812 3160 
8991 6419 8820 3162 
8998 6421 8824 3162 
9004 6422 8830 3163 
9006 6428 8831 3166 
9008 6432 8836 3168 
9014 6438 8846 3170 
9020 6442 8851 3172 
9024 6446 8861 3173 
9027 6453 8866 3176 
9033 6458 8873 3180 
9039 6466 8879 3180 
9044 6469 8884 3181 
9053 6473 8891 3182 
9058 6476 8898 3185 
9065 6479 8905 3188 
9067 6488 8910 3190 
9071 6490 8919 3192 
9075 6494 8926 3194 
9080 6502 8932 3194 
9089 6502 8936 3196 
9095 6503 8942 3200 
9104 6509 8949 3202 
9109 6514 8952 3202 
9119 6516 8959 3204 
9122 6525 8964 3205 
9125 6530 8970 3207 
9130 6533 8975 3208 
9132 6538 8978 3208 
9137 6542 8983 3211 
9146 6547 8990 3215 
9149 6554 8998 3216 
9155 6557 9004 3218 
9162 6561 9008 3220 
9166 6567 9016 3223 
9172 6570 9020 3225 
9176 6571 9028 3228 
9180 6574 9033 3229 
9187 6579 9040 3233 
9191 6584 9046 3236 
9197 6588 9049 3238 
9201 6594 9055 3240 
9206 6599 9057 3242 
9210 6605 9062 3243 
9215 6609 9068 3245 
9222 6611 9071 3247 
9226 6616 9076 3247 
9234 6619 9079 3249 
9239 6625 9090 3253 
9243 6632 9102 3255 
9250 6635 9106 3258 
9256 6637 9114 3258 
9261 6642 9119 3263 
9263 6648 9127 3263 
9268 6653 9131 3265 
9273 6664 9134 3269 
9280 6668 9138 3271 
9282 6674 9143 3273 
9285 6679 9149 3275 
9291 6683 9155 3275 
9296 6686 9161 3277 
9300 6697 9166 3279 
9302 6701 9177 3281 
9308 6702 9188 3283 
9312 6706 9191 3285 
9319 6711 9199 3286 
9324 6713 9211 3287 
9331 6718 9216 3288 
9338 6721 9221 3290 
9342 6728 9224 3290 
9344 6730 9229 3294 
9350 6734 9235 3296 
9353 6737 9240 3297 
9356 6742 9247 3299 
9359 6747 9255 3303 
9363 6751 9260 3306 
9370 6755 9263 3310 
9378 6757 9276 3311 
9381 6759 9280 3313 
9388 6765 9286 3318 
9402 6769 9290 3321 
9412 6775 9293 3323 
9415 6779 9297 3324 
9417 6779 9299 3327 
9422 6784 9309 3332 
9425 6789 9314 3333 
9436 6793 9322 3334 
9442 6796 9329 3335 
9448 6802 9334 3336 
9454 6809 9342 3340 
9457 6814 9349 3343 
9461 6821 9354 3346 
9467 6828 9360 3348 
9469 6835 9363 3350 
9473 6842 9367 3353 
9477 6847 9373 3359 
9484 6853 9376 3365 
9488 6858 9382 3368 
9493 6862 9387 3371 
9499 6864 9393 3371 
9507 6871 9397 3375 
9510 6874 9404 3376 
9518 6881 9411 3378 
9524 6886 9416 3379 
9527 6893 9420 3380 
9532 6894 9425 3381 
9535 6897 9433 3383 
9542 6900 9439 3386 
9544 6903 9444 3388 
9553 6907 9451 3391 
9557 6911 9455 3392 
9567 6916 9459 3393 
9571 6917 9463 3393 
9576 6920 9472 3396 
9582 6927 9475 3397 
9587 6934 9478 3397 
9594 6937 9481 3398 
9605 6945 9486 3399 
9609 6949 9488 3403 
9614 6955 9494 3405 
9618 6959 9502 3406 
9625 6961 9509 3410 
9633 6965 9515 3410 
9634 6968 9522 3413 
9644 6977 9536 3418 
9651 6982 9538 3419 
9655 6984 9541 3420 
9661 6989 9544 3423 
9668 6989 9549 3423 
9670 6992 9556 3425 
9675 6994 9561 3426 
9684 6995 9565 3428 
9692 7004 9570 3428 
9695 7006 9576 3428 
9700 7013 9582 3428 
9703 7018 9588 3431 
9709 7022 9593 3432 
9718 7027 9603 3432 
9726 7029 9607 3433 
9730 7032 9610 3436 
9733 7037 9616 3440 
9737 7037 9622 3442 
9740 7038 9628 3443 
9747 7041 9638 3446 
9754 7045 9644 3447 
9760 7049 9650 3447 
9769 7057 9655 3449 
9771 7066 9659 3452 
9778 7071 9666 3453 
9785 7071 9669 3453 
9789 7075 9675 3457 
9795 7079 9683 3458 
9800 7080 9686 3461 
9810 7090 9692 3461 
9817 7097 9701 3462 
9824 7101 9704 3464 
9831 7105 9706 3465 
9838 7107 9713 3469 
9843 7113 9718 3470 
9848 7117 9722 3471 
9854 7124 9726 3472 
9859 7132 9728 3473 
9864 7134 9733 3474 
9869 7138 9737 3474 
9872 7143 9746 3475 
9875 7147 9750 3477 
9884 7150 9756 3480 
9892 7152 9764 3481 
9896 7155 9768 3482 
9902 7161 9771 3488 
9903 7164 9779 3490 
9908 7168 9783 3495 
9911 7172 9787 3497 
9913 7175 9792 3499 
9917 7180 9799 3502 
9921 7181 9800 3505 
9926 7182 9804 3508 
9930 7185 9808 3508 
9934 7196 9811 3510 
9935 7199 9821 3512 
9944 7201 9828 3512 
9951 7207 9841 3512 
9959 7214 9843 3517 
9966 7217 9845 3520 
9974 7221 9848 3521 
9981 7227 9853 3522 
9983 7229 9861 3526 
9994 7231 9868 3528 
10000 7236 9873 3532 
10008 7239 9878 3534 
10014 7240 9885 3538 
10017 7243 9892 3539 
10023 7248 9896 3540 
10029 7249 9901 3545 
10038 7253 9907 3548 
10042 7257 9911 3549 
10046 7258 9912 3551 
10052 7264 9917 3557 
10060 7268 9921 3560 
10062 7272 9929 3561 
10067 7278 9940 3561 
10076 7281 9946 3562 
10083 7286 9950 3565 
10087 7290 9960 3566 
10092 7292 9962 3572 
10097 7299 9968 3573 
10101 7306 9973 3576 
10107 7312 9981 3578 
10110 7317 9989 3581 
10118 7321 9993 3582 
10124 7326 10000 3587 
10130 7328 10006 3589 
10135 7334 10011 3590 
10140 7334 10022 3591 
10146 7337 10029 3593 
10152 7346 10036 3595 
10159 7349 10045 3597 
10168 7353 10050 3599 
10173 7355 10054 3599 
10179 7362 10061 3601 
10183 7366 10067 3603 
10185 7368 10074 3605 
10188 7374 10081 3607 
10194 7376 10089 3609 
10196 7384 10097 3611 
10202 7386 10103 3612 
10207 7389 10107 3612 
10211 7394 10109 3616 
10214 7398 10116 3616 
10223 7403 10121 3617 
10229 7410 10129 3617 
10236 7414 10131 3617 
10238 7420 10138 3620 
10244 7430 10140 3622 
10247 7434 10145 3625 
10253 7437 10149 3626 
10268 7440 10152 3628 
10272 7443 10158 3631 
10276 7446 10160 3635 
10283 7452 10164 3635 
10289 7461 10170 3636 
10296 7465 10175 3638 
10300 7474 10181 3639 
10305 7478 10184 3640 
10307 7481 10189 3640 
10314 7486 10192 3646 
10317 7491 10198 3651 
10320 7497 10203 3651 
10326 7498 10212 3653 
10331 7501 10215 3655 
10335 7506 10220 3656 
10345 7511 10221 3660 
10351 7514 10226 3663 
10355 7520 10228 3665 
10361 7523 10232 3665 
10369 7526 10239 3666 
10372 7527 10245 3667 
10382 7532 10251 3668 
10386 7532 10253 3669 
10394 7536 10258 3672 
10397 7541 10266 3674 
10404 7543 10273 3678 
10408 7547 10274 3678 
10415 7552 10281 3680 
10416 7559 10287 3685 
10419 7563 10290 3687 
10425 7570 10295 3688 
10432 7573 10299 3689 
10436 7579 10304 3690 
10439 7582 10310 3692 
10443 7586 10314 3693 
10446 7595 10317 3694 
10454 7602 10322 3698 
10457 7606 10328 3701 
10459 7609 10338 3702 
10466 7609 10342 3706 
10473 7614 10345 3707 
10476 7616 10352 3709 
10483 7618 10361 3712 
10485 7623 10367 3713 
10493 7626 10371 3716 
10496 7633 10377 3718 
10500 7638 10384 3722 
10505 7644 10390 3724 
10515 7644 10397 3724 
10521 7646 10407 3726 
10528 7649 10415 3733 
10533 7651 10421 3735 
10538 7659 10429 3737 
10544 7663 10437 3737 
10552 7668 10441 3740 
10555 7673 10447 3744 
10560 7675 10461 3747 
10562 7677 10471 3749 
10570 7677 10476 3751 
10575 7680 10486 3752 
10580 7683 10491 3754 
10583 7689 10497 3754 
10589 7693 10501 3755 
10590 7697 10509 3758 
10593 7699 10514 3760 
10599 7705 10519 3760 
10602 7709 10525 3763 
10608 7714 10528 3767 
10614 7722 10541 3768 
10623 7729 10545 3770 
10627 7733 10549 3771 
10630 7740 10555 3774 
10635 7742 10561 3776 
10642 7745 10573 3779 
10649 7748 10582 3781 
10655 7755 10595 3783 
10661 7759 10598 3784 
10669 7765 10601 3786 
10675 7769 10604 3786 
10681 7772 10607 3789 
10685 7777 10613 3790 
10690 7783 10618 3791 
10695 7787 10623 3793 
10699 7794 10626 3794 
10704 7799 10632 3794 
10710 7802 10635 3795 
10713 7805 10641 3796 
10719 7807 10648 3801 
10722 7812 10652 3802 
10726 7817 10659 3805 
10734 7824 10667 3807 
10736 7827 10668 3807 
10743 7830 10671 3808 
10749 7831 10675 3808 
10751 7833 10680 3810 
10756 7838 10682 3810 
10760 7840 10685 3811 
10761 7847 10691 3812 
10767 7853 10700 3813 
10770 7857 10707 3814 
10774 7863 10712 3817 
10779 7869 10714 3820 
10783 7874 10719 3822 
10789 7877 10723 3823 
10793 7880 10727 3826 
10799 7882 10729 3829 
10802 7885 10743 3831 
10812 7886 10749 3834 
10814 7894 10760 3837 
10823 7898 10765 3838 
10831 7901 10771 3840 
10840 7907 10775 3844 
10841 7913 10784 3845 
10845 7915 10784 3846 
10849 7919 10790 3847 
10851 7924 10794 3848 
10852 7930 10800 3848 
10857 7935 10805 3849 
10863 7939 10810 3852 
10864 7941 10818 3852 
10868 7943 10826 3853 
10871 7946 10830 3859 
10875 7952 10839 3859 
10883 7956 10845 3859 
10887 7959 10856 3862 
10888 7961 10861 3863 
10894 7966 10869 3867 
10899 7972 10875 3870 
10905 7979 10883 3872 
10912 7985 10893 3874 
10918 7986 10900 3877 
10923 7987 10906 3879 
10929 7989 10911 3879 
10935 7992 10916 3880 
10939 7994 10921 3880 
10949 7998 10926 3881 
10955 8003 10931 3881 
10961 8007 10936 3886 
10969 8010 10946 3888 
10976 8018 10956 3889 
10981 8019 10961 3890 
10986 8023 10969 3894 
10993 8026 10973 3897 
11000 8032 10979 3899 
11003 8036 10986 3903 
11012 8041 10993 3904 
11014 8043 11000 3907 
11018 8048 11008 3913 
11027 8049 11016 3918 
11032 8055 11021 3919 
11037 8061 11029 3923 
11040 8067 11034 3924 
11046 8070 11036 3926 
11049 8079 11047 3929 
11052 8084 11053 3931 
11053 8086 11059 3933 
11059 8092 11064 3935 
11063 8094 11067 3937 
11066 8097 11072 3940 
11074 8101 11079 3940 
11079 8103 11085 3941 
11086 8108 11093 3943 
11088 8114 11097 3946 
11094 8120 11099 3948 
11098 8124 11103 3952 
11101 8129 11105 3953 
11106 8133 11113 3955 
11113 8141 11120 3955 
11117 8145 11127 3957 
11123 8150 11130 3958 
11128 8155 11143 3961 
11135 8160 11149 3964 
11139 8166 11159 3965 
11143 8171 11162 3968 
11149 8174 11171 3969 
11160 8175 11178 3971 
11162 8180 11182 3973 
11167 8183 11184 3973 
11175 8186 11188 3974 
11180 8191 11199 3975 
11185 8194 11212 3978 
11190 8194 11220 3979 
11201 8199 11223 3979 
11207 8203 11230 3982 
11213 8207 11241 3985 
11219 8210 11247 3987 
11224 8215 11252 3992 
11228 8221 11257 3993 
11230 8224 11265 3997 
11235 8226 11270 4002 
11237 8232 11277 4002 
11241 8238 11283 4004 
11246 8245 11291 4005 
11250 8247 11293 4009 
11256 8254 11301 4011 
11265 8259 11308 4011 
11270 8264 11312 4013 
11278 8272 11318 4016 
11282 8274 11322 4018 
11297 8277 11324 4019 
11301 8282 11330 4021 
11306 8290 11337 4022 
11310 8292 11346 4023 
11319 8298 11354 4026 
11326 8304 11361 4028 
11332 8310 11366 4031 
11339 8314 11372 4033 
11344 8319 11380 4033 
11351 8328 11385 4035 
11353 8333 11388 4037 
11357 8336 11398 4038 
11367 8339 11409 4041 
11372 8341 11413 4042 
11377 8348 11419 4044 
11382 8355 11426 4046 
11386 8362 11437 4051 
11391 8367 11441 4052 
11394 8372 11451 4054 
11401 8376 11456 4055 
11405 8378 11459 4056 
11411 8379 11461 4058 
11416 8383 11467 4059 
11424 8388 11474 4062 
11431 8392 11478 4065 
11439 8396 11482 4067 
11443 8401 11488 4069 
11444 8405 11491 4075 
11453 8409 11496 4078 
11457 8412 11501 4079 
11463 8417 11508 4081 
11469 8422 11512 4084 
11472 8428 11517 4087 
11478 8431 11526 4089 
11483 8432 11531 4092 
11485 8437 11536 4094 
11492 8441 11539 4094 
11501 8450 11545 4097 
11510 8455 11552 4097 
11518 8461 11556 4099 
11522 8464 11563 4100 
11532 8466 11565 4101 
11536 8474 11570 4103 
11537 8482 11577 4105 
11544 8485 11581 4105 
11550 8491 11583 4106 
11556 8496 11590 4111 
11559 8502 11594 4112 
11562 8514 11600 4115 
11565 8524 11605 4115 
11571 8528 11612 4116 
11573 8532 11619 4118 
11575 8539 11626 4120 
11580 8540 11632 4121 
11584 8545 11643 4121 
11592 8549 11649 4124 
11595 8556 11649 4124 
11599 8561 11653 4128 
11603 8565 11660 4129 
11608 8566 11668 4131 
11617 8570 11675 4133 
11623 8575 11683 4137 
11625 8578 11685 4139 
11632 8579 11689 4140 
11638 8588 11695 4140 
11646 8594 11698 4142 
11652 8598 11703 4144 
11659 8602 11707 4148 
11661 8611 11715 4149 
11666 8615 11727 4151 
11668 8619 11737 4152 
11672 8623 11741 4153 
11675 8631 11747 4155 
11679 8634 11752 4158 
11685 8635 11757 4160 
11686 8641 11761 4160 
11691 8647 11767 4162 
11696 8653 11775 4166 
11701 8663 11785 4168 
11706 8667 11788 4169 
11712 8670 11796 4172 
11718 8671 11801 4173 
11720 8679 11808 4174 
11728 8683 11814 4174 
11735 8687 11821 4175 
11740 8690 11823 4177 
11745 8693 11830 4179 
11750 8700 11836 4179 
11750 8704 11842 4180 
11753 8711 11850 4181 
11757 8716 11858 4184 
11763 8720 11866 4187 
11771 8725 11870 4189 
11779 8730 11871 4190 
11781 8736 11876 4193 
11792 8740 11880 4194 
11799 8742 11886 4197 
11805 8745 11893 4200 
11816 8752 11901 4202 
11824 8757 11905 4205 
11833 8760 11914 4206 
11841 8766 11921 4207 
11847 8773 11927 4211 
11852 8774 11932 4214 
11856 8778 11943 4215 
11861 8782 11948 4216 
11865 8784 11952 4217 
11875 8787 11957 4218 
11877 8793 11966 4220 
11881 8798 11974 4221 
11885 8805 11977 4222 
11894 8807 11980 4224 
11899 8810 11985 4229 
11904 8816 11992 4229 
11909 8821 12001 4229 
11913 8828 12007 4231 
11923 8832 12015 4231 
11932 8836 12020 4232 
11943 8844 12021 4234 
11946 8846 12024 4235 
11952 8850 12026 4236 
11961 8858 12035 4242 
11964 8863 12043 4243 
11968 8867 12048 4244 
11978 8872 12056 4245 
11980 8876 12060 4249 
11988 8888 12064 4252 
11995 8889 12071 4252 
12001 8898 12080 4253 
12007 8901 12083 4256 
12014 8908 12101 4257 
12016 8911 12106 4260 
12022 8913 12114 4260 
12026 8914 12121 4265 
12033 8920 12125 4268 
12040 8921 12131 4270 
12046 8928 12137 4273 
12055 8930 12141 4273 
12060 8935 12147 4273 
12067 8941 12152 4274 
12074 8948 12157 4277 
12080 8956 12163 4278 
12085 8961 12167 4279 
12090 8966 12172 4283 
12090 8971 12175 4285 
12096 8974 12181 4289 
12102 8978 12186 4291 
12112 8982 12191 4293 
12116 8987 12202 4298 
12121 8993 12208 4301 
12125 8996 12212 4304 
12131 9002 12221 4306 
12133 9008 12224 4309 
12137 9010 12229 4309 
12142 9011 12237 4312 
12148 9017 12243 4312 
12153 9018 12248 4316 
12159 9026 12251 4320 
12163 9028 12263 4324 
12171 9031 12270 4325 
12180 9033 12273 4327 
12185 9038 12279 4329 
12192 9041 12287 4333 
12197 9045 12292 4335 
12202 9047 12296 4336 
12205 9051 12302 4338 
12214 9057 12310 4338 
12223 9058 12320 4338 
12227 9066 12331 4338 
12232 9072 12338 4341 
12238 9082 12341 4343 
12245 9084 12344 4346 
12249 9089 12350 4349 
12258 9090 12353 4352 
12260 9096 12360 4355 
12268 9100 12366 4357 
12274 9102 12375 4358 
12275 9106 12381 4362 
12282 9114 12387 4364 
12287 9120 12391 4365 
12295 9126 12395 4366 
12302 9131 12398 4367 
12306 9134 12406 4368 
12308 9138 12412 4370 
12312 9145 12423 4371 
12313 9153 12428 4373 
12319 9158 12432 4376 
12324 9163 12438 4378 
12328 9169 12445 4379 
12335 9176 12454 4381 
12341 9179 12462 4385 
12344 9182 12469 4390 
12354 9193 12474 4392 
12360 9197 12480 4400 
12365 9201 12485 4402 
12365 9204 12493 4402 
12369 9205 12500 4405 
12370 9208 12508 4407 
12377 9213 12511 4409 
12381 9216 12517 4411 
12384 9218 12526 4416 
12391 9220 12530 4417 
12394 9226 12541 4419 
12397 9229 12545 4421 
12404 9232 12551 4425 
12410 9237 12559 4426 
12418 9241 12564 4428 
12420 9244 12566 4429 
12428 9252 12572 4434 
12438 9256 12580 4436 
12441 9263 12587 4437 
12443 9266 12592 4440 
12446 9272 12595 4441 
12453 9279 12600 4445 
12460 9284 12605 4446 
12469 9286 12610 4446 
12475 9290 12617 4451 
12481 9296 12624 4453 
12487 9302 12629 4455 
12490 9304 12634 4457 
12495 9308 12641 4460 
12501 9313 12647 4463 
12504 9317 12652 4469 
12506 9321 12659 4472 
12515 9325 12662 4475 
12520 9330 12668 4476 
12526 9336 12674 4478 
12536 9344 12679 4480 
12543 9351 12681 4481 
12548 9356 12686 4482 
12553 9362 12696 4482 
12558 9365 12702 4483 
12565 9370 12709 4487 
12567 9375 12720 4490 
12569 9383 12723 4492 
12575 9384 12728 4497 
12579 9388 12735 4499 
12581 9390 12741 4500 
12587 9393 12748 4500 
12593 9397 12752 4502 
12597 9400 12758 4503 
12607 9405 12762 4506 
12614 9409 12776 4509 
12620 9415 12786 4511 
12626 9418 12796 4513 
12631 9421 12804 4514 
12637 9430 12812 4517 
12644 9433 12822 4522 
12647 9440 12830 4523 
12655 9444 12834 4527 
12661 9445 12840 4531 
12665 9450 12845 4539 
12669 9455 12853 4539 
12676 9458 12856 4540 
12681 9464 12860 4542 
12686 9467 12867 4543 
12695 9469 12873 4546 
12700 9472 12876 4548 
12707 9478 12884 4553 
12713 9483 12890 4556 
12718 9491 12891 4559 
12724 9499 12892 4566 
12728 9500 12893 4569 
12734 9504 12897 4570 
12742 9509 12909 4573 
12745 9521 12915 4577 
12751 9523 12918 4579 
12756 9525 12926 4579 
12764 9527 12931 4579 
12771 9533 12936 4581 
12776 9537 12942 4582 
12781 9542 12946 4586 
12789 9545 12953 4586 
12797 9548 12956 4587 
12798 9551 12966 4589 
12799 9557 12970 4592 
12804 9560 12980 4593 
12811 9565 12982 4596 
12817 9572 12991 4599 
12827 9578 13003 4599 
12834 9582 13011 4600 
12836 9586 13022 4604 
12842 9594 13027 4605 
12845 9600 13034 4607 
12847 9606 13039 4611 
12855 9609 13042 4612 
12860 9614 13050 4617 
12865 9618 13052 4620 
12869 9624 13057 4622 
12876 9627 13067 4626 
12881 9635 13069 4628 
12886 9641 13077 4629 
12891 9643 13082 4631 
12898 9646 13085 4633 
12903 9649 13089 4636 
12907 9650 13092 4637 
12915 9653 13101 4637 
12920 9656 13108 4638 
12925 9659 13112 4642 
12929 9663 13121 4644 
12934 9667 13124 4644 
12940 9668 13134 4647 
12947 9669 13144 4649 
12957 9675 13147 4651 
12961 9678 13150 4651 
12965 9682 13160 4651 
12975 9690 13167 4653 
12981 9694 13171 4654 
12985 9696 13178 4657 
12990 9699 13181 4659 
12994 9703 13189 4659 
12999 9704 13194 4660 
13003 9707 13203 4663 
13006 9709 13210 4665 
13010 9713 13216 4670 
13014 9717 13218 4672 
13018 9724 13224 4674 
13022 9730 13229 4678 
13025 9733 13236 4679 
13031 9736 13242 4681 
13044 9738 13249 4682 
13048 9743 13253 4682 
13051 9749 13254 4684 
13056 9751 13259 4685 
13058 9757 13267 4685 
13067 9760 13272 4685 
13078 9764 13278 4687 
13084 9768 13284 4692 
13093 9777 13291 4692 
13098 9781 13293 4693 
13103 9785 13300 4700 
13108 9787 13304 4704 
13114 9791 13310 4706 
13121 9795 13316 4707 
13127 9798 13326 4711 
13134 9802 13333 4713 
13141 9804 13343 4716 
13145 9805 13346 4722 
13152 9810 13350 4725 
13157 9814 13356 4727 
13164 9816 13359 4730 
13167 9818 13367 4731 
13173 9825 13372 4734 
13176 9833 13380 4737 
13184 9837 13386 4738 
13189 9839 13393 4738 
13197 9844 13398 4740 
13200 9848 13402 4743 
13204 9854 13407 4745 
13213 9862 13412 4747 
13219 9866 13415 4749 
13225 9872 13418 4749 
13232 9881 13420 4752 
13239 9886 13430 4754 
13243 9890 13438 4759 
13247 9896 13445 4761 
13250 9902 13455 4764 
13258 9907 13461 4765 
13264 9912 13468 4767 
13268 9915 13472 4768 
13271 9917 13477 4769 
13273 9920 13479 4772 
13277 9925 13488 4777 
13284 9932 13497 4780 
13285 9942 13499 4783 
13288 9946 13507 4787 
13292 9951 13509 4789 
13299 9954 13513 4792 
13309 9957 13520 4795 
13311 9962 13523 4800 
13320 9963 13532 4804 
13325 9966 13546 4806 
13331 9969 13550 4808 
13333 9974 13556 4817 
13343 9983 13563 4819 
13350 9985 13567 4822 
13357 9990 13575 4827 
13359 9995 13581 4829 
13363 9996 13588 4834 
13369 9999 13595 4835 
13372 10005 13603 4835 
13383 10007 13608 4838 
13388 10012 13617 4841 
13390 10015 13626 4843 
13392 10018 13634 4843 
13397 10027 13638 4844 
13401 10034 13642 4845 
13407 10039 13651 4851 
13414 10042 13658 4854 
13418 10047 13665 4856 
13420 10048 13675 4857 
13423 10053 13682 4859 
13432 10058 13689 4862 
13438 10063 13696 4865 
13444 10065 13700 4867 
13448 10069 13707 4869 
13450 10073 13713 4873 
13458 10077 13722 4876 
13466 10079 13729 4876 
13473 10082 13733 4877 
13480 10089 13741 4885 
13487 10090 13745 4888 
13492 10094 13753 4890 
13495 10095 13759 4893 
13498 10099 13765 4896 
13501 10105 13770 4896 
13508 10110 13778 4900 
13516 10115 13779 4901 
13520 10123 13782 4902 
13525 10130 13785 4905 
13531 10136 13791 4906 
13541 10142 13799 4909 
13543 10145 13804 4912 
13548 10149 13815 4913 
13557 10155 13821 4915 
13562 10160 13825 4916 
13572 10166 13829 4917 
13577 10172 13836 4920 
13579 10179 13841 4923 
13585 10180 13844 4925 
13590 10185 13850 4927 
13602 10190 13854 4929 
13608 10195 13856 4931 
13616 10201 13866 4932 
13622 10202 13872 4934 
13629 10205 13877 4938 
13634 10211 13884 4940 
13642 10219 13891 4943 
13645 10222 13896 4948 
13650 10227 13905 4950 
13652 10231 13910 4954 
13655 10237 13915 4955 
13659 10241 13922 4957 
13667 10242 13927 4959 
13672 10248 13934 4960 
13679 10252 13946 4962 
13684 10259 13951 4966 
13691 10265 13953 4967 
13698 10270 13957 4968 
13704 10275 13961 4970 
13708 10281 13968 4973 
13713 10285 13973 4977 
13716 10290 13977 4981 
13720 10295 13985 4982 
13727 10299 13990 4985 
13735 10305 13993 4988 
13739 10312 13997 4990 
13744 10316 14005 4994 
13749 10326 14012 4995 
13755 10330 14019 4997 
13764 10336 14025 4998 
13765 10337 14030 5001 
13772 10346 14037 5003 
13778 10348 14042 5004 
13784 10354 14045 5007 
13789 10357 14053 5009 
13791 10362 14060 5011 
13797 10366 14064 5016 
13802 10368 14069 5017 
13806 10373 14077 5020 
13813 10377 14082 5022 
13820 10385 14087 5022 
13824 10389 14089 5022 
13827 10393 14095 5024 
13835 10395 14101 5025 
13840 10400 14104 5028 
13847 10406 14108 5030 
13854 10410 14114 5034 
13859 10412 14118 5036 
13863 10415 14124 5040 
13867 10417 14128 5042 
13869 10420 14130 5046 
13871 10423 14136 5048 
13871 10427 14142 5049 
13877 10432 14146 5054 
13883 10436 14156 5056 
13890 10443 14160 5060 
13891 10450 14163 5061 
13895 10456 14166 5063 
13902 10462 14176 5065 
13906 10467 14182 5067 
13915 10471 14185 5070 
13923 10476 14191 5073 
13928 10481 14196 5075 
13931 10488 14206 5079 
13934 10489 14211 5081 
13943 10494 14214 5084 
13950 10498 14224 5087 
13954 10499 14231 5087 
13963 10503 14236 5089 
13968 10510 14246 5090 
13972 10515 14249 5092 
13974 10521 14262 5095 
13978 10526 14266 5096 
13983 10531 14277 5099 
13987 10535 14282 5100 
13994 10541 14288 5102 
14001 10546 14297 5105 
14004 10553 14305 5107 
14007 10555 14309 5107 
14011 10560 14311 5111 
14016 10564 14318 5115 
14019 10568 14325 5119 
14024 10573 14330 5124 
14027 10578 14332 5126 
14030 10583 14337 5128 
14033 10593 14341 5130 
14035 10597 14346 5132 
14040 10600 14353 5135 
14047 10604 14358 5135 
14052 10611 14362 5136 
14054 10614 14367 5139 
14062 10618 14375 5141 
14066 10621 14383 5143 
14070 10623 14394 5147 
14073 10626 14399 5148 
14081 10628 14405 5148 
14090 10633 14409 5150 
14100 10636 14417 5151 
14108 10642 14426 5155 
14113 10645 14431 5156 
14121 10652 14442 5156 
14125 10655 14447 5156 
14131 10658 14453 5157 
14137 10663 14458 5162 
14145 10664 14463 5164 
14151 10668 14469 5164 
14155 10672 14473 5165 
14160 10674 14481 5168 
14162 10677 14489 5170 
14167 10681 14495 5173 
14175 10686 14500 5176 
14181 10690 14505 5178 
14189 10692 14510 5181 
14193 10697 14515 5184 
14200 10704 14522 5186 
14203 10711 14526 5187 
14209 10716 14533 5191 
14213 10721 14539 5192 
14217 10727 14543 5193 
14224 10733 14546 5195 
14229 10738 14551 5195 
14233 10741 14557 5196 
14240 10744 14565 5196 
14245 10748 14569 5197 
14248 10750 14571 5197 
14252 10757 14578 5199 
14261 10763 14586 5202 
14265 10769 14593 5205 
14270 10774 14598 5206 
14275 10777 14602 5208 
14279 10779 14606 5208 
14287 10784 14609 5210 
14294 10788 14614 5212 
14296 10793 14620 5217 
14302 10797 14626 5220 
14308 10798 14635 5222 
14311 10800 14640 5225 
14318 10805 14644 5226 
14322 10808 14650 5226 
14329 10815 14657 5229 
14340 10818 14663 5233 
14347 10821 14666 5236 
14355 10826 14672 5239 
14362 10827 14675 5240 
14365 10832 14680 5242 
14369 10836 14683 5246 
14371 10838 14693 5246 
14380 10844 14696 5251 
14383 10847 14701 5253 
14392 10853 14710 5254 
14400 10856 14718 5258 
14404 10863 14726 5260 
14410 10866 14734 5265 
14417 10872 14745 5268 
14421 10877 14755 5269 
14426 10886 14757 5272 
14436 10888 14762 5275 
14444 10890 14769 5277 
14450 10894 14774 5280 
14459 10901 14781 5282 
14462 10904 14787 5283 
14470 10911 14792 5284 
14477 10914 14799 5286 
14482 10917 14801 5290 
14489 10921 14804 5293 
14493 10926 14814 5295 
14499 10929 14825 5298 
14504 10933 14833 5298 
14512 10938 14837 5298 
14520 10944 14845 5299 
14526 10947 14852 5301 
14536 10954 14855 5301 
14542 10958 14860 5302 
14552 10958 14866 5304 
14556 10963 14871 5305 
14560 10966 14876 5307 
14562 10967 14885 5309 
14570 10971 14894 5309 
14575 10982 14900 5312 
14579 10985 14908 5317 
14582 10991 14913 5319 
14584 10996 14919 5320 
14595 10999 14929 5324 
14599 11003 14934 5327 
14605 11007 14939 5330 
14612 11012 14947 5331 
14619 11017 14954 5334 
14625 11021 14954 5335 
14629 11027 14960 5338 
14637 11036 14968 5340 
14639 11039 14970 5344 
14639 11041 14978 5346 
14646 11049 14983 5347 
14648 11053 14990 5350 
14655 11057 14996 5354 
14664 11061 15002 5358 
14670 11061 15011 5360 
14680 11066 15018 5363 
14687 11069 15025 5365 
14695 11078 15034 5366 
14701 11081 15037 5366 
14709 11083 15041 5368 
14719 11088 15046 5369 
14720 11092 15050 5369 
14722 11095 15056 5370 
14727 11098 15060 5370 
14732 11100 15067 5371 
14736 11105 15071 5373 
14740 11114 15077 5375 
14746 11117 15082 5377 
14753 11123 15086 5379 
14759 11133 15094 5379 
14765 11136 15100 5383 
14770 11139 15108 5387 
14775 11148 15116 5388 
14781 11154 15124 5389 
14787 11159 15128 5390 
14795 11166 15134 5391 
14800 11172 15141 5395 
14805 11173 15147 5397 
14811 11180 15150 5399 
14816 11189 15157 5400 
14822 11193 15162 5403 
14828 11197 15168 5405 
14833 11205 15172 5406 
14836 11211 15180 5406 
14841 11212 15186 5406 
14846 11216 15191 5412 
14856 11221 15198 5414 
14861 11225 15207 5417 
14868 11232 15219 5418 
14876 11236 15226 5422 
14879 11244 15230 5425 
14883 11250 15233 5425 
14885 11255 15236 5427 
14887 11259 15240 5432 
14890 11265 15248 5433 
14894 11269 15256 5435 
14903 11273 15259 5437 
14908 11277 15266 5439 
14918 11280 15273 5439 
14921 11284 15276 5440 
14930 11290 15280 5442 
14934 11295 15293 5444 
14940 11297 15300 5444 
14950 11301 15307 5445 
14959 11307 15312 5451 
14965 11312 15320 5453 
14970 11315 15328 5458 
14975 11322 15334 5459 
14983 11324 15338 5459 
14994 11328 15341 5460 
14997 11332 15345 5462 
15004 11339 15353 5463 
15011 11342 15359 5468 
15019 11343 15365 5474 
15026 11346 15373 5475 
15035 11352 15378 5476 
15043 11359 15383 5479 
15053 11365 15387 5481 
15059 11371 15393 5485 
15067 11377 15399 5488 
15074 11377 15403 5490 
15077 11380 15410 5491 
15081 11385 15412 5492 
15088 11391 15416 5494 
15095 11399 15419 5497 
15100 11400 15428 5500 
15110 11404 15433 5504 
15118 11410 15438 5507 
15123 11413 15445 5507 
15130 11420 15451 5509 
15132 11429 15457 5511 
15135 11433 15464 5515 
15141 11436 15465 5517 
15145 11441 15474 5518 
15148 11446 15483 5520 
15155 11450 15488 5524 
15159 11452 15494 5530 
15167 11458 15503 5531 
15173 11463 15507 5534 
15176 11467 15510 5536 
15185 11470 15517 5537 
15191 11477 15521 5540 
15194 11483 15528 5543 
15198 11484 15534 5545 
15204 11487 15542 5548 
15212 11492 15547 5554 
15220 11501 15553 5555 
15227 11507 15561 5556 
15232 11509 15568 5558 
15237 11514 15572 5561 
15248 11517 15580 5563 
15253 11526 15586 5563 
15260 11529 15588 5566 
15267 11533 15594 5566 
15278 11534 15597 5571 
15282 11536 15606 5574 
15292 11539 15619 5576 
15295 11544 15627 5578 
15298 11548 15635 5582 
15304 11552 15643 5586 
15311 11557 15647 5589 
15318 11561 15655 5589 
15332 11567 15660 5589 
15338 11573 15669 5590 
15345 11575 15676 5592 
15349 11579 15680 5595 
15352 11580 15689 5595 
15359 11587 15696 5598 
15365 11592 15699 5600 
15367 11596 15705 5604 
15373 11601 15714 5606 
15380 11608 15719 5608 
15387 11612 15724 5609 
15390 11616 15727 5610 
15395 11621 15731 5611 
15401 11625 15736 5611 
15408 11629 15741 5617 
15415 11636 15747 5624 
15417 11640 15757 5624 
15424 11646 15761 5626 
15428 11650 15768 5626 
15440 11654 15776 5630 
15450 11656 15785 5633 
15457 11662 15793 5634 
15462 11669 15794 5635 
15472 11675 15800 5641 
15478 11679 15804 5642 
15486 11684 15807 5643 
15489 11687 15815 5645 
15493 11693 15821 5649 
15500 11699 15825 5654 
15505 11703 15832 5660 
15508 11706 15841 5660 
15514 11711 15848 5661 
15520 11718 15856 5662 
15524 11721 15863 5665 
15531 11727 15870 5668 
15534 11733 15877 5672 
15541 11739 15881 5674 
15545 11741 15886 5678 
15549 11751 15894 5680 
15552 11754 15897 5683 
15558 11759 15905 5684 
15561 11766 15908 5686 
15565 11771 15913 5689 
15572 11776 15920 5691 
15581 11779 15929 5691 
15587 11786 15936 5695 
15589 11791 15940 5696 
15597 11796 15953 5700 
15599 11801 15964 5700 
15608 11806 15975 5701 
15612 11809 15982 5704 
15617 11815 15988 5708 
15623 11822 15996 5709 
15628 11825 16000 5713 
15634 11829 16004 5717 
15636 11835 16011 5720 
15641 11837 16012 5724 
15651 11842 16019 5726 
15657 11846 16023 5726 
15659 11851 16028 5729 
15663 11854 16036 5731 
15674 11863 16042 5732 
15678 11865 16046 5733 
15683 11870 16055 5733 
15686 11877 16058 5736 
15693 11879 16070 5739 
15696 11884 16078 5742 
15706 11886 16082 5743 
15709 11893 16093 5744 
15712 11896 16102 5745 
15719 11902 16107 5746 
15729 11905 16121 5748 
15733 11907 16131 5750 
15742 11911 16137 5751 
15750 11915 16146 5753 
15757 11920 16151 5757 
15763 11927 16157 5758 
15766 11930 16163 5759 
15769 11933 16169 5762 
15778 11942 16177 5764 
15783 11948 16181 5767 
15786 11951 16187 5770 
15792 11957 16194 5774 
15795 11959 16200 5776 
15802 11965 16202 5777 
15806 11972 16206 5780 
15812 11977 16214 5783 
15818 11979 16218 5783 
15821 11983 16229 5785 
15831 11989 16242 5789 
15838 11994 16250 5791 
15845 11996 16254 5793 
15849 12001 16261 5798 
15859 12002 16267 5799 
15865 12006 16271 5800 
15869 12009 16281 5800 
15878 12014 16292 5801 
15883 12019 16300 5803 
15889 12021 16310 5806 
15901 12025 16318 5808 
15909 12026 16325 5811 
15917 12030 16327 5814 
15925 12032 16331 5815 
15933 12038 16336 5819 
15934 12042 16342 5819 
15941 12046 16350 5822 
15948 12053 16355 5822 
15952 12057 16361 5824 
15958 12062 16368 5826 
15963 12063 16371 5829 
15973 12067 16385 5831 
15980 12070 16393 5833 
15985 12076 16402 5835 
15990 12085 16407 5836 
15997 12086 16419 5841 
16005 12091 16426 5841 
16013 12095 16430 5842 
16016 12101 16442 5843 
16018 12105 16446 5845 
16024 12107 16451 5849 
16027 12111 16456 5852 
16037 12116 16468 5855 
16047 12121 16475 5858 
16052 12124 16478 5861 
16059 12133 16484 5862 
16067 12139 16490 5863 
16074 12146 16497 5867 
16080 12150 16503 5874 
16083 12157 16507 5878 
16088 12163 16517 5881 
16091 12170 16521 5884 
16096 12177 16529 5886 
16103 12181 16536 5886 
16110 12184 16540 5888 
16119 12186 16544 5889 
16126 12191 16549 5892 
16131 12195 16554 5894 
16136 12201 16560 5897 
16139 12206 16564 5900 
16146 12212 16571 5903 
16150 12218 16574 5905 
16155 12223 16583 5908 
16156 12227 16591 5908 
16167 12229 16597 5910 
16177 12233 16599 5914 
16185 12239 16605 5916 
16193 12240 16610 5918 
16200 12246 16618 5919 
16204 12255 16625 5921 
16208 12261 16630 5924 
16212 12261 16640 5928 
16219 12267 16643 5932 
16225 12270 16652 5935 
16233 12276 16656 5939 
16237 12278 16660 5942 
16241 12282 16671 5945 
16246 12288 16675 5947 
16252 12295 16680 5949 
16261 12298 16684 5954 
16266 12303 16691 5955 
16278 12309 16695 5957 
16281 12313 16698 5958 
16290 12319 16703 5961 
16298 12325 16708 5963 
16307 12327 16712 5965 
16310 12335 16717 5965 
16315 12341 16724 5969 
16319 12349 16733 5969 
16328 12356 16741 5970 
16332 12358 16743 5971 
16340 12361 16753 5971 
16344 12365 16766 5976 
16349 12367 16775 5977 
16355 12374 16781 5981 
16362 12377 16786 5983 
16371 12380 16793 5984 
16378 12386 16803 5989 
16384 12389 16804 5991 
16388 12394 16809 5994 
16395 12400 16820 5995 
16396 12405 16824 5998 
16401 12412 16829 6001 
16406 12414 16838 6005 
16408 12424 16848 6008 
16413 12428 16852 6008 
16416 12431 16855 6008 
16423 12433 16861 6010 
16427 12439 16869 6013 
16436 12442 16873 6014 
16445 12444 16883 6016 
16448 12446 16889 6017 
16453 12454 16894 6021 
16458 12460 16901 6023 
16464 12462 16908 6026 
16475 12467 16912 6028 
16476 12470 16923 6030 
16487 12471 16928 6032 
16494 12476 16934 6032 
16498 12484 16939 6034 
16500 12488 16939 6037 
16509 12492 16943 6041 
16512 12496 16948 6046 
16513 12504 16954 6048 
16518 12509 16960 6048 
16527 12516 16964 6052 
16528 12520 16967 6052 
16537 12528 16971 6052 
16541 12532 16976 6055 
16549 12536 16984 6057 
16556 12540 16990 6058 
16559 12541 16993 6059 
16562 12547 16998 6061 
16571 12549 17005 6065 
16579 12552 17011 6067 
16586 12554 17017 6069 
16591 12558 17024 6075 
16593 12560 17031 6080 
16598 12561 17034 6083 
16607 12569 17042 6085 
16612 12575 17045 6089 
16617 12577 17052 6091 
16627 12580 17063 6093 
16630 12584 17068 6094 
16636 12591 17079 6097 
16643 12598 17089 6100 
16656 12603 17098 6101 
16660 12605 17102 6101 
16662 12609 17107 6103 
16669 12615 17112 6105 
16677 12623 17115 6105 
16682 12629 17123 6109 
16688 12637 17126 6109 
16693 12641 17132 6111 
16695 12646 17139 6112 
16698 12654 17144 6115 
16702 12659 17146 6119 
16710 12661 17156 6122 
16715 12666 17160 6124 
16720 12670 17169 6127 
16726 12674 17173 6128 
16738 12681 17177 6129 
16741 12683 17182 6130 
16746 12687 17187 6131 
16751 12692 17194 6133 
16755 12694 17200 6137 
16760 12698 17210 6141 
16767 12701 17214 6143 
16776 12704 17219 6144 
16784 12707 17225 6146 
16788 12711 17229 6148 
16792 12718 17235 6151 
16796 12725 17236 6153 
16802 12733 17242 6153 
16807 12737 17246 6156 
16815 12741 17255 6161 
16825 12745 17262 6163 
16830 12750 17270 6164 
16837 12757 17278 6167 
16846 12760 17281 6171 
16849 12766 17287 6174 
16856 12771 17290 6179 
16869 12774 17297 6180 
16874 12784 17303 6181 
16881 12788 17310 6183 
16886 12792 17311 6185 
16893 12800 17316 6187 
16903 12807 17321 6190 
16910 12811 17333 6190 
16917 12817 17338 6191 
16921 12822 17346 6191 
16925 12828 17349 6193 
16930 12833 17357 6196 
16937 12837 17365 6197 
16940 12842 17369 6198 
16945 12843 17376 6199 
16948 12847 17384 6203 
16956 12853 17388 6205 
16963 12855 17396 6205 
16972 12859 17398 6208 
16980 12864 17408 6209 
16982 12871 17409 6211 
16989 12876 17416 6213 
16998 12880 17424 6214 
17004 12883 17430 6214 
17005 12886 17434 6217 
17012 12890 17438 6220 
17015 12895 17442 6223 
17025 12897 17446 6227 
17032 12899 17451 6229 
17036 12906 17459 6231 
17041 12913 17464 6236 
17044 12919 17467 6239 
17050 12922 17473 6239 
17053 12929 17474 6239 
17057 12933 17483 6244 
17065 12939 17491 6247 
17070 12941 17500 6249 
17076 12942 17508 6251 
17086 12945 17511 6252 
17094 12948 17518 6253 
17101 12951 17522 6254 
17109 12953 17526 6256 
17114 12957 17530 6257 
17119 12963 17539 6259 
17129 12968 17547 6259 
17134 12970 17558 6262 
17141 12974 17565 6267 
17145 12978 17573 6269 
17149 12984 17583 6272 
17162 12989 17589 6275 
17169 12995 17592 6277 
17176 13002 17596 6279 
17182 13005 17602 6280 
17188 13008 17610 6282 
17190 13013 17615 6287 
17194 13018 17619 6289 
17203 13019 17628 6292 
17211 13024 17635 6292 
17216 13029 17640 6293 
17221 13035 17646 6293 
17227 13040 17654 6294 
17230 13049 17662 6295 
17231 13052 17671 6297 
17237 13053 17689 6300 
17244 13058 17701 6303 
17252 13063 17707 6303 
17254 13070 17711 6305 
17260 13074 17716 6309 
17262 13079 17726 6315 
17267 13083 17736 6317 
17274 13087 17738 6319 
17281 13090 17745 6320 
17285 13097 17752 6323 
17289 13104 17756 6323 
17299 13108 17760 6324 
17304 13111 17767 6327 
17307 13113 17775 6328 
17311 13116 17785 6330 
17315 13121 17790 6332 
17324 13127 17795 6336 
17330 13129 17802 6337 
17338 13133 17803 6337 
17343 13135 17810 6339 
17350 13138 17818 6341 
17357 13144 17825 6341 
17361 13149 17834 6344 
17370 13154 17839 6346 
17376 13158 17846 6347 
17383 13161 17855 6350 
17388 13163 17861 6352 
17390 13165 17872 6356 
17396 13171 17880 6359 
17405 13173 17885 6364 
17411 13179 17888 6365 
17415 13183 17896 6368 
17419 13187 17899 6371 
17422 13197 17905 6372 
17429 13202 17907 6375 
17435 13203 17912 6375 
17441 13208 17918 6378 
17446 13213 17924 6379 
17453 13216 17933 6379 
17456 13221 17935 6380 
17460 13223 17938 6383 
17464 13227 17944 6386 
17473 13232 17948 6389 
17477 13239 17952 6390 
17482 13244 17959 6390 
17487 13247 17969 6394 
17491 13253 17977 6394 
17502 13259 17982 6401 
17509 13267 17992 6405 
17518 13270 17998 6406 
17524 13275 18004 6406 
17535 13281 18014 6409 
17535 13288 18018 6412 
17540 13294 18024 6415 
17546 13299 18028 6417 
17552 13305 18037 6419 
17558 13311 18042 6424 
17563 13315 18047 6425 
17567 13320 18053 6427 
17573 13324 18058 6427 
17576 13329 18065 6427 
17585 13334 18069 6429 
17591 13339 18076 6431 
17599 13343 18080 6435 
17604 13350 18084 6438 
17609 13353 18091 6439 
17615 13362 18094 6441 
17619 13365 18102 6443 
17626 13371 18107 6445 
17631 13379 18114 6449 
17636 13384 18122 6450 
17648 13390 18124 6451 
17652 13390 18131 6453 
17658 13393 18137 6457 
17666 13396 18143 6460 
17674 13401 18148 6460 
17680 13406 18152 6460 
17686 13411 18158 6466 
17695 13418 18165 6470 
17698 13424 18171 6472 
17703 13433 18173 6473 
17706 13438 18174 6473 
17712 13442 18181 6474 
17719 13446 18187 6474 
17723 13451 18194 6479 
17730 13454 18202 6479 
17739 13457 18211 6480 
17745 13461 18211 6485 
17752 13464 18220 6485 
17760 13469 18224 6486 
17762 13474 18228 6489 
17765 13478 18233 6490 
17772 13481 18240 6495 
17784 13487 18247 6497 
17791 13494 18254 6498 
17796 13494 18261 6498 
17803 13498 18269 6500 
17809 13500 18276 6500 
17818 13506 18281 6503 
17827 13512 18294 6505 
17833 13517 18300 6507 
17837 13522 18307 6511 
17841 13525 18309 6512 
17848 13527 18318 6513 
17855 13530 18321 6516 
17858 13538 18324 6518 
17859 13542 18329 6522 
17865 13550 18331 6524 
17868 13554 18335 6527 
17879 13557 18343 6529 
17886 13563 18349 6530 
17893 13565 18356 6534 
17898 13571 18364 6536 
17907 13576 18373 6540 
17911 13586 18383 6545 
17917 13590 18389 6547 
17922 13597 18399 6547 
17926 13601 18405 6553 
17929 13609 18408 6554 
17933 13615 18414 6558 
17940 13621 18423 6562 
17946 13625 18432 6565 
17953 13631 18439 6568 
17957 13635 18444 6569 
17961 13644 18449 6570 
17964 13646 18455 6570 
17967 13649 18462 6573 
17976 13654 18465 6574 
17986 13660 18474 6575 
17991 13663 18478 6577 
17996 13665 18487 6582 
18002 13668 18490 6583 
18007 13673 18494 6586 
18012 13677 18499 6589 
18016 13678 18506 6589 
18022 13682 18513 6593 
18028 13691 18522 6596 
18032 13692 18530 6601 
18035 13695 18534 6601 
18041 13700 18540 6603 
18048 13704 18545 6609 
18055 13707 18552 6609 
18061 13712 18562 6610 
18068 13715 18570 6611 
18075 13719 18579 6612 
18077 13724 18585 6614 
18083 13731 18592 6616 
18092 13736 18598 6618 
18096 13740 18602 6620 
18103 13747 18609 6622 
18111 13751 18613 6624 
18115 13752 18615 6624 
18120 13754 18623 6626 
18123 13762 18631 6631 
18132 13766 18637 6632 
18140 13770 18646 6634 
18145 13775 18654 6638 
18154 13778 18659 6642 
18160 13781 18660 6643 
18165 13784 18668 6645 
18172 13791 18675 6648 
18177 13795 18681 6653 
18183 13801 18687 6654 
18189 13802 18691 6656 
18193 13805 18705 6658 
18199 13810 18713 6660 
18205 13812 18719 6662 
18209 13820 18724 6662 
18216 13826 18733 6664 
18220 13832 18742 6668 
18224 13839 18745 6671 
18231 13844 18754 6675 
18233 13849 18757 6676 
18240 13854 18768 6676 
18248 13859 18773 6678 
18256 13864 18780 6681 
18262 13867 18785 6682 
18268 13872 18790 6684 
18272 13880 18801 6685 
18280 13882 18806 6686 
18285 13889 18811 6687 
18291 13892 18815 6689 
18295 13895 18823 6690 
18301 13901 18827 6694 
18308 13911 18833 6695 
18318 13912 18837 6697 
18320 13918 18842 6699 
18327 13923 18853 6700 
18331 13927 18858 6700 
18338 13932 18866 6704 
18346 13934 18874 6709 
18347 13936 18883 6709 
18354 13946 18890 6712 
18364 13951 18895 6715 
18370 13959 18904 6716 
18376 13965 18918 6719 
18380 13967 18922 6721 
18384 13972 18931 6723 
18388 13978 18941 6726 
18394 13983 18946 6726 
18397 13989 18952 6728 
18401 13997 18957 6729 
18405 14002 18963 6732 
18409 14004 18970 6732 
18416 14015 18974 6734 
18427 14022 18977 6736 
18435 14028 18982 6740 
18438 14029 18984 6740 
18441 14033 18996 6742 
18445 14034 19002 6743 
18451 14038 19007 6743 
18458 14041 19015 6745 
18464 14045 19024 6747 
18466 14047 19030 6752 
18471 14049 19036 6754 
18475 14057 19040 6757 
18484 14062 19041 6759 
18490 14068 19047 6759 
18498 14073 19058 6762 
18504 14078 19065 6762 
18509 14081 19075 6767 
18516 14085 19079 6771 
18521 14087 19087 6772 
18525 14090 19090 6775 
18529 14095 19095 6780 
18537 14099 19106 6783 
18547 14101 19113 6789 
18552 14111 19116 6791 
18564 14117 19125 6791 
18567 14121 19130 6792 
18574 14124 19140 6796 
18581 14135 19148 6798 
18585 14138 19155 6800 
18593 14145 19160 6802 
18600 14151 19169 6806 
18605 14157 19176 6808 
18610 14161 19177 6809 
18614 14166 19181 6809 
18619 14175 19186 6810 
18624 14181 19192 6811 
18627 14184 19194 6812 
18635 14189 19201 6814 
18638 14192 19207 6815 
18642 14196 19213 6817 
18646 14203 19219 6819 
18652 14212 19225 6820 
18659 14215 19237 6825 
18665 14223 19240 6827 
18668 14232 19250 6830 
18675 14234 19260 6834 
18680 14241 19264 6839 
18688 14245 19266 6840 
18694 14249 19271 6841 
18700 14253 19274 6843 
18707 14258 19280 6845 
18715 14264 19286 6847 
18722 14272 19292 6849 
18731 14277 19294 6854 
18738 14277 19301 6856 
18745 14279 19310 6857 
18750 14286 19318 6858 
18755 14289 19324 6861 
18756 14293 19328 6865 
18762 14297 19334 6869 
18770 14301 19343 6870 
18777 14307 19351 6875 
18781 14313 19358 6876 
18785 14318 19371 6878 
18793 14321 19380 6882 
18797 14328 19384 6884 
18803 14334 19393 6887 
18813 14340 19400 6892 
18820 14343 19402 6894 
18828 14347 19406 6895 
18837 14352 19419 6897 
18844 14362 19424 6897 
18848 14367 19428 6900 
18855 14372 19437 6904 
18857 14378 19444 6905 
18861 14380 19449 6908 
18865 14385 19454 6912 
18867 14389 19461 6915 
18880 14392 19465 6918 
18885 14394 19471 6922 
18892 14403 19478 6924 
18900 14411 19484 6925 
18906 14414 19488 6928 
18913 14419 19498 6931 
18917 14422 19499 6935 
18925 14429 19506 6935 
18931 14434 19513 6937 
18937 14436 19521 6938 
18945 14439 19527 6939 
18950 14445 19534 6939 
18957 14449 19539 6940 
18965 14453 19543 6940 
18975 14459 19554 6942 
18978 14462 19558 6945 
18984 14465 19561 6946 
18987 14471 19565 6951 
18991 14477 19570 6953 
18997 14483 19576 6955 
19005 14493 19584 6956 
19011 14498 19590 6959 
19016 14499 19598 6961 
19018 14502 19602 6962 
19023 14503 19605 6964 
19026 14508 19614 6968 
19033 14515 19623 6968 
19033 14522 19628 6969 
19039 14526 19633 6970 
19047 14534 19643 6973 
19051 14537 19646 6975 
19059 14541 19653 6978 
19066 14548 19659 6983 
19074 14551 19668 6986 
19085 14554 19671 6989 
19091 14562 19679 6990 
19096 14566 19684 6994 
19100 14570 19688 6994 
19112 14577 19691 6995 
19120 14579 19697 6996 
19124 14581 19704 6997 
19133 14584 19711 7002 
19135 14591 19719 7006 
19143 14596 19728 7009 
19149 14600 19735 7010 
19152 14609 19741 7013 
19158 14615 19746 7017 
19164 14620 19751 7018 
19165 14625 19759 7019 
19173 14631 19762 7020 
19178 14635 19771 7021 
19184 14642 19780 7025 
19188 14645 19786 7029 
19194 14650 19794 7030 
19201 14653 19804 7030 
19202 14659 19812 7033 
19206 14662 19826 7034 
19215 14664 19839 7036 
19221 14674 19844 7040 
19227 14681 19854 7042 
19234 14681 19860 7045 
19239 14684 19867 7047 
19244 14686 19879 7048 
19248 14690 19891 7050 
19251 14696 19895 7052 
19263 14698 19900 7057 
19268 14710 19910 7058 
19274 14717 19917 7060 
19280 14723 19923 7062 
19283 14723 19933 7063 
19290 14731 19937 7064 
19296 14733 19943 7067 
19304 14738 19947 7070 
19313 14741 19954 7071 
19321 14745 19959 7073 
19328 14749 19965 7076 
19333 14753 19972 7077 
19337 14757 19980 7080 
19343 14762 19985 7083 
19351 14768 19995 7089 
19359 14777 20003 7093 
19365 14781 20006 7096 
19373 14783 20012 7100 
19383 14788 20018 7103 
19390 14792 20024 7104 
19397 14798 20027 7106 
19401 14801 20037 7109 
19405 14810 20045 7110 
19409 14813 20055 7113 
19414 14816 20059 7114 
19418 14827 20061 7115 
19422 14832 20071 7117 
19430 14837 20074 7122 
19437 14840 20081 7124 
19444 14848 20087 7124 
19447 14854 20092 7124 
19452 14860 20097 7128 
19456 14861 20100 7130 
19459 14869 20117 7133 
19462 14873 20122 7135 
19469 14875 20126 7136 
19476 14881 20133 7141 
19481 14886 20141 7142 
19489 14897 20147 7145 
19499 14900 20153 7147 
19508 14905 20161 7149 
19508 14908 20173 7152 
19513 14915 20180 7155 
19519 14922 20187 7158 
19526 14927 20191 7161 
19534 14931 20197 7163 
19543 14936 20205 7168 
19548 14936 20212 7171 
19550 14938 20214 7172 
19554 14940 20218 7175 
19559 14942 20226 7178 
19564 14945 20229 7182 
19571 14948 20236 7184 
19575 14955 20240 7186 
19579 14960 20250 7189 
19586 14970 20255 7193 
19591 14972 20258 7195 
19596 14976 20264 7197 
19605 14982 20268 7198 
19611 14990 20272 7203 
19615 14995 20277 7206 
19621 14997 20280 7207 
19627 15005 20291 7208 
19636 15010 20299 7211 
19637 15017 20303 7213 
19641 15023 20313 7215 
19645 15026 20321 7218 
19648 15029 20326 7221 
19651 15034 20330 7222 
19658 15038 20335 7225 
19666 15044 20341 7225 
19672 15048 20346 7228 
19679 15051 20351 7230 
19684 15054 20361 7230 
19690 15063 20365 7232 
19694 15067 20372 7234 
19700 15073 20378 7236 
19710 15081 20387 7238 
19719 15087 20394 7241 
19726 15091 20400 7242 
19735 15098 20406 7247 
19737 15102 20412 7249 
19741 15111 20418 7250 
19748 15117 20421 7255 
19757 15120 20427 7257 
19766 15125 20436 7258 
19771 15128 20444 7262 
19772 15135 20450 7265 
19777 15141 20458 7267 
19785 15145 20469 7270 
19791 15152 20471 7271 
19795 15157 20477 7273 
19799 15161 20479 7274 
19807 15164 20487 7278 
19812 15174 20494 7281 
19819 15181 20504 7284 
19825 15188 20510 7289 
19833 15194 20516 7289 
19838 15199 20527 7290 
19843 15204 20533 7291 
19851 15211 20534 7292 
19859 15216 20540 7299 
19862 15218 20544 7300 
19869 15223 20544 7302 
19872 15225 20548 7303 
19876 15226 20556 7304 
19882 15227 20567 7307 
19885 15232 20569 7311 
19889 15235 20576 7317 
19893 15238 20581 7317 
19900 15243 20589 7319 
19906 15247 20595 7323 
19913 15251 20601 7324 
19918 15256 20606 7325 
19924 15262 20610 7327 
19927 15267 20618 7327 
19933 15270 20627 7328 
19936 15272 20632 7329 
19941 15278 20639 7329 
19947 15283 20645 7333 
19958 15284 20651 7339 
19960 15286 20656 7343 
19967 15289 20662 7344 
19974 15291 20666 7345 
19980 15292 20676 7348 
19984 15295 20683 7351 
19992 15298 20686 7355 
19996 15302 20690 7359 
19999 15306 20694 7362 
20005 15308 20699 7362 
20008 15312 20706 7363 
20015 15317 20714 7363 
20019 15327 20723 7366 
20027 15332 20728 7371 
20032 15336 20733 7374 
20043 15339 20740 7375 
20049 15343 20745 7376 
20056 15347 20757 7378 
20060 15350 20762 7379 
20064 15353 20766 7380 
20075 15360 20771 7382 
20079 15366 20775 7384 
20086 15371 20779 7385 
20091 15375 20784 7387 
20092 15381 20791 7388 
20101 15382 20797 7389 
20104 15389 20805 7390 
20111 15394 20812 7394 
20118 15397 20823 7395 
20123 15401 20826 7396 
20129 15406 20836 7400 
20137 15413 20845 7400 
20142 15420 20852 7400 
20152 15420 20858 7401 
20157 15426 20866 7404 
20166 15429 20873 7405 
20170 15430 20875 7407 
20178 15436 20883 7408 
20187 15440 20893 7413 
20193 15444 20899 7417 
20203 15448 20907 7417 
20209 15453 20910 7418 
20214 15456 20915 7421 
20221 15461 20923 7424 
20230 15466 20930 7427 
20236 15471 20938 7431 
20241 15478 20948 7434 
20246 15483 20953 7442 
20252 15488 20960 7445 
20259 15497 20963 7449 
20273 15504 20967 7451 
20276 15511 20978 7453 
20288 15513 20990 7456 
20292 15519 20993 7457 
20296 15521 20999 7458 
20298 15524 21004 7461 
20303 15534 21012 7462 
20309 15538 21020 7463 
20311 15545 21027 7467 
20317 15548 21029 7468 
20321 15549 21034 7469 
20326 15552 21039 7471 
20329 15558 21045 7476 
20339 15564 21054 7476 
20343 15567 21059 7478 
20349 15571 21061 7482 
20356 15576 21067 7488 
20366 15582 21069 7491 
20371 15586 21075 7493 
20379 15591 21085 7494 
20386 15595 21093 7496 
20392 15600 21100 7498 
20397 15605 21106 7501 
20406 15612 21112 7503 
20410 15614 21118 7505 
20415 15621 21122 7507 
20421 15626 21131 7513 
20430 15634 21137 7514 
20437 15637 21138 7515 
20447 15643 21143 7519 
20456 15647 21151 7524 
20462 15650 21159 7527 
20466 15654 21163 7528 
20476 15660 21172 7534 
20483 15668 21175 7534 
20487 15672 21184 7534 
20497 15678 21187 7537 
20503 15686 21193 7538 
20510 15692 21203 7539 
20517 15698 21209 7540 
20523 15702 21220 7543 
20529 15708 21226 7546 
20531 15717 21233 7548 
20537 15722 21236 7549 
20542 15724 21244 7556 
20551 15727 21256 7562 
20557 15730 21259 7566 
20566 15733 21265 7567 
20570 15736 21273 7569 
20575 15744 21279 7571 
20579 15750 21286 7574 
20587 15758 21295 7578 
20593 15762 21300 7578 
20597 15766 21301 7581 
20601 15767 21305 7583 
20609 15770 21313 7585 
20614 15777 21324 7586 
20619 15784 21329 7590 
20622 15788 21333 7591 
20627 15794 21337 7593 
20634 15799 21340 7596 
20641 15803 21350 7599 
20647 15813 21358 7601 
20650 15818 21363 7601 
20655 15821 21372 7604 
20658 15826 21379 7608 
20661 15832 21382 7610 
20667 15837 21389 7611 
20677 15842 21393 7615 
20690 15851 21398 7618 
20697 15856 21401 7619 
20705 15858 21405 7624 
20713 15864 21411 7626 
20720 15869 21418 7629 
20726 15876 21421 7629 
20729 15885 21431 7630 
20734 15888 21437 7631 
20739 15892 21441 7633 
20746 15901 21448 7636 
20746 15909 21453 7638 
20754 15917 21463 7641 
20760 15923 21466 7645 
20768 15926 21471 7646 
20770 15929 21479 7648 
20779 15932 21485 7649 
20787 15937 21488 7649 
20788 15944 21497 7653 
20793 15948 21503 7656 
20800 15952 21512 7657 
20802 15957 21519 7657 
20809 15961 21529 7657 
20815 15967 21536 7661 
20821 15974 21543 7663 
20825 15978 21546 7666 
20829 15984 21551 7669 
20833 15987 21557 7672 
20837 15993 21561 7675 
20845 15996 21565 7676 
20850 16003 21570 7680 
20856 16008 21576 7683 
20861 16013 21585 7685 
20863 16015 21590 7685 
20866 16020 21596 7689 
20868 16025 21604 7692 
20872 16032 21610 7695 
20879 16035 21617 7697 
20884 16042 21621 7700 
20890 16046 21627 7701 
20896 16049 21633 7705 
20901 16056 21644 7705 
20909 16060 21652 7707 
20915 16067 21658 7707 
20923 16073 21665 7710 
20932 16077 21673 7712 
20934 16084 21680 7714 
20938 16087 21683 7718 
20947 16091 21691 7719 
20953 16094 21697 7722 
20965 16100 21702 7725 
20972 16106 21716 7729 
20980 16113 21722 7731 
20984 16114 21726 7734 
20988 16122 21736 7735 
20995 16128 21740 7737 
21001 16133 21743 7737 
21007 16136 21748 7740 
21010 16142 21752 7742 
21016 16149 21758 7745 
21017 16156 21762 7746 
21023 16160 21765 7747 
21026 16165 21774 7748 
21034 16169 21781 7751 
21041 16175 21793 7759 
21045 16176 21794 7760 
21053 16182 21795 7761 
21057 16189 21799 7763 
21064 16194 21804 7766 
21072 16205 21813 7769 
21078 16208 21821 7770 
21087 16212 21829 7774 
21098 16223 21839 7776 
21105 16229 21843 7778 
21114 16236 21848 7781 
21119 16238 21853 7784 
21125 16242 21862 7787 
21132 16247 21868 7790 
21134 16255 21873 7792 
21141 16259 21876 7799 
21144 16268 21886 7803 
21148 16275 21891 7806 
21150 16283 21896 7807 
21154 16289 21903 7809 
21160 16294 21909 7811 
21163 16303 21919 7812 
21170 16309 21922 7815 
21174 16317 21928 7819 
21183 16323 21932 7821 
21190 16328 21934 7823 
21194 16331 21941 7824 
21196 16338 21951 7828 
21203 16344 21957 7831 
21210 16348 21968 7833 
21215 16353 21972 7834 
21219 16362 21979 7835 
21223 16365 21985 7836 
21234 16367 21994 7837 
21241 16373 22002 7840 
21247 16381 22009 7842 
21255 16383 22016 7844 
21262 16386 22023 7844 
21265 16392 22028 7848 
21271 16395 22032 7851 
21274 16402 22037 7851 
21283 16407 22046 7852 
21291 16416 22052 7856 
21296 16418 22057 7858 
21299 16420 22064 7861 
21310 16424 22069 7863 
21315 16429 22079 7864 
21323 16437 22087 7866 
21328 16443 22094 7868 
21335 16450 22100 7870 
21337 16458 22106 7874 
21340 16463 22113 7876 
21348 16470 22118 7881 
21351 16474 22123 7885 
21357 16477 22127 7886 
21367 16483 22136 7892 
21373 16485 22144 7896 
21382 16487 22149 7899 
21386 16490 22150 7903 
21395 16493 22156 7905 
21398 16498 22162 7907 
21404 16501 22167 7908 
21409 16507 22180 7910 
21421 16512 22184 7913 
21429 16521 22188 7915 
21433 16528 22194 7915 
21437 16531 22204 7918 
21443 16535 22211 7920 
21446 16541 22220 7920 
21452 16547 22224 7922 
21455 16550 22229 7926 
21462 16555 22235 7926 
21468 16556 22241 7926 
21477 16557 22247 7928 
21478 16563 22255 7931 
21482 16572 22260 7934 
21485 16577 22268 7939 
21488 16581 22272 7942 
21494 16592 22281 7944 
21501 16595 22287 7947 
21508 16598 22294 7953 
21515 16603 22298 7960 
21525 16606 22306 7961 
21533 16612 22310 7965 
21538 16617 22317 7968 
21544 16624 22320 7971 
21549 16631 22322 7974 
21553 16635 22326 7975 
21560 16637 22330 7976 
21561 16640 22341 7980 
21571 16643 22348 7984 
21577 16649 22353 7987 
21585 16652 22364 7987 
21590 16659 22371 7993 
21598 16660 22376 7998 
21602 16665 22384 8003 
21609 16674 22390 8009 
21614 16676 22395 8014 
21622 16680 22404 8016 
21628 16682 22410 8018 
21630 16685 22415 8024 
21631 16689 22423 8027 
21640 16689 22430 8027 
21646 16694 22440 8031 
21654 16702 22444 8032 
21663 16709 22449 8035 
21669 16712 22461 8037 
21674 16714 22470 8037 
21681 16722 22479 8042 
21686 16726 22481 8043 
21694 16733 22490 8044 
21699 16740 22498 8048 
21710 16742 22505 8051 
21716 16746 22511 8054 
21722 16753 22517 8056 
21729 16755 22520 8059 
21734 16762 22526 8063 
21739 16768 22532 8065 
21745 16772 22535 8066 
21750 16775 22542 8067 
21757 16780 22550 8068 
21766 16783 22557 8071 
21776 16786 22564 8072 
21782 16790 22571 8073 
21790 16794 22577 8076 
21794 16799 22584 8077 
21803 16804 22594 8080 
21815 16810 22604 8082 
21822 16814 22609 8085 
21827 16815 22611 8091 
21834 16819 22621 8092 
21844 16822 22630 8094 
21853 16826 22637 8095 
21856 16834 22643 8098 
21862 16839 22649 8100 
21866 16844 22658 8102 
21869 16852 22663 8103 
21872 16857 22667 8106 
21877 16860 22671 8107 
21882 16865 22675 8107 
21889 16870 22680 8107 
21894 16873 22689 8111 
21899 16879 22694 8111 
21907 16887 22701 8113 
21915 16892 22712 8113 
21924 16894 22723 8120 
21934 16899 22732 8123 
21939 16907 22744 8125 
21944 16912 22747 8127 
21951 16921 22756 8127 
21956 16925 22761 8127 
21962 16929 22766 8132 
21968 16930 22776 8137 
21977 16935 22781 8139 
21982 16943 22787 8139 
21985 16947 22791 8142 
21993 16951 22802 8147 
22004 16956 22809 8151 
22018 16959 22817 8153 
22026 16964 22825 8154 
22032 16966 22830 8157 
22037 16971 22837 8160 
22044 16974 22845 8163 
22050 16979 22853 8164 
22059 16989 22859 8164 
22063 16994 22866 8166 
22073 17005 22867 8168 
22081 17009 22877 8170 
22088 17016 22888 8172 
22092 17020 22892 8174 
22095 17024 22899 8176 
22103 17027 22903 8178 
22109 17034 22911 8179 
22115 17040 22913 8183 
22118 17045 22919 8183 
22119 17047 22924 8188 
22128 17057 22927 8192 
22137 17060 22934 8196 
22143 17065 22943 8202 
22149 17069 22952 8204 
22160 17072 22954 8205 
22166 17077 22961 8207 
22174 17085 22965 8208 
22178 17088 22972 8211 
22184 17091 22980 8211 
22190 17095 22986 8212 
22202 17104 22992 8214 
22208 17109 22994 8217 
22215 17114 23001 8220 
22220 17120 23008 8221 
22232 17125 23010 8221 
22240 17130 23018 8222 
22247 17134 23024 8223 
22254 17137 23033 8226 
22258 17140 23037 8227 
22263 17145 23046 8231 
22269 17153 23051 8232 
22275 17158 23055 8235 
22278 17161 23066 8235 
22287 17171 23071 8239 
22294 17179 23074 8240 
22301 17189 23082 8241 
22308 17194 23092 8243 
22317 17198 23096 8246 
22319 17203 23106 8249 
22323 17211 23112 8250 
