0 0 0 0 
5 3 4 5 
7 7 6 8 
13 11 13 11 
21 13 16 13 
26 15 22 14 
32 18 26 18 
37 21 27 19 
39 23 30 20 
40 26 35 21 
45 32 42 25 
55 34 50 26 
64 40 52 26 
73 43 55 28 
79 44 63 29 
84 48 69 30 
87 54 74 32 
90 56 80 32 
96 60 87 34 
104 63 98 36 
110 65 101 36 
113 70 108 37 
119 71 112 38 
126 71 116 40 
130 76 123 42 
134 78 125 44 
137 82 129 46 
143 84 137 48 
152 86 144 49 
157 89 147 51 
163 94 148 53 
166 99 153 58 
173 104 157 58 
181 107 166 62 
186 110 169 62 
193 114 176 65 
198 118 181 66 
206 121 187 66 
211 127 192 68 
212 134 200 69 
217 139 210 70 
226 141 210 71 
231 143 217 71 
235 148 218 73 
239 150 225 73 
243 152 228 74 
249 155 236 76 
257 160 240 79 
262 163 240 82 
267 164 246 82 
272 167 248 84 
276 169 252 85 
281 171 257 86 
286 172 259 87 
293 175 265 89 
301 175 269 90 
309 177 276 92 
321 180 277 93 
324 182 281 95 
329 190 286 95 
338 197 295 95 
341 200 299 96 
343 203 305 96 
348 205 309 97 
354 212 312 100 
357 212 313 102 
364 215 317 104 
371 219 321 107 
378 226 328 108 
383 232 333 109 
390 234 337 111 
398 237 339 111 
403 241 343 113 
406 242 347 115 
408 249 355 117 
414 250 360 117 
423 255 367 118 
428 257 370 119 
433 261 371 119 
436 268 375 125 
438 272 380 127 
442 277 389 130 
448 279 393 132 
453 281 397 136 
459 289 404 136 
466 292 410 138 
471 296 414 140 
475 297 422 142 
479 303 430 142 
488 303 436 143 
495 305 438 144 
499 310 444 147 
504 315 452 150 
511 319 458 151 
514 321 461 151 
520 323 464 155 
531 328 467 156 
535 334 473 157 
538 336 476 159 
543 336 481 160 
550 340 488 162 
554 344 490 162 
559 347 498 164 
568 351 503 164 
572 354 506 168 
578 357 508 170 
583 360 511 171 
585 363 519 171 
592 366 521 174 
600 367 525 175 
609 371 532 176 
618 373 534 179 
622 377 537 180 
632 379 545 184 
634 382 547 187 
637 383 550 189 
646 386 555 192 
652 390 561 192 
655 397 565 192 
660 401 569 194 
667 404 574 194 
670 410 580 194 
673 416 581 195 
676 420 585 196 
685 420 589 198 
693 422 591 198 
698 424 592 199 
702 426 598 199 
708 433 599 201 
714 436 603 204 
720 438 612 206 
724 447 618 210 
728 451 628 212 
733 456 634 214 
739 459 640 217 
746 466 644 219 
752 472 645 219 
757 475 650 221 
759 478 658 224 
765 482 665 225 
773 484 671 228 
780 489 673 231 
787 491 683 234 
792 495 688 235 
796 499 691 236 
802 502 695 238 
811 509 696 241 
817 514 699 242 
826 519 702 242 
834 523 705 244 
842 526 711 248 
849 531 718 248 
856 533 722 250 
858 535 726 251 
869 537 733 256 
873 542 741 259 
881 546 746 261 
887 547 749 264 
893 551 757 267 
899 555 762 268 
904 556 767 271 
909 559 773 274 
913 561 778 275 
914 568 782 276 
923 570 791 279 
930 573 794 281 
938 574 797 282 
942 580 803 284 
947 582 808 289 
956 590 814 291 
960 591 823 295 
964 598 830 296 
966 598 832 302 
973 601 835 303 
980 607 839 305 
984 613 845 307 
988 619 847 310 
995 623 854 310 
997 630 859 311 
1001 632 862 313 
1005 637 865 317 
1013 640 867 319 
1020 643 870 320 
1027 643 877 323 
1034 648 888 329 
1040 652 894 329 
1052 655 901 333 
1055 657 910 337 
1060 662 919 337 
1067 666 927 338 
1074 670 932 340 
1078 674 937 342 
1085 681 942 343 
1087 682 947 345 
1098 685 951 348 
1106 691 953 350 
1113 693 960 353 
1114 695 963 355 
1116 696 966 358 
1121 704 974 359 
1124 704 977 359 
1129 707 985 363 
1135 711 991 364 
1140 716 996 365 
1142 723 999 366 
1145 725 1001 371 
1150 729 1006 375 
1156 732 1014 379 
1162 734 1021 380 
1170 737 1023 383 
1177 741 1028 383 
1183 745 1036 386 
1189 746 1038 386 
1197 748 1045 387 
1201 748 1050 390 
1211 751 1053 390 
1216 756 1059 394 
1219 760 1062 396 
1223 767 1068 396 
1230 772 1074 396 
1238 777 1078 396 
1246 781 1082 399 
1249 782 1086 400 
1257 789 1091 400 
1263 792 1094 402 
1266 794 1098 404 
1270 794 1106 408 
1275 798 1112 412 
1277 806 1119 413 
1285 812 1122 416 
1297 813 1126 417 
1297 820 1128 421 
1308 827 1133 423 
1316 829 1135 427 
1325 831 1140 428 
1333 836 1146 428 
1336 842 1151 430 
1347 845 1160 433 
1351 849 1164 435 
1358 850 1170 438 
1360 855 1172 440 
1367 857 1176 440 
1370 861 1179 442 
1373 863 1183 443 
1375 866 1188 444 
1378 866 1192 446 
1386 873 1198 449 
1393 874 1205 452 
1397 876 1210 454 
1401 879 1213 457 
1410 882 1217 457 
1415 887 1222 457 
1421 889 1229 463 
1424 891 1235 466 
1428 894 1240 467 
1433 899 1249 468 
1444 906 1258 468 
1448 908 1261 472 
1451 913 1265 473 
1460 918 1269 474 
1466 922 1272 475 
1473 926 1275 477 
1481 930 1279 479 
1486 935 1283 481 
1490 942 1287 482 
1497 944 1291 483 
1504 950 1295 488 
1507 952 1297 489 
1511 954 1301 492 
1516 963 1309 492 
1518 965 1314 492 
1524 971 1318 496 
1532 974 1329 498 
1540 977 1335 498 
1547 982 1337 500 
1553 984 1342 502 
1556 989 1345 502 
1560 993 1350 504 
1562 1004 1352 505 
1571 1005 1355 506 
1577 1013 1357 511 
1585 1019 1360 515 
1590 1024 1365 521 
1595 1029 1372 521 
1602 1031 1380 524 
1608 1037 1387 526 
1613 1042 1392 526 
1622 1044 1398 527 
1626 1049 1409 527 
1629 1054 1413 529 
1640 1058 1419 530 
1642 1063 1425 532 
1648 1070 1430 533 
1655 1072 1435 536 
1656 1077 1439 536 
1661 1078 1444 540 
1664 1085 1446 542 
1677 1086 1452 544 
1681 1090 1455 544 
1688 1092 1458 546 
1695 1098 1470 546 
1699 1101 1474 546 
1707 1104 1482 546 
1712 1110 1491 548 
1717 1112 1493 549 
1721 1117 1500 550 
1728 1121 1505 552 
1732 1123 1513 555 
1735 1128 1520 558 
1742 1133 1525 560 
1750 1137 1533 563 
1754 1140 1538 565 
1760 1143 1542 565 
1764 1148 1545 566 
1768 1153 1546 566 
1774 1155 1552 568 
1781 1160 1560 568 
1786 1165 1563 570 
1794 1170 1566 572 
1799 1173 1574 572 
1804 1177 1577 576 
1809 1177 1582 582 
1814 1181 1586 583 
1822 1185 1587 586 
1828 1189 1593 587 
1833 1193 1600 589 
1836 1195 1607 591 
1842 1198 1614 592 
1849 1200 1619 593 
1852 1204 1622 596 
1855 1208 1626 598 
1861 1209 1632 599 
1866 1213 1635 599 
1875 1217 1638 601 
1878 1223 1641 603 
1882 1226 1647 604 
1884 1233 1650 605 
1893 1237 1659 605 
1894 1241 1663 608 
1897 1245 1671 611 
1899 1245 1681 612 
1902 1252 1685 612 
1908 1255 1689 613 
1913 1257 1694 615 
1917 1264 1701 617 
1925 1269 1706 619 
1935 1272 1714 622 
1938 1276 1718 624 
1942 1278 1725 624 
1949 1282 1729 624 
1960 1286 1738 627 
1963 1292 1742 629 
1974 1296 1746 630 
1981 1300 1750 631 
1983 1303 1755 633 
1985 1307 1758 634 
1989 1312 1763 635 
1997 1316 1770 639 
2002 1319 1779 640 
2005 1323 1784 642 
2009 1327 1789 644 
2018 1328 1793 647 
2021 1331 1802 649 
2024 1336 1807 650 
2036 1342 1811 654 
2043 1344 1815 656 
2051 1348 1818 657 
2054 1350 1821 662 
2055 1353 1826 665 
2064 1356 1828 667 
2070 1361 1834 667 
2075 1365 1840 667 
2079 1370 1842 668 
2085 1378 1845 671 
2093 1381 1848 676 
2098 1387 1852 678 
2105 1387 1858 681 
2110 1393 1861 683 
2115 1396 1866 685 
2120 1400 1874 687 
2123 1403 1878 690 
2126 1408 1885 695 
2130 1415 1886 695 
2134 1417 1889 698 
2142 1420 1892 701 
2148 1422 1897 704 
2155 1423 1905 707 
2160 1429 1915 708 
2165 1431 1923 712 
2168 1435 1926 714 
2175 1437 1932 714 
2179 1439 1935 717 
2186 1444 1937 722 
2192 1445 1943 723 
2199 1447 1948 726 
2203 1450 1955 726 
2210 1456 1958 728 
2217 1462 1967 729 
2220 1465 1971 731 
2227 1471 1977 733 
2235 1475 1982 735 
2241 1476 1985 735 
2244 1481 1989 735 
2248 1484 1995 738 
2252 1487 2001 741 
2255 1490 2010 741 
2264 1500 2014 741 
2271 1507 2021 744 
2273 1514 2028 748 
2278 1521 2037 751 
2284 1524 2047 754 
2290 1529 2051 754 
2296 1533 2054 756 
2302 1536 2060 758 
2306 1539 2065 760 
2310 1540 2071 760 
2316 1544 2077 761 
2324 1547 2082 761 
2331 1552 2083 762 
2337 1555 2091 762 
2343 1557 2093 763 
2351 1564 2103 767 
2355 1566 2111 768 
2359 1568 2116 776 
2365 1571 2120 777 
2370 1578 2126 777 
2378 1583 2131 777 
2382 1588 2136 777 
2387 1591 2148 778 
2389 1595 2156 782 
2393 1600 2161 782 
2399 1601 2164 787 
2406 1607 2168 789 
2413 1612 2175 790 
2415 1614 2178 792 
2417 1615 2181 794 
2423 1618 2187 795 
2431 1621 2192 798 
2435 1626 2197 799 
2440 1631 2202 800 
2446 1636 2209 800 
2455 1639 2214 800 
2458 1641 2221 802 
2464 1644 2226 804 
2467 1648 2227 806 
2471 1651 2230 808 
2474 1659 2233 809 
2478 1667 2237 813 
2482 1674 2242 814 
2485 1679 2247 817 
2490 1682 2254 820 
2501 1685 2254 821 
2504 1691 2257 823 
2510 1694 2266 824 
2517 1699 2275 825 
2526 1703 2277 827 
2533 1707 2285 827 
2544 1711 2292 830 
2547 1714 2296 831 
2556 1716 2300 833 
2559 1722 2308 835 
2564 1727 2313 837 
2570 1728 2320 838 
2573 1732 2323 839 
2577 1735 2328 839 
2580 1735 2334 840 
2589 1739 2339 842 
2598 1744 2346 842 
2600 1745 2351 847 
2609 1748 2360 848 
2615 1752 2364 850 
2618 1753 2372 850 
2624 1755 2377 853 
2633 1758 2381 854 
2641 1764 2387 858 
2650 1767 2395 861 
2659 1770 2400 864 
2668 1775 2404 869 
2673 1776 2410 871 
2679 1781 2415 873 
2688 1782 2422 876 
2696 1786 2427 878 
2700 1787 2431 879 
2711 1790 2435 879 
2716 1796 2438 881 
2718 1801 2443 884 
2724 1805 2447 887 
2728 1812 2453 889 
2730 1815 2459 892 
2735 1817 2473 894 
2741 1819 2476 900 
2746 1827 2481 903 
2751 1829 2484 906 
2753 1832 2489 908 
2757 1833 2496 913 
2765 1838 2498 914 
2770 1840 2502 915 
2774 1845 2507 915 
2776 1848 2508 917 
2783 1849 2517 919 
2787 1850 2524 921 
2792 1852 2532 921 
2795 1854 2538 922 
2798 1858 2545 924 
2803 1861 2547 924 
2807 1868 2557 925 
2811 1873 2564 926 
2815 1875 2566 927 
2821 1880 2568 929 
2830 1885 2572 931 
2834 1889 2578 932 
2841 1895 2583 933 
2851 1899 2590 937 
2855 1903 2597 937 
2860 1908 2600 938 
2866 1914 2604 940 
2872 1916 2607 941 
2877 1922 2612 942 
2886 1927 2618 943 
2890 1933 2620 945 
2898 1935 2623 947 
2906 1937 2629 948 
2911 1941 2634 949 
2918 1945 2638 950 
2921 1945 2644 952 
2928 1949 2654 957 
2935 1952 2665 960 
2937 1956 2670 964 
2943 1961 2672 966 
2950 1964 2679 966 
2957 1966 2685 969 
2964 1968 2692 970 
2969 1973 2697 972 
2969 1975 2702 974 
2974 1982 2714 979 
2976 1987 2718 985 
2978 1989 2729 989 
2981 1994 2733 994 
2984 2000 2737 998 
2990 2003 2745 1001 
2999 2007 2751 1002 
3005 2009 2755 1003 
3011 2012 2759 1003 
3016 2017 2764 1006 
3020 2022 2773 1007 
3024 2027 2775 1009 
3029 2032 2776 1015 
3033 2034 2782 1015 
3035 2038 2787 1016 
3038 2044 2791 1020 
3047 2048 2795 1020 
3051 2051 2802 1020 
3055 2057 2809 1021 
3056 2059 2810 1025 
3057 2064 2812 1027 
3063 2070 2816 1028 
3068 2072 2821 1032 
3072 2077 2826 1033 
3079 2081 2830 1033 
3088 2083 2836 1036 
3091 2087 2843 1036 
3097 2092 2849 1039 
3100 2101 2856 1043 
3104 2105 2861 1045 
3110 2106 2866 1048 
3113 2106 2867 1048 
3119 2109 2871 1050 
3121 2111 2878 1053 
3125 2116 2883 1056 
3138 2121 2889 1058 
3142 2127 2893 1058 
3146 2138 2899 1058 
3153 2140 2904 1060 
3162 2144 2910 1060 
3170 2151 2916 1061 
3174 2155 2922 1066 
3188 2160 2926 1066 
3192 2164 2929 1069 
3193 2166 2933 1075 
3193 2172 2937 1079 
3196 2176 2944 1081 
3204 2179 2949 1081 
3210 2185 2954 1082 
3221 2188 2960 1085 
3226 2189 2964 1088 
3232 2195 2970 1091 
3237 2197 2978 1094 
3248 2202 2978 1096 
3254 2207 2981 1097 
3263 2210 2987 1101 
3264 2211 2992 1102 
3268 2214 2994 1104 
3275 2221 3000 1106 
3277 2224 3004 1107 
3284 2229 3010 1109 
3291 2234 3013 1111 
3293 2237 3018 1112 
3297 2239 3022 1113 
3302 2240 3030 1113 
3303 2243 3031 1114 
3305 2244 3034 1115 
3310 2248 3035 1115 
3315 2255 3041 1115 
3321 2258 3044 1119 
3326 2259 3051 1121 
3330 2264 3054 1122 
3334 2270 3059 1125 
3340 2274 3067 1130 
3346 2277 3072 1132 
3349 2282 3074 1132 
3352 2285 3079 1138 
3359 2289 3081 1139 
3364 2291 3085 1143 
3370 2294 3090 1143 
3375 2298 3096 1145 
3385 2300 3101 1147 
3390 2303 3107 1148 
3399 2307 3116 1149 
3401 2312 3119 1153 
3405 2316 3127 1154 
3409 2319 3136 1155 
3411 2326 3144 1157 
3422 2329 3150 1158 
3426 2330 3151 1159 
3433 2337 3162 1163 
3436 2341 3167 1164 
3442 2344 3170 1166 
3449 2348 3172 1168 
3454 2350 3178 1171 
3459 2354 3185 1172 
3464 2360 3192 1173 
3467 2363 3197 1174 
3474 2366 3207 1176 
3483 2368 3218 1177 
3487 2370 3223 1179 
3489 2372 3226 1180 
3495 2375 3230 1181 
3501 2382 3231 1182 
3504 2385 3239 1183 
3505 2387 3243 1184 
3515 2389 3250 1187 
3525 2392 3254 1192 
3531 2396 3257 1195 
3536 2399 3263 1198 
3541 2403 3268 1199 
3548 2409 3278 1202 
3551 2412 3283 1205 
3558 2416 3286 1206 
3562 2422 3290 1207 
3566 2430 3300 1209 
3572 2431 3304 1209 
3576 2433 3311 1210 
3579 2435 3316 1213 
3587 2440 3318 1216 
3592 2441 3327 1217 
3600 2443 3334 1218 
3606 2447 3336 1221 
3611 2448 3340 1221 
3617 2449 3346 1222 
3624 2454 3347 1225 
3635 2461 3350 1227 
3644 2464 3352 1228 
3651 2470 3364 1229 
3657 2473 3376 1229 
3662 2475 3383 1233 
3666 2482 3387 1235 
3672 2488 3396 1236 
3680 2490 3401 1240 
3685 2496 3408 1240 
3688 2501 3412 1242 
3694 2504 3417 1242 
3698 2506 3421 1246 
3702 2506 3428 1250 
3710 2513 3439 1251 
3714 2518 3446 1253 
3719 2521 3448 1253 
3726 2525 3454 1253 
3732 2529 3460 1253 
3733 2532 3465 1254 
3733 2537 3470 1255 
3738 2540 3477 1256 
3744 2543 3482 1257 
3747 2547 3483 1257 
3752 2550 3487 1258 
3757 2559 3494 1259 
3764 2564 3499 1261 
3767 2568 3506 1262 
3773 2576 3510 1264 
3779 2579 3516 1268 
3784 2581 3519 1271 
3791 2588 3521 1273 
3798 2592 3526 1274 
3800 2598 3532 1274 
3809 2602 3541 1277 
3814 2603 3547 1280 
3822 2605 3555 1281 
3825 2611 3560 1283 
3831 2614 3567 1284 
3835 2619 3573 1286 
3840 2622 3577 1289 
3850 2630 3580 1291 
3857 2639 3588 1294 
3861 2641 3593 1294 
3867 2644 3598 1294 
3867 2647 3601 1299 
3872 2652 3604 1299 
3877 2654 3609 1302 
3879 2656 3613 1306 
3888 2658 3619 1307 
3892 2665 3627 1310 
3897 2671 3631 1310 
3901 2674 3636 1313 
3907 2675 3640 1317 
3915 2680 3645 1317 
3918 2682 3653 1320 
3924 2683 3658 1321 
3929 2683 3664 1324 
3931 2685 3670 1326 
3938 2690 3680 1327 
3946 2695 3684 1328 
3952 2699 3688 1329 
3953 2700 3696 1329 
3957 2701 3702 1332 
3964 2703 3713 1332 
3968 2707 3720 1333 
3977 2709 3724 1334 
3983 2716 3729 1334 
3985 2718 3733 1335 
3995 2720 3736 1335 
4001 2723 3743 1338 
4006 2728 3747 1340 
4008 2731 3749 1340 
4015 2735 3757 1342 
4020 2738 3760 1345 
4031 2739 3769 1346 
4037 2746 3774 1346 
4048 2750 3776 1347 
4049 2757 3780 1348 
4052 2762 3786 1349 
4055 2768 3790 1351 
4064 2772 3796 1353 
4069 2780 3799 1356 
4077 2785 3805 1357 
4085 2790 3811 1359 
4089 2794 3815 1360 
4096 2800 3819 1363 
4105 2804 3823 1365 
4111 2808 3826 1365 
4118 2815 3830 1368 
4120 2816 3835 1368 
4128 2818 3839 1368 
4132 2823 3840 1369 
4135 2828 3842 1372 
4140 2833 3853 1373 
4144 2835 3856 1376 
4148 2838 3866 1378 
4153 2839 3871 1379 
4161 2842 3880 1382 
4166 2845 3888 1383 
4173 2847 3894 1384 
4178 2852 3901 1384 
4182 2858 3903 1387 
4185 2859 3911 1389 
4187 2861 3913 1390 
4192 2862 3916 1390 
4199 2866 3921 1390 
4204 2870 3926 1393 
4213 2872 3931 1394 
4215 2874 3934 1398 
4219 2875 3939 1399 
4226 2879 3942 1402 
4231 2882 3948 1404 
4236 2885 3951 1405 
4245 2889 3958 1405 
4250 2892 3964 1409 
4254 2899 3970 1411 
4263 2904 3973 1414 
4270 2909 3983 1416 
4275 2913 3991 1418 
4279 2918 3995 1421 
4283 2926 4000 1429 
4285 2930 4008 1429 
4294 2933 4010 1434 
4297 2938 4014 1435 
4301 2942 4021 1436 
4306 2945 4027 1437 
4312 2947 4038 1438 
4316 2949 4045 1438 
4322 2952 4054 1439 
4327 2955 4059 1441 
4331 2960 4065 1442 
4339 2965 4069 1447 
4345 2967 4078 1449 
4350 2971 4081 1450 
4354 2976 4086 1452 
4360 2983 4093 1455 
4366 2986 4099 1455 
4371 2995 4106 1460 
4382 3000 4113 1462 
4388 3001 4118 1466 
4397 3007 4124 1468 
4402 3009 4130 1469 
4408 3015 4135 1471 
4414 3021 4140 1477 
4421 3028 4147 1483 
4423 3036 4160 1483 
4426 3041 4163 1487 
4434 3046 4167 1488 
4439 3049 4173 1492 
4441 3054 4177 1493 
4444 3059 4185 1495 
4448 3063 4189 1497 
4454 3065 4193 1500 
4459 3069 4196 1500 
4468 3072 4201 1506 
4471 3075 4207 1508 
4480 3079 4212 1509 
4483 3082 4219 1511 
4487 3085 4220 1513 
4491 3091 4224 1513 
4496 3092 4226 1513 
4499 3095 4231 1516 
4505 3101 4232 1520 
4513 3103 4234 1521 
4516 3106 4239 1524 
4521 3110 4242 1526 
4527 3114 4249 1528 
4531 3121 4256 1530 
4538 3124 4262 1530 
4541 3132 4266 1531 
4545 3135 4271 1533 
4551 3139 4277 1533 
4556 3143 4281 1534 
4563 3146 4285 1537 
4569 3151 4295 1540 
4575 3154 4301 1540 
4581 3161 4304 1540 
4587 3162 4309 1540 
4589 3165 4312 1540 
4594 3168 4319 1543 
4598 3172 4322 1543 
4604 3175 4327 1543 
4610 3177 4329 1543 
4610 3183 4333 1545 
4615 3186 4338 1546 
4625 3194 4344 1548 
4632 3199 4347 1552 
4642 3202 4355 1554 
4646 3203 4364 1554 
4653 3207 4367 1556 
4657 3209 4369 1557 
4660 3213 4375 1559 
4662 3221 4380 1560 
4666 3222 4386 1562 
4671 3227 4391 1563 
4677 3233 4394 1563 
4683 3240 4397 1563 
4689 3248 4399 1564 
4694 3249 4407 1567 
4700 3260 4415 1568 
4703 3263 4423 1571 
4706 3268 4428 1572 
4711 3271 4433 1572 
4716 3276 4437 1574 
4724 3279 4445 1577 
4734 3285 4448 1577 
4741 3291 4450 1577 
4745 3297 4458 1577 
4754 3299 4462 1578 
4758 3300 4470 1579 
4762 3306 4478 1582 
4766 3310 4486 1583 
4767 3313 4492 1584 
4772 3321 4496 1587 
4781 3325 4501 1588 
4785 3326 4504 1590 
4790 3330 4516 1590 
4793 3336 4520 1595 
4795 3341 4524 1597 
4803 3343 4527 1598 
4805 3346 4538 1600 
4810 3352 4541 1605 
4818 3358 4546 1607 
4823 3362 4553 1607 
4828 3363 4558 1607 
4833 3364 4563 1609 
4839 3369 4569 1610 
4844 3374 4579 1614 
4852 3377 4583 1615 
4855 3382 4591 1615 
4861 3384 4600 1622 
4869 3385 4606 1625 
4876 3389 4617 1625 
4881 3392 4624 1629 
4887 3395 4632 1630 
4891 3398 4635 1631 
4895 3402 4638 1634 
4906 3406 4642 1635 
4913 3410 4644 1637 
4920 3414 4648 1639 
4923 3420 4652 1642 
4926 3423 4657 1645 
4935 3425 4661 1646 
4942 3431 4669 1649 
4951 3434 4673 1649 
4956 3437 4678 1652 
4963 3443 4687 1653 
4966 3447 4689 1653 
4973 3450 4693 1654 
4975 3451 4697 1656 
4979 3452 4700 1658 
4983 3455 4705 1659 
4985 3461 4708 1663 
4989 3468 4711 1668 
4994 3470 4715 1668 
5001 3474 4720 1672 
5005 3479 4726 1675 
5015 3486 4729 1676 
5021 3489 4734 1678 
5026 3493 4740 1680 
5030 3499 4746 1684 
5037 3505 4750 1685 
5046 3510 4755 1686 
5053 3515 4759 1688 
5057 3519 4765 1690 
5063 3524 4773 1691 
5067 3527 4774 1691 
5073 3528 4782 1692 
5084 3531 4790 1697 
5094 3538 4795 1701 
5098 3539 4800 1706 
5103 3541 4804 1708 
5107 3547 4804 1710 
5108 3551 4808 1712 
5114 3554 4812 1712 
5119 3554 4818 1714 
5127 3561 4821 1715 
5127 3568 4829 1717 
5132 3572 4834 1720 
5134 3575 4838 1720 
5136 3576 4844 1721 
5144 3582 4852 1724 
5150 3585 4858 1726 
5159 3588 4863 1728 
5162 3589 4868 1728 
5168 3594 4873 1729 
5172 3602 4877 1731 
5178 3610 4885 1732 
5182 3615 4890 1736 
5183 3618 4897 1739 
5189 3623 4906 1740 
5192 3627 4913 1741 
5201 3633 4920 1742 
5207 3635 4926 1743 
5211 3641 4930 1743 
5215 3644 4933 1745 
5224 3646 4936 1749 
5226 3654 4938 1750 
5229 3656 4949 1750 
5234 3660 4955 1750 
5238 3660 4961 1753 
5245 3668 4966 1756 
5250 3671 4971 1757 
5260 3675 4978 1759 
5265 3679 4986 1761 
5267 3681 4993 1764 
5272 3685 4996 1766 
5277 3687 5000 1767 
5282 3691 5004 1767 
5288 3694 5010 1772 
5292 3697 5013 1775 
5297 3699 5015 1779 
5304 3702 5018 1782 
5307 3709 5025 1784 
5310 3710 5029 1788 
5315 3712 5031 1790 
5318 3716 5033 1792 
5328 3726 5038 1792 
5335 3729 5044 1794 
5342 3731 5051 1795 
5350 3737 5054 1795 
5355 3743 5056 1796 
5364 3747 5062 1799 
5366 3752 5070 1800 
5369 3754 5073 1802 
5375 3764 5077 1803 
5383 3766 5082 1808 
5388 3768 5087 1809 
5396 3772 5094 1813 
5399 3776 5102 1815 
5403 3779 5107 1818 
5407 3786 5113 1821 
5410 3787 5119 1821 
5414 3790 5122 1821 
5426 3796 5129 1825 
5433 3801 5135 1826 
5439 3806 5139 1827 
5445 3807 5143 1828 
5450 3815 5146 1829 
5453 3819 5148 1830 
5459 3820 5153 1831 
5463 3827 5156 1831 
5469 3831 5158 1832 
5472 3834 5171 1833 
5476 3837 5176 1837 
5481 3839 5181 1838 
5487 3840 5181 1840 
5493 3842 5187 1842 
5496 3846 5191 1844 
5501 3851 5195 1844 
5505 3857 5200 1846 
5509 3862 5201 1847 
5517 3864 5210 1847 
5525 3867 5216 1849 
5527 3871 5223 1850 
5532 3871 5232 1850 
5537 3876 5240 1851 
5540 3878 5242 1851 
5547 3883 5247 1855 
5550 3886 5251 1858 
5552 3891 5257 1859 
5564 3893 5262 1861 
5566 3900 5271 1861 
5574 3905 5276 1865 
5578 3909 5283 1867 
5581 3912 5289 1870 
5584 3916 5294 1872 
5589 3919 5303 1872 
5593 3924 5307 1872 
5597 3927 5311 1872 
5598 3932 5316 1875 
5604 3936 5318 1876 
5606 3943 5320 1877 
5613 3945 5325 1878 
5618 3952 5329 1878 
5622 3956 5334 1879 
5630 3960 5336 1880 
5634 3962 5342 1882 
5638 3965 5345 1883 
5642 3970 5349 1886 
5646 3971 5355 1891 
5652 3975 5363 1892 
5658 3979 5366 1895 
5665 3984 5372 1896 
5669 3986 5377 1896 
5675 3988 5379 1897 
5680 3990 5389 1897 
5682 3991 5396 1898 
5690 3995 5401 1903 
5693 4001 5404 1908 
5699 4003 5409 1912 
5702 4006 5413 1915 
5706 4010 5417 1919 
5708 4011 5420 1920 
5713 4012 5421 1921 
5718 4019 5424 1924 
5721 4023 5428 1927 
5728 4024 5430 1928 
5736 4030 5436 1931 
5741 4037 5441 1936 
5745 4044 5447 1938 
5749 4047 5453 1940 
5757 4055 5454 1941 
5765 4060 5457 1945 
5769 4063 5460 1946 
5774 4067 5464 1950 
5776 4071 5468 1950 
5782 4072 5471 1950 
5790 4078 5475 1951 
5795 4086 5476 1954 
5801 4089 5480 1955 
5808 4094 5482 1958 
5818 4096 5489 1962 
5822 4100 5495 1964 
5826 4102 5500 1964 
5832 4106 5507 1966 
5836 4107 5510 1966 
5841 4110 5517 1966 
5846 4113 5519 1969 
5850 4115 5523 1971 
5851 4122 5529 1975 
5855 4127 5535 1977 
5860 4131 5542 1978 
5865 4139 5545 1980 
5875 4144 5551 1982 
5883 4148 5556 1984 
5891 4151 5562 1988 
5899 4152 5571 1990 
5904 4158 5575 1990 
5910 4162 5578 1992 
5915 4168 5583 1995 
5919 4173 5589 1999 
5924 4180 5590 1999 
5930 4182 5595 2002 
5934 4185 5601 2002 
5936 4185 5609 2003 
5940 4190 5613 2007 
5947 4195 5617 2010 
5956 4199 5619 2011 
5960 4202 5628 2014 
5968 4205 5632 2015 
5973 4209 5637 2015 
5973 4210 5643 2018 
5975 4212 5648 2020 
5980 4215 5650 2021 
5985 4221 5655 2021 
5991 4225 5664 2022 
5998 4232 5674 2026 
6004 4238 5684 2029 
6010 4246 5688 2031 
6011 4247 5690 2033 
6017 4249 5695 2035 
6022 4251 5704 2038 
6028 4254 5709 2042 
6033 4257 5713 2044 
6040 4264 5715 2046 
6042 4267 5720 2046 
6051 4271 5730 2047 
6059 4275 5732 2047 
6065 4283 5740 2049 
6074 4286 5745 2052 
6078 4288 5745 2052 
6084 4294 5752 2056 
6089 4295 5757 2058 
6094 4296 5760 2059 
6100 4302 5767 2060 
6101 4310 5773 2064 
6109 4314 5780 2065 
6115 4317 5785 2066 
6121 4322 5789 2067 
6125 4326 5795 2069 
6130 4334 5796 2074 
6136 4338 5801 2077 
6143 4341 5804 2077 
6146 4345 5807 2077 
6154 4348 5814 2078 
6163 4355 5819 2079 
6167 4360 5821 2084 
6173 4364 5827 2084 
6177 4367 5834 2087 
6184 4371 5839 2089 
6187 4373 5846 2091 
6190 4378 5849 2095 
6192 4382 5855 2098 
6196 4383 5857 2100 
6199 4388 5867 2100 
6208 4393 5875 2103 
6215 4396 5880 2104 
6218 4402 5884 2106 
6219 4407 5886 2110 
6227 4412 5890 2112 
6232 4418 5895 2115 
6235 4421 5900 2118 
6240 4424 5905 2119 
6250 4428 5911 2121 
6256 4431 5915 2125 
6263 4434 5919 2126 
6269 4437 5923 2129 
6279 4439 5925 2132 
6288 4441 5933 2132 
6290 4447 5938 2133 
6293 4450 5943 2134 
6297 4454 5949 2137 
6301 4457 5957 2139 
6313 4461 5961 2141 
6317 4463 5966 2143 
6323 4469 5971 2147 
6326 4470 5979 2147 
6331 4477 5984 2150 
6334 4479 5988 2152 
6338 4485 5995 2152 
6343 4487 6000 2152 
6347 4492 6006 2155 
6351 4500 6010 2155 
6358 4509 6012 2159 
6366 4516 6021 2159 
6368 4517 6024 2163 
6372 4519 6029 2165 
6378 4523 6031 2166 
6380 4527 6033 2169 
6382 4528 6035 2171 
6388 4533 6042 2171 
6395 4538 6048 2172 
6396 4539 6053 2175 
6406 4541 6058 2178 
6412 4545 6066 2179 
6419 4549 6069 2182 
6423 4549 6080 2182 
6426 4552 6086 2186 
6431 4556 6093 2189 
6436 4558 6096 2189 
6442 4559 6102 2190 
6448 4564 6109 2190 
6449 4569 6114 2191 
6452 4575 6119 2192 
6458 4580 6126 2194 
6461 4586 6133 2198 
6464 4594 6142 2200 
6471 4598 6148 2200 
6477 4602 6152 2201 
6484 4605 6156 2203 
6489 4605 6159 2207 
6497 4609 6163 2209 
6500 4615 6167 2211 
6502 4623 6168 2212 
6504 4627 6174 2212 
6508 4629 6181 2214 
6513 4632 6183 2215 
6515 4635 6186 2217 
6520 4639 6193 2219 
6525 4643 6198 2219 
6530 4647 6202 2222 
6536 4651 6212 2225 
6540 4655 6217 2227 
6548 4660 6224 2228 
6554 4664 6228 2230 
6559 4670 6232 2234 
6563 4673 6237 2235 
6569 4675 6241 2238 
6574 4681 6246 2241 
6580 4686 6251 2243 
6583 4691 6254 2246 
6590 4695 6257 2247 
6596 4701 6262 2247 
6599 4706 6267 2250 
6602 4712 6271 2253 
6615 4716 6281 2255 
6622 4718 6286 2255 
6626 4718 6290 2255 
6628 4721 6296 2257 
6629 4724 6301 2261 
6633 4730 6307 2263 
6638 4734 6311 2265 
6641 4739 6315 2268 
6646 4748 6322 2268 
6651 4752 6327 2269 
6653 4754 6334 2272 
6658 4757 6341 2272 
6662 4762 6343 2274 
6665 4767 6345 2275 
6674 4769 6350 2275 
6682 4771 6354 2278 
6686 4774 6357 2279 
6691 4780 6364 2281 
6697 4783 6370 2284 
6703 4788 6378 2284 
6706 4791 6383 2285 
6713 4794 6387 2286 
6719 4799 6392 2290 
6722 4802 6394 2290 
6725 4804 6398 2292 
6731 4811 6403 2293 
6739 4814 6407 2293 
6746 4821 6416 2296 
6751 4827 6424 2300 
6757 4831 6430 2302 
6766 4837 6435 2304 
6773 4839 6440 2311 
6777 4842 6444 2314 
6780 4848 6446 2314 
6788 4851 6456 2317 
6795 4857 6459 2317 
6801 4861 6466 2317 
6804 4866 6470 2319 
6808 4870 6477 2320 
6809 4876 6481 2326 
6818 4877 6487 2327 
6823 4878 6491 2329 
6827 4881 6495 2334 
6832 4885 6496 2334 
6835 4891 6500 2334 
6841 4896 6508 2334 
6847 4901 6509 2335 
6851 4905 6516 2336 
6859 4914 6525 2339 
6863 4918 6526 2342 
6870 4921 6529 2344 
6872 4926 6537 2344 
6878 4931 6547 2347 
6884 4936 6552 2350 
6888 4944 6557 2352 
6893 4950 6560 2353 
6896 4954 6564 2353 
6899 4959 6570 2355 
6904 4964 6578 2357 
6909 4973 6581 2357 
6914 4975 6584 2358 
6920 4978 6591 2359 
6923 4980 6599 2359 
6927 4986 6604 2362 
6933 4995 6610 2363 
6936 5000 6616 2365 
6943 5004 6622 2366 
6947 5007 6624 2368 
6951 5010 6627 2368 
6953 5013 6633 2368 
6956 5014 6638 2372 
6959 5022 6644 2373 
6966 5026 6648 2375 
6974 5028 6654 2377 
6979 5032 6659 2381 
6984 5038 6665 2384 
6987 5040 6668 2384 
6992 5042 6672 2387 
6999 5046 6676 2388 
7006 5051 6683 2389 
7012 5053 6688 2389 
7016 5057 6693 2390 
7024 5059 6703 2392 
7031 5062 6712 2393 
7033 5067 6715 2394 
7041 5072 6721 2396 
7045 5077 6728 2400 
7050 5081 6732 2403 
7054 5085 6738 2406 
7058 5088 6741 2410 
7064 5092 6748 2414 
7070 5099 6754 2415 
7074 5106 6758 2418 
7080 5111 6767 2419 
7083 5113 6771 2420 
7088 5120 6771 2421 
7093 5121 6777 2424 
7101 5126 6781 2425 
7105 5130 6787 2426 
7110 5135 6793 2428 
7114 5136 6796 2429 
7121 5140 6800 2430 
7127 5143 6808 2432 
7130 5146 6814 2435 
7134 5152 6820 2436 
7138 5156 6825 2438 
7143 5159 6827 2439 
7150 5162 6831 2440 
7159 5164 6835 2441 
7163 5166 6837 2441 
7173 5171 6839 2443 
7177 5175 6842 2446 
7184 5182 6846 2449 
7189 5186 6851 2452 
7192 5193 6851 2452 
7195 5198 6853 2456 
7205 5201 6859 2457 
7213 5209 6866 2458 
7216 5214 6873 2461 
7222 5221 6878 2462 
7226 5224 6885 2463 
7236 5229 6893 2466 
7244 5234 6895 2467 
7252 5238 6896 2468 
7257 5239 6898 2468 
7259 5242 6906 2470 
7262 5250 6914 2470 
7266 5257 6920 2472 
7269 5263 6922 2474 
7275 5267 6929 2476 
7286 5268 6936 2476 
7292 5274 6947 2477 
7299 5280 6949 2479 
7302 5282 6952 2482 
7306 5288 6956 2485 
7312 5293 6959 2486 
7323 5300 6966 2487 
7330 5304 6972 2489 
7337 5309 6976 2490 
7340 5311 6982 2491 
7346 5315 6986 2494 
7351 5318 6988 2496 
7358 5321 6995 2499 
7363 5323 7008 2501 
7367 5327 7017 2503 
7374 5328 7026 2506 
7384 5336 7030 2508 
7396 5339 7036 2509 
7402 5341 7040 2512 
7406 5346 7048 2513 
7412 5351 7053 2513 
7416 5355 7063 2515 
7421 5359 7070 2516 
7430 5362 7073 2516 
7433 5367 7076 2519 
7436 5371 7082 2521 
7440 5376 7093 2523 
7449 5381 7099 2526 
7452 5382 7106 2528 
7460 5383 7110 2531 
7469 5388 7116 2535 
7474 5392 7123 2536 
7477 5397 7130 2538 
7482 5401 7134 2539 
7483 5405 7141 2541 
7491 5408 7143 2543 
7497 5412 7145 2544 
7502 5418 7151 2548 
7504 5425 7161 2551 
7513 5430 7162 2553 
7519 5439 7166 2557 
7527 5442 7170 2558 
7533 5451 7173 2560 
7537 5455 7181 2564 
7540 5457 7189 2564 
7550 5459 7191 2564 
7557 5461 7197 2565 
7562 5465 7202 2570 
7564 5473 7207 2573 
7570 5477 7211 2575 
7575 5479 7216 2575 
7579 5483 7223 2576 
7584 5483 7227 2576 
7587 5487 7230 2578 
7594 5489 7238 2579 
7597 5492 7245 2581 
7602 5496 7253 2582 
7607 5501 7259 2584 
7612 5503 7265 2585 
7619 5506 7271 2590 
7621 5511 7278 2591 
7623 5513 7284 2591 
7629 5514 7294 2594 
7639 5520 7301 2598 
7643 5525 7308 2598 
7650 5530 7310 2600 
7657 5535 7314 2602 
7665 5536 7317 2604 
7669 5539 7323 2606 
7673 5542 7330 2607 
7682 5548 7339 2612 
7691 5552 7342 2612 
7700 5555 7345 2613 
7708 5556 7349 2617 
7714 5559 7351 2619 
7716 5565 7360 2621 
7720 5568 7365 2623 
7724 5572 7371 2624 
7731 5579 7377 2627 
7737 5581 7384 2631 
7743 5584 7390 2634 
7748 5589 7399 2637 
7752 5592 7405 2642 
7757 5597 7407 2642 
7760 5604 7416 2644 
7766 5606 7424 2646 
7772 5610 7434 2649 
7781 5610 7441 2650 
7789 5612 7446 2652 
7800 5615 7449 2654 
7803 5615 7451 2658 
7812 5619 7453 2660 
7815 5623 7460 2663 
7819 5626 7470 2666 
7823 5630 7477 2667 
7828 5640 7481 2668 
7831 5644 7487 2669 
7837 5647 7494 2671 
7841 5653 7500 2673 
7845 5661 7503 2673 
7856 5667 7504 2676 
7860 5669 7507 2680 
7863 5675 7517 2682 
7866 5678 7526 2683 
7873 5683 7530 2683 
7881 5690 7536 2685 
7885 5696 7543 2687 
7889 5699 7547 2692 
7891 5703 7554 2694 
7897 5710 7558 2696 
7902 5714 7562 2699 
7908 5719 7567 2703 
7912 5723 7572 2703 
7922 5726 7575 2703 
7926 5735 7577 2705 
7934 5743 7579 2707 
7941 5750 7586 2709 
7945 5750 7589 2710 
7950 5754 7597 2712 
7961 5762 7601 2714 
7966 5766 7607 2716 
7968 5769 7611 2716 
7974 5774 7614 2716 
7976 5777 7617 2718 
7980 5782 7621 2720 
7987 5785 7630 2722 
7992 5787 7635 2723 
7997 5791 7641 2726 
8005 5795 7644 2728 
8009 5801 7651 2732 
8016 5805 7660 2734 
8019 5807 7663 2737 
8023 5808 7666 2738 
8030 5815 7674 2740 
8034 5823 7676 2742 
8036 5829 7681 2747 
8042 5831 7686 2748 
8053 5835 7693 2750 
8056 5837 7704 2752 
8059 5840 7709 2754 
8065 5847 7717 2755 
8072 5849 7722 2756 
8080 5854 7726 2759 
8087 5856 7728 2759 
8092 5861 7730 2760 
8103 5867 7734 2760 
8111 5869 7741 2762 
8121 5870 7746 2766 
8126 5872 7747 2768 
8133 5884 7757 2770 
8136 5890 7764 2772 
8142 5895 7767 2775 
8150 5901 7771 2779 
8153 5907 7777 2780 
8160 5909 7782 2782 
8166 5911 7788 2786 
8174 5913 7792 2789 
8184 5915 7796 2790 
8190 5917 7799 2790 
8196 5918 7808 2793 
8203 5918 7813 2794 
8206 5921 7820 2795 
8212 5928 7824 2797 
8216 5934 7830 2798 
8223 5940 7834 2799 
8227 5942 7838 2802 
8230 5948 7848 2803 
8236 5954 7852 2805 
8238 5957 7855 2807 
8244 5962 7860 2810 
8254 5969 7867 2812 
8264 5971 7873 2815 
8267 5972 7879 2817 
8270 5978 7882 2817 
8278 5983 7890 2821 
8283 5986 7895 2823 
8288 5990 7904 2825 
8291 5993 7910 2828 
8299 6001 7918 2828 
8306 6009 7921 2830 
8314 6013 7925 2832 
8319 6016 7929 2834 
8322 6016 7933 2835 
8329 6023 7937 2836 
8335 6031 7941 2839 
8341 6034 7949 2845 
8347 6036 7953 2848 
8354 6037 7954 2849 
8362 6039 7959 2850 
8368 6046 7963 2852 
8374 6054 7967 2853 
8381 6055 7971 2854 
8386 6057 7982 2857 
8392 6061 7988 2857 
8399 6062 7994 2861 
8402 6068 8001 2864 
8406 6072 8008 2865 
8412 6074 8009 2870 
8417 6081 8017 2871 
8425 6088 8020 2872 
8429 6091 8021 2875 
8431 6099 8028 2877 
8434 6102 8035 2880 
8441 6108 8041 2881 
8445 6110 8047 2882 
8450 6112 8053 2883 
8454 6113 8055 2884 
8459 6116 8065 2888 
8465 6118 8073 2891 
8470 6121 8084 2894 
8474 6125 8091 2898 
8479 6129 8096 2902 
8484 6139 8100 2905 
8487 6142 8106 2907 
8490 6146 8118 2908 
8497 6151 8123 2910 
8502 6155 8130 2913 
8511 6163 8134 2915 
8522 6167 8139 2916 
8530 6170 8144 2919 
8537 6174 8145 2922 
8547 6174 8150 2927 
8552 6178 8156 2930 
8557 6180 8164 2930 
8563 6183 8172 2932 
8568 6185 8177 2938 
8572 6191 8180 2939 
8577 6195 8188 2941 
8582 6197 8195 2942 
8584 6200 8201 2943 
8592 6202 8205 2945 
8595 6207 8214 2949 
8600 6210 8222 2950 
8604 6214 8230 2950 
8609 6217 8231 2952 
8616 6220 8239 2954 
8619 6224 8245 2956 
8622 6227 8256 2956 
8626 6227 8260 2957 
8631 6228 8265 2957 
8639 6233 8273 2958 
8643 6238 8281 2959 
8652 6245 8289 2961 
8658 6249 8295 2964 
8663 6250 8302 2967 
8670 6253 8305 2969 
8676 6254 8306 2971 
8681 6259 8312 2972 
8682 6264 8315 2973 
8686 6266 8317 2974 
8692 6269 8322 2976 
8697 6274 8327 2979 
8707 6275 8330 2982 
8709 6281 8336 2984 
8713 6284 8344 2985 
8714 6289 8350 2989 
8722 6294 8354 2992 
8727 6299 8359 2997 
8737 6304 8366 3000 
8740 6310 8371 3001 
8741 6312 8381 3001 
8748 6314 8390 3003 
8753 6326 8395 3004 
8757 6330 8397 3006 
8763 6333 8401 3008 
8767 6339 8406 3011 
8771 6343 8410 3014 
8776 6346 8412 3014 
8784 6356 8417 3014 
8791 6360 8422 3017 
8797 6365 8431 3017 
8800 6369 8432 3017 
8804 6373 8437 3018 
8808 6379 8443 3020 
8814 6386 8445 3021 
8821 6389 8454 3023 
8827 6395 8459 3025 
8833 6397 8462 3027 
8835 6403 8466 3030 
8835 6409 8472 3030 
8839 6415 8475 3031 
8844 6416 8487 3032 
8847 6421 8492 3034 
8850 6422 8501 3040 
8854 6428 8509 3042 
8859 6432 8510 3047 
8866 6434 8516 3049 
8871 6439 8521 3052 
8877 6443 8525 3058 
8880 6444 8529 3060 
8886 6451 8534 3062 
8889 6454 8537 3062 
8895 6456 8541 3064 
8898 6457 8550 3064 
8901 6462 8555 3069 
8907 6464 8558 3076 
8911 6469 8573 3078 
8916 6473 8576 3078 
8921 6476 8581 3083 
8927 6478 8585 3088 
8934 6482 8593 3091 
8939 6485 8598 3092 
8944 6490 8603 3093 
8952 6495 8606 3095 
8958 6501 8610 3096 
8967 6505 8614 3098 
8975 6508 8618 3101 
8979 6512 8627 3101 
8983 6516 8629 3106 
8989 6522 8633 3109 
8994 6526 8641 3113 
9000 6528 8650 3115 
9003 6533 8656 3116 
9009 6538 8666 3120 
9013 6541 8674 3122 
9016 6543 8676 3124 
9022 6548 8682 3125 
9025 6555 8686 3127 
9031 6558 8696 3130 
9037 6562 8701 3132 
9045 6562 8707 3135 
9049 6567 8711 3136 
9055 6571 8716 3138 
9062 6575 8725 3141 
9063 6580 8731 3144 
9068 6586 8732 3145 
9076 6589 8742 3148 
9081 6593 8744 3151 
9087 6597 8749 3151 
9091 6600 8754 3152 
9094 6604 8758 3153 
9097 6609 8768 3154 
9108 6613 8775 3159 
9114 6615 8782 3162 
9117 6619 8790 3164 
9122 6622 8801 3166 
9127 6627 8808 3166 
9130 6629 8812 3167 
9135 6634 8821 3168 
9142 6638 8827 3173 
9152 6641 8835 3176 
9160 6645 8841 3177 
9164 6649 8845 3178 
9167 6651 8846 3179 
9173 6654 8851 3180 
9178 6660 8853 3181 
9181 6664 8860 3182 
9187 6665 8867 3182 
9195 6670 8872 3183 
9203 6676 8875 3183 
9208 6681 8881 3183 
9213 6684 8891 3186 
9217 6691 8894 3188 
9223 6696 8896 3190 
9231 6702 8901 3191 
9236 6705 8906 3191 
9239 6711 8913 3193 
9245 6717 8924 3194 
9251 6720 8926 3198 
9258 6725 8934 3202 
9261 6729 8936 3203 
9269 6733 8941 3205 
9272 6740 8947 3206 
9277 6745 8951 3207 
9285 6748 8954 3208 
9295 6751 8959 3211 
9300 6754 8963 3214 
9305 6758 8967 3218 
9309 6763 8971 3223 
9312 6769 8975 3224 
9322 6774 8983 3226 
9329 6781 8985 3228 
9332 6786 8987 3229 
9336 6792 8991 3231 
9341 6800 8999 3233 
9345 6807 9010 3236 
9349 6811 9013 3239 
9356 6815 9022 3239 
9361 6820 9028 3240 
9372 6823 9035 3243 
9378 6826 9044 3246 
9381 6834 9050 3247 
9383 6836 9056 3248 
9386 6841 9062 3250 
9393 6847 9066 3250 
9400 6852 9074 3251 
9401 6857 9080 3251 
9408 6860 9082 3252 
9410 6865 9086 3254 
9414 6868 9090 3255 
9417 6872 9096 3257 
9424 6874 9101 3259 
9430 6880 9102 3260 
9439 6884 9106 3262 
9442 6885 9117 3263 
9446 6891 9119 3266 
9450 6894 9124 3267 
9452 6898 9128 3268 
9459 6904 9136 3271 
9465 6912 9142 3271 
9472 6918 9145 3273 
9477 6922 9151 3275 
9480 6932 9156 3275 
9482 6939 9161 3278 
9487 6946 9167 3283 
9491 6951 9169 3284 
9496 6956 9175 3285 
9498 6960 9184 3289 
9503 6965 9186 3291 
9508 6967 9190 3294 
9519 6972 9196 3294 
9527 6973 9201 3296 
9529 6976 9205 3298 
9534 6979 9215 3299 
9538 6987 9218 3299 
9544 6995 9223 3300 
9547 6999 9230 3301 
9550 7003 9238 3301 
9555 7007 9241 3304 
9557 7009 9248 3304 
9563 7011 9249 3306 
9566 7015 9252 3310 
9571 7020 9254 3314 
9572 7026 9264 3315 
9573 7028 9273 3320 
9577 7029 9278 3320 
9581 7031 9285 3322 
9583 7035 9288 3323 
9589 7038 9300 3325 
9595 7042 9305 3327 
9600 7045 9311 3333 
9609 7052 9317 3336 
9613 7055 9322 3339 
9624 7060 9329 3346 
9638 7067 9337 3348 
9643 7074 9344 3348 
9651 7076 9349 3348 
9657 7082 9356 3351 
9661 7087 9362 3354 
9664 7092 9370 3360 
9669 7093 9376 3364 
9678 7095 9380 3368 
9685 7101 9386 3371 
9689 7106 9389 3374 
9695 7112 9398 3375 
9699 7115 9406 3376 
9705 7124 9411 3378 
9709 7129 9419 3382 
9717 7135 9427 3384 
9720 7138 9431 3385 
9727 7140 9436 3385 
9734 7143 9441 3387 
9736 7148 9442 3390 
9740 7154 9445 3393 
9748 7157 9449 3394 
9751 7164 9451 3398 
9757 7169 9456 3399 
9762 7171 9461 3402 
9766 7175 9465 3403 
9769 7179 9468 3404 
9772 7183 9482 3407 
9782 7189 9487 3412 
9789 7193 9491 3412 
9796 7195 9500 3417 
9803 7203 9504 3418 
9809 7207 9508 3421 
9811 7211 9515 3421 
9817 7218 9520 3424 
9820 7222 9528 3426 
9826 7227 9539 3427 
9831 7230 9546 3428 
9834 7234 9552 3431 
9839 7235 9561 3431 
9845 7241 9564 3432 
9853 7245 9567 3434 
9856 7252 9568 3435 
9862 7257 9575 3437 
9868 7260 9582 3442 
9877 7263 9591 3444 
9884 7266 9598 3444 
9888 7270 9603 3445 
9893 7273 9611 3447 
9898 7278 9621 3448 
9904 7279 9626 3450 
9905 7287 9633 3453 
9908 7290 9642 3455 
9914 7293 9653 3458 
9923 7296 9662 3460 
9926 7297 9668 3465 
9932 7304 9670 3467 
9935 7311 9675 3471 
9941 7315 9678 3475 
9948 7318 9683 3477 
9954 7324 9693 3478 
9960 7329 9696 3479 
9965 7331 9700 3480 
9972 7337 9704 3482 
9977 7342 9710 3486 
9981 7346 9713 3486 
9986 7353 9720 3486 
9993 7356 9723 3487 
9998 7358 9727 3490 
10000 7361 9732 3492 
10014 7365 9739 3492 
10022 7373 9748 3496 
10023 7377 9755 3499 
10029 7385 9760 3502 
10029 7393 9763 3507 
10035 7397 9768 3508 
10039 7400 9775 3511 
10041 7404 9778 3512 
10047 7411 9780 3514 
10053 7414 9782 3517 
10055 7419 9782 3519 
10057 7424 9789 3521 
10062 7431 9791 3521 
10068 7440 9799 3521 
10071 7444 9803 3521 
10076 7450 9805 3522 
10082 7458 9808 3524 
10085 7459 9812 3529 
10093 7461 9817 3530 
10103 7464 9820 3531 
10109 7469 9824 3531 
10114 7473 9829 3531 
10118 7479 9833 3536 
10127 7480 9837 3537 
10133 7482 9843 3538 
10135 7485 9849 3540 
10140 7488 9856 3542 
10144 7492 9861 3544 
10148 7495 9865 3545 
10156 7496 9874 3547 
10162 7499 9882 3551 
10164 7507 9884 3555 
10170 7509 9891 3557 
10175 7515 9897 3559 
10182 7521 9903 3562 
10184 7528 9908 3564 
10189 7530 9914 3566 
10194 7533 9922 3569 
10202 7538 9928 3573 
10207 7539 9933 3576 
10208 7543 9935 3578 
10218 7548 9938 3580 
10223 7552 9941 3583 
10230 7555 9945 3583 
10234 7563 9951 3585 
10238 7566 9953 3585 
10241 7569 9959 3586 
10244 7572 9962 3590 
10247 7576 9970 3594 
10256 7580 9976 3594 
10265 7587 9981 3600 
10267 7590 9989 3601 
10269 7594 9996 3601 
10274 7600 10001 3602 
10281 7601 10007 3603 
10285 7605 10011 3606 
10288 7607 10017 3609 
10295 7612 10023 3612 
10304 7612 10027 3613 
10306 7617 10030 3613 
10311 7622 10035 3616 
10319 7625 10041 3616 
10325 7631 10043 3617 
10328 7632 10050 3618 
10335 7635 10055 3618 
10342 7640 10062 3619 
10345 7642 10066 3619 
10352 7647 10070 3620 
10358 7651 10076 3623 
10365 7653 10080 3625 
10372 7656 10084 3628 
10377 7662 10091 3630 
10383 7669 10098 3633 
10388 7673 10102 3638 
10391 7674 10109 3642 
10395 7677 10114 3644 
10405 7685 10119 3646 
10415 7688 10125 3650 
10418 7696 10132 3651 
10422 7698 10142 3653 
10429 7701 10147 3653 
10435 7706 10149 3654 
10438 7709 10150 3656 
10442 7711 10153 3658 
10447 7717 10156 3661 
10455 7721 10163 3662 
10460 7725 10166 3663 
10466 7726 10168 3666 
10473 7729 10175 3669 
10480 7732 10181 3669 
10482 7741 10187 3672 
10489 7749 10188 3673 
10495 7754 10194 3675 
10504 7755 10200 3677 
10505 7767 10206 3680 
10507 7775 10209 3683 
10512 7782 10212 3685 
10513 7786 10218 3687 
10516 7793 10221 3690 
10519 7796 10226 3694 
10525 7797 10238 3695 
10530 7805 10247 3696 
10535 7813 10250 3699 
10544 7815 10254 3700 
10547 7818 10260 3701 
10555 7822 10264 3704 
10562 7826 10271 3705 
10569 7830 10278 3707 
10577 7833 10287 3709 
10580 7835 10294 3709 
10585 7839 10297 3709 
10589 7841 10301 3712 
10595 7846 10306 3714 
10601 7849 10315 3714 
10603 7852 10324 3718 
10608 7856 10331 3722 
10614 7857 10338 3724 
10619 7865 10344 3724 
10622 7870 10352 3726 
10627 7873 10357 3726 
10631 7878 10368 3726 
10635 7887 10374 3728 
10641 7894 10377 3731 
10646 7899 10384 3735 
10650 7901 10386 3738 
10656 7906 10394 3739 
10670 7914 10397 3740 
10674 7920 10403 3742 
10678 7925 10407 3744 
10681 7931 10411 3745 
10689 7936 10421 3750 
10696 7944 10427 3752 
10699 7951 10433 3752 
10704 7955 10435 3763 
10711 7961 10440 3765 
10714 7964 10445 3767 
10725 7973 10448 3769 
10729 7980 10452 3771 
10736 7983 10457 3772 
10737 7987 10465 3774 
10742 7992 10477 3774 
10745 7998 10484 3775 
10749 8004 10491 3776 
10753 8007 10496 3778 
10759 8010 10504 3780 
10766 8010 10511 3783 
10772 8014 10514 3783 
10777 8017 10517 3786 
10781 8022 10523 3786 
10785 8025 10527 3786 
10788 8030 10531 3789 
10795 8034 10537 3790 
10803 8036 10544 3790 
10805 8038 10551 3795 
10807 8044 10556 3797 
10813 8050 10560 3799 
10818 8054 10569 3799 
10828 8057 10575 3802 
10831 8060 10583 3804 
10836 8063 10587 3805 
10841 8068 10594 3807 
10847 8073 10600 3811 
10853 8082 10608 3812 
10860 8083 10614 3817 
10866 8085 10623 3818 
10869 8090 10630 3820 
10876 8094 10640 3823 
10879 8097 10643 3826 
10885 8101 10649 3828 
10892 8105 10651 3829 
10898 8109 10653 3830 
10908 8112 10656 3832 
10916 8117 10661 3833 
10925 8122 10666 3835 
10930 8128 10674 3837 
10936 8136 10677 3839 
10941 8141 10686 3841 
10947 8143 10691 3841 
10949 8149 10703 3844 
10953 8154 10709 3844 
10959 8158 10715 3845 
10968 8164 10725 3846 
10972 8171 10731 3849 
10980 8175 10737 3850 
10985 8178 10744 3852 
10989 8181 10748 3857 
10992 8186 10754 3859 
10997 8187 10760 3864 
11002 8191 10764 3866 
11010 8195 10771 3868 
11016 8198 10774 3872 
11022 8203 10781 3873 
11029 8208 10792 3874 
11032 8212 10797 3874 
11037 8217 10802 3874 
11040 8219 10805 3874 
11046 8225 10816 3874 
11054 8227 10820 3875 
11056 8236 10827 3878 
11059 8240 10834 3882 
11068 8244 10839 3886 
11077 8247 10845 3887 
11079 8249 10853 3889 
11084 8254 10858 3890 
11088 8260 10862 3891 
11093 8269 10866 3892 
11098 8270 10872 3896 
11104 8274 10876 3898 
11107 8283 10883 3901 
11114 8286 10890 3905 
11122 8292 10891 3909 
11126 8297 10893 3911 
11132 8298 10898 3912 
11135 8303 10902 3915 
11138 8304 10906 3915 
11142 8306 10913 3918 
11146 8308 10921 3921 
11150 8314 10926 3923 
11156 8319 10930 3927 
11164 8323 10936 3928 
11168 8326 10941 3929 
11176 8329 10944 3931 
11181 8334 10949 3933 
11187 8336 10958 3936 
11192 8341 10967 3939 
11197 8345 10979 3940 
11201 8348 10983 3944 
11206 8356 10985 3948 
11209 8362 10988 3949 
11217 8369 10995 3950 
11222 8374 11000 3954 
11224 8377 11008 3957 
11229 8377 11014 3961 
11236 8379 11021 3964 
11237 8382 11026 3965 
11237 8386 11036 3969 
11241 8390 11042 3970 
11246 8394 11048 3974 
11252 8399 11054 3976 
11262 8403 11059 3977 
11266 8407 11067 3981 
11273 8411 11077 3986 
11278 8416 11082 3987 
11280 8420 11088 3991 
11286 8423 11094 3992 
11293 8426 11095 3993 
11299 8431 11101 3994 
11302 8434 11109 3999 
11307 8436 11118 4003 
11312 8444 11125 4003 
11316 8449 11133 4008 
11322 8452 11139 4010 
11331 8456 11146 4014 
11333 8457 11152 4016 
11339 8461 11156 4017 
11342 8465 11162 4020 
11349 8468 11172 4023 
11353 8472 11180 4024 
11357 8481 11186 4025 
11362 8485 11189 4027 
11372 8490 11199 4028 
11376 8493 11203 4029 
11379 8500 11205 4031 
11389 8504 11212 4034 
11392 8509 11214 4036 
11396 8516 11219 4039 
11403 8517 11221 4039 
11407 8523 11224 4040 
11409 8530 11228 4041 
11411 8532 11233 4041 
11415 8534 11233 4042 
11420 8540 11238 4043 
11423 8543 11243 4047 
11428 8547 11249 4048 
11432 8553 11253 4052 
11436 8556 11260 4054 
11442 8563 11272 4056 
11448 8568 11276 4056 
11453 8572 11284 4057 
11460 8576 11290 4060 
11468 8581 11294 4060 
11474 8588 11299 4064 
11478 8593 11306 4066 
11482 8597 11312 4069 
11487 8598 11314 4074 
11493 8600 11320 4078 
11501 8605 11324 4081 
11512 8613 11329 4082 
11517 8618 11331 4082 
11522 8621 11336 4085 
11533 8626 11338 4085 
11541 8637 11344 4087 
11546 8641 11350 4088 
11554 8645 11354 4094 
11558 8655 11360 4099 
11562 8660 11370 4100 
11565 8665 11374 4100 
11569 8671 11381 4101 
11574 8675 11388 4104 
11575 8681 11392 4104 
11579 8683 11396 4108 
11585 8684 11402 4109 
11591 8691 11411 4111 
11595 8695 11413 4114 
11598 8697 11422 4119 
11601 8708 11428 4120 
11608 8711 11434 4120 
11616 8713 11438 4123 
11622 8720 11440 4123 
11631 8723 11443 4125 
11634 8729 11452 4127 
11641 8731 11454 4128 
11648 8738 11461 4129 
11650 8744 11471 4132 
11658 8751 11475 4133 
11664 8753 11481 4134 
11670 8753 11487 4136 
11673 8756 11499 4137 
11678 8759 11505 4140 
11681 8764 11509 4146 
11689 8772 11513 4147 
11696 8781 11518 4148 
11701 8787 11522 4149 
11705 8793 11527 4151 
11709 8797 11535 4154 
11712 8804 11540 4157 
11715 8805 11545 4159 
11718 8806 11550 4163 
11721 8814 11553 4163 
11726 8816 11559 4164 
11730 8821 11563 4167 
11738 8824 11567 4168 
11747 8826 11575 4170 
11748 8830 11579 4173 
11753 8835 11582 4175 
11764 8842 11586 4180 
11770 8844 11590 4182 
11774 8846 11592 4186 
11779 8847 11598 4189 
11783 8851 11603 4193 
11788 8855 11608 4193 
11794 8862 11613 4196 
11800 8867 11618 4199 
11806 8870 11625 4203 
11810 8877 11630 4204 
11820 8882 11636 4207 
11830 8885 11645 4210 
11837 8891 11653 4212 
11841 8894 11658 4214 
11849 8895 11666 4214 
11851 8901 11670 4216 
11855 8905 11676 4217 
11859 8911 11682 4218 
11868 8917 11692 4220 
11878 8921 11698 4225 
11882 8925 11706 4228 
11890 8933 11714 4230 
11898 8934 11717 4231 
11902 8938 11721 4232 
11906 8942 11723 4234 
11912 8946 11732 4235 
11920 8950 11741 4237 
11922 8957 11750 4241 
11925 8959 11761 4243 
11932 8962 11765 4246 
11935 8967 11772 4246 
11940 8973 11779 4246 
11945 8976 11785 4249 
11953 8980 11791 4251 
11958 8982 11799 4255 
11960 8987 11803 4258 
11964 8990 11810 4258 
11967 8997 11815 4261 
11969 9002 11822 4262 
11973 9012 11829 4265 
11979 9017 11842 4265 
11985 9028 11848 4268 
11991 9036 11854 4270 
11995 9044 11861 4274 
11999 9047 11872 4278 
12003 9055 11873 4279 
12006 9062 11878 4281 
12010 9062 11884 4283 
12014 9068 11892 4286 
12017 9069 11896 4288 
12024 9072 11904 4291 
12030 9076 11911 4293 
12034 9080 11919 4296 
12040 9083 11926 4300 
12045 9084 11933 4300 
12055 9089 11938 4303 
12058 9094 11947 4304 
12062 9098 11952 4306 
12063 9103 11957 4306 
12068 9106 11962 4308 
12074 9108 11967 4311 
12078 9113 11976 4312 
12085 9116 11982 4314 
12090 9124 11990 4317 
12093 9129 12000 4320 
12100 9133 12008 4321 
12105 9136 12019 4325 
12108 9140 12022 4327 
12114 9146 12029 4328 
12119 9148 12036 4329 
12130 9155 12040 4330 
12133 9159 12044 4334 
12142 9169 12050 4334 
12150 9175 12059 4335 
12156 9180 12064 4338 
12164 9186 12070 4341 
12167 9192 12072 4341 
12171 9195 12079 4343 
12178 9198 12086 4344 
12180 9203 12090 4347 
12183 9207 12100 4348 
12189 9211 12104 4352 
12197 9217 12107 4354 
12201 9220 12114 4355 
12215 9223 12119 4358 
12222 9228 12125 4362 
12233 9233 12126 4366 
12238 9237 12133 4368 
12241 9241 12139 4369 
12245 9242 12144 4371 
12251 9243 12152 4372 
12257 9244 12160 4373 
12266 9249 12171 4374 
12270 9252 12177 4374 
12270 9257 12181 4377 
12275 9260 12182 4378 
12279 9264 12186 4381 
12287 9266 12192 4385 
12295 9273 12199 4385 
12302 9276 12202 4386 
12307 9283 12209 4387 
12309 9287 12211 4388 
12313 9291 12217 4388 
12318 9293 12222 4390 
12320 9297 12229 4394 
12325 9302 12236 4397 
12329 9304 12239 4398 
12331 9309 12251 4399 
12337 9314 12255 4400 
12342 9318 12262 4400 
12346 9325 12267 4402 
12349 9331 12270 4404 
12355 9333 12272 4406 
12361 9336 12277 4406 
12365 9339 12281 4406 
12369 9345 12287 4409 
12374 9347 12290 4410 
12381 9349 12297 4410 
12385 9355 12303 4412 
12388 9359 12309 4416 
12394 9365 12320 4417 
12397 9370 12325 4418 
12400 9371 12332 4421 
12406 9375 12343 4423 
12415 9377 12353 4426 
12421 9379 12356 4426 
12424 9381 12360 4431 
12429 9388 12366 4434 
12436 9393 12368 4436 
12440 9396 12371 4437 
12445 9401 12377 4438 
12452 9405 12384 4441 
12452 9409 12389 4443 
12453 9410 12395 4446 
12460 9416 12399 4447 
12468 9416 12407 4448 
12471 9417 12417 4450 
12477 9422 12421 4451 
12480 9428 12424 4455 
12483 9435 12432 4457 
12487 9440 12433 4459 
12491 9443 12440 4462 
12497 9451 12447 4463 
12500 9455 12458 4463 
12503 9458 12460 4465 
12510 9462 12466 4466 
12518 9464 12472 4468 
12520 9467 12476 4469 
12526 9473 12486 4471 
12531 9475 12492 4472 
12534 9479 12498 4474 
12537 9480 12508 4477 
12545 9487 12513 4477 
12547 9496 12524 4478 
12555 9502 12531 4480 
12564 9504 12536 4483 
12571 9509 12543 4486 
12579 9512 12548 4490 
12582 9513 12552 4492 
12588 9517 12561 4495 
12596 9525 12566 4497 
12601 9532 12568 4500 
12608 9535 12573 4502 
12614 9545 12578 4507 
12619 9551 12581 4508 
12623 9557 12583 4510 
12629 9562 12590 4512 
12635 9567 12595 4514 
12638 9569 12603 4514 
12641 9571 12609 4515 
12642 9575 12616 4518 
12649 9578 12627 4521 
12652 9582 12632 4523 
12654 9591 12639 4526 
12662 9595 12646 4529 
12670 9602 12656 4533 
12677 9605 12665 4541 
12684 9610 12672 4545 
12691 9614 12675 4548 
12695 9620 12685 4550 
12700 9624 12690 4554 
12704 9632 12696 4556 
12707 9637 12698 4557 
12713 9639 12705 4557 
12721 9639 12711 4557 
12724 9642 12717 4560 
12731 9648 12722 4563 
12736 9653 12726 4564 
12741 9657 12732 4567 
12751 9662 12734 4569 
12755 9667 12743 4572 
12761 9670 12746 4577 
12764 9672 12753 4578 
12765 9678 12757 4579 
12768 9685 12766 4581 
12774 9688 12774 4586 
12781 9691 12778 4588 
12788 9699 12783 4588 
12791 9701 12794 4590 
12797 9705 12796 4596 
12803 9713 12798 4598 
12810 9721 12801 4598 
12813 9724 12811 4599 
12819 9728 12814 4601 
12821 9736 12821 4603 
12824 9742 12831 4605 
12833 9749 12839 4607 
12837 9751 12845 4608 
12840 9759 12851 4610 
12845 9763 12857 4613 
12848 9766 12866 4614 
12850 9772 12870 4617 
12853 9778 12872 4618 
12857 9782 12879 4619 
12864 9787 12885 4622 
12868 9794 12889 4625 
12874 9800 12894 4628 
12877 9806 12902 4633 
12884 9812 12907 4634 
12890 9817 12915 4636 
12896 9821 12920 4639 
12898 9824 12924 4641 
12900 9825 12928 4642 
12905 9828 12940 4645 
12907 9833 12944 4648 
12911 9835 12949 4650 
12916 9838 12954 4652 
12923 9844 12957 4654 
12930 9852 12964 4657 
12936 9855 12969 4659 
12939 9861 12978 4663 
12943 9865 12984 4664 
12948 9871 12993 4666 
12950 9874 12996 4669 
12952 9880 13003 4671 
12959 9886 13007 4673 
12966 9892 13011 4676 
12968 9893 13020 4680 
12976 9900 13028 4682 
12981 9903 13032 4684 
12988 9907 13038 4684 
12993 9910 13045 4685 
13002 9914 13049 4686 
13008 9919 13055 4690 
13016 9921 13060 4691 
13019 9925 13063 4693 
13028 9928 13066 4696 
13033 9936 13074 4697 
13039 9941 13077 4699 
13044 9941 13086 4702 
13054 9943 13094 4706 
13057 9949 13100 4708 
13063 9949 13103 4710 
13067 9954 13111 4710 
13071 9957 13117 4710 
13077 9969 13124 4711 
13086 9976 13131 4712 
13093 9980 13137 4715 
13105 9986 13140 4718 
13110 9989 13142 4722 
13114 9996 13146 4724 
13120 10000 13154 4726 
13123 10007 13158 4727 
13126 10015 13163 4730 
13130 10023 13167 4731 
13137 10027 13171 4733 
13145 10028 13178 4734 
13151 10032 13182 4734 
13153 10036 13189 4736 
13159 10038 13196 4738 
13166 10043 13203 4740 
13177 10044 13211 4741 
13181 10048 13218 4743 
13187 10053 13223 4745 
13192 10056 13225 4747 
13194 10061 13230 4750 
13197 10064 13236 4752 
13200 10065 13244 4754 
13207 10070 13249 4757 
13212 10074 13256 4757 
13214 10082 13262 4757 
13220 10086 13266 4764 
13229 10087 13270 4765 
13233 10088 13279 4767 
13236 10092 13283 4767 
13238 10096 13291 4768 
13242 10098 13297 4770 
13245 10099 13305 4773 
13255 10111 13312 4774 
13259 10118 13316 4777 
13267 10123 13323 4779 
13271 10128 13331 4779 
13277 10135 13335 4781 
13283 10141 13343 4784 
13288 10143 13351 4786 
13293 10150 13354 4787 
13296 10155 13361 4791 
13299 10164 13366 4794 
13305 10170 13372 4797 
13313 10172 13380 4798 
13320 10175 13385 4802 
13325 10181 13396 4803 
13328 10184 13406 4806 
13332 10188 13406 4810 
13338 10191 13412 4810 
13345 10194 13419 4812 
13347 10198 13424 4813 
13353 10200 13427 4814 
13361 10207 13435 4814 
13367 10211 13444 4817 
13372 10213 13456 4818 
13378 10219 13460 4820 
13380 10220 13463 4823 
13387 10225 13471 4825 
13397 10228 13479 4827 
13404 10231 13482 4829 
13409 10234 13487 4830 
13418 10241 13494 4832 
13424 10248 13499 4835 
13431 10249 13506 4839 
13432 10257 13511 4841 
13434 10262 13517 4842 
13437 10271 13521 4846 
13445 10275 13527 4848 
13452 10278 13533 4850 
13458 10281 13542 4851 
13467 10281 13546 4853 
13474 10285 13552 4856 
13480 10289 13556 4858 
13491 10290 13564 4862 
13498 10294 13575 4865 
13504 10297 13581 4869 
13510 10303 13590 4869 
13514 10311 13596 4871 
13515 10316 13603 4872 
13518 10322 13613 4873 
13523 10326 13617 4875 
13533 10327 13622 4876 
13537 10331 13629 4879 
13549 10337 13638 4880 
13553 10341 13644 4881 
13558 10345 13649 4883 
13562 10349 13657 4888 
13568 10355 13663 4892 
13575 10360 13669 4892 
13587 10363 13674 4893 
13594 10366 13680 4897 
13599 10368 13687 4897 
13604 10372 13692 4898 
13611 10376 13696 4899 
13616 10380 13700 4903 
13622 10382 13705 4903 
13626 10384 13714 4906 
13632 10386 13719 4907 
13639 10393 13723 4908 
13643 10395 13732 4909 
13646 10403 13736 4909 
13651 10408 13740 4909 
13656 10413 13746 4910 
13662 10417 13750 4911 
13668 10421 13759 4915 
13675 10422 13765 4915 
13683 10430 13767 4915 
13688 10435 13777 4917 
13693 10437 13782 4917 
13698 10439 13790 4918 
13704 10442 13797 4920 
13708 10446 13805 4922 
13719 10450 13811 4926 
13724 10454 13815 4926 
13730 10458 13819 4928 
13735 10465 13824 4931 
13741 10472 13829 4932 
13746 10476 13835 4934 
13748 10477 13838 4937 
13754 10480 13848 4940 
13761 10485 13852 4941 
13763 10486 13856 4943 
13766 10486 13866 4946 
13774 10489 13874 4947 
13778 10497 13876 4949 
13784 10503 13886 4951 
13792 10508 13895 4951 
13800 10514 13898 4952 
13806 10521 13906 4953 
13808 10527 13909 4959 
13811 10530 13914 4960 
13817 10533 13923 4960 
13824 10538 13934 4961 
13833 10544 13936 4962 
13834 10548 13942 4963 
13840 10553 13949 4963 
13849 10558 13954 4964 
13857 10560 13962 4969 
13862 10564 13963 4976 
13867 10570 13970 4979 
13872 10577 13977 4984 
13875 10577 13984 4987 
13880 10584 13990 4988 
13886 10587 13996 4992 
13893 10589 14000 4992 
13898 10592 14005 4993 
13906 10596 14012 4997 
13911 10599 14017 4999 
13920 10604 14021 4999 
13926 10607 14031 5004 
13932 10614 14036 5008 
13936 10621 14040 5011 
13940 10625 14042 5012 
13951 10625 14046 5013 
13952 10630 14053 5019 
13955 10635 14058 5021 
13960 10640 14063 5023 
13968 10645 14070 5029 
13979 10648 14075 5031 
13984 10649 14078 5035 
13990 10655 14082 5039 
13993 10662 14092 5041 
13996 10666 14099 5043 
14001 10671 14109 5045 
14002 10677 14115 5046 
14010 10681 14121 5047 
14012 10688 14135 5049 
14016 10691 14139 5055 
14026 10698 14146 5058 
14037 10702 14150 5059 
14038 10708 14155 5061 
14045 10713 14161 5062 
14051 10716 14169 5064 
14058 10722 14174 5065 
14065 10725 14177 5070 
14068 10734 14184 5073 
14079 10739 14193 5078 
14086 10741 14201 5080 
14091 10746 14204 5083 
14097 10749 14212 5083 
14101 10751 14216 5085 
14107 10758 14222 5086 
14109 10764 14227 5089 
14113 10766 14232 5095 
14115 10767 14242 5099 
14123 10769 14248 5102 
14131 10772 14253 5103 
14136 10781 14258 5105 
14142 10785 14264 5105 
14150 10786 14270 5106 
14156 10791 14274 5107 
14161 10793 14276 5110 
14167 10798 14284 5112 
14173 10801 14289 5113 
14182 10809 14295 5115 
14188 10814 14301 5118 
14195 10821 14308 5119 
14200 10826 14316 5122 
14202 10831 14322 5124 
14208 10836 14328 5128 
14220 10838 14335 5129 
14226 10839 14344 5131 
14232 10842 14348 5132 
14233 10844 14353 5135 
14236 10848 14359 5139 
14248 10852 14364 5141 
14257 10856 14369 5142 
14262 10857 14381 5143 
14270 10862 14390 5143 
14273 10866 14394 5146 
14274 10868 14400 5146 
14282 10872 14407 5148 
14287 10878 14412 5152 
14296 10882 14416 5155 
14302 10887 14424 5157 
14304 10891 14430 5160 
14305 10895 14434 5162 
14310 10897 14437 5165 
14316 10902 14445 5165 
14321 10902 14450 5168 
14328 10906 14455 5170 
14332 10910 14462 5174 
14338 10912 14472 5176 
14344 10918 14479 5177 
14346 10925 14488 5179 
14355 10929 14494 5183 
14361 10935 14497 5187 
14366 10938 14501 5187 
14373 10943 14508 5190 
14379 10947 14513 5192 
14383 10950 14518 5194 
14390 10956 14525 5195 
14404 10960 14534 5197 
14412 10963 14538 5199 
14418 10968 14542 5203 
14421 10976 14549 5205 
14431 10980 14563 5207 
14432 10981 14567 5211 
14439 10985 14574 5213 
14447 10989 14580 5216 
14452 10995 14584 5219 
14458 11001 14589 5220 
14462 11005 14598 5222 
14469 11010 14610 5224 
14473 11013 14615 5226 
14482 11018 14619 5230 
14486 11022 14625 5234 
14490 11024 14629 5236 
14495 11033 14629 5237 
14498 11036 14636 5237 
14502 11043 14641 5239 
14508 11050 14651 5242 
14515 11057 14655 5244 
14520 11063 14661 5245 
14525 11067 14668 5248 
14529 11071 14678 5252 
14535 11073 14685 5255 
14544 11078 14694 5258 
14547 11086 14697 5260 
14551 11092 14702 5263 
14559 11092 14707 5264 
14561 11098 14715 5266 
14566 11100 14724 5268 
14575 11105 14728 5271 
14578 11109 14737 5273 
14588 11118 14740 5276 
14596 11125 14746 5277 
14600 11130 14752 5277 
14607 11138 14759 5279 
14610 11144 14761 5281 
14614 11147 14764 5283 
14615 11157 14773 5285 
14622 11164 14780 5288 
14629 11167 14784 5291 
14636 11170 14789 5292 
14638 11171 14790 5294 
14642 11174 14796 5295 
14647 11176 14800 5295 
14653 11178 14804 5298 
14658 11182 14812 5299 
14664 11187 14819 5304 
14669 11192 14825 5309 
14676 11197 14826 5314 
14679 11199 14834 5316 
14686 11207 14841 5317 
14691 11213 14847 5318 
14695 11220 14850 5318 
14703 11224 14854 5320 
14709 11230 14858 5320 
14714 11234 14863 5322 
14718 11235 14871 5325 
14722 11238 14873 5326 
14729 11241 14879 5328 
14736 11247 14885 5329 
14738 11252 14890 5330 
14741 11253 14899 5331 
14742 11263 14906 5334 
14749 11268 14909 5336 
14753 11273 14920 5336 
14756 11276 14926 5339 
14763 11279 14931 5343 
14769 11282 14937 5347 
14775 11285 14944 5349 
14780 11287 14957 5349 
14783 11291 14967 5354 
14784 11296 14973 5356 
14792 11297 14978 5358 
14800 11307 14985 5363 
14803 11309 14989 5364 
14809 11315 14993 5365 
14812 11323 15000 5366 
14817 11325 15007 5367 
14823 11333 15013 5371 
14826 11335 15019 5371 
14834 11340 15025 5372 
14838 11344 15034 5374 
14847 11347 15043 5377 
14852 11353 15046 5378 
14857 11355 15049 5381 
14860 11359 15054 5381 
14870 11364 15059 5383 
14875 11370 15068 5384 
14884 11375 15079 5385 
14890 11379 15089 5388 
14899 11383 15094 5393 
14903 11386 15105 5396 
14908 11390 15108 5401 
14914 11399 15116 5404 
14916 11404 15122 5404 
14920 11410 15131 5406 
14926 11419 15133 5408 
14934 11425 15140 5414 
14939 11433 15145 5419 
14943 11436 15151 5421 
14948 11439 15162 5423 
14955 11444 15163 5427 
14962 11449 15167 5428 
14965 11450 15172 5432 
14973 11450 15181 5433 
14979 11453 15188 5436 
14987 11458 15194 5436 
14992 11461 15202 5439 
15003 11464 15206 5442 
15008 11465 15212 5443 
15013 11470 15221 5445 
15019 11474 15222 5447 
15023 11478 15231 5451 
15031 11480 15238 5451 
15041 11486 15241 5454 
15047 11492 15250 5456 
15056 11495 15255 5458 
15057 11498 15261 5460 
15065 11503 15265 5463 
15069 11506 15269 5464 
15074 11509 15271 5464 
15081 11513 15277 5467 
15083 11516 15285 5469 
15091 11519 15296 5471 
15095 11525 15299 5471 
15100 11531 15302 5473 
15104 11535 15310 5473 
15107 11539 15315 5473 
15112 11543 15319 5474 
15118 11546 15325 5478 
15121 11551 15326 5480 
15129 11553 15330 5484 
15134 11558 15340 5484 
15137 11563 15350 5486 
15142 11570 15359 5489 
15150 11575 15367 5490 
15160 11579 15370 5492 
15165 11583 15375 5492 
15169 11586 15384 5498 
15174 11589 15391 5498 
15179 11593 15397 5502 
15185 11597 15405 5506 
15192 11602 15413 5509 
15196 11607 15420 5509 
15196 11613 15423 5512 
15200 11622 15428 5513 
15208 11625 15436 5518 
15215 11629 15445 5519 
15224 11636 15454 5521 
15231 11639 15462 5526 
15234 11644 15468 5527 
15239 11648 15472 5529 
15247 11651 15477 5531 
15251 11652 15479 5536 
15254 11657 15486 5536 
15262 11659 15490 5540 
15268 11664 15495 5542 
15276 11675 15495 5543 
15282 11681 15502 5548 
15291 11686 15507 5552 
15298 11692 15514 5556 
15303 11700 15522 5558 
15305 11705 15524 5558 
15308 11710 15535 5561 
15313 11715 15545 5563 
15322 11719 15548 5567 
15327 11722 15554 5569 
15337 11728 15558 5570 
15345 11735 15564 5574 
15349 11738 15571 5576 
15354 11740 15580 5577 
15357 11748 15588 5578 
15362 11751 15592 5580 
15372 11754 15599 5581 
15377 11757 15604 5584 
15380 11759 15610 5585 
15388 11764 15620 5585 
15401 11768 15624 5587 
15403 11776 15634 5589 
15405 11782 15644 5590 
15415 11784 15649 5591 
15418 11790 15654 5593 
15420 11794 15661 5594 
15426 11798 15665 5596 
15429 11802 15673 5598 
15442 11807 15680 5599 
15446 11817 15686 5601 
15447 11824 15692 5602 
15458 11829 15699 5604 
15464 11831 15705 5605 
15473 11835 15708 5607 
15477 11839 15714 5609 
15485 11842 15721 5610 
15489 11845 15725 5613 
15497 11850 15730 5615 
15503 11853 15737 5616 
15506 11856 15744 5617 
15511 11860 15751 5620 
15524 11865 15758 5622 
15529 11868 15763 5624 
15530 11872 15769 5627 
15533 11877 15772 5631 
15539 11880 15778 5635 
15542 11885 15781 5638 
15549 11890 15789 5642 
15553 11896 15794 5646 
15557 11903 15805 5648 
15561 11906 15812 5653 
15565 11911 15815 5655 
15571 11915 15820 5656 
15577 11922 15832 5658 
15582 11925 15835 5660 
15585 11929 15842 5663 
15589 11933 15846 5665 
15595 11941 15855 5665 
15601 11944 15863 5666 
15604 11949 15868 5669 
15610 11953 15875 5671 
15613 11963 15881 5672 
15617 11967 15887 5672 
15619 11970 15893 5674 
15621 11977 15898 5677 
15626 11979 15904 5677 
15630 11984 15912 5678 
15632 11987 15917 5680 
15639 11993 15929 5682 
15644 11998 15936 5687 
15647 12000 15940 5692 
15650 12004 15947 5692 
15654 12008 15958 5694 
15664 12013 15961 5697 
15668 12016 15971 5699 
15672 12025 15977 5699 
15682 12031 15984 5700 
15685 12037 15990 5701 
15689 12043 15994 5704 
15696 12046 15996 5705 
15704 12054 16004 5709 
15711 12061 16010 5710 
15713 12065 16011 5710 
15719 12068 16017 5714 
15725 12072 16027 5716 
15736 12075 16033 5719 
15743 12079 16039 5722 
15750 12080 16043 5724 
15757 12083 16052 5725 
15761 12087 16058 5726 
15767 12090 16063 5728 
15773 12099 16071 5729 
15778 12105 16077 5733 
15784 12107 16090 5736 
15790 12111 16094 5737 
15799 12114 16102 5738 
15805 12121 16110 5741 
15811 12124 16116 5744 
15818 12128 16123 5747 
15823 12130 16135 5751 
15826 12136 16138 5751 
15831 12142 16144 5752 
15839 12144 16147 5759 
15842 12149 16155 5764 
15846 12155 16159 5769 
15851 12162 16164 5771 
15859 12165 16173 5776 
15868 12170 16176 5779 
15878 12174 16181 5780 
15880 12179 16188 5781 
15884 12183 16192 5783 
15888 12188 16199 5783 
15897 12190 16203 5785 
15903 12192 16211 5786 
15912 12197 16217 5787 
15921 12198 16224 5789 
15926 12200 16226 5791 
15929 12204 16235 5794 
15936 12207 16239 5796 
15940 12208 16242 5797 
15943 12212 16247 5800 
15945 12213 16250 5801 
15949 12215 16261 5805 
15957 12220 16269 5806 
15960 12222 16280 5811 
15966 12224 16286 5814 
15971 12229 16290 5816 
15979 12234 16296 5820 
15986 12234 16300 5822 
15994 12236 16305 5823 
16004 12241 16313 5824 
16011 12244 16321 5828 
16014 12245 16326 5829 
16018 12254 16334 5832 
16025 12259 16340 5837 
16031 12263 16343 5838 
16043 12268 16351 5841 
16046 12272 16358 5846 
16049 12278 16364 5848 
16055 12281 16366 5850 
16060 12285 16375 5853 
16070 12290 16383 5854 
16076 12297 16392 5857 
16078 12305 16400 5860 
16086 12308 16408 5862 
16091 12309 16412 5863 
16099 12312 16416 5864 
16106 12313 16423 5867 
16112 12316 16431 5867 
16121 12320 16436 5869 
16127 12325 16441 5872 
16133 12331 16444 5873 
16135 12338 16446 5875 
16141 12339 16450 5879 
16148 12342 16456 5880 
16153 12348 16463 5882 
16159 12353 16470 5883 
16162 12359 16476 5884 
16167 12363 16481 5886 
16171 12368 16492 5892 
16173 12371 16494 5894 
16186 12373 16498 5896 
16190 12376 16505 5898 
16198 12378 16509 5900 
16201 12382 16516 5902 
16205 12386 16524 5903 
16215 12389 16533 5903 
16222 12399 16537 5909 
16230 12405 16547 5915 
16236 12408 16556 5917 
16239 12412 16558 5919 
16250 12415 16560 5923 
16252 12418 16569 5926 
16255 12425 16576 5928 
16257 12425 16587 5932 
16262 12428 16594 5933 
16268 12428 16601 5933 
16273 12432 16610 5935 
16277 12434 16617 5936 
16285 12436 16625 5938 
16289 12440 16632 5944 
16294 12445 16637 5946 
16301 12451 16644 5946 
16305 12455 16649 5947 
16313 12458 16654 5950 
16321 12462 16658 5953 
16325 12467 16661 5955 
16331 12472 16668 5956 
16338 12475 16672 5958 
16344 12480 16679 5959 
16354 12488 16685 5959 
16359 12490 16689 5963 
16364 12494 16694 5967 
16370 12501 16696 5971 
16375 12504 16704 5974 
16377 12508 16708 5975 
16383 12511 16714 5976 
16392 12518 16721 5979 
16395 12522 16729 5979 
16399 12525 16731 5981 
16404 12529 16734 5983 
16408 12534 16741 5985 
16413 12537 16749 5985 
16418 12543 16758 5991 
16423 12549 16763 5992 
16431 12553 16768 5992 
16437 12561 16778 5992 
16445 12564 16784 5993 
16452 12567 16789 5993 
16460 12570 16798 5995 
16464 12579 16803 5996 
16469 12583 16809 5996 
16477 12586 16815 5998 
16483 12587 16820 6001 
16491 12590 16823 6002 
16502 12592 16829 6004 
16508 12594 16833 6006 
16516 12599 16841 6008 
16523 12606 16848 6010 
16527 12608 16857 6012 
16532 12615 16862 6018 
16538 12619 16868 6020 
16543 12622 16876 6020 
16544 12626 16881 6020 
16550 12630 16887 6021 
16558 12635 16894 6022 
16564 12638 16903 6022 
16572 12645 16911 6024 
16580 12652 16915 6025 
16588 12658 16920 6026 
16591 12666 16935 6028 
16596 12671 16942 6028 
16598 12677 16950 6029 
16604 12681 16956 6032 
16613 12682 16957 6034 
16618 12688 16961 6034 
16624 12694 16969 6038 
16629 12695 16974 6042 
16635 12702 16981 6045 
16646 12704 16987 6048 
16657 12713 16989 6050 
16661 12718 16997 6051 
16669 12720 17008 6051 
16676 12726 17015 6053 
16684 12736 17016 6054 
16689 12742 17020 6057 
16693 12745 17022 6061 
16696 12749 17030 6063 
16705 12754 17033 6065 
16712 12759 17041 6066 
16721 12767 17048 6068 
16729 12776 17054 6069 
16734 12784 17059 6069 
16739 12787 17061 6070 
16747 12792 17065 6070 
16752 12794 17073 6073 
16760 12799 17078 6075 
16764 12806 17086 6078 
16771 12810 17090 6082 
16774 12812 17091 6084 
16781 12816 17098 6084 
16787 12820 17101 6086 
16795 12830 17106 6088 
16799 12836 17112 6089 
16803 12839 17119 6092 
16811 12842 17124 6097 
16813 12846 17130 6098 
16819 12849 17136 6100 
16826 12853 17142 6103 
16832 12861 17147 6106 
16835 12869 17151 6108 
16838 12875 17156 6111 
16843 12880 17160 6111 
16846 12882 17168 6114 
16852 12887 17173 6118 
16857 12890 17178 6121 
16862 12895 17184 6122 
16867 12903 17187 6122 
16873 12909 17196 6124 
16877 12915 17201 6127 
16885 12920 17207 6128 
16892 12925 17218 6132 
16898 12929 17225 6133 
16903 12939 17230 6137 
16912 12944 17234 6137 
16917 12952 17239 6138 
16925 12952 17248 6140 
16930 12955 17251 6142 
16940 12960 17258 6147 
16943 12962 17268 6149 
16946 12963 17272 6151 
16952 12964 17278 6153 
16961 12967 17283 6154 
16969 12971 17290 6154 
16975 12977 17297 6156 
16978 12983 17306 6158 
16983 12994 17318 6161 
16985 12998 17322 6166 
16989 13005 17324 6168 
16994 13014 17333 6170 
16997 13017 17340 6173 
17002 13021 17344 6180 
17007 13031 17350 6182 
17009 13034 17356 6184 
17015 13039 17361 6187 
17019 13045 17368 6190 
17028 13051 17374 6196 
17031 13055 17381 6197 
17034 13062 17388 6197 
17041 13067 17395 6199 
17045 13072 17401 6201 
17047 13075 17414 6201 
17052 13080 17420 6203 
17058 13083 17427 6205 
17069 13090 17435 6209 
17078 13098 17443 6210 
17083 13103 17447 6213 
17090 13108 17449 6213 
17094 13115 17449 6213 
17101 13119 17461 6214 
17104 13124 17469 6219 
17107 13126 17476 6221 
17113 13128 17482 6225 
17118 13133 17492 6227 
17122 13138 17499 6229 
17131 13139 17506 6233 
17135 13144 17516 6236 
17140 13146 17523 6237 
17146 13149 17534 6240 
17150 13159 17544 6244 
17155 13164 17548 6246 
17161 13172 17554 6247 
17171 13178 17563 6249 
17175 13183 17572 6252 
17183 13186 17578 6255 
17186 13192 17586 6256 
17191 13197 17591 6259 
17193 13202 17595 6260 
17200 13206 17601 6260 
17207 13212 17604 6261 
17211 13214 17608 6262 
17216 13217 17617 6265 
17216 13221 17623 6269 
17220 13226 17627 6274 
17226 13226 17630 6276 
17234 13229 17637 6277 
17241 13235 17639 6277 
17248 13239 17644 6280 
17254 13245 17651 6282 
17261 13249 17663 6282 
17268 13253 17673 6286 
17280 13262 17681 6289 
17289 13266 17692 6294 
17294 13271 17699 6297 
17306 13274 17708 6302 
17311 13280 17712 6303 
17317 13284 17718 6305 
17319 13291 17725 6307 
17324 13295 17728 6308 
17329 13299 17736 6310 
17337 13307 17742 6310 
17342 13310 17746 6311 
17346 13312 17753 6312 
17354 13318 17760 6314 
17360 13328 17767 6316 
17365 13334 17772 6316 
17371 13336 17779 6321 
17377 13342 17787 6325 
17385 13346 17792 6326 
17390 13349 17799 6327 
17395 13353 17812 6330 
17400 13356 17817 6331 
17402 13365 17821 6334 
17407 13372 17825 6336 
17412 13380 17830 6337 
17417 13389 17839 6339 
17419 13392 17849 6342 
17424 13397 17855 6344 
17424 13406 17858 6351 
17431 13410 17865 6353 
17440 13414 17869 6355 
17448 13418 17876 6359 
17454 13420 17880 6362 
17460 13427 17886 6368 
17467 13435 17890 6368 
17476 13439 17894 6369 
17482 13441 17898 6371 
17485 13444 17902 6378 
17489 13450 17911 6378 
17493 13452 17918 6379 
17500 13457 17927 6382 
17502 13461 17932 6384 
17508 13464 17938 6385 
17517 13467 17948 6388 
17518 13469 17962 6388 
17525 13472 17964 6389 
17538 13476 17969 6391 
17546 13481 17975 6394 
17549 13485 17981 6396 
17555 13492 17991 6402 
17560 13496 17997 6405 
17566 13498 18003 6405 
17569 13506 18010 6407 
17571 13509 18014 6411 
17575 13520 18021 6413 
17584 13526 18029 6415 
17587 13531 18035 6417 
17593 13536 18048 6421 
17600 13542 18053 6423 
17609 13547 18058 6424 
17616 13548 18064 6428 
17621 13551 18074 6429 
17627 13556 18081 6432 
17635 13560 18089 6434 
17641 13566 18094 6437 
17647 13569 18104 6439 
17651 13573 18112 6441 
17661 13577 18115 6442 
17669 13580 18121 6444 
17675 13582 18129 6447 
17681 13588 18140 6448 
17684 13593 18150 6451 
17689 13596 18155 6451 
17694 13598 18160 6453 
17696 13605 18168 6456 
17703 13610 18170 6458 
17711 13615 18175 6463 
17713 13620 18184 6465 
17719 13625 18192 6466 
17723 13632 18198 6469 
17725 13634 18204 6472 
17729 13642 18210 6473 
17737 13649 18217 6474 
17740 13653 18224 6476 
17743 13658 18227 6477 
17746 13662 18239 6479 
17752 13666 18246 6482 
17757 13669 18251 6485 
17765 13676 18259 6488 
17768 13680 18269 6489 
17771 13685 18274 6491 
17774 13690 18280 6491 
17780 13696 18284 6494 
17789 13698 18288 6497 
17797 13701 18291 6500 
17802 13705 18300 6502 
17805 13709 18312 6504 
17813 13716 18317 6508 
17816 13723 18321 6511 
17826 13727 18326 6511 
17831 13729 18330 6512 
17835 13734 18336 6512 
17843 13742 18344 6513 
17848 13748 18350 6518 
17854 13756 18362 6519 
17864 13764 18368 6520 
17868 13770 18376 6523 
17871 13773 18385 6526 
17876 13778 18391 6528 
17882 13782 18396 6530 
17885 13787 18402 6533 
17890 13790 18407 6534 
17898 13795 18414 6537 
17905 13800 18423 6539 
17913 13809 18432 6541 
17915 13819 18441 6541 
17920 13823 18448 6542 
17927 13827 18454 6544 
17933 13829 18461 6545 
17934 13838 18467 6548 
17937 13842 18472 6550 
17941 13843 18479 6553 
17944 13845 18489 6555 
17950 13847 18493 6556 
17952 13849 18502 6560 
17959 13850 18507 6561 
17967 13853 18509 6562 
17976 13855 18517 6565 
17977 13862 18522 6567 
17979 13867 18528 6567 
17990 13870 18532 6569 
17997 13875 18540 6569 
18002 13877 18547 6573 
18012 13881 18552 6576 
18016 13885 18561 6581 
18023 13887 18562 6583 
18031 13890 18567 6587 
18040 13893 18572 6592 
18043 13896 18578 6594 
18045 13901 18587 6594 
18051 13903 18593 6597 
18060 13904 18601 6602 
18063 13905 18607 6606 
18067 13910 18611 6608 
18071 13915 18616 6610 
18076 13920 18620 6616 
18085 13925 18624 6618 
18087 13932 18628 6620 
18090 13934 18630 6621 
18101 13937 18640 6622 
18108 13941 18643 6624 
18114 13951 18649 6628 
18118 13956 18654 6629 
18122 13960 18656 6631 
18130 13964 18662 6633 
18137 13971 18669 6634 
18144 13976 18676 6637 
18148 13982 18679 6639 
18150 13987 18683 6639 
18154 13990 18686 6643 
18161 13993 18695 6644 
18168 13998 18702 6648 
18173 14005 18707 6654 
18177 14009 18715 6654 
18180 14016 18726 6657 
18187 14022 18728 6659 
18192 14028 18734 6660 
18201 14032 18738 6661 
18206 14038 18743 6661 
18213 14043 18752 6663 
18215 14049 18759 6665 
18223 14056 18771 6668 
18229 14060 18782 6671 
18238 14066 18792 6673 
18247 14070 18797 6675 
18247 14074 18801 6676 
18257 14078 18809 6678 
18262 14082 18815 6680 
18267 14090 18821 6681 
18274 14098 18826 6682 
18278 14102 18832 6684 
18285 14104 18838 6685 
18288 14107 18841 6686 
18292 14110 18850 6688 
18296 14115 18856 6693 
18300 14119 18860 6695 
18303 14124 18866 6698 
18312 14125 18872 6702 
18316 14130 18881 6703 
18326 14135 18892 6703 
18331 14138 18899 6704 
18338 14146 18908 6709 
18343 14151 18910 6711 
18349 14158 18915 6713 
18353 14161 18920 6716 
18357 14167 18923 6718 
18360 14174 18927 6718 
18362 14174 18933 6721 
18371 14179 18938 6724 
18379 14179 18945 6726 
18387 14183 18957 6727 
18393 14187 18966 6730 
18397 14189 18975 6731 
18402 14194 18984 6733 
18406 14199 18989 6736 
18411 14203 18991 6740 
18420 14208 18998 6744 
18423 14210 19004 6747 
18433 14213 19012 6749 
18437 14223 19018 6751 
18439 14225 19023 6754 
18443 14227 19030 6757 
18445 14234 19036 6759 
18451 14238 19041 6760 
18458 14243 19049 6760 
18465 14248 19055 6764 
18471 14252 19058 6766 
18474 14255 19065 6768 
18480 14258 19076 6768 
18485 14265 19081 6770 
18494 14268 19092 6773 
18496 14278 19101 6775 
18502 14279 19105 6777 
18506 14282 19116 6777 
18513 14289 19121 6778 
18521 14293 19125 6781 
18528 14296 19131 6784 
18534 14300 19141 6784 
18539 14303 19146 6786 
18543 14306 19151 6790 
18549 14311 19161 6794 
18554 14314 19165 6798 
18560 14318 19168 6802 
18564 14321 19174 6803 
18570 14325 19179 6807 
18574 14332 19181 6811 
18579 14335 19185 6814 
18589 14340 19190 6816 
18594 14343 19194 6818 
18596 14346 19199 6822 
18602 14348 19203 6824 
18606 14350 19208 6831 
18612 14354 19214 6834 
18624 14358 19228 6835 
18628 14366 19234 6838 
18635 14371 19239 6841 
18640 14376 19245 6843 
18646 14384 19250 6846 
18651 14386 19261 6847 
18657 14390 19269 6848 
18662 14395 19275 6851 
18668 14398 19284 6853 
18674 14403 19292 6855 
18677 14407 19295 6859 
18682 14408 19302 6861 
18684 14413 19307 6862 
18690 14415 19313 6863 
18695 14422 19321 6866 
18698 14429 19327 6868 
18703 14433 19333 6871 
18707 14436 19335 6872 
18715 14440 19340 6873 
18724 14444 19347 6874 
18730 14450 19354 6875 
18740 14455 19360 6875 
18750 14456 19364 6876 
18754 14462 19368 6883 
18760 14467 19373 6887 
18765 14472 19380 6887 
18766 14476 19383 6887 
18770 14477 19386 6891 
18779 14481 19390 6893 
18784 14483 19392 6897 
18791 14492 19404 6898 
18795 14494 19409 6901 
18803 14499 19417 6901 
18810 14503 19422 6902 
18824 14507 19426 6906 
18830 14512 19432 6911 
18832 14516 19444 6915 
18842 14521 19453 6917 
18849 14526 19460 6918 
18853 14531 19467 6919 
18861 14536 19472 6923 
18866 14542 19477 6926 
18871 14547 19483 6929 
18882 14553 19487 6931 
18885 14556 19493 6932 
18889 14564 19503 6932 
18895 14567 19511 6933 
18901 14573 19517 6936 
18907 14580 19519 6938 
18909 14581 19525 6939 
18915 14586 19531 6940 
18919 14593 19536 6942 
18922 14597 19544 6945 
18930 14603 19554 6946 
18936 14608 19558 6947 
18941 14614 19562 6948 
18947 14618 19571 6949 
18952 14625 19575 6951 
18957 14637 19586 6953 
18962 14641 19593 6955 
18966 14647 19603 6958 
18970 14652 19607 6960 
18982 14655 19614 6961 
18988 14657 19623 6963 
18996 14664 19631 6965 
19002 14668 19638 6968 
19010 14670 19642 6972 
19019 14677 19647 6974 
19022 14683 19653 6975 
19028 14687 19658 6978 
19031 14688 19663 6978 
19038 14693 19671 6980 
19041 14695 19680 6981 
19044 14699 19687 6984 
19049 14704 19690 6985 
19058 14705 19697 6990 
19062 14708 19701 6992 
19070 14709 19705 6996 
19075 14714 19712 6996 
19081 14718 19718 6997 
19086 14722 19727 6999 
19090 14729 19734 7001 
19093 14737 19740 7004 
19098 14740 19746 7004 
19101 14748 19753 7010 
19106 14752 19760 7011 
19111 14757 19765 7013 
19120 14761 19771 7014 
19127 14766 19773 7018 
19136 14768 19778 7019 
19145 14775 19783 7021 
19151 14780 19788 7023 
19157 14782 19792 7024 
19166 14789 19795 7025 
19174 14797 19804 7027 
19182 14803 19811 7029 
19190 14806 19817 7032 
19198 14812 19823 7033 
19206 14818 19831 7034 
19217 14824 19835 7034 
19220 14827 19840 7034 
19224 14828 19845 7035 
19231 14832 19852 7037 
19237 14838 19863 7039 
19239 14843 19870 7039 
19244 14848 19875 7040 
19255 14856 19880 7043 
19264 14860 19884 7046 
19269 14871 19890 7051 
19271 14882 19900 7052 
19275 14886 19907 7053 
19280 14890 19911 7054 
19283 14893 19918 7055 
19290 14895 19926 7057 
19292 14901 19931 7058 
19297 14904 19938 7062 
19303 14908 19944 7067 
19308 14911 19955 7068 
19313 14916 19963 7068 
19322 14920 19968 7068 
19326 14924 19978 7071 
19333 14927 19985 7074 
19339 14931 19989 7077 
19343 14936 19997 7078 
19351 14941 20005 7078 
19361 14947 20012 7078 
19364 14952 20019 7081 
19364 14957 20024 7086 
19369 14963 20033 7089 
19375 14968 20041 7092 
19384 14975 20043 7096 
19387 14979 20048 7096 
19391 14985 20059 7098 
19396 14991 20067 7098 
19407 14998 20079 7100 
19416 15004 20084 7103 
19422 15012 20089 7104 
19426 15017 20095 7105 
19433 15021 20099 7106 
19439 15026 20108 7109 
19446 15029 20112 7109 
19451 15035 20119 7112 
19457 15040 20125 7114 
19460 15044 20134 7118 
19464 15045 20143 7120 
19469 15049 20149 7123 
19471 15052 20155 7123 
19472 15056 20160 7124 
19475 15060 20166 7125 
19486 15066 20173 7128 
19489 15068 20177 7132 
19496 15074 20182 7133 
19500 15078 20187 7135 
19506 15084 20197 7136 
19509 15089 20200 7138 
19518 15093 20206 7139 
19525 15098 20213 7146 
19529 15108 20220 7148 
19536 15114 20227 7152 
19547 15117 20233 7153 
19558 15123 20242 7154 
19563 15130 20252 7158 
19569 15134 20261 7161 
19573 15138 20267 7163 
19578 15143 20270 7166 
19587 15151 20276 7167 
19590 15156 20280 7169 
19595 15161 20286 7170 
19598 15163 20292 7174 
19602 15169 20297 7175 
19613 15173 20306 7179 
19621 15176 20308 7179 
19631 15182 20313 7182 
19639 15190 20320 7184 
19642 15193 20324 7190 
19648 15197 20334 7194 
19651 15205 20345 7195 
19658 15210 20352 7195 
19664 15218 20363 7196 
19667 15222 20368 7201 
19674 15230 20377 7202 
19679 15233 20385 7206 
19683 15238 20389 7208 
19692 15244 20398 7211 
19698 15247 20401 7212 
19706 15251 20407 7216 
19711 15256 20409 7220 
19720 15262 20414 7222 
19727 15265 20421 7224 
19736 15270 20430 7225 
19742 15272 20434 7226 
19747 15277 20442 7228 
19754 15281 20446 7230 
19763 15284 20450 7235 
19771 15287 20454 7240 
19775 15294 20464 7243 
19782 15297 20472 7244 
19783 15302 20477 7246 
19790 15310 20481 7248 
19795 15314 20484 7249 
19800 15319 20490 7250 
19807 15325 20496 7251 
19811 15327 20501 7254 
19817 15335 20512 7255 
19824 15341 20517 7259 
19829 15344 20525 7259 
19839 15349 20526 7261 
19843 15359 20533 7263 
19851 15367 20540 7264 
19855 15371 20549 7265 
19863 15374 20553 7268 
19867 15382 20559 7270 
19877 15388 20565 7273 
19886 15393 20573 7279 
19895 15402 20579 7280 
19902 15407 20589 7283 
19908 15414 20593 7287 
19913 15420 20602 7289 
19918 15426 20607 7293 
19925 15431 20612 7294 
19927 15433 20623 7296 
19934 15438 20637 7297 
19944 15445 20643 7301 
19947 15449 20648 7302 
19950 15453 20652 7307 
19955 15461 20656 7309 
19960 15468 20662 7313 
19965 15472 20668 7316 
19971 15478 20675 7317 
19975 15484 20685 7319 
19980 15489 20692 7323 
19987 15493 20703 7328 
19997 15495 20710 7330 
20001 15502 20716 7333 
20008 15510 20718 7336 
20019 15515 20727 7337 
20024 15521 20735 7340 
20031 15526 20741 7340 
20034 15532 20748 7343 
20038 15535 20752 7345 
20043 15536 20759 7347 
20051 15541 20761 7349 
20055 15545 20769 7349 
20058 15554 20775 7351 
20063 15559 20783 7354 
20072 15566 20792 7358 
20079 15573 20799 7360 
20081 15578 20806 7363 
20088 15580 20814 7365 
20096 15581 20819 7367 
20100 15586 20828 7370 
20103 15593 20836 7371 
20105 15602 20843 7372 
20114 15605 20853 7374 
20120 15609 20860 7375 
20126 15612 20864 7376 
20131 15615 20870 7377 
20140 15617 20876 7381 
20144 15623 20882 7383 
20154 15625 20889 7387 
20163 15626 20901 7390 
20168 15630 20908 7395 
20172 15634 20913 7398 
20175 15636 20917 7399 
20183 15642 20924 7400 
20190 15646 20930 7402 
20194 15652 20938 7407 
20200 15655 20949 7409 
20205 15659 20954 7409 
20212 15666 20960 7412 
20217 15671 20966 7416 
20221 15677 20970 7417 
20225 15680 20976 7421 
20234 15682 20983 7424 
20238 15684 20988 7425 
20250 15686 20992 7425 
20254 15689 20996 7427 
20259 15697 21004 7430 
20269 15701 21012 7431 
20273 15705 21016 7432 
20278 15715 21019 7433 
20286 15719 21025 7436 
20290 15728 21031 7438 
20299 15734 21038 7440 
20300 15738 21044 7442 
20305 15742 21055 7442 
20310 15747 21059 7444 
20319 15750 21067 7447 
20330 15753 21071 7451 
20337 15760 21082 7456 
20345 15766 21086 7459 
20349 15767 21092 7460 
20360 15769 21096 7463 
20367 15775 21104 7466 
20374 15782 21113 7468 
20378 15787 21114 7471 
20382 15794 21120 7475 
20388 15799 21126 7476 
20394 15803 21130 7477 
20406 15807 21143 7483 
20409 15813 21150 7485 
20414 15819 21154 7487 
20426 15827 21160 7490 
20429 15830 21165 7490 
20434 15836 21172 7492 
20440 15840 21181 7495 
20445 15846 21188 7495 
20447 15851 21191 7496 
20452 15853 21202 7498 
20463 15858 21210 7500 
20469 15865 21212 7503 
20475 15871 21222 7504 
20483 15877 21228 7506 
20486 15880 21236 7507 
20490 15881 21239 7510 
20494 15888 21246 7512 
20501 15892 21256 7515 
20509 15896 21258 7515 
20516 15900 21263 7519 
20525 15903 21270 7520 
20533 15906 21279 7522 
20540 15914 21289 7524 
20549 15920 21295 7524 
20555 15928 21302 7525 
20563 15932 21307 7526 
20575 15935 21311 7529 
20589 15937 21315 7533 
20594 15944 21318 7534 
20603 15948 21323 7534 
20614 15955 21328 7537 
20617 15958 21338 7539 
20623 15961 21344 7541 
20631 15967 21353 7543 
20638 15973 21360 7544 
20642 15974 21367 7547 
20649 15978 21376 7551 
20653 15982 21380 7551 
20663 15985 21383 7551 
20671 15988 21391 7554 
20678 15993 21393 7556 
20682 15999 21397 7557 
20689 16001 21406 7559 
20697 16006 21414 7561 
20700 16014 21419 7565 
20707 16018 21422 7568 
20709 16027 21427 7571 
20715 16033 21432 7573 
20724 16037 21438 7573 
20731 16041 21448 7576 
20737 16044 21456 7577 
20744 16046 21458 7579 
20749 16049 21464 7580 
20752 16057 21468 7582 
20756 16060 21476 7584 
20767 16064 21483 7586 
20772 16071 21489 7589 
20778 16072 21499 7590 
20781 16074 21504 7590 
20785 16077 21508 7595 
20789 16083 21517 7597 
20792 16091 21521 7599 
20799 16094 21526 7604 
20804 16099 21532 7607 
20810 16101 21535 7607 
20819 16102 21544 7612 
20827 16110 21553 7616 
20830 16117 21559 7618 
20836 16121 21565 7620 
20847 16126 21569 7624 
20849 16130 21573 7626 
20857 16133 21579 7630 
20864 16135 21590 7631 
20868 16141 21597 7633 
20871 16145 21603 7636 
20876 16150 21612 7636 
20882 16156 21619 7640 
20888 16159 21625 7643 
20893 16163 21630 7644 
20902 16169 21640 7645 
20909 16173 21646 7646 
20916 16174 21648 7647 
20920 16179 21653 7649 
20928 16186 21658 7651 
20930 16190 21665 7652 
20936 16196 21670 7657 
20942 16202 21676 7658 
20945 16205 21681 7662 
20949 16209 21685 7665 
20952 16219 21690 7666 
20954 16223 21697 7668 
20960 16227 21706 7669 
20965 16230 21712 7674 
20974 16231 21719 7677 
20977 16235 21728 7680 
20983 16240 21733 7686 
20989 16243 21742 7686 
21001 16249 21750 7686 
21011 16253 21757 7686 
21013 16256 21760 7687 
21025 16270 21768 7690 
21028 16275 21774 7690 
21034 16281 21776 7693 
21041 16288 21782 7695 
21047 16296 21798 7697 
21053 16300 21803 7698 
21063 16303 21810 7699 
21065 16306 21817 7701 
21069 16309 21825 7707 
21079 16314 21829 7707 
21084 16319 21834 7710 
21088 16325 21839 7711 
21093 16329 21846 7712 
21099 16335 21850 7713 
21106 16339 21853 7714 
21115 16345 21858 7717 
21119 16353 21866 7721 
21131 16355 21877 7722 
21137 16357 21879 7723 
21142 16364 21886 7723 
21150 16368 21891 7724 
21154 16374 21893 7727 
21158 16377 21896 7730 
21167 16382 21902 7732 
21171 16386 21913 7733 
21174 16390 21919 7735 
21178 16392 21926 7736 
21187 16393 21928 7741 
21192 16400 21934 7742 
21196 16403 21941 7743 
21200 16412 21945 7744 
21208 16418 21953 7746 
21210 16421 21959 7749 
21213 16425 21964 7751 
21217 16431 21974 7753 
21224 16433 21981 7756 
21231 16442 21986 7758 
21237 16444 21989 7760 
21244 16449 21995 7762 
21249 16453 22002 7763 
21252 16459 22008 7765 
21262 16465 22014 7768 
21271 16469 22023 7769 
21278 16475 22039 7772 
21282 16479 22054 7773 
21284 16486 22062 7775 
21292 16490 22066 7779 
21296 16494 22073 7780 
21299 16500 22076 7783 
21304 16505 22080 7787 
21307 16511 22085 7790 
21313 16517 22090 7792 
21323 16521 22096 7794 
21331 16525 22101 7797 
21334 16534 22103 7797 
21339 16537 22107 7799 
21347 16542 22115 7805 
21352 16545 22124 7805 
21359 16552 22127 7807 
21370 16555 22135 7809 
21380 16562 22140 7811 
21388 16566 22150 7812 
21392 16568 22155 7813 
21400 16576 22159 7815 
21409 16580 22164 7816 
21417 16582 22169 7819 
21424 16586 22173 7820 
21430 16593 22179 7821 
21435 16598 22188 7825 
21442 16602 22194 7831 
21447 16602 22204 7834 
21450 16605 22209 7835 
21456 16610 22217 7837 
21461 16616 22232 7838 
21465 16622 22237 7840 
21472 16630 22245 7840 
21478 16635 22250 7841 
21482 16642 22256 7842 
21488 16645 22262 7846 
21491 16656 22271 7846 
21494 16658 22273 7848 
21500 16659 22282 7850 
21507 16662 22286 7853 
21510 16668 22294 7853 
21512 16675 22303 7854 
21517 16682 22314 7855 
21519 16686 22318 7859 
21524 16690 22324 7863 
21532 16695 22333 7864 
21535 16697 22342 7866 
21541 16701 22347 7870 
21546 16703 22352 7871 
21550 16712 22360 7871 
21557 16720 22365 7873 
21564 16724 22373 7873 
21570 16729 22378 7876 
21575 16737 22388 7880 
21579 16740 22397 7881 
21582 16743 22401 7884 
21588 16750 22411 7888 
21590 16755 22417 7888 
21594 16759 22425 7890 
21599 16763 22431 7893 
21604 16764 22440 7894 
21608 16766 22446 7894 
21612 16772 22453 7895 
21618 16779 22458 7895 
21622 16781 22464 7898 
21624 16785 22468 7901 
21629 16791 22473 7904 
21634 16799 22478 7906 
21639 16807 22486 7908 
21648 16808 22492 7912 
21657 16816 22497 7916 
21665 16820 22507 7917 
21670 16825 22519 7917 
21674 16827 22530 7923 
21677 16836 22537 7926 
21681 16842 22547 7928 
21684 16848 22549 7930 
21692 16855 22556 7931 
21694 16858 22559 7933 
21699 16863 22565 7933 
21704 16869 22578 7938 
21709 16872 22586 7941 
21711 16877 22592 7943 
21715 16882 22598 7947 
21722 16890 22602 7949 
21727 16893 22614 7950 
21728 16898 22621 7950 
21737 16903 22629 7958 
21742 16909 22636 7962 
21751 16913 22648 7962 
21756 16917 22654 7963 
21763 16922 22663 7966 
21765 16924 22672 7970 
21770 16931 22677 7970 
21779 16935 22682 7972 
21785 16937 22691 7975 
21794 16949 22695 7981 
21803 16951 22701 7982 
21807 16953 22708 7984 
21811 16956 22713 7986 
21818 16958 22721 7989 
21828 16965 22731 7991 
21836 16971 22740 7994 
21841 16975 22747 7998 
21848 16978 22752 7999 
21853 16979 22757 8001 
21855 16982 22765 8004 
21860 16985 22768 8006 
21863 16987 22777 8009 
21868 16989 22783 8011 
21874 16993 22787 8014 
21877 16999 22794 8016 
21883 17004 22803 8018 
21893 17013 22809 8021 
21896 17017 22817 8023 
21903 17023 22823 8025 
21912 17024 22831 8026 
21918 17030 22835 8028 
21928 17037 22843 8032 
21932 17040 22852 8035 
21942 17044 22862 8037 
21950 17053 22870 8039 
21957 17057 22874 8039 
21967 17062 22880 8041 
