0 0 0 0 
6 8 3 2 
11 12 12 7 
18 17 19 8 
21 23 24 11 
26 27 29 12 
30 34 33 16 
38 38 39 18 
43 42 43 20 
45 46 51 21 
52 49 60 22 
56 54 72 23 
61 59 78 28 
67 65 85 29 
69 73 92 29 
76 74 98 30 
86 75 103 31 
89 80 115 32 
97 83 122 34 
100 84 123 35 
100 87 127 36 
108 94 129 38 
112 96 133 41 
119 96 138 42 
125 101 141 45 
129 104 144 46 
137 108 150 46 
142 112 153 49 
147 114 159 49 
149 118 165 51 
155 120 168 52 
162 121 173 54 
173 127 176 58 
177 131 182 58 
184 134 185 65 
186 138 193 68 
192 141 197 71 
198 145 201 72 
203 147 207 75 
210 150 213 77 
217 158 216 79 
225 161 222 82 
232 165 230 85 
237 168 234 88 
244 171 237 91 
249 172 245 92 
251 173 250 93 
258 177 258 96 
264 183 265 98 
271 184 271 98 
278 191 277 100 
284 195 280 102 
293 199 285 103 
298 202 290 105 
304 206 301 107 
311 210 305 109 
313 212 312 112 
316 212 319 113 
320 216 325 115 
331 218 334 118 
337 223 336 121 
346 228 341 121 
355 231 345 125 
364 235 352 125 
372 238 358 125 
378 242 360 126 
381 245 368 128 
388 250 373 129 
396 252 379 129 
406 257 384 133 
413 261 388 135 
416 268 398 136 
423 269 403 139 
426 270 409 143 
431 274 415 143 
435 278 420 145 
442 280 428 145 
444 283 437 148 
449 287 441 150 
457 292 446 152 
465 294 452 152 
474 298 463 153 
478 304 472 156 
483 307 480 159 
490 315 486 162 
495 318 492 163 
499 320 498 164 
505 323 501 165 
513 325 509 167 
520 330 515 172 
526 330 516 177 
532 333 522 180 
539 342 526 184 
546 349 531 185 
558 355 533 188 
562 360 543 189 
568 364 547 191 
572 367 555 195 
576 371 559 197 
581 376 568 198 
584 377 574 201 
592 382 581 202 
597 384 584 204 
601 388 588 205 
608 391 598 208 
614 396 601 209 
619 396 605 214 
623 398 609 214 
628 400 612 214 
632 403 615 215 
633 406 617 216 
640 413 618 216 
647 413 622 218 
653 416 625 221 
661 422 628 224 
666 425 635 229 
672 430 642 235 
678 435 647 236 
680 437 652 236 
685 439 657 237 
689 445 659 241 
695 447 664 242 
703 455 667 244 
709 460 673 246 
711 462 678 247 
714 465 679 248 
720 467 684 249 
726 472 690 250 
735 476 694 251 
739 481 701 256 
742 485 708 258 
744 490 711 259 
752 493 717 260 
755 494 724 262 
764 497 731 262 
769 503 736 263 
775 506 741 266 
781 510 744 269 
790 515 753 269 
798 520 755 270 
799 523 763 272 
803 525 766 274 
805 529 770 275 
809 531 775 276 
813 532 780 278 
820 535 787 279 
825 540 795 279 
833 543 801 280 
839 547 804 282 
843 551 809 286 
848 553 811 287 
851 558 818 288 
859 562 821 290 
861 564 833 292 
868 568 839 294 
877 572 845 297 
879 575 850 298 
883 580 859 298 
893 581 863 298 
896 582 864 298 
905 585 867 302 
909 592 873 304 
914 596 879 308 
924 601 883 308 
927 610 892 310 
928 612 901 311 
932 614 907 312 
935 617 910 314 
943 622 918 318 
946 628 922 318 
949 631 930 319 
952 633 931 322 
959 638 932 324 
964 643 937 326 
966 647 945 327 
972 649 950 327 
975 650 955 328 
983 654 961 330 
989 658 968 331 
992 665 974 332 
995 667 977 335 
1000 670 982 337 
1008 672 984 339 
1010 676 986 341 
1020 683 992 342 
1026 686 995 343 
1036 691 998 344 
1039 695 1001 344 
1045 699 1009 344 
1054 703 1012 345 
1059 706 1018 347 
1065 712 1022 350 
1068 718 1027 352 
1075 723 1034 352 
1081 725 1042 353 
1087 725 1050 357 
1094 730 1057 361 
1101 734 1063 363 
1108 737 1072 367 
1111 737 1078 369 
1116 741 1083 372 
1122 744 1092 373 
1125 746 1096 374 
1132 750 1101 375 
1138 754 1106 378 
1144 758 1108 379 
1149 763 1113 381 
1154 765 1115 383 
1163 766 1119 384 
1171 769 1125 388 
1177 773 1133 391 
1182 779 1136 392 
1190 785 1145 393 
1196 787 1150 393 
1200 790 1156 395 
1205 796 1158 397 
1209 798 1165 397 
1217 804 1170 399 
1219 811 1174 402 
1226 815 1181 406 
1234 818 1187 407 
1237 823 1196 407 
1243 827 1201 408 
1248 831 1209 410 
1253 834 1215 410 
1257 835 1219 412 
1266 837 1223 412 
1272 841 1234 414 
1275 844 1239 417 
1280 847 1244 420 
1286 849 1251 422 
1293 852 1255 425 
1298 858 1260 428 
1305 860 1266 431 
1310 864 1267 434 
1314 869 1270 438 
1319 873 1272 440 
1324 876 1275 441 
1328 879 1278 442 
1334 882 1284 444 
1341 883 1290 444 
1347 887 1294 447 
1348 891 1300 449 
1355 896 1307 451 
1357 900 1310 452 
1363 903 1311 452 
1370 906 1316 453 
1375 908 1317 458 
1387 915 1321 465 
1391 919 1329 467 
1397 925 1336 467 
1399 928 1344 471 
1402 932 1349 473 
1405 941 1354 476 
1411 943 1362 477 
1416 948 1372 481 
1418 953 1380 482 
1422 959 1384 485 
1425 963 1392 488 
1431 967 1400 491 
1437 970 1402 494 
1443 972 1413 495 
1448 978 1415 498 
1451 982 1418 498 
1456 986 1423 499 
1462 988 1425 503 
1469 988 1428 503 
1475 992 1435 505 
1476 996 1440 505 
1488 1003 1444 508 
1496 1004 1451 510 
1500 1007 1456 512 
1504 1009 1463 516 
1508 1013 1467 518 
1513 1019 1473 521 
1520 1023 1480 523 
1523 1027 1487 525 
1527 1033 1493 526 
1536 1036 1499 527 
1542 1042 1500 527 
1548 1051 1507 531 
1552 1055 1513 531 
1555 1059 1518 534 
1563 1065 1528 535 
1569 1067 1534 536 
1571 1072 1537 538 
1576 1076 1539 538 
1583 1079 1544 540 
1589 1082 1551 542 
1598 1083 1558 543 
1603 1087 1564 546 
1610 1094 1566 546 
1613 1095 1570 549 
1622 1101 1574 550 
1628 1106 1579 552 
1635 1108 1586 555 
1638 1113 1587 555 
1641 1117 1592 557 
1643 1120 1594 558 
1646 1123 1597 559 
1657 1126 1602 563 
1661 1128 1608 564 
1665 1134 1612 566 
1675 1139 1617 568 
1683 1140 1621 571 
1688 1145 1624 574 
1690 1149 1626 574 
1696 1154 1633 577 
1703 1158 1638 580 
1706 1161 1640 582 
1714 1168 1645 587 
1724 1169 1654 587 
1730 1172 1661 589 
1734 1175 1670 590 
1739 1180 1677 595 
1743 1182 1683 595 
1751 1184 1691 598 
1757 1186 1697 600 
1760 1190 1702 600 
1766 1194 1705 603 
1774 1194 1708 609 
1781 1198 1709 611 
1788 1203 1714 614 
1793 1207 1715 614 
1801 1212 1721 618 
1807 1218 1724 618 
1810 1220 1732 618 
1818 1222 1736 618 
1823 1225 1743 618 
1830 1228 1746 623 
1837 1234 1753 625 
1841 1237 1758 628 
1852 1241 1761 630 
1855 1246 1763 632 
1859 1251 1766 636 
1865 1253 1771 641 
1873 1257 1778 642 
1879 1262 1784 643 
1884 1266 1788 644 
1889 1269 1794 646 
1899 1270 1797 651 
1903 1276 1803 653 
1907 1279 1805 656 
1915 1284 1807 659 
1919 1286 1812 659 
1926 1289 1818 663 
1927 1297 1821 666 
1932 1301 1824 668 
1936 1306 1826 672 
1943 1307 1833 675 
1951 1314 1839 678 
1959 1316 1842 680 
1967 1318 1847 683 
1976 1319 1854 687 
1983 1326 1860 689 
1987 1328 1866 693 
1993 1338 1868 695 
2003 1341 1872 698 
2005 1344 1875 700 
2008 1345 1878 701 
2013 1349 1884 701 
2020 1350 1889 702 
2024 1353 1894 705 
2029 1359 1900 705 
2034 1366 1905 707 
2037 1369 1911 710 
2045 1370 1917 710 
2052 1374 1923 716 
2058 1375 1930 717 
2062 1376 1941 718 
2068 1379 1945 719 
2075 1383 1949 720 
2081 1387 1953 721 
2086 1392 1958 724 
2088 1396 1966 725 
2091 1400 1970 729 
2097 1405 1972 731 
2103 1409 1978 735 
2112 1413 1984 736 
2116 1418 1988 738 
2119 1422 1997 740 
2125 1424 2003 743 
2125 1429 2007 744 
2128 1431 2015 746 
2133 1435 2019 748 
2139 1439 2024 750 
2144 1441 2030 750 
2152 1444 2035 753 
2156 1451 2042 754 
2158 1452 2050 757 
2166 1455 2055 757 
2175 1458 2062 759 
2177 1458 2063 760 
2180 1463 2069 760 
2182 1467 2071 761 
2188 1472 2074 764 
2190 1475 2079 766 
2197 1479 2082 767 
2207 1484 2088 768 
2215 1486 2097 768 
2219 1487 2101 770 
2222 1489 2104 772 
2231 1490 2109 774 
2241 1491 2116 775 
2245 1493 2123 776 
2253 1496 2126 779 
2260 1500 2132 782 
2265 1500 2141 783 
2269 1501 2146 783 
2273 1508 2152 788 
2281 1515 2155 791 
2291 1519 2159 794 
2301 1524 2164 796 
2305 1527 2166 797 
2311 1534 2167 800 
2315 1538 2173 802 
2326 1546 2175 803 
2328 1547 2183 804 
2335 1553 2188 806 
2341 1557 2194 808 
2345 1560 2200 810 
2351 1564 2204 816 
2354 1568 2212 818 
2360 1570 2218 820 
2365 1570 2227 822 
2372 1579 2231 823 
2374 1584 2235 824 
2381 1587 2240 827 
2388 1593 2244 833 
2395 1595 2248 836 
2401 1600 2252 838 
2408 1603 2256 840 
2417 1607 2262 840 
2422 1609 2269 841 
2427 1611 2272 843 
2434 1614 2280 846 
2440 1617 2285 848 
2445 1618 2291 849 
2452 1621 2295 850 
2457 1622 2302 854 
2462 1625 2308 854 
2470 1628 2315 856 
2475 1633 2323 858 
2479 1637 2325 861 
2481 1640 2331 864 
2486 1643 2336 866 
2494 1645 2339 867 
2496 1649 2344 875 
2503 1651 2350 877 
2508 1655 2356 879 
2511 1660 2360 879 
2516 1664 2368 879 
2517 1673 2373 883 
2522 1679 2378 884 
2527 1684 2382 886 
2535 1687 2386 887 
2539 1688 2394 887 
2542 1690 2399 887 
2549 1697 2403 889 
2554 1700 2409 889 
2562 1704 2416 892 
2566 1708 2420 892 
2572 1715 2429 892 
2581 1720 2434 892 
2583 1722 2441 892 
2588 1727 2452 895 
2595 1732 2456 897 
2599 1735 2460 900 
2604 1736 2466 902 
2608 1741 2474 904 
2612 1743 2478 904 
2619 1749 2484 904 
2623 1752 2490 905 
2628 1757 2496 908 
2635 1761 2505 911 
2638 1766 2511 912 
2641 1769 2520 913 
2644 1774 2525 915 
2646 1779 2530 916 
2654 1780 2533 917 
2657 1783 2539 918 
2663 1785 2541 919 
2666 1789 2544 921 
2672 1792 2548 923 
2672 1795 2551 931 
2679 1799 2560 933 
2685 1800 2564 935 
2688 1802 2569 938 
2695 1807 2574 939 
2697 1812 2582 939 
2704 1814 2587 941 
2707 1816 2592 944 
2713 1819 2598 946 
2717 1820 2604 947 
2726 1823 2611 948 
2728 1829 2613 950 
2732 1832 2615 952 
2737 1833 2620 955 
2742 1838 2627 956 
2747 1839 2634 957 
2752 1843 2639 960 
2757 1846 2646 961 
2764 1848 2649 966 
2765 1853 2654 966 
2769 1856 2659 967 
2771 1859 2665 969 
2776 1863 2674 970 
2783 1869 2678 972 
2787 1872 2684 974 
2794 1874 2689 977 
2797 1879 2695 979 
2803 1882 2699 981 
2806 1883 2704 983 
2810 1884 2713 984 
2815 1889 2719 985 
2817 1890 2728 990 
2823 1895 2737 991 
2827 1897 2739 994 
2832 1900 2746 998 
2836 1905 2748 998 
2842 1911 2755 1001 
2847 1918 2758 1002 
2856 1921 2763 1004 
2861 1925 2765 1005 
2867 1927 2776 1008 
2873 1932 2780 1013 
2879 1933 2785 1013 
2883 1936 2789 1016 
2889 1939 2798 1016 
2891 1943 2806 1017 
2896 1948 2809 1018 
2900 1954 2816 1020 
2903 1960 2823 1022 
2908 1961 2828 1024 
2913 1965 2832 1027 
2918 1969 2838 1027 
2926 1972 2842 1028 
2933 1980 2848 1031 
2938 1985 2851 1034 
2941 1986 2859 1036 
2950 1992 2864 1039 
2957 1994 2874 1041 
2962 2001 2879 1043 
2967 2002 2883 1045 
2976 2005 2893 1048 
2982 2014 2896 1051 
2985 2021 2901 1053 
2992 2022 2906 1057 
2995 2027 2909 1058 
2997 2030 2916 1062 
3004 2034 2921 1065 
3008 2041 2927 1067 
3012 2048 2931 1068 
3023 2050 2935 1072 
3028 2053 2943 1074 
3033 2055 2953 1076 
3037 2061 2957 1079 
3041 2067 2960 1081 
3050 2072 2968 1082 
3060 2074 2974 1083 
3066 2077 2980 1084 
3070 2082 2986 1085 
3075 2085 2988 1089 
3080 2087 2991 1090 
3086 2089 2997 1090 
3091 2094 3001 1090 
3093 2101 3007 1094 
3099 2103 3013 1097 
3105 2105 3018 1099 
3111 2110 3022 1100 
3118 2113 3028 1102 
3118 2115 3031 1108 
3125 2119 3036 1109 
3128 2121 3042 1111 
3129 2125 3049 1112 
3135 2130 3054 1112 
3139 2136 3059 1114 
3146 2143 3066 1115 
3151 2148 3068 1116 
3152 2152 3072 1118 
3157 2155 3078 1118 
3166 2156 3082 1118 
3172 2161 3088 1119 
3176 2168 3093 1121 
3180 2172 3099 1124 
3186 2176 3103 1126 
3193 2181 3106 1127 
3199 2186 3110 1129 
3204 2191 3114 1131 
3206 2194 3115 1132 
3207 2196 3121 1134 
3214 2199 3128 1137 
3220 2203 3132 1137 
3225 2209 3135 1141 
3226 2213 3140 1142 
3235 2216 3142 1142 
3239 2220 3145 1143 
3242 2223 3148 1144 
3249 2226 3152 1145 
3253 2232 3157 1146 
3256 2234 3159 1147 
3259 2235 3165 1149 
3262 2239 3171 1152 
3267 2243 3176 1154 
3273 2244 3186 1157 
3276 2248 3194 1160 
3279 2251 3197 1161 
3281 2254 3203 1164 
3290 2256 3206 1164 
3293 2256 3212 1166 
3299 2258 3216 1167 
3306 2262 3220 1169 
3308 2264 3229 1171 
3313 2269 3233 1171 
3316 2271 3240 1172 
3318 2275 3245 1174 
3327 2278 3252 1178 
3329 2281 3260 1180 
3335 2286 3263 1180 
3339 2288 3265 1182 
3348 2295 3271 1184 
3352 2299 3277 1187 
3355 2302 3285 1189 
3361 2307 3289 1190 
3367 2311 3294 1191 
3375 2314 3300 1194 
3379 2316 3305 1195 
3387 2319 3310 1199 
3394 2322 3313 1201 
3399 2324 3317 1205 
3406 2325 3324 1205 
3411 2328 3331 1208 
3415 2335 3334 1210 
3419 2336 3337 1210 
3425 2343 3341 1212 
3435 2344 3351 1213 
3441 2349 3356 1215 
3448 2353 3364 1215 
3453 2356 3365 1217 
3460 2360 3367 1221 
3466 2364 3371 1225 
3477 2367 3375 1228 
3483 2368 3378 1229 
3486 2373 3383 1231 
3492 2377 3385 1233 
3498 2382 3391 1236 
3502 2385 3395 1236 
3509 2387 3399 1237 
3515 2394 3407 1242 
3523 2395 3413 1245 
3530 2399 3419 1250 
3535 2402 3424 1251 
3536 2404 3429 1252 
3544 2406 3433 1254 
3552 2408 3439 1256 
3557 2410 3443 1257 
3561 2414 3448 1257 
3564 2421 3453 1257 
3569 2423 3459 1259 
3576 2427 3460 1262 
3584 2427 3466 1263 
3592 2430 3470 1264 
3598 2434 3479 1265 
3601 2438 3483 1265 
3608 2445 3490 1270 
3612 2448 3496 1271 
3625 2453 3500 1272 
3631 2457 3504 1273 
3635 2459 3510 1278 
3642 2462 3514 1279 
3652 2463 3520 1281 
3662 2466 3523 1282 
3666 2466 3526 1283 
3670 2469 3529 1283 
3676 2469 3535 1286 
3682 2473 3541 1288 
3684 2477 3545 1291 
3691 2479 3550 1295 
3696 2486 3552 1299 
3705 2491 3559 1303 
3707 2494 3565 1305 
3710 2501 3574 1308 
3717 2508 3576 1310 
3725 2515 3585 1312 
3727 2517 3590 1316 
3732 2521 3601 1316 
3736 2527 3606 1316 
3741 2531 3612 1316 
3748 2533 3618 1317 
3756 2538 3623 1321 
3763 2543 3629 1321 
3769 2546 3630 1323 
3774 2552 3633 1325 
3777 2558 3642 1326 
3785 2563 3648 1331 
3795 2568 3653 1332 
3803 2572 3656 1332 
3810 2575 3663 1333 
3816 2578 3665 1334 
3824 2581 3667 1334 
3828 2586 3669 1336 
3831 2591 3672 1338 
3833 2593 3674 1340 
3841 2599 3680 1343 
3849 2600 3693 1344 
3853 2608 3698 1345 
3857 2613 3703 1346 
3865 2617 3707 1348 
3872 2622 3710 1349 
3878 2624 3715 1354 
3882 2631 3721 1357 
3886 2639 3728 1357 
3891 2644 3733 1358 
3896 2647 3739 1360 
3899 2649 3743 1364 
3904 2654 3750 1365 
3910 2654 3755 1369 
3918 2656 3761 1372 
3924 2657 3765 1373 
3932 2663 3770 1374 
3938 2668 3772 1378 
3943 2672 3781 1378 
3950 2673 3783 1379 
3954 2678 3793 1381 
3958 2682 3795 1383 
3965 2683 3800 1384 
3972 2687 3807 1386 
3976 2693 3811 1388 
3980 2700 3811 1390 
3987 2702 3823 1391 
3992 2702 3832 1392 
3998 2716 3842 1393 
4003 2721 3849 1395 
4010 2727 3854 1396 
4013 2732 3857 1398 
4019 2738 3863 1399 
4023 2740 3868 1401 
4027 2746 3869 1405 
4029 2748 3875 1406 
4037 2751 3881 1407 
4042 2755 3888 1411 
4045 2762 3892 1413 
4050 2766 3895 1415 
4055 2769 3898 1416 
4058 2770 3906 1420 
4065 2775 3910 1422 
4069 2778 3914 1425 
4076 2782 3921 1427 
4088 2791 3923 1429 
4094 2794 3930 1429 
4098 2798 3934 1433 
4103 2805 3941 1434 
4108 2807 3949 1437 
4114 2809 3954 1438 
4122 2815 3959 1441 
4132 2819 3966 1443 
4136 2823 3969 1444 
4138 2829 3973 1447 
4141 2836 3978 1449 
4145 2841 3981 1450 
4147 2845 3990 1454 
4151 2847 3998 1455 
4155 2851 4004 1456 
4162 2854 4008 1459 
4170 2858 4014 1460 
4173 2861 4020 1460 
4180 2865 4026 1465 
4186 2867 4030 1467 
4189 2870 4036 1470 
4196 2873 4044 1472 
4199 2877 4049 1472 
4203 2883 4052 1472 
4213 2885 4054 1474 
4220 2890 4061 1477 
4225 2891 4069 1477 
4231 2894 4076 1477 
4234 2897 4081 1478 
4237 2901 4086 1480 
4240 2909 4089 1482 
4244 2913 4092 1484 
4253 2917 4097 1485 
4257 2921 4103 1487 
4267 2922 4107 1492 
4272 2926 4117 1494 
4284 2929 4125 1494 
4287 2935 4131 1495 
4291 2938 4134 1499 
4294 2939 4139 1501 
4301 2945 4147 1502 
4309 2948 4151 1504 
4315 2952 4156 1507 
4320 2959 4161 1510 
4322 2964 4171 1512 
4326 2967 4172 1514 
4332 2971 4175 1515 
4337 2976 4182 1517 
4343 2979 4183 1519 
4346 2980 4187 1521 
4351 2984 4194 1523 
4352 2991 4200 1524 
4358 2996 4205 1526 
4363 3000 4212 1529 
4374 3005 4217 1532 
4382 3007 4222 1532 
4388 3009 4226 1534 
4396 3012 4233 1535 
4401 3013 4238 1536 
4406 3018 4242 1536 
4410 3026 4249 1536 
4417 3029 4253 1539 
4422 3033 4261 1539 
4429 3036 4267 1540 
4434 3042 4272 1542 
4440 3044 4275 1543 
4448 3049 4278 1548 
4455 3055 4283 1548 
4462 3057 4288 1550 
4468 3061 4293 1552 
4472 3064 4296 1552 
4475 3069 4299 1552 
4478 3070 4305 1554 
4481 3073 4308 1555 
4487 3079 4312 1556 
4490 3081 4322 1560 
4493 3081 4329 1560 
4503 3083 4337 1563 
4514 3085 4341 1564 
4524 3091 4346 1567 
4530 3096 4354 1568 
4538 3099 4360 1569 
4540 3102 4368 1572 
4544 3105 4374 1573 
4550 3109 4375 1574 
4552 3115 4379 1577 
4558 3119 4381 1578 
4563 3123 4386 1578 
4568 3131 4387 1580 
4575 3135 4389 1583 
4582 3139 4393 1583 
4589 3142 4396 1586 
4592 3146 4402 1588 
4594 3150 4408 1594 
4599 3150 4413 1597 
4604 3158 4416 1601 
4612 3164 4418 1604 
4616 3168 4421 1606 
4620 3170 4429 1607 
4628 3172 4433 1607 
4632 3175 4438 1607 
4634 3180 4444 1609 
4638 3183 4451 1609 
4642 3188 4453 1609 
4649 3190 4459 1611 
4653 3200 4462 1613 
4662 3202 4464 1614 
4669 3204 4468 1614 
4672 3207 4473 1618 
4678 3214 4474 1623 
4682 3219 4480 1626 
4688 3222 4488 1629 
4694 3222 4493 1635 
4701 3226 4495 1637 
4706 3229 4499 1637 
4713 3234 4506 1641 
4723 3240 4515 1642 
4730 3243 4521 1643 
4734 3246 4525 1645 
4738 3249 4527 1647 
4746 3250 4531 1647 
4756 3255 4537 1648 
4758 3258 4539 1650 
4765 3260 4545 1653 
4771 3264 4552 1654 
4774 3269 4553 1656 
4781 3275 4560 1658 
4785 3279 4568 1659 
4791 3285 4571 1661 
4792 3286 4577 1663 
4797 3287 4582 1664 
4800 3288 4592 1668 
4806 3292 4597 1671 
4809 3297 4601 1671 
4814 3306 4607 1673 
4818 3312 4612 1675 
4827 3319 4620 1678 
4830 3321 4628 1679 
4837 3323 4631 1682 
4841 3323 4639 1684 
4848 3324 4649 1686 
4852 3326 4654 1688 
4858 3331 4656 1692 
4858 3336 4662 1695 
4862 3340 4669 1697 
4869 3340 4672 1698 
4873 3348 4679 1702 
4883 3350 4686 1707 
4889 3351 4691 1710 
4894 3357 4693 1711 
4899 3364 4701 1711 
4903 3369 4706 1715 
4914 3371 4709 1718 
4917 3375 4712 1719 
4921 3379 4719 1722 
4923 3382 4723 1722 
4929 3384 4728 1724 
4932 3391 4732 1725 
4937 3394 4737 1725 
4940 3394 4739 1727 
4944 3396 4746 1728 
4949 3404 4749 1731 
4954 3410 4753 1733 
4962 3417 4760 1736 
4967 3423 4765 1739 
4973 3429 4771 1741 
4980 3434 4778 1742 
4985 3437 4786 1748 
4990 3443 4789 1748 
4996 3444 4796 1751 
5000 3448 4799 1752 
5005 3452 4805 1754 
5008 3457 4813 1754 
5013 3460 4821 1756 
5016 3465 4826 1757 
5024 3469 4834 1758 
5034 3471 4839 1760 
5038 3474 4843 1763 
5042 3476 4847 1767 
5047 3479 4854 1769 
5053 3483 4856 1770 
5059 3489 4865 1772 
5062 3494 4871 1773 
5067 3498 4875 1775 
5073 3501 4879 1777 
5074 3505 4883 1780 
5079 3509 4885 1784 
5084 3510 4887 1788 
5087 3511 4895 1791 
5090 3514 4899 1792 
5095 3516 4908 1793 
5102 3521 4911 1796 
5106 3523 4920 1799 
5110 3527 4926 1801 
5117 3531 4927 1801 
5121 3535 4929 1801 
5125 3536 4935 1804 
5129 3546 4941 1806 
5135 3550 4946 1810 
5143 3552 4952 1813 
5145 3556 4960 1814 
5154 3560 4965 1815 
5156 3563 4974 1817 
5161 3567 4976 1820 
5173 3569 4980 1821 
5179 3574 4984 1821 
5187 3579 4987 1825 
5192 3584 4995 1828 
5198 3584 5000 1830 
5200 3591 5004 1832 
5204 3595 5009 1832 
5207 3602 5015 1835 
5214 3607 5019 1837 
5220 3613 5023 1842 
5226 3613 5032 1844 
5230 3616 5037 1846 
5238 3619 5043 1848 
5239 3625 5049 1851 
5244 3628 5051 1856 
5251 3633 5055 1860 
5254 3640 5061 1860 
5265 3645 5065 1860 
5267 3650 5069 1860 
5273 3652 5069 1861 
5277 3659 5073 1866 
5280 3660 5077 1866 
5284 3662 5081 1867 
5289 3667 5082 1870 
5293 3672 5088 1872 
5297 3675 5097 1872 
5305 3682 5101 1876 
5309 3683 5104 1877 
5314 3689 5110 1879 
5321 3695 5117 1880 
5330 3698 5120 1882 
5333 3701 5127 1884 
5334 3705 5133 1886 
5339 3710 5138 1888 
5344 3717 5141 1891 
5353 3720 5150 1892 
5361 3725 5155 1897 
5365 3727 5161 1897 
5374 3730 5169 1898 
5379 3737 5175 1900 
5387 3741 5181 1903 
5392 3745 5183 1904 
5398 3752 5188 1906 
5400 3756 5191 1908 
5406 3760 5198 1909 
5414 3763 5202 1911 
5415 3770 5204 1912 
5420 3775 5207 1912 
5422 3782 5212 1914 
5430 3787 5218 1916 
5437 3792 5223 1917 
5445 3793 5226 1919 
5449 3799 5235 1920 
5459 3803 5244 1924 
5465 3805 5248 1925 
5475 3810 5253 1928 
5482 3816 5256 1932 
5485 3823 5257 1934 
5491 3827 5263 1940 
5497 3830 5268 1940 
5501 3830 5273 1942 
5512 3834 5276 1945 
5515 3836 5281 1947 
5517 3841 5287 1947 
5521 3848 5294 1948 
5526 3852 5303 1949 
5531 3854 5307 1950 
5533 3859 5310 1952 
5539 3867 5311 1954 
5543 3871 5313 1957 
5549 3876 5314 1959 
5553 3883 5314 1961 
5560 3888 5318 1964 
5565 3889 5325 1966 
5572 3893 5334 1969 
5577 3896 5344 1972 
5582 3901 5351 1975 
5589 3906 5356 1978 
5592 3910 5360 1978 
5595 3912 5365 1979 
5599 3919 5366 1979 
5606 3923 5373 1981 
5610 3927 5383 1984 
5623 3932 5387 1990 
5629 3937 5393 1993 
5632 3944 5402 1995 
5639 3947 5407 1996 
5641 3954 5412 2000 
5644 3958 5419 2001 
5647 3961 5424 2004 
5654 3963 5431 2004 
5657 3972 5434 2006 
5661 3976 5441 2010 
5671 3979 5444 2011 
5678 3981 5446 2012 
5686 3988 5450 2013 
5690 3990 5456 2014 
5701 3996 5464 2015 
5708 3997 5468 2016 
5714 4001 5475 2020 
5720 4002 5481 2021 
5728 4007 5486 2025 
5734 4010 5493 2026 
5737 4017 5497 2026 
5743 4019 5503 2028 
5747 4023 5507 2029 
5756 4024 5510 2030 
5762 4035 5514 2032 
5771 4038 5519 2033 
5775 4040 5523 2035 
5779 4049 5527 2038 
5782 4052 5532 2039 
5789 4055 5533 2042 
5793 4055 5544 2043 
5798 4061 5551 2044 
5806 4063 5554 2046 
5812 4068 5557 2051 
5824 4072 5564 2051 
5829 4079 5569 2055 
5834 4083 5575 2057 
5838 4085 5578 2058 
5843 4091 5583 2061 
5849 4092 5589 2063 
5858 4096 5596 2064 
5864 4101 5598 2065 
5869 4104 5607 2067 
5872 4107 5614 2070 
5879 4112 5620 2071 
5889 4115 5623 2072 
5893 4119 5630 2075 
5895 4124 5630 2077 
5902 4127 5635 2077 
5904 4133 5639 2077 
5912 4136 5643 2080 
5917 4137 5647 2081 
5921 4139 5654 2083 
5932 4143 5659 2083 
5937 4150 5666 2084 
5944 4153 5672 2087 
5951 4154 5679 2090 
5954 4158 5684 2091 
5958 4161 5692 2092 
5963 4162 5700 2093 
5964 4169 5708 2093 
5970 4169 5711 2095 
5977 4173 5715 2097 
5978 4178 5725 2099 
5985 4184 5729 2101 
5988 4194 5734 2104 
5991 4198 5739 2104 
5996 4204 5746 2107 
6000 4206 5750 2107 
6006 4212 5755 2108 
6011 4222 5761 2109 
6020 4225 5765 2112 
6024 4230 5770 2116 
6025 4232 5774 2116 
6029 4239 5777 2116 
6032 4243 5782 2120 
6041 4247 5787 2120 
6052 4247 5791 2126 
6059 4252 5795 2127 
6067 4257 5797 2129 
6078 4262 5800 2133 
6080 4264 5803 2133 
6084 4267 5808 2133 
6092 4274 5817 2135 
6100 4278 5824 2135 
6103 4281 5829 2138 
6108 4288 5838 2143 
6111 4292 5844 2144 
6114 4298 5851 2145 
6121 4301 5858 2147 
6126 4308 5859 2149 
6131 4313 5861 2151 
6140 4315 5872 2151 
6145 4319 5876 2154 
6154 4324 5884 2161 
6159 4328 5887 2162 
6161 4334 5892 2166 
6165 4335 5897 2166 
6174 4341 5902 2167 
6177 4349 5909 2168 
6187 4353 5915 2169 
6193 4359 5921 2169 
6199 4365 5935 2169 
6205 4367 5942 2169 
6214 4371 5952 2170 
6219 4376 5959 2172 
6224 4384 5961 2172 
6229 4388 5969 2174 
6235 4391 5973 2174 
6239 4393 5976 2175 
6244 4399 5979 2178 
6244 4404 5985 2180 
6247 4409 5992 2182 
6253 4416 5996 2186 
6259 4424 6003 2190 
6260 4429 6006 2192 
6265 4436 6015 2192 
6266 4442 6022 2194 
6273 4448 6027 2197 
6281 4453 6032 2199 
6285 4459 6035 2199 
6294 4465 6042 2202 
6300 4472 6047 2204 
6310 4475 6052 2206 
6315 4477 6055 2208 
6322 4480 6060 2208 
6334 4487 6068 2210 
6339 4490 6072 2211 
6349 4498 6076 2211 
6355 4505 6080 2215 
6359 4510 6084 2217 
6365 4514 6086 2218 
6366 4516 6090 2218 
6371 4519 6098 2223 
6376 4524 6103 2225 
6384 4531 6105 2226 
6389 4540 6111 2226 
6395 4545 6117 2227 
6401 4548 6120 2228 
6410 4549 6124 2232 
6417 4553 6135 2234 
6423 4557 6146 2237 
6430 4560 6153 2240 
6440 4564 6158 2241 
6445 4566 6166 2244 
6451 4570 6172 2245 
6457 4572 6180 2248 
6460 4576 6185 2249 
6468 4581 6187 2250 
6470 4590 6193 2251 
6476 4590 6197 2251 
6482 4598 6205 2256 
6484 4604 6209 2259 
6490 4605 6218 2262 
6497 4608 6227 2263 
6503 4611 6228 2264 
6505 4617 6233 2266 
6512 4619 6237 2266 
6521 4621 6238 2271 
6529 4623 6241 2275 
6534 4629 6248 2279 
6536 4632 6253 2280 
6539 4638 6259 2282 
6549 4643 6262 2287 
6553 4646 6273 2287 
6560 4651 6279 2289 
6571 4657 6282 2289 
6574 4659 6288 2293 
6576 4663 6295 2293 
6581 4668 6298 2294 
6589 4672 6304 2296 
6595 4679 6305 2299 
6606 4680 6315 2300 
6609 4690 6321 2301 
6613 4693 6326 2302 
6620 4698 6331 2306 
6626 4703 6336 2307 
6627 4710 6344 2309 
6630 4716 6350 2312 
6641 4721 6355 2315 
6649 4729 6361 2316 
6653 4731 6364 2317 
6660 4734 6371 2320 
6665 4739 6374 2321 
6665 4745 6379 2323 
6669 4746 6385 2326 
6676 4748 6391 2329 
6680 4752 6395 2329 
6686 4758 6402 2330 
6690 4762 6405 2332 
6696 4764 6412 2333 
6699 4768 6418 2336 
6701 4772 6423 2338 
6707 4774 6429 2341 
6710 4775 6438 2342 
6722 4781 6444 2342 
6724 4785 6451 2345 
6731 4790 6456 2349 
6739 4794 6457 2351 
6743 4797 6459 2355 
6749 4801 6461 2356 
6755 4808 6467 2357 
6759 4815 6471 2357 
6762 4821 6483 2357 
6763 4825 6489 2362 
6771 4833 6494 2365 
6777 4833 6497 2366 
6779 4836 6502 2367 
6783 4840 6506 2371 
6792 4844 6520 2373 
6798 4847 6523 2377 
6801 4847 6527 2379 
6806 4849 6529 2383 
6813 4850 6535 2383 
6818 4856 6539 2386 
6822 4857 6546 2387 
6823 4862 6549 2389 
6831 4863 6557 2392 
6836 4869 6561 2393 
6842 4873 6564 2394 
6845 4877 6569 2395 
6848 4884 6577 2396 
6859 4888 6582 2396 
6867 4890 6591 2399 
6873 4894 6596 2400 
6882 4897 6604 2401 
6886 4901 6609 2403 
6895 4910 6611 2405 
6900 4913 6614 2406 
6905 4915 6616 2407 
6909 4924 6617 2407 
6913 4927 6622 2411 
6915 4931 6628 2417 
6916 4935 6633 2419 
6920 4941 6635 2422 
6926 4944 6639 2424 
6933 4947 6643 2429 
6937 4956 6650 2430 
6940 4959 6655 2432 
6945 4964 6660 2435 
6950 4970 6663 2437 
6956 4970 6667 2437 
6965 4975 6671 2440 
6970 4977 6679 2444 
6971 4984 6680 2445 
6977 4992 6684 2447 
6983 4997 6690 2451 
6987 4999 6697 2454 
6994 5009 6707 2455 
7002 5009 6715 2458 
7008 5014 6720 2460 
7012 5019 6725 2462 
7017 5026 6727 2465 
7023 5030 6734 2468 
7030 5034 6743 2471 
7034 5040 6747 2473 
7040 5048 6754 2474 
7048 5052 6756 2478 
7054 5054 6759 2479 
7060 5058 6762 2482 
7068 5066 6766 2484 
7076 5072 6768 2486 
7081 5075 6775 2489 
7087 5078 6785 2489 
7090 5082 6789 2491 
7092 5087 6795 2492 
7100 5093 6800 2493 
7105 5095 6806 2496 
7108 5101 6812 2496 
7113 5104 6814 2496 
7118 5108 6823 2499 
7126 5115 6829 2502 
7131 5119 6836 2503 
7141 5125 6844 2504 
7143 5128 6848 2505 
7148 5133 6852 2509 
7154 5138 6860 2513 
7158 5142 6872 2515 
7163 5147 6880 2515 
7171 5150 6886 2518 
7174 5153 6890 2519 
7177 5162 6895 2519 
7179 5167 6901 2520 
7181 5170 6911 2522 
7185 5173 6912 2524 
7191 5177 6919 2524 
7199 5179 6927 2525 
7201 5184 6933 2529 
7205 5186 6937 2536 
7209 5191 6943 2537 
7215 5193 6944 2538 
7218 5201 6949 2544 
7223 5206 6953 2544 
7227 5211 6962 2545 
7233 5212 6965 2545 
7237 5217 6970 2547 
7238 5219 6979 2549 
7249 5223 6979 2549 
7253 5225 6984 2551 
7257 5234 6993 2553 
7263 5237 6997 2554 
7265 5242 7002 2558 
7269 5250 7012 2563 
7274 5253 7013 2564 
7277 5258 7020 2564 
7287 5263 7025 2566 
7290 5268 7027 2568 
7296 5271 7034 2570 
7302 5274 7037 2571 
7308 5274 7043 2574 
7311 5281 7051 2576 
7319 5285 7057 2578 
7320 5288 7062 2579 
7326 5294 7069 2582 
7336 5298 7073 2586 
7344 5304 7080 2590 
7350 5312 7083 2596 
7355 5315 7089 2599 
7360 5318 7095 2600 
7363 5320 7100 2603 
7368 5323 7108 2604 
7377 5326 7116 2607 
7382 5336 7121 2608 
7390 5338 7127 2608 
7397 5340 7131 2613 
7405 5342 7138 2617 
7411 5347 7143 2619 
7414 5351 7146 2620 
7415 5355 7149 2622 
7420 5362 7156 2623 
7428 5367 7159 2625 
7435 5371 7161 2627 
7442 5377 7167 2628 
7443 5379 7170 2629 
7449 5382 7179 2632 
7455 5385 7182 2633 
7461 5387 7184 2634 
7468 5390 7190 2634 
7475 5393 7196 2635 
7478 5398 7201 2639 
7484 5403 7204 2639 
7490 5404 7209 2640 
7493 5409 7212 2642 
7495 5411 7216 2643 
7499 5412 7224 2647 
7509 5417 7228 2649 
7513 5420 7235 2652 
7518 5422 7242 2654 
7524 5427 7246 2659 
7530 5428 7248 2661 
7536 5433 7254 2662 
7543 5436 7257 2662 
7548 5439 7262 2664 
7554 5442 7272 2666 
7562 5446 7277 2669 
7571 5450 7282 2671 
7573 5452 7288 2672 
7577 5456 7290 2673 
7582 5460 7297 2677 
7585 5464 7303 2681 
7590 5465 7307 2682 
7593 5468 7315 2687 
7598 5473 7321 2690 
7602 5481 7329 2692 
7605 5483 7334 2694 
7606 5490 7340 2696 
7611 5492 7345 2698 
7616 5495 7352 2700 
7621 5500 7355 2703 
7628 5503 7357 2705 
7632 5508 7364 2708 
7635 5510 7366 2709 
7637 5511 7371 2712 
7645 5517 7380 2715 
7646 5519 7383 2717 
7652 5524 7389 2718 
7655 5528 7399 2718 
7662 5531 7400 2724 
7667 5535 7404 2729 
7671 5537 7407 2732 
7680 5544 7409 2733 
7685 5548 7414 2733 
7692 5550 7423 2733 
7700 5555 7426 2734 
7708 5557 7427 2737 
7713 5563 7430 2737 
7719 5568 7437 2741 
7722 5571 7443 2743 
7723 5575 7444 2746 
7729 5580 7451 2746 
7731 5581 7457 2751 
7735 5590 7462 2753 
7739 5592 7467 2756 
7747 5598 7471 2758 
7752 5600 7476 2759 
7761 5605 7482 2760 
7771 5608 7490 2762 
7775 5608 7499 2763 
7786 5615 7508 2764 
7790 5618 7510 2766 
7795 5621 7516 2766 
7798 5621 7516 2766 
7804 5626 7524 2766 
7810 5630 7532 2766 
7814 5634 7540 2766 
7819 5638 7544 2767 
7823 5642 7548 2770 
7825 5649 7553 2775 
7830 5652 7560 2778 
7835 5655 7566 2781 
7842 5660 7572 2782 
7847 5665 7575 2783 
7850 5670 7580 2787 
7856 5674 7584 2790 
7862 5680 7587 2792 
7864 5685 7593 2795 
7873 5691 7594 2795 
7880 5696 7601 2799 
7887 5702 7609 2799 
7888 5709 7614 2800 
7893 5711 7619 2803 
7902 5716 7623 2806 
7907 5719 7632 2808 
7909 5722 7637 2810 
7912 5726 7641 2811 
7920 5730 7643 2814 
7923 5736 7650 2814 
7926 5739 7651 2814 
7933 5743 7659 2815 
7937 5752 7663 2816 
7941 5756 7666 2817 
7950 5762 7673 2820 
7959 5764 7682 2820 
7965 5769 7687 2822 
7970 5778 7697 2823 
7973 5781 7701 2826 
7975 5783 7707 2831 
7980 5788 7716 2834 
7984 5793 7723 2836 
7987 5796 7728 2837 
7993 5801 7731 2838 
8001 5804 7735 2842 
8006 5808 7737 2843 
8011 5812 7741 2846 
8016 5815 7749 2849 
8023 5818 7755 2850 
8028 5821 7759 2851 
8039 5827 7767 2852 
8041 5837 7775 2854 
8048 5838 7781 2856 
8053 5842 7787 2859 
8055 5842 7792 2862 
8058 5845 7798 2865 
8063 5851 7801 2867 
8068 5855 7810 2868 
8072 5859 7814 2870 
8073 5868 7817 2875 
8074 5870 7819 2876 
8081 5874 7822 2878 
8085 5877 7832 2880 
8089 5879 7840 2881 
8094 5883 7849 2885 
8099 5890 7856 2887 
8100 5895 7863 2888 
8105 5897 7867 2889 
8109 5899 7872 2889 
8114 5904 7878 2892 
8117 5908 7881 2892 
8120 5913 7891 2892 
8124 5919 7896 2895 
8131 5922 7899 2896 
8136 5930 7904 2897 
8144 5933 7909 2897 
8148 5935 7917 2901 
8155 5937 7921 2902 
8161 5944 7927 2903 
8168 5948 7931 2904 
8173 5951 7936 2908 
8178 5956 7941 2910 
8184 5963 7943 2912 
8190 5970 7947 2913 
8199 5973 7954 2914 
8203 5974 7962 2917 
8215 5975 7965 2919 
8224 5981 7968 2921 
8230 5984 7980 2926 
8239 5990 7985 2930 
8241 5998 7990 2932 
8246 6001 7997 2934 
8250 6003 7998 2937 
8259 6011 8005 2938 
8261 6013 8010 2940 
8266 6016 8017 2943 
8271 6019 8025 2945 
8278 6023 8030 2947 
8281 6026 8040 2948 
8290 6030 8045 2950 
8290 6036 8054 2951 
8297 6041 8059 2953 
8303 6045 8065 2956 
8307 6051 8070 2956 
8316 6053 8074 2956 
8318 6057 8082 2956 
8326 6062 8088 2957 
8326 6066 8093 2959 
8334 6072 8098 2961 
8340 6074 8105 2962 
8351 6076 8109 2962 
8355 6079 8112 2964 
8360 6081 8119 2965 
8364 6088 8123 2965 
8369 6091 8129 2965 
8372 6096 8133 2966 
8381 6103 8136 2967 
8386 6107 8144 2969 
8388 6115 8147 2969 
8394 6117 8157 2972 
8397 6120 8162 2972 
8402 6122 8164 2975 
8409 6130 8171 2976 
8414 6134 8175 2976 
8420 6142 8181 2981 
8429 6150 8186 2982 
8431 6155 8191 2983 
8438 6159 8196 2989 
8442 6163 8200 2990 
8449 6168 8201 2994 
8455 6171 8209 2998 
8456 6175 8215 2999 
8461 6179 8220 3001 
8467 6183 8228 3002 
8474 6186 8230 3008 
8479 6187 8239 3011 
8483 6192 8242 3014 
8488 6195 8246 3018 
8492 6200 8251 3023 
8495 6204 8258 3025 
8500 6207 8265 3025 
8511 6210 8270 3026 
8518 6213 8273 3031 
8522 6215 8275 3034 
8528 6215 8278 3034 
8533 6218 8286 3038 
8538 6221 8291 3038 
8541 6230 8294 3038 
8543 6233 8296 3039 
8549 6239 8301 3039 
8557 6248 8308 3040 
8565 6256 8312 3042 
8569 6257 8316 3043 
8574 6260 8320 3045 
8581 6263 8327 3045 
8588 6264 8330 3046 
8591 6266 8337 3051 
8595 6268 8345 3053 
8603 6273 8350 3056 
8605 6277 8354 3058 
8611 6286 8359 3060 
8620 6293 8364 3062 
8622 6302 8375 3066 
8627 6304 8383 3068 
8630 6308 8389 3070 
8637 6317 8391 3071 
8645 6320 8400 3073 
8647 6323 8406 3076 
8656 6332 8410 3077 
8661 6335 8417 3080 
8667 6338 8425 3085 
8671 6347 8429 3086 
8679 6351 8432 3086 
8682 6354 8440 3087 
8688 6357 8447 3087 
8693 6360 8452 3089 
8699 6367 8459 3091 
8704 6373 8462 3094 
8707 6379 8468 3097 
8713 6386 8476 3099 
8716 6390 8483 3102 
8720 6395 8495 3104 
8730 6399 8499 3106 
8736 6401 8504 3110 
8742 6404 8511 3112 
8748 6405 8518 3113 
8751 6409 8525 3117 
8760 6411 8528 3120 
8768 6417 8532 3122 
8774 6417 8536 3126 
8781 6422 8542 3127 
8789 6425 8546 3128 
8796 6429 8550 3128 
8800 6434 8559 3130 
8804 6438 8561 3130 
8809 6443 8567 3130 
8812 6448 8574 3133 
8815 6454 8578 3134 
8817 6454 8581 3134 
8823 6460 8589 3138 
8832 6461 8597 3141 
8839 6463 8604 3142 
8843 6465 8614 3143 
8849 6466 8621 3143 
8853 6471 8624 3143 
8859 6476 8628 3144 
8865 6480 8633 3146 
8869 6486 8636 3147 
8874 6488 8641 3148 
8877 6493 8644 3150 
8882 6497 8655 3154 
8887 6506 8664 3157 
8891 6512 8666 3159 
8897 6514 8674 3160 
8901 6520 8681 3162 
8911 6523 8685 3166 
8918 6525 8689 3168 
8924 6530 8694 3170 
8927 6534 8704 3171 
8931 6536 8709 3173 
8935 6541 8717 3174 
8939 6545 8717 3176 
8943 6549 8726 3179 
8948 6551 8732 3181 
8950 6555 8737 3183 
8960 6555 8744 3185 
8962 6558 8748 3185 
8972 6564 8753 3188 
8979 6567 8758 3191 
8985 6568 8762 3193 
8989 6570 8770 3193 
8997 6575 8777 3194 
9001 6581 8788 3197 
9009 6586 8795 3199 
9012 6588 8798 3200 
9015 6591 8803 3201 
9019 6595 8807 3202 
9022 6602 8814 3205 
9025 6609 8818 3208 
9030 6614 8822 3209 
9035 6618 8826 3211 
9040 6625 8829 3213 
9042 6630 8834 3218 
9044 6633 8844 3219 
9048 6641 8850 3221 
9050 6645 8855 3225 
9056 6648 8862 3226 
9064 6651 8867 3226 
9072 6656 8870 3228 
9078 6660 8875 3230 
9083 6666 8885 3230 
9091 6671 8887 3235 
9097 6673 8893 3239 
9100 6680 8896 3241 
9107 6683 8904 3241 
9113 6690 8911 3242 
9119 6694 8913 3243 
9124 6697 8922 3245 
9128 6702 8928 3247 
9136 6706 8934 3250 
9142 6709 8942 3252 
9145 6715 8949 3254 
9151 6717 8951 3256 
9159 6720 8956 3257 
9160 6724 8961 3261 
9170 6731 8971 3262 
9178 6737 8976 3264 
9184 6742 8977 3267 
9189 6749 8982 3271 
9193 6751 8991 3276 
9194 6753 8996 3277 
9200 6757 8997 3280 
9203 6764 9000 3280 
9211 6767 9002 3282 
9220 6772 9010 3287 
9224 6778 9020 3288 
9227 6780 9024 3290 
9228 6782 9025 3292 
9233 6784 9028 3295 
9243 6787 9033 3295 
9249 6790 9041 3297 
9257 6795 9049 3301 
9263 6800 9055 3302 
9266 6805 9060 3304 
9270 6812 9066 3306 
9274 6814 9071 3308 
9278 6818 9075 3309 
9281 6821 9081 3310 
9286 6824 9089 3312 
9291 6828 9098 3312 
9295 6834 9104 3312 
9300 6837 9111 3313 
9303 6842 9116 3314 
9309 6850 9122 3317 
9313 6854 9131 3319 
9317 6855 9134 3324 
9323 6859 9140 3329 
9328 6862 9144 3332 
9331 6865 9148 3334 
9335 6871 9153 3337 
9343 6874 9159 3337 
9346 6879 9162 3339 
9352 6881 9169 3339 
9357 6883 9174 3341 
9368 6891 9177 3342 
9375 6896 9182 3344 
9377 6905 9185 3346 
9383 6908 9190 3346 
9388 6914 9194 3348 
9395 6917 9200 3352 
9400 6925 9204 3353 
9403 6929 9213 3356 
9408 6935 9216 3357 
9411 6939 9220 3359 
9415 6943 9227 3360 
9420 6947 9236 3361 
9425 6952 9240 3362 
9432 6956 9248 3364 
9437 6957 9255 3365 
9443 6963 9258 3368 
9450 6964 9262 3372 
9453 6969 9264 3373 
9459 6973 9267 3376 
9462 6978 9272 3376 
9467 6986 9281 3377 
9474 6992 9284 3379 
9478 6996 9291 3382 
9483 7002 9297 3384 
9488 7007 9301 3385 
9493 7010 9309 3387 
9498 7011 9316 3390 
9503 7016 9327 3391 
9505 7021 9338 3392 
9515 7023 9344 3394 
9522 7026 9346 3397 
9529 7035 9356 3403 
9536 7038 9361 3404 
9541 7041 9365 3407 
9545 7044 9368 3408 
9554 7047 9378 3409 
9562 7051 9387 3412 
9569 7059 9392 3413 
9573 7063 9399 3416 
9576 7064 9406 3419 
9585 7074 9409 3420 
9589 7078 9415 3422 
9595 7082 9421 3426 
9601 7088 9424 3426 
9609 7089 9433 3428 
9613 7090 9440 3430 
9618 7093 9442 3433 
9620 7097 9448 3435 
9626 7099 9450 3437 
9632 7100 9456 3439 
9636 7103 9460 3441 
9640 7107 9466 3442 
9643 7111 9469 3446 
9649 7116 9475 3450 
9655 7118 9481 3451 
9664 7119 9483 3454 
9671 7121 9488 3456 
9677 7124 9496 3458 
9682 7130 9503 3460 
9691 7134 9507 3460 
9698 7139 9513 3464 
9705 7143 9518 3466 
9711 7147 9527 3469 
9718 7153 9533 3470 
9725 7156 9540 3471 
9728 7158 9551 3472 
9728 7163 9555 3473 
9733 7164 9565 3473 
9737 7168 9569 3473 
9745 7174 9570 3474 
9750 7177 9576 3476 
9752 7181 9580 3481 
9757 7183 9583 3483 
9760 7187 9596 3486 
9771 7191 9602 3486 
9776 7193 9609 3487 
9780 7198 9617 3487 
9786 7203 9621 3488 
9788 7205 9629 3491 
9794 7207 9630 3491 
9806 7210 9636 3494 
9807 7212 9641 3495 
9811 7215 9646 3495 
9817 7221 9653 3497 
9822 7224 9659 3499 
9825 7229 9666 3502 
9831 7232 9673 3505 
9839 7237 9679 3507 
9843 7243 9686 3508 
9849 7249 9689 3508 
9855 7253 9694 3511 
9859 7255 9696 3512 
9866 7260 9701 3514 
9871 7266 9710 3517 
9872 7270 9719 3520 
9878 7272 9723 3520 
9885 7277 9727 3521 
9892 7280 9732 3523 
9898 7283 9736 3525 
9910 7288 9747 3527 
9914 7295 9753 3531 
9914 7299 9757 3533 
9919 7309 9765 3537 
9921 7316 9769 3539 
9922 7322 9774 3540 
9928 7326 9782 3546 
9933 7335 9789 3549 
9939 7344 9795 3554 
9947 7347 9801 3556 
9950 7349 9805 3558 
9955 7351 9810 3561 
9960 7353 9814 3561 
9963 7362 9816 3562 
9971 7365 9822 3564 
9977 7368 9826 3565 
9982 7370 9836 3566 
9987 7372 9842 3567 
9992 7379 9850 3567 
10001 7385 9857 3570 
10008 7388 9863 3570 
10013 7393 9865 3570 
10018 7399 9871 3572 
10020 7403 9874 3575 
10025 7407 9884 3577 
10027 7412 9890 3581 
10034 7415 9892 3584 
10044 7417 9901 3587 
10055 7422 9907 3587 
10060 7425 9913 3587 
10065 7427 9918 3587 
10076 7429 9928 3588 
10082 7433 9937 3591 
10089 7438 9944 3593 
10093 7445 9949 3594 
10101 7448 9953 3596 
10103 7453 9964 3597 
10108 7456 9969 3599 
10113 7459 9973 3602 
10121 7470 9976 3603 
10125 7473 9980 3606 
10129 7477 9981 3608 
10133 7483 9988 3611 
10136 7488 9995 3613 
10138 7492 9999 3613 
10144 7497 10005 3615 
10153 7507 10011 3617 
10157 7510 10013 3618 
10162 7511 10024 3621 
10164 7514 10030 3624 
10170 7514 10033 3624 
10170 7521 10036 3628 
10176 7527 10040 3629 
10178 7532 10047 3630 
10183 7537 10054 3631 
10195 7542 10059 3633 
10199 7546 10073 3635 
10203 7546 10081 3638 
10208 7550 10084 3638 
10212 7554 10089 3640 
10219 7558 10094 3643 
10223 7558 10096 3644 
10232 7566 10105 3645 
10241 7571 10113 3645 
10244 7578 10118 3646 
10252 7581 10125 3647 
10256 7585 10131 3647 
10261 7590 10135 3649 
10265 7596 10140 3650 
10270 7599 10146 3652 
10274 7604 10150 3655 
10285 7610 10155 3655 
10290 7614 10165 3656 
10295 7617 10171 3657 
10299 7621 10181 3660 
10308 7627 10188 3661 
10314 7631 10199 3663 
10319 7634 10204 3665 
10327 7641 10209 3668 
10328 7648 10216 3671 
10334 7652 10224 3673 
10338 7658 10228 3676 
10345 7660 10234 3679 
10348 7661 10238 3680 
10349 7663 10244 3683 
10358 7667 10253 3686 
10364 7670 10258 3690 
10371 7674 10271 3692 
10378 7677 10278 3694 
10385 7679 10283 3695 
10393 7682 10287 3696 
10394 7689 10293 3696 
10398 7694 10296 3699 
10406 7696 10299 3703 
10410 7702 10306 3704 
10415 7708 10308 3706 
10418 7710 10313 3706 
10424 7718 10317 3706 
10430 7721 10325 3708 
10434 7725 10334 3709 
10435 7728 10342 3711 
10441 7732 10344 3711 
10448 7737 10351 3717 
10457 7745 10357 3720 
10462 7750 10367 3720 
10467 7753 10372 3720 
10474 7758 10379 3727 
10483 7760 10384 3728 
10489 7763 10387 3731 
10492 7766 10391 3734 
10495 7767 10397 3734 
10503 7770 10401 3736 
10508 7772 10409 3737 
10511 7776 10415 3738 
10515 7778 10420 3739 
10523 7784 10426 3740 
10525 7789 10435 3741 
10532 7791 10436 3745 
10538 7798 10443 3748 
10540 7803 10443 3750 
10546 7809 10444 3753 
10552 7812 10453 3757 
10561 7813 10458 3758 
10563 7819 10462 3759 
10573 7821 10471 3761 
10580 7826 10477 3766 
10584 7828 10482 3766 
10585 7835 10483 3768 
10586 7844 10490 3769 
10591 7848 10493 3771 
10598 7855 10504 3772 
10603 7859 10511 3773 
10605 7867 10517 3774 
10610 7869 10525 3775 
10614 7874 10529 3778 
10620 7877 10533 3781 
10624 7882 10542 3784 
10632 7883 10551 3786 
10635 7885 10557 3794 
10640 7889 10564 3798 
10645 7895 10569 3801 
10647 7902 10572 3803 
10653 7910 10577 3807 
10657 7914 10583 3810 
10663 7921 10586 3812 
10670 7925 10593 3816 
10671 7929 10601 3818 
10678 7935 10608 3820 
10687 7944 10614 3823 
10694 7951 10621 3823 
10697 7957 10627 3827 
10698 7963 10630 3829 
10701 7968 10641 3833 
10708 7973 10647 3835 
10712 7974 10652 3836 
10713 7975 10657 3840 
10722 7980 10665 3842 
10726 7984 10667 3843 
10729 7990 10671 3845 
10733 7994 10678 3849 
10741 7996 10688 3851 
10748 7998 10694 3854 
10755 8004 10700 3856 
10760 8009 10709 3861 
10768 8013 10712 3864 
10777 8018 10718 3864 
10782 8020 10723 3866 
10790 8020 10727 3869 
10796 8024 10739 3871 
10803 8026 10744 3872 
10805 8027 10749 3874 
10810 8033 10758 3880 
10814 8037 10764 3882 
10820 8042 10770 3884 
10827 8047 10781 3886 
10835 8052 10784 3887 
10838 8055 10788 3887 
10840 8056 10795 3887 
10843 8062 10804 3889 
10851 8064 10809 3893 
10858 8069 10817 3893 
10865 8074 10823 3896 
10872 8078 10827 3897 
10881 8080 10834 3899 
10886 8084 10841 3901 
10890 8093 10846 3901 
10896 8097 10852 3902 
10897 8102 10855 3902 
10903 8106 10860 3902 
10905 8113 10866 3905 
10914 8118 10873 3906 
10921 8124 10877 3908 
10928 8132 10885 3910 
10933 8135 10888 3914 
10939 8138 10891 3917 
10941 8146 10895 3919 
10948 8153 10900 3920 
10951 8155 10903 3924 
10958 8160 10908 3925 
10959 8166 10912 3928 
10970 8168 10919 3930 
10977 8171 10924 3933 
10982 8176 10928 3937 
10990 8181 10936 3940 
10996 8183 10943 3944 
10999 8183 10951 3944 
11004 8187 10961 3947 
11013 8191 10972 3950 
11016 8192 10975 3952 
11021 8195 10982 3956 
11029 8196 10990 3959 
11035 8198 10996 3960 
11039 8206 11000 3960 
11042 8213 11003 3965 
11053 8219 11006 3965 
11056 8222 11008 3969 
11064 8225 11018 3973 
11070 8228 11028 3974 
11072 8232 11035 3975 
11078 8235 11040 3977 
11088 8240 11048 3981 
11088 8241 11050 3983 
11092 8247 11053 3985 
11096 8250 11063 3987 
11103 8256 11070 3988 
11107 8256 11078 3988 
11113 8260 11080 3990 
11119 8266 11087 3991 
11124 8269 11093 3992 
11129 8272 11099 3993 
11132 8277 11107 3994 
11136 8282 11112 3997 
11138 8285 11120 3998 
11144 8292 11123 3998 
11148 8293 11130 3999 
11151 8300 11132 3999 
11151 8307 11135 4004 
11157 8311 11139 4005 
11159 8315 11143 4005 
11163 8317 11145 4007 
11169 8321 11149 4008 
11178 8323 11155 4012 
11180 8330 11161 4012 
11183 8335 11166 4018 
11188 8340 11172 4021 
11198 8350 11176 4022 
11202 8358 11180 4024 
11209 8362 11187 4028 
11216 8370 11196 4030 
11225 8375 11202 4032 
11230 8378 11204 4036 
11241 8381 11209 4037 
11247 8387 11215 4037 
11254 8391 11219 4038 
11259 8395 11222 4039 
11262 8401 11228 4041 
11264 8404 11235 4043 
11270 8407 11243 4045 
11276 8411 11250 4050 
11283 8417 11254 4054 
11286 8427 11257 4055 
11297 8428 11259 4056 
11299 8430 11264 4059 
11305 8436 11274 4060 
11311 8442 11281 4064 
11317 8445 11288 4065 
11325 8446 11296 4067 
11329 8449 11304 4072 
11335 8455 11312 4073 
11339 8458 11320 4075 
11347 8461 11329 4078 
11354 8465 11334 4082 
11358 8473 11345 4084 
11364 8479 11352 4085 
11370 8484 11355 4088 
11379 8494 11360 4088 
11385 8498 11364 4089 
11393 8503 11373 4091 
11398 8507 11380 4092 
11406 8513 11387 4094 
11408 8518 11395 4096 
11411 8522 11398 4099 
11415 8526 11398 4103 
11428 8532 11406 4103 
11433 8535 11412 4108 
11438 8538 11417 4108 
11445 8547 11423 4109 
11452 8550 11429 4111 
11459 8555 11434 4112 
11465 8558 11439 4114 
11470 8560 11444 4116 
11473 8563 11452 4116 
11478 8566 11462 4118 
11484 8569 11466 4119 
11490 8572 11474 4119 
11501 8577 11481 4122 
11507 8579 11489 4122 
11509 8584 11496 4124 
11516 8585 11500 4127 
11527 8591 11507 4127 
11533 8593 11513 4127 
11539 8598 11523 4129 
11548 8602 11527 4130 
11551 8605 11536 4130 
11555 8611 11541 4132 
11564 8617 11548 4134 
11570 8624 11553 4135 
11574 8627 11561 4135 
11583 8632 11567 4137 
11588 8637 11574 4140 
11590 8642 11579 4140 
11595 8645 11587 4141 
11598 8651 11591 4143 
11605 8654 11597 4146 
11614 8655 11600 4146 
11618 8658 11604 4149 
11621 8663 11609 4151 
11628 8668 11615 4151 
11637 8675 11618 4154 
11644 8679 11620 4155 
11645 8682 11624 4156 
11650 8684 11632 4157 
11654 8690 11635 4160 
11658 8694 11642 4164 
11661 8698 11646 4168 
11664 8700 11654 4168 
11672 8703 11661 4171 
11673 8704 11668 4172 
11674 8709 11672 4173 
11680 8712 11677 4174 
11684 8716 11679 4176 
11690 8724 11688 4178 
11698 8725 11694 4179 
11700 8727 11698 4181 
11706 8733 11707 4182 
11712 8738 11715 4184 
11717 8742 11721 4185 
11722 8749 11723 4188 
11726 8752 11733 4189 
11731 8756 11738 4193 
11735 8763 11746 4195 
11745 8770 11753 4200 
11753 8778 11759 4204 
11761 8784 11761 4207 
11763 8790 11764 4212 
11769 8799 11768 4212 
11772 8803 11774 4213 
11776 8810 11779 4216 
11784 8812 11788 4219 
11789 8816 11791 4222 
11796 8821 11797 4223 
11805 8824 11804 4225 
11809 8830 11811 4225 
11818 8834 11817 4226 
11822 8839 11824 4229 
11830 8846 11835 4233 
11833 8849 11839 4233 
11839 8852 11845 4238 
11846 8855 11853 4238 
11852 8862 11861 4238 
11856 8863 11866 4238 
11862 8867 11874 4241 
11865 8872 11879 4242 
11873 8877 11887 4242 
11880 8878 11892 4244 
11887 8883 11901 4246 
11891 8887 11903 4250 
11901 8890 11908 4250 
11908 8892 11912 4251 
11913 8893 11924 4251 
11918 8896 11930 4253 
11923 8906 11935 4256 
11929 8910 11941 4257 
11938 8913 11946 4258 
11943 8922 11950 4261 
11947 8929 11954 4263 
11953 8931 11961 4265 
11960 8937 11966 4266 
11963 8941 11971 4272 
11966 8948 11979 4274 
11972 8952 11984 4276 
11973 8956 11993 4277 
11980 8958 11995 4280 
11989 8961 12001 4282 
11996 8966 12007 4285 
11998 8970 12010 4288 
12008 8979 12014 4290 
12012 8983 12018 4291 
12016 8987 12025 4292 
12021 8990 12037 4292 
12026 8997 12040 4294 
12029 9001 12044 4297 
12032 9004 12050 4298 
12035 9005 12052 4300 
12041 9008 12059 4303 
12046 9013 12063 4307 
12051 9021 12068 4311 
12055 9025 12074 4315 
12061 9032 12080 4318 
12064 9036 12087 4320 
12071 9037 12095 4323 
12078 9041 12099 4323 
12083 9043 12104 4325 
12085 9051 12109 4329 
12091 9055 12112 4330 
12099 9061 12114 4333 
12107 9065 12117 4335 
12113 9071 12122 4338 
12117 9073 12133 4341 
12125 9078 12135 4341 
12129 9081 12138 4344 
12137 9089 12141 4346 
12146 9092 12145 4350 
12157 9098 12150 4350 
12163 9101 12158 4352 
12167 9103 12163 4357 
12174 9109 12168 4360 
12184 9112 12170 4362 
12187 9121 12175 4365 
12195 9125 12179 4365 
12199 9129 12185 4368 
12207 9139 12189 4370 
12211 9149 12196 4373 
12219 9151 12199 4373 
12223 9153 12205 4378 
12229 9156 12212 4380 
12236 9163 12218 4383 
12243 9166 12223 4385 
12247 9172 12231 4387 
12250 9175 12237 4387 
12253 9182 12242 4390 
12260 9189 12248 4392 
12266 9196 12256 4393 
12274 9199 12264 4399 
12276 9205 12266 4403 
12282 9211 12273 4405 
12290 9214 12279 4408 
12291 9215 12287 4408 
12296 9222 12293 4412 
12302 9225 12299 4413 
12305 9229 12306 4415 
12310 9234 12316 4416 
12314 9235 12321 4417 
12324 9243 12326 4419 
12328 9249 12333 4420 
12333 9253 12340 4421 
12337 9257 12347 4425 
12340 9267 12350 4429 
12347 9272 12360 4433 
12352 9280 12366 4434 
12356 9286 12373 4437 
12359 9292 12379 4444 
12363 9299 12382 4446 
12367 9303 12390 4447 
12375 9303 12398 4450 
12379 9307 12406 4452 
12385 9310 12413 4453 
12389 9313 12416 4455 
12391 9313 12426 4458 
12394 9316 12430 4458 
12401 9321 12431 4459 
12408 9323 12436 4460 
12413 9327 12444 4461 
12422 9334 12446 4462 
12427 9339 12453 4463 
12431 9341 12459 4463 
12440 9345 12466 4466 
12449 9349 12473 4470 
12450 9352 12479 4471 
12457 9354 12484 4472 
12464 9355 12493 4474 
12471 9359 12501 4479 
12474 9361 12505 4482 
12478 9366 12512 4486 
12483 9370 12517 4491 
12487 9374 12523 4494 
12493 9376 12533 4498 
12505 9384 12537 4498 
12510 9388 12543 4499 
12513 9392 12549 4502 
12517 9394 12554 4502 
12520 9398 12559 4507 
12524 9406 12563 4509 
12528 9409 12569 4509 
12529 9415 12575 4512 
12534 9417 12580 4516 
12535 9420 12584 4518 
12539 9424 12591 4519 
12546 9429 12600 4519 
12558 9430 12607 4521 
12562 9435 12612 4524 
12566 9439 12621 4525 
12574 9443 12629 4529 
12580 9447 12632 4532 
12586 9452 12638 4533 
12590 9463 12649 4536 
12594 9470 12656 4537 
12598 9473 12663 4541 
12605 9481 12670 4545 
12611 9485 12676 4546 
12614 9487 12680 4547 
12620 9490 12689 4549 
12627 9497 12696 4549 
12632 9501 12699 4552 
12636 9503 12707 4553 
12645 9505 12717 4555 
12651 9507 12723 4557 
12659 9510 12729 4558 
12666 9516 12736 4560 
12673 9520 12746 4562 
12678 9523 12750 4565 
12682 9529 12753 4566 
12688 9533 12758 4572 
12698 9535 12761 4573 
12701 9539 12768 4573 
12707 9544 12772 4579 
12712 9546 12776 4582 
12715 9549 12785 4584 
12720 9549 12790 4584 
12725 9552 12793 4584 
12731 9557 12796 4586 
12735 9564 12805 4587 
12740 9573 12815 4591 
12744 9577 12821 4593 
12746 9588 12825 4594 
12748 9596 12825 4599 
12752 9598 12832 4603 
12758 9602 12840 4606 
12767 9605 12845 4607 
12772 9607 12851 4610 
12780 9610 12858 4611 
12786 9611 12863 4611 
12794 9619 12873 4613 
12797 9624 12877 4614 
12802 9632 12886 4615 
12811 9641 12888 4617 
12818 9647 12889 4619 
12824 9651 12892 4620 
12828 9656 12898 4622 
12833 9664 12904 4623 
12837 9667 12913 4623 
12839 9674 12921 4623 
12842 9678 12924 4629 
12850 9682 12931 4632 
12857 9687 12935 4635 
12861 9695 12944 4639 
12865 9697 12950 4640 
12868 9703 12961 4642 
12871 9707 12968 4642 
12872 9715 12974 4644 
12880 9718 12979 4644 
12888 9723 12984 4647 
12895 9726 12990 4650 
12904 9729 12994 4651 
12913 9733 12999 4655 
12917 9738 13005 4656 
12924 9742 13011 4661 
12927 9746 13019 4663 
12936 9748 13023 4664 
12943 9754 13029 4667 
12945 9757 13034 4670 
12953 9758 13041 4672 
12958 9763 13045 4674 
12962 9770 13054 4675 
12972 9773 13059 4677 
12974 9776 13065 4678 
12979 9785 13069 4681 
12990 9790 13073 4686 
12993 9795 13080 4688 
12995 9796 13087 4689 
13000 9801 13090 4693 
13007 9803 13097 4697 
13013 9807 13107 4700 
13019 9807 13110 4702 
13024 9812 13115 4705 
13031 9817 13116 4708 
13036 9820 13122 4709 
13040 9824 13124 4713 
13047 9832 13133 4716 
13048 9835 13140 4720 
13051 9842 13145 4721 
13057 9846 13151 4723 
13064 9848 13153 4723 
13071 9853 13158 4728 
13076 9858 13165 4729 
13077 9858 13173 4732 
13079 9867 13176 4734 
13084 9870 13186 4736 
13088 9874 13191 4738 
13094 9879 13198 4739 
13096 9887 13207 4740 
13103 9887 13215 4744 
13108 9890 13219 4747 
13117 9895 13228 4749 
13122 9897 13233 4750 
13130 9900 13238 4752 
13135 9908 13248 4754 
13137 9912 13256 4755 
13147 9915 13263 4757 
13154 9915 13271 4758 
13157 9919 13274 4763 
13166 9924 13281 4764 
13169 9926 13287 4767 
13174 9931 13293 4772 
13178 9936 13299 4773 
13184 9938 13310 4775 
13188 9940 13320 4775 
13195 9943 13328 4779 
13199 9945 13333 4781 
13203 9948 13337 4783 
13205 9950 13341 4783 
13211 9955 13348 4784 
13217 9959 13353 4786 
13220 9966 13359 4790 
13225 9974 13371 4791 
13231 9978 13379 4791 
13237 9984 13387 4793 
13242 9987 13395 4793 
13245 9989 13402 4795 
13250 10000 13411 4799 
13259 10004 13414 4800 
13265 10011 13421 4800 
13269 10012 13427 4802 
13277 10019 13438 4803 
13283 10021 13443 4805 
13288 10025 13448 4805 
13291 10030 13455 4807 
13298 10033 13460 4810 
13304 10037 13464 4812 
13307 10040 13471 4814 
13314 10044 13477 4815 
13318 10051 13482 4817 
13324 10053 13486 4818 
13327 10057 13493 4818 
13331 10059 13496 4820 
13335 10061 13506 4825 
13344 10065 13512 4826 
13350 10070 13520 4827 
13353 10076 13524 4827 
13360 10077 13536 4830 
13365 10082 13544 4832 
13371 10085 13548 4836 
13374 10088 13553 4838 
13377 10090 13555 4844 
13379 10092 13558 4844 
13385 10093 13567 4848 
13387 10098 13576 4851 
13393 10104 13583 4855 
13397 10110 13591 4858 
13402 10118 13599 4861 
13405 10121 13605 4865 
13410 10124 13610 4868 
13420 10132 13617 4870 
13424 10145 13623 4873 
13429 10147 13628 4876 
13434 10149 13633 4879 
13440 10154 13639 4883 
13450 10157 13645 4886 
13456 10163 13648 4891 
13462 10169 13654 4892 
13464 10175 13664 4893 
13471 10182 13669 4894 
13472 10188 13675 4897 
13479 10194 13681 4897 
13486 10198 13689 4900 
13488 10203 13697 4903 
13491 10210 13703 4904 
13497 10214 13706 4904 
13503 10221 13711 4905 
13509 10223 13717 4908 
13513 10223 13723 4908 
13522 10225 13727 4908 
13525 10229 13731 4909 
13530 10234 13733 4912 
13539 10238 13738 4917 
13546 10245 13745 4919 
13551 10250 13752 4920 
13557 10258 13762 4924 
13566 10264 13766 4927 
13573 10267 13774 4927 
13579 10275 13782 4930 
13586 10280 13794 4932 
13589 10282 13798 4932 
13595 10287 13807 4933 
13604 10292 13813 4934 
13612 10296 13822 4935 
13620 10300 13828 4935 
13625 10305 13834 4939 
13628 10310 13835 4942 
13637 10314 13844 4943 
13642 10318 13845 4948 
13647 10323 13850 4954 
13656 10329 13857 4955 
13666 10336 13859 4957 
13671 10339 13866 4961 
13677 10344 13871 4967 
13683 10347 13874 4969 
13689 10350 13878 4970 
13697 10357 13887 4972 
13700 10362 13890 4976 
13706 10367 13891 4979 
13707 10374 13895 4980 
13715 10376 13896 4988 
13720 10379 13903 4991 
13723 10382 13907 4992 
13729 10391 13914 4995 
13736 10397 13920 4996 
13743 10406 13927 4996 
13749 10409 13933 4999 
13757 10415 13937 5001 
13769 10418 13940 5003 
13772 10425 13954 5006 
13775 10430 13962 5007 
13782 10434 13966 5007 
13786 10437 13970 5008 
13791 10442 13971 5011 
13796 10446 13973 5011 
13803 10456 13978 5014 
13806 10460 13982 5017 
13812 10461 13985 5020 
13818 10468 13995 5021 
13823 10473 14005 5024 
13833 10476 14015 5027 
13834 10482 14023 5028 
13839 10485 14030 5031 
13849 10489 14036 5035 
13856 10496 14045 5037 
13860 10500 14050 5039 
13867 10503 14056 5042 
13870 10503 14057 5047 
13876 10505 14064 5049 
13888 10507 14067 5052 
13897 10507 14073 5055 
13904 10513 14079 5057 
13907 10520 14083 5059 
13912 10523 14085 5062 
13917 10526 14089 5065 
13920 10532 14095 5070 
13922 10538 14104 5075 
13928 10541 14106 5077 
13933 10544 14112 5079 
13939 10551 14119 5080 
13950 10554 14125 5081 
13960 10558 14130 5085 
13971 10562 14137 5085 
13979 10568 14139 5085 
13987 10571 14147 5087 
13990 10578 14153 5089 
13997 10582 14157 5095 
14001 10588 14165 5096 
14010 10589 14177 5097 
14015 10595 14187 5098 
14022 10601 14193 5098 
14024 10607 14202 5099 
14030 10613 14210 5100 
14033 10619 14212 5102 
14040 10626 14214 5106 
14045 10632 14218 5110 
14049 10639 14221 5111 
14056 10645 14229 5113 
14061 10653 14233 5115 
14067 10657 14237 5119 
14076 10661 14244 5119 
14085 10668 14255 5121 
14092 10672 14259 5123 
14099 10679 14264 5128 
14106 10684 14271 5128 
14112 10691 14277 5130 
14121 10695 14289 5134 
14124 10698 14294 5135 
14130 10702 14299 5137 
14133 10708 14302 5140 
14143 10713 14308 5143 
14148 10718 14314 5145 
14153 10724 14323 5145 
14159 10728 14329 5147 
14164 10733 14332 5149 
14167 10736 14336 5151 
14170 10741 14341 5154 
14175 10747 14349 5155 
14181 10754 14353 5157 
14187 10755 14365 5158 
14194 10763 14369 5161 
14197 10766 14375 5165 
14201 10770 14379 5168 
14208 10773 14387 5170 
14213 10780 14395 5172 
14215 10790 14399 5177 
14218 10792 14400 5180 
14224 10796 14406 5184 
14232 10807 14411 5191 
14238 10811 14415 5192 
14245 10814 14421 5192 
14252 10820 14428 5193 
14262 10823 14436 5194 
14265 10826 14449 5195 
14270 10828 14456 5196 
14276 10832 14464 5199 
14279 10840 14471 5200 
14287 10844 14477 5205 
14295 10849 14479 5212 
14304 10849 14490 5215 
14307 10857 14496 5218 
14311 10862 14501 5219 
14313 10866 14508 5220 
14317 10870 14515 5221 
14322 10879 14522 5224 
14327 10881 14524 5227 
14329 10884 14531 5228 
14338 10893 14538 5231 
14346 10896 14545 5232 
14351 10902 14551 5234 
14358 10905 14555 5234 
14365 10911 14558 5237 
14372 10914 14569 5237 
14383 10917 14572 5238 
14388 10921 14576 5240 
14399 10926 14581 5241 
14409 10930 14590 5245 
14418 10934 14597 5247 
14422 10940 14601 5248 
14423 10945 14606 5250 
14430 10950 14611 5252 
14435 10952 14613 5254 
14439 10955 14623 5256 
14445 10962 14624 5257 
14448 10964 14633 5260 
14452 10972 14641 5261 
14457 10974 14646 5265 
14466 10979 14649 5266 
14468 10983 14656 5267 
14475 10987 14659 5270 
14481 10991 14664 5272 
14483 10993 14668 5275 
14486 11000 14677 5278 
14496 11006 14687 5279 
14501 11016 14691 5282 
14512 11023 14696 5285 
14515 11027 14703 5287 
14519 11028 14707 5289 
14522 11038 14716 5291 
14532 11044 14721 5291 
14535 11047 14727 5291 
14546 11054 14731 5293 
14552 11057 14735 5298 
14557 11060 14737 5298 
14564 11064 14742 5298 
14570 11066 14748 5301 
14572 11071 14755 5303 
14575 11079 14766 5304 
14581 11084 14771 5307 
14584 11089 14775 5308 
14592 11093 14786 5311 
14595 11101 14790 5312 
14600 11104 14798 5314 
14607 11114 14801 5316 
14612 11117 14810 5319 
14620 11121 14816 5319 
14625 11127 14817 5320 
14628 11134 14824 5323 
14634 11142 14833 5324 
14642 11145 14842 5326 
14647 11148 14847 5326 
14656 11155 14856 5329 
14664 11159 14864 5333 
14672 11164 14875 5335 
14674 11170 14880 5338 
14680 11178 14889 5340 
14685 11184 14893 5340 
14691 11188 14901 5340 
14694 11189 14904 5342 
14700 11192 14911 5343 
14706 11200 14917 5347 
14716 11203 14925 5349 
14720 11209 14930 5353 
14723 11212 14937 5353 
14725 11215 14947 5357 
14733 11219 14955 5360 
14738 11224 14959 5362 
14744 11229 14964 5363 
14748 11236 14968 5366 
14751 11242 14974 5370 
14756 11244 14980 5372 
14761 11246 14989 5376 
14764 11251 14996 5376 
14769 11257 15000 5378 
14776 11264 15004 5378 
14782 11270 15007 5379 
14786 11276 15012 5381 
14790 11278 15015 5384 
14795 11285 15017 5386 
14804 11290 15026 5387 
14807 11293 15030 5390 
14809 11299 15035 5392 
14812 11306 15040 5393 
14815 11308 15045 5396 
14821 11315 15050 5398 
14823 11321 15057 5401 
14830 11325 15061 5410 
14832 11331 15064 5414 
14840 11337 15068 5418 
14844 11344 15074 5420 
14852 11351 15081 5425 
14858 11355 15085 5426 
14861 11359 15091 5430 
14863 11367 15093 5430 
14870 11372 15100 5433 
14875 11380 15112 5433 
14878 11387 15120 5435 
14885 11390 15124 5436 
14892 11398 15128 5438 
14898 11403 15132 5442 
14901 11409 15139 5446 
14908 11414 15142 5450 
14917 11416 15146 5452 
14921 11420 15152 5454 
14923 11423 15155 5456 
14928 11426 15160 5457 
14938 11431 15167 5460 
14943 11437 15172 5464 
14950 11438 15178 5464 
14956 11444 15184 5466 
14959 11447 15192 5468 
14965 11452 15198 5469 
14967 11461 15209 5472 
14971 11465 15213 5474 
14975 11467 15219 5475 
14982 11469 15223 5478 
14988 11472 15223 5482 
14989 11473 15230 5483 
14994 11476 15241 5485 
15000 11482 15251 5486 
15004 11485 15256 5488 
15010 11490 15258 5490 
15020 11494 15262 5492 
15026 11498 15267 5495 
15035 11507 15272 5497 
15042 11511 15282 5502 
15048 11515 15289 5505 
15054 11520 15294 5506 
15061 11526 15301 5508 
15070 11528 15307 5509 
15076 11534 15309 5511 
15078 11539 15314 5513 
15080 11545 15317 5516 
15087 11550 15323 5517 
15090 11556 15327 5518 
15095 11560 15336 5519 
15101 11565 15343 5523 
15107 11569 15351 5524 
15121 11572 15357 5525 
15127 11578 15363 5526 
15138 11581 15365 5527 
15144 11585 15367 5530 
15150 11592 15370 5532 
15156 11596 15379 5532 
15161 11604 15385 5533 
15166 11605 15394 5533 
15170 11608 15400 5535 
15178 11617 15402 5537 
15190 11628 15410 5539 
15195 11630 15416 5541 
15201 11636 15423 5543 
15211 11640 15432 5545 
15214 11647 15435 5547 
15219 11653 15444 5549 
15224 11658 15451 5552 
15232 11662 15457 5553 
15238 11669 15464 5554 
15247 11676 15464 5555 
15253 11681 15471 5556 
15255 11685 15476 5559 
15258 11689 15482 5561 
15263 11695 15488 5563 
15268 11699 15493 5564 
15274 11706 15498 5566 
15281 11714 15504 5566 
15285 11721 15506 5567 
15290 11726 15510 5570 
15293 11730 15516 5571 
15299 11735 15525 5571 
15304 11743 15532 5572 
15309 11746 15537 5576 
15318 11748 15543 5576 
15321 11753 15548 5578 
15325 11758 15553 5578 
15328 11762 15562 5579 
15334 11773 15568 5579 
15339 11775 15573 5584 
15344 11781 15579 5587 
15352 11783 15587 5592 
15358 11787 15588 5594 
15363 11790 15594 5597 
15367 11798 15597 5598 
15369 11802 15607 5601 
15380 11804 15612 5602 
15382 11808 15616 5603 
15385 11811 15628 5605 
15393 11813 15634 5610 
15398 11816 15641 5610 
15404 11820 15646 5612 
15410 11826 15651 5614 
15420 11829 15653 5616 
15428 11830 15657 5617 
15436 11838 15661 5620 
15444 11839 15669 5625 
15447 11845 15678 5627 
15454 11845 15685 5629 
15462 11850 15692 5631 
15468 11852 15697 5634 
15471 11858 15701 5635 
15476 11868 15708 5637 
15483 11870 15716 5638 
15486 11874 15725 5642 
15490 11881 15733 5647 
15493 11885 15739 5650 
15499 11887 15742 5651 
15506 11891 15746 5652 
15511 11897 15752 5653 
15518 11899 15759 5653 
15521 11906 15765 5656 
15527 11911 15768 5657 
15534 11912 15773 5658 
15541 11923 15779 5658 
15545 11928 15786 5660 
15552 11931 15797 5661 
15564 11934 15806 5662 
15569 11939 15811 5665 
15575 11943 15823 5668 
15578 11952 15830 5669 
15584 11960 15836 5669 
15589 11967 15841 5670 
15593 11971 15848 5671 
15599 11973 15854 5676 
15604 11980 15859 5679 
15608 11987 15869 5679 
15611 11991 15873 5681 
15618 11997 15880 5681 
15626 12004 15885 5684 
15633 12010 15893 5684 
15636 12016 15896 5690 
15646 12019 15902 5690 
15651 12022 15904 5692 
15660 12027 15911 5693 
15666 12030 15920 5695 
15673 12036 15926 5697 
15677 12042 15935 5697 
15684 12045 15939 5698 
15692 12048 15948 5699 
15701 12057 15954 5702 
15711 12069 15958 5703 
15720 12074 15964 5705 
15730 12078 15969 5707 
15733 12082 15971 5710 
15739 12085 15977 5711 
15740 12087 15986 5714 
15744 12091 15992 5716 
15755 12094 15998 5717 
15760 12097 16001 5718 
15768 12097 16011 5719 
15770 12104 16014 5723 
15774 12107 16020 5726 
15781 12113 16025 5729 
15798 12116 16029 5735 
15801 12122 16033 5735 
15808 12126 16042 5737 
15813 12129 16052 5738 
15823 12133 16055 5740 
15830 12139 16064 5741 
15835 12144 16071 5745 
15841 12151 16077 5747 
15847 12158 16081 5749 
15853 12164 16085 5752 
15862 12168 16094 5752 
15867 12176 16098 5752 
15868 12185 16101 5754 
15875 12191 16109 5756 
15882 12195 16112 5758 
15886 12202 16115 5759 
15890 12204 16124 5761 
15893 12207 16130 5761 
15899 12212 16141 5762 
15904 12218 16146 5763 
15908 12224 16154 5764 
15910 12226 16160 5766 
15921 12227 16166 5768 
15923 12230 16173 5769 
15930 12233 16176 5772 
15935 12235 16180 5774 
15937 12238 16183 5775 
15944 12244 16193 5777 
15947 12248 16199 5779 
15954 12250 16207 5782 
15958 12256 16208 5786 
15963 12262 16217 5787 
15972 12265 16221 5789 
15979 12269 16229 5789 
15983 12273 16237 5794 
15988 12281 16247 5796 
15993 12289 16248 5800 
15996 12294 16253 5802 
16008 12297 16257 5804 
16015 12301 16263 5808 
16018 12302 16266 5812 
16021 12306 16272 5815 
16028 12309 16277 5820 
16037 12316 16284 5821 
16040 12317 16290 5823 
16049 12319 16294 5824 
16053 12323 16301 5827 
16057 12330 16306 5828 
16061 12332 16312 5833 
16069 12334 16318 5836 
16078 12337 16328 5838 
16086 12343 16333 5841 
16089 12347 16339 5844 
16093 12354 16342 5847 
16095 12360 16346 5850 
16100 12369 16353 5853 
16103 12373 16365 5855 
16108 12380 16372 5855 
16108 12384 16376 5858 
16112 12387 16387 5863 
16119 12392 16389 5867 
16122 12395 16396 5870 
16126 12399 16403 5873 
16129 12408 16411 5878 
16139 12410 16416 5880 
16145 12420 16425 5881 
16150 12422 16429 5883 
16155 12428 16431 5883 
16161 12434 16436 5885 
16166 12439 16442 5889 
16171 12443 16452 5890 
16176 12447 16460 5890 
16178 12450 16464 5893 
16182 12456 16472 5899 
16190 12459 16479 5899 
16193 12465 16487 5901 
16200 12472 16495 5903 
16206 12478 16505 5905 
16210 12480 16509 5907 
16217 12485 16522 5912 
16224 12487 16526 5915 
16229 12492 16530 5917 
16237 12497 16538 5920 
16242 12506 16545 5921 
16247 12513 16551 5924 
16254 12521 16556 5926 
16255 12529 16565 5928 
16262 12536 16569 5929 
16267 12542 16574 5929 
16274 12545 16580 5932 
16277 12550 16587 5933 
16285 12553 16599 5935 
16295 12558 16604 5936 
16301 12565 16609 5939 
16305 12571 16616 5941 
16311 12577 16620 5945 
16319 12579 16631 5945 
16322 12580 16635 5946 
16327 12583 16643 5947 
16333 12585 16649 5950 
16338 12590 16657 5950 
16343 12593 16662 5951 
16350 12595 16667 5952 
16353 12598 16672 5956 
16358 12602 16679 5959 
16362 12609 16686 5963 
16372 12613 16690 5964 
16376 12618 16692 5967 
16386 12620 16701 5968 
16393 12624 16705 5972 
16399 12632 16710 5973 
16405 12640 16716 5975 
16408 12646 16719 5979 
16408 12649 16726 5980 
16414 12653 16737 5983 
16418 12658 16747 5988 
16426 12661 16755 5991 
16433 12667 16758 5994 
16436 12670 16766 5996 
16442 12675 16770 5996 
16451 12678 16778 5998 
16454 12679 16783 6000 
16459 12680 16787 6004 
16460 12680 16795 6006 
16463 12685 16798 6008 
16467 12690 16804 6010 
16473 12696 16809 6012 
16478 12698 16812 6015 
16485 12701 16823 6018 
16496 12705 16829 6020 
16502 12708 16834 6020 
16504 12709 16840 6020 
16509 12711 16847 6022 
16514 12717 16853 6024 
16516 12723 16856 6026 
16524 12727 16865 6027 
16530 12730 16869 6030 
16539 12734 16878 6031 
16545 12740 16882 6032 
16549 12743 16888 6032 
16553 12747 16895 6032 
16557 12753 16906 6036 
16561 12759 16911 6037 
16566 12760 16913 6039 
16567 12765 16918 6041 
16578 12767 16927 6043 
16583 12774 16930 6050 
16585 12778 16935 6051 
16588 12786 16942 6055 
16594 12791 16956 6059 
16597 12795 16965 6061 
16603 12800 16971 6064 
16610 12804 16980 6065 
16617 12808 16986 6068 
16619 12809 16991 6069 
16625 12816 16996 6070 
16631 12821 17002 6071 
16636 12825 17006 6073 
16641 12829 17014 6079 
16647 12833 17017 6081 
16655 12841 17023 6083 
16661 12845 17028 6086 
16668 12847 17033 6088 
16672 12851 17036 6091 
16682 12854 17044 6093 
16686 12860 17050 6095 
16696 12861 17061 6095 
16700 12864 17064 6099 
16706 12868 17067 6102 
16708 12874 17073 6103 
16712 12880 17078 6107 
16718 12884 17087 6114 
16720 12887 17092 6118 
16723 12892 17100 6121 
16726 12903 17106 6122 
16728 12909 17114 6122 
16735 12913 17121 6124 
16739 12919 17127 6126 
16744 12924 17133 6128 
16746 12929 17138 6132 
16751 12934 17145 6132 
16760 12937 17152 6135 
16761 12944 17160 6137 
16773 12946 17165 6139 
16777 12950 17169 6140 
16783 12952 17177 6141 
16787 12956 17182 6142 
16791 12961 17188 6144 
16796 12967 17196 6146 
16801 12969 17200 6150 
16810 12972 17208 6153 
16816 12975 17213 6155 
16820 12980 17222 6158 
16828 12984 17228 6159 
16839 12992 17235 6159 
16845 12994 17237 6159 
16851 12997 17239 6163 
16856 13001 17242 6164 
16861 13005 17249 6169 
16872 13012 17258 6170 
16877 13017 17268 6170 
16882 13025 17275 6173 
16891 13028 17282 6180 
16894 13033 17289 6180 
16903 13039 17294 6184 
16909 13041 17304 6188 
16915 13048 17311 6192 
16923 13052 17315 6193 
16928 13057 17321 6193 
16931 13060 17326 6194 
16936 13062 17329 6198 
16942 13067 17335 6200 
16950 13071 17337 6200 
16956 13076 17342 6200 
16959 13082 17343 6203 
16965 13086 17351 6205 
16972 13090 17360 6207 
16978 13096 17365 6210 
16987 13098 17372 6214 
16991 13102 17382 6218 
16996 13108 17388 6224 
16999 13113 17395 6228 
17006 13117 17400 6230 
17014 13121 17405 6232 
17022 13125 17411 6236 
17030 13127 17417 6236 
17037 13130 17425 6238 
17044 13136 17430 6238 
17050 13141 17432 6238 
17059 13147 17439 6241 
17068 13151 17443 6242 
17076 13155 17451 6243 
17082 13161 17458 6245 
17087 13163 17463 6246 
17094 13167 17467 6250 
17100 13174 17479 6253 
17105 13179 17487 6255 
17111 13183 17494 6257 
17115 13189 17504 6259 
17118 13194 17509 6266 
17125 13198 17517 6268 
17128 13206 17526 6271 
17135 13212 17536 6274 
17142 13217 17541 6279 
17149 13224 17553 6282 
17157 13229 17561 6283 
17166 13234 17570 6285 
17176 13237 17574 6287 
17179 13237 17585 6288 
17183 13242 17591 6292 
17189 13246 17600 6296 
17196 13250 17601 6299 
17201 13256 17607 6303 
17207 13260 17620 6306 
17215 13268 17624 6309 
17220 13274 17630 6312 
17227 13278 17631 6316 
17232 13283 17640 6316 
17242 13285 17648 6319 
17248 13287 17654 6321 
17256 13294 17657 6326 
17256 13298 17663 6328 
17266 13300 17665 6330 
17274 13304 17669 6332 
17279 13312 17673 6334 
17286 13317 17680 6336 
17298 13323 17687 6339 
17306 13328 17692 6341 
17312 13329 17697 6341 
17315 13335 17699 6342 
17322 13338 17709 6344 
17329 13347 17716 6344 
17335 13351 17721 6345 
17343 13354 17732 6346 
17353 13356 17741 6347 
17362 13360 17748 6349 
17368 13365 17753 6350 
17376 13369 17759 6350 
17379 13371 17766 6355 
17385 13374 17774 6359 
17396 13375 17781 6359 
17402 13381 17786 6359 
17412 13383 17793 6360 
17416 13391 17795 6363 
17422 13402 17802 6364 
17424 13408 17811 6369 
17430 13411 17817 6369 
17434 13417 17821 6370 
17445 13418 17825 6373 
17451 13423 17827 6377 
17454 13426 17833 6380 
17462 13431 17839 6384 
17466 13432 17850 6386 
17470 13434 17853 6388 
17477 13439 17857 6388 
17488 13445 17866 6389 
17497 13451 17872 6389 
17505 13455 17881 6389 
17513 13457 17885 6391 
17523 13463 17893 6395 
17529 13468 17899 6397 
17534 13473 17908 6400 
17543 13479 17917 6402 
17553 13487 17924 6405 
17559 13493 17930 6406 
17560 13495 17938 6410 
17562 13499 17944 6412 
17565 13505 17952 6414 
17577 13515 17960 6416 
17584 13523 17966 6421 
17586 13525 17975 6424 
17595 13532 17981 6425 
17607 13539 17987 6426 
17613 13548 17998 6429 
17620 13554 18004 6432 
17624 13557 18010 6435 
17628 13564 18017 6437 
17636 13567 18030 6439 
17645 13575 18031 6443 
17652 13581 18036 6448 
17658 13585 18047 6449 
17662 13590 18048 6451 
17668 13592 18054 6454 
17671 13592 18065 6455 
17678 13598 18069 6456 
17683 13606 18072 6457 
17687 13607 18083 6457 
17689 13615 18085 6462 
17699 13617 18089 6465 
17705 13623 18094 6470 
17708 13627 18097 6471 
17715 13631 18107 6475 
17720 13632 18113 6475 
17727 13637 18122 6477 
17733 13646 18126 6478 
17745 13651 18131 6480 
17751 13657 18132 6482 
17759 13661 18133 6483 
17766 13667 18140 6484 
17770 13670 18148 6485 
17779 13676 18154 6487 
17785 13683 18158 6488 
17792 13688 18166 6489 
17800 13692 18176 6490 
17811 13694 18181 6492 
17813 13704 18187 6494 
17818 13708 18190 6495 
17825 13714 18196 6496 
17827 13720 18202 6501 
17831 13727 18204 6505 
17836 13734 18206 6506 
17844 13736 18217 6509 
17849 13738 18222 6511 
17856 13743 18232 6513 
17863 13751 18235 6514 
17869 13757 18239 6517 
17872 13761 18251 6519 
17876 13765 18260 6521 
17882 13777 18269 6522 
17887 13781 18276 6522 
17892 13787 18287 6523 
17897 13790 18295 6526 
17898 13795 18300 6529 
17899 13799 18306 6530 
17904 13802 18309 6533 
17909 13805 18314 6534 
17913 13811 18318 6537 
17918 13813 18325 6540 
17924 13817 18336 6543 
17928 13822 18347 6545 
17934 13832 18349 6546 
17944 13836 18353 6546 
17952 13840 18358 6548 
17962 13847 18364 6550 
17968 13850 18367 6551 
17974 13856 18372 6555 
17981 13863 18377 6556 
17984 13868 18383 6559 
17990 13869 18388 6560 
18000 13874 18397 6562 
18003 13877 18401 6563 
18009 13883 18415 6566 
18017 13891 18425 6566 
18020 13892 18434 6567 
18024 13896 18445 6570 
18028 13899 18451 6573 
18037 13901 18454 6577 
18042 13905 18461 6577 
18049 13911 18468 6577 
18052 13913 18478 6579 
18058 13918 18488 6582 
18062 13922 18492 6586 
18065 13925 18496 6592 
18074 13929 18504 6594 
18080 13937 18508 6597 
18083 13943 18519 6599 
18088 13947 18525 6601 
18094 13949 18530 6605 
18098 13952 18540 6605 
18108 13956 18544 6606 
18113 13958 18548 6609 
18119 13964 18553 6612 
18128 13968 18559 6616 
18132 13973 18567 6618 
18137 13981 18576 6621 
18145 13986 18587 6623 
18152 13991 18593 6624 
18160 13995 18601 6625 
18164 13998 18607 6628 
18171 14002 18608 6631 
18177 14006 18612 6633 
18186 14007 18617 6634 
18189 14014 18624 6636 
18200 14016 18629 6637 
18207 14027 18632 6642 
18212 14030 18634 6645 
18223 14035 18640 6649 
18227 14039 18644 6649 
18234 14043 18649 6649 
18239 14047 18653 6649 
18245 14053 18660 6651 
18252 14058 18661 6653 
18256 14065 18667 6656 
18260 14068 18674 6662 
18271 14075 18682 6667 
18278 14081 18689 6672 
18284 14085 18693 6673 
18289 14088 18700 6673 
18296 14092 18705 6677 
18299 14094 18712 6682 
18307 14100 18715 6686 
18313 14103 18725 6688 
18321 14109 18728 6693 
18326 14111 18734 6697 
18330 14118 18743 6700 
18333 14126 18746 6702 
18338 14133 18753 6705 
18348 14139 18758 6708 
18357 14142 18764 6711 
18360 14149 18775 6711 
18369 14157 18777 6715 
18377 14159 18790 6715 
18384 14162 18799 6718 
18386 14169 18804 6720 
18391 14174 18813 6723 
18399 14178 18822 6726 
18404 14184 18827 6730 
18409 14186 18834 6733 
18414 14190 18844 6734 
18423 14198 18852 6737 
18428 14202 18860 6738 
18432 14206 18870 6739 
18439 14209 18872 6742 
18443 14221 18881 6743 
18453 14228 18889 6744 
18460 14232 18895 6747 
18464 14237 18905 6748 
18467 14244 18912 6748 
18471 14250 18922 6752 
18477 14254 18936 6753 
18486 14260 18939 6754 
18490 14263 18946 6754 
18496 14266 18951 6755 
18501 14269 18956 6760 
18507 14274 18960 6762 
18510 14278 18971 6764 
18514 14281 18977 6769 
18520 14287 18982 6770 
18530 14292 18986 6771 
18533 14295 18994 6774 
18539 14298 18999 6774 
18544 14303 19011 6776 
18550 14309 19019 6778 
18557 14313 19029 6780 
18566 14318 19037 6781 
18571 14327 19040 6783 
18577 14333 19050 6784 
18586 14336 19056 6788 
18591 14344 19061 6791 
18593 14350 19067 6794 
18598 14354 19072 6796 
18610 14358 19078 6797 
18618 14367 19087 6800 
18627 14372 19093 6802 
18632 14376 19099 6803 
18640 14382 19111 6809 
18644 14386 19116 6812 
18646 14389 19126 6814 
18652 14391 19135 6817 
18656 14395 19138 6818 
18662 14399 19146 6819 
18673 14403 19149 6821 
18681 14411 19156 6823 
18688 14416 19165 6826 
18692 14419 19171 6829 
18700 14424 19175 6832 
18705 14429 19181 6833 
18713 14434 19190 6833 
18716 14438 19201 6834 
18722 14441 19207 6836 
18729 14446 19214 6837 
18736 14451 19220 6838 
18745 14453 19228 6838 
18749 14459 19240 6841 
18758 14464 19248 6842 
18763 14471 19257 6845 
18768 14475 19262 6846 
18772 14478 19271 6849 
18776 14484 19277 6854 
18784 14487 19280 6856 
18785 14490 19281 6860 
18792 14492 19289 6862 
18797 14497 19297 6865 
18814 14501 19304 6867 
18816 14505 19309 6870 
18822 14512 19315 6872 
18829 14517 19318 6874 
18837 14519 19322 6875 
18841 14524 19329 6878 
18844 14534 19336 6880 
18847 14539 19344 6884 
18855 14544 19353 6887 
18860 14550 19361 6890 
18864 14554 19364 6891 
18870 14559 19370 6896 
18883 14562 19376 6900 
18889 14564 19382 6901 
18900 14571 19387 6903 
18905 14576 19398 6904 
18910 14580 19404 6907 
18918 14588 19411 6907 
18922 14593 19415 6913 
18930 14598 19421 6916 
18934 14601 19426 6916 
18938 14609 19433 6918 
18942 14618 19437 6920 
18949 14624 19442 6922 
18958 14632 19448 6924 
18962 14641 19457 6928 
18968 14646 19464 6930 
18975 14650 19470 6931 
18985 14656 19479 6933 
18991 14660 19485 6934 
18998 14666 19494 6938 
19003 14669 19501 6941 
19009 14670 19508 6942 
19014 14679 19512 6945 
19019 14683 19519 6948 
19023 14683 19531 6950 
19027 14687 19538 6951 
19036 14690 19543 6954 
19041 14693 19550 6954 
19047 14701 19558 6958 
19056 14706 19560 6959 
19058 14713 19566 6960 
19062 14718 19573 6961 
19065 14725 19581 6963 
19070 14734 19585 6965 
19086 14742 19588 6967 
19090 14748 19596 6970 
19093 14753 19603 6972 
19097 14755 19612 6972 
19101 14759 19616 6974 
19108 14762 19631 6976 
19113 14764 19638 6980 
19121 14766 19649 6981 
19129 14767 19659 6982 
19137 14771 19661 6984 
19143 14779 19668 6984 
19149 14783 19673 6989 
19155 14788 19683 6994 
19160 14791 19690 6996 
19166 14799 19695 6996 
19171 14803 19702 6997 
19178 14806 19711 6999 
19184 14814 19715 7000 
19192 14819 19720 7002 
19197 14822 19727 7005 
19205 14825 19733 7009 
19213 14831 19743 7010 
19217 14832 19750 7011 
19223 14836 19761 7012 
19229 14838 19768 7013 
19239 14845 19779 7015 
19248 14850 19790 7017 
19255 14854 19793 7019 
19260 14862 19799 7022 
19263 14867 19805 7026 
19267 14871 19810 7029 
19272 14875 19815 7030 
19277 14879 19819 7034 
19281 14886 19825 7035 
19287 14889 19834 7037 
19294 14891 19839 7037 
19303 14897 19846 7039 
19311 14903 19856 7041 
19315 14909 19860 7047 
19321 14912 19869 7049 
19328 14915 19872 7049 
19334 14921 19878 7053 
19338 14923 19886 7053 
19346 14927 19891 7055 
19348 14933 19897 7057 
19350 14938 19902 7063 
19353 14944 19912 7065 
19355 14947 19919 7067 
19357 14949 19924 7068 
19358 14956 19934 7070 
19366 14962 19937 7073 
19374 14966 19944 7074 
19375 14968 19945 7077 
19379 14972 19957 7078 
19389 14977 19964 7082 
19396 14979 19970 7082 
19399 14982 19972 7087 
19404 14988 19973 7089 
19413 14993 19978 7091 
19418 14997 19982 7095 
19426 15000 19987 7099 
19434 15005 19991 7105 
19435 15007 19997 7106 
19438 15015 20003 7109 
19444 15018 20009 7110 
19446 15021 20015 7110 
19451 15025 20021 7115 
19458 15027 20031 7119 
19463 15028 20037 7120 
19467 15039 20040 7124 
19473 15045 20047 7126 
19479 15048 20052 7129 
19482 15054 20061 7132 
19488 15057 20070 7133 
19494 15065 20074 7136 
19498 15070 20079 7137 
19504 15073 20084 7140 
19510 15079 20091 7141 
19511 15083 20098 7142 
19517 15086 20101 7143 
19520 15091 20109 7144 
19529 15098 20117 7147 
19535 15104 20127 7152 
19543 15106 20134 7154 
19548 15110 20148 7157 
19553 15113 20155 7160 
19562 15122 20160 7163 
19566 15127 20166 7165 
19569 15133 20170 7166 
19578 15142 20175 7170 
19588 15147 20181 7171 
19591 15153 20187 7172 
19600 15160 20190 7175 
19607 15163 20196 7177 
19611 15169 20205 7179 
19624 15170 20215 7179 
19626 15180 20223 7183 
19628 15186 20231 7185 
19634 15191 20238 7187 
19640 15197 20247 7190 
19646 15197 20256 7194 
19655 15204 20263 7196 
19658 15206 20267 7200 
19664 15210 20276 7201 
19669 15212 20281 7201 
19675 15217 20284 7201 
19682 15223 20286 7205 
19690 15226 20291 7207 
19695 15229 20299 7208 
19709 15233 20307 7210 
19717 15240 20310 7211 
19722 15245 20312 7213 
19728 15250 20322 7215 
19730 15255 20328 7218 
19736 15259 20334 7219 
19745 15261 20339 7221 
19755 15263 20345 7223 
19760 15266 20354 7228 
19765 15272 20360 7231 
19767 15278 20366 7234 
19773 15284 20372 7238 
19778 15290 20379 7240 
19787 15292 20388 7243 
19791 15299 20396 7246 
19795 15306 20399 7247 
19801 15308 20407 7248 
19805 15312 20413 7249 
19807 15317 20420 7251 
19815 15322 20433 7253 
19819 15323 20440 7254 
19827 15328 20443 7255 
19833 15335 20449 7258 
19842 15339 20453 7260 
19844 15345 20459 7263 
19853 15350 20467 7269 
19859 15356 20472 7272 
19865 15358 20475 7273 
19870 15363 20478 7276 
19875 15365 20485 7277 
19881 15372 20493 7278 
19888 15377 20497 7280 
19890 15381 20507 7283 
19897 15387 20512 7285 
19905 15392 20513 7287 
19913 15394 20517 7287 
19923 15395 20524 7288 
19926 15402 20532 7291 
19930 15405 20537 7293 
19938 15408 20544 7295 
19948 15412 20549 7296 
19950 15418 20559 7298 
19953 15419 20566 7299 
19960 15421 20569 7300 
19965 15426 20576 7301 
19971 15433 20578 7301 
19979 15439 20587 7302 
19983 15445 20595 7303 
19987 15448 20603 7309 
19995 15455 20606 7312 
20001 15462 20610 7315 
20005 15467 20622 7317 
20008 15475 20630 7319 
20015 15483 20637 7324 
20022 15488 20646 7327 
20030 15491 20654 7331 
20036 15497 20661 7335 
20042 15498 20669 7337 
20047 15501 20677 7338 
20052 15505 20682 7339 
20057 15511 20688 7346 
20063 15513 20691 7348 
20066 15517 20696 7351 
20076 15522 20708 7352 
20084 15527 20715 7354 
20087 15535 20722 7357 
20093 15543 20725 7357 
20102 15552 20735 7360 
20106 15557 20743 7361 
20110 15565 20750 7363 
20117 15571 20755 7367 
20123 15578 20763 7369 
20129 15579 20772 7373 
20138 15582 20776 7375 
20144 15586 20785 7377 
20147 15593 20793 7380 
20153 15594 20799 7383 
20156 15598 20803 7383 
20158 15604 20811 7384 
20166 15606 20815 7387 
20170 15613 20825 7391 
20179 15617 20833 7392 
20184 15621 20839 7395 
20189 15624 20843 7401 
20196 15628 20848 7404 
20202 15630 20854 7405 
20209 15635 20861 7408 
20216 15643 20869 7409 
20222 15649 20875 7411 
20224 15658 20884 7417 
20232 15660 20890 7421 
20236 15661 20897 7423 
20248 15670 20905 7425 
20257 15672 20911 7427 
20260 15677 20916 7431 
20264 15684 20920 7435 
20266 15689 20923 7438 
20271 15696 20933 7439 
20274 15703 20940 7441 
20282 15706 20944 7444 
20288 15709 20948 7448 
20294 15714 20951 7452 
20298 15716 20956 7454 
20301 15722 20961 7456 
20308 15726 20965 7457 
20316 15731 20971 7458 
20320 15738 20979 7460 
20326 15747 20986 7462 
20330 15754 20990 7463 
20338 15761 20995 7465 
20352 15763 20997 7468 
20356 15772 21007 7470 
20364 15777 21017 7474 
20368 15780 21025 7475 
20373 15785 21034 7476 
20377 15789 21039 7477 
20385 15796 21043 7479 
20396 15800 21052 7482 
20402 15805 21055 7485 
20409 15812 21060 7487 
20418 15819 21070 7488 
20422 15823 21082 7491 
20429 15824 21086 7492 
20434 15827 21091 7496 
20444 15829 21096 7498 
20446 15834 21099 7502 
20450 15841 21103 7504 
20453 15845 21112 7508 
20455 15850 21116 7513 
20459 15854 21122 7517 
20469 15858 21128 7518 
20476 15864 21137 7520 
20482 15869 21151 7522 
20486 15872 21159 7528 
20493 15880 21163 7529 
20497 15885 21166 7531 
20502 15887 21168 7532 
20508 15891 21174 7534 
20514 15902 21179 7538 
20520 15902 21186 7539 
20529 15906 21195 7539 
20531 15910 21198 7541 
20534 15918 21200 7542 
20541 15925 21209 7542 
20547 15928 21214 7542 
20556 15932 21223 7544 
20560 15939 21229 7545 
20570 15941 21234 7546 
20573 15948 21237 7549 
20578 15955 21243 7552 
20581 15957 21248 7555 
20585 15967 21255 7557 
20593 15973 21259 7559 
20598 15978 21272 7560 
20604 15985 21277 7560 
20610 15989 21288 7563 
20617 15994 21291 7565 
20623 16002 21301 7566 
20630 16005 21305 7570 
20639 16010 21310 7570 
20647 16014 21319 7572 
20655 16016 21329 7577 
20660 16023 21338 7580 
20664 16027 21346 7583 
20675 16031 21352 7583 
20679 16034 21358 7590 
20687 16040 21362 7591 
20695 16047 21368 7596 
20697 16051 21376 7599 
20700 16059 21386 7599 
20705 16065 21393 7602 
20711 16067 21399 7605 
20721 16070 21403 7607 
20729 16074 21410 7611 
20739 16082 21415 7612 
20745 16085 21420 7613 
20753 16095 21423 7614 
20760 16099 21426 7615 
20763 16102 21433 7617 
20767 16108 21438 7621 
20771 16113 21446 7623 
20775 16114 21457 7624 
20781 16117 21463 7627 
20785 16120 21474 7632 
20789 16122 21478 7636 
20793 16129 21483 7639 
20802 16134 21488 7641 
20808 16138 21497 7643 
20817 16145 21501 7646 
20825 16147 21511 7648 
20828 16152 21515 7652 
20837 16160 21524 7652 
20845 16161 21528 7655 
20850 16165 21543 7656 
20858 16169 21550 7657 
20866 16173 21558 7659 
20870 16177 21564 7663 
20874 16179 21572 7664 
20885 16183 21580 7665 
20890 16191 21588 7669 
20898 16194 21593 7673 
20906 16195 21597 7673 
20912 16200 21597 7674 
20915 16207 21600 7678 
20920 16209 21602 7678 
20929 16213 21609 7680 
20934 16219 21617 7681 
20938 16226 21625 7684 
20943 16229 21630 7687 
20951 16230 21637 7689 
20955 16232 21645 7690 
20962 16234 21655 7690 
20966 16242 21661 7692 
20977 16246 21672 7694 
20985 16252 21679 7698 
20993 16256 21683 7700 
21000 16261 21693 7703 
21004 16264 21700 7704 
21009 16268 21709 7707 
21016 16272 21716 7707 
21026 16275 21726 7708 
21032 16276 21734 7710 
21042 16281 21740 7710 
21047 16287 21748 7713 
21054 16295 21757 7714 
21064 16302 21762 7715 
21071 16307 21770 7716 
21077 16314 21777 7716 
21086 16317 21785 7717 
21094 16322 21792 7720 
21103 16327 21795 7722 
21108 16333 21807 7723 
21114 16340 21813 7727 
21119 16346 21819 7729 
21129 16348 21824 7731 
21136 16354 21829 7735 
21147 16359 21839 7738 
21150 16366 21850 7739 
21161 16369 21863 7741 
21165 16374 21867 7742 
21175 16376 21870 7746 
21182 16385 21875 7748 
21190 16388 21883 7749 
21192 16391 21888 7750 
21194 16393 21892 7752 
21200 16402 21901 7754 
21210 16404 21903 7756 
21211 16407 21905 7757 
21222 16412 21910 7759 
21231 16412 21921 7762 
21235 16416 21931 7764 
21246 16426 21934 7764 
21249 16435 21941 7765 
21253 16439 21943 7769 
21261 16443 21948 7770 
21265 16448 21956 7773 
21270 16456 21961 7775 
21274 16461 21967 7777 
21281 16468 21974 7778 
21289 16470 21982 7779 
21294 16476 21990 7781 
21297 16480 21994 7784 
21301 16484 22004 7789 
21306 16487 22013 7790 
21311 16492 22018 7790 
21315 16496 22024 7791 
21319 16504 22031 7792 
21324 16509 22034 7796 
21326 16515 22042 7798 
21329 16519 22048 7800 
21332 16524 22052 7804 
21342 16526 22059 7806 
21347 16528 22062 7809 
21357 16533 22068 7810 
21366 16535 22077 7813 
21367 16541 22087 7815 
21374 16549 22090 7817 
21384 16554 22097 7819 
21390 16562 22098 7821 
21392 16568 22105 7824 
21397 16574 22115 7825 
21405 16576 22121 7826 
21410 16584 22127 7827 
21416 16588 22133 7827 
21418 16593 22138 7831 
21423 16599 22140 7837 
21430 16602 22148 7839 
21436 16609 22156 7839 
21442 16613 22161 7840 
21448 16618 22170 7843 
21455 16621 22177 7845 
21460 16630 22183 7851 
21469 16634 22191 7852 
21471 16641 22197 7855 
21475 16645 22207 7858 
21478 16651 22214 7859 
21479 16657 22224 7860 
21484 16664 22232 7863 
21491 16668 22236 7865 
21497 16674 22242 7867 
21502 16681 22250 7872 
21507 16685 22257 7874 
21512 16689 22262 7874 
21518 16693 22266 7878 
21525 16700 22273 7880 
21531 16705 22282 7881 
21536 16711 22292 7884 
21540 16715 22298 7885 
21546 16719 22305 7890 
21551 16724 22311 7892 
21560 16727 22317 7895 
21568 16736 22326 7896 
21577 16739 22331 7898 
21581 16744 22336 7898 
21587 16748 22346 7900 
21595 16754 22353 7903 
21602 16760 22357 7904 
21607 16768 22368 7909 
21614 16778 22375 7910 
21618 16781 22378 7912 
21627 16786 22384 7917 
21635 16790 22392 7920 
21640 16793 22399 7923 
21644 16799 22400 7926 
21648 16806 22405 7930 
21655 16810 22410 7932 
21661 16815 22413 7934 
21667 16820 22417 7938 
21671 16823 22422 7942 
21675 16831 22430 7944 
21681 16836 22436 7945 
21687 16839 22443 7948 
21691 16844 22452 7950 
21696 16847 22455 7951 
21706 16852 22459 7954 
21712 16857 22466 7955 
21715 16861 22474 7959 
21723 16863 22478 7962 
21726 16865 22483 7967 
21735 16873 22489 7972 
21741 16879 22491 7973 
21745 16883 22498 7977 
21752 16887 22506 7978 
21754 16891 22512 7980 
21761 16894 22518 7980 
21764 16897 22529 7980 
21768 16906 22536 7982 
21774 16910 22541 7985 
21781 16911 22545 7985 
21784 16916 22552 7989 
21787 16920 22554 7990 
21791 16921 22557 7992 
21796 16928 22562 7993 
21803 16932 22571 7994 
21814 16935 22578 7995 
21821 16939 22586 7996 
21825 16942 22596 7998 
21829 16943 22602 7998 
21836 16947 22609 8000 
21844 16958 22616 8002 
21851 16960 22620 8004 
21857 16965 22627 8007 
21863 16970 22636 8009 
21865 16977 22643 8012 
21871 16979 22649 8014 
21879 16984 22653 8018 
21889 16987 22662 8019 
21894 16994 22671 8020 
21896 16998 22684 8022 
21902 17002 22687 8024 
21911 17005 22695 8025 
21918 17009 22701 8028 
21927 17013 22710 8031 
21931 17020 22717 8033 
21935 17024 22728 8038 
21943 17028 22738 8042 
21948 17032 22742 8044 
21955 17041 22746 8049 
21961 17043 22749 8050 
21966 17049 22759 8054 
21968 17054 22762 8056 
21971 17063 22770 8057 
21977 17066 22783 8060 
21981 17070 22786 8063 
21986 17076 22792 8065 
21997 17081 22799 8068 
22004 17090 22806 8068 
22011 17096 22814 8072 
22017 17098 22817 8074 
22023 17103 22821 8074 
22030 17106 22823 8078 
22033 17109 22830 8081 
22045 17114 22838 8082 
22050 17116 22841 8083 
22059 17121 22844 8086 
22066 17126 22853 8089 
22080 17135 22856 8095 
22083 17140 22862 8099 
22089 17145 22872 8099 
22096 17153 22874 8101 
22103 17155 22877 8102 
22109 17159 22883 8104 
22111 17163 22893 8108 
22115 17170 22901 8110 
22123 17172 22907 8111 
22128 17177 22911 8111 
22140 17178 22917 8113 
22148 17183 22929 8119 
22154 17188 22935 8121 
22163 17190 22946 8125 
22171 17196 22953 8129 
22176 17201 22957 8132 
22183 17209 22960 8137 
22186 17212 22964 8138 
22190 17215 22971 8141 
22198 17219 22981 8145 
22210 17228 22989 8149 
22216 17230 22996 8155 
22221 17240 23004 8156 
22228 17245 23012 8157 
22235 17250 23020 8160 
22239 17256 23025 8164 
22244 17262 23032 8169 
22253 17270 23034 8171 
22263 17274 23041 8172 
22267 17279 23050 8176 
22273 17285 23050 8180 
22278 17291 23059 8182 
22282 17294 23062 8183 
22289 17300 23066 8188 
22295 17307 23071 8190 
22297 17312 23075 8194 
22307 17317 23089 8198 
22314 17324 23091 8201 
22320 17330 23100 8205 
