0 0 0 0 
4 5 5 1 
13 7 11 1 
17 10 15 3 
23 13 23 5 
34 16 28 5 
43 20 32 6 
53 24 40 10 
60 29 43 11 
63 32 47 12 
68 35 51 13 
75 38 57 15 
78 40 63 15 
88 43 68 20 
96 45 72 22 
102 52 78 26 
110 54 84 28 
115 59 88 30 
126 62 94 31 
135 65 97 33 
149 70 107 35 
152 74 108 35 
154 83 113 36 
167 87 118 37 
171 90 122 39 
173 95 128 42 
178 97 135 43 
187 102 141 45 
190 103 146 47 
192 106 149 49 
195 112 152 49 
201 114 160 51 
207 114 165 53 
209 119 168 54 
214 122 171 56 
223 126 177 57 
230 131 184 57 
234 139 190 57 
243 142 191 57 
252 145 195 57 
258 148 204 57 
262 153 209 60 
265 156 217 61 
271 159 220 63 
275 160 226 63 
281 168 229 64 
288 170 233 67 
294 174 243 68 
301 178 247 69 
303 181 250 70 
306 185 255 74 
309 190 259 78 
316 195 261 79 
319 201 265 80 
324 207 268 82 
334 213 273 82 
337 216 277 82 
349 219 280 84 
357 225 285 85 
364 229 289 86 
371 235 295 86 
376 236 303 88 
384 239 306 89 
390 242 309 94 
394 246 313 99 
399 251 318 100 
410 253 323 104 
414 259 326 105 
420 264 330 106 
426 267 332 108 
431 273 337 110 
431 279 339 110 
438 282 344 110 
443 283 350 113 
450 286 358 117 
453 287 365 119 
461 291 369 119 
468 294 374 120 
470 296 381 124 
475 298 388 128 
479 298 392 131 
483 303 399 132 
493 305 407 133 
505 308 410 134 
510 311 415 136 
517 316 420 137 
523 318 425 138 
531 322 429 138 
535 328 438 139 
542 332 442 139 
544 336 449 141 
548 337 455 144 
555 342 461 146 
560 344 463 147 
564 347 466 147 
572 355 473 149 
581 357 478 151 
586 361 485 152 
592 366 488 153 
595 371 490 154 
598 372 495 156 
602 375 501 158 
608 378 507 160 
613 379 515 161 
617 382 520 161 
621 385 525 161 
627 387 527 164 
630 394 530 165 
635 394 539 166 
640 398 546 167 
648 401 548 173 
653 403 553 175 
660 406 556 175 
665 408 565 177 
667 412 569 181 
675 413 575 183 
682 413 582 184 
686 416 586 186 
693 418 590 189 
697 421 592 193 
704 425 602 193 
705 428 609 197 
708 432 616 199 
717 435 618 203 
723 438 624 203 
728 443 629 203 
732 443 634 205 
734 444 642 209 
741 451 646 209 
746 454 653 210 
749 458 656 212 
755 462 659 215 
765 463 663 217 
771 466 667 217 
778 470 676 218 
789 476 681 219 
794 481 687 222 
796 483 689 223 
800 489 693 224 
802 492 696 225 
809 497 700 226 
813 499 709 227 
823 505 717 229 
827 510 724 230 
832 513 729 234 
838 518 737 235 
843 520 745 235 
850 523 750 235 
853 528 755 235 
859 531 760 236 
865 535 767 240 
875 538 773 240 
882 540 775 241 
889 545 780 243 
890 551 782 243 
895 554 787 245 
898 556 794 246 
905 561 800 246 
911 565 800 248 
918 566 806 248 
930 568 809 250 
937 569 816 250 
939 573 818 250 
942 580 821 252 
950 584 826 253 
957 588 833 254 
964 594 842 258 
970 603 847 261 
975 606 852 262 
980 613 857 265 
986 618 861 265 
993 622 870 266 
997 624 873 269 
1003 625 876 271 
1006 627 884 274 
1011 629 889 275 
1015 631 899 278 
1022 636 904 278 
1026 638 912 278 
1029 643 917 282 
1033 644 921 283 
1037 651 927 284 
1040 654 937 286 
1045 658 938 287 
1049 663 944 288 
1056 667 949 290 
1060 672 955 293 
1064 676 963 294 
1069 681 968 294 
1075 684 973 295 
1082 689 979 297 
1090 694 983 299 
1095 700 991 302 
1102 703 998 303 
1109 707 1007 304 
1115 711 1011 306 
1123 716 1014 308 
1129 719 1015 309 
1134 721 1018 310 
1140 723 1023 312 
1144 735 1030 315 
1149 736 1035 316 
1156 739 1037 318 
1162 741 1039 323 
1173 744 1043 325 
1177 747 1043 326 
1183 750 1047 328 
1187 753 1051 330 
1189 757 1061 330 
1198 759 1069 333 
1205 764 1074 336 
1210 769 1077 338 
1214 773 1081 340 
1218 777 1086 341 
1225 778 1090 343 
1228 779 1096 347 
1232 784 1100 349 
1240 789 1104 349 
1245 793 1108 352 
1250 795 1114 355 
1256 798 1121 356 
1267 801 1127 358 
1271 803 1128 360 
1279 806 1132 360 
1284 811 1135 361 
1288 813 1139 362 
1293 820 1144 364 
1303 829 1152 364 
1306 831 1162 367 
1308 835 1167 367 
1314 839 1169 370 
1320 844 1173 371 
1328 847 1177 373 
1335 853 1181 373 
1337 859 1189 374 
1341 861 1196 375 
1343 865 1200 377 
1345 867 1207 379 
1352 871 1208 379 
1355 875 1214 381 
1357 881 1218 384 
1365 885 1222 385 
1373 888 1228 386 
1380 891 1231 388 
1387 893 1239 389 
1393 903 1241 391 
1398 907 1244 393 
1404 909 1249 396 
1408 912 1254 396 
1417 919 1255 397 
1424 924 1257 399 
1430 929 1262 401 
1435 930 1268 401 
1439 932 1271 404 
1447 942 1278 405 
1449 946 1281 406 
1455 949 1286 407 
1460 952 1297 409 
1463 953 1301 412 
1467 961 1306 412 
1471 963 1310 414 
1473 969 1314 415 
1477 974 1322 417 
1484 976 1326 418 
1489 981 1330 419 
1494 988 1335 422 
1498 994 1342 426 
1506 999 1344 428 
1515 1004 1347 428 
1522 1006 1350 430 
1529 1010 1357 430 
1531 1011 1364 430 
1539 1015 1369 432 
1543 1019 1371 435 
1549 1021 1373 437 
1554 1022 1379 440 
1560 1027 1383 445 
1569 1031 1387 446 
1571 1032 1395 446 
1581 1036 1397 447 
1592 1039 1401 448 
1595 1045 1411 449 
1604 1050 1416 449 
1608 1055 1422 452 
1613 1058 1428 454 
1617 1060 1434 455 
1623 1061 1438 457 
1626 1067 1443 457 
1632 1070 1449 461 
1638 1074 1454 463 
1645 1077 1458 463 
1650 1088 1464 463 
1656 1089 1468 465 
1660 1096 1472 466 
1665 1101 1474 466 
1674 1101 1480 467 
1681 1108 1488 468 
1689 1115 1496 470 
1695 1118 1499 471 
1699 1120 1508 474 
1703 1124 1511 478 
1707 1127 1514 479 
1707 1127 1519 480 
1710 1129 1525 481 
1711 1130 1530 485 
1716 1132 1533 489 
1723 1133 1537 491 
1728 1133 1543 492 
1732 1136 1545 492 
1734 1138 1553 493 
1741 1140 1565 496 
1743 1146 1569 497 
1747 1148 1579 498 
1750 1155 1581 500 
1757 1157 1585 501 
1760 1165 1595 504 
1766 1171 1597 504 
1770 1173 1599 505 
1776 1179 1603 508 
1779 1181 1613 511 
1787 1185 1620 512 
1796 1188 1622 515 
1800 1193 1629 519 
1801 1198 1637 525 
1804 1204 1642 526 
1812 1209 1647 528 
1818 1216 1647 531 
1827 1221 1651 534 
1832 1226 1658 538 
1834 1229 1662 540 
1838 1230 1666 543 
1840 1236 1673 546 
1847 1241 1677 548 
1851 1243 1683 551 
1860 1245 1689 551 
1864 1250 1696 553 
1869 1257 1704 555 
1874 1261 1708 559 
1879 1265 1713 562 
1883 1268 1717 564 
1887 1271 1721 564 
1891 1275 1725 567 
1899 1278 1731 569 
1902 1283 1736 571 
1906 1285 1743 571 
1911 1291 1744 573 
1914 1294 1750 576 
1920 1301 1753 579 
1923 1304 1759 580 
1926 1305 1764 583 
1933 1308 1774 585 
1943 1313 1775 586 
1948 1317 1782 586 
1952 1324 1786 586 
1955 1328 1791 589 
1962 1331 1796 591 
1966 1333 1806 592 
1970 1335 1810 595 
1978 1344 1816 595 
1985 1352 1822 596 
1992 1357 1828 597 
1996 1360 1835 601 
1999 1362 1841 604 
2005 1363 1845 605 
2008 1364 1851 605 
2016 1370 1854 605 
2019 1371 1861 606 
2022 1380 1868 608 
2026 1386 1873 609 
2029 1389 1877 610 
2031 1393 1882 611 
2035 1396 1886 613 
2039 1403 1891 614 
2043 1404 1896 617 
2045 1405 1899 619 
2050 1406 1908 620 
2052 1411 1913 620 
2059 1416 1921 624 
2064 1423 1926 625 
2068 1425 1928 626 
2070 1431 1937 629 
2078 1433 1941 632 
2082 1434 1950 633 
2085 1439 1956 635 
2092 1443 1960 635 
2099 1446 1962 636 
2102 1449 1971 637 
2106 1451 1973 639 
2111 1454 1977 643 
2118 1460 1981 643 
2125 1463 1985 648 
2130 1464 1996 648 
2136 1465 2001 649 
2140 1467 2005 651 
2145 1476 2012 653 
2149 1480 2022 655 
2155 1486 2027 657 
2160 1490 2030 660 
2166 1492 2033 660 
2168 1498 2043 665 
2168 1501 2048 666 
2173 1505 2054 667 
2177 1514 2060 670 
2181 1520 2067 671 
2192 1526 2074 672 
2196 1529 2078 672 
2198 1534 2083 673 
2204 1536 2089 676 
2210 1538 2094 677 
2216 1539 2099 677 
2222 1541 2109 679 
2226 1543 2116 683 
2235 1544 2117 684 
2239 1547 2126 685 
2242 1551 2132 688 
2246 1553 2140 689 
2255 1555 2145 692 
2261 1555 2151 694 
2267 1557 2156 698 
2274 1558 2160 700 
2278 1561 2161 702 
2285 1566 2167 703 
2289 1567 2174 704 
2291 1568 2178 705 
2298 1573 2183 706 
2304 1576 2186 707 
2310 1579 2192 709 
2312 1580 2194 710 
2318 1584 2196 712 
2326 1587 2202 713 
2332 1590 2207 715 
2334 1597 2211 715 
2339 1600 2219 718 
2344 1604 2224 719 
2349 1608 2231 722 
2353 1611 2237 725 
2360 1614 2245 727 
2363 1616 2253 729 
2373 1621 2258 731 
2376 1624 2264 732 
2385 1626 2266 735 
2388 1631 2271 737 
2390 1634 2276 738 
2396 1637 2283 740 
2399 1640 2290 741 
2402 1643 2294 745 
2411 1648 2300 749 
2414 1652 2304 750 
2421 1658 2310 753 
2427 1663 2317 757 
2435 1666 2321 758 
2443 1670 2325 758 
2448 1673 2333 761 
2457 1678 2338 765 
2458 1684 2345 766 
2466 1688 2353 767 
2475 1691 2360 773 
2481 1695 2367 777 
2484 1699 2376 780 
2491 1704 2378 780 
2496 1706 2384 782 
2500 1709 2388 787 
2503 1713 2392 787 
2507 1715 2398 788 
2512 1720 2406 789 
2518 1725 2408 789 
2526 1729 2414 789 
2529 1735 2420 790 
2534 1736 2426 792 
2537 1740 2432 794 
2542 1745 2435 797 
2550 1751 2439 799 
2556 1753 2444 801 
2564 1757 2448 801 
2570 1764 2454 803 
2575 1770 2459 804 
2581 1774 2460 809 
2588 1776 2469 813 
2593 1778 2478 813 
2600 1782 2486 815 
2606 1787 2489 818 
2612 1787 2492 818 
2616 1790 2496 819 
2618 1792 2501 821 
2629 1798 2506 824 
2638 1800 2511 827 
2646 1800 2516 828 
2652 1804 2520 829 
2655 1810 2526 829 
2659 1815 2532 830 
2661 1822 2536 831 
2663 1824 2542 833 
2671 1825 2548 836 
2676 1826 2551 839 
2681 1827 2559 840 
2689 1830 2561 842 
2692 1835 2563 842 
2698 1836 2566 843 
2700 1842 2573 844 
2705 1845 2576 846 
2713 1852 2581 851 
2717 1854 2586 856 
2721 1857 2593 858 
2730 1858 2601 861 
2735 1861 2610 862 
2743 1862 2616 865 
2749 1867 2624 867 
2755 1876 2631 867 
2760 1879 2636 868 
2765 1881 2639 873 
2775 1883 2647 875 
2781 1888 2651 876 
2786 1890 2655 878 
2796 1896 2665 882 
2802 1898 2667 883 
2808 1903 2675 883 
2813 1908 2680 886 
2819 1914 2687 887 
2823 1918 2694 890 
2826 1921 2698 893 
2832 1925 2708 894 
2840 1930 2716 895 
2845 1932 2721 899 
2850 1939 2725 899 
2856 1942 2729 901 
2862 1945 2735 901 
2877 1949 2740 901 
2887 1949 2749 904 
2894 1953 2755 905 
2903 1958 2760 907 
2907 1963 2762 910 
2915 1964 2766 912 
2923 1966 2772 916 
2927 1968 2773 916 
2932 1969 2775 918 
2937 1973 2780 918 
2941 1978 2787 918 
2950 1980 2796 918 
2955 1982 2801 918 
2960 1984 2805 920 
2964 1987 2814 921 
2969 1989 2817 925 
2972 1991 2821 926 
2978 1999 2827 928 
2981 2002 2835 930 
2983 2005 2839 930 
2985 2005 2843 930 
2991 2012 2850 932 
3001 2014 2856 935 
3006 2020 2862 936 
3016 2026 2868 937 
3026 2034 2881 940 
3032 2037 2887 946 
3040 2041 2892 947 
3046 2045 2898 950 
3052 2046 2902 950 
3060 2049 2906 952 
3066 2050 2908 953 
3073 2056 2914 954 
3081 2061 2918 958 
3084 2063 2922 959 
3089 2066 2927 962 
3094 2066 2931 963 
3098 2072 2938 963 
3101 2077 2942 965 
3103 2082 2949 969 
3109 2083 2952 969 
3113 2086 2961 972 
3118 2090 2964 975 
3127 2092 2970 975 
3131 2095 2973 975 
3136 2095 2978 975 
3143 2102 2986 975 
3147 2109 2993 977 
3150 2112 2996 980 
3157 2115 3003 981 
3159 2117 3011 981 
3163 2121 3016 983 
3170 2125 3021 984 
3179 2131 3026 986 
3185 2132 3034 989 
3191 2137 3036 990 
3192 2141 3040 991 
3197 2145 3045 992 
3202 2147 3048 994 
3205 2154 3053 994 
3212 2160 3056 997 
3216 2163 3062 998 
3218 2171 3065 1003 
3222 2177 3072 1003 
3231 2181 3073 1004 
3240 2183 3082 1007 
3248 2189 3083 1011 
3252 2193 3090 1014 
3261 2195 3097 1015 
3265 2198 3099 1016 
3270 2201 3104 1021 
3277 2204 3109 1021 
3281 2205 3113 1024 
3283 2206 3122 1025 
3287 2207 3126 1026 
3292 2211 3132 1027 
3297 2213 3140 1027 
3303 2218 3151 1029 
3307 2219 3157 1032 
3310 2222 3162 1033 
3317 2229 3164 1036 
3324 2233 3165 1037 
3332 2237 3172 1039 
3334 2239 3181 1041 
3341 2242 3188 1042 
3347 2244 3195 1044 
3351 2249 3200 1046 
3356 2254 3207 1048 
3365 2261 3214 1050 
3371 2266 3220 1051 
3378 2269 3224 1054 
3378 2273 3230 1057 
3382 2277 3236 1058 
3387 2281 3238 1060 
3393 2287 3243 1062 
3400 2291 3248 1064 
3404 2298 3253 1066 
3407 2300 3255 1073 
3410 2303 3260 1076 
3417 2305 3261 1080 
3421 2311 3266 1082 
3428 2313 3269 1082 
3433 2318 3278 1084 
3439 2326 3283 1085 
3447 2330 3289 1087 
3451 2332 3295 1092 
3459 2333 3300 1092 
3464 2341 3305 1093 
3470 2346 3312 1094 
3477 2352 3319 1096 
3483 2354 3323 1097 
3488 2356 3328 1100 
3492 2361 3330 1101 
3494 2367 3337 1103 
3502 2371 3343 1108 
3507 2374 3346 1109 
3514 2377 3353 1111 
3518 2381 3358 1117 
3520 2386 3360 1119 
3531 2389 3368 1120 
3536 2394 3373 1122 
3542 2401 3376 1123 
3546 2403 3379 1125 
3554 2408 3385 1127 
3559 2410 3390 1129 
3568 2412 3397 1130 
3572 2412 3402 1130 
3576 2414 3407 1132 
3582 2415 3414 1135 
3587 2420 3417 1136 
3593 2423 3420 1137 
3594 2428 3426 1138 
3598 2435 3434 1139 
3604 2443 3442 1140 
3613 2454 3450 1140 
3617 2454 3461 1141 
3621 2457 3466 1143 
3630 2460 3474 1144 
3637 2462 3477 1145 
3643 2464 3481 1146 
3647 2472 3484 1147 
3652 2478 3489 1149 
3659 2482 3492 1150 
3664 2485 3494 1152 
3672 2492 3500 1153 
3679 2494 3502 1156 
3683 2498 3505 1158 
3686 2501 3511 1160 
3690 2503 3516 1160 
3693 2509 3521 1161 
3698 2513 3524 1162 
3701 2521 3526 1164 
3705 2523 3534 1167 
3713 2528 3540 1169 
3716 2536 3544 1171 
3717 2540 3549 1171 
3722 2546 3555 1173 
3726 2551 3563 1175 
3727 2554 3570 1175 
3730 2556 3577 1177 
3735 2561 3584 1179 
3741 2566 3587 1180 
3744 2571 3593 1183 
3750 2578 3602 1186 
3752 2581 3608 1186 
3756 2585 3615 1186 
3756 2592 3619 1190 
3764 2594 3626 1192 
3765 2598 3631 1192 
3772 2601 3638 1193 
3778 2603 3641 1193 
3782 2607 3643 1198 
3788 2608 3645 1200 
3793 2614 3650 1202 
3799 2616 3654 1205 
3803 2621 3660 1207 
3808 2626 3664 1209 
3816 2630 3667 1211 
3822 2632 3671 1214 
3828 2634 3677 1219 
3835 2636 3682 1220 
3838 2638 3686 1223 
3841 2643 3695 1227 
3845 2651 3706 1228 
3850 2655 3709 1229 
3855 2657 3716 1233 
3858 2663 3722 1234 
3865 2665 3724 1235 
3869 2667 3730 1235 
3876 2674 3735 1238 
3879 2682 3738 1241 
3886 2685 3744 1242 
3888 2686 3751 1246 
3893 2691 3757 1247 
3899 2693 3767 1249 
3901 2698 3771 1252 
3905 2700 3778 1252 
3915 2707 3784 1253 
3922 2710 3791 1256 
3929 2712 3795 1256 
3935 2715 3803 1259 
3941 2717 3806 1261 
3951 2722 3809 1262 
3957 2725 3816 1263 
3964 2728 3821 1264 
3970 2731 3823 1265 
3974 2737 3829 1268 
3981 2744 3830 1270 
3984 2751 3835 1271 
3993 2755 3846 1273 
3997 2758 3854 1273 
4006 2762 3858 1273 
4011 2766 3862 1273 
4021 2770 3868 1274 
4024 2775 3871 1278 
4027 2778 3877 1279 
4032 2781 3880 1281 
4034 2782 3885 1283 
4043 2787 3894 1284 
4048 2791 3901 1287 
4053 2798 3907 1287 
4059 2804 3911 1290 
4062 2808 3912 1294 
4066 2815 3917 1296 
4072 2819 3923 1297 
4075 2822 3931 1298 
4082 2827 3936 1302 
4089 2829 3940 1302 
4095 2833 3945 1303 
4099 2835 3948 1305 
4101 2840 3953 1308 
4104 2844 3960 1310 
4108 2848 3964 1311 
4111 2851 3970 1312 
4114 2855 3975 1313 
4121 2855 3980 1314 
4128 2858 3985 1316 
4134 2861 3998 1321 
4139 2864 3998 1323 
4143 2866 4004 1324 
4145 2868 4007 1328 
4148 2872 4018 1330 
4154 2874 4023 1331 
4162 2884 4026 1333 
4170 2886 4033 1333 
4174 2896 4040 1336 
4181 2901 4042 1341 
4188 2907 4048 1344 
4191 2913 4055 1346 
4200 2918 4063 1347 
4206 2922 4068 1351 
4213 2925 4072 1351 
4216 2930 4080 1353 
4223 2935 4087 1354 
4230 2939 4091 1354 
4235 2943 4094 1356 
4242 2946 4101 1357 
4247 2947 4104 1360 
4253 2952 4109 1362 
4258 2960 4116 1366 
4263 2965 4119 1367 
4269 2967 4123 1369 
4272 2971 4126 1371 
4276 2975 4133 1371 
4279 2980 4137 1373 
4290 2986 4142 1376 
4295 2993 4144 1378 
4296 2996 4147 1378 
4299 3005 4153 1379 
4304 3009 4157 1380 
4308 3011 4163 1382 
4311 3013 4166 1383 
4315 3017 4171 1383 
4324 3019 4175 1386 
4331 3025 4179 1387 
4334 3026 4182 1389 
4342 3029 4188 1394 
4345 3032 4191 1396 
4354 3034 4198 1398 
4359 3037 4204 1398 
4364 3039 4209 1401 
4365 3044 4212 1403 
4367 3048 4217 1405 
4370 3052 4219 1407 
4377 3053 4224 1408 
4384 3056 4230 1409 
4386 3059 4238 1409 
4392 3063 4243 1412 
4398 3066 4248 1412 
4404 3071 4252 1412 
4409 3076 4259 1413 
4417 3077 4267 1416 
4421 3079 4272 1417 
4427 3081 4282 1418 
4432 3084 4288 1421 
4436 3087 4291 1425 
4440 3091 4297 1427 
4444 3095 4302 1428 
4452 3096 4307 1429 
4459 3098 4309 1429 
4466 3100 4316 1432 
4472 3106 4321 1433 
4478 3111 4325 1436 
4483 3118 4331 1437 
4487 3122 4334 1438 
4493 3126 4339 1440 
4497 3129 4340 1440 
4503 3135 4344 1442 
4510 3141 4350 1444 
4513 3144 4357 1444 
4518 3149 4359 1446 
4531 3154 4365 1447 
4537 3157 4369 1449 
4545 3160 4374 1454 
4551 3165 4376 1458 
4554 3168 4379 1461 
4557 3171 4387 1464 
4566 3177 4392 1468 
4572 3184 4400 1468 
4578 3189 4404 1469 
4586 3191 4404 1471 
4594 3198 4410 1475 
4601 3202 4416 1478 
4607 3207 4421 1480 
4612 3210 4427 1485 
4615 3218 4434 1490 
4618 3223 4436 1495 
4621 3225 4438 1497 
4628 3230 4443 1498 
4638 3235 4446 1504 
4643 3241 4455 1506 
4644 3243 4458 1506 
4647 3247 4465 1507 
4649 3253 4469 1510 
4656 3257 4473 1512 
4660 3258 4478 1512 
4667 3261 4487 1515 
4668 3265 4493 1519 
4679 3266 4498 1521 
4685 3270 4501 1525 
4690 3272 4506 1526 
4698 3280 4509 1527 
4703 3284 4515 1530 
4708 3288 4517 1532 
4711 3289 4521 1534 
4714 3289 4528 1537 
4717 3292 4535 1538 
4723 3297 4538 1539 
4726 3300 4545 1542 
4730 3308 4552 1542 
4735 3311 4558 1543 
4741 3315 4561 1544 
4741 3318 4564 1547 
4746 3323 4566 1548 
4752 3328 4574 1550 
4756 3330 4580 1550 
4764 3332 4587 1554 
4767 3335 4593 1558 
4773 3341 4601 1559 
4777 3344 4604 1561 
4782 3348 4611 1561 
4786 3355 4621 1562 
4793 3360 4627 1564 
4796 3362 4629 1565 
4803 3365 4633 1567 
4810 3365 4639 1568 
4817 3368 4645 1573 
4824 3373 4648 1573 
4827 3376 4654 1575 
4832 3378 4657 1577 
4840 3382 4663 1579 
4847 3391 4666 1579 
4850 3395 4669 1581 
4855 3400 4677 1583 
4859 3405 4689 1583 
4867 3408 4693 1584 
4870 3413 4699 1585 
4876 3419 4702 1585 
4882 3421 4705 1588 
4886 3425 4707 1593 
4890 3432 4716 1596 
4902 3438 4720 1597 
4902 3441 4733 1599 
4907 3446 4737 1599 
4916 3448 4739 1602 
4919 3452 4743 1604 
4922 3456 4751 1604 
4925 3462 4760 1608 
4927 3466 4765 1608 
4935 3469 4768 1610 
4939 3472 4772 1610 
4945 3476 4775 1611 
4948 3479 4781 1612 
4953 3485 4784 1615 
4963 3493 4789 1617 
4966 3496 4792 1617 
4971 3499 4801 1620 
4980 3503 4805 1621 
4984 3508 4812 1622 
4989 3508 4818 1622 
4996 3512 4826 1624 
5000 3518 4828 1625 
5002 3525 4836 1625 
5006 3530 4839 1627 
5013 3535 4846 1629 
5018 3541 4848 1633 
5021 3546 4853 1634 
5027 3546 4858 1638 
5031 3551 4860 1639 
5034 3556 4866 1639 
5037 3560 4869 1642 
5043 3563 4871 1643 
5046 3566 4874 1646 
5052 3569 4883 1651 
5057 3575 4892 1651 
5067 3580 4897 1652 
5072 3581 4903 1653 
5078 3584 4904 1653 
5082 3588 4910 1654 
5085 3595 4913 1657 
5087 3600 4921 1661 
5092 3602 4927 1662 
5094 3609 4938 1666 
5098 3612 4941 1668 
5102 3617 4943 1668 
5106 3624 4944 1669 
5111 3632 4951 1671 
5118 3637 4954 1672 
5120 3643 4960 1673 
5128 3648 4963 1674 
5129 3654 4968 1676 
5135 3658 4972 1678 
5143 3664 4981 1678 
5147 3667 4985 1681 
5151 3674 4992 1681 
5153 3676 4996 1682 
5155 3681 5004 1684 
5161 3686 5011 1686 
5167 3691 5015 1686 
5171 3693 5020 1689 
5177 3699 5024 1690 
5182 3702 5036 1691 
5187 3704 5043 1697 
5189 3708 5048 1699 
5196 3711 5051 1701 
5205 3715 5057 1702 
5209 3717 5059 1703 
5213 3721 5061 1703 
5220 3725 5070 1704 
5225 3728 5076 1706 
5231 3730 5080 1708 
5237 3734 5084 1710 
5238 3737 5086 1713 
5246 3741 5094 1713 
5253 3745 5098 1715 
5255 3752 5110 1718 
5261 3757 5116 1721 
5262 3761 5119 1722 
5265 3764 5124 1723 
5273 3765 5128 1727 
5278 3769 5134 1728 
5282 3773 5140 1730 
5289 3778 5140 1731 
5293 3781 5146 1731 
5295 3787 5149 1733 
5300 3788 5156 1733 
5306 3791 5163 1733 
5312 3797 5173 1735 
5316 3799 5181 1737 
5320 3806 5183 1738 
5325 3810 5194 1739 
5330 3814 5199 1740 
5337 3814 5207 1741 
5345 3817 5212 1743 
5348 3819 5221 1744 
5356 3825 5226 1746 
5360 3830 5229 1749 
5364 3832 5232 1751 
5369 3836 5238 1756 
5369 3838 5241 1759 
5370 3840 5248 1764 
5378 3842 5255 1766 
5382 3846 5257 1768 
5391 3850 5263 1769 
5397 3853 5267 1769 
5402 3859 5271 1770 
5407 3864 5280 1772 
5413 3866 5286 1775 
5420 3868 5290 1776 
5425 3872 5291 1778 
5427 3876 5298 1778 
5433 3879 5303 1781 
5437 3887 5308 1781 
5444 3894 5315 1783 
5450 3899 5316 1785 
5456 3900 5325 1786 
5461 3907 5332 1788 
5466 3912 5339 1789 
5468 3918 5342 1793 
5471 3921 5349 1794 
5480 3926 5354 1796 
5486 3930 5360 1797 
5492 3932 5364 1799 
5494 3937 5370 1801 
5503 3944 5375 1802 
5509 3947 5378 1803 
5515 3950 5383 1805 
5517 3952 5390 1805 
5523 3958 5393 1809 
5528 3959 5395 1811 
5534 3960 5402 1814 
5541 3964 5408 1817 
5544 3969 5415 1820 
5550 3973 5420 1824 
5553 3976 5425 1825 
5560 3979 5429 1828 
5567 3979 5440 1830 
5571 3982 5449 1832 
5578 3986 5455 1833 
5582 3989 5463 1835 
5588 3995 5470 1838 
5594 4003 5472 1839 
5599 4007 5474 1840 
5604 4012 5482 1841 
5608 4017 5490 1841 
5612 4021 5502 1841 
5619 4023 5509 1841 
5621 4026 5511 1844 
5624 4029 5514 1847 
5632 4029 5519 1848 
5643 4031 5527 1850 
5648 4033 5531 1853 
5651 4036 5533 1856 
5654 4041 5541 1858 
5657 4045 5547 1859 
5664 4050 5555 1864 
5672 4054 5559 1868 
5674 4059 5563 1868 
5679 4064 5566 1868 
5685 4069 5571 1871 
5693 4078 5577 1873 
5704 4087 5582 1874 
5709 4092 5593 1876 
5714 4095 5596 1882 
5717 4096 5599 1884 
5725 4102 5604 1888 
5732 4108 5611 1891 
5739 4114 5613 1893 
5744 4115 5619 1897 
5750 4119 5624 1899 
5757 4122 5628 1901 
5762 4125 5634 1903 
5765 4128 5641 1905 
5769 4131 5653 1906 
5775 4131 5660 1909 
5786 4140 5666 1911 
5792 4145 5668 1915 
5794 4148 5670 1918 
5799 4151 5678 1922 
5804 4157 5686 1925 
5809 4160 5686 1928 
5817 4166 5693 1930 
5826 4168 5698 1933 
5831 4171 5706 1933 
5835 4174 5710 1934 
5841 4177 5712 1935 
5849 4180 5720 1939 
5857 4181 5728 1940 
5860 4184 5736 1942 
5864 4191 5743 1942 
5867 4194 5746 1942 
5869 4195 5753 1945 
5872 4199 5756 1947 
5875 4203 5759 1948 
5880 4205 5765 1950 
5880 4208 5773 1952 
5881 4212 5777 1954 
5884 4217 5778 1955 
5890 4224 5781 1958 
5898 4225 5785 1958 
5903 4228 5789 1960 
5907 4232 5792 1961 
5912 4236 5802 1962 
5914 4239 5807 1962 
5920 4245 5809 1963 
5926 4251 5811 1965 
5930 4252 5820 1969 
5936 4257 5825 1970 
5941 4260 5827 1973 
5946 4266 5832 1975 
5951 4271 5839 1976 
5953 4274 5843 1978 
5963 4280 5848 1980 
5965 4286 5856 1982 
5966 4288 5861 1985 
5968 4291 5866 1987 
5970 4294 5870 1989 
5974 4300 5872 1990 
5980 4306 5873 1993 
5985 4309 5875 1996 
5994 4314 5878 1998 
6001 4317 5883 2002 
6004 4324 5888 2003 
6007 4330 5892 2006 
6011 4332 5898 2006 
6017 4338 5902 2007 
6021 4342 5913 2010 
6027 4346 5922 2013 
6031 4349 5930 2014 
6035 4351 5933 2017 
6041 4356 5940 2022 
6044 4357 5948 2025 
6049 4357 5953 2028 
6052 4359 5959 2031 
6056 4364 5962 2032 
6060 4368 5964 2036 
6066 4374 5969 2039 
6071 4380 5970 2043 
6081 4385 5973 2046 
6084 4390 5979 2046 
6085 4395 5984 2054 
6090 4399 5988 2056 
6096 4400 5994 2059 
6100 4405 5999 2062 
6109 4411 6004 2064 
6112 4417 6011 2066 
6117 4422 6016 2067 
6120 4423 6026 2067 
6129 4428 6033 2070 
6133 4431 6042 2073 
6138 4435 6051 2077 
6139 4442 6056 2082 
6143 4445 6061 2084 
6147 4451 6066 2085 
6152 4457 6076 2085 
6157 4461 6082 2089 
6159 4464 6084 2091 
6164 4466 6090 2091 
6168 4468 6096 2093 
6177 4468 6101 2097 
6180 4474 6109 2097 
6186 4478 6110 2101 
6187 4481 6118 2102 
6193 4487 6124 2102 
6198 4490 6126 2103 
6200 4492 6126 2103 
6210 4494 6132 2105 
6214 4503 6138 2108 
6220 4510 6145 2109 
6224 4511 6153 2114 
6231 4514 6158 2115 
6238 4516 6163 2117 
6244 4518 6171 2118 
6246 4519 6179 2121 
6250 4524 6185 2123 
6258 4528 6191 2125 
6265 4531 6199 2125 
6272 4537 6204 2129 
6273 4539 6209 2130 
6277 4540 6214 2133 
6285 4545 6218 2138 
6293 4548 6226 2139 
6298 4553 6231 2140 
6305 4555 6238 2142 
6308 4560 6246 2146 
6314 4564 6252 2147 
6321 4569 6259 2150 
6326 4573 6264 2151 
6330 4578 6270 2153 
6340 4585 6275 2153 
6344 4594 6277 2154 
6347 4599 6285 2157 
6351 4607 6288 2159 
6355 4610 6294 2162 
6362 4617 6300 2166 
6366 4620 6304 2168 
6370 4622 6309 2173 
6373 4627 6314 2173 
6379 4630 6317 2176 
6384 4638 6322 2180 
6389 4644 6329 2181 
6394 4652 6335 2184 
6401 4659 6336 2186 
6405 4661 6336 2188 
6411 4662 6342 2191 
6415 4665 6351 2192 
6417 4668 6357 2192 
6429 4671 6364 2195 
6434 4677 6369 2196 
6439 4682 6372 2196 
6444 4686 6378 2197 
6450 4689 6391 2199 
6457 4695 6397 2199 
6459 4703 6400 2204 
6462 4705 6403 2206 
6465 4711 6406 2207 
6473 4716 6410 2208 
6478 4717 6414 2208 
6481 4722 6420 2210 
6487 4726 6427 2211 
6492 4732 6434 2213 
6499 4739 6440 2216 
6510 4742 6441 2219 
6517 4748 6446 2220 
6523 4753 6453 2222 
6532 4755 6458 2223 
6538 4757 6460 2225 
6543 4759 6465 2226 
6550 4762 6474 2226 
6554 4767 6482 2229 
6563 4770 6486 2231 
6569 4774 6490 2232 
6574 4774 6497 2234 
6580 4777 6500 2235 
6585 4781 6505 2236 
6588 4786 6510 2238 
6596 4790 6518 2240 
6601 4795 6522 2243 
6607 4798 6528 2243 
6614 4801 6533 2245 
6618 4806 6537 2248 
6624 4810 6544 2250 
6634 4813 6546 2251 
6636 4818 6554 2252 
6639 4823 6561 2253 
6647 4832 6565 2255 
6652 4837 6572 2259 
6656 4840 6577 2259 
6667 4846 6583 2261 
6671 4850 6586 2264 
6673 4851 6594 2265 
6682 4857 6596 2270 
6689 4861 6603 2271 
6692 4864 6608 2272 
6697 4869 6611 2275 
6703 4875 6618 2275 
6706 4879 6626 2279 
6713 4882 6629 2280 
6717 4886 6637 2285 
6724 4887 6643 2286 
6727 4890 6647 2287 
6737 4895 6654 2292 
6741 4897 6655 2294 
6749 4900 6660 2297 
6755 4903 6670 2298 
6760 4907 6674 2298 
6767 4910 6683 2299 
6776 4914 6688 2302 
6786 4916 6692 2304 
6790 4918 6700 2307 
6796 4920 6704 2312 
6803 4924 6709 2315 
6806 4928 6713 2317 
6811 4931 6720 2318 
6816 4931 6720 2318 
6827 4936 6727 2320 
6835 4938 6735 2323 
6837 4945 6740 2325 
6845 4951 6748 2328 
6848 4956 6754 2330 
6858 4958 6762 2334 
6866 4964 6767 2334 
6874 4970 6772 2335 
6877 4971 6774 2336 
6883 4977 6778 2337 
6887 4982 6784 2339 
6893 4989 6785 2341 
6899 4993 6790 2344 
6903 4997 6799 2345 
6909 5003 6811 2345 
6913 5005 6816 2347 
6918 5010 6819 2351 
6923 5011 6824 2352 
6930 5014 6830 2354 
6938 5020 6838 2354 
6941 5023 6841 2357 
6947 5027 6843 2358 
6953 5032 6847 2358 
6961 5035 6851 2360 
6968 5037 6855 2361 
6973 5042 6859 2365 
6980 5044 6867 2365 
6983 5048 6871 2365 
6988 5052 6874 2367 
6995 5056 6880 2368 
7001 5059 6886 2370 
7004 5063 6891 2373 
7007 5066 6894 2373 
7012 5068 6902 2374 
7014 5072 6910 2376 
7019 5077 6916 2377 
7024 5080 6920 2379 
7029 5083 6923 2380 
7043 5088 6925 2382 
7049 5089 6934 2382 
7058 5095 6943 2382 
7062 5107 6948 2385 
7069 5111 6961 2385 
7073 5116 6966 2386 
7076 5120 6968 2386 
7081 5123 6973 2388 
7085 5129 6983 2388 
7085 5130 6991 2390 
7089 5134 6998 2395 
7091 5137 7006 2398 
7091 5139 7012 2400 
7097 5149 7018 2401 
7105 5154 7023 2402 
7110 5159 7026 2403 
7117 5161 7033 2404 
7118 5164 7040 2406 
7121 5170 7046 2408 
7123 5175 7053 2408 
7130 5178 7056 2411 
7136 5180 7061 2413 
7144 5184 7064 2417 
7151 5188 7067 2419 
7155 5193 7072 2419 
7159 5196 7076 2419 
7163 5201 7080 2419 
7166 5204 7084 2420 
7169 5210 7090 2420 
7173 5217 7094 2422 
7177 5217 7100 2424 
7184 5221 7103 2425 
7186 5224 7105 2426 
7189 5229 7108 2427 
7191 5233 7113 2432 
7199 5235 7118 2435 
7202 5238 7122 2436 
7207 5239 7127 2438 
7209 5244 7132 2441 
7212 5249 7137 2441 
7222 5250 7139 2441 
7229 5256 7146 2441 
7238 5261 7152 2443 
7248 5263 7159 2444 
7254 5269 7161 2447 
7262 5274 7166 2449 
7266 5279 7176 2451 
7272 5283 7181 2452 
7276 5288 7190 2454 
7283 5290 7197 2455 
7289 5291 7201 2459 
7296 5293 7209 2460 
7298 5295 7219 2465 
7306 5297 7226 2467 
7308 5300 7227 2467 
7312 5308 7231 2468 
7316 5312 7237 2471 
7321 5315 7242 2475 
7330 5320 7247 2478 
7336 5328 7251 2479 
7344 5334 7255 2484 
7348 5339 7258 2488 
7354 5343 7265 2491 
7357 5347 7270 2492 
7359 5353 7278 2495 
7365 5358 7281 2497 
7370 5362 7286 2499 
7377 5365 7295 2500 
7381 5368 7299 2502 
7391 5373 7305 2502 
7399 5381 7311 2504 
7402 5386 7315 2505 
7409 5390 7322 2505 
7413 5393 7325 2505 
7419 5395 7329 2507 
7423 5402 7334 2508 
7426 5403 7345 2509 
7432 5409 7351 2510 
7434 5414 7356 2510 
7441 5416 7361 2510 
7447 5420 7364 2512 
7449 5424 7369 2513 
7453 5426 7377 2517 
7460 5428 7386 2521 
7469 5431 7389 2522 
7474 5434 7393 2522 
7477 5437 7399 2523 
7479 5439 7404 2529 
7486 5445 7407 2531 
7492 5449 7410 2534 
7498 5450 7421 2537 
7503 5453 7427 2541 
7508 5458 7429 2543 
7512 5463 7436 2545 
7525 5469 7439 2549 
7526 5474 7445 2550 
7530 5476 7450 2550 
7531 5479 7452 2553 
7533 5484 7461 2553 
7537 5490 7469 2557 
7544 5494 7472 2557 
7547 5496 7479 2560 
7556 5499 7487 2562 
7563 5501 7494 2563 
7567 5505 7497 2563 
7572 5506 7501 2563 
7576 5509 7503 2566 
7579 5516 7508 2568 
7586 5520 7515 2569 
7589 5526 7521 2569 
7592 5529 7527 2571 
7598 5535 7534 2573 
7603 5538 7536 2575 
7604 5544 7541 2576 
7614 5547 7550 2580 
7619 5552 7553 2582 
7626 5557 7560 2585 
7634 5566 7562 2587 
7641 5569 7566 2587 
7647 5573 7569 2588 
7654 5575 7575 2589 
7659 5581 7583 2591 
7664 5584 7588 2593 
7667 5587 7592 2596 
7672 5588 7598 2598 
7675 5590 7602 2600 
7681 5596 7605 2600 
7685 5601 7610 2602 
7690 5604 7618 2605 
7693 5605 7620 2608 
7701 5606 7629 2609 
7705 5612 7633 2613 
7713 5619 7636 2614 
7722 5625 7643 2615 
7729 5628 7649 2616 
7734 5633 7657 2618 
7737 5638 7663 2621 
7744 5646 7668 2622 
7746 5651 7674 2624 
7751 5655 7679 2629 
7754 5663 7680 2631 
7761 5666 7686 2632 
7763 5669 7694 2634 
7772 5678 7705 2637 
7777 5688 7712 2640 
7782 5693 7722 2643 
7791 5699 7729 2643 
7799 5706 7734 2646 
7806 5710 7742 2647 
7812 5714 7747 2650 
7817 5718 7751 2652 
7827 5725 7757 2654 
7833 5727 7762 2656 
7840 5728 7765 2656 
7842 5729 7770 2657 
7847 5733 7778 2658 
7851 5738 7779 2658 
7855 5742 7785 2661 
7859 5745 7785 2663 
7865 5749 7791 2665 
7867 5753 7798 2670 
7870 5756 7805 2671 
7875 5760 7808 2674 
7880 5761 7810 2674 
7887 5767 7815 2678 
7892 5767 7817 2679 
7897 5768 7821 2680 
7904 5772 7831 2680 
7909 5774 7834 2680 
7912 5778 7841 2681 
7917 5781 7846 2684 
7923 5785 7848 2687 
7930 5793 7856 2691 
7932 5798 7863 2693 
7937 5803 7867 2699 
7944 5805 7869 2703 
7948 5809 7875 2705 
7953 5816 7880 2706 
7962 5819 7882 2710 
7965 5822 7887 2713 
7973 5827 7893 2713 
7977 5830 7897 2714 
7983 5833 7905 2717 
7988 5836 7912 2717 
7995 5840 7918 2719 
7997 5846 7923 2721 
7999 5849 7935 2722 
8007 5855 7943 2724 
8009 5860 7947 2725 
8016 5863 7958 2726 
8028 5866 7962 2727 
8032 5866 7968 2730 
8034 5870 7975 2732 
8040 5876 7981 2734 
8047 5884 7990 2736 
8048 5886 7997 2739 
8053 5893 8005 2743 
8065 5903 8013 2746 
8069 5907 8018 2748 
8072 5908 8023 2752 
8079 5914 8028 2753 
8085 5916 8031 2755 
8089 5922 8037 2756 
8095 5931 8042 2757 
8100 5933 8048 2762 
8102 5941 8051 2765 
8110 5944 8057 2765 
8115 5949 8062 2767 
8121 5955 8065 2770 
8124 5956 8074 2770 
8135 5961 8077 2773 
8140 5964 8086 2777 
8148 5967 8093 2779 
8154 5971 8099 2783 
8160 5975 8101 2785 
8170 5980 8104 2787 
8171 5982 8111 2790 
8176 5988 8115 2791 
8186 5992 8126 2796 
8193 5996 8133 2796 
8197 5999 8136 2799 
8201 6005 8143 2801 
8205 6010 8146 2803 
8209 6012 8152 2804 
8211 6019 8162 2804 
8213 6021 8171 2806 
8218 6025 8179 2807 
8225 6028 8185 2810 
8231 6029 8190 2812 
8233 6035 8196 2812 
8239 6041 8201 2812 
8241 6043 8212 2814 
8246 6047 8219 2815 
8249 6051 8227 2815 
8253 6055 8230 2815 
8259 6062 8236 2818 
8268 6065 8245 2819 
8272 6065 8250 2820 
8276 6069 8254 2823 
8280 6070 8258 2824 
8283 6073 8267 2827 
8290 6076 8274 2827 
8293 6080 8278 2830 
8298 6083 8284 2831 
8301 6091 8286 2833 
8308 6093 8289 2835 
8311 6099 8295 2838 
8318 6103 8300 2841 
8322 6107 8308 2842 
8326 6111 8314 2845 
8327 6118 8318 2847 
8330 6120 8323 2852 
8337 6128 8329 2855 
8343 6135 8334 2857 
8347 6141 8340 2861 
8352 6144 8349 2861 
8355 6147 8352 2862 
8359 6152 8364 2864 
8361 6154 8371 2867 
8366 6160 8375 2870 
8373 6162 8382 2870 
8379 6163 8391 2872 
8387 6165 8398 2873 
8393 6168 8400 2874 
8399 6179 8403 2875 
8402 6184 8411 2880 
8408 6187 8412 2881 
8416 6194 8415 2881 
8423 6195 8423 2884 
8429 6200 8426 2886 
8433 6202 8432 2890 
8435 6205 8440 2894 
8439 6209 8443 2894 
8448 6216 8451 2898 
8455 6217 8457 2898 
8459 6224 8460 2902 
8462 6224 8469 2905 
8472 6227 8474 2906 
8483 6231 8474 2910 
8491 6236 8480 2914 
8494 6239 8489 2917 
8500 6244 8497 2920 
8504 6247 8506 2923 
8510 6248 8510 2925 
8517 6251 8514 2927 
8519 6263 8521 2927 
8524 6265 8525 2929 
8525 6271 8532 2932 
8536 6279 8538 2933 
8542 6289 8545 2933 
8545 6294 8553 2934 
8551 6298 8559 2939 
8563 6306 8562 2942 
8567 6309 8573 2944 
8572 6312 8580 2944 
8576 6313 8586 2946 
8582 6314 8591 2950 
8585 6320 8597 2951 
8591 6327 8608 2951 
8598 6330 8614 2952 
8611 6333 8617 2953 
8617 6338 8622 2955 
8621 6340 8629 2959 
8629 6343 8634 2960 
8634 6354 8638 2960 
8639 6357 8646 2962 
8645 6361 8653 2965 
8648 6369 8659 2966 
8652 6372 8665 2967 
8656 6378 8667 2972 
8665 6380 8669 2976 
8669 6386 8674 2978 
8673 6390 8679 2978 
8679 6395 8682 2980 
8683 6400 8687 2980 
8690 6402 8691 2982 
8690 6406 8696 2985 
8695 6411 8698 2987 
8699 6416 8701 2988 
8704 6417 8704 2994 
8705 6420 8710 2997 
8710 6421 8713 2999 
8714 6427 8721 3003 
8719 6431 8730 3008 
8721 6432 8735 3012 
8724 6439 8744 3014 
8737 6445 8752 3016 
8744 6446 8756 3020 
8747 6448 8765 3025 
8749 6452 8769 3026 
8759 6452 8777 3028 
8762 6459 8787 3029 
8766 6462 8790 3032 
8770 6463 8793 3035 
8779 6464 8799 3036 
8782 6464 8804 3037 
8783 6466 8809 3040 
8790 6473 8814 3042 
8795 6482 8819 3042 
8802 6485 8820 3046 
8807 6487 8826 3048 
8810 6488 8832 3049 
8817 6492 8837 3049 
8820 6495 8844 3051 
8826 6498 8851 3053 
8830 6502 8855 3054 
8836 6506 8862 3058 
8840 6509 8869 3058 
8844 6514 8874 3060 
8851 6515 8882 3061 
8855 6519 8885 3063 
8862 6520 8891 3066 
8868 6524 8892 3072 
8872 6526 8902 3072 
8875 6530 8909 3072 
8876 6534 8912 3075 
8878 6540 8918 3076 
8886 6545 8925 3078 
8889 6545 8933 3081 
8893 6547 8939 3084 
8897 6551 8946 3085 
8899 6552 8950 3087 
8904 6556 8953 3087 
8907 6561 8955 3088 
8914 6563 8962 3090 
8916 6567 8968 3091 
8924 6573 8974 3097 
8927 6577 8980 3098 
8933 6582 8984 3101 
8937 6585 8989 3104 
8942 6588 8992 3106 
8943 6594 8996 3109 
8951 6599 9005 3109 
8954 6602 9008 3112 
8961 6608 9017 3113 
8968 6609 9026 3113 
8977 6613 9031 3115 
8980 6616 9034 3116 
8986 6620 9037 3116 
8989 6626 9046 3117 
8991 6632 9055 3118 
8997 6635 9064 3120 
9003 6638 9071 3121 
9009 6642 9077 3124 
9017 6645 9085 3124 
9018 6649 9090 3125 
9022 6652 9095 3128 
9028 6654 9097 3129 
9034 6657 9101 3131 
9039 6662 9107 3134 
9044 6664 9113 3134 
9050 6669 9124 3136 
9056 6673 9129 3136 
9057 6678 9136 3136 
9065 6683 9141 3138 
9071 6689 9143 3140 
9074 6692 9147 3142 
9079 6696 9155 3143 
9083 6700 9158 3145 
9087 6703 9167 3147 
9089 6705 9172 3148 
9095 6708 9176 3150 
9099 6714 9184 3153 
9106 6716 9190 3155 
9112 6724 9193 3157 
9120 6729 9197 3158 
9125 6733 9201 3158 
9129 6736 9211 3158 
9133 6740 9214 3160 
9141 6741 9216 3161 
9147 6743 9220 3165 
9150 6748 9224 3166 
9156 6751 9228 3166 
9160 6752 9235 3167 
9168 6759 9239 3169 
9176 6762 9246 3170 
9183 6767 9251 3171 
9190 6769 9254 3173 
9201 6776 9259 3174 
9211 6782 9262 3178 
9214 6787 9265 3180 
9217 6792 9271 3180 
9221 6797 9283 3180 
9224 6800 9289 3184 
9230 6803 9297 3185 
9236 6807 9304 3186 
9247 6813 9308 3187 
9254 6818 9315 3189 
9260 6820 9319 3191 
9261 6821 9326 3192 
9267 6823 9335 3194 
9270 6827 9338 3198 
9275 6829 9343 3199 
9277 6834 9350 3203 
9285 6838 9352 3204 
9289 6840 9356 3209 
9299 6844 9361 3210 
9304 6846 9367 3211 
9310 6852 9372 3213 
9317 6854 9381 3215 
9325 6856 9386 3218 
9329 6864 9393 3218 
9331 6867 9402 3222 
9342 6871 9410 3227 
9346 6873 9415 3229 
9350 6875 9421 3231 
9357 6880 9427 3231 
9360 6883 9428 3233 
9366 6888 9437 3234 
9372 6893 9445 3235 
9377 6897 9450 3239 
9382 6900 9454 3241 
9390 6901 9467 3243 
9396 6902 9476 3244 
9405 6908 9481 3245 
9406 6915 9487 3246 
9410 6920 9494 3251 
9419 6921 9500 3253 
9422 6922 9506 3254 
9427 6929 9513 3257 
9436 6932 9520 3258 
9439 6937 9526 3260 
9446 6939 9535 3262 
9450 6947 9540 3266 
9454 6951 9546 3267 
9456 6954 9549 3268 
9458 6958 9550 3274 
9461 6963 9554 3275 
9466 6966 9559 3278 
9473 6971 9565 3281 
9482 6974 9571 3284 
9489 6977 9574 3285 
9497 6980 9577 3285 
9501 6984 9582 3289 
9506 6987 9587 3290 
9509 6990 9596 3290 
9510 6995 9600 3292 
9516 6998 9610 3294 
9521 7003 9615 3296 
9527 7009 9619 3296 
9529 7016 9624 3298 
9533 7022 9630 3298 
9539 7029 9635 3299 
9544 7034 9639 3302 
9549 7038 9646 3303 
9555 7042 9651 3305 
9561 7045 9661 3305 
9569 7049 9666 3307 
9573 7059 9677 3308 
9579 7063 9679 3308 
9591 7069 9685 3310 
9596 7075 9692 3312 
9599 7080 9696 3313 
9608 7084 9703 3315 
9612 7089 9708 3316 
9618 7094 9713 3317 
9623 7103 9721 3318 
9627 7108 9725 3321 
9635 7113 9728 3322 
9638 7118 9737 3323 
9645 7123 9745 3325 
9651 7124 9752 3328 
9667 7129 9760 3332 
9676 7132 9765 3335 
9681 7138 9772 3337 
9689 7144 9779 3339 
9692 7148 9783 3340 
9695 7149 9789 3340 
9699 7155 9798 3342 
9706 7157 9802 3346 
9708 7159 9809 3346 
9713 7163 9814 3349 
9721 7166 9821 3350 
9726 7170 9825 3352 
9731 7174 9829 3353 
9738 7178 9835 3353 
9744 7180 9839 3355 
9753 7182 9846 3358 
9761 7185 9851 3358 
9767 7193 9854 3360 
9771 7196 9863 3361 
9776 7205 9869 3363 
9782 7208 9873 3366 
9787 7211 9880 3370 
9794 7216 9883 3372 
9801 7224 9890 3375 
9804 7229 9897 3376 
9807 7234 9904 3376 
9811 7244 9908 3378 
9816 7247 9912 3382 
9823 7252 9923 3385 
9825 7256 9933 3388 
9828 7259 9940 3392 
9833 7262 9946 3393 
9837 7265 9951 3395 
9842 7270 9956 3397 
9846 7273 9961 3398 
9850 7276 9966 3403 
9855 7278 9973 3404 
9868 7280 9974 3406 
9871 7283 9980 3407 
9877 7289 9987 3408 
9881 7294 9993 3409 
9884 7299 10003 3411 
9893 7303 10011 3413 
9896 7307 10019 3417 
9901 7311 10024 3421 
9907 7313 10034 3422 
9915 7319 10038 3423 
9920 7325 10043 3425 
9927 7326 10054 3427 
9937 7329 10059 3431 
9945 7335 10065 3434 
9953 7339 10073 3435 
9957 7343 10077 3437 
9961 7351 10080 3437 
9967 7354 10084 3439 
9972 7358 10095 3442 
9975 7365 10096 3445 
9980 7368 10100 3445 
9982 7371 10107 3448 
9990 7377 10109 3452 
9995 7383 10112 3455 
10000 7387 10117 3459 
10006 7390 10125 3460 
10008 7401 10126 3460 
10011 7404 10132 3463 
10018 7405 10141 3466 
10021 7405 10144 3470 
10022 7406 10149 3471 
10035 7409 10154 3471 
10039 7414 10160 3471 
10045 7417 10164 3473 
10051 7420 10166 3476 
10059 7425 10171 3478 
10064 7428 10174 3480 
10067 7434 10184 3481 
10074 7439 10185 3485 
10079 7442 10190 3488 
10085 7447 10199 3491 
10091 7455 10201 3493 
10100 7456 10211 3496 
10105 7460 10216 3501 
10109 7470 10222 3503 
10115 7473 10231 3506 
10118 7475 10240 3506 
10122 7481 10247 3510 
10130 7486 10254 3512 
10134 7491 10259 3512 
10138 7493 10263 3514 
10147 7497 10267 3516 
10151 7500 10281 3519 
10154 7501 10282 3521 
10162 7505 10286 3523 
10166 7507 10289 3524 
10173 7514 10296 3530 
10180 7517 10299 3533 
10185 7519 10304 3534 
10193 7523 10306 3534 
10201 7530 10309 3538 
10208 7533 10312 3540 
10215 7537 10320 3541 
10219 7542 10331 3547 
10225 7546 10343 3548 
10232 7547 10351 3551 
10239 7550 10357 3554 
10244 7551 10360 3556 
10248 7554 10365 3556 
10255 7559 10371 3560 
10262 7566 10377 3561 
10266 7568 10381 3564 
10273 7569 10389 3566 
10279 7572 10390 3570 
10284 7577 10393 3572 
10292 7583 10398 3576 
10299 7588 10400 3578 
10304 7590 10404 3581 
10310 7593 10407 3586 
10318 7594 10413 3588 
10322 7600 10420 3591 
10329 7601 10424 3595 
10338 7603 10434 3597 
10344 7609 10439 3601 
10350 7616 10446 3603 
10356 7621 10453 3606 
10361 7630 10461 3609 
10369 7633 10463 3611 
10373 7636 10466 3614 
10380 7642 10473 3616 
10385 7651 10480 3617 
10390 7656 10490 3617 
10394 7663 10493 3618 
10397 7670 10499 3618 
10403 7678 10503 3620 
10408 7682 10511 3622 
10418 7685 10517 3623 
10424 7690 10520 3627 
10429 7701 10523 3631 
10437 7704 10535 3632 
10444 7711 10545 3633 
10448 7715 10550 3635 
10454 7721 10561 3637 
10459 7725 10567 3639 
10466 7728 10571 3640 
10472 7731 10580 3642 
10477 7736 10586 3645 
10484 7740 10593 3646 
10491 7743 10601 3653 
10496 7745 10606 3654 
10499 7748 10612 3658 
10500 7755 10616 3661 
10506 7758 10622 3662 
10511 7766 10626 3666 
10513 7769 10633 3667 
10520 7773 10642 3668 
10528 7776 10647 3672 
10532 7779 10653 3672 
10536 7782 10660 3676 
10542 7784 10664 3679 
10549 7788 10667 3680 
10555 7792 10672 3682 
10563 7797 10677 3685 
10566 7802 10680 3685 
10573 7807 10688 3685 
10580 7813 10693 3685 
10587 7817 10695 3686 
10591 7823 10706 3687 
10599 7827 10710 3689 
10608 7837 10719 3692 
10611 7841 10725 3692 
10616 7844 10731 3694 
10622 7849 10736 3697 
10627 7854 10744 3697 
10634 7858 10750 3699 
10640 7863 10758 3703 
10646 7869 10762 3706 
10653 7872 10769 3710 
10656 7877 10771 3711 
10663 7883 10776 3714 
10669 7888 10782 3714 
10674 7891 10791 3715 
10678 7895 10800 3718 
10683 7898 10804 3720 
10686 7904 10807 3722 
10688 7906 10817 3724 
10696 7909 10819 3728 
10699 7911 10825 3728 
10707 7915 10829 3729 
10714 7919 10836 3730 
10723 7921 10840 3731 
10730 7924 10847 3736 
10735 7928 10856 3740 
10741 7938 10860 3740 
10745 7939 10870 3741 
10749 7944 10875 3745 
10755 7950 10883 3745 
10761 7952 10892 3748 
10766 7961 10901 3749 
10771 7964 10910 3750 
10778 7970 10917 3751 
10782 7972 10918 3752 
10787 7978 10924 3756 
10793 7983 10935 3757 
10797 7984 10939 3757 
10803 7986 10941 3757 
10810 7990 10949 3758 
10812 7996 10953 3760 
10818 7997 10960 3762 
10825 8005 10972 3764 
10829 8015 10977 3765 
10834 8015 10982 3767 
10840 8017 10985 3769 
10845 8021 10993 3771 
10849 8024 11000 3775 
10858 8028 11008 3779 
10861 8032 11015 3779 
10866 8037 11018 3781 
10874 8040 11026 3782 
10879 8047 11030 3785 
10883 8049 11035 3785 
10888 8052 11041 3787 
10893 8059 11047 3789 
10902 8062 11052 3792 
10906 8065 11057 3794 
10910 8067 11062 3795 
10915 8069 11069 3798 
10921 8071 11079 3802 
10928 8074 11087 3804 
10936 8078 11089 3805 
10943 8082 11091 3807 
10947 8086 11094 3810 
10953 8094 11099 3810 
10957 8102 11105 3811 
10963 8105 11109 3815 
10971 8110 11115 3816 
10975 8113 11123 3818 
10982 8117 11132 3818 
10986 8122 11134 3821 
10993 8127 11145 3823 
10997 8134 11153 3824 
11008 8138 11163 3826 
11013 8141 11166 3829 
11017 8147 11171 3830 
11024 8151 11176 3834 
11029 8156 11185 3836 
11038 8161 11189 3838 
11041 8165 11193 3838 
11046 8169 11200 3840 
11051 8174 11212 3840 
11059 8178 11218 3841 
11061 8182 11221 3841 
11066 8189 11222 3842 
11073 8192 11229 3843 
11082 8194 11231 3845 
11087 8196 11238 3845 
11093 8202 11242 3845 
11094 8206 11246 3848 
11096 8213 11252 3851 
11102 8218 11259 3852 
11108 8219 11267 3856 
11113 8226 11278 3858 
11120 8232 11280 3862 
11126 8238 11287 3864 
11131 8240 11292 3864 
11137 8244 11301 3867 
11146 8245 11309 3867 
11153 8248 11316 3872 
11156 8250 11322 3874 
11160 8254 11328 3875 
11162 8258 11331 3875 
11166 8263 11334 3875 
11169 8269 11339 3880 
11171 8273 11347 3885 
11174 8278 11350 3889 
11181 8279 11355 3893 
11188 8285 11362 3895 
11194 8290 11367 3899 
11200 8296 11370 3902 
11203 8303 11376 3902 
11210 8308 11380 3905 
11212 8312 11385 3910 
11222 8318 11388 3911 
11228 8320 11397 3913 
11233 8323 11400 3914 
11238 8326 11409 3916 
11244 8331 11416 3921 
11251 8336 11418 3922 
11253 8342 11421 3924 
11259 8348 11429 3925 
11266 8352 11437 3927 
11273 8362 11445 3928 
11277 8368 11447 3928 
11281 8372 11455 3931 
11287 8375 11465 3932 
11293 8378 11471 3936 
11301 8383 11480 3936 
11304 8390 11486 3939 
11311 8395 11493 3940 
11316 8399 11499 3940 
11320 8403 11506 3943 
11325 8410 11510 3945 
11330 8414 11522 3948 
11333 8419 11529 3950 
11337 8424 11533 3951 
11342 8425 11541 3953 
11351 8431 11546 3956 
11353 8437 11551 3956 
11361 8442 11559 3958 
11366 8447 11563 3959 
11373 8449 11571 3960 
11376 8456 11576 3961 
11382 8463 11583 3962 
11388 8469 11589 3966 
11395 8473 11590 3968 
11399 8476 11593 3973 
11401 8482 11603 3975 
11405 8487 11605 3975 
11421 8490 11609 3975 
11424 8491 11613 3978 
11428 8496 11620 3983 
11440 8502 11624 3984 
11444 8506 11627 3985 
11448 8513 11640 3987 
11449 8514 11645 3988 
11455 8521 11652 3991 
11460 8525 11658 3993 
11467 8529 11662 3995 
11474 8537 11664 3996 
11483 8541 11670 3999 
11489 8548 11676 4000 
11489 8557 11682 4003 
11494 8563 11688 4005 
11496 8566 11694 4008 
11502 8568 11702 4010 
11509 8568 11707 4012 
11511 8573 11715 4013 
11512 8579 11716 4014 
11517 8584 11721 4017 
11523 8590 11721 4018 
11529 8595 11726 4020 
11532 8600 11739 4023 
11539 8609 11747 4025 
11542 8619 11751 4026 
11548 8625 11752 4026 
11554 8631 11755 4027 
11557 8638 11759 4030 
11559 8644 11764 4032 
11562 8644 11769 4032 
11569 8645 11776 4036 
11578 8652 11780 4040 
11586 8654 11783 4041 
11589 8656 11790 4044 
11596 8660 11798 4045 
11600 8663 11803 4046 
11610 8666 11811 4050 
11618 8673 11815 4051 
11626 8677 11824 4052 
11630 8683 11829 4054 
11641 8685 11835 4055 
11643 8690 11839 4058 
11647 8697 11844 4061 
11653 8703 11851 4064 
11661 8707 11861 4066 
11666 8713 11864 4069 
11671 8719 11872 4073 
11673 8725 11878 4075 
11683 8729 11888 4076 
11684 8735 11895 4076 
11694 8737 11901 4079 
11698 8737 11910 4080 
11701 8742 11913 4082 
11709 8746 11917 4085 
11712 8752 11923 4085 
11717 8757 11928 4087 
11720 8761 11932 4090 
11728 8768 11939 4092 
11738 8773 11942 4096 
11740 8779 11947 4102 
11747 8782 11954 4106 
11752 8786 11956 4107 
11756 8789 11966 4109 
11760 8789 11969 4109 
11766 8795 11975 4111 
11772 8798 11980 4114 
11776 8798 11982 4118 
11778 8800 11988 4121 
11783 8804 11992 4122 
11789 8807 11998 4125 
11793 8811 12003 4131 
11806 8815 12006 4132 
11810 8821 12011 4134 
11814 8824 12016 4137 
11823 8830 12020 4137 
11827 8835 12025 4138 
11831 8844 12032 4139 
11835 8847 12038 4141 
11841 8858 12043 4141 
11846 8862 12051 4142 
11853 8866 12058 4146 
11859 8872 12065 4149 
11863 8878 12071 4150 
11867 8880 12074 4151 
11874 8884 12078 4153 
11879 8890 12086 4155 
11883 8893 12091 4157 
11889 8899 12096 4159 
11896 8903 12098 4161 
11900 8908 12109 4163 
11908 8914 12113 4167 
11912 8918 12116 4167 
11918 8924 12118 4168 
11923 8932 12125 4168 
11928 8939 12128 4174 
11934 8941 12137 4176 
11941 8944 12148 4178 
11954 8950 12156 4179 
11963 8953 12160 4182 
11973 8960 12163 4185 
11975 8968 12166 4186 
11982 8970 12168 4189 
11985 8976 12175 4190 
11990 8980 12182 4193 
11992 8984 12186 4195 
11996 8986 12191 4197 
11998 8987 12196 4202 
12006 8994 12209 4204 
12011 8995 12216 4207 
12018 8998 12223 4209 
12022 9005 12227 4212 
12029 9009 12233 4215 
12037 9015 12236 4215 
12040 9022 12240 4218 
12041 9027 12246 4219 
12044 9033 12255 4221 
12051 9034 12256 4222 
12057 9041 12257 4222 
12061 9048 12264 4223 
12063 9053 12268 4224 
12067 9061 12281 4228 
12072 9064 12286 4229 
12079 9068 12290 4231 
12084 9072 12295 4233 
12088 9079 12306 4237 
12094 9087 12311 4238 
12096 9091 12316 4241 
12103 9098 12324 4243 
12111 9102 12326 4246 
12113 9105 12332 4247 
12123 9108 12340 4247 
12132 9115 12345 4249 
12135 9118 12348 4249 
12139 9122 12355 4253 
12143 9124 12360 4253 
12146 9129 12363 4255 
12153 9130 12373 4257 
12156 9137 12382 4260 
12161 9140 12386 4263 
12167 9146 12390 4265 
12175 9149 12397 4268 
12180 9154 12402 4272 
12185 9157 12411 4275 
12194 9162 12416 4277 
12202 9163 12423 4277 
12207 9167 12426 4278 
12212 9173 12434 4282 
12221 9182 12440 4285 
12227 9188 12443 4286 
12230 9190 12447 4287 
12235 9198 12451 4289 
12241 9207 12455 4290 
12246 9209 12459 4291 
12252 9220 12466 4293 
12257 9221 12470 4293 
12262 9223 12477 4295 
12269 9228 12484 4302 
12275 9235 12488 4306 
12279 9238 12495 4308 
12283 9240 12498 4310 
12288 9243 12501 4311 
12296 9246 12506 4313 
12301 9252 12514 4316 
12310 9252 12525 4323 
12319 9252 12528 4327 
12328 9258 12539 4328 
12336 9266 12546 4330 
12340 9270 12553 4331 
12343 9272 12560 4332 
12349 9275 12563 4335 
12353 9281 12571 4338 
12362 9283 12576 4343 
12368 9286 12581 4344 
12376 9293 12584 4346 
12383 9296 12590 4350 
12386 9300 12596 4353 
12392 9308 12604 4356 
12401 9313 12610 4357 
12405 9315 12616 4359 
12413 9319 12619 4359 
12422 9323 12627 4362 
12428 9325 12632 4364 
12438 9329 12640 4365 
12446 9333 12646 4367 
12454 9337 12652 4370 
12463 9341 12658 4372 
12468 9345 12666 4374 
12469 9351 12669 4378 
12474 9355 12678 4380 
12484 9363 12686 4382 
12486 9366 12690 4384 
12495 9373 12693 4386 
12498 9377 12704 4386 
12505 9380 12711 4389 
12512 9383 12717 4391 
12516 9387 12725 4393 
12523 9389 12730 4395 
12526 9395 12739 4398 
12532 9400 12742 4400 
12538 9404 12748 4402 
12541 9407 12750 4406 
12546 9413 12756 4409 
12551 9421 12765 4412 
12556 9425 12773 4413 
12561 9430 12776 4416 
12566 9432 12781 4418 
12570 9438 12786 4418 
12572 9441 12790 4419 
12578 9443 12794 4421 
12585 9445 12797 4423 
12590 9449 12805 4424 
12594 9456 12811 4426 
12598 9460 12816 4430 
12605 9461 12823 4436 
12611 9463 12828 4439 
12622 9465 12838 4443 
12627 9467 12842 4446 
12631 9469 12853 4451 
12633 9474 12859 4453 
12636 9477 12865 4458 
12640 9482 12870 4462 
12643 9488 12884 4467 
12651 9491 12889 4470 
12658 9495 12895 4472 
12661 9506 12901 4477 
12665 9511 12908 4478 
12672 9518 12920 4481 
12676 9521 12931 4482 
12691 9525 12934 4483 
12699 9528 12941 4488 
12709 9534 12949 4491 
12720 9538 12957 4493 
12724 9542 12964 4495 
12728 9546 12971 4496 
12733 9550 12972 4496 
12743 9552 12977 4498 
12747 9560 12981 4501 
12749 9565 12984 4501 
12754 9569 12990 4504 
12762 9577 12997 4504 
12771 9580 13001 4504 
12779 9582 13006 4507 
12783 9588 13011 4510 
12793 9592 13017 4512 
12800 9596 13024 4512 
12808 9601 13027 4513 
12811 9603 13035 4514 
12818 9608 13039 4515 
12827 9611 13045 4516 
12832 9615 13050 4517 
12841 9622 13061 4517 
12847 9628 13070 4518 
12851 9635 13077 4519 
12859 9640 13088 4520 
12866 9643 13095 4521 
12870 9647 13100 4522 
12877 9651 13104 4526 
12883 9655 13106 4527 
12888 9658 13122 4530 
12895 9664 13126 4532 
12903 9668 13133 4535 
12911 9675 13139 4538 
12915 9680 13142 4540 
12925 9689 13147 4544 
12933 9692 13155 4547 
12938 9697 13158 4551 
12940 9699 13163 4553 
12945 9704 13166 4559 
12955 9707 13175 4562 
12960 9709 13178 4564 
12964 9714 13181 4566 
12973 9720 13183 4568 
12978 9724 13191 4568 
12986 9727 13194 4570 
12990 9733 13199 4572 
12997 9741 13210 4573 
13006 9742 13218 4575 
13009 9745 13224 4576 
13017 9752 13232 4580 
13020 9757 13235 4582 
13025 9760 13238 4590 
13032 9764 13246 4594 
13040 9768 13248 4594 
13043 9773 13251 4594 
13046 9777 13256 4594 
13054 9780 13260 4595 
13062 9782 13265 4597 
13066 9785 13269 4600 
13073 9788 13274 4603 
13079 9794 13283 4604 
13088 9797 13287 4606 
13096 9797 13291 4610 
13102 9803 13298 4611 
13107 9805 13303 4614 
13110 9810 13309 4618 
13117 9813 13310 4619 
13124 9818 13316 4621 
13131 9823 13321 4622 
13136 9826 13329 4625 
13143 9830 13335 4626 
13148 9834 13341 4626 
13152 9838 13347 4630 
13156 9845 13355 4631 
13163 9852 13362 4633 
13167 9857 13371 4635 
13171 9860 13376 4636 
13176 9867 13381 4638 
13181 9868 13383 4639 
13187 9873 13392 4642 
13197 9879 13398 4642 
13207 9888 13406 4644 
13212 9892 13411 4645 
13217 9900 13418 4650 
13221 9901 13426 4651 
13222 9904 13431 4651 
13229 9907 13432 4652 
13237 9910 13437 4654 
13243 9914 13444 4656 
13247 9918 13449 4658 
13252 9921 13452 4661 
13256 9928 13457 4663 
13260 9933 13459 4663 
13267 9939 13465 4664 
13272 9941 13470 4668 
13275 9946 13473 4669 
13284 9950 13480 4669 
13290 9956 13486 4671 
13295 9959 13490 4671 
13302 9963 13494 4671 
13305 9967 13500 4676 
13311 9972 13506 4676 
13316 9975 13512 4676 
13328 9980 13515 4677 
13336 9982 13520 4680 
13340 9986 13526 4682 
13348 9991 13533 4684 
13351 9995 13539 4688 
13355 9996 13544 4689 
13359 10000 13552 4691 
13368 10010 13559 4693 
13372 10017 13565 4695 
13378 10019 13572 4698 
13381 10024 13577 4699 
13386 10028 13580 4699 
13388 10032 13587 4701 
13396 10037 13594 4703 
13399 10043 13598 4707 
13405 10046 13604 4708 
13410 10053 13612 4713 
13413 10057 13617 4715 
13417 10060 13624 4717 
13420 10065 13629 4720 
13428 10066 13630 4720 
13433 10070 13632 4723 
13440 10071 13638 4723 
13447 10073 13645 4725 
13456 10077 13654 4727 
13460 10081 13660 4727 
13463 10086 13665 4728 
13465 10088 13675 4729 
13469 10095 13679 4730 
13473 10101 13689 4730 
13482 10104 13697 4732 
13486 10111 13703 4733 
13491 10117 13708 4735 
13493 10124 13711 4737 
13495 10131 13715 4741 
13502 10134 13719 4742 
13507 10137 13722 4744 
13511 10142 13729 4744 
13518 10146 13733 4748 
13524 10147 13738 4750 
13531 10150 13745 4751 
13541 10158 13752 4752 
13547 10159 13757 4756 
13550 10161 13767 4759 
13553 10164 13770 4761 
13558 10169 13780 4762 
13564 10178 13789 4763 
13568 10182 13797 4765 
13576 10187 13799 4768 
13580 10191 13801 4774 
13585 10198 13805 4777 
13592 10201 13811 4778 
13599 10204 13819 4778 
13602 10208 13823 4780 
13608 10213 13832 4782 
13614 10216 13842 4783 
13621 10221 13847 4785 
13625 10228 13853 4786 
13629 10234 13856 4791 
13632 10238 13864 4794 
13638 10240 13868 4796 
13645 10245 13875 4796 
13650 10252 13884 4797 
13653 10257 13892 4799 
13655 10262 13898 4800 
13659 10267 13902 4800 
13668 10271 13907 4804 
13673 10272 13913 4805 
13681 10275 13916 4806 
13685 10280 13924 4809 
13687 10284 13929 4809 
13691 10286 13938 4813 
13698 10291 13945 4816 
13702 10296 13951 4817 
13708 10300 13959 4817 
13714 10300 13968 4820 
13718 10311 13973 4823 
13720 10317 13976 4823 
13727 10321 13984 4824 
13737 10330 13992 4827 
13740 10334 13999 4828 
13746 10337 14006 4831 
13753 10342 14011 4833 
13758 10345 14020 4836 
13763 10346 14025 4837 
13770 10350 14030 4838 
13777 10357 14038 4841 
13784 10362 14040 4842 
13787 10367 14041 4847 
13789 10372 14045 4848 
13795 10378 14053 4852 
13807 10382 14059 4858 
13810 10383 14067 4859 
13812 10388 14074 4859 
13815 10395 14080 4863 
13821 10400 14083 4863 
13826 10401 14089 4863 
13833 10404 14095 4864 
13842 10412 14100 4866 
13845 10420 14105 4868 
13853 10423 14110 4869 
13864 10425 14116 4869 
13871 10428 14123 4871 
13874 10430 14125 4876 
13880 10437 14132 4877 
13894 10441 14138 4877 
13899 10449 14145 4881 
13908 10449 14152 4883 
13911 10452 14159 4886 
13914 10452 14165 4887 
13917 10455 14173 4887 
13923 10464 14180 4889 
13931 10469 14187 4892 
13933 10471 14200 4892 
13938 10474 14204 4896 
13946 10474 14210 4899 
13953 10474 14216 4900 
13959 10478 14223 4901 
13965 10481 14226 4903 
13969 10483 14230 4907 
13972 10491 14237 4910 
13979 10496 14244 4912 
13986 10502 14250 4913 
13995 10505 14255 4914 
13998 10512 14262 4917 
14005 10516 14267 4919 
14015 10519 14274 4923 
14023 10523 14281 4927 
14027 10529 14291 4929 
14034 10538 14298 4929 
14042 10546 14303 4930 
14044 10552 14311 4932 
14050 10555 14318 4933 
14056 10559 14326 4935 
14064 10567 14335 4941 
14070 10574 14341 4944 
14078 10579 14350 4948 
14087 10583 14353 4951 
14091 10587 14355 4954 
14094 10589 14359 4956 
14101 10592 14364 4958 
14111 10599 14368 4961 
14119 10603 14373 4964 
14125 10611 14379 4965 
14129 10613 14384 4968 
14136 10622 14392 4971 
14144 10626 14402 4974 
14149 10627 14409 4975 
14152 10629 14412 4977 
14157 10632 14416 4978 
14167 10636 14422 4980 
14168 10640 14427 4981 
14172 10643 14432 4984 
14180 10646 14437 4984 
14182 10647 14442 4985 
14187 10651 14449 4986 
14196 10652 14454 4990 
14199 10656 14459 4993 
14206 10659 14467 4995 
14212 10662 14475 4998 
14218 10666 14481 5003 
14225 10672 14490 5007 
14231 10675 14493 5012 
14238 10681 14500 5015 
14241 10688 14502 5015 
14244 10691 14511 5015 
14247 10697 14516 5015 
14253 10704 14526 5018 
14255 10705 14535 5018 
14257 10711 14543 5023 
14262 10718 14550 5025 
14269 10721 14556 5026 
14275 10724 14563 5029 
14280 10729 14567 5031 
14297 10734 14575 5033 
14302 10739 14580 5034 
14308 10740 14585 5036 
14313 10747 14589 5036 
14319 10750 14594 5037 
14325 10758 14603 5038 
14329 10761 14610 5040 
14333 10766 14616 5042 
14337 10771 14623 5042 
14345 10776 14630 5043 
14352 10779 14634 5045 
14356 10783 14639 5048 
14360 10789 14642 5051 
14366 10792 14651 5052 
14373 10796 14657 5053 
14379 10800 14660 5059 
14385 10802 14665 5062 
14392 10806 14669 5065 
14398 10810 14679 5070 
14398 10811 14686 5070 
14405 10814 14693 5072 
14413 10821 14703 5076 
14415 10826 14706 5078 
14418 10831 14712 5083 
14421 10832 14717 5088 
14426 10839 14723 5089 
14433 10841 14732 5092 
14439 10847 14739 5092 
14446 10850 14747 5093 
14454 10852 14755 5095 
14461 10856 14762 5098 
14463 10859 14770 5099 
14470 10862 14774 5101 
14477 10869 14780 5104 
14487 10873 14787 5106 
14491 10878 14796 5111 
14496 10880 14801 5115 
14501 10887 14805 5119 
14506 10891 14805 5123 
14512 10899 14811 5124 
14519 10901 14814 5127 
14527 10905 14822 5129 
14533 10908 14828 5131 
14538 10909 14834 5138 
14545 10912 14839 5142 
14550 10918 14848 5145 
14558 10920 14853 5146 
14561 10922 14858 5146 
14566 10928 14867 5149 
14573 10932 14874 5150 
14577 10939 14882 5150 
14583 10943 14891 5152 
14591 10944 14904 5153 
14598 10947 14910 5154 
14601 10949 14914 5157 
14608 10954 14918 5160 
14614 10956 14925 5161 
14621 10961 14936 5165 
14627 10965 14944 5166 
14632 10970 14952 5167 
14637 10975 14958 5168 
14644 10981 14962 5169 
14650 10985 14967 5171 
14661 10991 14976 5173 
14665 10997 14981 5175 
14669 11002 14990 5177 
14675 11006 14998 5178 
14682 11014 15001 5181 
14691 11017 15006 5181 
14694 11021 15011 5181 
14697 11022 15014 5184 
14702 11025 15020 5185 
14720 11027 15025 5188 
14725 11030 15033 5188 
14726 11035 15038 5188 
14732 11038 15046 5189 
14735 11046 15055 5193 
14743 11051 15060 5195 
14747 11052 15072 5201 
14753 11058 15076 5202 
14755 11064 15086 5205 
14763 11068 15092 5205 
14770 11075 15096 5206 
14777 11084 15099 5210 
14782 11086 15106 5211 
14786 11091 15116 5213 
14793 11097 15126 5213 
14802 11099 15132 5215 
14805 11103 15135 5218 
14809 11108 15142 5220 
14813 11111 15148 5222 
14820 11115 15156 5224 
14823 11119 15165 5226 
14828 11127 15169 5227 
14837 11129 15174 5228 
14843 11135 15185 5230 
14847 11141 15188 5232 
14852 11145 15192 5233 
14859 11151 15198 5234 
14867 11158 15203 5234 
14872 11164 15210 5237 
14877 11167 15216 5237 
14883 11171 15222 5238 
14890 11172 15231 5241 
14893 11176 15235 5241 
14900 11178 15240 5246 
14905 11181 15247 5249 
14912 11184 15253 5250 
14921 11188 15259 5254 
14928 11193 15267 5256 
14935 11195 15276 5260 
14940 11200 15280 5261 
14946 11203 15284 5261 
14948 11207 15289 5267 
14955 11210 15292 5272 
14956 11213 15302 5273 
14963 11222 15306 5277 
14967 11224 15313 5280 
14974 11226 15317 5281 
14977 11229 15330 5283 
14981 11235 15335 5286 
14991 11237 15338 5288 
14996 11239 15344 5291 
15003 11243 15350 5293 
15009 11244 15357 5293 
15017 11251 15362 5298 
15026 11257 15367 5304 
15029 11261 15374 5306 
15036 11268 15384 5307 
15043 11278 15392 5308 
15044 11283 15392 5310 
15051 11288 15403 5315 
15057 11296 15411 5316 
15065 11302 15414 5319 
15073 11309 15420 5322 
15085 11315 15431 5324 
15092 11321 15436 5325 
15101 11328 15443 5325 
15102 11332 15450 5327 
15112 11342 15454 5330 
15120 11347 15461 5330 
15128 11351 15467 5331 
15130 11351 15476 5333 
15133 11355 15491 5336 
15144 11360 15493 5337 
15149 11369 15497 5340 
15153 11375 15503 5343 
15159 11383 15507 5345 
15165 11388 15514 5346 
15175 11389 15524 5346 
15181 11392 15531 5347 
15189 11396 15538 5348 
15194 11401 15546 5354 
15203 11410 15558 5358 
15207 11413 15563 5358 
15212 11417 15567 5362 
15214 11419 15573 5364 
15221 11422 15577 5370 
15230 11426 15585 5371 
15230 11434 15591 5376 
15232 11436 15602 5377 
15237 11442 15608 5379 
15241 11444 15614 5381 
15246 11450 15618 5381 
15252 11455 15620 5381 
15256 11460 15626 5383 
15260 11462 15636 5384 
15263 11468 15639 5386 
15268 11472 15644 5390 
15274 11474 15649 5392 
15279 11479 15654 5395 
15282 11480 15656 5396 
15288 11484 15662 5399 
15292 11491 15667 5400 
15296 11493 15673 5400 
15299 11497 15679 5400 
15304 11503 15684 5404 
15310 11510 15695 5404 
15316 11513 15703 5406 
15323 11518 15708 5412 
15332 11528 15718 5413 
15341 11534 15724 5417 
15347 11536 15731 5418 
15356 11540 15733 5421 
15363 11544 15741 5424 
15370 11549 15745 5426 
15373 11554 15749 5426 
15381 11558 15756 5428 
15387 11563 15763 5428 
15391 11565 15769 5429 
15398 11568 15773 5432 
15401 11573 15779 5434 
15406 11580 15787 5435 
15407 11581 15795 5438 
15408 11584 15802 5439 
15416 11586 15806 5439 
15424 11590 15807 5443 
15432 11592 15809 5445 
15437 11599 15815 5447 
15440 11603 15823 5448 
15445 11606 15828 5448 
15448 11611 15837 5452 
15453 11618 15841 5452 
15462 11620 15847 5453 
15469 11626 15856 5455 
15475 11631 15858 5455 
15483 11636 15863 5457 
15489 11642 15868 5458 
15492 11651 15874 5458 
15505 11656 15882 5460 
15509 11661 15885 5461 
15514 11666 15888 5465 
15518 11671 15894 5467 
15524 11679 15899 5472 
15529 11683 15903 5475 
15535 11687 15906 5476 
15537 11690 15915 5479 
15544 11692 15918 5480 
15547 11700 15923 5482 
15556 11705 15929 5485 
15560 11710 15936 5487 
15564 11717 15946 5487 
15568 11720 15953 5488 
15574 11723 15959 5491 
15578 11725 15968 5491 
15587 11727 15972 5493 
15593 11731 15979 5495 
15601 11735 15983 5498 
15608 11737 15991 5499 
15614 11740 15998 5501 
15620 11745 16001 5503 
15625 11746 16010 5504 
15630 11751 16019 5508 
15634 11754 16027 5508 
15636 11758 16031 5509 
15641 11763 16038 5511 
15651 11768 16046 5512 
15653 11775 16054 5514 
15660 11778 16061 5514 
15666 11783 16066 5515 
15674 11788 16072 5516 
15680 11790 16077 5517 
15688 11799 16081 5517 
15700 11805 16087 5520 
15703 11808 16093 5521 
15706 11810 16097 5523 
15714 11814 16107 5524 
15719 11817 16120 5524 
15723 11822 16125 5525 
15726 11828 16133 5530 
15734 11837 16140 5530 
15738 11844 16145 5532 
15746 11848 16150 5532 
15751 11851 16153 5532 
15757 11852 16164 5534 
15764 11856 16174 5537 
15767 11859 16180 5538 
15769 11866 16188 5541 
15776 11868 16194 5543 
15782 11875 16197 5546 
15788 11880 16206 5548 
15795 11886 16212 5548 
15804 11889 16221 5549 
15810 11891 16223 5553 
15813 11895 16226 5556 
15818 11901 16236 5558 
15823 11909 16240 5560 
15827 11914 16244 5560 
15834 11919 16248 5563 
15837 11926 16257 5565 
15844 11933 16267 5569 
15848 11938 16268 5569 
15851 11945 16277 5575 
15853 11948 16282 5575 
15860 11954 16290 5579 
15863 11961 16296 5579 
15866 11964 16302 5581 
15873 11966 16307 5587 
15878 11967 16311 5588 
15885 11971 16319 5592 
15894 11975 16323 5595 
15900 11978 16332 5598 
15907 11988 16338 5600 
15912 11994 16349 5602 
15917 12002 16354 5602 
15924 12009 16358 5603 
15927 12017 16367 5608 
15933 12022 16371 5609 
15942 12029 16377 5610 
15943 12032 16382 5614 
15949 12037 16388 5616 
15956 12045 16395 5618 
15965 12048 16398 5622 
15975 12052 16406 5623 
15978 12057 16409 5626 
15986 12062 16414 5627 
15998 12065 16419 5629 
16007 12069 16428 5633 
16012 12074 16437 5635 
16019 12078 16440 5638 
16022 12083 16448 5639 
16029 12088 16452 5643 
16032 12091 16457 5645 
16038 12094 16464 5649 
16045 12098 16473 5650 
16048 12107 16478 5651 
16055 12111 16486 5656 
16067 12114 16494 5658 
16074 12120 16501 5660 
16080 12123 16508 5662 
16085 12126 16514 5664 
16089 12135 16521 5665 
16093 12138 16526 5665 
16099 12141 16533 5665 
16104 12146 16535 5667 
16108 12149 16546 5668 
16113 12149 16550 5669 
16118 12155 16557 5669 
16123 12158 16566 5672 
16130 12166 16571 5673 
16135 12175 16575 5676 
16143 12184 16581 5677 
16153 12188 16591 5681 
16160 12190 16595 5681 
16164 12192 16598 5684 
16172 12200 16607 5685 
16179 12204 16612 5686 
16189 12207 16618 5689 
16196 12216 16622 5691 
16205 12220 16628 5693 
16208 12223 16635 5694 
16213 12228 16639 5694 
16218 12232 16644 5697 
16225 12235 16651 5699 
16228 12238 16657 5701 
16236 12241 16663 5704 
16248 12245 16666 5708 
16254 12250 16668 5710 
16262 12254 16676 5714 
16266 12256 16681 5717 
16268 12263 16690 5717 
16277 12269 16696 5718 
16280 12275 16702 5720 
16292 12277 16710 5721 
16299 12281 16719 5725 
16302 12285 16725 5726 
16309 12290 16727 5729 
16315 12298 16731 5730 
16318 12299 16739 5733 
16322 12300 16746 5736 
16330 12306 16749 5739 
16339 12311 16755 5740 
16344 12317 16761 5742 
16349 12318 16767 5742 
16355 12320 16775 5744 
16361 12329 16788 5745 
16368 12330 16793 5752 
16374 12338 16804 5753 
16377 12340 16810 5756 
16383 12344 16814 5759 
16386 12352 16817 5763 
16389 12355 16827 5766 
16393 12359 16832 5768 
16398 12360 16839 5773 
16404 12362 16847 5775 
16410 12368 16855 5778 
16415 12376 16863 5779 
16424 12381 16877 5782 
16427 12383 16883 5784 
16429 12393 16890 5785 
16439 12398 16895 5787 
16444 12400 16900 5788 
16451 12408 16905 5791 
16454 12413 16908 5793 
16462 12418 16917 5796 
16471 12424 16926 5797 
16479 12425 16931 5798 
16485 12432 16935 5799 
16488 12436 16943 5801 
16495 12440 16947 5802 
16502 12448 16952 5802 
16505 12452 16960 5805 
16509 12456 16965 5810 
16515 12460 16968 5811 
16519 12464 16974 5812 
16523 12472 16977 5814 
16532 12475 16983 5818 
16535 12484 16988 5821 
16537 12489 16989 5821 
16541 12490 16991 5823 
16546 12496 17000 5823 
16552 12502 17006 5824 
16558 12505 17010 5825 
16563 12508 17018 5828 
16571 12512 17025 5828 
16576 12517 17035 5830 
16587 12522 17041 5831 
16596 12523 17045 5833 
16601 12527 17054 5834 
16605 12529 17060 5836 
16610 12534 17068 5839 
16616 12538 17073 5842 
16621 12543 17083 5844 
16625 12545 17085 5844 
16638 12553 17095 5844 
16642 12557 17101 5845 
16648 12567 17108 5848 
16654 12574 17111 5849 
16661 12577 17115 5851 
16664 12585 17126 5852 
16672 12591 17132 5853 
16679 12596 17138 5855 
16685 12603 17145 5858 
16690 12605 17151 5859 
16697 12612 17153 5862 
16704 12620 17156 5864 
16711 12624 17161 5866 
16717 12630 17162 5868 
16719 12633 17170 5871 
16724 12637 17177 5871 
16727 12642 17182 5872 
16734 12646 17191 5874 
16736 12652 17198 5875 
16738 12658 17208 5876 
16744 12663 17221 5880 
16750 12666 17224 5880 
16757 12672 17230 5882 
16765 12676 17236 5883 
16770 12681 17245 5884 
16772 12687 17254 5884 
16772 12691 17258 5886 
16777 12699 17265 5887 
16788 12703 17268 5887 
16798 12711 17278 5890 
16800 12717 17284 5896 
16807 12724 17289 5897 
16813 12731 17296 5898 
16820 12736 17303 5899 
16828 12742 17310 5899 
16834 12747 17318 5901 
16839 12750 17322 5902 
16844 12752 17326 5902 
16847 12758 17335 5905 
16853 12764 17340 5907 
16864 12771 17347 5911 
16869 12777 17352 5915 
16874 12783 17359 5917 
16878 12786 17364 5918 
16883 12790 17368 5921 
16894 12796 17371 5922 
16898 12802 17375 5922 
16904 12811 17383 5924 
16908 12817 17389 5927 
16912 12821 17393 5932 
16919 12821 17397 5932 
16928 12825 17401 5932 
16936 12827 17406 5934 
16944 12831 17408 5937 
16946 12835 17412 5939 
16952 12837 17415 5941 
16966 12841 17422 5943 
16971 12844 17426 5945 
16980 12849 17435 5946 
16988 12856 17440 5946 
16995 12863 17450 5948 
16998 12864 17460 5951 
17001 12867 17463 5951 
17004 12872 17468 5952 
17010 12882 17475 5954 
17014 12888 17479 5955 
17018 12892 17492 5957 
17024 12893 17501 5960 
17030 12897 17507 5962 
17034 12901 17516 5964 
17040 12905 17523 5964 
17045 12906 17528 5967 
17047 12911 17532 5967 
17055 12918 17536 5968 
17059 12923 17542 5968 
17064 12924 17550 5969 
17073 12928 17556 5974 
17083 12935 17560 5977 
17089 12937 17568 5979 
17094 12944 17572 5980 
17105 12951 17578 5981 
17110 12955 17585 5984 
17118 12959 17589 5988 
17125 12962 17594 5989 
17132 12967 17602 5992 
17137 12969 17612 5996 
17141 12975 17618 5997 
17144 12982 17622 5998 
17154 12984 17631 5998 
17160 12989 17635 5999 
17167 12994 17644 6001 
17170 12997 17651 6002 
17178 13002 17654 6003 
17190 13009 17658 6009 
17195 13016 17663 6014 
17201 13020 17673 6017 
17206 13022 17677 6022 
17210 13027 17685 6022 
17224 13034 17692 6024 
17229 13039 17702 6025 
17237 13044 17709 6026 
17247 13049 17716 6027 
17254 13052 17723 6030 
17265 13055 17726 6032 
17274 13062 17731 6034 
17278 13067 17737 6038 
17281 13070 17749 6040 
17287 13072 17750 6040 
17293 13077 17759 6042 
17300 13081 17768 6043 
17303 13088 17771 6044 
17308 13091 17773 6044 
17314 13094 17775 6049 
17321 13099 17780 6049 
17328 13100 17786 6050 
17336 13105 17796 6051 
17342 13108 17804 6055 
17347 13111 17809 6059 
17355 13113 17820 6063 
17359 13115 17823 6063 
17366 13119 17826 6066 
17372 13124 17831 6068 
17377 13134 17834 6068 
17384 13138 17836 6070 
17384 13141 17846 6071 
17389 13151 17853 6073 
17392 13158 17859 6075 
17394 13162 17868 6080 
17397 13170 17873 6084 
17404 13176 17876 6095 
17410 13180 17879 6099 
17418 13184 17890 6099 
17421 13187 17901 6101 
17425 13193 17904 6104 
17432 13197 17914 6105 
17441 13203 17922 6108 
17444 13206 17927 6112 
17450 13213 17934 6117 
17453 13217 17941 6120 
17459 13226 17950 6124 
17463 13231 17959 6126 
17464 13233 17964 6129 
17468 13238 17970 6131 
17472 13240 17977 6133 
17478 13241 17986 6137 
17478 13247 17990 6139 
17486 13251 17998 6140 
17491 13256 18005 6141 
17500 13259 18012 6144 
17505 13262 18019 6148 
17508 13268 18023 6149 
17512 13274 18034 6152 
17516 13277 18039 6153 
17520 13283 18047 6157 
17525 13286 18051 6159 
17530 13289 18061 6160 
17536 13294 18065 6163 
17539 13298 18069 6166 
17545 13301 18072 6166 
17549 13305 18079 6167 
17557 13306 18086 6168 
17564 13310 18094 6171 
17569 13316 18100 6172 
17573 13322 18108 6174 
17579 13328 18117 6175 
17582 13333 18120 6178 
17592 13338 18128 6182 
17597 13339 18139 6185 
17603 13340 18145 6187 
17611 13346 18150 6191 
17614 13349 18159 6195 
17619 13357 18162 6198 
17626 13361 18166 6199 
17633 13366 18169 6202 
17638 13372 18171 6205 
17643 13380 18178 6206 
17647 13385 18181 6206 
17657 13392 18186 6209 
17660 13396 18192 6213 
17665 13399 18199 6214 
17671 13405 18207 6217 
17677 13409 18210 6217 
17683 13410 18214 6218 
17685 13417 18222 6219 
17687 13422 18232 6220 
17693 13430 18236 6221 
17700 13437 18242 6223 
17705 13444 18246 6227 
17711 13448 18249 6230 
17716 13450 18256 6231 
17724 13455 18260 6233 
17730 13462 18264 6234 
17734 13467 18269 6238 
17740 13472 18272 6240 
17747 13474 18276 6242 
17751 13483 18284 6244 
17758 13489 18288 6245 
17763 13492 18292 6246 
17770 13495 18300 6249 
17772 13503 18310 6253 
17781 13511 18322 6255 
17789 13518 18327 6259 
17797 13523 18332 6262 
17799 13525 18333 6262 
17805 13530 18344 6264 
17808 13537 18349 6266 
17815 13545 18357 6269 
17823 13547 18364 6271 
17829 13551 18369 6272 
17833 13557 18375 6273 
17835 13563 18381 6274 
17839 13576 18385 6277 
17847 13578 18389 6279 
17854 13583 18395 6283 
17861 13593 18397 6284 
17864 13601 18407 6285 
17868 13606 18418 6286 
17876 13608 18423 6288 
17884 13618 18426 6293 
17887 13624 18431 6294 
17895 13629 18441 6296 
17901 13633 18444 6297 
17905 13633 18452 6299 
17909 13640 18459 6303 
17912 13641 18466 6304 
17917 13647 18472 6308 
17921 13649 18473 6311 
17924 13657 18477 6314 
17934 13663 18485 6317 
17940 13668 18491 6319 
17947 13671 18497 6320 
17954 13678 18505 6326 
17959 13685 18510 6326 
17962 13691 18518 6328 
17970 13695 18526 6330 
17977 13699 18535 6330 
17983 13701 18540 6332 
17988 13707 18541 6335 
17997 13713 18545 6339 
18005 13718 18552 6340 
18013 13722 18563 6345 
18017 13727 18569 6347 
18025 13731 18574 6347 
18029 13733 18580 6348 
18032 13741 18588 6352 
18040 13747 18593 6354 
18044 13751 18599 6357 
18049 13757 18607 6359 
18056 13759 18611 6363 
18061 13762 18616 6364 
18070 13765 18623 6369 
18076 13768 18629 6373 
18079 13773 18641 6375 
18085 13778 18645 6379 
18091 13782 18654 6383 
18098 13787 18661 6385 
18105 13793 18667 6387 
18109 13793 18672 6387 
18112 13796 18679 6389 
18120 13798 18685 6390 
18123 13799 18691 6394 
18128 13802 18699 6396 
18135 13805 18705 6397 
18144 13806 18710 6401 
18146 13813 18716 6402 
18149 13820 18724 6403 
18155 13822 18727 6405 
18160 13825 18732 6407 
18170 13828 18740 6409 
18177 13834 18745 6410 
18181 13839 18747 6411 
18191 13844 18750 6412 
18196 13853 18755 6414 
18204 13857 18765 6419 
18209 13860 18772 6420 
18217 13864 18775 6423 
18221 13869 18783 6428 
18229 13872 18787 6429 
18231 13880 18795 6431 
18236 13888 18800 6432 
18240 13889 18807 6434 
18247 13893 18815 6434 
18251 13897 18818 6436 
18258 13909 18824 6439 
18263 13911 18826 6445 
18274 13911 18831 6446 
18280 13914 18835 6449 
18283 13921 18842 6450 
18291 13926 18850 6457 
18293 13929 18855 6460 
18304 13936 18856 6461 
18308 13940 18864 6463 
18312 13945 18869 6464 
18318 13948 18877 6466 
18326 13949 18887 6468 
18333 13953 18893 6474 
18337 13955 18898 6480 
18343 13957 18906 6485 
18351 13959 18910 6486 
18359 13962 18915 6491 
18374 13966 18923 6492 
18381 13968 18930 6494 
18382 13972 18938 6497 
18389 13974 18945 6500 
18396 13974 18949 6502 
18403 13976 18955 6505 
18415 13979 18967 6509 
18427 13985 18970 6509 
18434 13993 18974 6512 
18440 13997 18977 6515 
18447 14006 18990 6516 
18456 14019 18999 6517 
18460 14025 19002 6520 
18466 14030 19006 6522 
18471 14035 19012 6525 
18476 14042 19021 6527 
18483 14050 19030 6529 
18487 14052 19037 6531 
18496 14056 19045 6537 
18503 14064 19051 6539 
18510 14067 19055 6540 
18515 14072 19062 6542 
18522 14079 19068 6543 
18526 14079 19078 6545 
18532 14083 19084 6546 
18537 14088 19086 6546 
18544 14092 19094 6549 
18549 14095 19098 6553 
18553 14100 19103 6557 
18557 14101 19107 6560 
18561 14106 19115 6560 
18567 14112 19124 6565 
18572 14115 19128 6565 
18577 14117 19137 6570 
18579 14120 19141 6570 
18587 14126 19150 6571 
18592 14132 19154 6575 
18602 14139 19161 6577 
18610 14141 19172 6578 
18613 14144 19177 6581 
18619 14146 19183 6583 
18625 14151 19188 6583 
18632 14153 19189 6586 
18643 14159 19193 6590 
18651 14169 19201 6591 
18659 14175 19206 6591 
18664 14180 19216 6593 
18670 14186 19224 6594 
18679 14193 19231 6595 
18681 14198 19240 6595 
18692 14203 19247 6601 
18701 14211 19254 6603 
18708 14217 19259 6604 
18713 14224 19268 6608 
18716 14225 19274 6612 
18725 14227 19281 6618 
18728 14233 19286 6620 
18736 14236 19292 6624 
18743 14243 19296 6625 
18748 14249 19301 6631 
18756 14253 19304 6635 
18772 14262 19314 6637 
18777 14265 19322 6641 
18785 14269 19326 6646 
18792 14275 19330 6651 
18798 14280 19337 6651 
18807 14283 19343 6653 
18811 14288 19348 6655 
18823 14289 19356 6658 
18831 14292 19361 6660 
18836 14297 19371 6664 
18842 14303 19378 6666 
18846 14305 19387 6668 
18852 14307 19392 6670 
18859 14315 19397 6671 
18864 14321 19401 6672 
18871 14325 19408 6673 
18876 14328 19412 6673 
18882 14335 19418 6675 
18891 14340 19422 6680 
18895 14347 19425 6681 
18900 14353 19432 6685 
18906 14358 19435 6691 
18911 14362 19437 6695 
18921 14366 19443 6697 
18926 14374 19448 6699 
18939 14378 19453 6702 
18945 14382 19458 6705 
18951 14385 19462 6706 
18955 14395 19464 6710 
18957 14402 19465 6714 
18959 14405 19471 6716 
18969 14406 19483 6718 
18975 14413 19489 6720 
18982 14420 19495 6724 
18990 14424 19504 6725 
18997 14426 19509 6728 
19000 14430 19515 6728 
19005 14436 19524 6730 
19012 14440 19528 6733 
19022 14446 19533 6735 
19027 14449 19543 6738 
19032 14454 19546 6740 
19036 14459 19557 6740 
19044 14467 19561 6742 
19049 14472 19565 6746 
19054 14476 19575 6748 
19059 14482 19582 6751 
19064 14484 19587 6755 
19071 14491 19595 6756 
19079 14494 19601 6758 
19082 14499 19609 6760 
19089 14505 19616 6764 
19100 14515 19628 6768 
19104 14525 19635 6770 
19109 14534 19640 6771 
19113 14541 19646 6772 
19120 14543 19654 6776 
19127 14546 19663 6778 
19134 14551 19671 6783 
19138 14556 19678 6788 
19146 14562 19685 6790 
19153 14566 19694 6791 
19160 14572 19699 6791 
19163 14573 19706 6793 
19167 14575 19713 6793 
19170 14579 19723 6797 
19174 14588 19729 6799 
19183 14592 19735 6801 
19191 14598 19737 6804 
19195 14603 19746 6804 
19205 14608 19754 6805 
19209 14608 19766 6807 
19218 14613 19768 6810 
19223 14622 19773 6811 
19228 14624 19777 6813 
19238 14627 19787 6817 
19246 14628 19797 6819 
19249 14632 19803 6820 
19254 14636 19810 6821 
19257 14636 19815 6822 
19265 14642 19818 6822 
19273 14645 19824 6824 
19281 14650 19828 6826 
19286 14657 19836 6830 
19296 14663 19843 6832 
19304 14667 19853 6834 
19312 14674 19862 6835 
19316 14677 19867 6837 
19320 14686 19873 6841 
19325 14687 19876 6843 
19328 14695 19883 6845 
19334 14701 19889 6846 
19339 14709 19893 6847 
19346 14716 19897 6852 
19352 14723 19903 6855 
19361 14728 19907 6855 
19367 14729 19913 6859 
19376 14731 19918 6860 
19386 14735 19927 6862 
19392 14737 19931 6867 
19400 14746 19940 6873 
19406 14754 19944 6875 
19413 14757 19951 6876 
19418 14759 19959 6878 
19425 14766 19965 6882 
19429 14770 19967 6886 
19434 14773 19971 6888 
19441 14780 19978 6890 
19445 14783 19986 6891 
19450 14789 19992 6892 
19456 14795 20004 6894 
19461 14796 20009 6895 
19464 14803 20016 6897 
19471 14807 20022 6901 
19481 14811 20029 6903 
19486 14816 20032 6906 
19488 14823 20042 6906 
19493 14827 20050 6911 
19495 14832 20057 6914 
19502 14835 20058 6916 
19506 14838 20068 6920 
19508 14842 20076 6923 
19509 14849 20084 6925 
19515 14856 20090 6927 
19521 14859 20101 6928 
19526 14864 20107 6931 
19532 14867 20115 6933 
19538 14873 20121 6934 
19544 14875 20128 6937 
19552 14881 20133 6940 
19556 14890 20134 6941 
19558 14893 20138 6942 
19565 14899 20143 6944 
19572 14910 20151 6946 
19576 14919 20157 6947 
19580 14923 20163 6948 
19588 14925 20172 6950 
19592 14927 20184 6951 
19596 14933 20194 6953 
19602 14935 20199 6954 
19604 14940 20204 6954 
19611 14944 20215 6954 
19620 14947 20218 6956 
19624 14951 20223 6959 
19630 14956 20232 6962 
19638 14963 20235 6964 
19648 14970 20243 6966 
19650 14976 20248 6969 
19660 14982 20258 6974 
19662 14984 20265 6979 
19666 14990 20269 6981 
19675 14992 20276 6981 
19683 14995 20286 6984 
19686 15001 20292 6988 
19693 15009 20302 6990 
19696 15013 20309 6993 
19704 15017 20312 6996 
19711 15019 20318 6997 
19717 15024 20325 6998 
19721 15032 20330 7001 
19727 15036 20337 7005 
19731 15043 20347 7009 
19738 15046 20352 7011 
19745 15050 20360 7011 
19750 15055 20364 7012 
19762 15059 20369 7015 
19763 15064 20375 7016 
19765 15068 20380 7020 
19772 15069 20392 7025 
19777 15075 20400 7026 
19785 15079 20405 7027 
19789 15084 20411 7027 
19796 15092 20417 7031 
19801 15103 20428 7031 
19807 15107 20433 7033 
19810 15112 20442 7034 
19813 15116 20448 7036 
19817 15120 20458 7036 
19820 15126 20471 7037 
19829 15130 20477 7040 
19836 15133 20482 7042 
19846 15137 20487 7043 
19851 15139 20492 7047 
19861 15149 20498 7051 
19864 15156 20508 7053 
19871 15160 20513 7057 
19875 15162 20515 7060 
19882 15168 20519 7060 
19885 15171 20525 7062 
19893 15175 20535 7066 
19902 15184 20543 7067 
19908 15186 20561 7070 
19916 15194 20566 7070 
19924 15200 20573 7072 
19929 15203 20578 7074 
19935 15210 20583 7077 
19940 15213 20591 7080 
19943 15217 20599 7081 
19950 15221 20605 7084 
19955 15225 20613 7086 
19965 15228 20621 7089 
19972 15235 20625 7091 
19977 15241 20630 7095 
19985 15249 20631 7099 
19993 15257 20639 7103 
20000 15262 20650 7107 
20011 15267 20657 7110 
20020 15274 20658 7111 
20030 15281 20670 7114 
20037 15285 20674 7117 
20045 15290 20680 7119 
20047 15292 20688 7121 
20052 15296 20692 7124 
20060 15301 20696 7124 
20068 15307 20705 7124 
20074 15315 20710 7127 
20078 15319 20719 7127 
20085 15325 20724 7127 
20091 15330 20726 7129 
20102 15337 20733 7132 
20108 15341 20737 7133 
20118 15348 20743 7134 
20122 15352 20749 7138 
20132 15358 20757 7139 
20142 15361 20763 7142 
20148 15364 20770 7145 
20153 15374 20773 7147 
20165 15376 20781 7148 
20168 15384 20792 7149 
20173 15386 20800 7150 
20180 15392 20809 7151 
20187 15398 20818 7153 
20193 15401 20825 7153 
20200 15409 20831 7155 
20204 15415 20835 7156 
20213 15422 20843 7166 
20216 15428 20847 7168 
20224 15435 20853 7169 
20229 15443 20861 7176 
20241 15448 20866 7179 
20246 15452 20875 7179 
20252 15456 20880 7180 
20256 15459 20887 7184 
20262 15460 20896 7186 
20271 15466 20901 7187 
20274 15471 20910 7191 
20280 15472 20915 7193 
20283 15477 20920 7196 
20289 15483 20927 7199 
20293 15486 20932 7199 
20299 15495 20943 7201 
20304 15500 20951 7206 
20309 15506 20957 7207 
20314 15514 20961 7208 
20320 15518 20966 7212 
20324 15523 20973 7214 
20332 15526 20975 7217 
20335 15533 20984 7220 
20340 15536 20991 7223 
20346 15540 21002 7225 
20352 15543 21006 7230 
20356 15554 21011 7232 
20364 15559 21016 7234 
20369 15563 21026 7236 
20377 15568 21031 7240 
20382 15573 21037 7240 
20390 15577 21043 7242 
20394 15581 21047 7246 
20403 15586 21052 7246 
20406 15588 21057 7249 
20412 15592 21063 7250 
20419 15597 21065 7253 
20429 15604 21075 7256 
20436 15609 21080 7257 
20443 15611 21088 7262 
20448 15618 21095 7263 
20458 15621 21103 7264 
20463 15631 21108 7268 
20467 15641 21118 7271 
20472 15645 21127 7275 
20479 15649 21132 7276 
20487 15652 21139 7276 
20494 15652 21146 7279 
20500 15659 21149 7280 
20504 15661 21152 7283 
20510 15671 21159 7285 
20515 15674 21166 7290 
20525 15680 21170 7293 
20530 15688 21173 7294 
20537 15692 21181 7296 
20543 15695 21187 7296 
20547 15701 21193 7299 
20550 15702 21198 7303 
20553 15708 21204 7310 
20556 15709 21211 7314 
20559 15714 21214 7315 
20568 15723 21220 7317 
20572 15730 21226 7319 
20577 15734 21232 7325 
20583 15740 21233 7330 
20591 15745 21242 7335 
20593 15750 21250 7338 
20598 15754 21259 7341 
20608 15756 21266 7343 
20615 15763 21267 7344 
20621 15766 21276 7352 
20628 15771 21286 7355 
20633 15777 21292 7356 
20638 15782 21301 7360 
20647 15787 21309 7361 
20657 15792 21313 7362 
20667 15797 21317 7366 
20671 15800 21322 7370 
20678 15805 21331 7372 
20681 15810 21337 7376 
20689 15812 21341 7378 
20692 15815 21347 7380 
20707 15819 21352 7382 
20712 15823 21359 7384 
20719 15831 21367 7385 
20724 15839 21378 7386 
20727 15842 21386 7390 
20734 15846 21392 7391 
20741 15850 21396 7393 
20745 15858 21401 7394 
20747 15861 21407 7396 
20755 15867 21422 7401 
20757 15874 21428 7404 
20762 15879 21440 7407 
20767 15888 21445 7408 
20776 15893 21449 7410 
20780 15896 21455 7411 
20790 15903 21459 7412 
20795 15906 21462 7414 
20800 15912 21467 7417 
20808 15918 21474 7422 
20812 15921 21480 7424 
20817 15927 21488 7429 
20821 15928 21496 7430 
20825 15931 21507 7434 
20831 15938 21523 7438 
20835 15948 21534 7439 
20841 15949 21539 7443 
20850 15956 21546 7448 
20854 15961 21553 7449 
20861 15967 21558 7450 
20866 15972 21566 7450 
20870 15977 21576 7452 
20878 15983 21584 7453 
20882 15985 21590 7454 
20887 15986 21600 7458 
20894 15988 21605 7459 
20903 15994 21611 7463 
20907 15999 21617 7469 
20918 16004 21622 7470 
20922 16012 21628 7470 
20926 16014 21640 7473 
20933 16018 21643 7476 
20937 16025 21653 7481 
20942 16028 21657 7483 
20951 16032 21660 7484 
20955 16041 21671 7488 
20963 16045 21678 7490 
20967 16052 21686 7492 
20978 16059 21692 7494 
20986 16064 21700 7496 
20994 16068 21705 7497 
20998 16071 21712 7500 
21006 16074 21719 7503 
21009 16075 21722 7504 
21017 16080 21728 7509 
21023 16082 21736 7511 
21033 16083 21743 7513 
21045 16087 21749 7514 
21049 16091 21756 7517 
21061 16096 21764 7519 
21067 16100 21769 7519 
21076 16106 21776 7520 
21081 16109 21784 7524 
21086 16114 21789 7527 
21091 16119 21799 7528 
21098 16122 21803 7529 
21106 16123 21808 7532 
21110 16127 21813 7536 
21119 16132 21816 7539 
21126 16135 21824 7541 
21131 16138 21828 7546 
21134 16142 21833 7547 
21141 16147 21838 7549 
21142 16148 21848 7550 
21146 16152 21849 7550 
21153 16156 21855 7553 
21160 16164 21860 7556 
21167 16169 21867 7560 
21171 16174 21874 7564 
21180 16179 21882 7566 
21183 16184 21889 7570 
21190 16193 21894 7573 
21199 16199 21899 7574 
21203 16205 21908 7574 
21207 16207 21912 7577 
21212 16216 21919 7580 
21219 16219 21922 7583 
21225 16224 21925 7585 
21232 16228 21934 7588 
21238 16231 21944 7592 
21240 16236 21948 7593 
21245 16241 21954 7597 
21249 16245 21960 7600 
21254 16254 21966 7601 
21262 16257 21976 7604 
21269 16263 21977 7607 
21275 16269 21980 7607 
21283 16274 21986 7607 
21293 16281 21994 7608 
21297 16284 22004 7610 
21299 16286 22008 7613 
21306 16292 22014 7615 
21311 16295 22021 7616 
21315 16299 22030 7620 
21322 16303 22032 7622 
21326 16306 22037 7625 
21332 16309 22041 7630 
21334 16314 22050 7632 
21342 16317 22055 7633 
21348 16324 22063 7636 
21355 16329 22074 7640 
21358 16336 22081 7642 
21365 16344 22088 7642 
21368 16353 22098 7643 
21375 16356 22106 7645 
21385 16362 22112 7647 
21393 16369 22120 7648 
21402 16374 22122 7651 
21406 16379 22131 7653 
21410 16383 22142 7654 
21418 16389 22148 7656 
21419 16392 22154 7657 
21427 16397 22163 7658 
21432 16404 22171 7661 
21441 16409 22178 7662 
21443 16417 22189 7663 
21450 16419 22198 7665 
21456 16426 22202 7667 
21463 16429 22206 7669 
21467 16434 22214 7671 
21473 16440 22222 7676 
21481 16443 22232 7679 
21485 16446 22240 7679 
21496 16451 22247 7684 
21500 16457 22253 7684 
21507 16461 22263 7688 
21518 16468 22272 7689 
21524 16474 22278 7693 
21535 16479 22283 7696 
21546 16487 22289 7699 
21551 16491 22297 7703 
21558 16497 22301 7704 
21563 16502 22308 7706 
21576 16505 22312 7709 
21584 16512 22316 7711 
21589 16521 22325 7713 
21594 16525 22332 7715 
21602 16533 22337 7717 
21609 16537 22341 7720 
21610 16541 22348 7721 
21617 16550 22352 7722 
21624 16555 22358 7724 
21632 16562 22366 7726 
21637 16564 22372 7727 
21644 16568 22375 7730 
21655 16572 22382 7733 
21664 16576 22386 7735 
21671 16578 22394 7737 
21676 16586 22401 7739 
21678 16590 22407 7742 
21683 16598 22413 7746 
21691 16604 22423 7749 
21695 16612 22426 7749 
21698 16615 22434 7750 
21705 16619 22443 7750 
21706 16625 22452 7751 
21720 16629 22454 7754 
21723 16634 22461 7757 
21727 16639 22465 7758 
21731 16645 22473 7762 
21735 16651 22481 7763 
21743 16653 22487 7764 
21754 16662 22494 7766 
21765 16666 22503 7766 
21768 16670 22512 7768 
21774 16678 22517 7770 
21779 16681 22523 7772 
21785 16689 22526 7773 
21801 16693 22532 7778 
21805 16699 22543 7778 
21814 16703 22550 7780 
21817 16705 22561 7781 
21830 16711 22568 7785 
21836 16713 22580 7788 
21844 16717 22586 7792 
21853 16723 22591 7796 
21859 16727 22595 7797 
21862 16734 22605 7800 
21864 16742 22611 7802 
21871 16748 22618 7806 
21877 16754 22623 7808 
21882 16756 22633 7808 
21888 16759 22641 7809 
21901 16766 22651 7812 
21909 16770 22660 7815 
21916 16781 22674 7816 
21919 16787 22684 7819 
21925 16794 22691 7824 
21935 16799 22698 7832 
21944 16806 22702 7835 
21951 16815 22716 7836 
21959 16821 22726 7837 
21967 16827 22736 7838 
21972 16832 22746 7839 
21977 16834 22749 7842 
21981 16836 22753 7842 
21987 16841 22759 7845 
21991 16844 22764 7848 
21995 16851 22767 7851 
21998 16854 22778 7854 
22001 16860 22784 7858 
22007 16868 22797 7858 
22010 16871 22807 7859 
22013 16877 22812 7862 
22019 16882 22818 7863 
22028 16883 22824 7864 
22033 16891 22831 7865 
22039 16899 22840 7868 
22043 16901 22845 7872 
22047 16906 22855 7872 
22058 16910 22858 7877 
22063 16913 22864 7878 
22067 16922 22872 7879 
22074 16927 22876 7879 
22080 16935 22877 7885 
22089 16941 22882 7889 
22093 16943 22889 7891 
22100 16949 22893 7893 
22107 16952 22897 7897 
22109 16953 22905 7898 
22113 16960 22915 7901 
22117 16963 22921 7904 
22123 16965 22927 7906 
22123 16969 22933 7908 
22130 16977 22940 7909 
22135 16983 22947 7915 
22141 16988 22955 7916 
22152 16992 22959 7920 
22158 17000 22969 7920 
22168 17008 22975 7924 
22172 17012 22976 7926 
22178 17017 22984 7928 
22186 17020 22985 7931 
22189 17024 22991 7933 
22194 17032 23002 7934 
22196 17045 23009 7935 
22200 17049 23014 7939 
22203 17055 23025 7939 
22208 17060 23038 7943 
22211 17067 23049 7945 
22214 17074 23055 7950 
22223 17075 23062 7952 
22230 17081 23068 7954 
22237 17087 23075 7954 
22242 17095 23081 7956 
22252 17100 23085 7957 
22259 17105 23095 7961 
22262 17111 23105 7964 
22267 17118 23111 7965 
22273 17122 23117 7969 
22279 17124 23122 7971 
22283 17127 23129 7974 
22290 17132 23136 7979 
22296 17135 23139 7980 
22300 17143 23156 7984 
22303 17145 23160 7985 
22307 17151 23164 7988 
22314 17155 23168 7991 
22319 17161 23176 7994 
22322 17168 23182 7998 
22329 17176 23191 8000 
22333 17181 23198 8001 
22337 17183 23208 8002 
22341 17185 23217 8005 
22348 17187 23223 8008 
22353 17191 23230 8008 
