0 0 0 0 
3 2 7 1 
8 4 18 2 
18 11 21 4 
20 16 25 7 
21 18 34 9 
25 22 40 11 
32 26 41 13 
34 30 49 13 
39 33 56 17 
46 34 63 20 
53 36 71 21 
59 40 74 24 
62 42 83 24 
64 46 85 24 
72 47 91 26 
76 49 93 27 
86 52 99 28 
96 55 104 28 
105 60 109 31 
109 66 112 32 
114 69 114 36 
119 70 118 37 
123 78 124 37 
132 85 128 38 
137 87 134 41 
145 90 139 46 
150 92 142 49 
155 95 145 50 
161 99 148 51 
164 100 153 52 
164 102 159 53 
170 105 168 56 
175 106 170 59 
178 111 175 61 
182 112 180 62 
190 113 182 62 
192 116 189 65 
198 120 197 66 
206 126 205 67 
213 129 208 69 
221 131 215 70 
229 134 219 73 
235 136 225 74 
240 141 229 76 
247 143 234 76 
250 145 239 78 
256 146 246 78 
261 148 249 80 
263 153 252 82 
269 155 259 82 
275 159 264 83 
284 165 271 84 
289 169 277 85 
294 175 278 87 
297 175 283 87 
303 177 289 87 
311 180 295 90 
314 183 298 92 
320 186 299 96 
322 194 303 96 
328 198 306 99 
335 202 313 100 
341 206 320 102 
349 210 323 103 
357 216 325 106 
364 223 329 109 
371 224 330 110 
376 229 334 110 
381 233 339 113 
386 235 345 113 
395 242 353 113 
398 246 360 114 
405 251 366 117 
408 255 370 120 
411 259 371 123 
418 260 384 125 
427 261 384 127 
429 263 396 127 
435 264 403 129 
446 268 408 130 
450 270 412 132 
456 274 419 134 
463 275 420 136 
471 278 427 137 
473 281 437 138 
481 284 443 140 
486 289 449 142 
492 294 456 144 
498 297 461 145 
506 300 466 147 
511 301 471 148 
514 306 474 149 
525 315 480 151 
530 318 484 152 
535 320 487 152 
543 324 491 155 
552 331 499 155 
556 334 504 156 
562 335 510 158 
566 336 515 158 
575 341 522 160 
580 343 524 165 
583 343 528 167 
589 347 536 167 
598 351 539 170 
605 354 543 173 
612 361 548 174 
614 367 554 175 
618 374 559 177 
623 377 563 178 
626 378 569 178 
634 382 574 182 
639 387 578 184 
644 388 583 189 
650 391 587 193 
654 397 595 195 
656 398 600 196 
663 403 605 197 
670 408 609 200 
677 416 612 202 
682 418 614 203 
687 422 618 205 
691 427 628 205 
698 427 633 208 
701 430 639 210 
704 435 645 212 
708 436 655 213 
712 441 663 216 
716 444 665 218 
719 446 672 218 
725 449 674 219 
728 454 677 219 
737 456 682 221 
742 462 684 223 
750 465 691 226 
759 469 696 228 
760 473 701 233 
766 478 707 234 
773 483 710 236 
780 484 718 236 
784 485 723 237 
787 485 736 239 
798 488 737 241 
803 491 743 244 
810 496 751 246 
815 501 755 246 
818 505 759 248 
821 509 764 250 
827 514 770 251 
836 518 778 251 
845 524 782 255 
849 528 783 255 
855 534 783 257 
859 539 791 259 
863 542 795 261 
868 544 800 265 
872 545 806 265 
882 555 810 265 
885 557 815 265 
891 563 823 269 
894 570 828 272 
898 575 831 273 
901 576 834 276 
905 578 841 277 
913 583 845 278 
917 585 853 278 
926 587 862 280 
932 592 868 280 
936 595 875 284 
943 601 882 286 
950 607 889 286 
959 609 896 287 
966 612 905 287 
972 616 909 289 
978 621 912 291 
982 626 918 294 
984 631 925 295 
989 639 927 295 
997 643 931 298 
999 646 935 301 
1010 649 940 303 
1014 653 947 305 
1021 655 948 308 
1026 658 956 310 
1033 662 959 310 
1036 669 962 310 
1040 674 968 311 
1042 679 973 314 
1044 684 975 315 
1048 689 979 317 
1052 693 983 321 
1056 697 993 322 
1059 699 996 322 
1062 704 998 323 
1069 710 1003 325 
1075 716 1007 328 
1082 720 1015 329 
1087 722 1018 330 
1091 725 1025 331 
1094 730 1032 331 
1097 734 1036 334 
1101 738 1038 335 
1108 741 1047 336 
1118 746 1051 337 
1119 750 1055 337 
1126 751 1057 337 
1132 753 1065 337 
1135 757 1070 340 
1141 763 1075 343 
1145 767 1085 347 
1151 771 1091 349 
1157 776 1095 354 
1160 780 1101 354 
1163 787 1105 355 
1167 791 1110 355 
1172 795 1117 356 
1179 800 1118 358 
1185 802 1122 359 
1188 805 1131 360 
1197 810 1134 360 
1200 816 1136 361 
1208 816 1144 361 
1218 821 1149 361 
1219 823 1154 362 
1226 825 1158 365 
1230 829 1163 370 
1234 831 1165 375 
1239 834 1171 378 
1244 837 1176 379 
1255 840 1179 383 
1261 842 1185 383 
1269 845 1189 386 
1273 850 1193 388 
1277 852 1196 388 
1280 856 1200 389 
1282 860 1207 389 
1286 865 1211 392 
1291 871 1211 394 
1293 875 1216 395 
1298 877 1217 398 
1303 880 1218 399 
1306 885 1220 402 
1308 886 1224 403 
1314 887 1226 409 
1319 889 1235 410 
1323 892 1239 411 
1331 895 1246 414 
1338 899 1249 415 
1343 904 1250 417 
1353 906 1261 420 
1358 910 1269 421 
1362 918 1276 424 
1368 921 1280 425 
1370 922 1290 426 
1373 926 1293 428 
1375 928 1297 429 
1379 929 1301 433 
1387 934 1304 436 
1391 939 1310 438 
1398 942 1316 438 
1401 944 1320 439 
1406 945 1324 440 
1413 950 1327 444 
1416 958 1333 445 
1422 960 1338 446 
1426 961 1344 448 
1430 965 1352 449 
1439 969 1357 452 
1440 971 1362 454 
1446 972 1368 456 
1451 973 1380 458 
1456 975 1383 459 
1462 979 1393 462 
1470 980 1401 462 
1476 982 1407 462 
1481 985 1413 464 
1483 993 1422 465 
1485 997 1429 466 
1489 1003 1437 468 
1495 1009 1439 469 
1503 1012 1443 469 
1508 1017 1449 471 
1510 1021 1458 472 
1517 1026 1461 472 
1521 1028 1467 476 
1532 1032 1474 477 
1535 1039 1480 480 
1537 1042 1483 482 
1540 1048 1491 485 
1543 1054 1494 487 
1545 1058 1499 490 
1555 1061 1508 492 
1561 1062 1517 497 
1565 1066 1520 499 
1573 1071 1527 500 
1578 1076 1535 504 
1579 1078 1542 505 
1583 1080 1548 508 
1589 1080 1550 510 
1594 1082 1557 511 
1599 1084 1562 513 
1609 1086 1564 513 
1614 1088 1572 513 
1616 1090 1577 516 
1620 1095 1584 520 
1624 1098 1586 521 
1631 1104 1589 521 
1633 1108 1597 523 
1638 1110 1603 527 
1643 1114 1614 529 
1646 1118 1619 529 
1657 1122 1625 530 
1661 1125 1631 530 
1665 1127 1639 532 
1667 1134 1646 534 
1674 1137 1649 534 
1682 1141 1657 535 
1688 1145 1665 536 
1693 1148 1666 536 
1698 1153 1672 538 
1700 1156 1680 541 
1704 1160 1686 545 
1713 1165 1692 545 
1717 1169 1698 548 
1725 1172 1705 549 
1731 1175 1710 550 
1737 1178 1718 551 
1747 1183 1719 555 
1749 1186 1725 556 
1756 1192 1732 558 
1761 1195 1742 559 
1766 1198 1745 561 
1771 1204 1755 562 
1773 1209 1759 564 
1782 1212 1765 566 
1788 1215 1770 566 
1792 1219 1779 566 
1798 1221 1788 568 
1801 1228 1794 569 
1810 1229 1798 573 
1814 1232 1801 575 
1821 1234 1807 578 
1826 1240 1811 579 
1835 1241 1815 581 
1845 1243 1821 583 
1851 1250 1831 585 
1857 1253 1837 586 
1869 1258 1844 589 
1873 1264 1851 590 
1877 1270 1854 592 
1882 1273 1855 593 
1887 1274 1862 593 
1894 1276 1868 594 
1898 1282 1872 594 
1900 1287 1876 596 
1904 1292 1885 596 
1907 1294 1887 596 
1910 1297 1890 598 
1910 1300 1897 599 
1912 1304 1905 600 
1916 1308 1909 603 
1927 1312 1917 605 
1932 1316 1921 607 
1937 1318 1928 610 
1945 1323 1935 610 
1949 1326 1942 613 
1950 1328 1947 613 
1956 1329 1952 614 
1959 1333 1959 616 
1966 1337 1962 616 
1971 1339 1966 619 
1981 1341 1973 621 
1987 1344 1977 621 
1997 1344 1983 625 
2006 1350 1992 626 
2015 1356 1995 628 
2019 1358 2007 630 
2023 1359 2011 632 
2029 1362 2013 635 
2034 1366 2019 638 
2039 1370 2024 638 
2042 1372 2026 638 
2046 1378 2031 639 
2051 1381 2034 642 
2059 1382 2041 644 
2065 1387 2045 645 
2069 1388 2051 647 
2076 1392 2057 647 
2083 1396 2062 649 
2088 1398 2068 650 
2090 1409 2073 651 
2094 1413 2077 655 
2100 1418 2084 656 
2102 1421 2089 657 
2108 1425 2090 660 
2115 1429 2097 661 
2128 1433 2103 663 
2134 1435 2107 664 
2148 1440 2114 666 
2157 1450 2116 666 
2160 1451 2120 668 
2165 1456 2124 670 
2175 1459 2128 673 
2181 1460 2132 675 
2186 1460 2140 676 
2190 1464 2147 677 
2197 1467 2154 678 
2204 1472 2159 681 
2209 1474 2163 685 
2212 1480 2166 686 
2215 1485 2170 689 
2220 1490 2171 691 
2225 1495 2176 691 
2231 1499 2181 694 
2237 1502 2187 696 
2244 1506 2195 698 
2246 1510 2199 699 
2255 1513 2200 705 
2261 1513 2204 710 
2269 1514 2214 712 
2278 1517 2224 717 
2287 1518 2228 720 
2297 1522 2232 722 
2300 1524 2234 722 
2305 1527 2238 724 
2310 1528 2244 726 
2317 1534 2248 728 
2324 1540 2253 729 
2329 1549 2259 730 
2337 1553 2263 731 
2339 1555 2270 733 
2343 1561 2276 735 
2346 1566 2280 737 
2352 1570 2287 738 
2358 1576 2294 740 
2363 1579 2298 742 
2368 1581 2301 742 
2372 1588 2303 744 
2379 1593 2306 744 
2386 1596 2307 745 
2390 1604 2313 748 
2397 1609 2321 749 
2403 1614 2327 749 
2408 1618 2334 752 
2411 1619 2339 752 
2417 1623 2344 754 
2422 1625 2348 756 
2427 1630 2350 757 
2434 1634 2356 758 
2438 1635 2359 760 
2442 1640 2368 762 
2452 1644 2374 763 
2460 1649 2379 767 
2465 1652 2385 769 
2468 1655 2392 771 
2475 1655 2394 773 
2482 1657 2400 773 
2485 1658 2407 777 
2492 1663 2411 780 
2499 1666 2416 784 
2504 1670 2416 785 
2511 1675 2419 789 
2523 1680 2423 789 
2526 1686 2430 790 
2532 1691 2435 791 
2538 1693 2439 793 
2543 1697 2443 793 
2547 1702 2447 795 
2550 1705 2452 798 
2555 1706 2460 798 
2561 1709 2469 800 
2565 1711 2476 800 
2572 1714 2482 801 
2574 1721 2488 803 
2576 1726 2491 805 
2582 1732 2496 807 
2589 1735 2499 809 
2593 1741 2505 811 
2598 1747 2510 812 
2607 1752 2516 812 
2611 1760 2522 813 
2613 1764 2532 814 
2618 1768 2537 815 
2625 1772 2541 816 
2630 1775 2545 819 
2634 1780 2556 821 
2641 1782 2561 824 
2646 1785 2569 826 
2649 1793 2577 826 
2653 1794 2582 826 
2655 1798 2586 828 
2659 1802 2591 831 
2667 1806 2595 834 
2670 1810 2602 836 
2675 1815 2607 839 
2681 1821 2611 841 
2686 1825 2618 843 
2690 1828 2631 846 
2695 1831 2635 850 
2701 1838 2641 852 
2706 1842 2644 855 
2711 1848 2649 855 
2718 1852 2658 856 
2722 1856 2660 858 
2730 1858 2664 859 
2738 1862 2671 862 
2741 1865 2677 867 
2748 1870 2684 873 
2759 1872 2689 876 
2766 1877 2697 878 
2774 1879 2702 880 
2780 1882 2707 881 
2786 1886 2710 882 
2791 1890 2714 883 
2797 1893 2720 886 
2805 1899 2722 889 
2810 1905 2725 895 
2818 1911 2728 896 
2827 1914 2731 902 
2831 1920 2738 904 
2835 1922 2742 907 
2838 1924 2749 907 
2846 1929 2758 910 
2852 1934 2766 911 
2855 1936 2774 915 
2860 1944 2776 917 
2868 1948 2780 918 
2876 1951 2787 924 
2882 1953 2794 927 
2887 1956 2797 929 
2891 1959 2806 931 
2899 1965 2811 932 
2906 1968 2814 934 
2916 1971 2819 937 
2921 1976 2824 940 
2927 1978 2830 944 
2933 1981 2834 947 
2940 1987 2837 951 
2944 1991 2846 954 
2947 1993 2848 955 
2951 1993 2853 957 
2956 1995 2858 959 
2962 1998 2861 960 
2965 2005 2865 962 
2970 2007 2868 964 
2977 2011 2875 966 
2983 2014 2880 969 
2985 2018 2885 969 
2990 2020 2892 974 
2991 2021 2898 976 
2996 2023 2904 978 
3001 2029 2911 980 
3005 2038 2915 981 
3006 2039 2922 981 
3012 2041 2927 984 
3018 2044 2935 986 
3024 2049 2941 987 
3029 2054 2945 990 
3034 2055 2951 990 
3038 2061 2953 992 
3043 2066 2960 993 
3051 2075 2963 994 
3056 2076 2968 996 
3063 2080 2969 997 
3065 2085 2972 998 
3067 2090 2975 1000 
3075 2094 2978 1005 
3081 2096 2983 1007 
3087 2100 2987 1008 
3095 2107 2990 1010 
3099 2108 2993 1010 
3105 2112 3000 1013 
3112 2120 3010 1013 
3116 2124 3013 1014 
3118 2126 3018 1015 
3121 2130 3023 1017 
3128 2133 3032 1019 
3132 2137 3036 1021 
3141 2143 3046 1023 
3149 2146 3048 1024 
3154 2150 3052 1024 
3160 2152 3059 1025 
3163 2156 3068 1025 
3166 2158 3072 1029 
3171 2164 3075 1030 
3176 2169 3077 1030 
3186 2175 3083 1031 
3193 2177 3091 1036 
3197 2181 3095 1036 
3210 2186 3102 1038 
3214 2191 3112 1042 
3220 2194 3117 1044 
3227 2198 3120 1046 
3232 2204 3123 1048 
3237 2208 3127 1050 
3238 2211 3131 1053 
3244 2216 3135 1058 
3249 2219 3140 1059 
3254 2221 3144 1060 
3260 2225 3149 1062 
3263 2229 3152 1065 
3268 2232 3158 1066 
3277 2235 3163 1068 
3284 2237 3170 1068 
3292 2241 3176 1071 
3298 2247 3178 1075 
3312 2248 3182 1076 
3318 2254 3189 1081 
3320 2261 3193 1084 
3323 2262 3201 1087 
3329 2265 3205 1089 
3336 2266 3212 1089 
3339 2269 3217 1091 
3346 2272 3222 1092 
3350 2275 3226 1094 
3354 2277 3233 1096 
3362 2278 3238 1098 
3369 2284 3248 1100 
3375 2286 3252 1101 
3383 2287 3257 1103 
3387 2291 3263 1103 
3392 2293 3268 1106 
3396 2297 3273 1109 
3403 2301 3275 1111 
3409 2307 3279 1114 
3413 2310 3286 1115 
3418 2316 3287 1117 
3423 2319 3291 1118 
3426 2322 3299 1118 
3428 2326 3300 1120 
3432 2326 3308 1123 
3437 2328 3313 1124 
3442 2330 3319 1124 
3450 2335 3326 1125 
3455 2339 3334 1126 
3460 2342 3338 1127 
3462 2349 3350 1128 
3466 2356 3357 1131 
3473 2359 3359 1132 
3480 2362 3360 1133 
3482 2365 3361 1138 
3485 2371 3368 1139 
3488 2376 3376 1141 
3496 2378 3382 1143 
3501 2382 3386 1144 
3505 2388 3389 1149 
3508 2392 3398 1149 
3512 2402 3403 1151 
3516 2405 3407 1156 
3524 2409 3414 1158 
3530 2413 3420 1160 
3534 2413 3427 1161 
3539 2419 3434 1163 
3540 2426 3442 1165 
3546 2429 3445 1166 
3555 2438 3450 1170 
3558 2441 3457 1174 
3564 2443 3460 1175 
3566 2450 3462 1177 
3572 2451 3464 1177 
3579 2455 3468 1178 
3589 2456 3472 1181 
3595 2457 3477 1181 
3604 2463 3485 1185 
3612 2467 3488 1187 
3617 2470 3495 1188 
3624 2472 3501 1189 
3629 2474 3508 1193 
3635 2477 3518 1196 
3641 2482 3521 1196 
3641 2489 3525 1196 
3648 2493 3530 1199 
3656 2496 3535 1200 
3666 2499 3538 1201 
3671 2501 3543 1201 
3677 2506 3548 1202 
3681 2509 3553 1207 
3687 2512 3559 1207 
3690 2515 3569 1208 
3691 2522 3570 1210 
3694 2528 3573 1211 
3697 2529 3577 1214 
3699 2532 3582 1217 
3701 2536 3587 1220 
3708 2542 3593 1220 
3712 2543 3598 1223 
3713 2544 3604 1224 
3720 2549 3607 1227 
3722 2550 3613 1231 
3728 2555 3617 1234 
3733 2556 3624 1237 
3741 2563 3629 1237 
3744 2568 3636 1238 
3752 2572 3638 1240 
3759 2579 3642 1241 
3765 2583 3648 1243 
3772 2589 3653 1244 
3779 2592 3657 1244 
3788 2597 3662 1245 
3795 2602 3670 1246 
3798 2610 3674 1248 
3802 2619 3681 1251 
3810 2620 3686 1252 
3814 2624 3691 1255 
3820 2627 3696 1259 
3829 2634 3700 1262 
3836 2636 3706 1266 
3843 2642 3708 1269 
3849 2651 3713 1271 
3855 2655 3720 1272 
3856 2656 3724 1274 
3859 2662 3731 1275 
3861 2669 3738 1279 
3868 2671 3741 1282 
3874 2672 3744 1284 
3877 2673 3748 1285 
3884 2676 3758 1288 
3890 2679 3764 1288 
3898 2684 3772 1291 
3907 2687 3782 1292 
3910 2693 3788 1297 
3913 2697 3791 1299 
3918 2701 3797 1300 
3923 2705 3799 1302 
3927 2709 3801 1304 
3935 2709 3812 1306 
3941 2710 3817 1307 
3944 2715 3819 1309 
3944 2717 3829 1310 
3951 2720 3832 1312 
3962 2721 3838 1313 
3967 2726 3841 1316 
3969 2731 3843 1318 
3974 2737 3849 1318 
3982 2740 3850 1320 
3989 2743 3854 1321 
3992 2749 3860 1322 
3996 2755 3862 1323 
3999 2757 3865 1325 
4002 2757 3866 1327 
4004 2761 3868 1328 
4008 2766 3873 1330 
4014 2771 3880 1332 
4018 2775 3887 1333 
4024 2779 3890 1334 
4030 2784 3899 1336 
4039 2788 3906 1337 
4053 2789 3916 1338 
4055 2792 3922 1342 
4064 2796 3928 1345 
4070 2801 3934 1346 
4073 2805 3939 1348 
4074 2807 3943 1350 
4076 2812 3946 1350 
4083 2817 3950 1353 
4090 2819 3953 1355 
4097 2820 3957 1357 
4103 2824 3963 1357 
4108 2825 3967 1360 
4115 2826 3972 1363 
4120 2828 3974 1363 
4125 2829 3982 1364 
4133 2831 3989 1367 
4140 2836 3995 1368 
4143 2838 3999 1372 
4151 2844 4007 1374 
4157 2850 4009 1374 
4166 2855 4012 1378 
4171 2858 4019 1379 
4178 2862 4025 1380 
4184 2866 4028 1380 
4195 2870 4032 1380 
4201 2874 4034 1380 
4202 2876 4038 1381 
4205 2879 4047 1381 
4207 2883 4052 1382 
4212 2893 4057 1384 
4218 2896 4061 1387 
4222 2898 4069 1389 
4231 2898 4075 1391 
4234 2902 4078 1391 
4236 2905 4082 1394 
4240 2910 4085 1395 
4244 2917 4089 1398 
4250 2926 4097 1402 
4260 2932 4103 1402 
4265 2935 4114 1403 
4270 2939 4116 1406 
4278 2942 4119 1407 
4282 2942 4128 1409 
4285 2946 4129 1414 
4287 2949 4134 1417 
4300 2950 4138 1420 
4307 2961 4142 1421 
4308 2962 4145 1423 
4315 2965 4146 1427 
4323 2972 4149 1427 
4330 2975 4158 1429 
4335 2979 4163 1430 
4338 2987 4166 1431 
4342 2994 4175 1432 
4348 2999 4178 1437 
4352 3006 4184 1442 
4358 3013 4189 1444 
4365 3014 4196 1446 
4371 3015 4201 1448 
4379 3015 4207 1450 
4383 3018 4212 1453 
4393 3022 4214 1459 
4397 3026 4220 1460 
4404 3030 4222 1461 
4407 3031 4228 1463 
4413 3034 4232 1463 
4418 3038 4239 1466 
4425 3043 4246 1467 
4429 3048 4251 1469 
4433 3053 4261 1469 
4438 3054 4268 1471 
4443 3061 4274 1471 
4453 3064 4278 1472 
4456 3070 4285 1472 
4458 3075 4286 1476 
4464 3077 4293 1478 
4472 3082 4297 1479 
4479 3089 4301 1481 
4483 3092 4308 1483 
4486 3094 4312 1483 
4491 3100 4321 1485 
4501 3101 4328 1486 
4505 3103 4332 1490 
4508 3108 4337 1492 
4513 3115 4343 1496 
4520 3120 4347 1497 
4527 3123 4347 1498 
4532 3126 4353 1501 
4533 3131 4356 1505 
4537 3134 4360 1509 
4542 3141 4364 1510 
4548 3147 4369 1513 
4553 3152 4375 1513 
4557 3155 4383 1514 
4562 3157 4388 1517 
4565 3162 4390 1518 
4571 3166 4395 1521 
4578 3168 4402 1524 
4584 3173 4408 1524 
4589 3177 4410 1526 
4592 3185 4421 1526 
4594 3191 4428 1528 
4599 3197 4430 1530 
4604 3202 4436 1531 
4610 3207 4439 1533 
4614 3211 4446 1536 
4618 3213 4448 1537 
4619 3215 4454 1540 
4623 3217 4460 1542 
4633 3223 4467 1545 
4639 3227 4471 1546 
4642 3233 4477 1548 
4646 3238 4481 1548 
4654 3243 4484 1549 
4656 3246 4488 1550 
4664 3249 4492 1551 
4669 3251 4498 1555 
4677 3254 4507 1558 
4679 3256 4513 1561 
4685 3261 4517 1564 
4688 3264 4522 1564 
4694 3268 4528 1567 
4703 3275 4532 1572 
4706 3283 4538 1573 
4710 3286 4543 1576 
4719 3291 4550 1577 
4726 3291 4552 1580 
4732 3292 4556 1582 
4737 3293 4562 1582 
4740 3300 4568 1588 
4746 3302 4573 1590 
4748 3309 4576 1590 
4756 3317 4584 1591 
4762 3320 4589 1596 
4768 3325 4597 1599 
4777 3327 4602 1600 
4781 3331 4604 1600 
4784 3334 4608 1602 
4790 3342 4616 1602 
4792 3344 4620 1604 
4795 3345 4628 1604 
4800 3352 4635 1609 
4804 3356 4640 1610 
4809 3359 4645 1613 
4816 3366 4647 1613 
4819 3367 4651 1616 
4825 3372 4657 1617 
4830 3377 4664 1620 
4835 3379 4669 1621 
4844 3384 4675 1623 
4847 3388 4685 1627 
4852 3393 4693 1631 
4860 3394 4697 1631 
4865 3396 4703 1631 
4872 3397 4707 1631 
4878 3400 4715 1631 
4885 3405 4721 1633 
4890 3406 4722 1635 
4897 3409 4728 1638 
4905 3412 4735 1639 
4915 3413 4738 1640 
4921 3416 4741 1644 
4924 3420 4748 1647 
4930 3421 4755 1649 
4933 3424 4763 1652 
4941 3429 4773 1653 
4946 3434 4776 1655 
4950 3437 4782 1656 
4957 3445 4786 1660 
4960 3450 4787 1662 
4965 3454 4796 1664 
4968 3456 4803 1665 
4970 3461 4809 1667 
4978 3462 4813 1667 
4981 3466 4822 1667 
4987 3467 4825 1670 
4993 3469 4831 1670 
5000 3474 4836 1670 
5008 3481 4842 1671 
5011 3486 4847 1672 
5017 3494 4851 1675 
5024 3499 4858 1677 
5030 3502 4865 1678 
5031 3507 4867 1681 
5037 3510 4873 1683 
5041 3513 4879 1683 
5046 3517 4886 1683 
5050 3519 4887 1683 
5057 3525 4888 1684 
5064 3530 4895 1687 
5068 3532 4898 1689 
5074 3536 4904 1693 
5079 3539 4910 1694 
5089 3543 4915 1697 
5094 3550 4924 1699 
5097 3554 4931 1699 
5101 3556 4934 1700 
5106 3562 4939 1700 
5111 3563 4946 1704 
5115 3565 4951 1704 
5119 3567 4955 1710 
5123 3568 4959 1713 
5127 3571 4964 1716 
5131 3579 4972 1718 
5139 3585 4976 1721 
5145 3588 4987 1723 
5149 3594 4990 1725 
5153 3595 4996 1727 
5161 3601 5001 1730 
5166 3604 5007 1731 
5168 3608 5013 1733 
5177 3614 5021 1734 
5179 3619 5028 1734 
5184 3622 5030 1737 
5185 3628 5033 1738 
5190 3631 5035 1742 
5192 3635 5045 1744 
5195 3640 5048 1745 
5200 3647 5050 1748 
5207 3649 5050 1749 
5214 3655 5057 1752 
5218 3656 5066 1754 
5223 3657 5070 1757 
5229 3659 5075 1758 
5234 3661 5081 1761 
5240 3664 5085 1762 
5245 3670 5088 1763 
5250 3673 5090 1764 
5256 3676 5096 1769 
5259 3680 5102 1769 
5261 3683 5107 1771 
5270 3685 5111 1771 
5277 3688 5115 1774 
5280 3693 5122 1775 
5289 3695 5130 1777 
5295 3699 5137 1780 
5300 3700 5144 1781 
5305 3704 5150 1782 
5311 3707 5155 1784 
5316 3710 5158 1788 
5327 3713 5166 1788 
5340 3721 5170 1790 
5347 3723 5177 1792 
5352 3730 5181 1795 
5355 3733 5186 1797 
5359 3735 5189 1799 
5368 3738 5197 1799 
5374 3743 5205 1802 
5375 3746 5206 1806 
5383 3752 5216 1806 
5388 3758 5221 1810 
5392 3761 5225 1811 
5398 3765 5231 1813 
5400 3767 5234 1816 
5401 3768 5237 1818 
5403 3772 5244 1819 
5405 3772 5251 1821 
5410 3777 5257 1823 
5413 3783 5262 1824 
5423 3789 5269 1824 
5429 3792 5272 1827 
5434 3796 5276 1828 
5438 3799 5278 1828 
5442 3802 5282 1832 
5448 3803 5288 1833 
5455 3803 5290 1836 
5458 3809 5297 1837 
5463 3811 5305 1839 
5467 3814 5312 1843 
5472 3818 5318 1844 
5475 3822 5321 1845 
5478 3829 5325 1849 
5487 3833 5331 1850 
5493 3835 5338 1852 
5499 3836 5348 1854 
5502 3840 5355 1854 
5508 3840 5362 1856 
5512 3844 5367 1856 
5517 3849 5369 1859 
5523 3853 5373 1859 
5527 3855 5376 1861 
5531 3856 5382 1861 
5542 3858 5385 1863 
5552 3861 5389 1865 
5556 3863 5396 1867 
5559 3868 5399 1868 
5565 3870 5406 1870 
5573 3874 5410 1870 
5586 3877 5417 1873 
5589 3882 5424 1876 
5595 3886 5428 1876 
5601 3895 5430 1881 
5610 3897 5435 1884 
5616 3900 5439 1884 
5623 3903 5448 1885 
5627 3905 5454 1887 
5632 3907 5463 1889 
5636 3908 5473 1891 
5637 3910 5481 1893 
5643 3918 5483 1897 
5648 3920 5488 1898 
5658 3923 5499 1901 
5665 3930 5504 1903 
5669 3941 5510 1905 
5675 3944 5511 1905 
5681 3951 5515 1909 
5689 3960 5519 1914 
5692 3965 5525 1915 
5697 3972 5533 1916 
5704 3976 5542 1916 
5710 3982 5548 1917 
5718 3987 5557 1918 
5725 3991 5564 1924 
5731 3994 5569 1925 
5734 3998 5578 1928 
5738 4003 5583 1932 
5742 4005 5589 1932 
5746 4009 5595 1936 
5751 4015 5600 1938 
5763 4017 5604 1940 
5771 4017 5608 1941 
5775 4019 5621 1945 
5779 4023 5626 1946 
5787 4028 5632 1947 
5794 4032 5635 1947 
5798 4037 5639 1947 
5803 4041 5642 1948 
5812 4047 5648 1951 
5818 4048 5651 1956 
5823 4053 5655 1960 
5832 4058 5662 1964 
5837 4065 5665 1967 
5841 4070 5670 1967 
5844 4074 5675 1969 
5846 4076 5682 1969 
5850 4085 5691 1970 
5854 4090 5699 1972 
5860 4094 5702 1975 
5865 4098 5703 1978 
5874 4099 5707 1980 
5880 4104 5715 1985 
5887 4113 5723 1985 
5892 4114 5728 1985 
5898 4119 5733 1986 
5904 4125 5735 1987 
5909 4129 5739 1988 
5921 4131 5742 1988 
5925 4133 5748 1989 
5927 4137 5751 1991 
5930 4141 5754 1992 
5934 4143 5756 1992 
5939 4149 5764 1994 
5943 4153 5769 1994 
5948 4155 5774 1996 
5953 4161 5778 1997 
5955 4162 5785 2003 
5962 4165 5790 2006 
5967 4170 5793 2009 
5971 4180 5795 2010 
5980 4181 5803 2011 
5987 4183 5808 2017 
5989 4186 5812 2017 
5995 4189 5818 2019 
6000 4189 5820 2022 
6006 4195 5824 2023 
6012 4198 5830 2024 
6017 4200 5836 2029 
6024 4202 5840 2033 
6028 4207 5846 2033 
6029 4208 5848 2036 
6035 4211 5851 2037 
6038 4213 5860 2039 
6039 4215 5868 2044 
6042 4222 5869 2044 
6046 4225 5875 2044 
6050 4232 5878 2049 
6057 4238 5884 2050 
6066 4240 5887 2050 
6070 4244 5895 2054 
6078 4245 5902 2054 
6083 4249 5905 2057 
6088 4252 5909 2057 
6089 4256 5920 2060 
6097 4261 5925 2062 
6103 4264 5933 2063 
6109 4269 5938 2063 
6114 4276 5943 2063 
6123 4281 5944 2064 
6128 4290 5950 2067 
6133 4292 5957 2068 
6139 4294 5962 2069 
6144 4296 5970 2070 
6151 4298 5974 2070 
6153 4302 5983 2070 
6160 4307 5988 2070 
6163 4315 5992 2073 
6170 4319 5999 2074 
6180 4325 6003 2075 
6181 4326 6011 2076 
6188 4331 6015 2079 
6192 4336 6016 2081 
6198 4343 6019 2081 
6208 4345 6023 2083 
6215 4348 6027 2087 
6220 4354 6031 2089 
6225 4361 6033 2093 
6232 4363 6035 2093 
6236 4366 6040 2095 
6240 4372 6047 2096 
6248 4374 6049 2098 
6255 4378 6056 2100 
6266 4384 6061 2101 
6271 4390 6064 2104 
6279 4395 6069 2105 
6285 4401 6076 2106 
6291 4405 6082 2106 
6294 4411 6088 2106 
6297 4417 6092 2106 
6299 4424 6095 2107 
6305 4429 6101 2107 
6308 4437 6103 2108 
6316 4445 6108 2111 
6322 4450 6108 2112 
6331 4451 6113 2114 
6334 4453 6120 2115 
6343 4454 6126 2116 
6347 4458 6133 2116 
6350 4463 6139 2119 
6354 4466 6146 2120 
6359 4470 6153 2120 
6364 4471 6160 2120 
6371 4474 6164 2121 
6376 4477 6171 2123 
6383 4481 6173 2125 
6388 4485 6178 2125 
6392 4488 6182 2129 
6393 4490 6187 2132 
6396 4495 6191 2135 
6401 4498 6197 2140 
6409 4504 6202 2145 
6413 4508 6209 2146 
6417 4510 6215 2149 
6423 4517 6218 2150 
6428 4519 6220 2152 
6431 4524 6228 2154 
6434 4528 6236 2157 
6440 4531 6240 2160 
6450 4537 6244 2160 
6452 4542 6253 2162 
6463 4547 6255 2165 
6467 4551 6261 2171 
6472 4556 6264 2172 
6474 4559 6269 2172 
6476 4565 6274 2173 
6482 4567 6279 2174 
6493 4570 6285 2175 
6499 4573 6294 2178 
6503 4574 6299 2180 
6509 4577 6301 2183 
6513 4584 6305 2186 
6522 4590 6311 2186 
6525 4592 6316 2187 
6533 4594 6323 2188 
6538 4599 6327 2190 
6543 4602 6329 2192 
6547 4605 6334 2195 
6553 4611 6339 2196 
6556 4614 6342 2198 
6559 4615 6351 2200 
6560 4616 6358 2201 
6567 4619 6362 2201 
6570 4619 6366 2202 
6571 4627 6374 2202 
6579 4634 6378 2209 
6588 4637 6381 2210 
6593 4642 6386 2211 
6596 4644 6393 2213 
6604 4650 6403 2215 
6609 4658 6411 2216 
6614 4659 6417 2218 
6621 4662 6419 2222 
6629 4667 6424 2223 
6634 4668 6432 2223 
6648 4671 6437 2223 
6651 4672 6442 2227 
6658 4674 6451 2231 
6664 4678 6458 2234 
6670 4687 6465 2236 
6676 4694 6469 2237 
6686 4700 6477 2237 
6690 4705 6481 2239 
6697 4709 6483 2243 
6698 4711 6486 2243 
6707 4716 6489 2249 
6712 4720 6494 2250 
6721 4720 6499 2253 
6727 4721 6502 2255 
6734 4727 6509 2256 
6741 4732 6516 2260 
6745 4734 6519 2262 
6751 4738 6528 2264 
6757 4740 6533 2266 
6760 4744 6540 2267 
6767 4747 6545 2268 
6776 4751 6552 2270 
6784 4762 6559 2272 
6789 4766 6567 2276 
6794 4769 6569 2280 
6797 4776 6578 2283 
6802 4782 6583 2284 
6808 4783 6587 2285 
6816 4785 6592 2286 
6820 4786 6594 2288 
6829 4788 6600 2290 
6834 4795 6607 2291 
6836 4800 6610 2295 
6848 4801 6618 2300 
6854 4804 6620 2304 
6860 4807 6626 2307 
6866 4813 6633 2307 
6874 4818 6640 2308 
6880 4824 6645 2310 
6881 4829 6653 2311 
6885 4834 6658 2313 
6893 4839 6662 2315 
6899 4848 6669 2317 
6905 4852 6676 2319 
6907 4856 6680 2322 
6914 4861 6685 2323 
6925 4867 6688 2326 
6933 4873 6690 2328 
6938 4876 6693 2333 
6944 4877 6699 2334 
6946 4879 6707 2334 
6952 4884 6710 2336 
6960 4889 6717 2338 
6966 4892 6723 2338 
6974 4899 6725 2338 
6986 4903 6736 2341 
6993 4905 6742 2344 
6997 4909 6747 2345 
7002 4912 6750 2347 
7006 4922 6759 2351 
7011 4924 6767 2353 
7013 4930 6777 2354 
7017 4936 6780 2356 
7024 4941 6789 2358 
7030 4945 6797 2361 
7037 4949 6801 2364 
7044 4954 6808 2365 
7052 4959 6816 2366 
7060 4966 6819 2367 
7066 4970 6826 2370 
7070 4974 6832 2371 
7076 4982 6835 2371 
7078 4989 6841 2376 
7084 4994 6844 2377 
7089 4997 6848 2378 
7091 5002 6850 2382 
7100 5004 6856 2385 
7106 5008 6863 2389 
7112 5010 6868 2391 
7117 5014 6870 2395 
7120 5020 6881 2396 
7123 5022 6884 2401 
7128 5025 6890 2402 
7130 5031 6894 2409 
7138 5033 6902 2410 
7143 5037 6907 2412 
7148 5040 6911 2414 
7149 5043 6917 2416 
7154 5046 6925 2419 
7158 5048 6928 2420 
7160 5051 6930 2422 
7171 5055 6933 2423 
7179 5059 6939 2424 
7184 5065 6941 2427 
7194 5069 6949 2429 
7195 5075 6953 2430 
7201 5081 6961 2433 
7207 5086 6966 2434 
7211 5095 6970 2435 
7219 5102 6975 2438 
7225 5111 6982 2438 
7228 5114 6988 2441 
7232 5120 6994 2442 
7239 5127 6999 2444 
7245 5132 7004 2446 
7253 5141 7013 2447 
7257 5143 7023 2449 
7265 5146 7029 2451 
7270 5153 7034 2451 
7278 5155 7039 2453 
7282 5157 7048 2454 
7289 5163 7053 2456 
7296 5165 7058 2460 
7302 5166 7068 2463 
7311 5171 7075 2466 
7314 5174 7082 2466 
7318 5176 7088 2469 
7323 5181 7091 2470 
7329 5186 7098 2471 
7334 5188 7106 2472 
7339 5190 7114 2475 
7342 5194 7124 2477 
7343 5200 7130 2480 
7347 5204 7138 2482 
7350 5206 7140 2484 
7362 5209 7145 2488 
7364 5211 7153 2489 
7368 5219 7160 2492 
7376 5222 7166 2493 
7382 5224 7173 2493 
7392 5225 7183 2498 
7399 5228 7190 2499 
7404 5230 7196 2502 
7408 5233 7200 2503 
7411 5239 7205 2506 
7417 5246 7210 2507 
7421 5251 7217 2510 
7426 5259 7223 2511 
7430 5263 7225 2511 
7438 5268 7228 2512 
7442 5269 7234 2513 
7447 5271 7241 2513 
7452 5273 7247 2516 
7458 5280 7251 2518 
7463 5286 7256 2520 
7471 5292 7260 2523 
7474 5295 7270 2524 
7479 5299 7273 2526 
7482 5302 7284 2528 
7490 5305 7292 2530 
7493 5312 7298 2533 
7502 5317 7303 2534 
7504 5318 7306 2534 
7511 5321 7314 2534 
7515 5324 7317 2536 
7521 5327 7325 2538 
7525 5329 7328 2539 
7532 5335 7334 2539 
7535 5340 7343 2541 
7540 5344 7350 2546 
7545 5344 7356 2548 
7551 5347 7360 2553 
7554 5351 7369 2558 
7561 5356 7377 2562 
7570 5361 7382 2564 
7574 5367 7388 2566 
7581 5372 7393 2569 
7586 5374 7398 2571 
7587 5377 7402 2572 
7595 5378 7409 2573 
7600 5380 7410 2575 
7605 5384 7414 2582 
7615 5388 7421 2587 
7620 5393 7426 2591 
7625 5398 7432 2594 
7628 5401 7437 2597 
7631 5407 7443 2599 
7638 5416 7449 2601 
7646 5421 7455 2602 
7649 5425 7460 2603 
7651 5429 7465 2606 
7658 5433 7471 2607 
7665 5436 7475 2607 
7674 5440 7478 2608 
7675 5441 7483 2612 
7685 5443 7491 2613 
7695 5446 7495 2614 
7699 5449 7498 2618 
7705 5451 7504 2618 
7714 5456 7508 2623 
7720 5462 7514 2626 
7723 5467 7517 2627 
7726 5470 7520 2629 
7732 5474 7528 2632 
7736 5479 7533 2636 
7741 5486 7538 2639 
7745 5490 7547 2641 
7753 5496 7554 2643 
7756 5500 7561 2644 
7764 5503 7565 2646 
7770 5512 7572 2649 
7774 5516 7576 2650 
7781 5520 7582 2653 
7791 5529 7591 2657 
7794 5533 7594 2661 
7799 5537 7603 2664 
7802 5543 7608 2666 
7809 5551 7614 2666 
7811 5555 7618 2669 
7816 5559 7627 2670 
7819 5563 7633 2671 
7826 5566 7636 2674 
7830 5574 7640 2677 
7834 5582 7646 2679 
7838 5585 7651 2682 
7841 5587 7656 2683 
7845 5592 7661 2687 
7848 5595 7663 2687 
7850 5600 7672 2687 
7854 5604 7674 2689 
7859 5609 7678 2690 
7867 5610 7683 2692 
7876 5615 7692 2694 
7879 5616 7698 2695 
7883 5620 7706 2699 
7887 5624 7714 2701 
7887 5629 7719 2703 
7893 5632 7724 2703 
7900 5632 7732 2706 
7904 5635 7737 2710 
7909 5638 7743 2712 
7910 5646 7745 2712 
7916 5652 7752 2714 
7922 5657 7755 2716 
7926 5660 7761 2722 
7934 5662 7768 2724 
7941 5666 7771 2728 
7949 5670 7776 2729 
7950 5673 7784 2730 
7956 5680 7789 2731 
7966 5683 7795 2731 
7971 5685 7803 2733 
7977 5689 7810 2735 
7982 5692 7816 2736 
7985 5697 7823 2737 
7992 5702 7829 2738 
7995 5707 7832 2739 
8000 5708 7838 2741 
8008 5711 7844 2741 
8020 5719 7853 2741 
8027 5724 7858 2742 
8037 5724 7863 2743 
8042 5728 7866 2748 
8050 5732 7872 2753 
8054 5732 7880 2754 
8059 5734 7882 2756 
8065 5741 7891 2758 
8068 5744 7895 2761 
8068 5751 7897 2766 
8069 5756 7907 2768 
8073 5765 7911 2769 
8082 5769 7916 2770 
8084 5772 7923 2773 
8087 5774 7930 2775 
8095 5779 7938 2779 
8104 5782 7943 2781 
8110 5787 7950 2784 
8116 5792 7959 2787 
8120 5797 7965 2792 
8124 5799 7969 2794 
8131 5803 7977 2796 
8135 5805 7983 2799 
8140 5809 7987 2802 
8144 5814 7992 2803 
8148 5819 7997 2805 
8154 5825 8001 2806 
8162 5827 8007 2809 
8167 5832 8011 2811 
8175 5834 8014 2811 
8181 5840 8020 2811 
8181 5844 8027 2812 
8182 5852 8033 2812 
8187 5857 8037 2813 
8194 5861 8044 2815 
8200 5865 8049 2818 
8203 5867 8057 2821 
8208 5871 8060 2825 
8215 5876 8063 2829 
8221 5883 8066 2832 
8223 5887 8074 2834 
8229 5892 8079 2834 
8232 5894 8090 2835 
8240 5896 8091 2842 
8245 5904 8097 2843 
8254 5908 8099 2845 
8257 5910 8104 2846 
8263 5915 8107 2846 
8270 5920 8113 2848 
8273 5924 8124 2851 
8279 5928 8134 2853 
8285 5933 8140 2856 
8290 5935 8144 2856 
8293 5938 8152 2857 
8298 5939 8161 2859 
8303 5942 8164 2861 
8306 5948 8168 2861 
8309 5950 8174 2864 
8320 5952 8177 2866 
8322 5954 8179 2870 
8325 5955 8186 2870 
8327 5963 8188 2873 
8332 5965 8197 2873 
8334 5972 8203 2876 
8341 5978 8208 2877 
8349 5984 8212 2881 
8361 5985 8220 2883 
8369 5987 8224 2886 
8375 5992 8228 2888 
8377 5995 8232 2888 
8380 5997 8236 2890 
8384 6002 8249 2892 
8388 6005 8254 2892 
8396 6010 8259 2893 
8402 6013 8263 2896 
8407 6017 8271 2898 
8411 6020 8278 2899 
8416 6026 8282 2900 
8422 6033 8287 2901 
8425 6036 8291 2902 
8428 6039 8297 2904 
8433 6041 8300 2905 
8434 6044 8302 2909 
8440 6047 8307 2911 
8446 6048 8315 2915 
8453 6050 8321 2915 
8460 6055 8326 2919 
8464 6063 8332 2921 
8469 6067 8342 2922 
8472 6073 8345 2925 
8476 6076 8348 2926 
8482 6077 8350 2928 
8488 6077 8359 2929 
8493 6081 8369 2934 
8499 6087 8375 2936 
8502 6092 8378 2936 
8507 6096 8382 2939 
8517 6098 8387 2940 
8523 6102 8390 2941 
8525 6111 8399 2944 
8530 6115 8407 2947 
8537 6119 8412 2949 
8542 6126 8416 2950 
8547 6131 8420 2953 
8554 6134 8426 2958 
8560 6138 8430 2961 
8567 6143 8435 2963 
8568 6149 8448 2966 
8573 6151 8453 2968 
8576 6156 8457 2969 
8584 6161 8463 2970 
8592 6163 8471 2975 
8600 6165 8478 2976 
8604 6170 8481 2976 
8615 6173 8489 2978 
8620 6177 8500 2980 
8627 6184 8505 2984 
8630 6189 8508 2984 
8634 6194 8513 2986 
8637 6197 8519 2988 
8644 6202 8525 2990 
8647 6205 8531 2991 
8650 6208 8538 2993 
8656 6211 8543 2994 
8662 6217 8547 2996 
8664 6220 8554 2999 
8672 6225 8558 3000 
8676 6229 8560 3001 
8683 6235 8564 3003 
8689 6241 8571 3003 
8694 6248 8575 3005 
8700 6252 8584 3008 
8702 6257 8596 3009 
8708 6263 8597 3014 
8710 6269 8604 3015 
8716 6273 8612 3018 
8720 6274 8615 3019 
8725 6279 8618 3019 
8730 6282 8622 3022 
8733 6285 8629 3023 
8739 6288 8636 3025 
8746 6289 8643 3026 
8747 6293 8650 3029 
8752 6297 8657 3031 
8760 6303 8663 3034 
8765 6310 8667 3036 
8770 6314 8671 3039 
8779 6317 8680 3041 
8783 6318 8688 3044 
8787 6322 8692 3046 
8792 6326 8698 3048 
8798 6332 8704 3051 
8804 6336 8708 3052 
8805 6341 8717 3056 
8813 6342 8722 3059 
8818 6348 8726 3060 
8820 6355 8728 3063 
8826 6358 8732 3065 
8832 6364 8734 3069 
8833 6368 8739 3073 
8836 6373 8743 3075 
8838 6378 8750 3080 
8845 6382 8753 3082 
8848 6384 8759 3084 
8851 6389 8766 3086 
8859 6392 8775 3086 
8864 6398 8786 3087 
8871 6403 8796 3088 
8874 6404 8801 3090 
8879 6405 8805 3091 
8887 6408 8811 3092 
8896 6412 8814 3095 
8899 6415 8820 3099 
8910 6418 8823 3102 
8915 6425 8829 3102 
8915 6429 8833 3102 
8922 6434 8847 3102 
8925 6437 8851 3103 
8931 6445 8860 3103 
8935 6453 8865 3105 
8939 6455 8869 3108 
8945 6458 8872 3112 
8949 6466 8875 3115 
8956 6470 8881 3116 
8960 6472 8885 3119 
8964 6473 8892 3120 
8971 6476 8896 3120 
8977 6484 8899 3122 
8980 6487 8906 3123 
8989 6489 8909 3126 
8993 6495 8916 3127 
9001 6500 8920 3130 
9005 6502 8928 3134 
9013 6503 8935 3135 
9018 6507 8940 3136 
9023 6509 8941 3136 
9025 6513 8946 3137 
9028 6519 8953 3141 
9032 6525 8957 3145 
9040 6527 8970 3146 
9046 6528 8978 3146 
9052 6533 8985 3146 
9059 6537 8991 3147 
9062 6544 8998 3148 
9065 6549 9002 3148 
9072 6553 9008 3151 
9077 6554 9013 3152 
9077 6556 9018 3152 
9080 6563 9021 3154 
9083 6567 9026 3155 
9089 6570 9030 3160 
9094 6575 9036 3161 
9099 6580 9042 3164 
9102 6585 9048 3167 
9107 6593 9053 3170 
9112 6599 9055 3171 
9117 6602 9064 3175 
9121 6606 9070 3179 
9123 6615 9075 3181 
9126 6618 9081 3182 
9133 6619 9086 3185 
9139 6623 9091 3188 
9150 6626 9101 3191 
9159 6632 9103 3193 
9162 6636 9113 3195 
9166 6639 9118 3198 
9173 6647 9121 3200 
9176 6653 9127 3203 
9183 6658 9134 3203 
9188 6659 9138 3205 
9196 6663 9144 3206 
9202 6667 9152 3210 
9207 6673 9156 3213 
9211 6674 9158 3216 
9225 6674 9164 3218 
9230 6677 9172 3219 
9235 6680 9175 3221 
9241 6682 9178 3224 
9244 6686 9185 3225 
9258 6687 9194 3232 
9264 6690 9198 3235 
9272 6693 9206 3235 
9283 6696 9212 3237 
9288 6700 9217 3240 
9292 6708 9225 3243 
9298 6709 9235 3243 
9305 6709 9240 3248 
9312 6713 9244 3250 
9315 6719 9249 3251 
9315 6730 9256 3253 
9321 6734 9258 3254 
9329 6737 9262 3256 
9337 6740 9270 3257 
9342 6744 9279 3258 
9347 6750 9284 3260 
9355 6756 9287 3262 
9357 6761 9293 3264 
9361 6764 9297 3266 
9367 6765 9300 3267 
9373 6767 9303 3269 
9381 6771 9304 3270 
9388 6773 9310 3274 
9394 6778 9319 3277 
9401 6779 9331 3279 
9404 6782 9337 3281 
9408 6786 9343 3282 
9412 6791 9347 3282 
9419 6796 9350 3284 
9425 6801 9358 3284 
9431 6802 9362 3289 
9439 6805 9367 3291 
9446 6809 9374 3291 
9451 6817 9376 3291 
9457 6822 9384 3293 
9465 6824 9390 3296 
9471 6825 9395 3296 
9476 6829 9403 3299 
9482 6830 9414 3303 
9486 6834 9417 3305 
9491 6837 9423 3309 
9497 6843 9432 3309 
9504 6843 9438 3311 
9506 6849 9442 3311 
9508 6852 9450 3314 
9512 6857 9453 3317 
9518 6864 9458 3318 
9527 6866 9464 3319 
9534 6869 9467 3320 
9539 6871 9475 3321 
9543 6875 9478 3325 
9547 6879 9482 3327 
9551 6881 9488 3330 
9557 6883 9495 3333 
9565 6886 9500 3337 
9571 6894 9505 3338 
9579 6900 9512 3341 
9583 6909 9520 3341 
9586 6912 9523 3341 
9592 6918 9527 3343 
9598 6922 9532 3345 
9603 6923 9533 3347 
9610 6926 9538 3350 
9615 6933 9541 3353 
9623 6938 9544 3355 
9630 6941 9554 3357 
9634 6942 9560 3359 
9639 6946 9569 3360 
9644 6948 9574 3361 
9648 6950 9577 3361 
9656 6956 9581 3367 
9661 6961 9589 3371 
9664 6963 9595 3374 
9667 6966 9603 3375 
9668 6972 9610 3376 
9673 6978 9616 3380 
9677 6982 9621 3384 
9682 6984 9627 3387 
9689 6986 9632 3388 
9692 6994 9637 3389 
9698 7000 9643 3393 
9704 7003 9646 3396 
9709 7004 9654 3399 
9715 7008 9657 3399 
9720 7012 9658 3402 
9727 7017 9662 3404 
9736 7023 9669 3406 
9744 7030 9671 3409 
9752 7033 9677 3414 
9761 7037 9681 3415 
9765 7039 9686 3417 
9766 7043 9693 3417 
9772 7044 9696 3418 
9778 7046 9700 3418 
9783 7049 9715 3422 
9793 7054 9722 3424 
9800 7057 9726 3425 
9806 7063 9730 3430 
9809 7064 9737 3431 
9811 7067 9738 3433 
9813 7072 9747 3434 
9821 7075 9753 3436 
9830 7079 9759 3436 
9836 7085 9764 3437 
9843 7088 9767 3441 
9848 7093 9772 3449 
9853 7097 9779 3450 
9858 7102 9785 3452 
9861 7104 9787 3453 
9870 7107 9790 3454 
9876 7109 9799 3456 
9879 7112 9804 3457 
9886 7113 9811 3459 
9890 7119 9816 3463 
9891 7124 9821 3464 
9892 7131 9826 3467 
9893 7133 9827 3467 
9899 7139 9833 3468 
9905 7143 9842 3473 
9908 7146 9847 3475 
9912 7154 9850 3480 
9915 7156 9852 3483 
9920 7163 9855 3484 
9926 7168 9861 3488 
9931 7170 9867 3491 
9938 7176 9873 3496 
9942 7183 9882 3500 
9950 7189 9894 3503 
9953 7195 9903 3506 
9960 7200 9909 3508 
9967 7203 9913 3512 
9969 7210 9915 3514 
9974 7215 9919 3515 
9980 7222 9925 3517 
9986 7228 9930 3519 
9990 7234 9934 3520 
9994 7239 9938 3522 
9994 7245 9940 3522 
10000 7247 9949 3526 
10004 7249 9954 3531 
10006 7253 9959 3537 
10010 7258 9963 3539 
10014 7264 9968 3542 
10017 7268 9974 3544 
10022 7271 9977 3550 
10027 7275 9983 3552 
10031 7278 9989 3554 
10034 7284 9992 3556 
10041 7287 10003 3559 
10047 7288 10007 3562 
10056 7293 10016 3564 
10064 7303 10024 3568 
10067 7306 10030 3569 
10070 7311 10039 3572 
10074 7316 10048 3578 
10086 7318 10057 3578 
10091 7322 10059 3582 
10096 7325 10061 3582 
10100 7334 10063 3583 
10104 7339 10071 3583 
10107 7341 10074 3588 
10109 7345 10082 3588 
10111 7351 10087 3592 
10116 7358 10093 3594 
10123 7362 10095 3595 
10127 7365 10103 3596 
10129 7372 10111 3599 
10137 7379 10116 3602 
10141 7382 10123 3605 
10148 7384 10128 3606 
10150 7389 10131 3608 
10154 7391 10137 3609 
10155 7397 10139 3614 
10158 7400 10140 3614 
10164 7408 10146 3619 
10166 7411 10150 3621 
10172 7415 10159 3621 
10181 7417 10172 3624 
10185 7420 10181 3626 
10193 7424 10187 3627 
10207 7432 10195 3629 
10211 7436 10206 3633 
10214 7440 10212 3635 
10219 7446 10221 3637 
10226 7453 10227 3637 
10234 7461 10229 3640 
10236 7467 10236 3641 
10239 7474 10238 3641 
10247 7477 10245 3642 
10249 7481 10251 3642 
10253 7485 10256 3645 
10261 7489 10262 3647 
10270 7492 10266 3648 
10275 7496 10272 3649 
10278 7505 10278 3650 
10284 7509 10284 3653 
10290 7513 10291 3654 
10294 7520 10295 3655 
10297 7522 10303 3657 
10304 7527 10311 3662 
10307 7531 10314 3665 
10313 7536 10322 3668 
10318 7538 10326 3670 
10321 7543 10330 3671 
10331 7548 10339 3671 
10336 7552 10341 3672 
10341 7554 10345 3673 
10344 7557 10352 3675 
10347 7560 10363 3676 
10351 7562 10371 3676 
10355 7563 10378 3679 
10361 7567 10388 3679 
10365 7570 10393 3682 
10373 7576 10395 3684 
10378 7583 10403 3688 
10379 7585 10409 3689 
10384 7591 10410 3694 
10387 7597 10415 3695 
10389 7600 10421 3700 
10396 7603 10430 3700 
10400 7607 10434 3701 
10408 7613 10440 3701 
10412 7619 10445 3702 
10417 7625 10450 3705 
10423 7628 10455 3708 
10431 7633 10458 3711 
10436 7637 10466 3713 
10443 7643 10472 3713 
10450 7648 10478 3716 
10455 7650 10485 3718 
10460 7657 10485 3724 
10464 7662 10489 3725 
10471 7664 10494 3729 
10477 7667 10504 3731 
10481 7670 10511 3734 
10485 7673 10523 3738 
10492 7677 10529 3742 
10497 7682 10530 3746 
10501 7686 10539 3746 
10506 7692 10547 3747 
10511 7695 10551 3749 
10517 7699 10560 3751 
10525 7704 10563 3752 
10529 7712 10566 3753 
10536 7718 10570 3754 
10541 7724 10574 3756 
10546 7733 10576 3757 
10552 7735 10580 3757 
10559 7738 10587 3758 
10562 7745 10591 3762 
10567 7748 10600 3764 
10575 7753 10606 3764 
10580 7760 10607 3765 
10583 7769 10614 3766 
10589 7775 10618 3767 
10597 7778 10624 3769 
10606 7784 10629 3771 
10613 7785 10634 3773 
10617 7787 10639 3774 
10623 7795 10643 3777 
10633 7801 10652 3779 
10636 7802 10655 3780 
10643 7806 10656 3781 
10646 7809 10662 3786 
10652 7814 10673 3790 
10663 7818 10680 3793 
10671 7822 10684 3796 
10675 7828 10694 3796 
10684 7829 10698 3798 
10700 7837 10703 3800 
10702 7844 10705 3803 
10705 7850 10712 3805 
10710 7857 10722 3806 
10717 7861 10723 3807 
10723 7863 10730 3809 
10727 7863 10735 3816 
10731 7865 10735 3816 
10732 7866 10743 3818 
10738 7867 10750 3820 
10741 7871 10761 3822 
10748 7880 10768 3824 
10751 7884 10776 3826 
10755 7891 10781 3827 
10762 7893 10785 3828 
10770 7896 10788 3830 
10776 7899 10792 3830 
10784 7903 10798 3831 
10790 7905 10807 3834 
10798 7906 10816 3839 
10803 7911 10820 3842 
10805 7916 10826 3846 
10809 7920 10830 3847 
10819 7924 10834 3850 
10821 7931 10837 3851 
10824 7935 10843 3854 
10827 7939 10845 3855 
10829 7942 10854 3855 
10836 7951 10860 3857 
10842 7956 10870 3860 
10846 7962 10874 3863 
10851 7968 10885 3865 
10857 7969 10889 3867 
10860 7971 10892 3869 
10864 7973 10894 3872 
10871 7974 10900 3872 
10876 7981 10909 3872 
10884 7983 10912 3872 
10886 7985 10918 3874 
10890 7990 10926 3876 
10900 7995 10936 3878 
10901 8002 10946 3882 
10905 8004 10954 3883 
10908 8008 10956 3884 
10913 8012 10961 3886 
10918 8017 10964 3888 
10921 8018 10972 3888 
10926 8023 10976 3891 
10933 8027 10981 3894 
10936 8033 10988 3896 
10945 8038 10992 3897 
10950 8041 10999 3899 
10956 8045 11005 3901 
10961 8050 11009 3902 
10969 8050 11019 3902 
10975 8055 11023 3903 
10982 8056 11028 3904 
10992 8061 11033 3906 
10997 8064 11035 3909 
11001 8066 11038 3911 
11004 8069 11045 3913 
11011 8069 11049 3916 
11018 8072 11054 3917 
11023 8076 11059 3919 
11027 8082 11064 3921 
11031 8084 11071 3921 
11035 8091 11081 3924 
11039 8096 11082 3926 
11041 8098 11086 3931 
11046 8103 11095 3934 
11049 8108 11108 3937 
11055 8108 11115 3940 
11059 8111 11125 3941 
11065 8116 11132 3942 
11070 8122 11137 3944 
11074 8127 11144 3948 
11081 8129 11149 3951 
11088 8136 11152 3952 
11093 8138 11161 3953 
11096 8145 11166 3957 
11098 8151 11170 3957 
11105 8154 11175 3958 
11109 8158 11177 3961 
11115 8165 11180 3964 
11128 8168 11186 3965 
11137 8174 11190 3967 
11139 8180 11192 3970 
11145 8185 11198 3977 
11148 8187 11206 3978 
11151 8192 11212 3980 
11156 8197 11221 3984 
11163 8203 11229 3984 
11169 8206 11236 3987 
11172 8212 11238 3990 
11176 8214 11241 3991 
11184 8219 11244 3993 
11189 8223 11250 3994 
11196 8229 11256 3996 
11203 8230 11262 3998 
11206 8232 11267 4003 
11213 8236 11269 4005 
11216 8242 11274 4009 
11220 8248 11279 4009 
11225 8253 11285 4011 
11230 8257 11297 4014 
11234 8266 11304 4015 
11236 8271 11312 4021 
11239 8273 11320 4027 
11243 8274 11323 4031 
11248 8277 11328 4033 
11257 8282 11332 4036 
11265 8287 11339 4038 
11266 8292 11344 4040 
11270 8299 11346 4041 
11276 8302 11349 4046 
11282 8308 11352 4048 
11286 8313 11362 4050 
11294 8316 11371 4050 
11301 8317 11376 4051 
11306 8320 11381 4052 
11309 8325 11387 4057 
11314 8328 11392 4061 
11318 8331 11398 4064 
11327 8335 11401 4065 
11331 8341 11408 4067 
11336 8343 11413 4070 
11343 8346 11420 4071 
11348 8347 11427 4072 
11352 8353 11435 4074 
11357 8357 11437 4076 
11362 8362 11443 4077 
11369 8365 11453 4078 
11373 8371 11459 4083 
11380 8375 11464 4086 
11387 8382 11471 4088 
11398 8384 11476 4089 
11402 8388 11480 4092 
11412 8393 11494 4094 
11417 8398 11500 4095 
11421 8401 11508 4097 
11427 8405 11514 4100 
11433 8410 11519 4101 
11438 8417 11526 4102 
11444 8418 11528 4102 
11448 8422 11532 4103 
11452 8423 11539 4104 
11455 8429 11549 4105 
11461 8434 11555 4106 
11472 8440 11560 4107 
11479 8443 11568 4108 
11490 8448 11573 4109 
11493 8454 11574 4111 
11502 8458 11582 4112 
11507 8462 11584 4114 
11517 8469 11590 4114 
11525 8476 11595 4114 
11530 8482 11596 4117 
11537 8485 11603 4119 
11538 8491 11611 4122 
11545 8495 11618 4122 
11554 8504 11623 4126 
11556 8508 11632 4127 
11558 8512 11639 4130 
11564 8517 11643 4132 
11570 8522 11653 4135 
11574 8526 11657 4137 
11576 8530 11664 4141 
11580 8535 11671 4141 
11587 8544 11677 4144 
11594 8550 11682 4147 
11599 8557 11692 4150 
11604 8559 11700 4150 
11609 8562 11703 4151 
11614 8564 11712 4155 
11623 8566 11714 4155 
11633 8569 11716 4159 
11638 8573 11724 4163 
11645 8576 11730 4167 
11652 8581 11733 4168 
11658 8587 11737 4168 
11661 8593 11744 4170 
11661 8599 11750 4174 
11668 8607 11755 4175 
11672 8607 11760 4176 
11676 8616 11764 4177 
11684 8619 11772 4180 
11689 8623 11779 4181 
11692 8629 11785 4184 
11703 8634 11789 4185 
11706 8638 11796 4188 
11713 8645 11801 4189 
11716 8652 11807 4191 
11722 8657 11813 4192 
11727 8661 11815 4198 
11733 8668 11818 4199 
11742 8671 11828 4202 
11751 8674 11836 4206 
11760 8679 11844 4210 
11766 8684 11849 4211 
11773 8684 11856 4214 
11779 8688 11863 4216 
11783 8692 11870 4217 
11791 8699 11873 4219 
11794 8703 11879 4221 
11797 8707 11884 4222 
11805 8710 11891 4227 
11810 8715 11896 4231 
11816 8718 11905 4236 
11819 8723 11911 4238 
11826 8724 11916 4238 
11831 8727 11921 4242 
11838 8729 11931 4245 
11849 8735 11932 4247 
11855 8739 11940 4249 
11861 8745 11942 4250 
11868 8748 11949 4251 
11875 8752 11953 4253 
11883 8763 11961 4255 
11889 8770 11968 4259 
11897 8774 11971 4261 
11902 8776 11975 4264 
11908 8778 11980 4266 
11913 8780 11986 4269 
11914 8787 11989 4271 
11920 8794 11993 4273 
11921 8800 11999 4277 
11923 8801 12007 4280 
11934 8804 12016 4282 
11937 8809 12025 4284 
11947 8817 12031 4285 
11954 8824 12033 4287 
11961 8830 12036 4289 
11968 8834 12039 4293 
11975 8838 12042 4293 
11981 8843 12050 4294 
11987 8847 12056 4296 
11994 8850 12058 4300 
12000 8852 12068 4303 
12004 8857 12077 4307 
12010 8859 12084 4311 
12015 8866 12092 4313 
12019 8869 12096 4315 
12028 8873 12105 4320 
12033 8877 12107 4323 
12038 8880 12116 4325 
12041 8886 12119 4326 
12044 8888 12124 4328 
12051 8892 12127 4330 
12058 8903 12131 4331 
12067 8908 12137 4331 
12068 8909 12143 4333 
12078 8916 12149 4337 
12083 8920 12157 4340 
12087 8923 12165 4343 
12097 8928 12171 4346 
12104 8935 12183 4346 
12111 8939 12187 4349 
12114 8946 12193 4353 
12124 8955 12197 4355 
12126 8960 12203 4357 
12132 8967 12207 4360 
12136 8970 12210 4360 
12142 8974 12218 4362 
12148 8977 12225 4366 
12159 8978 12230 4368 
12164 8982 12234 4370 
12171 8984 12238 4371 
12176 8987 12247 4373 
12182 8989 12254 4376 
12186 8994 12258 4377 
12196 9002 12265 4380 
12203 9005 12268 4380 
12211 9010 12275 4380 
12213 9013 12282 4382 
12220 9021 12289 4386 
12226 9025 12295 4388 
12233 9028 12297 4390 
12241 9033 12303 4394 
12247 9037 12308 4394 
12251 9045 12311 4394 
12258 9052 12313 4395 
12261 9057 12315 4401 
12267 9061 12317 4401 
12273 9069 12323 4403 
12276 9073 12326 4404 
12280 9076 12334 4406 
12289 9081 12341 4406 
12291 9082 12348 4409 
12296 9085 12355 4413 
12299 9090 12362 4418 
12305 9095 12365 4421 
12313 9101 12373 4422 
12320 9107 12378 4422 
12327 9111 12383 4423 
12333 9117 12394 4423 
12335 9123 12397 4424 
12339 9130 12401 4426 
12347 9134 12408 4427 
12354 9140 12414 4428 
12360 9143 12420 4428 
12363 9150 12423 4433 
12364 9154 12428 4435 
12368 9158 12433 4435 
12376 9162 12441 4436 
12390 9166 12447 4442 
12398 9170 12452 4445 
12404 9178 12457 4448 
12408 9189 12463 4448 
12414 9194 12470 4451 
12422 9198 12474 4452 
12428 9202 12483 4453 
12436 9207 12491 4457 
12440 9211 12497 4462 
12445 9215 12503 4464 
12453 9219 12506 4467 
12457 9220 12515 4470 
12465 9227 12521 4477 
12472 9234 12528 4479 
12476 9237 12536 4480 
12481 9239 12540 4481 
12482 9244 12549 4482 
12486 9247 12553 4484 
12494 9252 12561 4484 
12503 9258 12562 4488 
12509 9265 12565 4491 
12516 9269 12569 4492 
12524 9274 12575 4494 
12530 9275 12576 4497 
12532 9279 12582 4499 
12536 9286 12586 4502 
12543 9289 12590 4505 
12545 9292 12600 4506 
12553 9297 12609 4512 
12558 9299 12614 4514 
12567 9304 12618 4515 
12570 9306 12622 4516 
12573 9308 12626 4519 
12579 9309 12632 4522 
12582 9311 12636 4522 
12584 9322 12642 4523 
12592 9326 12650 4525 
12596 9335 12654 4528 
12596 9338 12660 4530 
12605 9344 12667 4531 
12609 9351 12673 4534 
12619 9355 12684 4534 
12627 9359 12690 4538 
12630 9364 12692 4544 
12639 9370 12696 4546 
12647 9374 12700 4546 
12653 9378 12706 4549 
12659 9387 12709 4551 
12664 9396 12714 4554 
12668 9399 12717 4557 
12675 9400 12724 4558 
12679 9401 12729 4562 
12689 9404 12732 4565 
12695 9408 12741 4567 
12700 9412 12748 4568 
12705 9418 12751 4572 
12709 9423 12758 4574 
12714 9427 12765 4574 
12720 9428 12766 4575 
12727 9436 12769 4575 
12731 9441 12774 4576 
12737 9447 12786 4577 
12744 9453 12791 4578 
12751 9461 12802 4581 
12756 9465 12809 4583 
12760 9469 12814 4585 
12765 9470 12819 4585 
12774 9475 12825 4585 
12779 9480 12830 4587 
12786 9483 12835 4589 
12794 9486 12838 4592 
12800 9492 12844 4593 
12806 9495 12847 4594 
12808 9496 12851 4597 
12818 9502 12854 4600 
12823 9506 12861 4602 
12832 9511 12862 4604 
12837 9516 12868 4605 
12840 9520 12870 4607 
12842 9523 12876 4608 
12848 9528 12879 4609 
12856 9532 12884 4611 
12861 9536 12893 4615 
12866 9541 12899 4615 
12875 9546 12903 4616 
12881 9554 12912 4616 
12885 9558 12916 4616 
12889 9559 12921 4616 
12892 9565 12928 4621 
12897 9572 12935 4624 
12905 9575 12941 4625 
12911 9581 12947 4627 
12915 9584 12952 4627 
12920 9589 12959 4630 
12921 9593 12964 4631 
12930 9598 12966 4635 
12934 9607 12968 4638 
12939 9608 12976 4641 
12943 9613 12981 4642 
12946 9617 12984 4643 
12951 9626 12989 4646 
12955 9629 12999 4652 
12958 9637 13009 4654 
12960 9643 13015 4657 
12969 9648 13021 4660 
12977 9650 13026 4664 
12986 9654 13034 4665 
12994 9658 13036 4667 
13003 9668 13041 4671 
13008 9673 13044 4675 
13011 9677 13051 4678 
13017 9679 13058 4679 
13022 9681 13061 4683 
13025 9688 13065 4684 
13025 9693 13067 4689 
13030 9698 13070 4691 
13035 9703 13072 4692 
13042 9708 13075 4694 
13045 9713 13082 4695 
13052 9714 13090 4698 
13056 9723 13096 4702 
13064 9726 13105 4704 
13067 9730 13109 4709 
13072 9734 13116 4712 
13076 9734 13122 4714 
13086 9738 13129 4714 
13087 9745 13136 4720 
13089 9751 13141 4722 
13093 9755 13146 4724 
13099 9755 13154 4724 
13101 9758 13159 4725 
13107 9764 13168 4726 
13112 9766 13176 4727 
13118 9770 13184 4728 
13123 9771 13192 4734 
13125 9776 13195 4737 
13127 9780 13199 4738 
13133 9787 13202 4739 
13138 9789 13209 4742 
13143 9798 13218 4743 
13150 9802 13225 4745 
13153 9804 13232 4746 
13161 9806 13240 4747 
13171 9809 13244 4748 
13174 9814 13246 4750 
13180 9822 13249 4750 
13186 9827 13255 4752 
13188 9832 13263 4755 
13193 9834 13265 4756 
13199 9839 13273 4758 
13206 9847 13274 4759 
13208 9853 13282 4763 
13216 9856 13288 4768 
13222 9861 13295 4768 
13227 9870 13298 4769 
13230 9875 13304 4771 
13237 9879 13307 4775 
13239 9882 13312 4775 
13245 9885 13317 4777 
13253 9887 13326 4778 
13256 9889 13330 4781 
13263 9897 13338 4783 
13268 9900 13345 4785 
13274 9900 13350 4787 
13279 9904 13356 4789 
13287 9906 13361 4793 
13292 9910 13368 4794 
13300 9911 13373 4798 
13305 9913 13379 4801 
13315 9918 13389 4805 
13320 9923 13392 4807 
13327 9924 13398 4810 
13332 9928 13403 4814 
13335 9936 13410 4818 
13341 9938 13416 4821 
13347 9941 13423 4823 
13355 9944 13426 4823 
13358 9953 13430 4824 
13359 9955 13434 4826 
13365 9961 13439 4829 
13369 9967 13442 4832 
13375 9974 13448 4833 
13381 9979 13451 4836 
13388 9985 13457 4836 
13393 9989 13461 4837 
13397 9997 13465 4840 
13404 10002 13472 4842 
13407 10008 13478 4844 
13414 10013 13483 4847 
13418 10016 13492 4848 
13425 10021 13495 4851 
13430 10024 13498 4852 
13438 10027 13504 4852 
13446 10030 13509 4854 
13448 10037 13513 4855 
13455 10045 13518 4858 
13465 10053 13522 4860 
13472 10061 13528 4863 
13476 10068 13530 4865 
13481 10073 13538 4865 
13491 10075 13544 4866 
13501 10076 13550 4868 
13508 10077 13557 4869 
13516 10085 13564 4870 
13520 10087 13571 4873 
13522 10093 13580 4877 
13523 10098 13586 4877 
13534 10103 13599 4880 
13536 10109 13610 4881 
13545 10115 13615 4884 
13552 10119 13620 4885 
13557 10123 13624 4886 
13562 10125 13629 4888 
13564 10127 13639 4891 
13575 10134 13646 4895 
13578 10137 13654 4898 
13582 10140 13662 4901 
13587 10144 13668 4902 
13591 10147 13677 4903 
13601 10156 13680 4908 
13609 10161 13691 4911 
13618 10163 13699 4916 
13622 10169 13707 4916 
13628 10172 13715 4919 
13635 10178 13719 4922 
13641 10186 13728 4924 
13648 10193 13731 4926 
13651 10198 13740 4927 
13655 10204 13747 4930 
13661 10208 13751 4933 
13671 10212 13755 4936 
13676 10218 13763 4938 
13679 10222 13772 4941 
13689 10226 13777 4943 
13698 10233 13787 4945 
13705 10239 13793 4949 
13712 10243 13798 4953 
13716 10248 13801 4955 
13721 10251 13808 4957 
13726 10254 13814 4958 
13731 10255 13822 4960 
13737 10261 13828 4961 
13743 10264 13833 4962 
13746 10264 13840 4962 
13751 10268 13849 4963 
13756 10274 13854 4965 
13762 10285 13860 4966 
13766 10287 13866 4967 
13771 10292 13874 4970 
13777 10303 13877 4972 
13786 10308 13888 4973 
13788 10315 13892 4973 
13796 10317 13900 4975 
13801 10318 13904 4977 
13803 10324 13908 4979 
13810 10325 13913 4983 
13814 10330 13918 4988 
13823 10333 13925 4990 
13827 10336 13928 4995 
13830 10340 13938 5000 
13833 10341 13942 5001 
13835 10348 13950 5004 
13840 10356 13954 5005 
13846 10366 13959 5008 
13856 10369 13963 5009 
13863 10379 13969 5012 
13873 10384 13977 5012 
13879 10386 13986 5013 
13886 10391 13992 5014 
13893 10395 13997 5018 
13895 10398 14007 5021 
13902 10404 14014 5022 
13906 10408 14017 5023 
13908 10415 14029 5023 
13914 10420 14039 5026 
13918 10424 14043 5027 
13919 10427 14051 5029 
13925 10428 14058 5033 
13929 10429 14062 5037 
13933 10431 14072 5039 
13941 10432 14077 5039 
13945 10434 14079 5040 
13948 10438 14086 5040 
13958 10442 14094 5043 
13964 10447 14101 5047 
13967 10450 14111 5048 
13971 10456 14123 5053 
13977 10457 14128 5053 
13985 10469 14132 5056 
13991 10475 14138 5057 
13996 10479 14142 5060 
14001 10483 14147 5061 
14008 10491 14156 5063 
14012 10494 14166 5063 
14019 10497 14170 5067 
14025 10502 14174 5071 
14032 10507 14178 5075 
14033 10512 14186 5079 
14039 10515 14194 5080 
14046 10520 14196 5081 
14054 10525 14205 5083 
14057 10528 14211 5089 
14061 10530 14217 5094 
14063 10541 14220 5099 
14067 10545 14229 5101 
14070 10555 14235 5103 
14078 10561 14239 5110 
14084 10563 14247 5112 
14087 10567 14256 5113 
14088 10570 14266 5114 
14091 10578 14274 5116 
14097 10579 14277 5116 
14104 10585 14280 5117 
14108 10588 14287 5118 
14112 10591 14291 5119 
14117 10599 14297 5121 
14123 10603 14304 5123 
14127 10609 14310 5125 
14134 10614 14313 5127 
14148 10621 14317 5128 
14159 10626 14323 5131 
14165 10629 14328 5133 
14174 10633 14334 5133 
14182 10637 14339 5135 
14187 10644 14345 5138 
14194 10650 14350 5140 
14199 10657 14354 5140 
14210 10662 14359 5144 
14215 10663 14363 5146 
14222 10674 14369 5148 
14229 10677 14384 5151 
14232 10680 14389 5155 
14238 10685 14394 5158 
14245 10687 14399 5159 
14248 10691 14403 5161 
14256 10696 14409 5164 
14264 10699 14413 5165 
14270 10706 14422 5171 
14277 10709 14424 5173 
14284 10714 14430 5176 
14290 10719 14435 5179 
14295 10723 14440 5181 
14300 10723 14448 5183 
14308 10727 14457 5183 
14311 10732 14461 5186 
14312 10733 14471 5189 
14317 10734 14476 5191 
14328 10738 14480 5197 
14333 10739 14485 5199 
14339 10740 14490 5201 
14346 10744 14499 5205 
14349 10749 14506 5206 
14356 10749 14511 5209 
14366 10754 14517 5211 
14371 10756 14519 5216 
14376 10761 14525 5217 
14383 10766 14531 5217 
14389 10768 14535 5218 
14400 10773 14543 5221 
14403 10780 14551 5222 
14409 10784 14558 5223 
14413 10790 14562 5226 
14419 10801 14568 5227 
14429 10803 14573 5230 
14434 10804 14583 5232 
14442 10804 14588 5237 
14449 10807 14595 5238 
14451 10813 14599 5241 
14456 10819 14611 5243 
14461 10821 14620 5247 
14465 10827 14629 5248 
14470 10833 14635 5250 
14477 10840 14644 5254 
14482 10842 14649 5258 
14486 10847 14654 5265 
14490 10849 14661 5266 
14500 10855 14666 5269 
14506 10857 14668 5271 
14510 10860 14675 5272 
14510 10868 14686 5275 
14514 10873 14694 5277 
14519 10877 14705 5278 
14521 10880 14712 5279 
14525 10886 14715 5281 
14529 10890 14723 5285 
14532 10893 14728 5288 
14538 10902 14734 5290 
14542 10908 14739 5290 
14547 10911 14743 5292 
14552 10918 14748 5294 
14556 10924 14751 5296 
14560 10925 14762 5297 
14565 10929 14770 5300 
14571 10933 14778 5302 
14578 10941 14781 5306 
14588 10946 14789 5308 
14593 10950 14796 5308 
14596 10956 14804 5311 
14601 10963 14808 5313 
14605 10967 14812 5314 
14608 10971 14817 5316 
14614 10976 14826 5319 
14617 10980 14831 5322 
14625 10987 14838 5323 
14627 10993 14842 5329 
14635 11000 14846 5331 
14641 11003 14853 5334 
14648 11006 14860 5338 
14654 11008 14863 5344 
14663 11014 14868 5349 
14664 11019 14874 5349 
14666 11024 14884 5351 
14672 11030 14889 5357 
14679 11033 14894 5361 
14684 11038 14899 5365 
14687 11041 14906 5367 
14689 11044 14913 5372 
14691 11047 14920 5375 
14693 11055 14925 5378 
14696 11062 14930 5379 
14702 11067 14930 5381 
14712 11071 14936 5382 
14713 11076 14953 5383 
14720 11079 14959 5385 
14733 11090 14966 5388 
14739 11092 14971 5390 
14743 11097 14977 5392 
14747 11104 14984 5395 
14752 11110 14991 5398 
14755 11112 14993 5399 
14763 11118 15003 5399 
14776 11119 15009 5401 
14787 11123 15015 5407 
14800 11125 15021 5411 
14806 11127 15025 5412 
14813 11131 15036 5413 
14821 11134 15044 5414 
14826 11142 15047 5417 
14830 11149 15051 5420 
14834 11156 15062 5425 
14835 11162 15066 5426 
14842 11167 15074 5427 
14846 11171 15079 5428 
14847 11172 15083 5428 
14851 11175 15090 5431 
14855 11186 15100 5431 
14860 11192 15107 5435 
14866 11199 15111 5437 
14870 11204 15119 5437 
14874 11206 15127 5437 
14882 11212 15134 5437 
14885 11216 15137 5439 
14894 11220 15145 5442 
14897 11225 15151 5443 
14904 11228 15155 5444 
14911 11236 15168 5445 
14917 11243 15172 5445 
14922 11247 15179 5446 
14933 11252 15189 5449 
14940 11258 15195 5453 
14945 11261 15198 5455 
14951 11266 15206 5458 
14954 11273 15211 5462 
14963 11276 15216 5464 
14967 11283 15221 5466 
14973 11291 15229 5468 
14978 11294 15235 5471 
14987 11300 15243 5471 
14989 11304 15249 5474 
14994 11309 15256 5477 
15001 11315 15262 5478 
15008 11317 15270 5481 
15010 11320 15275 5485 
15019 11324 15282 5487 
15024 11330 15286 5488 
15027 11335 15292 5490 
15035 11338 15296 5492 
15040 11341 15303 5498 
15047 11348 15307 5499 
15057 11350 15316 5501 
15063 11355 15322 5501 
15069 11363 15328 5504 
15073 11367 15336 5507 
15075 11370 15344 5509 
15082 11371 15350 5509 
15090 11374 15355 5510 
15097 11378 15358 5511 
15106 11381 15364 5511 
15109 11388 15372 5513 
15121 11394 15376 5514 
15127 11401 15382 5515 
15133 11406 15386 5517 
15136 11414 15390 5518 
15142 11422 15398 5520 
15148 11426 15405 5521 
15154 11441 15408 5522 
15162 11442 15413 5525 
15166 11444 15417 5527 
15171 11446 15421 5531 
15180 11452 15425 5536 
15183 11456 15428 5536 
15186 11458 15435 5539 
15197 11462 15442 5542 
15200 11464 15452 5542 
15206 11469 15461 5544 
15213 11470 15470 5546 
15219 11475 15477 5549 
15223 11477 15485 5552 
15227 11479 15490 5555 
15231 11483 15499 5559 
15234 11488 15503 5559 
15241 11494 15508 5560 
15249 11499 15515 5562 
15259 11502 15523 5564 
15267 11506 15530 5564 
15274 11513 15534 5565 
15278 11516 15539 5567 
15284 11520 15546 5569 
15287 11522 15553 5571 
15289 11525 15556 5573 
15297 11529 15564 5574 
15301 11530 15569 5578 
15304 11536 15580 5579 
15313 11541 15588 5579 
15321 11546 15596 5581 
15326 11549 15602 5583 
15328 11555 15605 5586 
15335 11565 15612 5586 
15341 11573 15619 5587 
15348 11579 15623 5589 
15352 11583 15629 5590 
15360 11586 15638 5592 
15367 11591 15639 5592 
15375 11593 15644 5593 
15380 11597 15649 5594 
15386 11601 15657 5596 
15388 11603 15665 5599 
15393 11606 15672 5599 
15396 11609 15679 5603 
15403 11615 15689 5605 
15411 11620 15694 5609 
15414 11627 15698 5609 
15421 11637 15705 5614 
15423 11642 15710 5615 
15426 11646 15716 5617 
15436 11648 15720 5617 
15442 11650 15731 5619 
15446 11656 15737 5619 
15453 11659 15753 5621 
15457 11663 15761 5624 
15464 11669 15763 5625 
15469 11672 15769 5626 
15472 11677 15776 5627 
15482 11683 15786 5629 
15488 11685 15794 5631 
15490 11693 15800 5635 
15494 11694 15805 5641 
15499 11698 15815 5644 
15506 11705 15822 5646 
15510 11706 15828 5649 
15515 11707 15831 5653 
15526 11711 15836 5654 
15530 11716 15840 5655 
15534 11719 15844 5656 
15536 11724 15847 5659 
15542 11734 15851 5665 
15549 11739 15860 5668 
15560 11743 15868 5671 
15564 11748 15873 5672 
15568 11754 15880 5674 
15571 11757 15884 5674 
15577 11761 15888 5678 
15583 11766 15895 5681 
15586 11768 15900 5683 
15589 11774 15908 5683 
15594 11776 15913 5683 
15598 11783 15922 5684 
15603 11785 15933 5686 
15604 11791 15943 5687 
15606 11798 15947 5689 
15609 11804 15957 5691 
15612 11806 15965 5692 
15617 11808 15970 5693 
15623 11813 15980 5694 
15628 11816 15986 5694 
15632 11819 15992 5695 
15639 11822 16001 5699 
15643 11825 16007 5702 
15647 11829 16015 5706 
15655 11832 16019 5707 
15659 11837 16027 5708 
15666 11840 16033 5709 
15671 11844 16037 5713 
15681 11849 16043 5716 
15683 11853 16054 5717 
15689 11856 16060 5718 
15694 11858 16064 5721 
15698 11862 16069 5722 
15703 11867 16077 5725 
15710 11872 16082 5727 
15715 11878 16088 5729 
15721 11881 16093 5731 
15727 11885 16097 5733 
15734 11889 16103 5735 
15741 11892 16109 5736 
15745 11898 16112 5738 
15753 11901 16116 5744 
15764 11907 16120 5745 
15767 11911 16129 5751 
15775 11915 16137 5754 
15786 11918 16139 5756 
15789 11926 16139 5758 
15791 11933 16145 5760 
15797 11940 16148 5762 
15805 11944 16156 5765 
15809 11947 16162 5767 
15817 11954 16171 5768 
15826 11958 16176 5769 
15831 11961 16184 5770 
15841 11968 16189 5773 
15849 11971 16195 5773 
15854 11973 16206 5774 
15856 11978 16212 5778 
15866 11987 16218 5780 
15873 11990 16224 5781 
15878 11993 16230 5783 
15885 11997 16238 5784 
15888 12004 16246 5785 
15892 12008 16255 5792 
15897 12013 16262 5794 
15905 12018 16267 5796 
15911 12023 16273 5797 
15917 12026 16277 5804 
15922 12029 16283 5805 
15933 12036 16289 5807 
15937 12037 16293 5809 
15940 12045 16303 5813 
15948 12051 16309 5817 
15955 12056 16315 5818 
15964 12057 16321 5818 
15973 12062 16331 5819 
15979 12066 16335 5821 
15984 12070 16341 5821 
15988 12074 16343 5824 
15992 12082 16352 5826 
15994 12085 16357 5827 
16000 12088 16360 5828 
16006 12092 16363 5831 
16011 12095 16367 5835 
16014 12104 16371 5837 
16020 12113 16377 5838 
16027 12120 16383 5842 
16038 12123 16397 5843 
16041 12126 16407 5845 
16048 12132 16413 5847 
16052 12135 16419 5847 
16060 12141 16427 5850 
16065 12142 16435 5851 
16069 12145 16438 5853 
16076 12150 16448 5853 
16079 12157 16457 5854 
16082 12164 16465 5854 
16086 12167 16473 5855 
16095 12170 16480 5858 
16106 12172 16489 5861 
16110 12176 16495 5861 
16114 12185 16501 5861 
16118 12195 16505 5864 
16123 12202 16509 5867 
16125 12204 16517 5868 
16129 12208 16525 5870 
16137 12213 16531 5872 
16141 12215 16543 5874 
16145 12225 16547 5874 
16152 12233 16555 5877 
16154 12239 16561 5882 
16156 12243 16566 5884 
16166 12246 16575 5885 
16172 12255 16584 5886 
16181 12259 16587 5887 
16184 12266 16593 5892 
16193 12270 16597 5898 
16195 12273 16602 5899 
16201 12276 16612 5903 
16205 12282 16615 5903 
16209 12285 16622 5905 
16214 12286 16629 5908 
16223 12292 16632 5913 
16230 12297 16637 5916 
16238 12301 16641 5918 
16244 12305 16649 5920 
16250 12309 16655 5921 
16254 12315 16658 5923 
16261 12318 16665 5926 
16267 12322 16679 5927 
16274 12326 16687 5928 
16280 12329 16695 5933 
16286 12334 16701 5938 
16295 12339 16703 5939 
16300 12343 16711 5942 
16303 12345 16717 5943 
16309 12351 16720 5945 
16311 12356 16729 5948 
16314 12358 16735 5951 
16322 12363 16741 5951 
16329 12368 16752 5951 
16336 12371 16755 5951 
16342 12372 16760 5953 
16352 12376 16770 5955 
16357 12382 16775 5958 
16366 12390 16779 5962 
16373 12399 16783 5962 
16381 12403 16790 5965 
16386 12407 16796 5966 
16387 12412 16803 5969 
16392 12415 16810 5969 
16394 12419 16814 5969 
16403 12422 16818 5969 
16407 12424 16830 5971 
16411 12433 16835 5973 
16420 12434 16841 5976 
16425 12437 16844 5977 
16430 12442 16851 5979 
16437 12446 16857 5982 
16448 12449 16859 5984 
16454 12458 16867 5984 
16457 12462 16871 5985 
16461 12467 16878 5986 
16464 12469 16883 5989 
16471 12474 16890 5992 
16477 12478 16899 5994 
16480 12484 16909 5996 
16484 12487 16913 6000 
16489 12489 16915 6000 
16493 12494 16926 6002 
16499 12497 16934 6003 
16506 12501 16939 6003 
16513 12501 16946 6007 
16516 12505 16954 6012 
16519 12513 16958 6012 
16524 12517 16964 6014 
16531 12522 16970 6017 
16540 12527 16973 6018 
16543 12531 16977 6021 
16547 12534 16983 6023 
16555 12540 16991 6024 
16558 12544 16996 6024 
16567 12548 16997 6025 
16572 12551 17001 6026 
16576 12552 17006 6028 
16582 12557 17012 6032 
16590 12560 17015 6035 
16594 12566 17023 6035 
16597 12566 17027 6039 
16604 12569 17030 6043 
16610 12576 17035 6044 
16621 12577 17044 6051 
16626 12579 17046 6053 
16631 12581 17054 6055 
16636 12587 17062 6058 
16641 12588 17070 6059 
16646 12596 17076 6061 
16649 12602 17083 6065 
16656 12608 17088 6066 
16663 12613 17097 6068 
16667 12620 17102 6073 
16670 12622 17114 6074 
16677 12626 17118 6075 
16681 12633 17123 6076 
16684 12636 17128 6079 
16687 12640 17133 6081 
16689 12652 17140 6085 
16695 12659 17144 6085 
16699 12663 17148 6086 
16705 12669 17151 6088 
16709 12677 17160 6088 
16716 12684 17169 6092 
16725 12688 17176 6096 
16737 12691 17184 6098 
16743 12696 17187 6099 
16747 12698 17194 6100 
16750 12702 17195 6102 
16753 12708 17202 6105 
16758 12714 17208 6110 
16765 12719 17218 6114 
16771 12726 17229 6117 
16777 12729 17236 6119 
16781 12731 17242 6122 
16790 12735 17247 6126 
16795 12740 17262 6126 
16802 12744 17269 6128 
16808 12748 17273 6130 
16809 12754 17275 6133 
16811 12759 17281 6134 
16814 12765 17285 6135 
16821 12771 17296 6142 
16828 12774 17306 6143 
16832 12779 17314 6146 
16834 12781 17322 6146 
16844 12787 17331 6146 
16852 12793 17336 6151 
16859 12799 17342 6154 
16867 12802 17346 6157 
16874 12808 17351 6158 
16878 12811 17355 6160 
16883 12812 17362 6163 
16888 12814 17372 6163 
16895 12816 17379 6163 
16901 12821 17382 6166 
16908 12825 17389 6172 
16910 12830 17396 6174 
16914 12833 17404 6175 
16919 12840 17406 6176 
16929 12845 17413 6177 
16935 12849 17421 6179 
16944 12855 17429 6181 
16947 12861 17437 6183 
16952 12865 17441 6188 
16957 12871 17447 6191 
16959 12875 17452 6193 
16962 12878 17456 6195 
16972 12882 17462 6197 
16980 12886 17467 6198 
16985 12888 17473 6199 
16995 12893 17480 6203 
17000 12900 17486 6204 
17001 12902 17493 6205 
17011 12911 17500 6208 
17016 12920 17507 6211 
17022 12931 17511 6213 
17028 12937 17515 6215 
17031 12944 17525 6216 
17036 12948 17530 6217 
17041 12956 17534 6222 
17047 12956 17542 6225 
17054 12966 17551 6227 
17059 12970 17559 6229 
17063 12976 17564 6231 
17072 12981 17573 6235 
17080 12987 17578 6239 
17085 12993 17582 6241 
17089 12997 17592 6242 
17094 13003 17599 6244 
17101 13007 17603 6246 
17111 13011 17607 6251 
17122 13017 17615 6254 
17127 13022 17620 6254 
17130 13025 17622 6257 
17134 13028 17627 6258 
17144 13031 17633 6262 
17147 13034 17642 6263 
17154 13038 17645 6266 
17156 13044 17650 6268 
17160 13048 17658 6275 
17166 13049 17663 6276 
17169 13049 17668 6278 
17172 13053 17671 6279 
17183 13056 17675 6281 
17186 13065 17678 6284 
17195 13069 17684 6287 
17205 13071 17689 6287 
17214 13073 17695 6288 
17218 13075 17703 6290 
17225 13081 17712 6292 
17233 13084 17719 6294 
17235 13093 17721 6294 
17241 13096 17727 6302 
17248 13100 17738 6302 
17254 13100 17745 6306 
17261 13103 17754 6306 
17265 13106 17759 6306 
17268 13115 17766 6310 
17276 13119 17774 6312 
17278 13128 17780 6315 
17282 13132 17784 6316 
17290 13137 17791 6317 
17297 13138 17795 6318 
17304 13145 17799 6318 
17306 13151 17804 6320 
17309 13154 17809 6322 
17315 13158 17813 6323 
17323 13160 17819 6327 
17329 13164 17827 6330 
17336 13170 17833 6332 
17345 13173 17838 6335 
17347 13176 17843 6339 
17353 13180 17853 6340 
17358 13184 17856 6342 
17370 13186 17860 6347 
17373 13189 17864 6349 
17376 13192 17875 6349 
17382 13198 17881 6353 
17387 13208 17887 6356 
17390 13210 17897 6356 
17394 13215 17901 6358 
17400 13218 17909 6358 
17403 13225 17916 6361 
17409 13227 17921 6364 
17417 13232 17927 6366 
17422 13234 17930 6371 
17428 13240 17938 6373 
17437 13246 17941 6374 
17446 13248 17945 6377 
17447 13250 17952 6378 
17456 13253 17959 6378 
17460 13260 17968 6381 
17465 13262 17971 6382 
17473 13267 17974 6385 
17479 13269 17975 6389 
17483 13272 17983 6392 
17486 13274 17992 6393 
17491 13278 17998 6397 
17498 13283 18009 6397 
17501 13288 18011 6398 
17507 13289 18017 6400 
17514 13290 18021 6400 
17521 13294 18027 6402 
17525 13299 18032 6407 
17529 13305 18035 6409 
17538 13309 18036 6409 
17547 13310 18041 6412 
17554 13316 18048 6414 
17557 13321 18054 6417 
17563 13329 18061 6420 
17567 13333 18066 6423 
17574 13337 18072 6427 
17581 13341 18080 6429 
17584 13352 18087 6430 
17588 13359 18095 6432 
17595 13366 18102 6433 
17600 13368 18108 6436 
17606 13374 18112 6437 
17613 13376 18121 6440 
17618 13376 18126 6442 
17623 13379 18133 6444 
17628 13383 18142 6450 
17631 13386 18149 6450 
17634 13392 18157 6451 
17642 13397 18163 6452 
17650 13399 18171 6454 
17654 13402 18177 6458 
17658 13408 18184 6458 
17668 13412 18188 6459 
17671 13415 18194 6462 
17676 13421 18205 6466 
17680 13425 18212 6469 
17686 13429 18221 6473 
17689 13436 18226 6474 
17692 13438 18232 6478 
17701 13440 18239 6479 
17708 13446 18245 6479 
17710 13449 18251 6482 
17717 13452 18258 6483 
17722 13458 18262 6489 
17734 13462 18271 6490 
17741 13466 18279 6493 
17749 13471 18287 6496 
17755 13477 18295 6496 
17760 13481 18297 6497 
17767 13485 18302 6500 
17774 13491 18311 6504 
17778 13494 18318 6505 
17780 13498 18324 6510 
17785 13500 18333 6513 
17791 13504 18342 6515 
17795 13511 18346 6517 
17802 13513 18354 6520 
17806 13518 18359 6522 
17812 13527 18366 6525 
17818 13532 18367 6527 
17822 13536 18370 6534 
17824 13542 18377 6536 
17837 13546 18382 6540 
17846 13551 18392 6542 
17854 13555 18397 6545 
17858 13559 18401 6547 
17861 13564 18407 6548 
17867 13566 18410 6550 
17873 13570 18413 6551 
17878 13574 18419 6556 
17882 13580 18425 6565 
17888 13581 18430 6567 
17892 13587 18435 6569 
17896 13592 18439 6572 
17902 13595 18447 6573 
17909 13600 18453 6575 
17915 13605 18464 6577 
17919 13610 18474 6580 
17920 13614 18479 6582 
17928 13620 18487 6584 
17937 13623 18488 6587 
17941 13625 18494 6588 
17946 13629 18501 6591 
17956 13633 18510 6594 
17965 13635 18517 6596 
17969 13642 18526 6597 
17975 13645 18532 6599 
17984 13650 18540 6601 
17992 13656 18545 6604 
17998 13660 18552 6607 
18002 13661 18563 6611 
18006 13662 18567 6612 
18013 13665 18572 6615 
18022 13671 18580 6618 
18030 13676 18588 6620 
18037 13682 18591 6623 
18046 13691 18595 6623 
18052 13697 18601 6624 
18060 13699 18607 6625 
18066 13701 18615 6626 
18071 13704 18622 6628 
18076 13708 18628 6629 
18083 13715 18639 6630 
18094 13717 18647 6634 
18098 13719 18653 6635 
18107 13723 18658 6636 
18111 13724 18666 6640 
18118 13726 18671 6643 
18121 13733 18678 6645 
18130 13736 18682 6645 
18143 13743 18685 6647 
18148 13745 18689 6649 
18156 13750 18690 6650 
18162 13754 18695 6652 
18165 13756 18703 6655 
18170 13759 18708 6659 
18173 13765 18714 6660 
18179 13769 18718 6663 
18182 13774 18726 6664 
18189 13779 18732 6664 
18192 13786 18741 6665 
18195 13789 18746 6667 
18201 13795 18753 6669 
18207 13796 18757 6671 
18217 13801 18767 6674 
18226 13807 18768 6677 
18233 13809 18775 6679 
18238 13815 18780 6684 
18243 13818 18784 6686 
18251 13824 18791 6689 
18254 13824 18797 6690 
18260 13826 18804 6693 
18266 13831 18812 6696 
18277 13839 18815 6696 
18283 13842 18821 6696 
18289 13845 18827 6699 
18292 13847 18827 6701 
18296 13852 18834 6703 
18300 13855 18842 6705 
18304 13858 18846 6707 
18311 13861 18855 6712 
18320 13864 18863 6714 
18325 13868 18873 6719 
18336 13872 18879 6719 
18342 13877 18886 6720 
18346 13879 18891 6723 
18351 13884 18893 6724 
18359 13889 18899 6725 
18366 13898 18903 6728 
18374 13904 18907 6731 
18379 13907 18916 6734 
18384 13910 18924 6739 
18386 13921 18931 6742 
18393 13928 18939 6743 
18400 13932 18942 6745 
18404 13932 18948 6748 
18413 13937 18952 6749 
18419 13939 18958 6751 
18422 13940 18965 6751 
18431 13945 18967 6754 
18440 13947 18972 6755 
18447 13950 18979 6758 
18453 13954 18986 6761 
18459 13957 18991 6763 
18466 13959 18992 6766 
18467 13962 18993 6767 
18476 13970 19000 6767 
18480 13975 19012 6768 
18486 13977 19018 6771 
18494 13982 19024 6772 
18501 13984 19031 6775 
18506 13990 19038 6777 
18513 13994 19049 6780 
18518 13996 19056 6784 
18525 14003 19064 6786 
18534 14005 19066 6789 
18541 14007 19070 6793 
18551 14011 19082 6794 
18553 14015 19088 6798 
18558 14018 19096 6801 
18564 14022 19105 6805 
18565 14026 19109 6806 
18568 14031 19119 6810 
18574 14036 19127 6811 
18581 14041 19134 6815 
18587 14045 19138 6816 
18593 14047 19143 6819 
18599 14057 19149 6820 
18603 14065 19155 6822 
18605 14071 19161 6823 
18611 14075 19170 6825 
18616 14081 19175 6826 
18621 14083 19182 6829 
18626 14086 19187 6829 
18637 14093 19188 6829 
18645 14096 19197 6831 
18651 14100 19204 6831 
18655 14110 19215 6834 
18660 14117 19220 6836 
18670 14121 19223 6839 
18674 14125 19228 6839 
18681 14129 19239 6840 
18686 14133 19245 6842 
18693 14137 19250 6844 
18699 14142 19258 6846 
18708 14146 19265 6849 
18716 14148 19270 6852 
18725 14155 19272 6856 
18731 14162 19275 6860 
18736 14165 19282 6862 
18742 14168 19289 6866 
18752 14170 19296 6872 
18753 14174 19300 6875 
18759 14179 19304 6878 
18762 14183 19308 6882 
18771 14188 19319 6884 
18776 14195 19330 6886 
18780 14202 19335 6888 
18790 14207 19342 6890 
18794 14211 19347 6893 
18803 14213 19353 6894 
18808 14220 19360 6895 
18810 14221 19366 6896 
18814 14221 19371 6899 
18824 14223 19378 6902 
18831 14228 19382 6908 
18839 14232 19386 6909 
18847 14236 19388 6910 
18854 14238 19392 6913 
18860 14243 19397 6914 
18866 14251 19405 6915 
18868 14255 19411 6916 
18877 14258 19417 6920 
18878 14260 19424 6922 
18886 14264 19430 6928 
18894 14267 19432 6934 
18897 14273 19442 6934 
18900 14276 19446 6936 
18906 14279 19452 6938 
18912 14287 19456 6939 
18915 14288 19460 6941 
18918 14292 19466 6942 
18930 14300 19476 6944 
18940 14307 19485 6948 
18947 14315 19496 6950 
18955 14319 19502 6952 
18960 14324 19505 6954 
18966 14324 19512 6956 
18971 14332 19522 6957 
18975 14337 19527 6960 
18982 14340 19532 6963 
18990 14344 19536 6965 
19002 14349 19542 6968 
19008 14351 19551 6975 
19016 14360 19553 6978 
19023 14366 19559 6979 
19029 14368 19570 6980 
19031 14374 19576 6983 
19039 14381 19579 6983 
19043 14390 19586 6985 
19049 14394 19592 6986 
19055 14403 19596 6992 
19060 14408 19601 6994 
19061 14411 19615 6996 
19069 14416 19619 7001 
19074 14419 19627 7003 
19080 14423 19637 7003 
19085 14430 19646 7004 
19089 14436 19651 7005 
19096 14445 19655 7008 
19100 14451 19666 7011 
19110 14454 19671 7015 
19113 14457 19677 7017 
19117 14462 19689 7021 
19120 14466 19701 7021 
19126 14471 19704 7021 
19127 14474 19708 7022 
19132 14477 19712 7024 
19139 14487 19718 7026 
19143 14492 19720 7027 
19146 14494 19728 7028 
19157 14497 19732 7029 
19159 14505 19737 7031 
19163 14511 19745 7034 
19170 14512 19754 7035 
19176 14514 19762 7037 
19180 14521 19768 7042 
19187 14528 19773 7043 
19192 14533 19782 7045 
19197 14539 19788 7050 
19198 14542 19794 7053 
19204 14549 19799 7056 
19210 14556 19804 7058 
19214 14561 19808 7062 
19217 14570 19815 7064 
19219 14575 19821 7066 
19222 14579 19831 7068 
19232 14584 19841 7074 
19233 14587 19844 7079 
19236 14590 19846 7082 
19250 14594 19851 7085 
19256 14600 19859 7086 
19260 14607 19868 7089 
19264 14608 19875 7092 
19270 14613 19883 7094 
19276 14619 19892 7095 
19282 14623 19898 7098 
19286 14626 19904 7102 
19290 14630 19913 7105 
19296 14635 19924 7106 
19299 14640 19929 7109 
19310 14642 19936 7110 
19315 14649 19943 7113 
19320 14654 19954 7116 
19324 14663 19958 7120 
19333 14670 19966 7122 
19334 14673 19971 7124 
19338 14679 19976 7130 
19342 14682 19983 7132 
19350 14690 19994 7134 
19358 14694 19998 7135 
19365 14702 20001 7136 
19370 14708 20007 7139 
19377 14709 20010 7143 
19382 14717 20018 7143 
19389 14723 20025 7146 
19396 14728 20031 7150 
19402 14734 20035 7152 
19412 14735 20039 7152 
19416 14741 20043 7153 
19423 14745 20050 7157 
19429 14750 20054 7159 
19435 14755 20060 7159 
19440 14762 20063 7163 
19451 14769 20071 7165 
19459 14771 20072 7168 
19466 14775 20080 7169 
19471 14779 20087 7171 
19474 14782 20092 7172 
19479 14786 20095 7177 
19488 14790 20102 7181 
19491 14794 20110 7182 
19496 14800 20113 7182 
19504 14807 20120 7184 
19509 14815 20124 7187 
19514 14821 20129 7191 
19518 14826 20136 7192 
19526 14829 20143 7196 
19531 14829 20145 7199 
19538 14834 20151 7202 
19543 14837 20156 7205 
19549 14843 20160 7209 
19554 14844 20167 7212 
19561 14849 20175 7215 
19569 14855 20181 7215 
19573 14866 20187 7216 
19577 14868 20192 7217 
19580 14873 20200 7218 
19588 14879 20203 7219 
19590 14887 20211 7221 
19597 14896 20219 7221 
19601 14905 20225 7222 
19605 14907 20231 7224 
19613 14912 20236 7225 
19616 14919 20244 7227 
19624 14921 20250 7229 
19633 14924 20253 7230 
19639 14926 20257 7232 
19646 14935 20268 7235 
19650 14942 20279 7236 
19655 14944 20286 7240 
19666 14951 20291 7243 
19676 14954 20296 7244 
19683 14961 20304 7246 
19688 14967 20306 7247 
19695 14972 20311 7250 
19700 14975 20319 7253 
19708 14983 20328 7255 
19715 14984 20337 7257 
19722 14986 20342 7259 
19730 14988 20347 7262 
19739 14994 20355 7266 
19740 14999 20359 7270 
19740 15006 20366 7272 
19744 15007 20375 7276 
19750 15011 20380 7277 
19758 15020 20385 7279 
19765 15023 20389 7282 
19769 15026 20393 7285 
19779 15034 20398 7285 
19783 15040 20403 7286 
19793 15043 20408 7289 
19796 15047 20415 7292 
19804 15057 20420 7295 
19807 15064 20426 7297 
19809 15068 20432 7297 
19816 15072 20439 7301 
19822 15074 20444 7304 
19833 15078 20452 7304 
19840 15082 20454 7306 
19847 15090 20458 7308 
19854 15092 20464 7311 
19859 15096 20471 7313 
19867 15099 20475 7316 
19875 15102 20480 7320 
19879 15106 20485 7321 
19883 15108 20493 7324 
19887 15114 20496 7325 
19890 15116 20501 7327 
19898 15119 20507 7331 
19904 15122 20512 7333 
19911 15129 20521 7335 
19915 15134 20527 7335 
19917 15140 20537 7337 
19923 15143 20549 7341 
19930 15153 20552 7344 
19934 15162 20561 7344 
19942 15169 20564 7348 
19956 15174 20569 7350 
19957 15177 20575 7353 
19961 15180 20582 7354 
19967 15190 20589 7356 
19983 15197 20597 7358 
19988 15201 20609 7360 
19994 15212 20613 7364 
20001 15219 20616 7365 
20011 15222 20624 7366 
20016 15226 20631 7367 
20019 15227 20639 7368 
20021 15232 20645 7369 
20027 15236 20656 7373 
20031 15239 20659 7376 
20036 15242 20668 7377 
20039 15247 20673 7378 
20046 15252 20684 7379 
20054 15257 20690 7380 
20061 15261 20695 7382 
20066 15270 20704 7383 
20075 15278 20709 7385 
20078 15282 20714 7386 
20085 15287 20722 7386 
20091 15292 20726 7389 
20097 15295 20736 7393 
20102 15299 20742 7395 
20105 15303 20750 7396 
20110 15308 20759 7396 
20115 15312 20763 7399 
20122 15315 20777 7399 
20126 15318 20782 7400 
20129 15322 20788 7402 
20136 15328 20793 7402 
20144 15333 20803 7403 
20149 15338 20810 7406 
20153 15348 20820 7408 
20158 15354 20826 7410 
20163 15359 20829 7413 
20169 15364 20833 7415 
20173 15373 20834 7417 
20179 15374 20835 7419 
20184 15379 20843 7420 
20191 15389 20855 7423 
20198 15392 20861 7425 
20205 15394 20868 7425 
20210 15396 20872 7430 
20216 15398 20883 7431 
20226 15401 20893 7432 
20233 15406 20899 7433 
20235 15413 20905 7436 
20238 15418 20913 7437 
20243 15425 20923 7437 
20250 15426 20926 7438 
20257 15427 20930 7441 
20261 15429 20939 7444 
20273 15441 20946 7444 
20284 15446 20953 7446 
20287 15455 20961 7450 
20295 15463 20965 7452 
20299 15468 20976 7453 
20307 15474 20980 7457 
20314 15475 20986 7457 
20326 15481 20990 7461 
20334 15486 20995 7462 
20339 15491 21006 7463 
20342 15493 21012 7468 
20355 15497 21021 7471 
20361 15504 21033 7472 
20369 15506 21036 7477 
20376 15514 21043 7478 
20384 15520 21050 7480 
20390 15527 21054 7485 
20398 15532 21061 7488 
20405 15536 21067 7489 
20413 15543 21073 7492 
20418 15549 21079 7496 
20428 15552 21082 7500 
20434 15554 21087 7505 
20439 15563 21095 7506 
20449 15567 21100 7510 
20454 15577 21109 7514 
20461 15584 21118 7517 
20467 15588 21125 7517 
20480 15591 21132 7520 
20485 15597 21135 7521 
20494 15601 21140 7525 
20504 15607 21148 7528 
20507 15612 21157 7531 
20517 15618 21161 7531 
20521 15626 21169 7533 
20521 15633 21178 7536 
20527 15637 21189 7540 
20532 15637 21197 7542 
20543 15645 21203 7543 
20554 15648 21217 7545 
20558 15654 21228 7546 
20565 15657 21234 7549 
20572 15666 21239 7551 
20578 15672 21248 7555 
20589 15676 21252 7557 
20595 15679 21255 7561 
20599 15687 21267 7565 
20606 15692 21274 7569 
20610 15697 21278 7574 
20611 15702 21288 7576 
20617 15709 21295 7578 
20621 15714 21302 7579 
20626 15718 21310 7579 
20629 15723 21317 7581 
20639 15729 21322 7582 
20647 15734 21335 7584 
20651 15737 21342 7586 
20658 15741 21348 7586 
20660 15745 21357 7590 
20665 15754 21365 7591 
20670 15757 21369 7595 
20675 15762 21371 7599 
20680 15771 21377 7601 
20685 15773 21387 7602 
20688 15781 21395 7603 
20696 15786 21395 7605 
20707 15790 21399 7608 
20712 15793 21402 7611 
20718 15796 21403 7611 
20722 15805 21410 7614 
20726 15816 21420 7617 
20731 15820 21429 7623 
20738 15827 21436 7626 
20744 15832 21444 7628 
20748 15837 21451 7631 
20753 15842 21455 7634 
20758 15846 21458 7635 
20765 15849 21462 7638 
20775 15851 21470 7640 
20781 15854 21473 7641 
20788 15857 21476 7643 
20794 15861 21485 7644 
20798 15866 21491 7646 
20806 15871 21495 7647 
20814 15875 21506 7649 
20819 15878 21514 7650 
20828 15887 21519 7656 
20842 15891 21526 7658 
20853 15894 21532 7661 
20860 15898 21544 7662 
20873 15905 21547 7665 
20878 15907 21558 7667 
20885 15915 21563 7668 
20893 15922 21566 7671 
20897 15929 21570 7674 
20907 15937 21577 7675 
20913 15948 21584 7676 
20920 15948 21593 7677 
20926 15948 21602 7678 
20931 15952 21609 7682 
20946 15954 21618 7684 
20952 15960 21631 7684 
20956 15964 21638 7692 
20962 15968 21644 7696 
20967 15972 21649 7696 
20968 15973 21657 7699 
20972 15978 21663 7699 
20980 15983 21669 7703 
20982 15988 21673 7706 
20987 15989 21682 7709 
20992 15991 21688 7715 
20996 15998 21689 7716 
21003 16000 21700 7716 
21009 16004 21707 7719 
21015 16007 21711 7721 
21021 16010 21722 7723 
21026 16015 21725 7725 
21031 16020 21730 7727 
21040 16024 21735 7729 
21045 16027 21742 7732 
21056 16029 21748 7733 
21061 16033 21757 7734 
21065 16041 21762 7736 
21070 16047 21765 7738 
21073 16050 21772 7739 
21083 16053 21781 7741 
21089 16059 21787 7743 
21099 16061 21796 7744 
21102 16070 21804 7745 
21109 16074 21812 7746 
21116 16076 21821 7749 
21120 16083 21824 7753 
21124 16088 21833 7754 
21131 16096 21841 7755 
21138 16099 21848 7756 
21145 16102 21853 7758 
21152 16106 21863 7760 
21164 16107 21869 7764 
21171 16115 21874 7766 
21180 16123 21878 7767 
21187 16125 21886 7771 
21196 16132 21895 7771 
21202 16136 21904 7773 
21210 16141 21912 7776 
21215 16144 21919 7779 
21224 16149 21923 7782 
21230 16154 21929 7783 
21235 16162 21934 7783 
21239 16168 21947 7783 
21244 16176 21950 7784 
21248 16178 21959 7786 
21253 16181 21967 7789 
21258 16184 21977 7791 
21260 16191 21982 7793 
21263 16192 21987 7794 
21271 16195 21996 7796 
21275 16200 22002 7799 
21279 16206 22003 7800 
21285 16212 22005 7803 
21290 16218 22010 7804 
21297 16221 22018 7806 
21304 16226 22026 7809 
21306 16230 22031 7810 
21311 16235 22042 7812 
21318 16239 22051 7813 
21322 16244 22059 7814 
21324 16246 22072 7822 
21325 16247 22078 7823 
21332 16254 22081 7826 
21341 16257 22086 7829 
21348 16263 22089 7834 
21356 16265 22094 7836 
21364 16269 22103 7836 
21366 16271 22108 7840 
21376 16275 22111 7843 
21379 16279 22117 7846 
21384 16281 22124 7849 
21390 16287 22131 7850 
21395 16292 22137 7850 
21401 16299 22144 7852 
21404 16306 22149 7855 
21413 16314 22154 7856 
21417 16321 22156 7857 
21423 16329 22159 7859 
21434 16334 22163 7861 
21441 16336 22171 7865 
21449 16344 22179 7867 
21456 16347 22181 7869 
21458 16351 22191 7871 
21461 16353 22198 7872 
21464 16355 22206 7874 
21473 16360 22213 7875 
21483 16366 22217 7877 
21486 16374 22223 7881 
21494 16380 22230 7885 
21500 16384 22235 7885 
21503 16389 22241 7888 
21515 16391 22244 7890 
21523 16394 22252 7893 
21530 16399 22261 7895 
21538 16403 22263 7897 
21545 16409 22274 7897 
21553 16411 22282 7898 
21559 16415 22290 7903 
21564 16420 22294 7904 
21573 16424 22299 7909 
21581 16428 22308 7913 
21583 16432 22314 7914 
21589 16436 22321 7914 
21596 16437 22328 7916 
21602 16439 22337 7916 
21608 16446 22345 7916 
21617 16452 22353 7917 
21626 16460 22360 7920 
21633 16464 22364 7923 
21643 16470 22367 7926 
21647 16477 22369 7926 
21652 16483 22373 7929 
21658 16487 22380 7933 
21667 16493 22386 7934 
21676 16502 22393 7934 
21681 16505 22405 7937 
21691 16511 22414 7938 
21696 16515 22425 7941 
21704 16520 22432 7946 
21709 16526 22439 7948 
21717 16531 22449 7951 
21727 16533 22453 7956 
21732 16539 22462 7961 
21738 16544 22469 7965 
21743 16547 22478 7967 
21745 16554 22482 7971 
21751 16560 22491 7973 
21755 16566 22494 7974 
21761 16570 22506 7974 
21766 16573 22511 7979 
21776 16577 22518 7979 
21782 16581 22521 7982 
21789 16586 22529 7983 
21800 16588 22533 7985 
21807 16590 22540 7989 
21813 16594 22544 7991 
21821 16597 22549 7996 
21827 16600 22554 8001 
21830 16604 22558 8004 
21835 16608 22565 8009 
21843 16610 22579 8012 
21852 16616 22587 8013 
21864 16626 22592 8013 
21872 16634 22597 8016 
21878 16646 22603 8018 
21887 16649 22605 8025 
21894 16656 22608 8030 
21902 16658 22609 8032 
21906 16661 22615 8034 
21910 16665 22621 8037 
21914 16670 22631 8040 
21919 16673 22636 8045 
21927 16681 22642 8048 
21933 16686 22647 8051 
21937 16688 22652 8054 
21943 16692 22658 8056 
21947 16700 22663 8059 
21954 16705 22672 8062 
21957 16708 22675 8065 
21964 16714 22683 8071 
21969 16716 22688 8071 
21975 16722 22692 8071 
21981 16727 22698 8074 
21987 16727 22706 8077 
21994 16730 22711 8078 
22001 16736 22715 8078 
22013 16742 22724 8081 
22020 16749 22733 8083 
22029 16755 22738 8084 
22038 16760 22747 8086 
22045 16765 22756 8088 
22048 16770 22762 8092 
22054 16775 22767 8094 
22061 16780 22776 8097 
22069 16787 22781 8099 
22076 16795 22786 8103 
22084 16799 22792 8105 
22089 16803 22798 8112 
22096 16813 22801 8112 
22101 16820 22811 8115 
22106 16825 22820 8119 
22108 16831 22832 8119 
22111 16841 22838 8121 
22121 16844 22845 8121 
22124 16848 22851 8122 
22129 16855 22855 8133 
22138 16856 22866 8134 
22148 16863 22874 8136 
22154 16865 22883 8136 
22163 16868 22889 8137 
22168 16872 22894 8138 
22175 16880 22898 8139 
22180 16886 22904 8141 
22186 16890 22916 8143 
22192 16895 22929 8146 
22196 16905 22935 8147 
22203 16910 22939 8149 
22209 16914 22943 8153 
22219 16918 22951 8155 
22230 16925 22957 8158 
22238 16929 22964 8160 
22245 16931 22973 8161 
22253 16937 22978 8164 
22261 16941 22984 8171 
22269 16945 22988 8172 
22276 16948 22995 8176 
22286 16952 23001 8179 
22291 16955 23010 8179 
22300 16959 23017 8182 
22309 16963 23025 8185 
22313 16968 23030 8187 
22319 16973 23031 8190 
22323 16978 23035 8193 
22329 16984 23044 8196 
22332 16987 23050 8198 
22335 16991 23056 8198 
22340 17000 23064 8203 
22343 17007 23071 8204 
22349 17008 23077 8205 
