0 0 0 0 
3 5 4 3 
6 8 10 5 
11 17 14 8 
17 19 20 9 
24 21 22 11 
26 21 25 15 
28 23 29 18 
31 26 33 23 
33 29 38 25 
39 30 42 27 
49 34 47 28 
56 36 49 31 
61 41 56 34 
74 48 59 35 
79 50 61 38 
83 53 67 39 
91 56 74 42 
99 60 81 45 
106 67 85 46 
115 72 89 50 
117 79 93 51 
124 82 96 54 
131 84 101 54 
139 86 108 55 
146 87 118 56 
151 91 123 56 
155 92 129 59 
162 94 134 60 
167 99 139 61 
174 102 141 62 
180 105 149 65 
183 109 153 69 
187 111 158 70 
192 119 165 72 
195 121 166 74 
202 126 174 76 
205 133 182 77 
213 134 183 80 
220 136 186 82 
227 138 192 83 
230 144 194 84 
241 148 201 85 
247 149 209 86 
252 150 218 90 
254 157 220 93 
258 160 223 95 
266 163 230 96 
272 169 234 98 
274 175 239 100 
276 178 245 100 
279 183 250 102 
284 187 256 104 
289 193 263 107 
293 196 265 109 
298 198 269 110 
305 206 275 115 
314 208 281 117 
320 210 287 117 
322 214 295 118 
325 218 300 122 
331 224 304 123 
340 225 309 124 
342 232 314 124 
350 234 322 126 
356 238 331 127 
361 241 335 129 
370 241 337 130 
372 244 345 130 
378 250 352 130 
382 255 358 133 
389 256 361 135 
395 258 361 139 
397 264 368 139 
405 266 370 141 
410 268 378 141 
422 272 386 146 
427 275 393 148 
432 279 398 150 
435 280 402 151 
442 283 408 151 
448 285 414 151 
456 287 419 153 
458 291 425 156 
463 296 430 158 
466 302 436 158 
477 306 442 160 
482 308 444 162 
485 311 457 163 
490 316 463 164 
498 319 469 164 
498 322 478 165 
503 325 486 165 
505 328 489 167 
511 330 496 168 
516 333 502 171 
519 341 506 172 
522 343 512 175 
528 351 521 176 
531 354 526 179 
538 358 532 179 
543 360 536 182 
545 363 542 184 
548 367 546 185 
554 369 550 186 
560 373 558 189 
566 373 569 191 
572 374 576 195 
576 377 578 196 
585 382 582 199 
592 389 586 202 
597 393 592 207 
601 395 600 208 
604 401 605 211 
613 402 609 211 
621 405 616 212 
625 409 618 212 
634 414 625 215 
638 416 629 218 
647 418 632 221 
650 423 639 224 
653 423 648 225 
656 427 658 227 
659 432 666 229 
665 437 671 230 
670 444 672 232 
676 446 685 235 
682 451 693 236 
688 453 700 238 
694 460 704 239 
698 462 711 240 
704 466 722 241 
709 468 727 242 
714 473 730 246 
716 476 734 247 
719 480 738 247 
728 483 742 249 
735 484 749 252 
739 487 755 252 
745 489 761 256 
754 492 768 257 
759 496 772 257 
762 500 775 259 
768 502 775 260 
773 505 777 260 
783 511 781 261 
785 515 786 263 
788 518 791 266 
792 523 798 269 
800 527 800 271 
804 532 806 273 
812 535 814 276 
814 541 817 277 
821 543 819 279 
829 548 820 279 
832 551 830 282 
838 555 834 284 
844 557 837 289 
846 560 839 289 
849 561 844 289 
851 565 851 290 
853 569 859 290 
857 575 861 290 
865 576 862 291 
873 578 867 291 
875 582 871 292 
879 585 879 294 
884 590 885 295 
891 590 887 300 
894 595 891 301 
898 597 900 305 
908 602 903 309 
913 607 906 310 
915 610 909 313 
926 611 915 314 
930 613 922 316 
938 615 924 317 
941 617 931 321 
948 619 937 323 
951 623 939 324 
957 627 947 325 
963 634 952 329 
967 638 959 330 
973 648 962 335 
980 652 966 335 
983 654 971 337 
987 660 975 340 
989 661 979 341 
994 664 986 341 
997 666 994 341 
1002 669 999 342 
1006 671 1006 344 
1011 677 1008 346 
1021 680 1015 348 
1025 683 1018 350 
1029 688 1023 351 
1031 691 1029 353 
1040 692 1032 356 
1044 694 1044 358 
1050 698 1047 359 
1058 704 1052 361 
1063 712 1058 365 
1071 721 1062 365 
1074 726 1064 366 
1078 731 1069 371 
1086 737 1077 371 
1090 742 1081 373 
1095 744 1090 375 
1101 750 1096 376 
1108 751 1101 379 
1111 755 1109 381 
1117 758 1115 385 
1125 761 1123 388 
1128 765 1130 388 
1134 767 1133 391 
1137 775 1136 393 
1147 778 1142 395 
1151 783 1145 396 
1156 785 1151 402 
1164 789 1154 406 
1166 794 1158 406 
1170 799 1162 407 
1179 805 1169 409 
1183 813 1175 411 
1192 815 1180 412 
1197 816 1185 413 
1203 820 1188 415 
1205 820 1191 415 
1212 826 1194 416 
1218 829 1198 418 
1221 835 1205 418 
1225 838 1210 419 
1228 842 1215 424 
1230 847 1216 424 
1232 852 1217 425 
1242 857 1226 426 
1247 860 1230 429 
1252 863 1235 431 
1261 864 1237 431 
1266 865 1242 432 
1272 873 1245 435 
1281 875 1249 437 
1284 879 1257 440 
1286 882 1262 441 
1294 886 1265 443 
1299 889 1270 443 
1303 894 1274 445 
1312 899 1276 447 
1317 904 1278 450 
1323 908 1278 451 
1330 913 1283 456 
1338 916 1291 457 
1343 917 1295 459 
1346 920 1299 461 
1352 923 1308 464 
1358 926 1314 465 
1364 932 1317 467 
1372 939 1322 467 
1376 941 1328 471 
1380 947 1331 471 
1384 952 1333 472 
1393 956 1338 474 
1399 960 1347 476 
1408 961 1352 478 
1412 966 1359 478 
1419 970 1366 481 
1423 970 1373 482 
1426 974 1378 484 
1432 975 1379 486 
1438 977 1383 488 
1441 978 1388 490 
1446 981 1395 491 
1450 982 1398 491 
1460 984 1402 494 
1464 987 1407 496 
1473 991 1411 497 
1478 998 1416 499 
1481 1004 1420 503 
1486 1011 1424 504 
1487 1012 1426 507 
1492 1014 1438 508 
1495 1017 1443 510 
1497 1019 1446 513 
1502 1022 1448 514 
1508 1027 1455 515 
1516 1033 1463 519 
1520 1038 1472 523 
1522 1042 1479 526 
1529 1047 1484 527 
1534 1050 1491 529 
1536 1055 1497 533 
1537 1056 1502 534 
1541 1063 1505 537 
1546 1068 1512 537 
1550 1070 1520 539 
1557 1074 1531 540 
1561 1078 1535 541 
1564 1085 1543 541 
1572 1088 1549 542 
1578 1091 1554 543 
1585 1095 1558 545 
1587 1098 1564 545 
1593 1101 1569 549 
1597 1106 1574 553 
1605 1110 1581 555 
1610 1114 1585 556 
1614 1116 1589 562 
1617 1123 1597 564 
1625 1129 1602 564 
1633 1135 1605 566 
1637 1136 1610 569 
1647 1137 1612 572 
1650 1138 1618 575 
1654 1141 1625 577 
1657 1146 1633 578 
1661 1149 1641 580 
1664 1153 1642 581 
1673 1156 1650 582 
1679 1160 1657 582 
1683 1162 1660 586 
1694 1165 1667 589 
1699 1169 1675 589 
1703 1172 1683 589 
1707 1178 1686 591 
1716 1180 1691 591 
1721 1182 1693 594 
1727 1188 1698 596 
1729 1192 1707 597 
1735 1194 1715 601 
1742 1199 1716 602 
1747 1204 1725 603 
1750 1206 1734 607 
1751 1208 1736 612 
1757 1210 1740 615 
1764 1220 1750 621 
1772 1225 1753 622 
1779 1228 1754 624 
1786 1234 1758 624 
1787 1238 1765 626 
1794 1241 1767 628 
1799 1247 1775 631 
1801 1254 1781 636 
1808 1256 1784 637 
1816 1256 1788 638 
1824 1259 1794 642 
1827 1262 1799 646 
1831 1265 1805 647 
1836 1268 1813 649 
1841 1271 1817 653 
1846 1273 1821 658 
1853 1277 1825 658 
1859 1278 1831 659 
1865 1281 1838 661 
1869 1282 1846 664 
1875 1286 1856 666 
1881 1289 1862 668 
1890 1300 1864 669 
1901 1301 1867 669 
1903 1304 1870 670 
1912 1309 1872 672 
1919 1314 1878 676 
1928 1317 1883 678 
1934 1321 1891 680 
1942 1325 1894 681 
1948 1328 1901 683 
1951 1331 1904 685 
1956 1336 1911 687 
1961 1346 1915 688 
1969 1350 1919 688 
1971 1354 1928 688 
1976 1355 1933 689 
1981 1360 1939 692 
1986 1364 1944 693 
1993 1369 1953 696 
2001 1372 1957 696 
2009 1378 1961 698 
2012 1380 1964 701 
2019 1385 1968 701 
2029 1387 1974 702 
2034 1391 1979 703 
2038 1394 1988 706 
2041 1396 1990 707 
2044 1399 1993 707 
2047 1401 1996 708 
2051 1404 2005 708 
2054 1405 2008 710 
2057 1409 2010 710 
2062 1411 2013 714 
2068 1417 2021 716 
2072 1420 2028 716 
2077 1425 2032 716 
2084 1431 2036 717 
2088 1439 2040 717 
2096 1441 2043 717 
2099 1446 2044 718 
2103 1452 2046 720 
2109 1457 2050 726 
2120 1459 2052 730 
2125 1463 2058 731 
2128 1466 2062 731 
2133 1468 2067 733 
2138 1470 2075 736 
2144 1476 2079 738 
2151 1479 2082 739 
2157 1483 2086 741 
2164 1488 2091 744 
2168 1492 2096 746 
2174 1493 2103 746 
2177 1495 2110 748 
2180 1500 2116 750 
2188 1504 2121 751 
2197 1508 2124 753 
2205 1515 2131 754 
2211 1520 2135 755 
2213 1523 2137 759 
2216 1527 2143 760 
2222 1533 2144 760 
2228 1535 2151 760 
2232 1541 2155 761 
2240 1548 2159 764 
2245 1552 2162 766 
2251 1558 2167 767 
2254 1560 2178 769 
2260 1565 2184 769 
2266 1568 2187 770 
2267 1574 2193 772 
2275 1579 2196 775 
2286 1583 2199 775 
2293 1586 2201 777 
2301 1597 2204 780 
2306 1599 2206 781 
2309 1603 2210 783 
2311 1609 2213 784 
2317 1617 2217 784 
2326 1621 2226 784 
2335 1624 2232 785 
2340 1627 2239 787 
2347 1629 2245 787 
2352 1634 2250 787 
2355 1637 2251 787 
2362 1642 2254 789 
2368 1644 2259 793 
2374 1652 2262 794 
2376 1658 2266 794 
2387 1662 2273 796 
2393 1665 2278 796 
2401 1669 2284 797 
2410 1672 2286 803 
2413 1674 2294 805 
2424 1674 2302 806 
2430 1675 2307 808 
2434 1676 2310 810 
2440 1678 2313 811 
2445 1681 2314 812 
2449 1688 2323 814 
2452 1695 2329 816 
2457 1698 2334 816 
2460 1700 2334 818 
2465 1702 2337 819 
2470 1707 2341 819 
2479 1711 2347 821 
2481 1714 2350 821 
2484 1717 2358 823 
2495 1722 2360 825 
2503 1727 2365 829 
2508 1732 2368 831 
2512 1737 2372 835 
2515 1740 2380 836 
2517 1744 2386 837 
2523 1749 2391 839 
2529 1756 2392 842 
2536 1761 2400 842 
2547 1768 2405 843 
2549 1769 2414 843 
2552 1770 2424 843 
2557 1770 2427 845 
2566 1775 2434 845 
2571 1777 2438 847 
2575 1779 2443 849 
2580 1782 2449 850 
2583 1785 2454 851 
2585 1787 2458 853 
2589 1791 2462 853 
2603 1794 2470 853 
2607 1800 2472 856 
2613 1800 2476 857 
2618 1804 2480 857 
2622 1806 2483 859 
2627 1809 2490 860 
2629 1809 2495 863 
2632 1811 2502 865 
2642 1813 2506 868 
2645 1816 2509 871 
2652 1818 2515 874 
2658 1822 2522 874 
2666 1826 2524 876 
2675 1827 2534 880 
2678 1832 2540 883 
2681 1836 2545 884 
2685 1840 2548 886 
2688 1846 2553 890 
2691 1849 2559 893 
2700 1852 2563 895 
2704 1857 2568 900 
2710 1858 2571 902 
2713 1863 2581 903 
2722 1866 2585 903 
2728 1871 2587 903 
2734 1875 2592 905 
2741 1880 2594 910 
2744 1883 2597 913 
2753 1886 2602 915 
2757 1889 2606 916 
2764 1893 2609 920 
2771 1894 2616 922 
2776 1897 2622 923 
2780 1903 2631 923 
2785 1910 2636 924 
2789 1916 2644 927 
2794 1922 2648 928 
2801 1926 2652 928 
2803 1933 2656 928 
2808 1935 2661 932 
2814 1938 2664 935 
2823 1940 2671 935 
2826 1941 2680 936 
2832 1942 2689 938 
2837 1944 2698 940 
2846 1945 2703 941 
2851 1949 2709 942 
2856 1952 2714 945 
2858 1953 2719 948 
2861 1957 2721 950 
2865 1962 2724 955 
2872 1965 2727 955 
2874 1970 2734 956 
2878 1976 2738 957 
2883 1978 2743 958 
2891 1982 2754 960 
2894 1984 2758 962 
2898 1990 2763 965 
2903 1997 2767 965 
2903 2000 2772 965 
2908 2006 2775 966 
2912 2006 2777 971 
2915 2010 2782 973 
2922 2013 2790 973 
2926 2014 2795 976 
2928 2018 2798 977 
2931 2022 2805 982 
2938 2028 2811 983 
2943 2032 2822 985 
2947 2033 2825 987 
2950 2035 2830 987 
2957 2038 2835 988 
2960 2045 2840 989 
2962 2048 2846 990 
2968 2053 2848 991 
2968 2055 2855 993 
2977 2056 2861 994 
2983 2059 2866 994 
2987 2062 2872 996 
2993 2066 2878 996 
3003 2070 2878 996 
3006 2074 2886 998 
3018 2077 2894 998 
3024 2081 2896 998 
3031 2086 2899 999 
3032 2089 2903 1001 
3040 2092 2908 1003 
3047 2094 2914 1006 
3056 2099 2917 1007 
3059 2099 2924 1008 
3068 2100 2932 1010 
3072 2101 2935 1012 
3074 2106 2936 1012 
3078 2111 2944 1015 
3083 2118 2949 1016 
3088 2121 2954 1016 
3098 2127 2959 1019 
3101 2130 2963 1022 
3109 2131 2969 1027 
3113 2132 2973 1027 
3122 2134 2980 1033 
3127 2136 2983 1036 
3134 2141 2986 1037 
3137 2146 2992 1037 
3141 2151 2999 1040 
3144 2153 3002 1041 
3149 2157 3004 1043 
3156 2159 3006 1046 
3161 2168 3012 1046 
3165 2170 3016 1048 
3167 2172 3023 1050 
3174 2174 3030 1053 
3179 2177 3033 1055 
3183 2177 3042 1057 
3189 2178 3052 1061 
3198 2182 3055 1062 
3204 2187 3055 1063 
3212 2194 3058 1064 
3217 2197 3066 1066 
3222 2202 3074 1067 
3231 2209 3079 1069 
3237 2212 3090 1070 
3245 2212 3096 1073 
3254 2218 3099 1075 
3264 2226 3105 1077 
3269 2228 3108 1079 
3272 2231 3111 1080 
3273 2232 3117 1083 
3286 2235 3126 1086 
3289 2238 3131 1087 
3304 2240 3137 1087 
3309 2242 3140 1089 
3312 2247 3141 1092 
3316 2249 3147 1094 
3321 2252 3154 1094 
3326 2254 3158 1096 
3331 2257 3161 1098 
3340 2259 3164 1099 
3341 2264 3169 1100 
3345 2266 3177 1102 
3351 2270 3183 1103 
3356 2276 3187 1104 
3363 2281 3195 1105 
3368 2285 3201 1107 
3378 2289 3208 1110 
3388 2292 3219 1111 
3392 2295 3223 1114 
3399 2298 3229 1117 
3404 2307 3236 1119 
3409 2313 3241 1120 
3419 2317 3245 1124 
3426 2324 3254 1127 
3429 2329 3261 1129 
3433 2333 3266 1133 
3438 2337 3273 1135 
3447 2344 3276 1136 
3458 2346 3280 1136 
3461 2349 3286 1136 
3466 2351 3291 1137 
3469 2353 3300 1138 
3471 2354 3306 1140 
3474 2359 3312 1140 
3479 2363 3319 1141 
3485 2365 3324 1142 
3489 2369 3335 1145 
3494 2373 3340 1145 
3500 2377 3350 1148 
3505 2383 3353 1149 
3510 2391 3362 1150 
3514 2394 3367 1152 
3517 2397 3375 1154 
3521 2399 3378 1155 
3526 2403 3385 1155 
3534 2407 3398 1156 
3541 2408 3401 1159 
3550 2413 3407 1163 
3554 2415 3413 1163 
3559 2418 3422 1166 
3564 2421 3428 1166 
3568 2426 3433 1168 
3577 2428 3443 1169 
3581 2432 3447 1169 
3590 2434 3452 1172 
3603 2437 3458 1175 
3608 2438 3465 1176 
3613 2445 3474 1176 
3619 2449 3478 1176 
3623 2455 3481 1179 
3629 2462 3490 1179 
3634 2464 3498 1181 
3638 2465 3501 1183 
3645 2470 3505 1185 
3652 2473 3511 1187 
3658 2479 3514 1188 
3661 2481 3515 1190 
3664 2483 3523 1192 
3666 2486 3530 1194 
3672 2491 3535 1196 
3678 2496 3542 1197 
3681 2497 3547 1198 
3687 2503 3553 1199 
3689 2509 3559 1202 
3695 2514 3564 1203 
3700 2517 3567 1207 
3701 2517 3569 1207 
3703 2522 3574 1210 
3704 2524 3578 1211 
3712 2527 3583 1213 
3717 2532 3588 1214 
3721 2538 3591 1217 
3726 2539 3593 1218 
3732 2544 3595 1218 
3738 2549 3602 1219 
3747 2552 3610 1220 
3756 2555 3612 1223 
3762 2557 3615 1225 
3770 2562 3622 1228 
3775 2567 3631 1231 
3780 2568 3637 1232 
3783 2573 3641 1232 
3786 2576 3645 1238 
3790 2579 3651 1239 
3796 2585 3658 1239 
3803 2588 3662 1244 
3808 2593 3666 1247 
3813 2597 3670 1251 
3815 2603 3677 1252 
3825 2607 3680 1254 
3831 2610 3687 1259 
3834 2615 3692 1260 
3841 2618 3695 1262 
3846 2623 3702 1264 
3857 2627 3708 1267 
3864 2630 3713 1268 
3870 2634 3720 1269 
3878 2640 3730 1269 
3882 2645 3736 1269 
3888 2647 3739 1269 
3891 2649 3748 1272 
3895 2653 3751 1273 
3903 2657 3758 1275 
3907 2660 3763 1277 
3912 2661 3769 1277 
3916 2662 3774 1281 
3924 2666 3781 1281 
3930 2668 3782 1282 
3936 2675 3788 1285 
3940 2677 3790 1289 
3943 2681 3794 1289 
3948 2682 3800 1292 
3953 2686 3803 1295 
3957 2691 3805 1296 
3960 2694 3811 1298 
3971 2698 3821 1302 
3977 2704 3826 1305 
3983 2708 3832 1309 
3984 2712 3834 1313 
3989 2717 3837 1314 
3991 2720 3848 1316 
3998 2720 3852 1317 
4004 2726 3858 1318 
4008 2729 3866 1319 
4011 2730 3871 1323 
4021 2734 3878 1324 
4027 2739 3883 1324 
4035 2745 3892 1325 
4037 2749 3903 1327 
4040 2753 3908 1330 
4047 2757 3913 1331 
4049 2763 3916 1331 
4052 2766 3925 1332 
4058 2772 3929 1335 
4064 2778 3934 1339 
4068 2781 3941 1340 
4074 2786 3947 1342 
4080 2790 3955 1344 
4087 2795 3959 1344 
4090 2800 3962 1345 
4094 2803 3964 1345 
4098 2805 3968 1348 
4110 2806 3974 1352 
4120 2807 3981 1354 
4123 2808 3983 1355 
4130 2812 3987 1356 
4135 2815 3994 1357 
4139 2825 3997 1358 
4145 2831 4002 1359 
4150 2834 4006 1362 
4152 2835 4015 1367 
4158 2839 4020 1370 
4167 2841 4021 1377 
4172 2845 4026 1379 
4178 2848 4031 1379 
4187 2852 4037 1380 
4193 2854 4041 1383 
4202 2859 4046 1384 
4208 2862 4054 1386 
4218 2864 4058 1387 
4221 2869 4064 1388 
4226 2871 4068 1390 
4237 2874 4074 1392 
4240 2878 4079 1393 
4244 2882 4087 1396 
4248 2884 4094 1398 
4252 2888 4102 1402 
4255 2891 4108 1402 
4261 2894 4113 1404 
4263 2896 4120 1406 
4269 2901 4127 1407 
4275 2906 4132 1409 
4276 2906 4135 1412 
4284 2908 4138 1412 
4288 2910 4145 1414 
4296 2911 4150 1415 
4298 2916 4156 1418 
4309 2918 4163 1419 
4311 2922 4166 1421 
4319 2924 4170 1422 
4323 2926 4174 1424 
4328 2934 4179 1425 
4332 2935 4182 1428 
4337 2942 4191 1432 
4345 2947 4195 1432 
4348 2950 4198 1433 
4350 2956 4205 1435 
4354 2959 4210 1439 
4364 2966 4210 1442 
4371 2967 4215 1443 
4378 2971 4218 1446 
4381 2975 4222 1447 
4388 2978 4226 1447 
4394 2981 4231 1449 
4400 2984 4237 1449 
4404 2987 4246 1450 
4410 2989 4253 1454 
4416 2993 4256 1456 
4418 2994 4258 1459 
4426 2998 4265 1459 
4433 3001 4271 1460 
4443 3005 4277 1460 
4445 3009 4280 1460 
4452 3011 4287 1461 
4460 3017 4290 1464 
4466 3022 4295 1464 
4472 3023 4298 1464 
4476 3030 4304 1466 
4477 3035 4309 1469 
4482 3037 4314 1470 
4487 3040 4318 1475 
4492 3041 4324 1479 
4495 3044 4326 1481 
4500 3048 4333 1481 
4505 3051 4337 1481 
4507 3056 4344 1483 
4509 3057 4349 1483 
4517 3061 4356 1483 
4524 3061 4364 1483 
4527 3070 4370 1485 
4536 3075 4371 1488 
4542 3076 4378 1490 
4551 3080 4385 1491 
4554 3083 4389 1493 
4556 3094 4398 1494 
4564 3106 4400 1499 
4575 3107 4410 1502 
4584 3111 4413 1503 
4589 3114 4419 1505 
4593 3117 4423 1505 
4602 3119 4426 1508 
4609 3125 4432 1510 
4612 3133 4439 1512 
4618 3136 4443 1513 
4622 3146 4446 1517 
4623 3151 4451 1520 
4628 3152 4458 1522 
4635 3155 4461 1528 
4641 3164 4468 1531 
4650 3167 4473 1531 
4656 3174 4479 1533 
4660 3181 4484 1534 
4668 3185 4496 1538 
4672 3192 4502 1541 
4675 3197 4507 1544 
4678 3204 4509 1548 
4681 3208 4513 1552 
4686 3210 4525 1554 
4689 3212 4532 1557 
4698 3217 4534 1558 
4705 3219 4540 1559 
4706 3221 4545 1561 
4714 3224 4550 1564 
4720 3227 4556 1568 
4726 3229 4562 1568 
4729 3232 4568 1570 
4734 3236 4572 1575 
4740 3240 4579 1577 
4744 3241 4581 1580 
4748 3247 4585 1584 
4751 3253 4591 1585 
4755 3257 4595 1589 
4758 3261 4600 1589 
4762 3266 4608 1589 
4767 3267 4614 1590 
4769 3271 4620 1591 
4770 3277 4627 1591 
4779 3281 4634 1593 
4786 3284 4637 1594 
4792 3287 4643 1596 
4794 3291 4646 1597 
4797 3295 4651 1597 
4803 3304 4656 1599 
4806 3310 4665 1601 
4812 3314 4667 1601 
4818 3318 4669 1601 
4829 3324 4677 1604 
4834 3328 4685 1607 
4839 3332 4692 1608 
4848 3337 4696 1609 
4853 3341 4699 1611 
4857 3345 4705 1614 
4865 3350 4713 1617 
4875 3354 4719 1621 
4879 3360 4723 1624 
4885 3362 4729 1626 
4888 3367 4736 1628 
4894 3376 4739 1629 
4900 3378 4748 1629 
4906 3380 4755 1630 
4912 3383 4763 1630 
4915 3386 4769 1632 
4922 3391 4774 1632 
4927 3392 4778 1634 
4933 3398 4780 1637 
4934 3403 4781 1640 
4937 3407 4787 1644 
4942 3412 4790 1646 
4949 3415 4791 1649 
4953 3415 4796 1651 
4956 3417 4801 1653 
4959 3424 4805 1654 
4967 3426 4813 1656 
4972 3428 4823 1660 
4977 3435 4826 1661 
4984 3439 4832 1663 
4991 3444 4838 1664 
4993 3447 4842 1665 
4997 3449 4847 1665 
5004 3455 4852 1669 
5009 3463 4858 1670 
5012 3468 4864 1672 
5018 3471 4871 1672 
5022 3476 4876 1672 
5026 3479 4889 1672 
5031 3481 4895 1673 
5037 3487 4900 1677 
5041 3488 4907 1681 
5044 3494 4910 1681 
5049 3497 4912 1684 
5056 3500 4919 1686 
5065 3500 4928 1687 
5068 3505 4933 1687 
5076 3508 4940 1688 
5085 3512 4944 1690 
5090 3516 4953 1690 
5101 3522 4959 1691 
5109 3526 4963 1693 
5119 3527 4966 1696 
5125 3530 4971 1699 
5133 3541 4975 1699 
5137 3550 4981 1699 
5140 3553 4983 1703 
5145 3558 4989 1703 
5149 3564 4994 1703 
5151 3570 5003 1703 
5157 3573 5009 1704 
5165 3576 5017 1707 
5172 3576 5031 1711 
5180 3578 5037 1712 
5183 3582 5042 1714 
5188 3591 5048 1717 
5192 3594 5057 1720 
5197 3596 5064 1721 
5203 3602 5070 1723 
5210 3607 5079 1723 
5213 3611 5083 1723 
5218 3616 5089 1724 
5222 3619 5093 1725 
5227 3621 5102 1727 
5232 3624 5109 1730 
5238 3627 5111 1731 
5240 3630 5117 1732 
5243 3632 5120 1734 
5249 3640 5127 1734 
5254 3647 5128 1735 
5260 3648 5138 1737 
5270 3648 5143 1737 
5282 3654 5149 1738 
5286 3659 5155 1739 
5290 3664 5165 1741 
5296 3669 5170 1744 
5299 3671 5175 1745 
5308 3674 5176 1748 
5312 3678 5181 1749 
5317 3681 5187 1753 
5323 3681 5193 1756 
5329 3682 5195 1756 
5334 3684 5202 1756 
5342 3687 5207 1757 
5346 3690 5210 1758 
5349 3694 5213 1760 
5356 3698 5218 1764 
5359 3703 5225 1764 
5367 3706 5226 1766 
5375 3714 5232 1768 
5379 3721 5238 1771 
5382 3729 5244 1772 
5386 3735 5250 1774 
5392 3736 5258 1778 
5395 3743 5262 1779 
5401 3746 5266 1781 
5405 3751 5270 1781 
5412 3755 5276 1782 
5414 3759 5282 1784 
5423 3763 5293 1785 
5429 3771 5298 1787 
5432 3776 5307 1788 
5441 3780 5310 1789 
5449 3788 5317 1789 
5457 3791 5322 1790 
5461 3793 5329 1796 
5465 3797 5332 1798 
5468 3801 5338 1801 
5471 3803 5345 1802 
5479 3810 5351 1803 
5485 3817 5358 1805 
5489 3820 5363 1806 
5491 3826 5369 1807 
5496 3828 5374 1808 
5500 3832 5380 1811 
5503 3837 5384 1813 
5505 3839 5389 1814 
5510 3842 5390 1814 
5519 3843 5395 1817 
5524 3846 5395 1819 
5528 3850 5402 1821 
5533 3853 5406 1823 
5541 3858 5410 1831 
5547 3863 5414 1834 
5551 3867 5419 1836 
5552 3869 5421 1836 
5560 3871 5430 1836 
5567 3873 5432 1839 
5574 3878 5437 1841 
5578 3881 5444 1844 
5585 3885 5447 1847 
5590 3888 5449 1851 
5594 3890 5458 1854 
5602 3894 5463 1856 
5605 3898 5472 1856 
5610 3904 5476 1858 
5616 3905 5485 1858 
5620 3915 5495 1862 
5624 3918 5501 1863 
5630 3921 5506 1864 
5635 3926 5508 1868 
5641 3928 5511 1870 
5642 3929 5517 1871 
5646 3936 5525 1872 
5651 3938 5530 1875 
5653 3946 5534 1876 
5658 3950 5540 1876 
5663 3954 5542 1876 
5668 3956 5546 1876 
5674 3961 5550 1877 
5679 3964 5566 1881 
5681 3966 5573 1881 
5685 3972 5577 1884 
5691 3975 5578 1888 
5695 3977 5583 1889 
5702 3981 5589 1895 
5707 3983 5592 1897 
5710 3984 5600 1897 
5715 3987 5606 1899 
5716 3989 5615 1901 
5722 3995 5621 1903 
5726 4001 5629 1905 
5733 4005 5639 1908 
5736 4009 5642 1910 
5738 4012 5648 1912 
5741 4014 5651 1914 
5752 4018 5657 1915 
5758 4022 5661 1919 
5768 4023 5669 1920 
5774 4025 5676 1921 
5777 4029 5684 1926 
5784 4030 5692 1929 
5786 4030 5699 1929 
5791 4033 5701 1932 
5795 4033 5704 1932 
5801 4038 5708 1934 
5808 4043 5710 1937 
5812 4047 5715 1939 
5820 4049 5718 1940 
5826 4053 5724 1942 
5829 4059 5731 1945 
5836 4063 5733 1946 
5839 4067 5739 1946 
5848 4071 5745 1948 
5854 4073 5751 1949 
5859 4074 5760 1951 
5869 4079 5769 1951 
5873 4083 5773 1952 
5879 4087 5780 1954 
5880 4091 5788 1954 
5887 4095 5793 1954 
5894 4100 5797 1957 
5900 4104 5807 1957 
5904 4110 5814 1959 
5908 4112 5814 1966 
5915 4116 5818 1967 
5926 4124 5823 1967 
5931 4127 5828 1969 
5936 4130 5831 1971 
5941 4134 5837 1973 
5945 4136 5845 1976 
5946 4142 5850 1980 
5952 4146 5861 1981 
5958 4149 5867 1983 
5963 4151 5875 1985 
5969 4154 5878 1987 
5974 4160 5881 1988 
5981 4164 5885 1989 
5987 4166 5889 1990 
5993 4172 5890 1992 
6000 4176 5892 1994 
6004 4181 5898 1995 
6012 4182 5904 1996 
6019 4187 5910 1998 
6026 4190 5914 2001 
6034 4194 5917 2004 
6036 4196 5924 2006 
6039 4199 5926 2008 
6048 4206 5930 2011 
6053 4211 5936 2014 
6057 4215 5944 2015 
6061 4222 5947 2015 
6064 4226 5955 2018 
6067 4228 5965 2022 
6072 4233 5969 2023 
6078 4237 5974 2025 
6089 4241 5982 2027 
6093 4246 5985 2028 
6097 4249 5990 2029 
6102 4255 5998 2029 
6107 4263 6004 2033 
6112 4267 6011 2037 
6114 4270 6018 2038 
6119 4275 6023 2040 
6125 4281 6025 2040 
6130 4287 6031 2040 
6132 4291 6032 2041 
6142 4297 6039 2042 
6148 4300 6044 2044 
6151 4302 6052 2046 
6152 4305 6057 2048 
6157 4308 6062 2051 
6163 4316 6067 2051 
6168 4320 6070 2055 
6171 4323 6078 2059 
6178 4325 6083 2061 
6186 4331 6089 2063 
6190 4333 6095 2063 
6196 4337 6105 2063 
6203 4340 6110 2065 
6207 4342 6118 2066 
6215 4345 6123 2069 
6220 4349 6128 2073 
6226 4354 6138 2076 
6228 4359 6142 2080 
6237 4366 6148 2083 
6241 4372 6152 2085 
6251 4380 6154 2086 
6256 4386 6159 2088 
6262 4391 6162 2091 
6268 4397 6165 2093 
6271 4404 6169 2096 
6275 4410 6176 2097 
6279 4419 6179 2098 
6288 4420 6182 2101 
6295 4423 6186 2103 
6299 4427 6189 2104 
6304 4433 6193 2107 
6307 4433 6198 2108 
6310 4436 6203 2114 
6314 4441 6206 2120 
6320 4442 6214 2121 
6326 4449 6219 2122 
6329 4451 6222 2123 
6334 4455 6223 2125 
6340 4457 6226 2126 
6346 4459 6232 2127 
6352 4462 6242 2129 
6358 4465 6248 2130 
6364 4469 6254 2131 
6373 4475 6256 2132 
6382 4480 6258 2134 
6390 4484 6266 2138 
6395 4487 6272 2142 
6399 4490 6275 2142 
6408 4496 6280 2143 
6413 4503 6284 2144 
6420 4504 6294 2144 
6425 4508 6296 2146 
6432 4512 6298 2147 
6439 4517 6303 2150 
6445 4521 6308 2150 
6450 4528 6313 2154 
6453 4530 6317 2158 
6463 4534 6324 2161 
6467 4536 6331 2162 
6471 4538 6334 2163 
6476 4539 6340 2165 
6482 4547 6346 2166 
6487 4555 6353 2169 
6491 4562 6360 2170 
6495 4570 6365 2170 
6499 4573 6370 2170 
6504 4576 6381 2171 
6509 4583 6390 2173 
6516 4586 6399 2176 
6524 4588 6406 2179 
6530 4593 6410 2180 
6533 4596 6415 2180 
6536 4602 6421 2181 
6541 4604 6427 2183 
6545 4607 6433 2186 
6552 4610 6444 2189 
6557 4612 6448 2190 
6564 4617 6454 2192 
6567 4621 6457 2193 
6570 4625 6464 2194 
6574 4629 6468 2195 
6582 4632 6472 2199 
6586 4634 6482 2199 
6588 4639 6488 2201 
6596 4641 6491 2205 
6599 4643 6496 2206 
6603 4648 6501 2207 
6611 4653 6505 2207 
6617 4656 6508 2211 
6625 4660 6513 2212 
6629 4664 6517 2213 
6635 4665 6518 2214 
6642 4667 6525 2216 
6648 4670 6532 2216 
6656 4674 6535 2220 
6660 4678 6541 2223 
6666 4681 6549 2225 
6674 4690 6554 2226 
6681 4694 6560 2229 
6686 4701 6567 2231 
6693 4706 6569 2233 
6702 4708 6576 2236 
6706 4716 6580 2236 
6711 4718 6585 2241 
6713 4720 6592 2241 
6722 4724 6598 2245 
6732 4725 6602 2248 
6741 4731 6607 2251 
6744 4736 6610 2254 
6748 4740 6617 2256 
6755 4742 6627 2257 
6759 4746 6631 2258 
6765 4749 6635 2258 
6767 4751 6641 2259 
6774 4754 6643 2261 
6777 4756 6649 2262 
6784 4758 6655 2263 
6787 4763 6661 2264 
6790 4771 6669 2265 
6791 4775 6675 2269 
6796 4778 6679 2269 
6801 4787 6681 2270 
6804 4788 6687 2272 
6811 4791 6691 2272 
6817 4792 6702 2272 
6821 4796 6707 2276 
6825 4800 6710 2277 
6830 4807 6716 2277 
6831 4809 6718 2278 
6837 4813 6720 2280 
6846 4816 6722 2282 
6852 4820 6728 2286 
6859 4826 6734 2286 
6862 4831 6738 2289 
6868 4836 6746 2291 
6878 4843 6753 2293 
6885 4844 6759 2297 
6893 4851 6764 2298 
6895 4854 6766 2298 
6902 4856 6770 2301 
6906 4858 6780 2305 
6913 4864 6784 2305 
6917 4869 6790 2307 
6918 4872 6794 2310 
6922 4877 6800 2311 
6929 4877 6803 2313 
6935 4882 6807 2315 
6940 4885 6814 2317 
6947 4886 6822 2318 
6953 4893 6835 2322 
6956 4895 6842 2324 
6959 4901 6849 2328 
6960 4905 6856 2330 
6963 4911 6860 2331 
6970 4920 6863 2333 
6976 4933 6870 2333 
6983 4934 6875 2334 
6990 4942 6879 2337 
6997 4945 6886 2337 
7003 4948 6895 2337 
7004 4950 6904 2341 
7011 4954 6909 2345 
7016 4960 6913 2345 
7021 4962 6919 2347 
7027 4967 6922 2351 
7034 4974 6924 2353 
7037 4982 6930 2353 
7040 4985 6939 2354 
7045 4987 6947 2361 
7051 4991 6954 2363 
7056 4998 6960 2365 
7059 4999 6970 2365 
7063 5005 6975 2368 
7068 5010 6980 2369 
7072 5014 6985 2371 
7082 5023 6992 2374 
7088 5026 6998 2379 
7092 5029 7005 2382 
7101 5033 7007 2383 
7103 5036 7009 2384 
7106 5040 7015 2386 
7114 5044 7020 2387 
7120 5052 7032 2392 
7127 5055 7035 2394 
7134 5055 7044 2394 
7141 5059 7053 2396 
7144 5061 7059 2398 
7147 5070 7068 2401 
7149 5073 7072 2402 
7150 5080 7082 2404 
7157 5086 7089 2404 
7169 5090 7093 2405 
7174 5094 7099 2406 
7178 5100 7104 2406 
7186 5103 7108 2409 
7188 5104 7117 2410 
7194 5111 7121 2413 
7195 5111 7128 2416 
7202 5114 7130 2416 
7209 5118 7137 2416 
7212 5128 7146 2418 
7217 5129 7150 2420 
7222 5131 7156 2421 
7225 5135 7161 2423 
7234 5139 7165 2425 
7243 5142 7173 2429 
7250 5146 7179 2433 
7253 5149 7183 2434 
7257 5156 7190 2442 
7262 5159 7194 2446 
7269 5162 7200 2447 
7274 5166 7206 2452 
7279 5169 7211 2454 
7288 5174 7217 2459 
7292 5182 7224 2462 
7299 5189 7227 2466 
7305 5195 7230 2468 
7309 5198 7238 2470 
7316 5202 7248 2471 
7324 5202 7257 2474 
7331 5206 7267 2475 
7334 5212 7275 2479 
7341 5218 7278 2480 
7346 5224 7282 2481 
7353 5227 7286 2482 
7357 5231 7290 2485 
7360 5236 7297 2488 
7364 5241 7302 2494 
7370 5244 7304 2496 
7372 5248 7311 2497 
7375 5254 7316 2500 
7381 5261 7323 2500 
7384 5268 7328 2502 
7390 5272 7331 2508 
7392 5279 7335 2510 
7393 5287 7340 2510 
7406 5294 7341 2513 
7410 5301 7345 2516 
7415 5303 7351 2518 
7422 5309 7358 2520 
7423 5313 7363 2520 
7425 5316 7371 2523 
7429 5318 7375 2524 
7432 5321 7381 2526 
7435 5326 7388 2528 
7446 5327 7393 2528 
7454 5332 7397 2528 
7459 5336 7412 2529 
7469 5346 7422 2532 
7474 5356 7426 2534 
7484 5360 7428 2535 
7485 5362 7433 2536 
7486 5366 7436 2537 
7491 5368 7442 2538 
7499 5372 7447 2540 
7505 5379 7456 2543 
7508 5382 7465 2545 
7514 5383 7468 2550 
7517 5388 7475 2552 
7523 5398 7483 2555 
7528 5405 7494 2558 
7538 5408 7502 2561 
7545 5412 7507 2563 
7555 5414 7515 2565 
7559 5424 7522 2568 
7566 5426 7528 2569 
7572 5433 7536 2570 
7578 5436 7543 2572 
7583 5436 7548 2572 
7589 5437 7553 2575 
7600 5438 7562 2578 
7606 5442 7564 2580 
7608 5445 7567 2580 
7611 5446 7568 2582 
7617 5451 7575 2582 
7626 5458 7582 2583 
7633 5464 7589 2585 
7637 5467 7598 2586 
7639 5471 7606 2586 
7643 5475 7610 2590 
7652 5480 7614 2593 
7659 5487 7620 2594 
7664 5491 7624 2595 
7675 5495 7630 2596 
7681 5499 7639 2598 
7683 5505 7643 2598 
7688 5507 7646 2600 
7696 5513 7654 2604 
7702 5515 7658 2604 
7708 5522 7664 2605 
7713 5525 7671 2606 
7718 5533 7675 2609 
7726 5537 7682 2610 
7731 5539 7691 2613 
7736 5541 7697 2615 
7743 5544 7702 2617 
7748 5548 7709 2618 
7757 5551 7715 2621 
7759 5553 7721 2621 
7763 5557 7727 2622 
7771 5560 7730 2623 
7778 5568 7733 2627 
7789 5573 7739 2630 
7792 5576 7743 2631 
7795 5579 7748 2633 
7800 5584 7753 2637 
7811 5586 7756 2640 
7814 5593 7763 2641 
7816 5599 7768 2644 
7819 5604 7772 2647 
7827 5606 7775 2651 
7830 5611 7784 2656 
7836 5614 7787 2657 
7839 5619 7791 2659 
7842 5625 7798 2664 
7844 5627 7801 2665 
7851 5631 7806 2666 
7853 5640 7815 2667 
7860 5643 7825 2670 
7866 5646 7829 2673 
7872 5651 7833 2676 
7879 5657 7836 2680 
7882 5661 7844 2681 
7889 5663 7849 2684 
7897 5664 7853 2684 
7901 5669 7856 2688 
7904 5675 7861 2690 
7911 5679 7867 2694 
7915 5684 7878 2696 
7917 5689 7885 2696 
7924 5693 7892 2696 
7930 5696 7896 2699 
7935 5698 7899 2701 
7942 5702 7904 2702 
7950 5705 7910 2703 
7954 5709 7913 2703 
7961 5711 7915 2713 
7964 5716 7922 2714 
7972 5721 7925 2716 
7977 5725 7928 2719 
7982 5731 7935 2723 
7984 5738 7943 2724 
7992 5743 7951 2726 
8001 5749 7954 2730 
8004 5753 7960 2733 
8013 5757 7963 2735 
8018 5760 7966 2738 
8025 5765 7972 2740 
8027 5769 7980 2744 
8031 5774 7989 2744 
8036 5779 7993 2744 
8043 5782 7994 2749 
8047 5785 8004 2749 
8055 5790 8011 2752 
8059 5792 8018 2753 
8064 5795 8024 2754 
8069 5797 8030 2754 
8074 5800 8032 2756 
8077 5805 8036 2759 
8083 5810 8041 2764 
8091 5813 8045 2766 
8094 5816 8049 2768 
8099 5817 8051 2769 
8101 5822 8057 2773 
8104 5827 8063 2778 
8116 5830 8070 2780 
8120 5834 8076 2781 
8126 5836 8079 2782 
8134 5838 8086 2784 
8138 5843 8090 2785 
8143 5849 8097 2787 
8157 5854 8101 2795 
8160 5859 8108 2799 
8168 5864 8113 2803 
8173 5866 8121 2806 
8178 5869 8130 2806 
8181 5872 8134 2806 
8184 5874 8141 2807 
8190 5877 8145 2809 
8200 5882 8147 2811 
8206 5884 8150 2812 
8211 5890 8154 2816 
8216 5894 8160 2818 
8224 5903 8166 2819 
8231 5908 8172 2820 
8238 5909 8179 2824 
8241 5915 8186 2825 
8244 5918 8198 2827 
8252 5925 8202 2828 
8256 5927 8205 2830 
8264 5929 8209 2832 
8273 5933 8219 2835 
8277 5940 8226 2837 
8280 5940 8227 2837 
8288 5944 8233 2837 
8290 5946 8237 2839 
8295 5951 8245 2841 
8300 5955 8252 2841 
8309 5957 8258 2844 
8313 5961 8259 2847 
8318 5965 8269 2848 
8327 5972 8274 2849 
8332 5974 8281 2850 
8336 5979 8285 2851 
8339 5984 8293 2853 
8346 5989 8297 2855 
8352 5992 8300 2858 
8355 6000 8307 2861 
8362 6003 8313 2863 
8363 6008 8323 2864 
8367 6014 8329 2864 
8370 6017 8332 2866 
8377 6024 8338 2869 
8383 6026 8342 2870 
8384 6030 8346 2872 
8388 6036 8353 2874 
8388 6042 8357 2876 
8394 6048 8362 2877 
8400 6051 8365 2877 
8409 6052 8369 2878 
8415 6056 8374 2881 
8418 6060 8376 2884 
8425 6062 8381 2887 
8430 6065 8389 2890 
8432 6070 8394 2891 
8441 6072 8397 2891 
8447 6075 8403 2891 
8452 6079 8407 2893 
8458 6081 8410 2894 
8466 6083 8416 2895 
8470 6084 8424 2898 
8475 6087 8434 2900 
8479 6088 8439 2903 
8483 6090 8444 2907 
8488 6093 8451 2912 
8492 6096 8457 2913 
8499 6098 8460 2914 
8501 6099 8468 2916 
8510 6104 8469 2919 
8518 6110 8473 2921 
8521 6112 8480 2922 
8525 6120 8489 2922 
8527 6124 8493 2925 
8533 6131 8500 2930 
8543 6133 8513 2930 
8552 6137 8523 2930 
8555 6139 8529 2932 
8558 6145 8535 2934 
8561 6151 8538 2935 
8566 6153 8544 2936 
8573 6160 8556 2937 
8575 6163 8563 2937 
8579 6169 8573 2938 
8584 6175 8576 2940 
8592 6178 8582 2943 
8598 6181 8587 2945 
8608 6182 8592 2947 
8615 6185 8602 2950 
8621 6191 8608 2951 
8628 6198 8611 2952 
8631 6202 8616 2953 
8636 6207 8618 2955 
8642 6209 8622 2962 
8649 6213 8626 2964 
8652 6217 8630 2965 
8657 6223 8639 2967 
8665 6226 8642 2970 
8675 6227 8649 2970 
8680 6232 8653 2970 
8685 6233 8659 2974 
8691 6236 8665 2978 
8699 6236 8671 2979 
8705 6242 8675 2983 
8707 6247 8681 2984 
8709 6252 8683 2986 
8714 6254 8688 2986 
8721 6257 8696 2988 
8724 6259 8704 2989 
8730 6261 8709 2993 
8736 6263 8716 2998 
8740 6269 8719 2998 
8744 6272 8727 3002 
8752 6274 8735 3003 
8755 6280 8737 3005 
8761 6284 8745 3006 
8766 6289 8748 3009 
8773 6291 8750 3012 
8782 6296 8751 3015 
8789 6303 8756 3016 
8798 6307 8759 3016 
8805 6311 8767 3017 
8811 6317 8775 3018 
8816 6322 8781 3019 
8822 6327 8784 3020 
8833 6331 8787 3020 
8837 6337 8793 3021 
8848 6340 8799 3021 
8852 6348 8806 3022 
8855 6353 8814 3023 
8857 6357 8819 3024 
8864 6360 8823 3028 
8867 6364 8827 3030 
8875 6365 8832 3031 
8878 6368 8838 3032 
8884 6372 8841 3033 
8892 6374 8845 3035 
8898 6378 8851 3038 
8905 6382 8855 3041 
8910 6390 8861 3042 
8912 6390 8868 3044 
8916 6391 8870 3047 
8925 6393 8876 3047 
8929 6393 8883 3049 
8933 6401 8886 3055 
8938 6404 8891 3056 
8946 6404 8896 3060 
8950 6407 8903 3061 
8962 6411 8905 3064 
8969 6413 8911 3066 
8977 6417 8920 3067 
8978 6422 8922 3069 
8985 6428 8928 3070 
8993 6432 8932 3072 
9000 6435 8935 3073 
9007 6439 8938 3074 
9012 6444 8944 3076 
9020 6447 8950 3076 
9024 6450 8965 3082 
9031 6452 8971 3085 
9034 6457 8976 3087 
9039 6463 8979 3090 
9045 6469 8981 3092 
9053 6471 8987 3092 
9060 6475 8994 3095 
9069 6480 9000 3095 
9075 6486 9008 3097 
9080 6490 9013 3098 
9082 6493 9018 3098 
9085 6495 9026 3100 
9091 6498 9036 3105 
9097 6503 9041 3108 
9101 6506 9045 3108 
9105 6508 9050 3109 
9110 6512 9056 3111 
9115 6519 9059 3112 
9121 6522 9063 3114 
9128 6525 9070 3117 
9130 6529 9074 3118 
9135 6532 9082 3120 
9139 6536 9086 3122 
9146 6539 9089 3124 
9152 6541 9094 3126 
9155 6542 9100 3127 
9162 6547 9107 3131 
9168 6548 9111 3133 
9169 6555 9114 3135 
9174 6559 9121 3142 
9181 6569 9126 3144 
9183 6574 9135 3146 
9190 6579 9142 3147 
9195 6586 9149 3149 
9202 6590 9157 3149 
9207 6596 9165 3149 
9212 6600 9167 3150 
9219 6606 9170 3155 
9225 6609 9175 3156 
9234 6610 9178 3157 
9243 6612 9181 3159 
9250 6619 9186 3160 
9264 6623 9190 3162 
9274 6629 9192 3163 
9278 6636 9197 3165 
9282 6639 9200 3167 
9286 6642 9208 3167 
9292 6644 9212 3168 
9295 6647 9216 3172 
9301 6649 9225 3173 
9308 6653 9231 3173 
9314 6657 9238 3176 
9319 6661 9245 3178 
9324 6670 9246 3179 
9330 6674 9253 3180 
9335 6681 9261 3182 
9345 6687 9266 3184 
9351 6692 9270 3187 
9353 6697 9276 3190 
9357 6704 9284 3194 
9359 6712 9284 3195 
9363 6716 9296 3196 
9367 6716 9302 3198 
9372 6725 9308 3200 
9374 6731 9314 3204 
9378 6738 9321 3206 
9382 6744 9331 3209 
9389 6751 9334 3209 
9393 6755 9344 3211 
9398 6761 9350 3212 
9406 6767 9358 3213 
9411 6772 9361 3216 
9418 6773 9367 3220 
9422 6776 9374 3222 
9425 6782 9379 3225 
9429 6789 9383 3228 
9437 6794 9386 3231 
9444 6799 9391 3232 
9454 6803 9396 3234 
9457 6806 9401 3236 
9461 6808 9410 3237 
9466 6817 9414 3239 
9472 6820 9419 3240 
9478 6825 9425 3241 
9482 6827 9432 3242 
9484 6834 9439 3243 
9490 6840 9443 3246 
9498 6843 9444 3248 
9507 6846 9454 3248 
9513 6853 9458 3249 
9519 6859 9461 3251 
9528 6869 9467 3251 
9532 6874 9471 3252 
9540 6876 9475 3254 
9547 6881 9481 3256 
9549 6883 9485 3259 
9559 6892 9490 3261 
9564 6899 9494 3266 
9569 6904 9502 3266 
9576 6906 9512 3267 
9577 6907 9517 3269 
9586 6913 9523 3270 
9591 6915 9531 3271 
9596 6916 9536 3273 
9600 6921 9540 3274 
9605 6930 9545 3275 
9608 6932 9550 3277 
9620 6936 9558 3278 
9628 6940 9562 3279 
9634 6942 9569 3284 
9646 6942 9576 3286 
9651 6951 9586 3287 
9658 6955 9591 3289 
9662 6961 9597 3291 
9666 6963 9603 3292 
9671 6970 9606 3294 
9675 6973 9615 3294 
9679 6976 9620 3294 
9688 6982 9628 3300 
9692 6985 9631 3302 
9699 6993 9641 3308 
9702 6997 9648 3309 
9708 7000 9654 3312 
9718 7005 9657 3320 
9722 7007 9661 3320 
9728 7012 9664 3323 
9733 7015 9665 3325 
9742 7019 9669 3326 
9747 7023 9674 3326 
9749 7028 9679 3329 
9754 7034 9685 3331 
9759 7038 9693 3331 
9766 7042 9699 3332 
9771 7046 9702 3335 
9778 7053 9707 3337 
9785 7057 9711 3341 
9789 7060 9720 3343 
9792 7064 9726 3346 
9796 7069 9735 3348 
9803 7074 9742 3350 
9807 7079 9747 3352 
9813 7083 9752 3353 
9819 7088 9756 3356 
9826 7092 9764 3359 
9833 7093 9771 3360 
9836 7098 9776 3364 
9842 7102 9781 3368 
9845 7104 9788 3368 
9853 7107 9795 3371 
9857 7114 9807 3374 
9863 7117 9810 3376 
9868 7122 9814 3379 
9874 7126 9816 3381 
9885 7130 9822 3383 
9887 7135 9825 3384 
9895 7138 9830 3385 
9900 7141 9837 3387 
9904 7146 9843 3387 
9911 7151 9847 3389 
9919 7158 9851 3393 
9923 7162 9857 3395 
9927 7164 9859 3397 
9936 7172 9861 3398 
9942 7177 9864 3400 
9948 7189 9867 3403 
9952 7192 9872 3404 
9958 7196 9876 3404 
9963 7200 9881 3407 
9968 7207 9886 3409 
9969 7214 9888 3411 
9975 7220 9895 3412 
9978 7226 9900 3416 
9986 7228 9905 3416 
9991 7231 9908 3417 
9996 7232 9913 3421 
10000 7235 9916 3421 
10009 7241 9923 3424 
10012 7243 9929 3424 
10014 7246 9938 3426 
10017 7247 9942 3429 
10022 7251 9948 3430 
10027 7252 9953 3431 
10033 7257 9956 3432 
10039 7261 9964 3432 
10045 7266 9971 3434 
10050 7268 9979 3434 
10056 7273 9987 3436 
10064 7277 9994 3438 
10072 7278 9998 3439 
10076 7284 10004 3441 
10084 7290 10013 3443 
10089 7292 10023 3443 
10092 7301 10027 3448 
10100 7304 10029 3448 
10106 7309 10035 3452 
10113 7315 10038 3452 
10119 7318 10044 3453 
10125 7321 10046 3456 
10128 7325 10052 3459 
10138 7329 10056 3459 
10142 7331 10062 3464 
10146 7332 10068 3465 
10152 7337 10070 3468 
10156 7345 10074 3468 
10164 7351 10081 3468 
10168 7355 10092 3472 
10178 7363 10096 3474 
10183 7371 10103 3475 
10189 7374 10110 3477 
10196 7378 10115 3480 
10199 7381 10121 3481 
10202 7384 10132 3483 
10203 7387 10137 3483 
10206 7391 10143 3484 
10212 7395 10146 3486 
10214 7402 10151 3487 
10221 7406 10160 3489 
10229 7409 10163 3490 
10233 7413 10164 3493 
10238 7416 10167 3500 
10243 7418 10174 3501 
10246 7428 10176 3504 
10259 7433 10182 3505 
10262 7440 10189 3506 
10270 7444 10196 3508 
10277 7445 10200 3510 
10279 7450 10209 3511 
10283 7456 10211 3513 
10289 7459 10217 3514 
10297 7463 10221 3516 
10303 7464 10225 3518 
10311 7467 10233 3520 
10315 7468 10238 3521 
10321 7472 10242 3522 
10330 7474 10246 3525 
10333 7477 10251 3527 
10344 7480 10254 3528 
10349 7483 10258 3530 
10351 7491 10263 3531 
10357 7499 10267 3535 
10364 7504 10278 3536 
10369 7505 10283 3539 
10375 7510 10288 3542 
10379 7511 10296 3543 
10385 7517 10302 3544 
10393 7522 10308 3545 
10399 7526 10314 3549 
10403 7530 10321 3551 
10408 7538 10323 3551 
10412 7545 10327 3551 
10421 7551 10332 3556 
10424 7553 10339 3557 
10429 7557 10346 3560 
10433 7560 10350 3560 
10435 7564 10357 3561 
10442 7569 10364 3562 
10445 7575 10372 3562 
10450 7577 10379 3566 
10455 7585 10383 3567 
10464 7588 10392 3567 
10474 7591 10400 3569 
10478 7593 10403 3572 
10481 7598 10410 3572 
10485 7600 10412 3573 
10487 7608 10414 3575 
10490 7611 10417 3578 
10496 7612 10419 3579 
10499 7617 10425 3582 
10508 7617 10433 3584 
10517 7621 10436 3587 
10524 7628 10443 3589 
10531 7634 10450 3591 
10536 7637 10456 3592 
10540 7641 10463 3594 
10545 7643 10468 3595 
10548 7651 10471 3596 
10553 7656 10478 3597 
10560 7658 10481 3598 
10569 7660 10486 3599 
10572 7665 10493 3600 
10576 7672 10500 3600 
10583 7675 10504 3602 
10586 7681 10511 3603 
10592 7684 10516 3607 
10600 7687 10519 3608 
10605 7689 10524 3611 
10611 7692 10536 3614 
10617 7698 10542 3618 
10624 7706 10551 3620 
10627 7712 10560 3620 
10633 7717 10564 3621 
10639 7721 10570 3623 
10642 7725 10577 3625 
10647 7730 10581 3626 
10650 7735 10587 3626 
10655 7739 10592 3628 
10657 7742 10600 3633 
10659 7745 10605 3637 
10665 7752 10612 3639 
10672 7754 10615 3640 
10678 7759 10619 3643 
10681 7770 10624 3645 
10684 7777 10633 3646 
10690 7778 10645 3648 
10697 7782 10652 3649 
10702 7785 10659 3651 
10707 7788 10664 3651 
10715 7795 10672 3654 
10718 7802 10677 3655 
10721 7807 10682 3655 
10727 7818 10686 3659 
10732 7823 10689 3660 
10739 7828 10693 3660 
10744 7836 10699 3661 
10752 7841 10709 3664 
10759 7841 10714 3667 
10765 7846 10719 3670 
10770 7848 10721 3670 
10775 7851 10725 3670 
10780 7856 10728 3671 
10786 7861 10736 3673 
10791 7871 10743 3676 
10792 7876 10748 3681 
10799 7879 10752 3682 
10805 7883 10760 3685 
10811 7888 10763 3688 
10817 7896 10768 3690 
10822 7900 10779 3692 
10832 7904 10784 3696 
10836 7909 10794 3698 
10842 7920 10799 3698 
10851 7921 10804 3700 
10858 7924 10808 3704 
10863 7934 10816 3707 
10868 7940 10824 3709 
10872 7946 10830 3710 
10876 7948 10838 3712 
10885 7950 10843 3713 
10890 7955 10851 3714 
10894 7958 10857 3716 
10902 7963 10861 3718 
10909 7968 10866 3719 
10912 7971 10869 3722 
10917 7977 10875 3724 
10928 7984 10884 3728 
10934 7989 10891 3730 
10938 7991 10898 3733 
10942 7995 10901 3738 
10949 8002 10905 3739 
10954 8008 10911 3740 
10964 8014 10918 3745 
10968 8018 10924 3745 
10974 8023 10927 3746 
10981 8026 10932 3750 
10988 8030 10940 3750 
10996 8032 10942 3753 
11001 8038 10948 3753 
11003 8044 10952 3756 
11005 8049 10960 3757 
11010 8051 10971 3758 
11019 8053 10978 3761 
11025 8058 10984 3762 
11029 8060 10990 3765 
11031 8061 10994 3766 
11034 8068 11001 3766 
11038 8076 11003 3768 
11043 8081 11009 3769 
11054 8086 11015 3772 
11064 8088 11023 3775 
11068 8090 11030 3776 
11073 8096 11039 3778 
11083 8099 11043 3779 
11089 8103 11045 3780 
11091 8111 11050 3784 
11096 8118 11056 3786 
11105 8122 11061 3789 
11110 8126 11063 3791 
11118 8128 11066 3792 
11123 8136 11072 3793 
11130 8139 11075 3794 
11137 8143 11078 3795 
11145 8145 11084 3798 
11154 8146 11090 3799 
11157 8152 11097 3800 
11167 8155 11103 3801 
11173 8157 11107 3805 
11179 8164 11114 3807 
11187 8170 11115 3807 
11189 8172 11118 3808 
11202 8175 11125 3810 
11206 8181 11133 3811 
11208 8185 11137 3812 
11212 8192 11148 3813 
11219 8193 11156 3817 
11221 8195 11158 3819 
11227 8203 11165 3821 
11231 8206 11167 3823 
11237 8211 11170 3825 
11243 8213 11174 3829 
11245 8215 11175 3830 
11249 8223 11178 3832 
11256 8227 11181 3835 
11263 8231 11183 3839 
11266 8235 11189 3843 
11271 8242 11194 3843 
11275 8250 11206 3845 
11278 8253 11211 3847 
11284 8254 11216 3848 
11287 8258 11224 3849 
11291 8262 11228 3853 
11298 8266 11231 3853 
11299 8277 11235 3853 
11304 8281 11242 3857 
11311 8285 11248 3857 
11319 8290 11253 3859 
11325 8297 11256 3861 
11328 8298 11259 3862 
11333 8301 11267 3864 
11336 8304 11272 3865 
11345 8310 11276 3867 
11350 8314 11283 3870 
11353 8317 11287 3874 
11354 8324 11293 3876 
11357 8325 11296 3879 
11360 8328 11299 3880 
11362 8332 11303 3881 
11368 8336 11308 3885 
11380 8339 11309 3886 
11384 8348 11315 3888 
11392 8352 11319 3889 
11399 8356 11323 3891 
11405 8358 11326 3897 
11412 8361 11333 3899 
11417 8362 11339 3900 
11421 8364 11341 3901 
11425 8368 11347 3905 
11430 8374 11347 3908 
11440 8380 11353 3910 
11443 8381 11356 3913 
11449 8384 11363 3913 
11456 8385 11368 3915 
11460 8389 11373 3917 
11466 8392 11377 3921 
11474 8401 11384 3923 
11477 8403 11387 3926 
11480 8409 11392 3928 
11483 8412 11395 3929 
11489 8416 11398 3932 
11494 8421 11403 3934 
11497 8425 11407 3936 
11505 8430 11407 3938 
11508 8432 11414 3941 
11514 8433 11422 3942 
11523 8434 11426 3944 
11528 8441 11429 3945 
11533 8446 11432 3946 
11536 8452 11436 3947 
11545 8455 11443 3949 
11554 8459 11447 3950 
11555 8461 11457 3955 
11559 8465 11462 3959 
11560 8470 11475 3961 
11569 8474 11485 3961 
11573 8476 11489 3964 
11577 8479 11495 3967 
11582 8484 11503 3970 
11589 8486 11508 3972 
11593 8490 11512 3976 
11596 8493 11514 3977 
11604 8496 11525 3981 
11605 8501 11531 3983 
11613 8505 11537 3987 
11619 8510 11548 3988 
11624 8512 11554 3991 
11626 8516 11556 3991 
11632 8519 11560 3993 
11634 8524 11565 3995 
11640 8531 11568 3998 
11646 8532 11579 4001 
11653 8540 11590 4001 
11657 8546 11594 4002 
11661 8549 11601 4007 
11665 8556 11607 4012 
11670 8563 11613 4014 
11678 8566 11617 4019 
11687 8570 11623 4021 
11690 8574 11627 4024 
11697 8578 11632 4027 
11699 8585 11637 4028 
11707 8587 11641 4029 
11713 8590 11648 4032 
11717 8597 11655 4033 
11720 8599 11663 4034 
11729 8605 11667 4037 
11733 8609 11673 4037 
11735 8611 11681 4038 
11742 8613 11687 4041 
11746 8616 11690 4043 
11750 8620 11699 4045 
11755 8627 11703 4048 
11758 8635 11706 4050 
11763 8639 11713 4052 
11766 8644 11718 4053 
11771 8652 11727 4056 
11776 8656 11730 4061 
11784 8661 11736 4063 
11788 8666 11740 4064 
11790 8672 11748 4065 
11802 8675 11754 4068 
11805 8679 11761 4068 
11806 8683 11763 4070 
11811 8685 11767 4071 
11813 8689 11769 4075 
11819 8693 11781 4078 
11826 8700 11789 4079 
11830 8702 11793 4081 
11831 8705 11793 4084 
11838 8711 11802 4085 
11844 8715 11809 4091 
11851 8721 11815 4094 
11854 8723 11821 4096 
11857 8725 11827 4100 
11860 8729 11833 4104 
11865 8732 11840 4104 
11871 8739 11846 4107 
11877 8743 11853 4107 
11884 8746 11865 4107 
11887 8751 11871 4111 
11891 8758 11881 4113 
11895 8765 11888 4117 
11897 8768 11893 4117 
11905 8773 11898 4119 
11914 8775 11912 4123 
11918 8783 11920 4123 
11925 8787 11924 4125 
11931 8793 11930 4125 
11940 8797 11935 4128 
11943 8804 11939 4131 
11951 8807 11948 4134 
11956 8816 11957 4138 
11965 8821 11965 4141 
11969 8824 11972 4147 
11974 8828 11977 4147 
11979 8831 11984 4148 
11983 8835 11987 4152 
11989 8843 11993 4153 
11990 8847 11996 4155 
11998 8854 12003 4158 
12000 8858 12008 4158 
12005 8864 12015 4161 
12013 8868 12022 4161 
12013 8874 12028 4164 
12016 8879 12036 4166 
12024 8885 12047 4168 
12027 8888 12053 4175 
12036 8890 12058 4176 
12038 8891 12064 4180 
12040 8893 12068 4182 
12042 8894 12074 4185 
12048 8896 12080 4187 
12052 8901 12088 4190 
12058 8901 12092 4192 
12067 8902 12096 4192 
12073 8906 12100 4195 
12080 8908 12104 4196 
12087 8916 12114 4199 
12097 8920 12116 4204 
12099 8924 12120 4205 
12105 8927 12127 4209 
12108 8929 12134 4210 
12113 8935 12142 4212 
12117 8936 12147 4216 
12125 8939 12150 4216 
12130 8940 12156 4216 
12133 8944 12161 4222 
12142 8946 12165 4222 
12144 8950 12170 4225 
12149 8950 12179 4227 
12155 8957 12187 4228 
12159 8964 12194 4230 
12166 8966 12198 4231 
12173 8968 12203 4232 
12179 8974 12209 4233 
12186 8975 12215 4236 
12191 8980 12222 4239 
12198 8981 12227 4242 
12202 8986 12235 4243 
12207 8992 12243 4244 
12214 8996 12251 4249 
12219 8999 12261 4251 
12222 9003 12266 4252 
12224 9007 12273 4255 
12228 9014 12281 4256 
12232 9018 12285 4257 
12237 9023 12294 4262 
12246 9027 12298 4263 
12257 9034 12303 4265 
12260 9036 12312 4267 
12267 9039 12320 4268 
12270 9042 12326 4268 
12276 9048 12338 4271 
12283 9055 12344 4272 
12289 9063 12348 4275 
12294 9067 12355 4277 
12298 9070 12362 4278 
12304 9074 12366 4282 
12312 9079 12372 4282 
12316 9084 12380 4286 
12320 9088 12387 4287 
12326 9091 12391 4289 
12330 9091 12396 4293 
12337 9094 12405 4294 
12343 9098 12408 4294 
12353 9100 12413 4295 
12358 9102 12415 4296 
12366 9107 12421 4299 
12372 9113 12429 4302 
12376 9117 12433 4306 
12382 9126 12434 4307 
12387 9129 12440 4309 
12389 9131 12457 4311 
12398 9137 12465 4312 
12405 9140 12469 4315 
12410 9146 12476 4317 
12416 9149 12479 4318 
12426 9152 12485 4320 
12433 9159 12491 4323 
12439 9163 12502 4326 
12448 9166 12507 4327 
12452 9171 12511 4329 
12456 9172 12518 4330 
12462 9180 12526 4331 
12467 9184 12535 4332 
12470 9188 12538 4333 
12479 9190 12546 4338 
12487 9197 12555 4340 
12495 9199 12561 4341 
12500 9201 12570 4342 
12506 9205 12575 4344 
12507 9211 12580 4345 
12512 9215 12586 4348 
12519 9219 12588 4349 
12520 9223 12598 4353 
12524 9228 12603 4357 
12530 9232 12610 4358 
12538 9235 12616 4359 
12542 9238 12623 4359 
12549 9241 12625 4361 
12553 9248 12633 4363 
12556 9252 12637 4364 
12561 9256 12641 4366 
12568 9262 12651 4367 
12577 9267 12658 4367 
12579 9274 12667 4370 
12585 9278 12676 4370 
12588 9284 12682 4371 
12590 9286 12688 4373 
12596 9287 12695 4378 
12602 9295 12705 4379 
12610 9305 12716 4380 
12613 9308 12723 4382 
12616 9313 12731 4383 
12623 9322 12736 4383 
12634 9329 12740 4384 
12639 9338 12743 4385 
12645 9344 12749 4387 
12650 9348 12755 4388 
12655 9351 12758 4390 
12661 9356 12766 4394 
12665 9360 12773 4396 
12668 9362 12778 4399 
12675 9366 12784 4399 
12678 9372 12788 4401 
12681 9376 12797 4405 
12685 9379 12800 4406 
12693 9380 12809 4406 
12700 9387 12814 4409 
12706 9392 12819 4410 
12709 9393 12825 4410 
12718 9397 12832 4412 
12728 9398 12843 4415 
12734 9403 12848 4417 
12744 9410 12857 4421 
12747 9414 12860 4424 
12753 9418 12869 4428 
12756 9423 12878 4430 
12760 9426 12883 4433 
12762 9430 12892 4433 
12767 9432 12899 4434 
12770 9435 12911 4436 
12771 9440 12914 4439 
12775 9445 12921 4441 
12781 9451 12925 4441 
12785 9456 12929 4444 
12794 9465 12932 4446 
12800 9468 12939 4449 
12802 9473 12945 4450 
12807 9476 12954 4453 
12812 9481 12959 4454 
12825 9490 12968 4460 
12831 9496 12975 4462 
12836 9498 12978 4467 
12838 9500 12984 4468 
12845 9502 12991 4472 
12849 9503 12997 4475 
12852 9508 13003 4475 
12861 9510 13015 4476 
12864 9519 13022 4479 
12867 9525 13030 4483 
12872 9530 13034 4487 
12884 9537 13039 4491 
12890 9541 13042 4492 
12895 9546 13048 4495 
12896 9554 13055 4496 
12908 9559 13060 4502 
12916 9565 13066 4503 
12922 9572 13070 4507 
12928 9576 13075 4509 
12936 9583 13082 4511 
12939 9588 13095 4514 
12946 9592 13099 4516 
12950 9597 13105 4518 
12954 9601 13111 4518 
12957 9602 13122 4518 
12962 9603 13126 4520 
12963 9609 13134 4520 
12971 9610 13138 4524 
12979 9615 13140 4529 
12990 9623 13148 4530 
12995 9628 13153 4533 
13003 9634 13162 4536 
13005 9639 13169 4538 
13010 9641 13181 4539 
13017 9645 13188 4546 
13021 9647 13189 4548 
13024 9649 13196 4551 
13030 9655 13202 4551 
13037 9658 13205 4554 
13041 9664 13210 4556 
13044 9669 13215 4559 
13053 9673 13218 4563 
13065 9678 13218 4564 
13072 9680 13224 4565 
13077 9684 13227 4569 
13082 9689 13233 4571 
13086 9691 13240 4574 
13089 9697 13242 4578 
13091 9698 13249 4580 
13094 9701 13259 4581 
13101 9705 13268 4583 
13105 9710 13276 4586 
13108 9715 13286 4589 
13114 9719 13291 4590 
13115 9723 13298 4594 
13119 9727 13304 4595 
13128 9732 13310 4597 
13138 9735 13314 4599 
13143 9739 13324 4602 
13149 9744 13331 4603 
13156 9747 13334 4606 
13158 9752 13343 4607 
13164 9755 13348 4608 
13168 9757 13353 4610 
13172 9761 13365 4615 
13176 9768 13372 4616 
13182 9770 13377 4620 
13190 9775 13381 4623 
13194 9777 13386 4625 
13199 9777 13392 4628 
13205 9784 13398 4628 
13210 9787 13401 4630 
13214 9790 13407 4634 
13221 9792 13412 4634 
13226 9795 13417 4634 
13233 9798 13425 4635 
13236 9802 13431 4637 
13245 9806 13436 4640 
13248 9810 13440 4642 
13254 9817 13445 4643 
13261 9825 13450 4645 
13267 9826 13457 4646 
13271 9828 13464 4648 
13273 9837 13465 4650 
13277 9839 13469 4652 
13284 9842 13479 4657 
13291 9845 13490 4660 
13298 9851 13498 4662 
13303 9852 13506 4663 
13308 9857 13514 4665 
13312 9860 13519 4665 
13321 9863 13524 4666 
13324 9868 13533 4670 
13328 9870 13541 4670 
13332 9872 13550 4671 
13334 9881 13555 4675 
13337 9888 13562 4678 
13341 9891 13568 4679 
13349 9897 13573 4683 
13357 9899 13581 4686 
13367 9906 13589 4687 
13370 9912 13595 4691 
13378 9915 13603 4693 
13385 9918 13609 4695 
13391 9922 13618 4696 
13394 9928 13621 4696 
13400 9934 13627 4698 
13406 9943 13633 4699 
13418 9953 13639 4701 
13425 9955 13643 4703 
13432 9961 13649 4708 
13437 9964 13655 4710 
13443 9973 13658 4711 
13450 9974 13663 4716 
13457 9981 13668 4717 
13464 9988 13673 4720 
13472 9991 13682 4721 
13475 9997 13685 4723 
13482 10000 13690 4725 
13486 10002 13696 4725 
13488 10006 13704 4728 
13494 10012 13709 4731 
13503 10017 13718 4732 
13505 10020 13719 4733 
13513 10022 13723 4737 
13521 10027 13723 4737 
13528 10034 13728 4738 
13532 10036 13735 4740 
13533 10043 13739 4743 
13539 10048 13746 4746 
13545 10052 13749 4746 
13553 10055 13754 4748 
13562 10062 13761 4751 
13569 10064 13767 4753 
13578 10067 13773 4757 
13582 10069 13781 4759 
13588 10075 13786 4760 
13593 10082 13790 4764 
13598 10090 13794 4767 
13603 10092 13801 4771 
13608 10092 13805 4774 
13612 10095 13812 4776 
13619 10100 13820 4778 
13625 10104 13829 4778 
13629 10111 13832 4780 
13630 10114 13836 4781 
13633 10118 13845 4782 
13638 10125 13851 4783 
13644 10130 13862 4785 
13650 10132 13874 4786 
13655 10133 13882 4789 
13662 10137 13887 4791 
13671 10142 13894 4797 
13675 10147 13896 4799 
13680 10151 13904 4803 
13684 10158 13910 4803 
13687 10160 13914 4803 
13689 10162 13922 4805 
13693 10167 13931 4807 
13697 10170 13937 4808 
13705 10173 13944 4810 
13711 10182 13949 4812 
13715 10184 13956 4815 
13717 10190 13965 4818 
13717 10197 13976 4820 
13719 10202 13984 4824 
13722 10207 13988 4828 
13727 10209 13992 4828 
13734 10215 14001 4829 
13738 10219 14008 4832 
13744 10225 14017 4833 
13747 10231 14023 4833 
13753 10237 14028 4836 
13758 10241 14037 4837 
13763 10244 14041 4842 
13766 10248 14045 4843 
13771 10252 14049 4843 
13776 10253 14055 4845 
13781 10256 14062 4847 
13785 10261 14074 4848 
13789 10271 14078 4849 
13800 10274 14083 4850 
13807 10278 14088 4851 
13810 10282 14093 4857 
13816 10288 14095 4859 
13827 10291 14103 4864 
13834 10295 14108 4867 
13837 10296 14113 4871 
13841 10304 14121 4871 
13847 10310 14125 4875 
13852 10312 14134 4876 
13857 10319 14140 4876 
13860 10328 14146 4876 
13867 10336 14154 4882 
13871 10339 14159 4883 
13875 10341 14162 4885 
13883 10346 14169 4887 
13885 10350 14173 4891 
13888 10355 14178 4892 
13894 10359 14181 4894 
13906 10364 14183 4899 
13910 10368 14190 4900 
13915 10373 14195 4902 
13918 10379 14199 4902 
13925 10385 14200 4904 
13930 10392 14205 4906 
13933 10394 14206 4909 
13936 10400 14213 4910 
13938 10405 14219 4910 
13943 10412 14222 4916 
13948 10415 14229 4917 
13956 10423 14238 4917 
13959 10428 14241 4921 
13963 10433 14245 4922 
13967 10435 14252 4923 
13972 10438 14255 4927 
13978 10444 14263 4931 
13985 10452 14274 4932 
13990 10460 14279 4936 
13995 10465 14280 4938 
14002 10470 14292 4938 
14008 10471 14294 4941 
14013 10479 14301 4942 
14016 10483 14306 4944 
14025 10483 14313 4947 
14029 10488 14319 4949 
14037 10497 14323 4949 
14041 10509 14333 4949 
14044 10514 14335 4952 
14051 10517 14341 4953 
14059 10522 14347 4955 
14065 10527 14357 4957 
14075 10532 14367 4960 
14080 10541 14373 4963 
14086 10548 14379 4965 
14094 10550 14384 4967 
14099 10552 14394 4972 
14100 10562 14397 4976 
14108 10568 14401 4977 
14116 10569 14408 4978 
14122 10571 14419 4979 
14127 10579 14424 4981 
14132 10585 14428 4981 
14140 10590 14430 4981 
14144 10596 14441 4983 
14152 10602 14445 4983 
14157 10607 14449 4984 
14161 10613 14456 4985 
14167 10613 14460 4988 
14175 10614 14467 4988 
14180 10619 14475 4991 
14184 10625 14476 4992 
14187 10628 14487 4996 
14194 10631 14494 4996 
14200 10634 14501 4996 
14206 10640 14506 4997 
14212 10645 14511 4998 
14215 10652 14514 5000 
14219 10655 14517 5002 
14226 10663 14528 5003 
14231 10667 14537 5008 
14235 10670 14541 5011 
14240 10675 14548 5013 
14249 10678 14554 5016 
14252 10684 14561 5018 
14261 10690 14562 5020 
14270 10702 14569 5022 
14275 10705 14576 5027 
14279 10709 14583 5029 
14284 10715 14587 5029 
14289 10718 14593 5029 
14292 10724 14598 5031 
14298 10729 14606 5032 
14302 10737 14614 5034 
14307 10742 14625 5034 
14309 10748 14629 5034 
14315 10751 14634 5037 
14318 10755 14641 5038 
14323 10759 14646 5041 
14331 10762 14652 5043 
14341 10764 14655 5044 
14345 10768 14657 5047 
14354 10769 14667 5049 
14360 10774 14673 5050 
14370 10779 14678 5052 
14375 10779 14684 5054 
14385 10781 14692 5055 
14389 10784 14697 5058 
14397 10790 14703 5058 
14407 10797 14711 5060 
14415 10804 14723 5062 
14421 10808 14733 5065 
14423 10811 14738 5068 
14427 10813 14747 5072 
14434 10821 14753 5073 
14441 10825 14758 5075 
14453 10830 14766 5077 
14458 10835 14773 5077 
14464 10838 14778 5077 
14474 10840 14783 5079 
14476 10845 14788 5080 
14481 10850 14798 5083 
14483 10855 14801 5086 
14485 10860 14803 5090 
14491 10862 14810 5093 
14497 10865 14818 5097 
14505 10874 14825 5098 
14511 10878 14833 5103 
14518 10883 14839 5107 
14522 10887 14844 5113 
14530 10890 14852 5117 
14533 10896 14859 5121 
14539 10900 14867 5123 
14548 10904 14875 5126 
14556 10905 14880 5128 
14561 10913 14888 5132 
14570 10914 14902 5138 
14579 10916 14908 5138 
14586 10922 14912 5138 
14591 10927 14923 5144 
14599 10929 14928 5147 
14606 10932 14933 5149 
14613 10935 14943 5152 
14618 10939 14951 5152 
14624 10940 14957 5153 
14635 10943 14961 5157 
14639 10946 14964 5157 
14647 10953 14971 5158 
14654 10961 14977 5160 
14660 10965 14982 5160 
14665 10974 14989 5162 
14671 10977 15001 5163 
14679 10981 15002 5164 
14683 10987 15008 5167 
14688 10993 15014 5170 
14694 10997 15019 5171 
14698 11001 15027 5172 
14705 11001 15032 5173 
14712 11007 15033 5175 
14716 11013 15039 5179 
14726 11018 15045 5182 
14733 11026 15049 5184 
14740 11033 15057 5186 
14742 11037 15063 5189 
14748 11044 15070 5192 
14753 11051 15078 5193 
14764 11057 15085 5195 
14772 11058 15091 5196 
14776 11067 15097 5197 
14779 11073 15105 5198 
14784 11076 15108 5200 
14786 11083 15113 5203 
14792 11090 15120 5205 
14798 11092 15124 5209 
14804 11098 15127 5211 
14813 11102 15131 5212 
14817 11108 15132 5212 
14824 11112 15141 5218 
14832 11119 15147 5222 
14838 11125 15152 5224 
14841 11127 15159 5225 
14849 11132 15167 5228 
14855 11135 15174 5229 
14861 11139 15180 5233 
14869 11145 15186 5237 
14874 11150 15191 5239 
14880 11157 15200 5243 
14882 11160 15204 5246 
14884 11162 15210 5251 
14888 11166 15215 5254 
14892 11172 15221 5256 
14896 11177 15226 5260 
14904 11181 15229 5263 
14911 11187 15234 5264 
14915 11192 15241 5265 
14921 11196 15244 5270 
14927 11203 15252 5272 
14937 11205 15259 5273 
14943 11210 15269 5277 
14947 11215 15277 5279 
14951 11220 15283 5284 
14958 11226 15284 5286 
14967 11231 15286 5291 
14974 11233 15292 5292 
14980 11235 15297 5294 
14983 11240 15306 5298 
14990 11244 15311 5302 
14992 11246 15319 5304 
14997 11248 15325 5309 
15005 11254 15332 5309 
15011 11258 15339 5309 
15014 11259 15346 5310 
15023 11264 15351 5311 
15028 11271 15359 5314 
15029 11280 15362 5316 
15033 11283 15367 5317 
15042 11288 15372 5319 
15047 11296 15376 5321 
15051 11298 15384 5324 
15053 11303 15391 5326 
15059 11310 15399 5330 
15065 11318 15402 5331 
15069 11319 15407 5333 
15075 11323 15412 5334 
15081 11327 15417 5335 
15084 11333 15421 5335 
15094 11338 15425 5335 
15097 11341 15432 5335 
15104 11345 15436 5336 
15108 11356 15445 5339 
15111 11357 15451 5340 
15114 11361 15456 5342 
15116 11368 15462 5344 
15122 11372 15462 5345 
15130 11376 15471 5345 
15134 11377 15476 5345 
15138 11387 15484 5346 
15150 11390 15491 5348 
15154 11398 15500 5351 
15159 11402 15507 5354 
15164 11406 15511 5356 
15167 11410 15516 5357 
15175 11415 15521 5358 
15180 11419 15528 5360 
15187 11426 15531 5364 
15192 11431 15540 5367 
15200 11433 15544 5367 
15203 11439 15555 5368 
15208 11444 15561 5368 
15216 11450 15568 5368 
15223 11455 15575 5375 
15228 11456 15578 5376 
15242 11462 15587 5380 
15254 11469 15589 5382 
15258 11476 15594 5386 
15263 11480 15599 5387 
15270 11480 15605 5392 
15281 11485 15614 5395 
15288 11488 15621 5398 
15295 11491 15625 5400 
15301 11492 15629 5401 
15303 11496 15640 5405 
15305 11499 15647 5410 
15310 11500 15655 5412 
15313 11503 15659 5415 
15316 11507 15667 5417 
15322 11518 15676 5418 
15329 11520 15679 5419 
15336 11523 15687 5421 
15339 11533 15694 5425 
15345 11536 15700 5426 
15350 11541 15706 5427 
15352 11548 15711 5429 
15358 11551 15719 5431 
15365 11553 15723 5433 
15369 11554 15728 5435 
15373 11558 15732 5437 
15380 11562 15740 5439 
15384 11565 15750 5441 
15391 11568 15753 5442 
15396 11574 15762 5443 
15401 11580 15764 5444 
15407 11590 15768 5448 
15415 11596 15770 5449 
15423 11599 15781 5450 
15428 11602 15786 5451 
15436 11606 15791 5454 
15439 11609 15794 5455 
15446 11612 15801 5457 
15450 11615 15808 5461 
15463 11621 15812 5464 
15466 11627 15818 5468 
15473 11633 15825 5472 
15476 11643 15830 5477 
15484 11648 15832 5479 
15488 11649 15835 5480 
15493 11651 15839 5481 
15498 11655 15843 5482 
15504 11658 15854 5484 
15509 11660 15861 5484 
15515 11665 15868 5486 
15521 11668 15872 5489 
15531 11672 15879 5496 
15537 11680 15884 5496 
15545 11689 15887 5496 
15552 11698 15893 5498 
15557 11703 15899 5499 
15559 11707 15913 5500 
15569 11713 15916 5503 
15571 11718 15926 5505 
15576 11722 15933 5508 
15585 11726 15934 5510 
15592 11735 15940 5510 
15599 11737 15951 5512 
15605 11739 15957 5513 
15615 11743 15964 5515 
15619 11748 15970 5517 
15624 11752 15974 5517 
15629 11757 15983 5518 
15634 11764 15990 5520 
15637 11769 15996 5523 
15646 11772 16003 5523 
15653 11781 16009 5524 
15656 11784 16018 5529 
15663 11790 16027 5531 
15668 11794 16036 5533 
15673 11799 16042 5535 
15677 11803 16050 5535 
15682 11806 16056 5535 
15686 11808 16062 5537 
15690 11813 16066 5542 
15695 11817 16074 5545 
15699 11826 16085 5547 
15704 11826 16091 5549 
15710 11830 16095 5549 
15714 11833 16106 5552 
15722 11835 16111 5556 
15733 11843 16119 5557 
15741 11850 16125 5557 
15748 11853 16132 5559 
15759 11856 16138 5561 
15765 11861 16147 5565 
15768 11866 16150 5568 
15771 11870 16156 5572 
15776 11876 16159 5572 
15780 11879 16161 5574 
15789 11882 16165 5575 
15800 11887 16169 5580 
15805 11893 16179 5580 
15816 11894 16192 5581 
15826 11896 16197 5585 
15832 11902 16205 5586 
15837 11905 16211 5586 
15845 11910 16212 5589 
15856 11915 16218 5590 
15863 11917 16227 5596 
15868 11921 16233 5599 
15876 11931 16241 5600 
15883 11939 16249 5603 
15888 11944 16253 5605 
15894 11950 16257 5605 
15902 11953 16266 5609 
15905 11955 16272 5609 
15914 11958 16277 5610 
15921 11964 16284 5615 
15927 11971 16294 5615 
15932 11978 16300 5615 
15936 11980 16310 5620 
15946 11986 16315 5620 
15949 11992 16325 5620 
15955 11994 16332 5626 
15963 12000 16338 5631 
15977 12005 16347 5632 
15986 12012 16350 5632 
15993 12017 16358 5637 
16002 12019 16362 5637 
16005 12024 16372 5639 
16009 12029 16377 5641 
16021 12035 16384 5642 
16029 12038 16395 5643 
16033 12042 16402 5644 
16037 12044 16407 5645 
16044 12047 16411 5647 
16047 12052 16416 5648 
16055 12056 16423 5652 
16062 12063 16429 5654 
16069 12067 16438 5660 
16075 12070 16445 5662 
16084 12076 16450 5663 
16092 12079 16456 5667 
16095 12080 16461 5670 
16103 12085 16470 5671 
16106 12087 16475 5672 
16118 12089 16481 5675 
16126 12092 16488 5677 
16131 12099 16495 5678 
16132 12105 16501 5679 
16136 12107 16506 5682 
16141 12113 16510 5682 
16148 12117 16518 5684 
16155 12121 16523 5685 
16162 12128 16527 5686 
16170 12135 16532 5686 
16176 12139 16542 5688 
16181 12144 16547 5690 
16188 12152 16554 5693 
16193 12157 16558 5694 
16199 12158 16565 5698 
16204 12164 16568 5702 
16208 12172 16576 5705 
16217 12174 16584 5706 
16221 12180 16589 5707 
16227 12186 16599 5708 
16232 12189 16609 5712 
16234 12192 16614 5714 
16240 12201 16620 5718 
16246 12202 16628 5720 
16256 12206 16639 5722 
16262 12210 16650 5724 
16269 12214 16655 5727 
16273 12221 16664 5730 
16277 12226 16670 5732 
16282 12231 16676 5736 
16286 12235 16681 5737 
16292 12237 16693 5738 
16299 12249 16697 5743 
16307 12253 16705 5747 
16311 12257 16715 5750 
16313 12262 16718 5754 
16318 12264 16727 5756 
16325 12271 16731 5760 
16330 12275 16739 5761 
16334 12278 16744 5762 
16341 12281 16754 5769 
16347 12286 16761 5771 
16352 12292 16767 5773 
16360 12296 16775 5774 
16367 12300 16787 5778 
16374 12307 16793 5779 
16381 12312 16800 5781 
16385 12318 16809 5786 
16390 12318 16812 5787 
16396 12324 16818 5789 
16401 12325 16824 5792 
16409 12330 16831 5794 
16418 12340 16836 5796 
16422 12345 16841 5798 
16425 12351 16851 5800 
16431 12354 16855 5802 
16445 12362 16865 5804 
16454 12367 16870 5805 
16462 12368 16878 5806 
16466 12373 16882 5809 
16471 12378 16886 5810 
16477 12381 16893 5813 
16487 12388 16896 5815 
16496 12395 16904 5816 
16501 12398 16913 5816 
16507 12401 16916 5818 
16512 12403 16923 5821 
16519 12407 16928 5822 
16527 12409 16937 5825 
16532 12413 16943 5826 
16539 12415 16951 5828 
16545 12422 16965 5830 
16550 12426 16975 5832 
16555 12432 16983 5834 
16561 12440 16988 5834 
16567 12446 16990 5834 
16572 12452 16991 5835 
16580 12455 16998 5838 
16585 12457 17005 5840 
16588 12462 17012 5841 
16595 12464 17021 5841 
16599 12468 17027 5844 
16601 12471 17030 5847 
16607 12476 17037 5850 
16611 12478 17042 5851 
16615 12483 17048 5852 
16617 12488 17056 5854 
16620 12491 17061 5858 
16627 12494 17064 5859 
16634 12498 17070 5863 
16641 12507 17072 5864 
16645 12514 17080 5866 
16654 12519 17090 5867 
16663 12527 17095 5868 
16666 12530 17103 5871 
16668 12533 17113 5873 
16673 12540 17120 5876 
16677 12546 17128 5877 
16684 12553 17133 5879 
16690 12558 17138 5881 
16695 12560 17143 5886 
16696 12564 17147 5888 
16703 12568 17160 5890 
16711 12573 17164 5891 
16718 12580 17172 5893 
16728 12584 17175 5894 
16734 12586 17181 5899 
16743 12589 17186 5900 
16749 12594 17191 5902 
16753 12597 17200 5906 
16758 12600 17211 5907 
16761 12603 17221 5908 
16764 12605 17224 5910 
16774 12609 17227 5914 
16777 12613 17235 5916 
16783 12617 17241 5917 
16790 12626 17245 5918 
16794 12631 17256 5921 
16802 12633 17264 5922 
16808 12640 17272 5922 
16814 12645 17278 5924 
16817 12649 17286 5926 
16824 12649 17297 5928 
16828 12654 17304 5929 
16833 12657 17310 5931 
16837 12664 17316 5931 
16846 12669 17321 5931 
16850 12672 17328 5933 
16856 12678 17337 5934 
16859 12679 17342 5935 
16867 12683 17350 5939 
16873 12687 17353 5940 
16877 12690 17360 5943 
16878 12694 17366 5945 
16886 12700 17371 5945 
16887 12704 17380 5948 
16898 12712 17387 5950 
16899 12719 17393 5953 
16904 12725 17402 5954 
16910 12727 17407 5954 
16914 12732 17409 5955 
16918 12737 17416 5957 
16920 12744 17422 5960 
16925 12752 17431 5963 
16929 12755 17439 5967 
16939 12760 17444 5967 
16946 12766 17450 5972 
16949 12774 17456 5974 
16955 12781 17461 5980 
16959 12790 17465 5983 
16963 12794 17475 5987 
16967 12794 17482 5989 
16976 12798 17486 5992 
16983 12806 17493 5996 
16988 12809 17494 6000 
16991 12813 17501 6001 
16993 12816 17510 6003 
16996 12820 17517 6005 
17004 12823 17526 6005 
17009 12830 17528 6006 
17016 12835 17534 6007 
17022 12840 17545 6007 
17031 12842 17549 6009 
17037 12852 17556 6011 
17040 12856 17564 6012 
17046 12860 17572 6014 
17057 12861 17574 6015 
17063 12867 17578 6018 
17068 12871 17581 6020 
17083 12875 17584 6025 
17087 12879 17593 6029 
17094 12884 17598 6031 
17095 12889 17603 6035 
17100 12893 17605 6037 
17103 12898 17612 6038 
17111 12902 17623 6040 
17118 12906 17627 6042 
17123 12911 17634 6045 
17128 12915 17637 6046 
17134 12917 17642 6047 
17140 12921 17649 6048 
17145 12923 17654 6049 
17149 12925 17658 6052 
17151 12929 17664 6055 
17158 12934 17669 6056 
17162 12935 17675 6059 
17166 12944 17685 6059 
17170 12948 17695 6060 
17181 12950 17700 6063 
17183 12953 17702 6064 
17190 12958 17708 6067 
17197 12962 17712 6072 
17199 12967 17718 6075 
17205 12971 17723 6077 
17211 12974 17729 6077 
17214 12980 17737 6080 
17220 12987 17742 6083 
17226 12991 17748 6087 
17234 12999 17755 6089 
17239 13000 17762 6091 
17247 13005 17769 6093 
17255 13007 17777 6093 
17259 13011 17781 6097 
17263 13014 17783 6098 
17267 13019 17790 6101 
17276 13022 17798 6105 
17277 13024 17808 6108 
17283 13028 17815 6110 
17290 13034 17821 6113 
17296 13036 17832 6117 
17301 13043 17834 6122 
17310 13048 17839 6123 
17316 13054 17846 6126 
17319 13058 17852 6129 
17323 13064 17856 6130 
17329 13070 17866 6135 
17334 13075 17874 6137 
17339 13080 17879 6139 
17349 13085 17886 6141 
17356 13093 17890 6143 
17366 13099 17896 6145 
17373 13107 17901 6145 
17375 13111 17909 6149 
17380 13113 17914 6152 
17384 13118 17922 6153 
17388 13121 17931 6155 
17395 13124 17938 6156 
17398 13126 17942 6156 
17402 13134 17953 6159 
17407 13137 17956 6161 
17414 13145 17962 6161 
17417 13151 17967 6163 
17425 13162 17971 6165 
17431 13166 17978 6166 
17436 13173 17988 6172 
17438 13176 17991 6173 
17444 13182 18000 6175 
17448 13188 18007 6177 
17456 13191 18011 6181 
17461 13195 18020 6183 
17468 13203 18028 6185 
17476 13204 18035 6185 
17480 13213 18044 6186 
17485 13221 18051 6187 
17487 13226 18053 6187 
17494 13231 18063 6188 
17495 13233 18068 6191 
17497 13237 18069 6193 
17503 13240 18077 6196 
17509 13245 18084 6199 
17512 13251 18092 6202 
17515 13256 18103 6207 
17521 13258 18111 6211 
17532 13265 18119 6214 
17536 13268 18129 6217 
17542 13274 18136 6221 
17547 13277 18141 6223 
17553 13282 18143 6226 
17560 13286 18147 6228 
17567 13287 18158 6232 
17577 13293 18162 6236 
17588 13296 18167 6240 
17592 13301 18177 6243 
17597 13305 18180 6248 
17603 13309 18185 6248 
17609 13313 18189 6250 
17618 13320 18193 6254 
17625 13321 18197 6255 
17632 13323 18203 6258 
17638 13325 18209 6259 
17644 13329 18211 6263 
17647 13331 18219 6266 
17654 13335 18227 6270 
17658 13338 18233 6276 
17662 13345 18241 6278 
17664 13347 18246 6279 
17666 13349 18256 6282 
17670 13355 18260 6284 
17678 13361 18263 6286 
17680 13369 18271 6287 
17684 13375 18276 6287 
17687 13378 18280 6287 
17694 13381 18284 6288 
17697 13386 18290 6291 
17702 13390 18296 6293 
17708 13392 18302 6294 
17716 13395 18311 6298 
17724 13397 18319 6298 
17730 13399 18327 6301 
17739 13404 18331 6301 
17749 13407 18337 6302 
17753 13414 18342 6305 
17753 13418 18351 6307 
17756 13420 18358 6310 
17759 13423 18365 6314 
17765 13428 18375 6317 
17768 13432 18383 6318 
17773 13439 18388 6322 
17777 13445 18393 6323 
17782 13450 18402 6325 
17785 13452 18405 6327 
17795 13456 18411 6329 
17808 13462 18419 6331 
17813 13467 18427 6331 
17818 13473 18436 6333 
17821 13475 18442 6334 
17833 13481 18447 6339 
17838 13489 18453 6343 
17842 13493 18458 6344 
17846 13499 18463 6345 
17855 13502 18468 6347 
17860 13506 18473 6350 
17863 13514 18477 6352 
17868 13518 18481 6353 
17873 13524 18489 6356 
17883 13529 18496 6359 
17886 13532 18504 6361 
17892 13534 18509 6361 
17895 13540 18514 6363 
17897 13547 18515 6369 
17902 13549 18520 6371 
17910 13560 18523 6372 
17918 13565 18531 6376 
17926 13570 18539 6378 
17936 13573 18543 6381 
17943 13576 18550 6382 
17950 13576 18557 6386 
17959 13585 18567 6389 
17965 13591 18572 6395 
17971 13598 18580 6396 
17976 13607 18589 6398 
17983 13611 18598 6401 
17989 13620 18602 6403 
17997 13627 18606 6405 
18001 13631 18608 6407 
18004 13636 18610 6409 
18005 13640 18613 6411 
18009 13644 18620 6412 
18019 13651 18624 6413 
18027 13656 18628 6414 
18031 13665 18634 6415 
18038 13672 18642 6416 
18046 13679 18645 6418 
18052 13685 18652 6419 
18054 13690 18658 6420 
18062 13696 18661 6424 
18067 13700 18669 6426 
18071 13704 18673 6427 
18078 13710 18675 6432 
18084 13713 18678 6433 
18093 13722 18683 6435 
18099 13726 18689 6437 
18104 13728 18693 6440 
18109 13728 18696 6444 
18113 13737 18697 6447 
18117 13741 18702 6449 
18126 13744 18710 6451 
18131 13749 18720 6451 
18138 13755 18728 6454 
18142 13757 18736 6458 
18147 13761 18741 6463 
18152 13766 18744 6467 
18160 13772 18749 6470 
18165 13777 18751 6470 
18171 13783 18757 6471 
18174 13786 18761 6475 
18179 13786 18768 6476 
18188 13788 18773 6480 
18189 13796 18777 6482 
18197 13802 18783 6483 
18199 13804 18790 6484 
18203 13808 18791 6488 
18207 13809 18796 6488 
18211 13814 18803 6492 
18217 13821 18808 6494 
18225 13825 18813 6497 
18230 13827 18819 6498 
18236 13831 18824 6500 
18244 13836 18829 6506 
18247 13841 18836 6507 
18256 13847 18839 6508 
18265 13851 18842 6509 
18270 13855 18847 6510 
18273 13859 18855 6513 
18281 13860 18864 6516 
18287 13865 18867 6517 
18294 13870 18874 6518 
18300 13884 18883 6521 
18303 13892 18884 6524 
18309 13894 18888 6527 
18317 13903 18896 6529 
18319 13906 18900 6531 
18322 13912 18911 6532 
18326 13917 18913 6534 
18334 13918 18917 6535 
18339 13923 18922 6538 
18344 13931 18927 6540 
18351 13938 18935 6542 
18355 13942 18942 6544 
18363 13949 18947 6546 
18368 13957 18954 6552 
18373 13960 18959 6554 
18378 13964 18969 6555 
18382 13970 18973 6558 
18388 13975 18983 6559 
18390 13978 18991 6560 
18391 13982 18997 6560 
18396 13985 19004 6561 
18400 13990 19010 6562 
18401 13995 19017 6565 
18406 14003 19026 6568 
18412 14008 19030 6571 
18418 14011 19037 6574 
18423 14013 19042 6577 
18429 14018 19047 6577 
18441 14024 19048 6579 
18446 14027 19053 6580 
18456 14035 19061 6584 
18466 14038 19064 6584 
18470 14043 19072 6587 
18476 14051 19079 6589 
18484 14056 19084 6594 
18494 14059 19092 6594 
18497 14064 19096 6594 
18503 14071 19101 6594 
18507 14078 19111 6596 
18511 14079 19120 6599 
18518 14082 19124 6599 
18526 14089 19135 6602 
18536 14094 19145 6602 
18538 14097 19146 6605 
18546 14100 19154 6609 
18552 14104 19159 6612 
18561 14111 19165 6614 
18566 14121 19171 6617 
18573 14127 19180 6621 
18577 14132 19186 6622 
18585 14135 19195 6623 
18593 14137 19199 6626 
18596 14143 19207 6629 
18604 14149 19218 6630 
18614 14155 19223 6631 
18618 14160 19226 6633 
18628 14162 19235 6633 
18635 14168 19238 6634 
18642 14171 19243 6636 
18647 14175 19251 6636 
18658 14180 19258 6637 
18665 14183 19270 6637 
18666 14190 19278 6638 
18670 14195 19280 6640 
18677 14197 19284 6642 
18688 14199 19288 6644 
18694 14203 19292 6650 
18700 14210 19296 6651 
18711 14215 19303 6652 
18714 14216 19318 6652 
18722 14222 19325 6654 
18727 14231 19332 6656 
18738 14235 19341 6660 
18743 14240 19348 6664 
18753 14248 19351 6664 
18763 14251 19355 6665 
18769 14255 19360 6668 
18776 14258 19363 6670 
18779 14262 19369 6672 
18780 14266 19371 6674 
18785 14270 19378 6678 
18787 14278 19383 6679 
18791 14283 19392 6683 
18798 14288 19398 6685 
18803 14289 19402 6688 
18806 14292 19405 6691 
18810 14295 19413 6693 
18815 14299 19415 6694 
18816 14304 19423 6694 
18825 14309 19429 6695 
18831 14314 19440 6695 
18837 14319 19445 6698 
18842 14326 19449 6703 
18848 14327 19453 6704 
18855 14331 19459 6706 
18862 14336 19468 6707 
18871 14341 19471 6708 
18875 14347 19475 6709 
18879 14352 19481 6710 
18881 14357 19487 6714 
18888 14365 19490 6716 
18896 14370 19502 6717 
18903 14371 19509 6722 
18911 14378 19511 6723 
18920 14382 19516 6725 
18927 14385 19519 6728 
18937 14391 19529 6728 
18942 14397 19537 6731 
18947 14399 19545 6735 
18954 14402 19554 6739 
18957 14411 19557 6739 
18962 14414 19562 6740 
18968 14419 19567 6742 
18974 14422 19577 6745 
18980 14424 19583 6747 
18983 14430 19588 6750 
18987 14434 19595 6750 
18990 14437 19604 6750 
18993 14448 19610 6756 
19000 14455 19618 6757 
19006 14459 19622 6762 
19011 14462 19629 6764 
19016 14467 19635 6766 
19020 14471 19637 6771 
19026 14473 19643 6776 
19027 14477 19647 6778 
19029 14482 19650 6780 
19035 14486 19653 6781 
19044 14491 19662 6781 
19050 14497 19672 6784 
19056 14500 19685 6786 
19066 14503 19688 6786 
19072 14509 19700 6790 
19079 14512 19707 6790 
19084 14514 19714 6793 
19093 14517 19721 6794 
19096 14521 19731 6796 
19099 14528 19739 6800 
19106 14534 19741 6801 
19109 14539 19748 6801 
19115 14543 19753 6804 
19119 14545 19760 6806 
19126 14552 19765 6806 
19132 14560 19775 6808 
19137 14568 19784 6811 
19145 14573 19792 6812 
19151 14575 19801 6818 
19154 14586 19806 6819 
19161 14593 19816 6822 
19166 14599 19822 6824 
19174 14603 19831 6825 
19181 14608 19838 6826 
19186 14611 19841 6827 
19192 14613 19853 6829 
19195 14621 19855 6834 
19198 14630 19862 6835 
19207 14634 19868 6836 
19216 14637 19878 6840 
19222 14643 19882 6842 
19226 14644 19887 6846 
19234 14647 19888 6850 
19242 14649 19892 6853 
19243 14650 19899 6855 
19250 14653 19907 6857 
19253 14660 19910 6860 
19259 14666 19910 6860 
19264 14673 19920 6862 
19268 14681 19926 6864 
19276 14686 19931 6866 
19282 14691 19937 6869 
19291 14695 19940 6872 
19295 14701 19946 6872 
19298 14707 19951 6876 
19305 14712 19957 6880 
19306 14720 19965 6882 
19313 14724 19974 6885 
19318 14726 19980 6887 
19325 14739 19983 6892 
19330 14746 19988 6893 
19338 14750 19995 6893 
19347 14761 20002 6895 
19352 14766 20007 6898 
19359 14767 20012 6900 
19367 14773 20016 6904 
19375 14779 20022 6905 
19382 14784 20032 6907 
19387 14788 20037 6908 
19388 14788 20046 6909 
19403 14794 20050 6911 
19405 14798 20057 6915 
19410 14802 20063 6917 
19420 14807 20066 6918 
19424 14814 20072 6921 
19428 14824 20086 6924 
19434 14827 20093 6925 
19442 14830 20103 6928 
19449 14837 20112 6929 
19452 14843 20115 6932 
19454 14846 20122 6935 
19466 14852 20130 6936 
19469 14859 20138 6937 
19478 14865 20146 6938 
19485 14873 20153 6940 
19492 14878 20161 6941 
19495 14881 20168 6945 
19499 14884 20173 6948 
19505 14893 20180 6951 
19511 14901 20187 6956 
19522 14904 20193 6960 
19533 14908 20196 6961 
19539 14912 20206 6965 
19544 14916 20215 6969 
19547 14924 20221 6970 
19550 14928 20227 6971 
19557 14932 20237 6972 
19560 14938 20244 6973 
19566 14942 20248 6976 
19572 14945 20255 6977 
19577 14953 20260 6980 
19580 14957 20265 6985 
19585 14961 20278 6986 
19589 14970 20285 6988 
19595 14975 20292 6990 
19600 14978 20297 6991 
19604 14982 20300 6995 
19609 14985 20306 6996 
19619 14988 20313 7000 
19625 14992 20318 7003 
19631 14998 20328 7005 
19643 15002 20334 7008 
19646 15008 20340 7009 
19658 15012 20348 7012 
19663 15020 20354 7014 
19666 15024 20360 7017 
19672 15027 20364 7017 
19686 15030 20368 7018 
19690 15033 20375 7018 
19698 15040 20377 7018 
19701 15041 20381 7019 
19707 15052 20385 7021 
19721 15058 20393 7024 
19728 15062 20399 7026 
19734 15067 20403 7030 
19740 15074 20412 7031 
19746 15078 20420 7033 
19749 15079 20425 7036 
19756 15082 20431 7038 
19757 15084 20437 7041 
19762 15092 20443 7043 
19769 15100 20452 7043 
19776 15103 20460 7048 
19779 15107 20468 7049 
19785 15112 20474 7050 
19790 15116 20478 7050 
19796 15123 20484 7052 
19800 15132 20489 7055 
19806 15136 20496 7058 
19813 15142 20506 7062 
19814 15151 20511 7063 
19819 15156 20526 7064 
19827 15161 20532 7066 
19832 15168 20541 7066 
19837 15171 20549 7069 
19841 15175 20555 7072 
19849 15180 20572 7078 
19853 15185 20577 7080 
19864 15192 20585 7085 
19872 15198 20592 7087 
19881 15204 20604 7088 
19890 15207 20610 7088 
19894 15215 20614 7090 
19898 15222 20624 7093 
19902 15227 20634 7095 
19905 15230 20643 7097 
19914 15235 20644 7098 
19921 15241 20650 7100 
19929 15249 20659 7100 
19936 15256 20666 7103 
19944 15260 20672 7104 
19950 15264 20675 7111 
19952 15265 20686 7115 
19961 15270 20695 7120 
19971 15280 20698 7121 
19979 15287 20702 7122 
19990 15290 20712 7124 
19997 15294 20722 7125 
20001 15301 20730 7128 
20004 15306 20737 7129 
20008 15310 20739 7131 
20014 15315 20749 7135 
20016 15318 20754 7140 
20028 15321 20762 7140 
20036 15325 20765 7143 
20044 15330 20774 7144 
20046 15333 20779 7147 
20048 15337 20785 7147 
20052 15342 20793 7147 
20058 15349 20801 7148 
20065 15353 20804 7151 
20076 15353 20809 7152 
20085 15361 20815 7154 
20089 15366 20819 7160 
20093 15369 20825 7162 
20097 15376 20838 7163 
20102 15381 20845 7168 
20108 15385 20848 7168 
20114 15393 20856 7169 
20118 15393 20863 7171 
20123 15396 20869 7175 
20128 15401 20874 7175 
20132 15408 20883 7176 
20137 15410 20888 7178 
20150 15416 20892 7180 
20155 15418 20897 7185 
20165 15423 20903 7187 
20172 15427 20910 7187 
20179 15430 20919 7187 
20187 15439 20925 7188 
20191 15442 20931 7191 
20199 15445 20939 7191 
20205 15449 20944 7192 
20208 15452 20946 7193 
20212 15462 20955 7195 
20224 15468 20964 7196 
20231 15474 20969 7199 
20246 15478 20979 7199 
20250 15481 20987 7201 
20257 15489 20993 7203 
20263 15493 20999 7205 
20267 15498 21004 7207 
20272 15502 21006 7209 
20278 15509 21008 7212 
20283 15513 21011 7214 
20285 15517 21022 7217 
20292 15528 21030 7222 
20294 15534 21036 7225 
20301 15537 21040 7226 
20313 15540 21049 7231 
20323 15548 21059 7232 
20331 15551 21069 7233 
20333 15555 21075 7235 
20336 15558 21084 7237 
20339 15562 21093 7243 
20348 15568 21099 7246 
20356 15574 21107 7248 
20360 15579 21113 7251 
20364 15585 21117 7253 
20373 15590 21128 7255 
20382 15596 21132 7256 
20387 15602 21143 7262 
20393 15604 21149 7265 
20395 15607 21153 7268 
20403 15611 21156 7270 
20408 15615 21162 7273 
20416 15618 21165 7275 
20422 15625 21171 7275 
20430 15629 21179 7278 
20434 15632 21187 7281 
20439 15637 21195 7286 
20442 15640 21209 7289 
20448 15648 21216 7291 
20455 15654 21224 7293 
20463 15661 21229 7294 
20468 15667 21240 7294 
20477 15668 21250 7298 
20483 15671 21259 7299 
20486 15674 21266 7302 
20491 15683 21274 7302 
20495 15687 21278 7304 
20497 15689 21283 7307 
20502 15695 21291 7311 
20509 15699 21296 7314 
20517 15703 21303 7315 
20522 15706 21310 7316 
20529 15712 21313 7316 
20531 15715 21318 7320 
20537 15722 21326 7322 
20543 15728 21331 7326 
20550 15737 21335 7329 
20558 15740 21344 7329 
20567 15746 21349 7333 
20571 15750 21364 7338 
20580 15754 21369 7341 
20585 15760 21375 7345 
20592 15765 21382 7348 
20594 15770 21390 7348 
20603 15774 21396 7348 
20607 15779 21405 7354 
20612 15784 21410 7357 
20617 15790 21415 7359 
20627 15792 21426 7359 
20632 15798 21432 7361 
20638 15801 21441 7365 
20648 15804 21447 7368 
20652 15808 21454 7371 
20662 15814 21459 7373 
20669 15816 21465 7376 
20678 15825 21471 7379 
20681 15829 21475 7380 
20684 15831 21483 7381 
20694 15839 21490 7384 
20701 15841 21493 7386 
20709 15846 21504 7390 
20715 15848 21511 7391 
20723 15852 21520 7394 
20730 15861 21529 7395 
20734 15864 21539 7398 
20743 15868 21543 7400 
20743 15875 21549 7402 
20750 15886 21554 7403 
20759 15890 21558 7410 
20769 15893 21564 7412 
20778 15897 21567 7414 
20786 15905 21574 7417 
20793 15909 21581 7422 
20796 15913 21590 7423 
20802 15916 21597 7425 
20812 15919 21603 7425 
20817 15924 21607 7428 
20825 15928 21608 7433 
20832 15932 21614 7437 
20838 15937 21621 7440 
20850 15943 21626 7443 
20857 15948 21635 7445 
20863 15950 21648 7446 
20869 15957 21656 7449 
20875 15962 21660 7456 
20881 15967 21667 7457 
20889 15973 21675 7457 
20892 15979 21685 7458 
20905 15983 21691 7460 
20911 15989 21696 7464 
20918 15996 21704 7466 
20922 16001 21708 7468 
20932 16004 21711 7469 
20935 16007 21713 7470 
20947 16008 21721 7472 
20954 16014 21722 7474 
20965 16015 21726 7477 
20975 16019 21728 7479 
20977 16025 21731 7480 
20982 16028 21732 7480 
20992 16035 21736 7482 
20996 16038 21742 7484 
21000 16044 21750 7486 
21002 16048 21759 7488 
21007 16050 21765 7490 
21011 16055 21768 7493 
21015 16061 21775 7496 
21019 16069 21782 7497 
21023 16077 21787 7501 
21029 16080 21794 7503 
21036 16085 21805 7505 
21045 16091 21808 7508 
21047 16101 21813 7511 
21051 16106 21826 7513 
21056 16109 21833 7513 
21063 16112 21838 7515 
21066 16115 21849 7518 
21076 16120 21859 7521 
21082 16127 21866 7523 
21086 16133 21873 7526 
21096 16138 21881 7527 
21104 16143 21887 7529 
21110 16147 21895 7533 
21114 16151 21902 7534 
21121 16153 21909 7537 
21126 16157 21919 7539 
21133 16163 21926 7541 
21138 16168 21931 7542 
21143 16173 21938 7544 
21145 16176 21948 7547 
21148 16182 21958 7551 
21153 16187 21962 7555 
21160 16197 21969 7558 
21166 16199 21979 7558 
21171 16206 21982 7561 
21176 16209 21987 7563 
21184 16218 21991 7564 
21189 16221 21996 7566 
21199 16228 22000 7566 
21205 16233 22012 7569 
21213 16240 22023 7572 
21219 16243 22029 7574 
21226 16246 22032 7578 
21229 16250 22035 7584 
21234 16256 22039 7586 
21243 16261 22049 7586 
21250 16268 22055 7587 
21260 16269 22060 7588 
21268 16274 22071 7591 
21279 16277 22080 7593 
21289 16287 22086 7594 
21296 16290 22091 7596 
21300 16301 22094 7598 
21306 16312 22102 7603 
21318 16316 22111 7604 
21323 16318 22116 7605 
21327 16322 22120 7607 
21332 16330 22123 7608 
21340 16331 22131 7610 
21350 16338 22136 7614 
21357 16339 22146 7617 
21363 16340 22154 7620 
21374 16343 22158 7622 
21382 16345 22161 7626 
21382 16349 22167 7629 
21383 16351 22175 7631 
21390 16354 22184 7634 
21397 16359 22189 7636 
21405 16365 22198 7638 
21408 16369 22203 7638 
21411 16376 22210 7641 
21418 16381 22219 7644 
21421 16387 22228 7646 
21430 16391 22235 7648 
21436 16397 22240 7653 
21444 16404 22247 7654 
21450 16406 22254 7656 
21459 16414 22260 7657 
21464 16418 22267 7658 
21472 16425 22274 7660 
21476 16433 22279 7665 
21483 16434 22284 7666 
21488 16436 22290 7668 
21491 16443 22295 7672 
21496 16449 22304 7675 
21500 16456 22309 7677 
21507 16459 22316 7682 
21511 16464 22322 7686 
21517 16469 22325 7690 
21522 16473 22331 7691 
21528 16478 22335 7692 
21532 16486 22344 7696 
21536 16490 22354 7702 
21541 16495 22359 7703 
21547 16501 22365 7707 
21550 16506 22370 7712 
21556 16510 22376 7714 
21561 16515 22387 7715 
21566 16516 22391 7717 
21569 16523 22398 7718 
21579 16527 22402 7724 
21586 16533 22409 7725 
21590 16540 22413 7727 
21600 16546 22418 7727 
21609 16550 22425 7728 
21616 16554 22432 7729 
21621 16557 22437 7730 
21628 16562 22442 7734 
21635 16567 22447 7734 
21640 16573 22454 7734 
21642 16579 22458 7741 
21649 16581 22462 7742 
21656 16587 22468 7745 
21661 16590 22471 7751 
21667 16594 22478 7754 
21671 16599 22486 7757 
21677 16605 22489 7758 
21679 16610 22492 7759 
21688 16615 22497 7760 
21692 16617 22499 7763 
21698 16625 22505 7763 
21702 16633 22512 7764 
21711 16642 22515 7766 
21716 16648 22521 7769 
21720 16657 22525 7773 
21727 16665 22531 7774 
21737 16673 22534 7775 
21743 16676 22535 7778 
21749 16680 22543 7785 
21759 16685 22551 7788 
21768 16693 22562 7792 
21772 16701 22569 7796 
21778 16705 22574 7799 
21789 16708 22580 7804 
21800 16712 22586 7812 
21805 16717 22594 7814 
21810 16722 22605 7816 
21814 16724 22606 7818 
21819 16727 22616 7820 
21826 16734 22626 7823 
21830 16742 22635 7823 
21835 16750 22637 7827 
21843 16752 22643 7831 
21850 16757 22644 7832 
21856 16759 22652 7832 
21865 16766 22657 7834 
21870 16776 22666 7838 
21874 16779 22676 7840 
21883 16784 22683 7842 
21888 16792 22687 7845 
21891 16799 22693 7849 
21895 16803 22703 7849 
21898 16806 22718 7849 
21901 16812 22722 7852 
21905 16816 22727 7854 
21908 16820 22731 7857 
21914 16825 22736 7861 
21917 16828 22739 7862 
21925 16832 22747 7863 
21929 16834 22760 7864 
21934 16842 22763 7865 
21938 16844 22767 7866 
21949 16852 22773 7867 
21954 16857 22781 7872 
21958 16861 22787 7873 
21963 16865 22792 7874 
21969 16867 22798 7875 
21979 16868 22807 7876 
21984 16875 22811 7880 
21988 16878 22816 7880 
21996 16885 22822 7881 
22007 16891 22826 7884 
22010 16898 22831 7887 
22013 16901 22839 7892 
22018 16906 22845 7894 
22025 16915 22852 7897 
22030 16922 22858 7900 
22035 16927 22865 7903 
22045 16933 22876 7906 
22048 16937 22880 7908 
22059 16941 22882 7910 
22068 16944 22890 7911 
22075 16952 22898 7916 
22082 16958 22904 7916 
22089 16963 22908 7918 
22093 16966 22922 7921 
22099 16969 22925 7923 
22103 16971 22932 7931 
22113 16975 22939 7934 
22122 16977 22945 7935 
22127 16981 22949 7938 
22139 16985 22955 7939 
22142 16998 22958 7939 
22155 17000 22962 7943 
22158 17002 22967 7947 
22165 17004 22974 7950 
22171 17006 22985 7954 
22175 17012 22997 7955 
22182 17017 23002 7958 
22187 17020 23005 7961 
22192 17025 23015 7964 
22194 17033 23019 7966 
22199 17037 23028 7970 
22202 17042 23032 7973 
22209 17048 23041 7979 
22213 17055 23049 7983 
22216 17058 23056 7990 
22222 17063 23060 7991 
22225 17072 23065 7991 
22227 17076 23074 7993 
22230 17081 23081 7996 
22235 17087 23090 7999 
22240 17094 23095 8003 
22247 17099 23101 8005 
22257 17108 23109 8006 
22261 17112 23116 8010 
22267 17113 23125 8014 
22273 17120 23133 8016 
22280 17126 23137 8017 
22286 17129 23144 8020 
22291 17132 23151 8022 
22298 17139 23164 8025 
22306 17148 23169 8029 
22313 17152 23175 8031 
22320 17156 23183 8035 
22322 17162 23185 8036 
22329 17167 23187 8037 
22334 17172 23196 8039 
