0 0 0 0 
2 5 1 2 
6 9 5 6 
9 10 10 6 
14 18 13 8 
16 22 18 14 
22 24 24 17 
28 27 25 18 
37 33 31 21 
42 36 35 21 
45 38 39 22 
48 42 47 23 
55 45 55 26 
64 48 59 27 
72 50 61 28 
77 51 65 29 
82 55 72 30 
87 57 79 31 
92 63 84 33 
98 68 90 33 
104 74 97 36 
111 79 100 38 
115 84 105 44 
122 85 110 46 
124 89 117 47 
128 96 122 48 
130 100 125 51 
133 106 133 51 
136 109 139 52 
140 111 148 56 
145 120 151 56 
148 121 158 58 
152 126 161 60 
155 129 162 62 
159 132 165 63 
163 140 169 65 
166 144 173 65 
170 148 176 68 
174 153 183 70 
180 155 189 74 
186 160 195 78 
198 164 200 79 
203 169 205 81 
209 174 211 82 
213 178 220 83 
216 181 224 84 
224 186 228 86 
231 190 233 86 
238 193 238 87 
252 199 243 88 
260 201 253 91 
268 205 262 93 
275 209 267 94 
281 215 267 96 
289 219 270 98 
290 224 278 98 
299 228 281 99 
306 228 287 104 
309 231 292 107 
317 233 301 109 
323 234 310 109 
326 241 310 110 
333 242 315 111 
338 246 321 112 
342 247 332 113 
348 249 338 115 
354 250 342 118 
359 256 346 118 
368 259 352 120 
372 262 363 122 
377 267 368 126 
382 270 378 127 
392 274 380 128 
401 274 384 130 
406 276 391 130 
410 278 393 131 
419 283 397 134 
424 287 405 137 
432 292 408 138 
440 296 418 139 
448 299 422 139 
453 301 430 141 
467 308 431 143 
470 312 438 145 
475 312 443 147 
480 314 451 149 
482 317 456 150 
490 320 457 154 
495 324 462 156 
496 330 467 157 
500 333 474 157 
510 334 480 159 
515 336 483 160 
523 336 491 163 
527 339 498 164 
530 342 509 166 
534 347 515 166 
537 351 523 166 
542 353 527 169 
548 354 531 173 
556 358 534 175 
558 361 537 177 
564 365 541 178 
569 373 543 180 
572 375 545 182 
575 379 548 183 
581 383 554 184 
587 384 556 187 
590 389 559 188 
592 391 571 190 
598 395 576 192 
602 397 580 195 
612 402 586 199 
615 405 591 200 
618 408 601 201 
621 415 603 204 
625 415 606 206 
629 422 607 211 
633 432 613 214 
637 436 620 216 
640 440 625 221 
647 445 630 222 
657 447 637 224 
660 452 644 226 
665 453 649 228 
668 456 652 231 
672 461 657 231 
679 464 661 232 
682 464 666 235 
689 470 669 236 
694 478 676 237 
700 479 680 241 
704 483 688 242 
711 487 692 243 
719 488 698 244 
723 491 706 246 
727 493 710 247 
730 498 713 249 
738 502 718 252 
742 504 719 255 
745 506 727 260 
749 509 728 262 
757 511 731 265 
758 514 732 267 
762 517 736 268 
768 520 740 272 
772 523 745 274 
777 528 748 275 
784 530 757 279 
791 533 767 280 
803 538 771 282 
809 541 775 283 
811 544 779 285 
816 549 785 286 
824 555 790 291 
836 557 794 292 
842 560 800 294 
848 565 803 296 
858 567 806 299 
862 570 810 299 
870 573 812 302 
874 578 814 303 
880 584 815 306 
886 592 821 306 
889 596 828 311 
896 598 832 311 
901 604 839 311 
907 607 845 313 
914 611 849 314 
918 615 850 315 
923 618 855 317 
926 624 861 319 
930 626 867 322 
937 631 874 324 
943 635 877 327 
948 637 880 328 
950 639 887 329 
952 642 890 329 
958 645 892 329 
962 649 898 332 
968 651 906 332 
972 655 909 333 
979 661 913 336 
979 667 916 337 
983 668 921 337 
992 675 923 341 
999 678 928 343 
1005 681 933 344 
1009 683 940 347 
1016 687 943 350 
1020 691 950 351 
1026 695 954 352 
1037 697 955 354 
1041 699 957 354 
1044 701 957 360 
1049 704 964 365 
1054 709 967 365 
1059 712 971 368 
1063 713 977 369 
1069 717 984 371 
1073 721 992 372 
1076 724 994 375 
1079 726 1001 376 
1083 732 1008 378 
1089 740 1013 379 
1093 745 1016 382 
1094 747 1024 386 
1100 752 1027 388 
1101 754 1036 391 
1110 757 1046 394 
1115 760 1050 396 
1119 766 1055 397 
1126 767 1059 397 
1137 774 1063 402 
1143 775 1070 405 
1149 777 1079 408 
1157 779 1085 410 
1161 781 1091 411 
1169 784 1095 411 
1174 785 1104 412 
1177 787 1113 413 
1180 794 1116 416 
1184 797 1121 420 
1188 799 1129 420 
1190 804 1134 421 
1196 806 1138 422 
1201 810 1143 422 
1204 814 1146 424 
1214 817 1153 425 
1224 820 1158 426 
1229 822 1165 427 
1234 827 1170 429 
1242 830 1174 430 
1246 833 1178 430 
1251 837 1182 431 
1256 838 1186 431 
1259 839 1191 434 
1265 842 1194 436 
1271 845 1206 438 
1275 851 1210 440 
1278 856 1217 441 
1282 863 1218 441 
1288 866 1225 442 
1292 867 1228 442 
1295 867 1239 443 
1298 871 1242 443 
1304 873 1247 446 
1312 874 1254 447 
1318 879 1260 448 
1323 880 1265 448 
1331 884 1267 449 
1341 887 1269 454 
1349 892 1272 456 
1360 894 1279 457 
1363 896 1283 460 
1368 900 1291 461 
1372 901 1294 462 
1375 903 1299 463 
1379 905 1308 465 
1387 907 1314 466 
1391 910 1316 467 
1396 915 1325 468 
1400 916 1325 469 
1404 920 1328 471 
1409 923 1338 474 
1414 927 1340 475 
1415 928 1342 476 
1420 929 1348 481 
1424 936 1351 483 
1428 940 1355 483 
1438 944 1355 484 
1443 947 1360 485 
1449 951 1364 486 
1458 956 1365 487 
1465 958 1368 488 
1469 960 1373 490 
1472 964 1379 491 
1481 968 1383 493 
1490 972 1388 493 
1496 979 1392 495 
1499 984 1397 495 
1503 987 1401 496 
1509 991 1405 498 
1513 996 1409 501 
1520 1002 1414 503 
1524 1006 1427 505 
1528 1008 1430 508 
1533 1014 1435 510 
1538 1018 1441 511 
1541 1020 1446 513 
1551 1029 1452 513 
1554 1034 1454 516 
1560 1036 1457 516 
1564 1037 1467 517 
1567 1037 1471 521 
1573 1038 1474 522 
1581 1038 1480 524 
1582 1041 1484 527 
1591 1047 1489 530 
1598 1051 1493 533 
1603 1055 1495 536 
1607 1056 1500 537 
1612 1058 1504 538 
1618 1062 1510 542 
1622 1066 1514 543 
1627 1072 1524 544 
1629 1075 1527 546 
1632 1079 1531 552 
1637 1080 1535 555 
1642 1086 1540 557 
1645 1090 1546 558 
1650 1093 1547 561 
1657 1094 1554 561 
1663 1100 1561 562 
1675 1105 1565 565 
1682 1109 1568 566 
1688 1112 1573 567 
1696 1118 1578 567 
1701 1120 1583 568 
1709 1127 1588 573 
1713 1130 1594 576 
1717 1132 1599 579 
1722 1137 1603 579 
1725 1145 1611 582 
1727 1149 1617 583 
1732 1153 1621 583 
1736 1157 1629 586 
1742 1161 1635 589 
1746 1168 1638 591 
1754 1169 1644 592 
1757 1174 1651 595 
1761 1181 1656 595 
1768 1184 1659 597 
1773 1186 1665 600 
1775 1186 1668 601 
1781 1189 1672 605 
1782 1192 1677 607 
1785 1192 1681 608 
1788 1192 1687 610 
1789 1198 1692 613 
1790 1202 1697 615 
1796 1207 1700 617 
1797 1213 1706 618 
1804 1216 1715 618 
1810 1220 1720 619 
1813 1226 1725 620 
1820 1230 1730 621 
1824 1233 1733 625 
1830 1234 1738 626 
1834 1238 1742 627 
1836 1240 1747 627 
1843 1249 1751 629 
1850 1255 1757 631 
1855 1260 1764 633 
1857 1267 1769 636 
1862 1270 1774 638 
1865 1271 1776 639 
1869 1276 1782 642 
1874 1276 1785 643 
1881 1281 1789 646 
1885 1286 1797 647 
1894 1289 1804 648 
1899 1293 1808 651 
1902 1295 1814 654 
1907 1298 1819 659 
1914 1304 1826 661 
1921 1307 1832 662 
1926 1312 1838 664 
1930 1314 1844 664 
1937 1320 1851 666 
1942 1325 1854 667 
1948 1330 1861 671 
1951 1331 1870 671 
1955 1334 1871 674 
1963 1342 1878 674 
1971 1346 1882 675 
1978 1352 1886 677 
1981 1356 1892 679 
1987 1361 1894 680 
1990 1362 1898 681 
1997 1367 1906 683 
1999 1374 1911 684 
2007 1379 1919 686 
2010 1381 1924 690 
2018 1383 1928 691 
2032 1388 1936 693 
2041 1390 1938 695 
2045 1392 1944 697 
2051 1398 1950 698 
2054 1405 1957 698 
2059 1415 1965 701 
2067 1416 1970 702 
2072 1418 1975 703 
2077 1424 1983 706 
2083 1433 1987 709 
2086 1437 1997 709 
2095 1438 2006 712 
2101 1445 2012 713 
2106 1449 2019 715 
2107 1450 2026 718 
2113 1453 2030 720 
2114 1460 2036 722 
2119 1462 2042 723 
2124 1466 2044 724 
2125 1468 2050 726 
2132 1471 2059 728 
2135 1474 2066 729 
2142 1481 2070 731 
2147 1485 2075 734 
2151 1490 2078 738 
2157 1494 2082 739 
2165 1497 2089 743 
2166 1503 2094 744 
2169 1507 2102 748 
2179 1512 2105 749 
2184 1516 2110 751 
2188 1520 2113 752 
2192 1521 2123 753 
2197 1523 2128 754 
2202 1524 2131 755 
2204 1529 2137 756 
2207 1531 2142 757 
2212 1534 2147 758 
2219 1539 2150 758 
2224 1543 2156 763 
2235 1546 2159 764 
2240 1548 2165 766 
2247 1549 2172 769 
2251 1550 2178 772 
2251 1555 2183 775 
2254 1563 2186 776 
2257 1566 2191 776 
2263 1566 2195 779 
2272 1568 2197 781 
2280 1573 2200 782 
2284 1577 2202 784 
2288 1581 2205 785 
2292 1585 2208 788 
2297 1587 2214 789 
2299 1594 2221 790 
2304 1602 2228 792 
2312 1604 2234 796 
2314 1609 2239 798 
2320 1612 2243 798 
2327 1617 2249 801 
2335 1619 2253 803 
2340 1622 2254 805 
2344 1626 2259 805 
2346 1631 2266 809 
2358 1634 2273 809 
2359 1639 2279 811 
2362 1639 2285 811 
2369 1645 2286 813 
2370 1650 2293 815 
2376 1653 2298 820 
2382 1656 2300 823 
2391 1660 2308 826 
2395 1663 2315 827 
2402 1667 2319 828 
2408 1670 2319 831 
2412 1674 2323 835 
2418 1675 2329 838 
2419 1678 2331 839 
2426 1684 2335 842 
2429 1688 2339 846 
2439 1692 2342 846 
2446 1698 2346 848 
2450 1702 2356 850 
2457 1703 2358 856 
2465 1708 2361 857 
2468 1711 2365 859 
2476 1716 2369 861 
2480 1722 2372 862 
2485 1724 2375 864 
2492 1729 2378 867 
2495 1732 2388 870 
2504 1736 2394 870 
2509 1736 2403 872 
2516 1738 2404 876 
2520 1740 2410 879 
2527 1748 2416 880 
2535 1751 2424 882 
2539 1754 2430 882 
2541 1761 2434 884 
2546 1762 2435 887 
2547 1763 2442 891 
2551 1769 2448 892 
2556 1772 2456 894 
2563 1777 2468 897 
2570 1779 2475 899 
2579 1781 2479 900 
2585 1785 2487 902 
2590 1789 2493 903 
2595 1791 2500 904 
2599 1796 2503 904 
2603 1801 2510 904 
2611 1807 2514 906 
2615 1810 2516 908 
2618 1818 2523 909 
2622 1821 2532 910 
2628 1825 2535 910 
2636 1828 2541 910 
2637 1834 2549 913 
2644 1835 2552 915 
2650 1839 2561 917 
2662 1843 2570 921 
2666 1849 2573 925 
2669 1853 2580 925 
2672 1857 2583 926 
2677 1863 2587 929 
2685 1870 2592 929 
2695 1874 2600 931 
2701 1879 2606 932 
2703 1888 2612 933 
2713 1891 2616 934 
2720 1892 2619 936 
2729 1899 2626 938 
2733 1905 2629 941 
2737 1908 2633 944 
2743 1913 2639 945 
2749 1916 2643 946 
2757 1918 2645 947 
2761 1923 2654 948 
2769 1928 2661 950 
2775 1933 2665 954 
2784 1938 2670 955 
2789 1946 2674 959 
2794 1950 2679 959 
2801 1952 2684 963 
2803 1958 2686 964 
2805 1961 2695 965 
2813 1962 2701 967 
2818 1965 2708 969 
2821 1966 2715 972 
2826 1969 2719 974 
2830 1972 2725 975 
2832 1975 2728 978 
2835 1979 2736 978 
2839 1982 2746 980 
2844 1986 2750 983 
2850 1991 2753 985 
2861 1994 2760 988 
2867 2001 2768 991 
2873 2002 2772 992 
2876 2003 2779 994 
2885 2006 2787 996 
2888 2011 2790 1000 
2894 2019 2796 1001 
2896 2021 2798 1005 
2906 2027 2805 1007 
2912 2031 2808 1009 
2916 2035 2814 1010 
2928 2038 2821 1012 
2931 2040 2831 1013 
2938 2044 2834 1014 
2948 2048 2836 1018 
2958 2050 2841 1020 
2960 2059 2844 1020 
2966 2063 2852 1022 
2973 2068 2855 1022 
2977 2068 2857 1024 
2982 2074 2859 1024 
2987 2082 2862 1027 
2990 2088 2870 1031 
2992 2090 2876 1031 
2997 2093 2886 1033 
3006 2095 2888 1034 
3020 2103 2892 1035 
3024 2104 2894 1036 
3032 2113 2898 1038 
3036 2118 2903 1039 
3038 2120 2906 1040 
3044 2122 2910 1044 
3048 2127 2918 1045 
3053 2130 2923 1047 
3058 2131 2926 1049 
3065 2136 2931 1051 
3068 2143 2940 1053 
3072 2148 2946 1056 
3078 2152 2952 1059 
3085 2155 2955 1062 
3092 2158 2961 1064 
3099 2163 2965 1066 
3111 2167 2971 1068 
3116 2170 2976 1069 
3121 2175 2982 1072 
3128 2181 2982 1075 
3134 2187 2987 1080 
3140 2188 2993 1081 
3146 2191 2994 1082 
3152 2194 2997 1086 
3158 2199 2999 1086 
3165 2202 3006 1091 
3176 2206 3010 1091 
3185 2208 3019 1094 
3191 2212 3025 1094 
3195 2214 3032 1095 
3202 2219 3035 1096 
3207 2223 3040 1098 
3210 2228 3044 1100 
3212 2233 3047 1101 
3214 2237 3052 1104 
3216 2240 3058 1107 
3219 2243 3067 1108 
3223 2248 3070 1108 
3230 2252 3073 1111 
3233 2255 3079 1115 
3234 2261 3083 1115 
3240 2266 3089 1115 
3245 2268 3093 1115 
3248 2271 3098 1116 
3253 2277 3102 1117 
3259 2282 3111 1117 
3265 2284 3116 1118 
3271 2287 3121 1121 
3275 2291 3129 1121 
3281 2293 3134 1124 
3285 2298 3141 1125 
3286 2300 3147 1127 
3288 2303 3152 1130 
3294 2307 3156 1132 
3301 2311 3165 1133 
3312 2315 3167 1134 
3318 2316 3169 1137 
3321 2320 3173 1138 
3325 2322 3178 1139 
3328 2325 3185 1141 
3335 2333 3189 1142 
3343 2337 3194 1144 
3352 2342 3195 1147 
3352 2346 3199 1150 
3358 2349 3201 1151 
3367 2351 3206 1153 
3380 2357 3210 1154 
3392 2362 3213 1155 
3401 2364 3224 1158 
3410 2369 3228 1160 
3413 2375 3233 1162 
3419 2378 3239 1163 
3423 2381 3241 1165 
3428 2384 3247 1166 
3433 2388 3251 1170 
3436 2392 3257 1175 
3442 2400 3261 1177 
3445 2404 3265 1178 
3449 2408 3272 1180 
3456 2412 3277 1181 
3460 2415 3287 1182 
3465 2418 3288 1182 
3467 2421 3295 1185 
3475 2426 3302 1186 
3480 2431 3307 1188 
3485 2436 3310 1190 
3489 2440 3321 1193 
3492 2443 3327 1195 
3494 2448 3335 1197 
3498 2453 3341 1200 
3502 2458 3350 1200 
3504 2464 3356 1200 
3506 2471 3362 1202 
3512 2472 3372 1204 
3520 2478 3377 1207 
3524 2481 3381 1210 
3531 2485 3386 1211 
3537 2487 3393 1212 
3540 2491 3398 1216 
3546 2499 3402 1217 
3551 2505 3406 1219 
3556 2509 3415 1219 
3560 2516 3420 1220 
3566 2522 3424 1225 
3570 2525 3430 1226 
3574 2531 3432 1229 
3579 2535 3439 1232 
3583 2540 3443 1233 
3588 2542 3446 1233 
3591 2544 3454 1235 
3594 2548 3457 1238 
3598 2554 3461 1241 
3600 2554 3467 1244 
3604 2557 3472 1244 
3610 2560 3476 1246 
3614 2566 3481 1247 
3622 2569 3486 1251 
3625 2573 3491 1255 
3634 2579 3493 1256 
3642 2585 3502 1257 
3647 2588 3510 1258 
3654 2590 3515 1258 
3658 2592 3523 1265 
3665 2593 3530 1268 
3667 2600 3531 1271 
3668 2602 3536 1274 
3672 2606 3537 1277 
3677 2610 3542 1279 
3684 2614 3548 1284 
3689 2618 3554 1285 
3699 2621 3559 1290 
3702 2626 3564 1290 
3706 2631 3568 1291 
3715 2634 3572 1292 
3719 2637 3572 1295 
3725 2643 3578 1297 
3732 2648 3579 1299 
3738 2648 3583 1299 
3742 2651 3594 1300 
3750 2658 3602 1300 
3756 2663 3610 1301 
3757 2667 3614 1303 
3761 2670 3617 1305 
3765 2677 3619 1307 
3769 2682 3628 1311 
3777 2683 3633 1313 
3786 2687 3638 1314 
3794 2693 3644 1318 
3804 2698 3650 1321 
3811 2702 3656 1324 
3822 2702 3660 1326 
3829 2702 3663 1330 
3835 2706 3667 1331 
3838 2712 3677 1331 
3845 2714 3680 1334 
3850 2717 3683 1335 
3854 2719 3687 1337 
3857 2720 3691 1338 
3863 2726 3698 1342 
3872 2729 3707 1342 
3878 2731 3712 1344 
3882 2735 3719 1346 
3890 2742 3728 1347 
3894 2744 3730 1349 
3902 2747 3734 1351 
3911 2751 3739 1353 
3913 2757 3743 1354 
3914 2760 3749 1354 
3916 2763 3754 1355 
3920 2766 3762 1357 
3926 2767 3766 1358 
3933 2771 3774 1358 
3936 2774 3780 1360 
3944 2778 3784 1361 
3948 2782 3790 1362 
3956 2787 3795 1363 
3965 2792 3802 1367 
3968 2796 3806 1368 
3974 2800 3811 1369 
3977 2805 3817 1372 
3982 2807 3822 1372 
3985 2809 3827 1373 
3988 2812 3834 1375 
3993 2817 3841 1379 
3997 2817 3846 1380 
4009 2820 3852 1382 
4017 2822 3858 1383 
4022 2823 3864 1384 
4028 2827 3871 1384 
4033 2828 3877 1386 
4038 2829 3882 1387 
4041 2830 3883 1391 
4043 2836 3888 1392 
4046 2839 3893 1395 
4048 2844 3895 1397 
4056 2847 3896 1399 
4064 2854 3900 1402 
4072 2855 3904 1404 
4075 2859 3910 1405 
4078 2866 3913 1405 
4086 2869 3914 1406 
4093 2869 3919 1407 
4099 2873 3932 1408 
4103 2878 3937 1410 
4109 2882 3944 1411 
4119 2883 3951 1411 
4127 2888 3958 1413 
4129 2892 3963 1413 
4132 2897 3967 1417 
4135 2897 3971 1418 
4138 2900 3975 1420 
4144 2907 3982 1423 
4147 2911 3988 1426 
4152 2912 3994 1427 
4158 2919 4003 1428 
4161 2922 4008 1432 
4171 2924 4009 1436 
4172 2926 4013 1437 
4176 2932 4016 1438 
4180 2934 4021 1440 
4187 2940 4029 1446 
4192 2945 4033 1449 
4199 2948 4037 1450 
4203 2952 4041 1451 
4209 2958 4050 1453 
4214 2969 4057 1455 
4217 2974 4060 1459 
4230 2976 4066 1462 
4235 2979 4070 1462 
4239 2981 4074 1466 
4241 2990 4076 1466 
4244 2995 4086 1469 
4247 3001 4092 1471 
4254 3006 4097 1471 
4258 3011 4100 1474 
4264 3018 4102 1476 
4272 3025 4108 1478 
4276 3029 4116 1481 
4284 3034 4118 1481 
4294 3036 4121 1481 
4300 3040 4127 1482 
4307 3045 4134 1484 
4312 3047 4139 1487 
4319 3051 4143 1489 
4326 3055 4149 1490 
4333 3055 4158 1494 
4338 3060 4165 1495 
4346 3064 4175 1497 
4358 3065 4187 1499 
4362 3070 4194 1501 
4368 3072 4199 1502 
4373 3077 4204 1504 
4378 3080 4214 1504 
4382 3083 4217 1505 
4387 3084 4225 1507 
4392 3088 4233 1509 
4397 3091 4238 1513 
4401 3092 4239 1520 
4408 3097 4246 1523 
4415 3101 4249 1528 
4420 3105 4251 1529 
4426 3111 4259 1532 
4432 3116 4264 1534 
4436 3122 4271 1535 
4441 3125 4280 1537 
4446 3129 4285 1541 
4453 3135 4289 1544 
4457 3138 4295 1544 
4461 3146 4297 1545 
4468 3153 4300 1547 
4471 3159 4308 1548 
4479 3161 4310 1548 
4483 3173 4316 1548 
4488 3179 4323 1548 
4496 3185 4326 1549 
4504 3190 4331 1550 
4508 3194 4340 1554 
4515 3195 4346 1556 
4519 3196 4350 1558 
4524 3201 4356 1560 
4527 3207 4358 1562 
4535 3212 4366 1567 
4536 3220 4373 1568 
4545 3223 4378 1572 
4549 3228 4381 1574 
4557 3229 4382 1576 
4565 3232 4387 1577 
4574 3237 4395 1578 
4577 3241 4397 1579 
4585 3243 4401 1581 
4593 3247 4406 1583 
4601 3250 4413 1585 
4608 3253 4419 1590 
4616 3260 4422 1591 
4623 3265 4429 1594 
4625 3269 4431 1596 
4634 3271 4437 1597 
4636 3273 4441 1599 
4640 3277 4446 1602 
4645 3281 4453 1604 
4650 3282 4460 1606 
4655 3287 4465 1608 
4666 3294 4470 1610 
4674 3296 4475 1610 
4679 3302 4483 1616 
4682 3307 4491 1618 
4684 3312 4495 1619 
4687 3316 4498 1623 
4695 3318 4499 1623 
4700 3323 4507 1625 
4707 3326 4512 1629 
4710 3331 4517 1631 
4717 3338 4521 1632 
4722 3342 4524 1636 
4729 3346 4528 1639 
4733 3348 4533 1641 
4735 3353 4538 1642 
4739 3356 4546 1643 
4744 3358 4552 1643 
4750 3360 4554 1644 
4759 3362 4561 1645 
4759 3363 4565 1647 
4766 3370 4572 1649 
4769 3373 4577 1652 
4774 3376 4581 1656 
4779 3381 4586 1659 
4785 3384 4593 1661 
4787 3390 4604 1662 
4794 3396 4613 1665 
4798 3405 4619 1668 
4804 3413 4622 1670 
4807 3419 4626 1672 
4809 3425 4629 1673 
4813 3433 4632 1675 
4816 3441 4636 1675 
4819 3447 4643 1678 
4823 3454 4646 1679 
4828 3459 4651 1681 
4835 3461 4656 1681 
4844 3468 4662 1685 
4848 3475 4665 1686 
4854 3479 4670 1687 
4860 3484 4672 1691 
4864 3486 4680 1693 
4868 3492 4684 1695 
4878 3497 4689 1697 
4886 3501 4696 1698 
4887 3505 4703 1698 
4896 3510 4706 1699 
4902 3513 4711 1702 
4907 3518 4716 1703 
4912 3521 4719 1704 
4915 3526 4720 1705 
4925 3532 4724 1708 
4933 3535 4732 1709 
4939 3538 4739 1709 
4947 3541 4746 1709 
4948 3547 4751 1709 
4955 3550 4754 1712 
4961 3552 4766 1713 
4965 3554 4771 1716 
4971 3560 4777 1718 
4976 3566 4782 1723 
4982 3574 4785 1727 
4991 3577 4788 1728 
4997 3580 4794 1733 
5003 3585 4804 1735 
5009 3589 4809 1737 
5014 3592 4818 1738 
5016 3598 4827 1740 
5021 3603 4829 1741 
5023 3608 4838 1743 
5031 3611 4846 1745 
5035 3617 4849 1746 
5039 3619 4852 1749 
5042 3622 4855 1753 
5044 3626 4864 1753 
5049 3630 4870 1756 
5052 3637 4878 1757 
5059 3639 4881 1758 
5063 3641 4884 1762 
5071 3642 4888 1766 
5075 3648 4892 1767 
5078 3652 4895 1769 
5087 3655 4899 1769 
5093 3660 4909 1771 
5095 3666 4918 1774 
5101 3673 4921 1777 
5103 3679 4924 1777 
5111 3683 4929 1778 
5116 3688 4937 1779 
5118 3697 4944 1780 
5119 3702 4947 1783 
5124 3705 4960 1785 
5126 3709 4964 1787 
5130 3714 4969 1789 
5136 3715 4976 1789 
5144 3719 4980 1790 
5150 3723 4987 1793 
5155 3728 4994 1795 
5158 3729 5000 1796 
5166 3733 5007 1797 
5170 3733 5013 1798 
5175 3735 5017 1799 
5182 3739 5020 1800 
5184 3740 5022 1800 
5190 3743 5025 1800 
5193 3748 5031 1803 
5201 3751 5034 1805 
5208 3757 5042 1808 
5212 3764 5048 1808 
5219 3765 5057 1813 
5225 3769 5061 1820 
5225 3769 5067 1820 
5230 3772 5074 1823 
5235 3779 5077 1827 
5243 3782 5081 1829 
5252 3785 5082 1834 
5255 3788 5091 1837 
5261 3791 5095 1841 
5267 3795 5098 1844 
5270 3796 5100 1845 
5275 3801 5102 1847 
5277 3804 5107 1849 
5286 3809 5109 1853 
5295 3814 5114 1853 
5303 3825 5119 1857 
5311 3828 5121 1858 
5315 3834 5125 1862 
5318 3839 5132 1862 
5320 3842 5137 1864 
5328 3845 5140 1867 
5331 3847 5144 1868 
5339 3850 5150 1873 
5346 3855 5158 1875 
5353 3858 5164 1882 
5360 3864 5169 1887 
5371 3867 5177 1888 
5377 3874 5181 1891 
5381 3876 5189 1892 
5384 3879 5192 1894 
5389 3882 5204 1898 
5398 3885 5212 1901 
5405 3891 5218 1904 
5407 3897 5222 1907 
5411 3901 5226 1908 
5418 3903 5231 1911 
5426 3909 5237 1911 
5435 3912 5242 1912 
5441 3915 5251 1913 
5448 3916 5258 1915 
5454 3919 5261 1918 
5458 3924 5270 1918 
5459 3933 5276 1920 
5461 3941 5280 1920 
5469 3945 5287 1920 
5482 3948 5293 1920 
5486 3951 5302 1923 
5492 3955 5307 1926 
5496 3958 5312 1928 
5500 3965 5321 1928 
5502 3972 5325 1928 
5508 3975 5331 1929 
5513 3978 5345 1930 
5520 3982 5351 1933 
5526 3984 5357 1935 
5532 3988 5363 1937 
5536 3990 5369 1939 
5541 3998 5371 1940 
5544 4002 5375 1941 
5546 4005 5383 1942 
5552 4009 5390 1943 
5557 4012 5395 1946 
5560 4014 5400 1949 
5562 4017 5405 1951 
5563 4019 5409 1952 
5568 4024 5413 1952 
5573 4030 5416 1954 
5580 4033 5418 1954 
5586 4036 5424 1956 
5595 4041 5428 1958 
5603 4048 5433 1959 
5610 4051 5442 1961 
5616 4052 5452 1963 
5623 4057 5458 1963 
5627 4061 5462 1966 
5634 4063 5470 1968 
5639 4067 5475 1969 
5644 4076 5478 1974 
5649 4079 5483 1977 
5656 4079 5492 1981 
5666 4084 5497 1983 
5671 4089 5503 1986 
5673 4093 5511 1989 
5679 4101 5516 1992 
5689 4105 5520 1993 
5692 4111 5525 1994 
5699 4117 5536 1997 
5707 4120 5538 2000 
5710 4123 5545 2002 
5716 4124 5556 2002 
5720 4128 5564 2006 
5727 4131 5568 2007 
5730 4138 5573 2010 
5735 4142 5579 2011 
5737 4148 5584 2015 
5745 4152 5590 2016 
5753 4156 5597 2020 
5759 4158 5603 2021 
5764 4161 5607 2024 
5768 4166 5618 2025 
5772 4168 5624 2026 
5777 4169 5630 2027 
5782 4171 5635 2027 
5784 4178 5643 2031 
5789 4181 5648 2033 
5795 4184 5655 2038 
5800 4186 5665 2040 
5806 4189 5670 2044 
5806 4190 5673 2046 
5812 4196 5679 2047 
5818 4198 5686 2049 
5820 4204 5687 2050 
5830 4211 5698 2053 
5837 4211 5704 2055 
5846 4216 5710 2056 
5851 4220 5719 2060 
5855 4225 5722 2062 
5861 4226 5729 2063 
5865 4228 5739 2064 
5871 4233 5742 2068 
5872 4238 5745 2070 
5881 4244 5751 2075 
5888 4247 5756 2078 
5892 4251 5766 2078 
5900 4254 5771 2078 
5903 4256 5775 2079 
5906 4259 5788 2082 
5909 4261 5791 2083 
5916 4263 5801 2086 
5921 4267 5805 2088 
5928 4271 5808 2089 
5935 4273 5814 2090 
5945 4275 5816 2094 
5950 4278 5819 2094 
5956 4282 5823 2099 
5961 4286 5828 2100 
5963 4289 5835 2104 
5967 4291 5840 2106 
5975 4294 5845 2107 
5980 4300 5853 2109 
5987 4302 5860 2109 
5989 4304 5865 2110 
5993 4307 5868 2114 
6000 4311 5871 2115 
6005 4317 5874 2116 
6010 4320 5882 2116 
6017 4324 5886 2117 
6026 4326 5891 2118 
6029 4331 5898 2121 
6036 4337 5902 2121 
6040 4340 5912 2122 
6044 4344 5918 2125 
6048 4348 5926 2128 
6053 4351 5930 2132 
6063 4356 5943 2134 
6071 4359 5950 2137 
6076 4365 5958 2138 
6078 4368 5964 2139 
6083 4375 5972 2141 
6089 4377 5975 2142 
6096 4382 5977 2143 
6104 4385 5986 2146 
6109 4385 5992 2147 
6117 4388 5996 2149 
6126 4391 6000 2153 
6136 4392 6006 2154 
6139 4397 6009 2156 
6151 4398 6019 2161 
6154 4400 6022 2161 
6156 4403 6028 2162 
6163 4408 6035 2163 
6167 4412 6041 2163 
6174 4414 6052 2164 
6179 4421 6055 2165 
6183 4428 6059 2169 
6188 4436 6067 2173 
6193 4438 6075 2174 
6204 4443 6083 2175 
6211 4446 6091 2176 
6217 4453 6097 2177 
6218 4460 6102 2180 
6224 4463 6109 2182 
6229 4464 6112 2183 
6236 4467 6116 2187 
6241 4471 6121 2191 
6246 4477 6125 2193 
6258 4479 6126 2197 
6262 4481 6130 2200 
6269 4483 6135 2202 
6276 4487 6141 2204 
6283 4492 6144 2207 
6291 4495 6146 2213 
6297 4500 6151 2214 
6301 4504 6157 2215 
6310 4513 6165 2218 
6316 4515 6171 2220 
6325 4515 6175 2221 
6330 4520 6181 2221 
6339 4521 6191 2224 
6346 4525 6197 2227 
6352 4530 6206 2228 
6360 4535 6208 2232 
6369 4537 6211 2232 
6373 4541 6216 2235 
6376 4544 6221 2238 
6379 4544 6230 2241 
6386 4547 6237 2245 
6391 4550 6240 2246 
6395 4552 6246 2248 
6400 4558 6251 2251 
6407 4561 6256 2253 
6413 4564 6262 2256 
6420 4567 6268 2258 
6424 4570 6271 2260 
6430 4575 6275 2262 
6434 4584 6277 2264 
6440 4584 6279 2266 
6449 4589 6283 2267 
6452 4596 6287 2274 
6457 4601 6294 2275 
6463 4604 6301 2276 
6477 4605 6309 2276 
6486 4608 6311 2283 
6488 4610 6314 2284 
6494 4613 6317 2285 
6497 4616 6319 2289 
6499 4621 6325 2291 
6501 4628 6334 2294 
6504 4631 6337 2296 
6514 4634 6346 2296 
6517 4635 6351 2301 
6519 4638 6356 2302 
6530 4642 6358 2305 
6533 4642 6364 2307 
6536 4644 6372 2310 
6546 4649 6381 2310 
6551 4650 6388 2312 
6554 4654 6396 2312 
6565 4658 6402 2313 
6569 4661 6403 2313 
6572 4664 6404 2313 
6575 4666 6413 2315 
6579 4674 6424 2318 
6584 4676 6427 2321 
6586 4681 6431 2321 
6590 4689 6439 2321 
6595 4693 6442 2325 
6599 4698 6451 2326 
6602 4705 6459 2332 
6609 4710 6462 2332 
6614 4714 6466 2334 
6619 4720 6470 2336 
6625 4724 6476 2338 
6631 4730 6480 2338 
6637 4734 6489 2341 
6647 4738 6497 2344 
6652 4745 6503 2345 
6655 4748 6507 2345 
6660 4750 6517 2345 
6667 4752 6523 2348 
6672 4754 6530 2350 
6676 4757 6535 2351 
6682 4762 6542 2352 
6685 4767 6553 2357 
6693 4771 6557 2359 
6698 4777 6562 2362 
6703 4781 6572 2363 
6707 4784 6575 2364 
6711 4790 6578 2366 
6713 4793 6584 2366 
6718 4798 6587 2368 
6729 4802 6589 2368 
6735 4806 6595 2368 
6740 4810 6597 2368 
6746 4813 6601 2369 
6749 4818 6611 2371 
6754 4821 6614 2373 
6760 4823 6616 2373 
6764 4827 6619 2374 
6767 4833 6624 2379 
6774 4836 6631 2381 
6779 4839 6636 2383 
6784 4847 6645 2385 
6790 4849 6653 2386 
6793 4852 6659 2391 
6796 4856 6663 2392 
6802 4857 6669 2394 
6808 4860 6677 2396 
6811 4864 6680 2397 
6815 4870 6683 2398 
6821 4872 6687 2401 
6827 4875 6693 2402 
6836 4876 6700 2403 
6840 4881 6706 2404 
6845 4889 6710 2407 
6848 4894 6714 2408 
6853 4896 6719 2411 
6862 4899 6726 2414 
6865 4901 6733 2418 
6870 4908 6738 2421 
6877 4911 6741 2424 
6883 4914 6748 2424 
6890 4917 6753 2428 
6894 4923 6762 2429 
6901 4926 6765 2433 
6903 4932 6776 2433 
6911 4936 6784 2435 
6914 4943 6785 2437 
6921 4944 6800 2437 
6926 4949 6806 2439 
6934 4952 6813 2439 
6938 4953 6816 2444 
6948 4955 6821 2446 
6951 4961 6826 2449 
6954 4965 6832 2450 
6955 4970 6836 2455 
6957 4976 6839 2455 
6959 4977 6847 2456 
6964 4983 6854 2460 
6965 4988 6862 2460 
6968 4993 6867 2464 
6978 4999 6876 2464 
6984 5002 6881 2464 
6990 5006 6885 2466 
6996 5012 6890 2468 
7003 5016 6894 2469 
7009 5020 6898 2471 
7017 5022 6901 2473 
7026 5031 6908 2473 
7030 5034 6916 2475 
7032 5039 6921 2477 
7036 5041 6928 2479 
7042 5043 6935 2485 
7048 5048 6943 2485 
7055 5051 6946 2485 
7062 5057 6948 2485 
7069 5060 6954 2488 
7075 5068 6962 2492 
7089 5070 6967 2494 
7094 5076 6973 2495 
7099 5080 6979 2496 
7107 5087 6986 2496 
7112 5092 6989 2500 
7116 5097 6998 2502 
7119 5098 7004 2505 
7121 5101 7009 2506 
7128 5105 7015 2509 
7131 5108 7020 2511 
7136 5111 7022 2514 
7147 5113 7027 2516 
7155 5120 7036 2520 
7155 5125 7040 2521 
7157 5127 7044 2524 
7163 5130 7048 2526 
7165 5131 7052 2528 
7173 5134 7060 2529 
7181 5139 7064 2530 
7188 5144 7068 2532 
7200 5155 7075 2534 
7206 5159 7079 2538 
7212 5161 7084 2544 
7223 5165 7090 2544 
7230 5172 7095 2547 
7235 5177 7100 2549 
7247 5179 7108 2553 
7249 5186 7111 2557 
7254 5191 7116 2558 
7263 5197 7120 2561 
7264 5199 7126 2562 
7266 5203 7128 2564 
7274 5207 7134 2565 
7279 5211 7143 2569 
7289 5215 7150 2570 
7292 5220 7157 2570 
7295 5224 7167 2570 
7302 5226 7172 2571 
7308 5229 7175 2572 
7311 5231 7179 2574 
7317 5239 7190 2579 
7327 5242 7192 2580 
7330 5247 7199 2581 
7336 5249 7203 2586 
7341 5250 7209 2592 
7344 5252 7217 2597 
7349 5256 7223 2601 
7351 5259 7232 2602 
7356 5262 7238 2602 
7366 5266 7243 2602 
7369 5271 7251 2602 
7375 5274 7254 2602 
7382 5278 7255 2603 
7389 5280 7265 2605 
7391 5281 7272 2608 
7399 5287 7282 2608 
7403 5294 7285 2612 
7409 5299 7290 2615 
7413 5305 7295 2615 
7417 5312 7303 2615 
7418 5320 7310 2616 
7424 5325 7315 2618 
7429 5327 7329 2618 
7434 5331 7335 2619 
7438 5334 7338 2619 
7443 5337 7349 2622 
7449 5339 7357 2623 
7454 5340 7363 2624 
7460 5341 7369 2627 
7464 5344 7377 2628 
7470 5348 7382 2630 
7478 5353 7386 2631 
7480 5355 7392 2634 
7484 5359 7399 2635 
7490 5363 7402 2637 
7495 5367 7409 2641 
7498 5373 7417 2642 
7504 5375 7424 2644 
7508 5380 7427 2645 
7513 5383 7434 2647 
7517 5387 7439 2650 
7522 5390 7448 2653 
7526 5395 7454 2655 
7531 5400 7457 2656 
7535 5403 7467 2658 
7540 5409 7470 2662 
7548 5415 7474 2665 
7552 5421 7476 2669 
7559 5425 7480 2670 
7564 5429 7483 2673 
7564 5433 7487 2676 
7571 5439 7491 2677 
7578 5445 7496 2680 
7584 5449 7503 2681 
7589 5453 7509 2684 
7598 5461 7518 2686 
7603 5467 7522 2687 
7607 5474 7527 2688 
7615 5475 7530 2690 
7616 5479 7537 2695 
7618 5482 7541 2699 
7627 5486 7543 2700 
7634 5490 7549 2701 
7640 5494 7553 2702 
7644 5502 7562 2702 
7648 5505 7569 2703 
7651 5508 7574 2704 
7653 5511 7581 2704 
7657 5515 7589 2705 
7667 5521 7593 2706 
7675 5527 7595 2709 
7680 5531 7603 2712 
7684 5535 7609 2713 
7689 5537 7619 2718 
7692 5542 7623 2720 
7701 5545 7627 2723 
7705 5546 7632 2725 
7710 5551 7638 2728 
7714 5558 7643 2730 
7716 5560 7647 2733 
7723 5566 7650 2733 
7728 5572 7654 2734 
7733 5574 7658 2737 
7736 5580 7668 2737 
7742 5582 7672 2740 
7747 5582 7676 2744 
7755 5586 7679 2747 
7761 5590 7683 2748 
7768 5593 7690 2754 
7775 5603 7695 2754 
7786 5606 7700 2757 
7790 5608 7707 2758 
7791 5614 7716 2761 
7794 5620 7719 2765 
7796 5624 7722 2767 
7801 5628 7728 2772 
7808 5628 7737 2773 
7812 5630 7740 2777 
7817 5634 7749 2779 
7824 5636 7755 2779 
7828 5642 7760 2780 
7835 5645 7764 2783 
7844 5649 7766 2786 
7848 5651 7774 2786 
7854 5654 7780 2789 
7858 5659 7789 2790 
7861 5663 7793 2792 
7866 5673 7801 2795 
7874 5677 7809 2796 
7882 5681 7819 2799 
7885 5685 7826 2803 
7893 5687 7832 2803 
7898 5689 7842 2804 
7902 5691 7848 2804 
7904 5694 7853 2807 
7906 5699 7860 2808 
7915 5703 7864 2809 
7919 5710 7868 2813 
7921 5713 7873 2813 
7924 5717 7880 2814 
7930 5719 7887 2815 
7931 5727 7896 2816 
7941 5731 7904 2818 
7946 5735 7907 2819 
7951 5739 7912 2821 
7959 5741 7917 2821 
7964 5746 7925 2823 
7965 5748 7929 2826 
7971 5751 7938 2828 
7979 5757 7945 2830 
7983 5764 7950 2832 
7990 5766 7954 2834 
7993 5768 7960 2837 
7997 5772 7962 2838 
8004 5774 7965 2838 
8012 5776 7971 2839 
8014 5781 7973 2843 
8014 5787 7976 2846 
8019 5790 7990 2846 
8023 5795 8000 2848 
8031 5798 8008 2852 
8037 5799 8014 2853 
8041 5805 8018 2854 
8046 5810 8023 2854 
8052 5814 8028 2857 
8059 5818 8032 2860 
8066 5821 8043 2861 
8072 5828 8046 2862 
8078 5835 8051 2863 
8086 5836 8055 2863 
8092 5839 8063 2864 
8095 5843 8066 2866 
8106 5846 8072 2868 
8116 5848 8076 2870 
8117 5851 8078 2871 
8121 5856 8082 2871 
8125 5860 8086 2875 
8128 5865 8093 2877 
8132 5869 8098 2878 
8136 5875 8103 2880 
8142 5884 8106 2881 
8148 5887 8111 2881 
8152 5894 8120 2884 
8155 5899 8123 2886 
8160 5900 8126 2889 
8162 5906 8134 2892 
8169 5909 8140 2895 
8177 5914 8141 2898 
8186 5915 8149 2901 
8190 5921 8156 2905 
8200 5926 8162 2907 
8207 5931 8165 2908 
8213 5933 8169 2911 
8219 5935 8175 2912 
8224 5942 8183 2914 
8228 5951 8189 2921 
8233 5954 8192 2921 
8241 5960 8198 2924 
8250 5963 8204 2925 
8254 5967 8212 2928 
8259 5971 8216 2931 
8268 5973 8220 2932 
8271 5981 8228 2934 
8282 5989 8234 2935 
8284 5993 8237 2937 
8291 5999 8241 2938 
8294 6005 8247 2939 
8301 6007 8250 2941 
8308 6013 8255 2941 
8314 6017 8260 2942 
8323 6019 8263 2944 
8325 6026 8268 2947 
8331 6028 8273 2948 
8337 6031 8279 2951 
8343 6036 8283 2954 
8348 6041 8291 2954 
8354 6045 8294 2954 
8359 6052 8298 2956 
8364 6060 8305 2956 
8372 6067 8309 2956 
8373 6072 8313 2958 
8377 6077 8320 2962 
8378 6083 8323 2963 
8383 6087 8330 2967 
8387 6094 8335 2967 
8396 6099 8341 2969 
8403 6102 8348 2971 
8411 6107 8355 2972 
8416 6109 8357 2974 
8422 6114 8365 2976 
8433 6122 8372 2980 
8437 6124 8377 2982 
8443 6127 8388 2983 
8453 6132 8392 2984 
8459 6136 8394 2988 
8464 6139 8401 2988 
8468 6140 8404 2989 
8471 6145 8410 2994 
8475 6153 8411 2994 
8480 6155 8415 2994 
8487 6160 8422 2995 
8491 6163 8430 2997 
8495 6165 8433 2997 
8500 6173 8441 2998 
8507 6181 8446 2999 
8509 6184 8452 3000 
8513 6188 8455 3005 
8518 6192 8457 3007 
8523 6196 8463 3008 
8526 6199 8467 3010 
8528 6203 8475 3011 
8533 6207 8481 3011 
8538 6213 8485 3013 
8546 6216 8495 3017 
8550 6218 8500 3019 
8555 6219 8504 3021 
8559 6224 8510 3022 
8567 6226 8515 3026 
8570 6230 8520 3029 
8581 6232 8523 3031 
8585 6237 8526 3034 
8592 6239 8532 3036 
8595 6248 8538 3039 
8599 6252 8542 3039 
8602 6260 8553 3041 
8605 6265 8562 3047 
8607 6265 8567 3048 
8611 6268 8571 3050 
8617 6271 8577 3052 
8622 6278 8584 3056 
8629 6281 8589 3056 
8632 6284 8593 3060 
8635 6295 8595 3064 
8642 6297 8597 3066 
8646 6303 8599 3068 
8654 6304 8601 3069 
8658 6307 8605 3078 
8661 6308 8613 3081 
8670 6310 8621 3084 
8671 6315 8625 3085 
8676 6319 8628 3087 
8682 6328 8630 3092 
8688 6332 8634 3095 
8691 6337 8639 3098 
8699 6339 8643 3101 
8704 6340 8651 3106 
8709 6349 8658 3108 
8720 6353 8668 3110 
8727 6359 8677 3112 
8733 6363 8684 3113 
8736 6366 8692 3116 
8743 6369 8696 3118 
8749 6374 8697 3121 
8757 6377 8706 3124 
8759 6380 8714 3125 
8761 6384 8721 3127 
8767 6390 8725 3131 
8772 6396 8730 3134 
8775 6401 8736 3135 
8782 6405 8740 3136 
8786 6410 8744 3137 
8792 6412 8754 3138 
8800 6413 8765 3141 
8804 6414 8766 3142 
8810 6416 8772 3144 
8815 6422 8780 3148 
8819 6425 8787 3148 
8825 6431 8792 3151 
8827 6437 8797 3154 
8831 6442 8804 3155 
8834 6445 8812 3160 
8839 6448 8819 3162 
8848 6453 8821 3166 
8852 6457 8826 3168 
8853 6463 8834 3171 
8858 6466 8838 3173 
8861 6469 8847 3174 
8864 6471 8853 3176 
8866 6478 8854 3176 
8870 6488 8859 3177 
8877 6492 8869 3178 
8883 6499 8877 3179 
8888 6504 8879 3179 
8891 6509 8882 3181 
8900 6520 8884 3181 
8904 6523 8895 3188 
8914 6523 8904 3192 
8922 6527 8910 3194 
8927 6530 8917 3195 
8934 6533 8926 3196 
8939 6537 8936 3196 
8944 6539 8948 3198 
8951 6544 8951 3200 
8958 6551 8956 3206 
8969 6555 8965 3208 
8978 6558 8968 3214 
8983 6563 8974 3216 
8988 6569 8982 3217 
8996 6577 8988 3221 
8999 6580 8997 3222 
9004 6584 9001 3222 
9007 6585 9007 3226 
9013 6592 9014 3229 
9020 6595 9018 3231 
9027 6597 9024 3235 
9033 6600 9037 3239 
9035 6602 9041 3240 
9040 6608 9044 3245 
9048 6610 9050 3245 
9056 6614 9053 3251 
9057 6619 9061 3252 
9062 6623 9062 3254 
9066 6628 9071 3258 
9069 6630 9080 3262 
9077 6631 9085 3262 
9079 6633 9092 3264 
9088 6640 9097 3265 
9094 6644 9100 3267 
9100 6649 9106 3271 
9102 6655 9108 3272 
9106 6661 9116 3276 
9110 6666 9123 3277 
9119 6670 9127 3279 
9125 6674 9134 3281 
9127 6676 9138 3284 
9132 6681 9139 3285 
9138 6685 9145 3287 
9141 6689 9150 3289 
9146 6694 9156 3291 
9152 6699 9159 3295 
9157 6705 9164 3299 
9163 6712 9171 3302 
9171 6717 9175 3302 
9177 6722 9181 3303 
9183 6729 9186 3303 
9188 6739 9193 3303 
9190 6742 9197 3304 
9195 6743 9199 3308 
9199 6750 9208 3312 
9207 6756 9213 3314 
9213 6758 9223 3316 
9216 6764 9228 3317 
9217 6767 9230 3321 
9225 6773 9238 3326 
9234 6774 9244 3326 
9241 6776 9246 3330 
9245 6778 9250 3333 
9253 6782 9257 3336 
9260 6784 9262 3337 
9268 6787 9265 3341 
9273 6795 9271 3343 
9280 6800 9282 3346 
9287 6807 9290 3347 
9293 6812 9298 3355 
9299 6821 9303 3357 
9302 6830 9307 3359 
9307 6836 9318 3360 
9308 6838 9326 3361 
9311 6843 9330 3362 
9318 6850 9337 3363 
9325 6856 9344 3366 
9330 6858 9354 3368 
9335 6862 9366 3368 
9343 6865 9374 3375 
9350 6872 9381 3377 
9354 6881 9384 3377 
9361 6890 9387 3381 
9365 6896 9395 3384 
9369 6901 9400 3386 
9370 6904 9405 3386 
9376 6910 9408 3387 
9385 6912 9413 3391 
9388 6916 9420 3394 
9389 6921 9429 3396 
9395 6925 9434 3400 
9402 6930 9441 3404 
9411 6936 9444 3407 
9421 6940 9451 3411 
9426 6944 9456 3411 
9431 6951 9461 3413 
9433 6955 9467 3414 
9439 6959 9473 3417 
9449 6965 9476 3417 
9451 6969 9482 3418 
9458 6973 9487 3421 
9463 6979 9492 3422 
9465 6984 9499 3427 
9466 6987 9509 3428 
9472 6994 9512 3429 
9477 7000 9514 3430 
9481 7003 9522 3431 
9487 7011 9527 3433 
9495 7016 9539 3434 
9504 7019 9543 3434 
9510 7022 9548 3436 
9515 7027 9551 3436 
9519 7031 9558 3437 
9523 7034 9565 3440 
9534 7037 9570 3442 
9542 7041 9574 3444 
9550 7047 9579 3445 
9557 7051 9583 3445 
9560 7060 9584 3447 
9569 7065 9589 3450 
9573 7069 9599 3451 
9578 7072 9604 3454 
9585 7073 9610 3456 
9594 7078 9614 3465 
9602 7080 9619 3468 
9605 7083 9623 3468 
9608 7089 9629 3468 
9612 7094 9635 3468 
9618 7101 9641 3469 
9626 7108 9646 3471 
9629 7110 9650 3476 
9631 7117 9657 3479 
9639 7123 9661 3479 
9644 7127 9667 3482 
9649 7134 9675 3483 
9656 7137 9679 3484 
9664 7143 9680 3490 
9674 7149 9685 3491 
9681 7155 9692 3493 
9684 7161 9693 3498 
9692 7168 9700 3499 
9701 7174 9704 3501 
9701 7179 9711 3503 
9708 7184 9714 3506 
9717 7189 9720 3508 
9723 7194 9729 3509 
9729 7198 9732 3511 
9733 7203 9738 3513 
9738 7206 9746 3516 
9740 7208 9751 3518 
9744 7210 9759 3520 
9753 7213 9765 3522 
9757 7213 9766 3525 
9761 7215 9771 3528 
9766 7219 9772 3530 
9773 7223 9779 3532 
9780 7229 9783 3532 
9784 7237 9792 3535 
9796 7239 9798 3536 
9803 7242 9801 3542 
9806 7246 9805 3547 
9809 7250 9809 3550 
9814 7255 9817 3552 
9816 7255 9822 3554 
9823 7262 9831 3555 
9825 7268 9835 3559 
9829 7274 9842 3560 
9840 7277 9847 3562 
9848 7284 9852 3564 
9853 7288 9855 3566 
9856 7293 9862 3567 
9864 7302 9867 3568 
9873 7302 9872 3574 
9877 7306 9878 3576 
9881 7309 9885 3576 
9892 7314 9893 3580 
9893 7319 9896 3583 
9904 7323 9899 3586 
9907 7327 9904 3588 
9910 7330 9909 3591 
9916 7336 9914 3594 
9921 7337 9923 3597 
9926 7345 9927 3598 
9932 7349 9936 3599 
9937 7352 9942 3601 
9940 7354 9945 3603 
9947 7360 9949 3604 
9952 7364 9951 3605 
9958 7370 9956 3608 
9965 7373 9965 3608 
9968 7374 9969 3610 
9971 7378 9977 3614 
9980 7383 9980 3615 
9987 7386 9986 3617 
9995 7389 9990 3618 
9999 7396 9994 3619 
10002 7398 9999 3622 
10008 7403 10006 3627 
10017 7406 10013 3628 
10025 7408 10021 3633 
10029 7412 10028 3633 
10038 7417 10032 3634 
10043 7422 10037 3635 
10046 7425 10041 3636 
10050 7428 10049 3636 
10053 7430 10053 3637 
10060 7435 10059 3639 
10065 7439 10063 3640 
10072 7443 10068 3641 
10078 7446 10071 3642 
10090 7449 10076 3643 
10095 7451 10081 3645 
10101 7454 10088 3648 
10109 7458 10094 3649 
10116 7462 10101 3651 
10123 7466 10108 3653 
10129 7474 10111 3655 
10135 7476 10119 3659 
10140 7479 10124 3659 
10145 7482 10139 3665 
10151 7484 10145 3668 
10155 7491 10149 3668 
10159 7494 10154 3674 
10165 7497 10158 3674 
10173 7503 10165 3678 
10179 7504 10169 3680 
10184 7507 10177 3682 
10188 7510 10185 3683 
10191 7518 10187 3686 
10194 7523 10194 3689 
10198 7532 10196 3690 
10202 7534 10202 3695 
10205 7539 10207 3696 
10210 7542 10211 3699 
10217 7544 10214 3702 
10224 7547 10218 3704 
10228 7549 10224 3706 
10233 7553 10233 3707 
10240 7557 10238 3709 
10245 7558 10245 3712 
10247 7565 10248 3713 
10253 7568 10252 3715 
10259 7576 10258 3718 
10263 7579 10265 3720 
10267 7584 10272 3723 
10273 7586 10277 3727 
10279 7590 10282 3729 
10282 7593 10285 3733 
10290 7599 10295 3737 
10299 7606 10301 3740 
10303 7607 10309 3742 
10307 7610 10314 3743 
10312 7613 10318 3746 
10325 7617 10325 3747 
10327 7618 10328 3748 
10335 7624 10333 3751 
10341 7629 10337 3753 
10343 7633 10343 3755 
10346 7637 10353 3759 
10351 7641 10356 3760 
10355 7642 10361 3760 
10361 7648 10370 3761 
10365 7655 10376 3763 
10371 7659 10383 3764 
10379 7661 10388 3766 
10381 7666 10390 3766 
10390 7669 10395 3767 
10394 7674 10400 3768 
10403 7678 10403 3771 
10414 7687 10410 3771 
10420 7689 10422 3773 
10425 7696 10424 3776 
10433 7701 10430 3779 
10439 7704 10432 3780 
10441 7708 10437 3783 
10445 7710 10444 3786 
10452 7711 10448 3790 
10458 7714 10454 3793 
10463 7717 10462 3794 
10473 7726 10468 3794 
10480 7730 10476 3798 
10487 7735 10481 3800 
10493 7738 10488 3801 
10496 7741 10495 3801 
10500 7744 10508 3806 
10509 7747 10515 3810 
10517 7751 10518 3812 
10520 7757 10519 3814 
10526 7763 10522 3819 
10529 7773 10525 3821 
10533 7775 10533 3826 
10536 7778 10536 3827 
10539 7779 10541 3827 
10546 7780 10548 3829 
10550 7782 10561 3834 
10557 7791 10564 3837 
10561 7792 10567 3838 
10565 7798 10572 3840 
10573 7804 10574 3840 
10580 7807 10581 3844 
10586 7811 10584 3848 
10591 7814 10590 3849 
10592 7818 10598 3850 
10596 7826 10606 3853 
10599 7832 10611 3856 
10605 7836 10617 3857 
10611 7837 10622 3858 
10614 7844 10626 3861 
10620 7845 10635 3862 
10627 7851 10641 3865 
10630 7853 10650 3865 
10635 7857 10654 3868 
10641 7858 10658 3872 
10650 7865 10665 3874 
10662 7870 10669 3879 
10667 7871 10682 3880 
10675 7872 10687 3882 
10676 7873 10691 3884 
10679 7880 10700 3884 
10683 7886 10708 3887 
10686 7896 10711 3889 
10690 7901 10715 3890 
10695 7904 10722 3892 
10703 7907 10727 3894 
10706 7915 10732 3898 
10711 7918 10735 3899 
10718 7924 10742 3900 
10722 7926 10749 3900 
10727 7929 10752 3901 
10734 7937 10754 3902 
10740 7939 10763 3903 
10746 7944 10770 3906 
10749 7947 10773 3909 
10756 7961 10778 3909 
10761 7968 10783 3911 
10766 7975 10790 3913 
10771 7977 10791 3917 
10774 7981 10800 3918 
10777 7983 10804 3919 
10781 7989 10808 3922 
10786 7998 10812 3922 
10790 8002 10817 3922 
10798 8007 10824 3927 
10803 8013 10829 3930 
10810 8016 10832 3934 
10819 8017 10842 3938 
10825 8021 10846 3940 
10834 8024 10849 3943 
10837 8027 10858 3944 
10842 8031 10860 3945 
10847 8033 10868 3946 
10853 8035 10874 3947 
10857 8037 10881 3953 
10863 8041 10885 3955 
10870 8046 10889 3958 
10876 8050 10895 3960 
10883 8058 10901 3963 
10893 8060 10907 3967 
10900 8061 10914 3969 
10902 8067 10918 3970 
10903 8073 10922 3972 
10906 8084 10928 3973 
10910 8089 10933 3974 
10914 8096 10939 3976 
10921 8101 10945 3976 
10924 8105 10952 3976 
10928 8113 10960 3978 
10935 8115 10969 3979 
10937 8119 10973 3979 
10941 8122 10978 3981 
10949 8126 10981 3983 
10957 8131 10987 3985 
10967 8134 10992 3988 
10970 8138 10996 3991 
10975 8142 11000 3996 
10980 8143 11005 3999 
10986 8146 11011 4000 
10991 8150 11024 4003 
10997 8152 11030 4005 
11002 8158 11031 4006 
11005 8161 11034 4008 
11009 8164 11037 4008 
11011 8169 11042 4010 
11015 8172 11048 4013 
11025 8176 11055 4014 
11030 8180 11060 4016 
11044 8187 11062 4020 
11046 8193 11069 4021 
11049 8196 11077 4021 
11059 8202 11085 4022 
11063 8204 11088 4024 
11066 8211 11095 4027 
11073 8220 11104 4030 
11076 8226 11108 4033 
11081 8230 11112 4035 
11085 8238 11118 4035 
11091 8243 11126 4038 
11094 8248 11129 4039 
11100 8251 11134 4042 
11104 8255 11138 4042 
11108 8260 11146 4042 
11114 8263 11151 4043 
11119 8269 11159 4043 
11125 8274 11166 4049 
11131 8279 11171 4051 
11135 8283 11179 4051 
11138 8288 11184 4055 
11142 8293 11191 4057 
11146 8296 11198 4059 
11148 8302 11202 4060 
11153 8304 11205 4062 
11163 8308 11214 4066 
11170 8311 11221 4069 
11175 8316 11229 4071 
11183 8318 11237 4073 
11191 8321 11240 4076 
11194 8328 11246 4083 
11201 8334 11252 4084 
11205 8337 11261 4085 
11211 8345 11267 4085 
11218 8349 11273 4086 
11222 8353 11283 4090 
11225 8357 11291 4090 
11231 8363 11297 4093 
11239 8368 11299 4096 
11242 8374 11305 4097 
11246 8376 11311 4098 
11250 8381 11313 4101 
11253 8383 11317 4103 
11258 8385 11322 4106 
11266 8398 11330 4111 
11273 8403 11336 4113 
11278 8407 11343 4114 
11287 8412 11352 4115 
11288 8413 11357 4117 
11290 8418 11362 4119 
11293 8422 11364 4119 
11297 8429 11371 4121 
11304 8433 11377 4124 
11308 8436 11383 4126 
11311 8442 11392 4128 
11313 8444 11399 4128 
11313 8446 11404 4129 
11318 8454 11411 4129 
11323 8463 11413 4129 
11328 8468 11419 4129 
11332 8470 11421 4130 
11335 8474 11426 4132 
11338 8478 11431 4134 
11342 8486 11436 4138 
11348 8491 11444 4139 
11352 8494 11449 4141 
11356 8501 11454 4144 
11358 8510 11460 4147 
11369 8511 11468 4148 
11375 8517 11472 4150 
11383 8520 11479 4154 
11386 8525 11484 4158 
11390 8536 11488 4159 
11399 8540 11494 4162 
11406 8543 11503 4164 
11410 8546 11506 4165 
11415 8551 11508 4167 
11418 8555 11514 4167 
11423 8560 11523 4168 
11430 8566 11530 4169 
11435 8572 11537 4173 
11441 8576 11542 4175 
11444 8578 11544 4178 
11450 8579 11549 4179 
11456 8583 11555 4183 
11464 8584 11556 4184 
11471 8586 11559 4187 
11483 8590 11563 4189 
11486 8594 11570 4192 
11495 8597 11573 4196 
11503 8600 11580 4198 
11507 8604 11587 4199 
11512 8607 11594 4200 
11516 8612 11600 4200 
11523 8617 11605 4202 
11534 8624 11610 4204 
11539 8629 11614 4206 
11542 8631 11623 4207 
11550 8637 11632 4208 
11556 8645 11638 4210 
11566 8650 11650 4211 
11568 8654 11658 4216 
11575 8659 11667 4218 
11582 8662 11674 4219 
11589 8665 11677 4222 
11592 8672 11684 4225 
11599 8676 11686 4229 
11604 8682 11695 4230 
11610 8685 11700 4232 
11617 8691 11708 4234 
11625 8697 11717 4237 
11630 8703 11721 4238 
11637 8705 11726 4240 
11642 8711 11729 4242 
11650 8717 11732 4244 
11655 8721 11734 4245 
11661 8726 11744 4250 
11668 8729 11748 4252 
11672 8735 11758 4255 
11674 8736 11763 4256 
11678 8739 11770 4257 
11685 8742 11775 4259 
11693 8745 11778 4263 
11697 8748 11784 4266 
11702 8750 11790 4267 
11707 8754 11796 4267 
11710 8757 11801 4268 
11712 8759 11808 4270 
11716 8761 11812 4274 
11717 8767 11822 4274 
11729 8773 11825 4276 
11731 8776 11830 4277 
11734 8779 11833 4278 
11744 8785 11838 4282 
11746 8787 11844 4283 
11754 8793 11851 4285 
11759 8796 11854 4288 
11762 8801 11860 4290 
11765 8809 11866 4291 
11769 8811 11872 4291 
11774 8817 11881 4293 
11784 8823 11890 4296 
11787 8825 11897 4298 
11792 8829 11903 4299 
11793 8833 11905 4302 
11800 8839 11912 4303 
11803 8843 11919 4306 
11810 8851 11924 4308 
11816 8860 11929 4311 
11818 8864 11933 4315 
11824 8868 11941 4315 
11829 8872 11945 4316 
11830 8875 11950 4316 
11836 8877 11951 4322 
11839 8882 11959 4326 
11841 8884 11963 4330 
11843 8889 11965 4331 
11851 8891 11973 4332 
11855 8894 11980 4332 
11858 8901 11984 4332 
11863 8904 11990 4334 
11865 8908 11995 4334 
11868 8912 11997 4336 
11876 8913 12000 4341 
11879 8917 12005 4343 
11883 8919 12008 4344 
11889 8924 12011 4344 
11892 8928 12017 4347 
11899 8934 12022 4349 
11903 8940 12027 4351 
11912 8945 12037 4353 
11916 8949 12044 4354 
11922 8951 12048 4356 
11924 8954 12054 4356 
11927 8960 12061 4359 
11933 8964 12066 4361 
11938 8967 12069 4362 
11946 8967 12080 4365 
11952 8970 12087 4366 
11959 8976 12090 4366 
11964 8977 12097 4366 
11973 8982 12100 4366 
11983 8985 12108 4367 
11990 8986 12115 4371 
11996 8992 12125 4375 
12001 8998 12130 4379 
12004 9005 12135 4382 
12006 9010 12145 4383 
12012 9014 12156 4384 
12015 9019 12161 4386 
12022 9023 12166 4387 
12027 9026 12175 4389 
12032 9030 12180 4390 
12033 9031 12183 4392 
12044 9035 12188 4394 
12049 9037 12197 4398 
12057 9043 12204 4400 
12062 9048 12208 4401 
12068 9055 12217 4403 
12072 9056 12224 4408 
12078 9062 12231 4411 
12083 9064 12236 4411 
12091 9071 12241 4411 
12099 9076 12250 4411 
12104 9079 12251 4414 
12111 9080 12251 4417 
12115 9089 12251 4418 
12122 9094 12260 4419 
12128 9100 12267 4421 
12133 9102 12276 4421 
12138 9109 12281 4422 
12143 9115 12288 4422 
12148 9119 12295 4428 
12150 9125 12304 4431 
12159 9129 12313 4435 
12164 9133 12317 4437 
12169 9138 12325 4437 
12172 9141 12330 4437 
12179 9145 12335 4437 
12188 9148 12339 4438 
12196 9153 12345 4440 
12200 9156 12353 4441 
12207 9157 12357 4443 
12213 9161 12362 4443 
12219 9165 12369 4447 
12224 9168 12379 4448 
12229 9174 12383 4450 
12235 9177 12391 4452 
12241 9181 12400 4454 
12242 9185 12411 4456 
12249 9192 12417 4457 
12254 9198 12422 4460 
12256 9203 12425 4463 
12268 9206 12431 4465 
12273 9212 12436 4469 
12278 9219 12444 4471 
12284 9224 12450 4473 
12287 9225 12460 4476 
12293 9228 12461 4478 
12303 9231 12469 4478 
12305 9232 12474 4479 
12315 9238 12478 4480 
12321 9244 12480 4482 
12333 9248 12490 4484 
12334 9251 12494 4484 
12339 9259 12495 4488 
12346 9261 12503 4489 
12354 9266 12507 4492 
12359 9269 12514 4494 
12364 9277 12519 4496 
12368 9281 12523 4497 
12377 9285 12526 4499 
12387 9288 12533 4502 
12395 9291 12538 4505 
12402 9303 12540 4505 
12406 9307 12544 4507 
12419 9314 12553 4509 
12424 9318 12561 4510 
12432 9324 12565 4511 
12439 9326 12573 4512 
12443 9331 12579 4513 
12451 9332 12580 4514 
12458 9333 12584 4514 
12460 9337 12587 4516 
12465 9339 12594 4518 
12472 9346 12599 4520 
12477 9352 12603 4520 
12481 9356 12605 4522 
12487 9361 12609 4524 
12493 9367 12617 4528 
12499 9374 12621 4532 
12501 9379 12625 4532 
12506 9382 12631 4534 
12511 9389 12638 4536 
12518 9393 12642 4542 
12525 9398 12652 4543 
12532 9400 12658 4549 
12534 9406 12664 4553 
12537 9411 12669 4561 
12544 9415 12674 4562 
12550 9420 12676 4563 
12560 9422 12685 4565 
12566 9426 12692 4565 
12571 9430 12699 4567 
12577 9431 12707 4570 
12583 9436 12719 4574 
12588 9443 12723 4575 
12594 9445 12728 4577 
12597 9449 12732 4578 
12606 9455 12736 4581 
12616 9460 12740 4584 
12620 9463 12746 4585 
12625 9467 12756 4587 
12627 9469 12760 4588 
12630 9479 12768 4589 
12634 9484 12770 4591 
12638 9491 12778 4593 
12645 9495 12788 4593 
12649 9501 12791 4596 
12655 9508 12797 4601 
12658 9512 12801 4601 
12663 9514 12806 4603 
12669 9515 12812 4606 
12671 9520 12814 4609 
12679 9522 12819 4609 
12688 9525 12827 4610 
12693 9530 12832 4615 
12697 9537 12836 4615 
12707 9543 12844 4617 
12719 9549 12851 4618 
12726 9552 12856 4621 
12732 9559 12864 4623 
12737 9562 12870 4623 
12741 9565 12877 4627 
12747 9572 12882 4627 
12752 9581 12887 4627 
12757 9585 12889 4629 
12764 9590 12895 4634 
12767 9593 12902 4637 
12770 9596 12909 4641 
12771 9600 12913 4646 
12779 9604 12917 4646 
12784 9610 12922 4648 
12792 9617 12934 4651 
12794 9624 12937 4654 
12800 9632 12946 4654 
12802 9634 12950 4655 
12807 9638 12953 4656 
12809 9641 12959 4657 
12815 9646 12961 4661 
12816 9648 12966 4664 
12826 9653 12971 4668 
12827 9656 12976 4669 
12832 9660 12983 4671 
12837 9665 12987 4674 
12848 9670 12996 4676 
12853 9675 12999 4679 
12858 9677 13000 4683 
12863 9680 13007 4685 
12867 9685 13014 4686 
12870 9686 13021 4689 
12875 9692 13028 4690 
12881 9695 13033 4690 
12887 9699 13037 4693 
12893 9700 13046 4695 
12897 9701 13048 4699 
12902 9704 13050 4699 
12909 9707 13054 4700 
12911 9712 13059 4704 
12918 9716 13064 4707 
12930 9720 13069 4709 
12936 9723 13074 4711 
12943 9733 13081 4714 
12946 9736 13087 4716 
12950 9739 13091 4717 
12956 9744 13094 4720 
12961 9750 13099 4722 
12967 9753 13108 4723 
12971 9757 13113 4728 
12976 9762 13118 4728 
12976 9767 13121 4731 
12985 9770 13127 4735 
12993 9777 13136 4738 
12997 9781 13137 4739 
13002 9788 13140 4740 
13006 9794 13150 4742 
13010 9801 13157 4746 
13016 9805 13162 4747 
13023 9812 13169 4749 
13031 9816 13176 4750 
13034 9817 13180 4751 
13041 9826 13186 4754 
13050 9830 13193 4761 
13057 9832 13198 4764 
13066 9837 13203 4766 
13073 9845 13209 4768 
13080 9846 13213 4769 
13085 9850 13221 4770 
13088 9856 13230 4772 
13097 9860 13235 4774 
13100 9864 13239 4776 
13105 9866 13248 4777 
13113 9870 13255 4778 
13118 9878 13261 4782 
13123 9884 13269 4787 
13126 9893 13275 4791 
13130 9895 13281 4793 
13140 9899 13282 4794 
13145 9904 13288 4795 
13151 9912 13295 4796 
13154 9916 13299 4797 
13159 9920 13300 4802 
13164 9928 13308 4803 
13174 9936 13314 4805 
13178 9937 13319 4805 
13189 9946 13322 4806 
13194 9951 13327 4809 
13201 9955 13329 4815 
13207 9958 13334 4816 
13212 9962 13339 4819 
13217 9962 13344 4822 
13219 9964 13351 4826 
13222 9968 13354 4829 
13229 9969 13359 4831 
13233 9973 13365 4835 
13240 9975 13373 4837 
13242 9978 13384 4839 
13246 9980 13389 4839 
13251 9980 13391 4841 
13260 9988 13398 4842 
13264 9992 13401 4843 
13272 9997 13404 4845 
13276 10003 13415 4846 
13282 10009 13421 4849 
13292 10013 13425 4850 
13296 10016 13431 4852 
13302 10018 13446 4852 
13312 10023 13453 4853 
13315 10030 13459 4855 
13325 10030 13464 4857 
13330 10034 13469 4862 
13340 10039 13480 4863 
13344 10041 13482 4864 
13347 10043 13489 4868 
13351 10047 13499 4873 
13356 10052 13505 4874 
13363 10061 13511 4874 
13369 10064 13514 4875 
13377 10074 13517 4877 
13378 10076 13523 4877 
13383 10079 13529 4878 
13387 10082 13537 4881 
13393 10089 13543 4881 
13396 10096 13550 4884 
13403 10098 13555 4887 
13407 10103 13562 4888 
13410 10109 13565 4889 
13415 10112 13573 4891 
13418 10123 13580 4891 
13424 10125 13585 4893 
13432 10130 13586 4895 
13435 10134 13591 4895 
13441 10138 13598 4895 
13447 10147 13607 4898 
13451 10153 13615 4899 
13458 10158 13620 4901 
13463 10162 13624 4905 
13468 10164 13630 4906 
13476 10168 13636 4909 
13480 10173 13643 4910 
13481 10177 13646 4911 
13487 10183 13654 4913 
13492 10191 13660 4914 
13499 10196 13665 4918 
13502 10205 13670 4919 
13506 10206 13674 4921 
13512 10215 13679 4923 
13522 10217 13687 4925 
13529 10223 13692 4929 
13534 10230 13699 4931 
13539 10234 13707 4936 
13544 10240 13713 4940 
13548 10244 13719 4941 
13551 10245 13723 4943 
13555 10250 13728 4945 
13564 10256 13739 4951 
13572 10260 13744 4952 
13576 10264 13749 4954 
13580 10269 13762 4954 
13582 10270 13765 4956 
13590 10274 13772 4958 
13602 10276 13778 4961 
13608 10277 13785 4962 
13613 10286 13792 4964 
13621 10291 13795 4967 
13630 10295 13799 4968 
13637 10299 13806 4968 
13639 10302 13810 4968 
13644 10308 13815 4968 
13654 10310 13823 4972 
13656 10315 13832 4973 
13660 10321 13841 4974 
13666 10329 13843 4978 
13671 10333 13851 4980 
13677 10335 13858 4980 
13680 10342 13866 4983 
13691 10347 13870 4985 
13695 10353 13876 4985 
13702 10357 13882 4986 
13705 10361 13886 4986 
13710 10366 13889 4987 
13717 10369 13897 4989 
13721 10371 13903 4990 
13725 10375 13907 4994 
13734 10377 13911 4997 
13737 10378 13914 4997 
13743 10383 13921 5002 
13747 10387 13927 5004 
13758 10388 13929 5004 
13766 10390 13937 5005 
13771 10394 13942 5006 
13775 10399 13947 5009 
13778 10402 13953 5012 
13785 10408 13958 5013 
13793 10413 13964 5015 
13801 10417 13969 5016 
13809 10420 13973 5021 
13815 10425 13979 5025 
13825 10430 13984 5029 
13829 10433 13990 5030 
13830 10438 13997 5033 
13839 10439 14005 5034 
13843 10446 14010 5035 
13846 10452 14013 5038 
13850 10456 14020 5041 
13857 10461 14028 5042 
13862 10465 14033 5045 
13868 10468 14036 5048 
13876 10475 14041 5051 
13881 10480 14047 5053 
13890 10488 14052 5056 
13899 10490 14060 5057 
13903 10492 14066 5059 
13907 10496 14070 5061 
13914 10499 14075 5063 
13918 10501 14078 5065 
13929 10508 14080 5066 
13937 10517 14086 5067 
13943 10521 14091 5070 
13946 10527 14094 5073 
13950 10530 14099 5074 
13955 10535 14104 5075 
13965 10538 14108 5075 
13965 10544 14116 5077 
13973 10548 14123 5079 
13976 10551 14130 5081 
13983 10559 14134 5083 
13994 10564 14140 5084 
13997 10569 14148 5086 
14000 10578 14153 5087 
14005 10581 14159 5089 
14010 10584 14163 5094 
14021 10586 14166 5094 
14023 10592 14175 5095 
14030 10595 14180 5096 
14040 10598 14183 5098 
14046 10602 14190 5102 
14053 10607 14200 5104 
14055 10610 14208 5106 
14064 10615 14211 5110 
14067 10620 14217 5113 
14071 10623 14223 5113 
14075 10625 14227 5116 
14077 10627 14234 5117 
14085 10628 14243 5122 
14091 10631 14246 5123 
14094 10635 14252 5124 
14101 10637 14256 5125 
14108 10640 14261 5126 
14112 10644 14266 5127 
14116 10645 14270 5128 
14121 10652 14274 5131 
14127 10657 14284 5131 
14133 10662 14288 5133 
14140 10666 14295 5135 
14144 10672 14298 5140 
14149 10679 14303 5140 
14158 10682 14307 5141 
14162 10685 14312 5144 
14171 10691 14318 5148 
14177 10697 14322 5148 
14185 10703 14324 5151 
14190 10706 14328 5152 
14198 10708 14332 5155 
14203 10710 14336 5157 
14210 10713 14341 5159 
14213 10717 14349 5160 
14216 10723 14360 5165 
14224 10730 14369 5167 
14227 10732 14373 5169 
14232 10734 14381 5171 
14239 10738 14389 5172 
14244 10742 14394 5175 
14251 10748 14402 5176 
14257 10750 14407 5179 
14263 10753 14413 5182 
14270 10756 14421 5185 
14273 10764 14430 5187 
14283 10769 14435 5191 
14288 10773 14443 5193 
14297 10775 14449 5193 
14304 10782 14453 5196 
14316 10787 14455 5198 
14322 10792 14461 5202 
14330 10795 14467 5203 
14338 10799 14476 5204 
14343 10804 14484 5205 
14347 10807 14488 5208 
14357 10809 14493 5211 
14360 10816 14495 5215 
14365 10822 14502 5217 
14371 10823 14506 5219 
14375 10825 14514 5221 
14381 10828 14525 5224 
14386 10834 14535 5229 
14389 10837 14539 5231 
14394 10842 14548 5234 
14396 10845 14554 5235 
14400 10854 14561 5238 
14407 10857 14566 5238 
14415 10860 14568 5239 
14422 10862 14575 5241 
14427 10863 14580 5242 
14430 10868 14583 5243 
14435 10876 14587 5246 
14442 10884 14599 5249 
14443 10887 14607 5250 
14450 10892 14612 5252 
14454 10895 14616 5254 
14464 10899 14621 5258 
14469 10906 14626 5258 
14472 10910 14630 5258 
14474 10913 14637 5260 
14477 10917 14648 5262 
14481 10922 14651 5266 
14490 10926 14655 5269 
14495 10932 14662 5271 
14501 10937 14666 5275 
14508 10942 14671 5277 
14510 10948 14676 5281 
14517 10952 14684 5285 
14525 10957 14692 5288 
14532 10961 14698 5291 
14538 10967 14707 5293 
14544 10968 14710 5294 
14546 10974 14716 5297 
14551 10979 14720 5300 
14555 10987 14726 5303 
14557 10993 14733 5305 
14561 10995 14736 5305 
14568 10996 14742 5309 
14573 11003 14746 5310 
14580 11007 14750 5311 
14585 11012 14757 5312 
14591 11020 14763 5313 
14597 11020 14770 5315 
14603 11023 14778 5317 
14609 11025 14784 5319 
14613 11034 14790 5322 
14617 11037 14792 5322 
14627 11041 14799 5322 
14633 11044 14804 5325 
14637 11045 14809 5328 
14641 11051 14809 5331 
14646 11052 14813 5334 
14652 11054 14819 5335 
14662 11058 14826 5335 
14668 11060 14830 5336 
14673 11065 14835 5337 
14679 11070 14842 5338 
14686 11077 14849 5342 
14692 11080 14853 5344 
14697 11083 14860 5345 
14703 11089 14866 5347 
14705 11091 14875 5348 
14715 11094 14881 5350 
14726 11099 14886 5351 
14735 11105 14892 5353 
14740 11117 14899 5355 
14742 11121 14903 5357 
14750 11125 14908 5357 
14756 11127 14912 5357 
14762 11133 14914 5360 
14769 11135 14918 5363 
14782 11140 14921 5366 
14785 11145 14932 5369 
14796 11151 14941 5370 
14805 11160 14946 5371 
14812 11169 14955 5373 
14816 11173 14963 5375 
14823 11176 14969 5378 
14828 11179 14975 5381 
14835 11180 14979 5383 
14839 11187 14985 5383 
14846 11191 14993 5385 
14853 11194 14998 5388 
14857 11201 15001 5390 
14865 11204 15012 5392 
14870 11208 15017 5393 
14879 11214 15022 5395 
14881 11219 15028 5397 
14885 11226 15032 5401 
14892 11228 15036 5402 
14897 11230 15046 5403 
14898 11235 15052 5405 
14901 11241 15058 5408 
14910 11246 15063 5411 
14916 11248 15065 5414 
14920 11252 15068 5417 
14928 11257 15073 5418 
14933 11264 15079 5422 
14938 11267 15082 5425 
14942 11270 15087 5427 
14947 11273 15094 5429 
14952 11277 15100 5431 
14954 11280 15107 5431 
14960 11285 15112 5433 
14966 11294 15114 5436 
14972 11297 15123 5439 
14981 11301 15128 5440 
14992 11305 15133 5442 
14995 11308 15137 5446 
15007 11315 15142 5447 
15012 11321 15146 5449 
15017 11329 15152 5450 
15020 11330 15156 5450 
15026 11334 15160 5455 
15036 11340 15167 5458 
15043 11346 15174 5463 
15050 11347 15177 5466 
15055 11349 15185 5467 
15058 11355 15192 5470 
15063 11358 15200 5470 
15072 11360 15210 5472 
15076 11362 15215 5474 
15081 11367 15223 5474 
15086 11372 15228 5474 
15091 11377 15236 5479 
15099 11383 15242 5480 
15109 11388 15249 5483 
15116 11392 15257 5485 
15121 11394 15262 5486 
15124 11398 15268 5489 
15127 11401 15274 5491 
15131 11408 15280 5492 
15140 11412 15286 5494 
15150 11414 15288 5497 
15156 11418 15296 5500 
15160 11424 15303 5502 
15165 11431 15313 5503 
15170 11438 15318 5505 
15178 11450 15321 5507 
15182 11455 15329 5508 
15188 11463 15332 5512 
15194 11467 15337 5514 
15198 11472 15343 5520 
15204 11476 15348 5521 
15208 11481 15350 5523 
15213 11489 15361 5526 
15217 11495 15365 5530 
15224 11500 15372 5533 
15230 11506 15381 5534 
15234 11508 15389 5536 
15241 11515 15393 5539 
15249 11519 15401 5541 
15258 11525 15412 5542 
15266 11530 15419 5544 
15270 11533 15424 5546 
15277 11541 15430 5548 
15279 11544 15437 5550 
15282 11546 15440 5551 
15289 11552 15444 5553 
15291 11554 15450 5556 
15296 11555 15455 5559 
15300 11559 15460 5559 
15305 11566 15467 5562 
15309 11571 15474 5565 
15313 11576 15482 5567 
15317 11583 15485 5569 
15324 11589 15491 5571 
15330 11594 15498 5572 
15339 11596 15504 5579 
15343 11600 15510 5582 
15347 11606 15513 5585 
15351 11609 15518 5587 
15357 11615 15525 5588 
15364 11623 15529 5589 
15369 11626 15534 5590 
15378 11639 15540 5594 
15384 11641 15543 5595 
15391 11644 15553 5600 
15398 11648 15565 5602 
15404 11649 15567 5605 
15410 11654 15571 5607 
15418 11659 15579 5607 
15423 11662 15586 5612 
15426 11666 15593 5613 
15434 11674 15600 5613 
15437 11676 15607 5616 
15440 11679 15608 5619 
15448 11687 15617 5620 
15451 11691 15623 5622 
15460 11694 15628 5626 
15464 11696 15635 5627 
15469 11699 15643 5629 
15475 11705 15650 5631 
15481 11716 15654 5633 
15486 11718 15660 5636 
15492 11724 15665 5637 
15501 11729 15670 5639 
15504 11736 15676 5639 
15513 11743 15683 5640 
15517 11750 15689 5640 
15524 11754 15694 5641 
15533 11759 15700 5644 
15537 11762 15707 5649 
15538 11766 15712 5651 
15540 11773 15720 5655 
15544 11777 15728 5660 
15546 11782 15733 5662 
15549 11789 15736 5665 
15555 11790 15738 5668 
15560 11794 15746 5672 
15567 11796 15753 5675 
15573 11800 15761 5678 
15575 11804 15768 5682 
15578 11810 15777 5684 
15582 11815 15782 5686 
15589 11820 15791 5687 
15595 11826 15802 5689 
15598 11828 15808 5690 
15603 11836 15811 5694 
15610 11839 15818 5697 
15615 11840 15825 5698 
15617 11847 15833 5699 
15620 11850 15840 5703 
15624 11857 15842 5705 
15626 11861 15845 5707 
15632 11868 15848 5709 
15644 11872 15852 5709 
15649 11874 15858 5711 
15655 11878 15864 5712 
15662 11886 15872 5716 
15671 11890 15876 5720 
15677 11902 15882 5724 
15679 11908 15885 5726 
15684 11912 15893 5728 
15686 11922 15899 5730 
15693 11926 15906 5731 
15700 11932 15911 5734 
15702 11940 15921 5737 
15708 11946 15930 5738 
15711 11951 15936 5740 
15716 11959 15939 5743 
15724 11964 15943 5746 
15729 11970 15946 5747 
15736 11973 15951 5750 
15739 11975 15960 5751 
15742 11977 15968 5754 
15750 11981 15971 5754 
15757 11986 15978 5755 
15760 11995 15982 5756 
15765 12001 15988 5758 
15773 12005 15993 5763 
15783 12007 15997 5765 
15786 12009 16004 5771 
15792 12014 16010 5774 
15798 12020 16016 5776 
15803 12027 16020 5779 
15805 12030 16027 5784 
15812 12033 16038 5786 
15814 12041 16044 5786 
15821 12045 16045 5789 
15825 12046 16048 5791 
15833 12052 16059 5795 
15834 12057 16066 5795 
15839 12059 16074 5798 
15847 12066 16081 5798 
15850 12071 16087 5800 
15860 12074 16092 5802 
15867 12078 16095 5804 
15871 12080 16102 5806 
15875 12084 16108 5810 
15882 12089 16115 5811 
15890 12092 16123 5811 
15897 12094 16127 5815 
15902 12096 16134 5817 
15910 12102 16140 5819 
15915 12108 16149 5821 
15919 12115 16155 5827 
15927 12116 16160 5828 
15931 12118 16170 5829 
15935 12126 16174 5832 
15937 12130 16179 5832 
15942 12135 16183 5835 
15951 12139 16187 5839 
15958 12141 16193 5841 
15964 12146 16204 5845 
15968 12150 16212 5846 
15982 12152 16222 5846 
15987 12159 16226 5849 
15991 12163 16231 5856 
15998 12166 16239 5859 
16001 12174 16241 5861 
16005 12177 16243 5862 
16012 12180 16249 5863 
16022 12187 16257 5865 
16027 12190 16264 5867 
16031 12194 16267 5870 
16035 12200 16270 5871 
16041 12204 16274 5875 
16045 12214 16276 5876 
16052 12221 16280 5879 
16055 12223 16283 5880 
16059 12232 16292 5881 
16069 12236 16301 5881 
16074 12239 16304 5884 
16079 12245 16312 5886 
16088 12252 16315 5888 
16094 12257 16326 5888 
16102 12262 16331 5890 
16108 12264 16339 5892 
16110 12268 16349 5894 
16113 12273 16358 5899 
16117 12280 16362 5901 
16121 12282 16372 5906 
16126 12292 16376 5909 
16130 12297 16379 5911 
16137 12299 16385 5918 
16149 12305 16393 5918 
16162 12310 16398 5919 
16168 12315 16404 5922 
16171 12318 16412 5924 
16179 12322 16417 5926 
16188 12326 16423 5931 
16190 12327 16428 5935 
16198 12332 16432 5936 
16204 12339 16438 5943 
16208 12344 16449 5945 
16211 12349 16451 5948 
16218 12351 16459 5948 
16225 12352 16470 5951 
16230 12354 16473 5953 
16239 12359 16477 5958 
16246 12362 16487 5960 
16250 12363 16493 5962 
16254 12371 16495 5965 
16257 12375 16499 5968 
16262 12378 16507 5972 
16266 12388 16519 5972 
16275 12392 16523 5976 
16282 12394 16531 5980 
16288 12399 16535 5981 
16295 12406 16541 5983 
16301 12408 16553 5986 
16308 12411 16557 5990 
16313 12414 16560 5991 
16316 12420 16566 5993 
16323 12425 16572 5993 
16329 12429 16576 5994 
16336 12434 16584 5997 
16345 12438 16589 6000 
16353 12445 16596 6001 
16357 12454 16601 6002 
16363 12457 16609 6004 
16367 12462 16619 6006 
16376 12468 16629 6010 
16379 12474 16638 6011 
16382 12479 16643 6013 
16386 12483 16648 6016 
16390 12487 16651 6017 
16393 12490 16659 6018 
16395 12494 16666 6019 
16402 12499 16672 6020 
16412 12503 16675 6021 
16423 12506 16683 6023 
16429 12513 16687 6025 
16437 12522 16692 6028 
16442 12529 16700 6030 
16448 12533 16706 6031 
16451 12539 16716 6031 
16454 12544 16723 6033 
16460 12553 16729 6034 
16465 12558 16734 6039 
16469 12562 16739 6041 
16472 12565 16748 6043 
16482 12570 16755 6045 
16489 12575 16760 6049 
16496 12579 16769 6051 
16504 12580 16777 6052 
16510 12585 16783 6053 
16514 12591 16790 6053 
16520 12597 16800 6054 
16523 12599 16804 6057 
16528 12607 16809 6060 
16532 12608 16812 6060 
16539 12611 16816 6061 
16543 12617 16820 6064 
16549 12621 16828 6067 
16557 12622 16834 6070 
16561 12628 16839 6073 
16566 12632 16846 6077 
16569 12638 16860 6082 
16572 12643 16865 6083 
16581 12645 16873 6083 
16592 12649 16877 6085 
16595 12656 16883 6086 
16604 12662 16886 6088 
16606 12665 16894 6090 
16613 12667 16901 6092 
16617 12672 16907 6095 
16620 12676 16907 6096 
16626 12681 16910 6096 
16629 12686 16920 6096 
16633 12697 16924 6097 
16640 12703 16930 6098 
16647 12710 16933 6100 
16653 12713 16941 6102 
16655 12718 16947 6105 
16660 12724 16955 6107 
16671 12730 16959 6108 
16677 12734 16966 6109 
16683 12738 16973 6112 
16688 12744 16980 6113 
16694 12748 16991 6116 
16699 12752 16997 6118 
16703 12754 17003 6119 
16710 12758 17006 6122 
16719 12760 17015 6124 
16726 12763 17024 6126 
16733 12769 17032 6128 
16737 12774 17039 6130 
16741 12781 17043 6132 
16749 12789 17047 6133 
16753 12794 17052 6135 
16756 12797 17057 6136 
16762 12800 17068 6138 
16773 12805 17075 6139 
16780 12810 17081 6140 
16787 12814 17087 6140 
16794 12823 17091 6140 
16802 12827 17095 6142 
16806 12839 17100 6144 
16808 12843 17106 6146 
16813 12848 17113 6148 
16820 12852 17125 6150 
16825 12859 17137 6151 
16830 12861 17141 6153 
16833 12867 17146 6156 
16836 12872 17153 6159 
16840 12878 17154 6160 
16848 12882 17159 6163 
16853 12886 17171 6166 
16865 12890 17179 6168 
16874 12896 17187 6169 
16877 12903 17193 6169 
16880 12909 17198 6170 
16888 12911 17207 6171 
16893 12915 17209 6175 
16903 12917 17216 6178 
16908 12920 17224 6179 
16916 12924 17234 6183 
16924 12926 17250 6184 
16932 12933 17262 6186 
16941 12941 17268 6187 
16947 12945 17275 6187 
16952 12948 17278 6188 
16956 12953 17286 6189 
16960 12959 17293 6193 
16962 12964 17300 6196 
16965 12971 17308 6197 
16968 12978 17315 6198 
16972 12983 17319 6199 
16980 12989 17322 6202 
16985 12994 17330 6204 
16986 12998 17338 6208 
16992 13000 17344 6209 
16998 13003 17348 6213 
17002 13012 17356 6217 
17007 13022 17361 6217 
17017 13024 17367 6219 
17022 13030 17369 6223 
17027 13032 17377 6224 
17032 13037 17383 6226 
17037 13042 17388 6230 
17043 13044 17396 6233 
17050 13048 17397 6235 
17053 13055 17406 6240 
17062 13056 17411 6241 
17069 13061 17420 6245 
17076 13066 17425 6247 
17082 13069 17434 6248 
17085 13071 17441 6249 
17087 13076 17450 6250 
17093 13080 17453 6254 
17096 13084 17458 6255 
17102 13087 17469 6256 
17108 13095 17476 6258 
17110 13099 17484 6259 
17115 13106 17489 6259 
17118 13114 17498 6261 
17122 13118 17500 6265 
17128 13130 17507 6268 
17132 13132 17516 6269 
17140 13136 17529 6269 
17146 13142 17540 6272 
17148 13145 17549 6275 
17152 13156 17556 6278 
17157 13160 17556 6281 
17165 13163 17557 6283 
17172 13164 17561 6283 
17181 13169 17567 6284 
17192 13180 17575 6284 
17194 13183 17582 6289 
17197 13189 17585 6293 
17202 13194 17595 6299 
17208 13196 17600 6301 
17218 13199 17604 6303 
17222 13203 17616 6306 
17228 13207 17625 6308 
17235 13210 17634 6312 
17240 13212 17641 6315 
17248 13216 17645 6320 
17257 13220 17651 6325 
17261 13227 17661 6325 
17268 13230 17668 6326 
17271 13236 17680 6329 
17284 13242 17687 6333 
17290 13248 17694 6336 
17296 13252 17704 6339 
17301 13259 17711 6340 
17307 13265 17713 6341 
17316 13268 17719 6341 
17323 13272 17722 6343 
17330 13282 17728 6346 
17338 13285 17736 6348 
17344 13287 17739 6349 
17353 13295 17740 6349 
17363 13296 17741 6349 
17366 13302 17744 6351 
17368 13305 17755 6353 
17375 13314 17760 6354 
17384 13320 17765 6359 
17394 13326 17771 6360 
17398 13331 17774 6362 
17406 13334 17781 6365 
17411 13337 17792 6367 
17415 13343 17802 6368 
17419 13353 17805 6371 
17423 13354 17814 6375 
17426 13360 17817 6376 
17429 13363 17824 6377 
17439 13370 17829 6379 
17446 13371 17833 6381 
17453 13376 17839 6381 
17457 13383 17842 6382 
17466 13389 17846 6384 
17475 13394 17852 6386 
17478 13400 17862 6390 
17483 13408 17868 6393 
17485 13409 17873 6395 
17491 13410 17879 6397 
17496 13416 17887 6397 
17504 13417 17896 6401 
17506 13423 17902 6402 
17506 13425 17915 6407 
17512 13427 17926 6408 
17517 13430 17933 6411 
17524 13438 17940 6413 
17529 13442 17949 6414 
17534 13444 17960 6415 
17537 13448 17966 6417 
17542 13453 17974 6418 
17549 13456 17981 6420 
17554 13462 17982 6421 
17559 13468 17986 6423 
17565 13473 17989 6424 
17574 13478 18000 6429 
17586 13483 18004 6432 
17592 13486 18013 6433 
17598 13489 18016 6434 
17600 13494 18022 6434 
17606 13498 18027 6436 
17616 13504 18030 6436 
17624 13507 18033 6439 
17625 13517 18042 6439 
17629 13521 18048 6441 
17639 13526 18056 6443 
17647 13527 18060 6443 
17654 13532 18065 6445 
17658 13534 18069 6447 
17658 13540 18074 6452 
17664 13542 18081 6454 
17669 13550 18086 6456 
17672 13556 18093 6460 
17679 13561 18100 6463 
17686 13562 18107 6464 
17692 13564 18114 6467 
17696 13566 18125 6469 
17703 13573 18131 6473 
17709 13577 18142 6474 
17719 13584 18152 6476 
17724 13588 18158 6477 
17729 13592 18167 6481 
17738 13597 18171 6483 
17746 13602 18176 6484 
17754 13605 18182 6485 
17759 13610 18191 6485 
17761 13616 18199 6486 
17772 13621 18204 6488 
17777 13627 18216 6490 
17783 13632 18225 6494 
17788 13636 18232 6495 
17792 13638 18237 6495 
17800 13643 18241 6497 
17802 13652 18250 6497 
17808 13657 18259 6501 
17814 13660 18265 6503 
17819 13662 18272 6504 
17824 13664 18278 6506 
17831 13670 18289 6510 
17839 13674 18291 6514 
17844 13679 18293 6517 
17848 13686 18302 6520 
17850 13692 18305 6521 
17857 13694 18313 6523 
17862 13696 18322 6525 
17870 13701 18329 6528 
17878 13705 18330 6529 
17883 13708 18337 6535 
17887 13713 18341 6538 
17894 13723 18346 6538 
17898 13726 18353 6543 
17904 13729 18364 6543 
17908 13731 18368 6547 
17916 13738 18375 6550 
17926 13742 18380 6553 
17934 13748 18384 6556 
17942 13752 18393 6558 
17950 13753 18401 6562 
17958 13759 18408 6565 
17965 13767 18412 6565 
17971 13771 18418 6565 
17982 13780 18426 6568 
17990 13785 18435 6570 
17993 13787 18451 6571 
18004 13791 18456 6572 
18007 13797 18459 6575 
18013 13800 18465 6578 
18017 13806 18472 6583 
18024 13808 18478 6586 
18030 13813 18482 6587 
18035 13816 18486 6588 
18040 13820 18492 6591 
18046 13825 18502 6591 
18050 13832 18514 6593 
18058 13835 18521 6598 
18066 13840 18528 6600 
18067 13844 18533 6602 
18073 13848 18539 6603 
18073 13854 18546 6606 
18082 13857 18553 6610 
18089 13863 18561 6612 
18091 13869 18568 6614 
18100 13872 18573 6616 
18106 13877 18579 6618 
18111 13882 18583 6618 
18116 13883 18590 6621 
18122 13885 18592 6625 
18132 13890 18600 6627 
18136 13893 18613 6631 
18139 13898 18620 6633 
18145 13902 18627 6634 
18148 13908 18632 6637 
18154 13913 18643 6642 
18159 13917 18647 6645 
18164 13920 18659 6647 
18171 13923 18663 6647 
18178 13927 18664 6649 
18186 13933 18666 6651 
18193 13941 18671 6654 
18202 13948 18678 6657 
18204 13952 18686 6660 
18206 13955 18690 6661 
18216 13959 18702 6661 
18225 13961 18706 6663 
18234 13965 18711 6666 
18239 13969 18717 6669 
18243 13975 18721 6671 
18247 13981 18724 6672 
18251 13987 18735 6676 
18253 13993 18743 6677 
18261 14002 18746 6678 
18264 14006 18756 6679 
18273 14010 18763 6683 
18277 14013 18765 6686 
18281 14018 18769 6686 
18285 14024 18772 6689 
18291 14029 18778 6690 
18301 14032 18787 6693 
18304 14038 18796 6699 
18307 14045 18800 6702 
18314 14053 18803 6702 
18319 14054 18807 6705 
18325 14060 18814 6706 
18328 14064 18827 6709 
18334 14075 18835 6712 
18343 14079 18847 6714 
18350 14083 18852 6718 
18362 14086 18861 6718 
18364 14093 18864 6721 
18369 14099 18866 6724 
18381 14106 18875 6726 
18386 14110 18884 6727 
18387 14117 18890 6728 
18395 14120 18895 6730 
18401 14128 18902 6731 
18407 14134 18909 6733 
18410 14141 18913 6733 
18417 14146 18915 6736 
18422 14151 18922 6739 
18424 14154 18927 6741 
18426 14159 18931 6744 
18430 14166 18936 6745 
18436 14170 18942 6747 
18443 14172 18946 6749 
18444 14174 18950 6750 
18451 14179 18958 6751 
18454 14184 18968 6753 
18467 14187 18971 6755 
18475 14192 18976 6759 
18481 14198 18984 6763 
18490 14204 18993 6764 
18496 14208 18997 6767 
18499 14210 19002 6770 
18503 14214 19008 6771 
18507 14220 19016 6772 
18517 14225 19021 6776 
18526 14229 19024 6778 
18535 14232 19026 6780 
18544 14241 19026 6783 
18548 14243 19032 6783 
18552 14250 19042 6783 
18557 14254 19048 6784 
18562 14258 19054 6785 
18565 14264 19059 6787 
18570 14268 19063 6791 
18576 14273 19067 6795 
18585 14279 19078 6796 
18590 14279 19086 6799 
18596 14288 19090 6799 
18601 14289 19096 6799 
18606 14299 19100 6800 
18614 14309 19105 6801 
18618 14315 19107 6802 
18624 14320 19114 6806 
18633 14329 19120 6807 
18639 14332 19126 6810 
18640 14338 19129 6813 
18647 14342 19133 6817 
18656 14348 19139 6818 
18659 14354 19145 6820 
18662 14355 19153 6823 
18666 14363 19163 6824 
18670 14371 19170 6826 
18675 14377 19179 6828 
18678 14380 19184 6831 
18684 14383 19190 6832 
18689 14390 19200 6835 
18700 14395 19207 6838 
18710 14402 19213 6841 
18714 14410 19218 6842 
18718 14421 19222 6843 
18724 14427 19226 6845 
18734 14431 19231 6846 
18742 14438 19237 6850 
18749 14446 19243 6852 
18754 14452 19247 6853 
18765 14458 19253 6856 
18772 14462 19260 6857 
18776 14467 19265 6860 
18782 14472 19270 6860 
18788 14473 19274 6864 
18792 14475 19282 6866 
18798 14481 19287 6867 
18804 14488 19293 6871 
18806 14495 19305 6875 
18810 14501 19310 6878 
18818 14507 19318 6880 
18827 14515 19324 6883 
18830 14521 19331 6886 
18832 14528 19339 6886 
18836 14530 19346 6887 
18844 14531 19351 6887 
18849 14535 19356 6892 
18853 14540 19363 6893 
18859 14549 19370 6895 
18868 14552 19377 6896 
18874 14554 19383 6898 
18878 14558 19391 6902 
18881 14563 19396 6905 
18885 14566 19402 6906 
18887 14572 19407 6908 
18891 14579 19413 6910 
18899 14582 19420 6912 
18902 14586 19426 6917 
18908 14595 19429 6919 
18911 14597 19435 6920 
18916 14604 19442 6920 
18922 14614 19450 6923 
18929 14622 19456 6924 
18935 14630 19462 6925 
18939 14634 19468 6925 
18943 14641 19474 6927 
18946 14646 19479 6929 
18953 14652 19485 6931 
18953 14659 19491 6935 
18959 14663 19495 6938 
18962 14664 19500 6939 
18967 14671 19505 6943 
18972 14674 19510 6944 
18976 14681 19518 6944 
18985 14689 19524 6947 
18991 14694 19529 6947 
18994 14698 19534 6949 
19001 14704 19541 6951 
19005 14711 19548 6952 
19011 14713 19554 6953 
19016 14718 19559 6956 
19025 14723 19562 6958 
19031 14729 19570 6959 
19036 14733 19574 6960 
19044 14736 19582 6962 
19050 14741 19590 6963 
19053 14746 19599 6964 
19057 14752 19605 6968 
19065 14756 19611 6971 
19074 14758 19616 6977 
19078 14764 19621 6979 
19085 14770 19625 6984 
19091 14773 19633 6987 
19096 14780 19640 6990 
19101 14786 19645 6991 
19105 14789 19650 6993 
19107 14791 19653 6995 
19114 14795 19659 6999 
19118 14801 19667 7004 
19129 14806 19674 7007 
19135 14809 19682 7010 
19139 14818 19688 7013 
19144 14823 19696 7014 
19153 14830 19700 7017 
19165 14834 19711 7020 
19172 14836 19715 7022 
19179 14840 19722 7025 
19184 14844 19727 7026 
19188 14853 19734 7031 
19189 14857 19737 7032 
19193 14863 19748 7034 
19197 14870 19750 7037 
19203 14873 19754 7037 
19207 14878 19761 7042 
19212 14886 19764 7044 
19219 14894 19769 7046 
19224 14898 19775 7046 
19229 14901 19780 7047 
19233 14906 19789 7050 
19238 14912 19796 7051 
19246 14920 19803 7056 
19253 14925 19815 7060 
19259 14934 19818 7063 
19263 14935 19824 7066 
19266 14943 19837 7069 
19270 14947 19843 7072 
19281 14950 19853 7075 
19290 14953 19859 7078 
19297 14956 19870 7079 
19301 14960 19875 7080 
19308 14969 19877 7082 
19312 14976 19882 7082 
19318 14982 19891 7082 
19323 14985 19896 7083 
19334 14988 19904 7088 
19338 14995 19906 7091 
19340 15001 19914 7092 
19345 15006 19924 7093 
19352 15013 19934 7094 
19361 15016 19942 7095 
19367 15022 19946 7097 
19372 15024 19951 7099 
19381 15030 19958 7101 
19386 15034 19963 7104 
19389 15042 19970 7106 
19394 15044 19977 7111 
19402 15049 19987 7113 
19408 15053 19993 7116 
19414 15055 19996 7118 
19418 15056 20001 7121 
19423 15057 20010 7121 
19431 15061 20017 7125 
19437 15063 20023 7126 
19443 15070 20029 7128 
19449 15074 20041 7131 
19454 15078 20051 7134 
19455 15085 20058 7136 
19459 15093 20065 7136 
19465 15096 20068 7139 
19471 15100 20074 7141 
19475 15101 20082 7144 
19480 15108 20085 7145 
19490 15109 20092 7148 
19495 15113 20101 7150 
19500 15118 20112 7154 
19504 15123 20115 7156 
19508 15130 20121 7159 
19508 15136 20124 7160 
19513 15141 20129 7164 
19522 15151 20133 7164 
19526 15155 20143 7167 
19534 15157 20151 7168 
19540 15162 20157 7170 
19547 15164 20162 7171 
19557 15168 20169 7174 
19560 15170 20176 7175 
19564 15174 20184 7180 
19569 15176 20193 7181 
19578 15180 20201 7183 
19581 15185 20209 7184 
19589 15192 20213 7187 
19593 15199 20219 7189 
19603 15203 20225 7191 
19610 15206 20227 7194 
19614 15211 20235 7198 
19621 15221 20243 7200 
19623 15223 20247 7202 
19628 15227 20254 7205 
19635 15231 20260 7207 
19638 15234 20266 7210 
19648 15238 20272 7211 
19652 15241 20282 7212 
19656 15245 20285 7213 
19658 15249 20292 7218 
19659 15254 20298 7223 
19665 15261 20302 7224 
19674 15267 20308 7226 
19679 15271 20318 7227 
19684 15279 20322 7227 
19691 15286 20331 7230 
19695 15290 20333 7231 
19702 15296 20339 7235 
19707 15297 20344 7238 
19712 15298 20351 7242 
19718 15302 20355 7243 
19726 15306 20361 7245 
19730 15310 20365 7245 
19735 15314 20378 7248 
19741 15319 20385 7250 
19748 15323 20392 7252 
19751 15325 20397 7252 
19757 15332 20405 7255 
19763 15334 20411 7259 
19764 15344 20413 7261 
19769 15350 20422 7263 
19781 15354 20428 7264 
19785 15358 20437 7264 
19788 15365 20443 7268 
19793 15370 20451 7270 
19804 15372 20458 7271 
19809 15378 20464 7274 
19814 15382 20470 7277 
19817 15387 20478 7278 
19823 15395 20487 7279 
19829 15398 20495 7282 
19833 15402 20505 7283 
19841 15404 20513 7284 
19845 15406 20520 7285 
19852 15412 20522 7287 
19857 15419 20530 7288 
19867 15422 20537 7289 
19871 15426 20546 7290 
19875 15431 20550 7290 
19880 15437 20553 7292 
19886 15442 20556 7294 
19892 15452 20560 7296 
19901 15459 20564 7299 
19908 15463 20573 7304 
19912 15469 20575 7306 
19919 15477 20581 7308 
19922 15483 20590 7310 
19926 15488 20596 7312 
19931 15493 20602 7314 
19935 15500 20608 7315 
19944 15503 20613 7315 
19949 15509 20620 7318 
19954 15511 20625 7320 
19963 15516 20634 7324 
19967 15520 20639 7330 
19978 15521 20647 7332 
19981 15524 20651 7334 
19986 15530 20657 7337 
19991 15532 20661 7339 
19995 15536 20667 7341 
20005 15539 20670 7341 
20012 15544 20674 7343 
20023 15545 20680 7343 
20031 15547 20687 7344 
20037 15553 20696 7347 
20043 15557 20704 7348 
20048 15560 20713 7349 
20052 15563 20717 7353 
20055 15564 20726 7355 
20063 15564 20735 7356 
20076 15569 20741 7356 
20078 15576 20751 7359 
20084 15579 20759 7359 
20090 15583 20767 7364 
20097 15588 20773 7367 
20102 15592 20783 7369 
20105 15599 20791 7372 
20115 15609 20796 7373 
20119 15614 20802 7375 
20128 15618 20811 7379 
20132 15620 20818 7382 
20140 15626 20825 7386 
20145 15630 20834 7389 
20150 15633 20837 7390 
20154 15636 20844 7395 
20161 15641 20847 7398 
20171 15648 20853 7402 
20172 15652 20860 7407 
20180 15658 20866 7409 
20188 15661 20868 7412 
20190 15666 20877 7413 
20197 15671 20885 7413 
20197 15675 20897 7413 
20201 15685 20901 7417 
20205 15691 20907 7419 
20211 15696 20910 7419 
20217 15701 20917 7420 
20221 15710 20924 7421 
20227 15715 20929 7421 
20234 15719 20942 7422 
20238 15725 20947 7426 
20240 15729 20951 7427 
20247 15734 20957 7429 
20253 15740 20961 7433 
20263 15745 20975 7437 
20271 15747 20982 7437 
20275 15748 20989 7439 
20287 15757 20993 7442 
20295 15759 21001 7443 
20301 15767 21007 7444 
20306 15773 21012 7447 
20315 15781 21016 7448 
20323 15784 21029 7450 
20325 15786 21038 7450 
20327 15791 21043 7451 
20330 15797 21052 7453 
20332 15801 21055 7455 
20341 15807 21059 7458 
20346 15811 21067 7463 
20351 15819 21071 7464 
20362 15825 21081 7464 
20368 15831 21086 7465 
20381 15836 21090 7466 
20390 15838 21094 7470 
20395 15842 21102 7471 
20399 15849 21109 7473 
20404 15852 21114 7473 
20412 15855 21116 7476 
20417 15857 21122 7477 
20422 15863 21129 7483 
20430 15871 21136 7485 
20435 15876 21143 7490 
20442 15882 21153 7490 
20445 15888 21159 7491 
20454 15897 21168 7493 
20467 15899 21174 7497 
20470 15905 21179 7503 
20476 15906 21183 7504 
20485 15910 21187 7508 
20493 15916 21192 7514 
20500 15918 21202 7517 
20503 15923 21208 7521 
20513 15925 21218 7525 
20517 15934 21227 7529 
20520 15938 21235 7533 
20522 15940 21244 7533 
20529 15944 21248 7533 
20538 15951 21251 7534 
20550 15957 21257 7536 
20552 15960 21265 7537 
20556 15966 21273 7537 
20566 15971 21281 7539 
20571 15981 21290 7542 
20581 15983 21298 7544 
20585 15985 21303 7547 
20593 15994 21315 7551 
20600 15996 21320 7555 
20606 16002 21325 7557 
20610 16004 21329 7559 
20614 16005 21334 7562 
20619 16010 21337 7564 
20629 16017 21342 7564 
20636 16020 21346 7566 
20645 16022 21352 7569 
20651 16024 21360 7569 
20656 16032 21366 7573 
20658 16039 21375 7576 
20666 16043 21380 7580 
20671 16045 21389 7581 
20676 16050 21396 7583 
20684 16057 21402 7586 
20689 16061 21407 7590 
20697 16065 21416 7597 
20700 16069 21428 7599 
20703 16076 21434 7600 
20709 16080 21441 7601 
20718 16084 21443 7602 
20723 16090 21450 7608 
20734 16097 21455 7612 
20741 16106 21464 7614 
20745 16111 21472 7618 
20750 16114 21487 7619 
20752 16119 21494 7619 
20756 16124 21502 7623 
20760 16129 21507 7627 
20766 16133 21519 7630 
20769 16141 21525 7633 
20772 16145 21531 7635 
20781 16148 21538 7638 
20786 16153 21544 7641 
20788 16154 21551 7641 
20794 16158 21556 7643 
20803 16163 21561 7646 
20809 16166 21569 7649 
20812 16173 21571 7649 
20822 16174 21578 7649 
20827 16180 21582 7651 
20836 16187 21586 7652 
20840 16193 21598 7653 
20843 16197 21607 7654 
20848 16204 21614 7656 
20854 16208 21619 7658 
20857 16212 21627 7660 
20864 16215 21634 7662 
20870 16222 21640 7664 
20875 16230 21647 7666 
20886 16236 21653 7668 
20898 16245 21656 7673 
20906 16251 21666 7678 
20916 16252 21674 7680 
20924 16254 21682 7682 
20931 16260 21688 7682 
20942 16270 21695 7684 
20949 16277 21699 7685 
20955 16279 21710 7687 
20964 16283 21720 7688 
20972 16292 21729 7690 
20976 16297 21734 7691 
20979 16301 21742 7692 
20989 16305 21747 7694 
20998 16308 21754 7696 
21004 16314 21761 7699 
21007 16317 21768 7701 
21017 16324 21772 7703 
21023 16330 21775 7706 
21028 16334 21779 7713 
21033 16340 21789 7718 
21038 16346 21797 7720 
21043 16352 21802 7721 
21049 16355 21808 7725 
21059 16361 21815 7725 
21065 16370 21820 7727 
21071 16372 21827 7727 
21080 16377 21834 7728 
21086 16381 21842 7731 
21092 16382 21848 7732 
21098 16387 21853 7734 
21103 16394 21864 7737 
21113 16398 21869 7739 
21116 16400 21873 7742 
21119 16404 21878 7745 
21132 16414 21883 7748 
21134 16420 21891 7752 
21139 16425 21901 7754 
21141 16430 21906 7758 
21143 16432 21913 7759 
21152 16437 21919 7761 
21163 16439 21924 7762 
21169 16442 21931 7763 
21174 16449 21935 7764 
21179 16453 21941 7766 
21184 16455 21946 7769 
21188 16462 21951 7774 
21197 16467 21957 7775 
21202 16474 21961 7779 
21209 16478 21970 7779 
21215 16482 21976 7779 
21222 16488 21987 7780 
21225 16494 21994 7786 
21230 16500 22001 7788 
21234 16506 22009 7789 
21243 16510 22015 7790 
21249 16521 22018 7794 
21253 16528 22024 7798 
21257 16530 22027 7799 
21259 16536 22034 7799 
21268 16539 22036 7801 
21270 16546 22040 7802 
21278 16549 22047 7807 
21284 16555 22051 7810 
21297 16562 22060 7813 
21298 16566 22065 7813 
21303 16569 22071 7814 
21307 16571 22078 7815 
21312 16572 22086 7816 
21319 16573 22093 7816 
21326 16576 22094 7819 
21331 16583 22096 7821 
21338 16588 22103 7824 
21346 16592 22111 7824 
21352 16599 22119 7825 
21357 16602 22125 7829 
21362 16607 22133 7833 
21371 16609 22145 7837 
21378 16613 22156 7841 
21384 16616 22166 7842 
21387 16622 22173 7844 
21389 16628 22179 7848 
21398 16629 22187 7854 
21405 16631 22195 7855 
21412 16636 22202 7857 
21413 16640 22210 7858 
21423 16647 22216 7863 
21431 16653 22221 7866 
21445 16653 22225 7869 
21451 16657 22230 7870 
21456 16662 22237 7870 
21464 16665 22244 7871 
21466 16670 22251 7872 
21471 16673 22259 7876 
21482 16677 22264 7878 
21485 16683 22274 7880 
21488 16684 22278 7880 
21496 16688 22284 7883 
21502 16697 22287 7886 
21504 16700 22291 7886 
21512 16705 22302 7889 
21519 16709 22309 7891 
21523 16711 22313 7895 
21528 16712 22319 7895 
21530 16716 22325 7895 
21537 16729 22327 7898 
21541 16732 22335 7899 
21546 16736 22340 7900 
21552 16744 22348 7904 
21560 16752 22355 7907 
21566 16754 22359 7910 
21570 16758 22366 7911 
21574 16761 22372 7917 
21582 16770 22379 7919 
21588 16774 22382 7920 
21593 16779 22387 7923 
21602 16780 22396 7925 
21608 16783 22404 7929 
21613 16786 22408 7930 
21619 16787 22412 7934 
21624 16789 22420 7934 
21635 16796 22426 7937 
21640 16805 22433 7939 
21651 16807 22437 7941 
21655 16810 22441 7945 
21665 16815 22451 7945 
21676 16819 22455 7947 
21682 16822 22461 7949 
21683 16829 22465 7952 
21693 16833 22474 7953 
21703 16839 22482 7955 
21710 16847 22486 7957 
21713 16849 22488 7960 
21720 16852 22494 7963 
21726 16856 22504 7966 
21733 16860 22510 7967 
21741 16863 22519 7968 
21747 16867 22524 7971 
21753 16872 22528 7974 
21759 16880 22532 7977 
21767 16892 22538 7979 
21775 16893 22543 7983 
21781 16894 22548 7984 
21784 16898 22556 7985 
21787 16900 22560 7987 
21798 16908 22568 7987 
21803 16913 22572 7988 
21806 16921 22579 7988 
21813 16923 22587 7989 
21817 16931 22591 7991 
21823 16937 22599 7991 
21829 16941 22609 7992 
21836 16944 22614 7994 
21842 16947 22615 7997 
21847 16953 22620 7997 
21858 16956 22622 8001 
21867 16958 22625 8002 
21874 16962 22629 8004 
21880 16968 22632 8007 
21888 16974 22643 8008 
21894 16976 22650 8008 
21902 16978 22658 8011 
21905 16980 22663 8012 
21910 16989 22670 8016 
21919 16998 22684 8019 
21929 17009 22693 8019 
21933 17014 22703 8021 
21936 17018 22717 8025 
21942 17023 22723 8027 
21950 17028 22731 8029 
21954 17033 22741 8031 
21962 17039 22750 8032 
21970 17045 22754 8034 
21979 17050 22761 8035 
21987 17059 22769 8038 
21988 17065 22775 8041 
21995 17069 22786 8045 
22005 17072 22797 8049 
22007 17075 22804 8049 
22011 17079 22812 8053 
22021 17087 22823 8056 
22026 17090 22833 8059 
22031 17092 22838 8061 
22037 17096 22846 8062 
22043 17098 22849 8066 
22046 17104 22854 8070 
22052 17110 22861 8071 
22060 17112 22871 8071 
22064 17118 22878 8073 
22074 17121 22886 8077 
22078 17123 22891 8078 
22089 17129 22897 8079 
22092 17139 22902 8083 
22098 17145 22909 8086 
22104 17149 22916 8090 
22108 17152 22926 8090 
22118 17159 22933 8090 
22127 17165 22937 8092 
22136 17171 22945 8093 
22150 17172 22952 8096 
22157 17180 22956 8099 
22159 17182 22962 8100 
22166 17182 22966 8100 
22174 17183 22971 8104 
22179 17185 22978 8105 
22185 17189 22982 8107 
22193 17195 22988 8110 
22198 17203 22991 8113 
22206 17212 22997 8117 
22213 17216 23001 8118 
22223 17219 23005 8121 
22228 17228 23013 8122 
22232 17230 23019 8123 
22240 17235 23025 8125 
22244 17240 23030 8128 
22247 17245 23036 8130 
