0 0 0 0 
9 5 1 2 
13 10 6 5 
14 10 14 8 
18 14 20 10 
21 19 26 12 
25 24 32 14 
32 30 35 15 
43 38 39 16 
49 41 45 18 
51 49 50 19 
55 51 56 21 
61 55 59 22 
67 57 61 23 
76 63 67 24 
87 67 71 25 
95 73 74 27 
101 79 78 27 
105 84 80 28 
110 87 85 28 
118 88 88 30 
127 92 97 30 
134 103 100 33 
139 106 107 35 
144 107 110 40 
157 112 112 42 
161 115 113 45 
176 118 119 48 
183 124 124 48 
189 128 125 49 
195 131 129 49 
202 133 140 51 
210 136 144 54 
214 137 146 55 
221 141 152 56 
229 147 158 57 
234 153 162 57 
239 158 166 57 
249 163 174 60 
254 167 176 63 
263 172 181 66 
267 174 191 66 
271 177 195 68 
275 179 201 68 
280 181 206 74 
288 184 209 76 
290 187 214 78 
298 194 222 79 
305 196 223 80 
309 202 226 82 
315 204 228 85 
320 211 234 87 
325 218 236 88 
328 226 246 91 
331 230 250 94 
336 233 255 96 
341 236 264 97 
344 238 268 102 
354 244 275 104 
362 247 279 105 
368 252 287 105 
373 259 292 105 
380 264 301 106 
388 270 304 107 
396 278 311 109 
400 286 315 111 
407 291 321 111 
414 297 329 113 
422 302 336 117 
429 306 345 118 
432 308 353 120 
436 314 354 120 
442 319 360 121 
448 322 367 123 
455 324 375 126 
459 328 377 126 
462 334 382 126 
466 339 388 126 
470 348 399 128 
475 351 405 130 
479 355 408 134 
484 359 412 139 
486 365 417 141 
491 366 420 143 
496 368 427 145 
504 372 428 148 
513 376 435 150 
518 380 440 151 
524 381 443 154 
530 383 449 155 
532 385 451 158 
537 393 455 159 
542 395 466 163 
548 397 470 167 
554 401 474 168 
566 404 482 172 
569 408 484 175 
576 410 493 177 
584 415 496 179 
591 421 500 180 
595 425 504 182 
598 428 509 184 
602 432 514 185 
607 433 521 187 
612 436 524 188 
620 438 532 188 
624 439 537 190 
627 442 541 193 
632 449 545 195 
638 450 552 200 
645 451 558 200 
650 454 565 201 
656 461 571 202 
662 465 575 205 
667 466 581 205 
671 467 591 207 
679 472 597 210 
682 477 601 211 
689 481 609 212 
696 481 612 213 
698 484 616 217 
703 487 621 220 
705 492 622 223 
710 494 626 223 
717 497 632 226 
727 500 638 227 
734 500 640 230 
740 504 645 231 
746 508 646 232 
749 512 651 233 
759 517 657 235 
768 518 659 236 
775 524 662 239 
778 528 670 243 
785 529 679 248 
788 533 682 250 
791 537 687 252 
796 540 689 254 
799 545 696 256 
803 549 703 258 
808 555 712 258 
818 556 720 261 
827 560 725 264 
831 564 727 265 
838 569 734 271 
843 570 742 272 
849 573 748 274 
855 575 751 276 
862 577 758 278 
866 582 760 279 
874 583 764 280 
879 584 768 280 
886 589 769 280 
889 594 776 282 
893 596 782 284 
897 602 788 286 
907 606 792 287 
912 610 796 287 
919 618 800 289 
926 624 805 292 
931 626 813 293 
936 630 822 295 
943 635 825 297 
949 640 828 298 
952 643 829 298 
961 644 834 299 
963 648 841 300 
968 654 843 304 
972 660 845 307 
978 665 855 314 
985 667 862 314 
988 669 868 315 
993 674 874 316 
997 676 881 317 
1004 681 885 321 
1006 681 891 323 
1009 685 893 323 
1016 688 907 325 
1024 693 912 331 
1030 696 916 334 
1033 700 923 336 
1034 704 928 338 
1046 709 935 339 
1052 713 942 340 
1059 716 944 340 
1064 717 952 341 
1073 720 958 343 
1077 723 965 344 
1082 728 968 345 
1088 730 972 349 
1091 732 977 351 
1098 733 981 352 
1106 733 986 354 
1114 738 990 355 
1123 740 997 355 
1126 743 1005 357 
1131 746 1010 358 
1136 747 1021 361 
1142 753 1028 364 
1145 757 1035 365 
1152 760 1036 367 
1159 763 1042 367 
1163 765 1047 368 
1167 768 1053 370 
1173 769 1057 371 
1180 774 1065 374 
1189 776 1072 375 
1196 782 1075 376 
1200 786 1078 380 
1203 789 1083 380 
1208 792 1087 381 
1211 796 1090 383 
1220 800 1094 385 
1225 806 1103 385 
1229 810 1110 386 
1236 818 1115 386 
1239 821 1120 390 
1244 827 1128 390 
1248 832 1130 392 
1255 837 1138 393 
1261 837 1138 395 
1269 841 1143 396 
1274 846 1147 399 
1280 848 1156 401 
1282 851 1162 401 
1286 855 1166 404 
1291 856 1169 409 
1298 861 1176 411 
1306 869 1183 411 
1310 873 1190 413 
1321 880 1201 415 
1323 881 1206 416 
1328 884 1214 416 
1332 884 1221 419 
1340 887 1225 423 
1341 890 1229 423 
1347 893 1230 425 
1356 894 1237 426 
1361 897 1240 429 
1368 900 1246 431 
1374 903 1254 433 
1380 909 1262 437 
1387 912 1264 439 
1390 915 1264 439 
1395 919 1267 440 
1401 920 1272 441 
1408 922 1278 443 
1412 927 1282 447 
1415 934 1284 449 
1421 938 1291 449 
1426 943 1298 451 
1431 948 1303 452 
1437 953 1305 457 
1447 956 1309 459 
1452 960 1314 461 
1457 962 1319 461 
1460 962 1324 466 
1465 967 1328 469 
1467 970 1331 469 
1471 977 1339 469 
1477 978 1342 469 
1482 983 1346 469 
1488 989 1349 472 
1494 994 1353 472 
1498 1000 1360 474 
1501 1006 1365 479 
1506 1011 1371 481 
1507 1012 1379 484 
1520 1014 1380 486 
1526 1018 1383 487 
1539 1019 1390 488 
1542 1025 1391 492 
1549 1026 1397 492 
1556 1031 1399 493 
1560 1032 1410 494 
1565 1040 1418 494 
1568 1049 1427 498 
1570 1051 1432 499 
1576 1055 1438 500 
1577 1057 1444 502 
1580 1061 1450 504 
1585 1066 1457 505 
1591 1067 1457 508 
1597 1070 1463 509 
1603 1075 1467 512 
1611 1078 1477 513 
1614 1081 1481 514 
1619 1087 1485 518 
1623 1090 1492 520 
1630 1094 1494 522 
1641 1097 1496 526 
1646 1100 1502 529 
1652 1102 1507 531 
1653 1105 1514 531 
1656 1110 1520 534 
1661 1111 1528 535 
1667 1116 1536 536 
1674 1120 1545 538 
1677 1123 1552 539 
1688 1126 1557 541 
1692 1129 1563 543 
1695 1133 1570 545 
1696 1136 1574 546 
1702 1137 1581 547 
1705 1138 1586 548 
1713 1140 1591 549 
1718 1140 1594 549 
1723 1141 1598 551 
1723 1144 1606 555 
1729 1146 1611 556 
1732 1149 1614 558 
1732 1153 1615 560 
1738 1159 1626 562 
1745 1163 1632 563 
1751 1166 1635 565 
1755 1169 1639 565 
1761 1172 1645 566 
1766 1176 1652 568 
1768 1178 1655 569 
1772 1187 1660 570 
1777 1190 1666 571 
1785 1193 1667 573 
1793 1197 1670 573 
1798 1199 1677 577 
1804 1203 1683 577 
1806 1207 1687 578 
1809 1209 1694 580 
1815 1216 1700 580 
1821 1217 1705 583 
1825 1218 1707 587 
1832 1222 1712 590 
1839 1225 1715 593 
1848 1230 1719 597 
1855 1235 1720 597 
1864 1240 1727 597 
1869 1243 1730 600 
1872 1247 1734 602 
1879 1253 1738 606 
1885 1258 1741 607 
1892 1262 1748 609 
1895 1266 1753 609 
1898 1270 1758 613 
1901 1273 1766 614 
1909 1273 1775 619 
1917 1278 1784 620 
1921 1281 1791 620 
1923 1286 1800 623 
1928 1291 1802 624 
1932 1298 1805 626 
1936 1300 1812 628 
1946 1303 1817 631 
1950 1307 1822 631 
1955 1309 1828 632 
1965 1311 1834 634 
1971 1314 1840 636 
1976 1316 1845 637 
1984 1317 1852 640 
1991 1320 1857 641 
1993 1323 1863 642 
2000 1326 1866 643 
2003 1327 1869 643 
2009 1330 1881 644 
2012 1332 1884 645 
2017 1337 1891 649 
2020 1341 1899 652 
2026 1343 1901 653 
2033 1348 1907 654 
2036 1350 1910 657 
2041 1353 1917 659 
2053 1357 1920 661 
2054 1363 1927 662 
2060 1365 1929 664 
2069 1368 1933 667 
2075 1373 1936 669 
2085 1378 1943 670 
2092 1384 1947 672 
2097 1386 1953 672 
2101 1389 1956 674 
2114 1395 1961 676 
2121 1396 1967 677 
2126 1399 1971 680 
2130 1401 1976 682 
2136 1404 1982 684 
2144 1407 1986 685 
2151 1412 1988 688 
2160 1414 1996 688 
2168 1414 2003 689 
2177 1415 2009 691 
2182 1422 2014 692 
2184 1426 2019 692 
2190 1428 2025 695 
2195 1430 2026 697 
2203 1433 2032 699 
2210 1437 2037 701 
2215 1443 2042 704 
2223 1447 2046 704 
2226 1449 2050 704 
2234 1455 2054 707 
2240 1456 2058 708 
2249 1462 2062 710 
2251 1466 2067 711 
2257 1470 2073 715 
2262 1472 2078 720 
2266 1477 2080 720 
2273 1484 2086 721 
2280 1487 2091 721 
2284 1490 2095 722 
2293 1495 2100 724 
2299 1496 2102 726 
2303 1502 2104 727 
2306 1503 2114 730 
2310 1507 2118 731 
2316 1510 2125 733 
2320 1516 2129 734 
2329 1522 2134 734 
2332 1527 2138 735 
2336 1530 2146 737 
2338 1533 2156 737 
2343 1533 2158 742 
2346 1537 2163 745 
2355 1543 2168 749 
2358 1547 2174 752 
2362 1552 2177 755 
2366 1556 2181 757 
2374 1561 2186 758 
2381 1566 2193 762 
2388 1567 2197 765 
2395 1570 2200 768 
2397 1575 2209 771 
2399 1577 2215 773 
2403 1583 2220 776 
2405 1587 2225 780 
2414 1593 2232 782 
2418 1600 2235 783 
2425 1607 2239 786 
2431 1615 2244 789 
2436 1616 2251 793 
2446 1618 2256 796 
2450 1624 2262 799 
2452 1628 2265 800 
2456 1630 2268 801 
2459 1637 2275 803 
2463 1639 2282 803 
2468 1640 2285 804 
2474 1648 2289 805 
2480 1650 2296 806 
2482 1656 2299 809 
2486 1659 2304 812 
2491 1665 2309 813 
2499 1665 2319 814 
2504 1669 2323 815 
2511 1675 2331 818 
2515 1680 2334 822 
2523 1685 2339 824 
2530 1686 2343 826 
2533 1689 2348 829 
2541 1694 2350 831 
2544 1694 2353 832 
2547 1698 2356 833 
2550 1704 2359 837 
2559 1709 2362 838 
2566 1714 2368 840 
2569 1721 2371 842 
2572 1726 2376 842 
2579 1727 2380 843 
2584 1735 2387 847 
2587 1737 2390 848 
2591 1740 2393 849 
2599 1740 2397 850 
2601 1745 2402 850 
2603 1749 2408 852 
2611 1750 2411 853 
2614 1754 2415 856 
2619 1757 2416 858 
2624 1760 2422 859 
2625 1768 2429 862 
2628 1772 2439 864 
2635 1775 2445 865 
2640 1783 2451 867 
2646 1788 2455 869 
2649 1792 2465 871 
2655 1800 2471 875 
2660 1806 2474 876 
2664 1812 2481 876 
2670 1817 2487 878 
2674 1823 2490 882 
2679 1828 2496 884 
2681 1833 2500 885 
2686 1835 2505 887 
2689 1837 2509 890 
2693 1844 2514 893 
2697 1849 2521 895 
2701 1853 2525 896 
2705 1861 2531 898 
2709 1861 2535 901 
2716 1866 2542 904 
2723 1874 2549 906 
2729 1875 2556 908 
2737 1880 2556 911 
2740 1883 2561 912 
2744 1887 2566 914 
2752 1889 2572 919 
2756 1892 2584 920 
2766 1896 2588 921 
2770 1902 2596 921 
2773 1904 2603 921 
2777 1909 2609 922 
2782 1913 2611 925 
2785 1917 2615 926 
2789 1918 2621 928 
2795 1922 2625 932 
2801 1925 2630 932 
2804 1928 2634 933 
2811 1933 2638 934 
2816 1936 2641 936 
2823 1937 2645 936 
2826 1941 2654 938 
2831 1944 2664 942 
2839 1945 2671 943 
2849 1950 2676 944 
2857 1954 2681 945 
2862 1955 2684 945 
2869 1961 2693 947 
2873 1965 2696 948 
2878 1967 2703 949 
2880 1973 2706 953 
2886 1975 2714 955 
2888 1977 2718 958 
2891 1980 2720 960 
2896 1986 2728 964 
2899 1986 2733 966 
2906 1989 2739 969 
2911 1994 2743 972 
2917 2001 2749 974 
2920 2004 2754 975 
2924 2005 2758 975 
2928 2007 2769 978 
2938 2010 2771 979 
2946 2014 2776 982 
2950 2020 2782 983 
2954 2023 2793 984 
2958 2025 2798 985 
2965 2026 2801 987 
2971 2033 2807 987 
2972 2036 2812 988 
2980 2043 2818 988 
2988 2047 2824 989 
2995 2055 2826 989 
3001 2058 2830 992 
3006 2060 2834 994 
3014 2065 2836 999 
3023 2069 2841 1001 
3030 2071 2844 1001 
3034 2073 2848 1002 
3035 2075 2853 1003 
3045 2080 2859 1005 
3054 2083 2864 1006 
3060 2089 2870 1008 
3063 2091 2875 1008 
3065 2095 2883 1011 
3068 2098 2886 1014 
3072 2104 2894 1017 
3077 2112 2903 1018 
3084 2114 2910 1019 
3089 2117 2914 1022 
3097 2120 2920 1025 
3105 2127 2926 1027 
3114 2130 2938 1030 
3118 2133 2943 1030 
3124 2139 2946 1034 
3129 2143 2954 1035 
3139 2147 2956 1037 
3143 2151 2965 1038 
3147 2156 2970 1040 
3149 2158 2976 1040 
3154 2165 2982 1043 
3160 2168 2984 1046 
3162 2171 2990 1048 
3167 2175 2995 1049 
3171 2180 2999 1052 
3173 2185 3005 1054 
3179 2188 3009 1058 
3184 2190 3011 1059 
3191 2194 3017 1061 
3195 2197 3023 1064 
3201 2201 3027 1067 
3210 2205 3030 1071 
3216 2205 3037 1074 
3222 2207 3040 1076 
3226 2208 3047 1080 
3230 2212 3055 1082 
3239 2214 3056 1082 
3245 2215 3062 1085 
3251 2218 3063 1086 
3254 2223 3069 1088 
3260 2224 3077 1092 
3265 2230 3082 1094 
3273 2231 3086 1095 
3278 2235 3091 1096 
3286 2238 3096 1096 
3292 2240 3101 1096 
3297 2245 3106 1100 
3302 2253 3113 1104 
3305 2253 3116 1104 
3311 2257 3124 1108 
3312 2262 3128 1110 
3320 2266 3136 1112 
3321 2270 3142 1114 
3326 2275 3143 1116 
3328 2277 3145 1117 
3333 2279 3149 1119 
3337 2287 3157 1122 
3342 2290 3160 1122 
3346 2293 3166 1125 
3357 2294 3174 1127 
3360 2298 3179 1128 
3366 2303 3184 1130 
3374 2309 3187 1132 
3378 2314 3196 1134 
3387 2319 3200 1136 
3394 2322 3207 1138 
3399 2326 3212 1140 
3404 2326 3219 1145 
3409 2327 3226 1145 
3417 2331 3232 1145 
3418 2335 3237 1146 
3420 2338 3244 1148 
3424 2343 3252 1148 
3428 2345 3254 1149 
3431 2348 3258 1152 
3434 2351 3264 1154 
3440 2354 3270 1157 
3447 2357 3288 1159 
3455 2361 3295 1160 
3463 2370 3301 1162 
3468 2375 3304 1163 
3474 2378 3305 1164 
3477 2382 3313 1167 
3483 2388 3317 1169 
3484 2391 3323 1171 
3489 2395 3331 1172 
3493 2398 3338 1172 
3495 2402 3341 1174 
3503 2407 3344 1175 
3506 2412 3350 1176 
3510 2420 3355 1178 
3515 2426 3358 1178 
3520 2429 3361 1180 
3527 2433 3367 1181 
3532 2438 3375 1186 
3539 2440 3380 1189 
3543 2444 3386 1190 
3549 2449 3389 1191 
3551 2450 3392 1196 
3555 2452 3398 1199 
3566 2455 3404 1201 
3576 2458 3406 1201 
3583 2460 3409 1204 
3588 2466 3412 1206 
3595 2468 3418 1209 
3598 2472 3425 1210 
3601 2475 3435 1211 
3605 2482 3439 1213 
3609 2487 3441 1218 
3613 2490 3446 1221 
3620 2494 3452 1223 
3626 2497 3459 1224 
3631 2501 3468 1225 
3633 2503 3477 1226 
3641 2505 3484 1227 
3649 2507 3488 1229 
3663 2510 3493 1231 
3667 2512 3496 1232 
3670 2513 3502 1235 
3676 2519 3503 1235 
3679 2524 3508 1237 
3685 2527 3514 1237 
3689 2532 3517 1242 
3693 2539 3524 1242 
3696 2541 3527 1245 
3698 2547 3530 1247 
3707 2549 3536 1248 
3710 2552 3541 1249 
3717 2553 3547 1251 
3724 2554 3551 1253 
3731 2557 3554 1253 
3737 2561 3565 1256 
3744 2563 3571 1260 
3752 2566 3573 1263 
3757 2567 3581 1266 
3763 2571 3585 1266 
3770 2574 3587 1272 
3776 2577 3591 1273 
3779 2581 3592 1278 
3783 2586 3599 1279 
3791 2588 3604 1281 
3794 2596 3610 1285 
3803 2602 3613 1290 
3808 2607 3617 1290 
3815 2611 3623 1290 
3820 2614 3627 1295 
3826 2620 3635 1295 
3833 2624 3638 1296 
3837 2629 3646 1297 
3844 2637 3652 1299 
3848 2641 3657 1300 
3853 2644 3664 1304 
3855 2650 3670 1308 
3861 2655 3679 1308 
3866 2660 3681 1310 
3867 2665 3686 1310 
3874 2669 3693 1313 
3879 2674 3699 1313 
3886 2678 3704 1316 
3891 2681 3709 1319 
3900 2684 3715 1321 
3907 2686 3720 1323 
3911 2691 3725 1324 
3918 2698 3729 1326 
3924 2701 3734 1327 
3931 2705 3747 1328 
3937 2709 3748 1330 
3940 2712 3754 1330 
3947 2715 3759 1333 
3954 2718 3762 1336 
3959 2724 3769 1339 
3966 2730 3774 1340 
3973 2734 3776 1342 
3975 2736 3783 1344 
3983 2741 3789 1345 
3992 2744 3796 1347 
3996 2750 3800 1348 
4001 2753 3807 1348 
4005 2759 3812 1348 
4009 2761 3820 1351 
4013 2764 3822 1354 
4017 2769 3826 1361 
4025 2778 3832 1363 
4032 2782 3835 1363 
4034 2790 3838 1365 
4037 2794 3843 1368 
4044 2796 3852 1368 
4049 2799 3856 1369 
4059 2802 3867 1374 
4061 2806 3872 1374 
4065 2811 3876 1375 
4072 2815 3878 1377 
4075 2822 3881 1378 
4079 2828 3889 1379 
4087 2831 3892 1381 
4094 2835 3896 1381 
4097 2839 3898 1384 
4101 2842 3904 1386 
4105 2843 3909 1387 
4112 2849 3917 1389 
4117 2853 3922 1389 
4122 2861 3929 1391 
4129 2862 3938 1392 
4136 2867 3943 1396 
4140 2870 3948 1399 
4146 2873 3954 1401 
4151 2874 3961 1402 
4157 2879 3971 1405 
4164 2884 3979 1406 
4171 2885 3982 1406 
4178 2893 3985 1408 
4185 2895 3989 1408 
4188 2896 3994 1411 
4192 2899 3996 1412 
4198 2904 4003 1414 
4205 2910 4006 1414 
4208 2914 4009 1414 
4214 2918 4013 1416 
4218 2923 4022 1417 
4225 2928 4025 1421 
4228 2932 4027 1425 
4229 2935 4031 1430 
4233 2939 4033 1431 
4239 2945 4038 1432 
4246 2948 4044 1433 
4250 2953 4049 1436 
4254 2957 4059 1441 
4264 2962 4069 1441 
4271 2964 4079 1441 
4275 2969 4090 1443 
4282 2977 4101 1447 
4288 2982 4103 1447 
4296 2986 4107 1449 
4304 2988 4111 1450 
4311 2991 4118 1451 
4321 2997 4121 1456 
4324 3001 4125 1458 
4325 3004 4127 1459 
4332 3009 4132 1463 
4335 3011 4139 1469 
4338 3015 4150 1471 
4341 3022 4153 1473 
4353 3029 4159 1474 
4359 3030 4163 1474 
4365 3035 4169 1474 
4373 3040 4174 1478 
4382 3046 4178 1478 
4388 3049 4180 1480 
4391 3054 4184 1480 
4396 3057 4187 1483 
4398 3065 4190 1483 
4405 3066 4191 1486 
4409 3069 4200 1488 
4412 3070 4203 1490 
4419 3073 4208 1491 
4421 3077 4210 1492 
4429 3078 4217 1492 
4435 3082 4224 1493 
4442 3083 4229 1495 
4446 3086 4233 1497 
4455 3091 4235 1501 
4463 3095 4241 1503 
4469 3100 4246 1507 
4472 3105 4255 1508 
4475 3110 4263 1508 
4480 3114 4268 1513 
4482 3121 4276 1514 
4484 3123 4283 1516 
4491 3124 4286 1519 
4497 3124 4296 1523 
4503 3129 4301 1526 
4512 3130 4307 1527 
4516 3132 4313 1531 
4524 3137 4320 1531 
4530 3144 4326 1536 
4534 3146 4333 1539 
4537 3146 4338 1540 
4546 3149 4347 1542 
4552 3151 4351 1544 
4559 3155 4356 1545 
4562 3161 4358 1545 
4565 3168 4369 1545 
4571 3173 4375 1548 
4579 3178 4381 1552 
4585 3181 4385 1554 
4596 3184 4392 1555 
4604 3184 4395 1557 
4607 3188 4398 1559 
4611 3189 4398 1563 
4623 3198 4409 1564 
4631 3201 4414 1567 
4639 3205 4422 1573 
4649 3206 4425 1574 
4653 3210 4428 1575 
4656 3214 4433 1577 
4658 3215 4439 1578 
4664 3220 4444 1580 
4671 3228 4447 1582 
4681 3237 4451 1587 
4687 3239 4456 1590 
4698 3241 4460 1592 
4704 3247 4462 1594 
4707 3249 4471 1595 
4712 3254 4475 1598 
4720 3258 4479 1599 
4729 3258 4482 1602 
4730 3260 4487 1603 
4741 3264 4498 1603 
4747 3267 4509 1608 
4755 3271 4513 1611 
4756 3277 4518 1612 
4763 3282 4527 1614 
4771 3284 4534 1614 
4773 3290 4542 1614 
4782 3297 4547 1616 
4789 3301 4551 1618 
4799 3306 4556 1621 
4804 3309 4564 1622 
4809 3313 4566 1623 
4814 3315 4568 1625 
4820 3318 4572 1626 
4824 3323 4583 1627 
4830 3326 4587 1627 
4838 3330 4594 1629 
4848 3331 4598 1632 
4857 3333 4599 1635 
4865 3336 4604 1635 
4868 3340 4606 1637 
4874 3342 4608 1639 
4879 3345 4612 1641 
4883 3349 4616 1642 
4890 3350 4620 1643 
4893 3355 4623 1643 
4901 3358 4634 1643 
4908 3361 4637 1645 
4920 3366 4644 1649 
4923 3372 4648 1653 
4925 3380 4649 1654 
4928 3383 4654 1655 
4933 3387 4657 1656 
4936 3392 4661 1659 
4938 3397 4667 1662 
4947 3400 4671 1662 
4952 3402 4675 1663 
4959 3406 4678 1665 
4960 3412 4680 1667 
4968 3416 4682 1671 
4971 3420 4686 1671 
4975 3423 4693 1672 
4982 3423 4699 1674 
4989 3428 4703 1675 
4993 3432 4710 1677 
4995 3434 4715 1677 
5000 3439 4720 1680 
5003 3440 4726 1683 
5012 3441 4732 1684 
5017 3446 4741 1684 
5024 3450 4744 1687 
5034 3451 4748 1688 
5038 3452 4757 1689 
5043 3454 4760 1690 
5047 3460 4768 1693 
5050 3463 4775 1693 
5053 3465 4785 1695 
5055 3469 4789 1699 
5062 3473 4795 1699 
5067 3475 4800 1699 
5073 3481 4804 1701 
5077 3488 4809 1701 
5091 3498 4816 1704 
5092 3502 4820 1704 
5093 3505 4823 1705 
5095 3507 4830 1706 
5099 3513 4837 1708 
5101 3518 4840 1709 
5108 3521 4846 1712 
5115 3524 4850 1714 
5120 3529 4856 1716 
5122 3530 4867 1718 
5129 3538 4871 1721 
5136 3541 4877 1724 
5142 3545 4879 1724 
5150 3548 4888 1726 
5158 3551 4896 1730 
5166 3553 4904 1732 
5172 3557 4907 1734 
5178 3566 4913 1736 
5186 3571 4916 1736 
5194 3576 4920 1737 
5199 3582 4924 1737 
5206 3588 4928 1739 
5207 3591 4936 1742 
5208 3592 4940 1743 
5211 3599 4945 1745 
5218 3602 4947 1746 
5221 3605 4950 1747 
5226 3609 4956 1748 
5232 3613 4958 1750 
5236 3618 4959 1752 
5238 3622 4965 1754 
5242 3628 4967 1757 
5246 3631 4972 1762 
5249 3634 4981 1763 
5250 3638 4988 1764 
5256 3644 4997 1765 
5260 3652 5006 1765 
5264 3657 5012 1767 
5269 3659 5020 1770 
5278 3663 5028 1772 
5283 3668 5034 1777 
5288 3674 5038 1778 
5292 3678 5041 1780 
5298 3681 5042 1782 
5301 3686 5047 1784 
5310 3693 5050 1787 
5312 3693 5061 1790 
5317 3698 5067 1792 
5324 3700 5068 1794 
5326 3705 5071 1797 
5332 3709 5076 1798 
5342 3715 5085 1798 
5348 3719 5090 1799 
5357 3721 5093 1801 
5361 3723 5100 1802 
5368 3729 5107 1803 
5372 3733 5111 1806 
5384 3735 5117 1808 
5389 3737 5121 1809 
5396 3743 5128 1811 
5401 3750 5135 1812 
5404 3754 5138 1814 
5410 3757 5143 1814 
5412 3761 5147 1817 
5417 3766 5150 1818 
5420 3770 5156 1820 
5426 3774 5161 1820 
5429 3776 5167 1821 
5433 3780 5174 1823 
5438 3788 5178 1824 
5443 3790 5183 1825 
5447 3794 5185 1829 
5454 3798 5187 1829 
5464 3802 5190 1829 
5466 3804 5194 1830 
5475 3809 5199 1833 
5478 3816 5201 1836 
5482 3819 5209 1839 
5488 3822 5216 1841 
5496 3826 5221 1845 
5500 3830 5228 1847 
5508 3834 5235 1848 
5510 3835 5241 1849 
5518 3838 5244 1854 
5524 3842 5249 1857 
5530 3846 5251 1857 
5533 3853 5256 1858 
5537 3855 5264 1859 
5541 3860 5270 1859 
5546 3864 5275 1862 
5551 3867 5278 1863 
5557 3870 5284 1863 
5561 3874 5292 1864 
5564 3880 5296 1865 
5570 3885 5300 1866 
5575 3895 5302 1871 
5581 3899 5304 1872 
5590 3904 5308 1873 
5599 3907 5310 1873 
5602 3912 5314 1873 
5604 3914 5316 1875 
5607 3918 5320 1878 
5612 3920 5323 1879 
5614 3925 5327 1881 
5620 3929 5330 1883 
5625 3932 5337 1887 
5627 3936 5344 1890 
5631 3941 5348 1890 
5640 3944 5350 1890 
5644 3948 5354 1891 
5648 3953 5355 1891 
5651 3956 5357 1892 
5659 3958 5366 1892 
5663 3962 5371 1895 
5669 3967 5377 1896 
5673 3972 5379 1898 
5680 3978 5383 1902 
5683 3984 5389 1905 
5688 3988 5395 1907 
5692 3990 5399 1908 
5698 3993 5405 1909 
5708 4001 5409 1909 
5716 4005 5413 1911 
5721 4007 5420 1911 
5725 4012 5424 1911 
5726 4020 5428 1914 
5727 4025 5439 1917 
5733 4031 5444 1919 
5743 4035 5453 1922 
5746 4039 5458 1924 
5748 4046 5462 1927 
5758 4047 5467 1930 
5764 4050 5472 1931 
5767 4056 5477 1935 
5778 4061 5483 1939 
5784 4065 5488 1940 
5790 4074 5488 1944 
5797 4080 5495 1945 
5803 4083 5499 1947 
5812 4087 5505 1948 
5820 4091 5513 1950 
5826 4095 5518 1952 
5834 4097 5523 1954 
5838 4099 5531 1956 
5844 4104 5537 1960 
5849 4113 5544 1964 
5852 4118 5549 1965 
5857 4122 5555 1968 
5861 4130 5558 1973 
5866 4137 5562 1975 
5867 4142 5566 1975 
5874 4148 5572 1977 
5882 4153 5586 1979 
5885 4156 5589 1980 
5891 4162 5593 1980 
5892 4168 5596 1984 
5898 4171 5600 1988 
5904 4173 5605 1989 
5908 4176 5609 1991 
5914 4181 5617 1994 
5920 4187 5621 1997 
5922 4189 5626 1998 
5925 4193 5633 2000 
5936 4197 5641 2003 
5945 4201 5649 2007 
5949 4205 5654 2010 
5956 4211 5659 2012 
5961 4215 5661 2012 
5964 4216 5669 2013 
5972 4218 5674 2014 
5976 4221 5679 2014 
5983 4229 5682 2016 
5984 4234 5687 2019 
5988 4237 5694 2022 
5994 4239 5698 2023 
5999 4244 5703 2023 
6000 4248 5708 2024 
6005 4257 5714 2030 
6008 4260 5717 2031 
6012 4262 5723 2034 
6019 4266 5731 2034 
6019 4272 5737 2035 
6023 4275 5737 2038 
6026 4279 5746 2039 
6030 4282 5746 2043 
6032 4284 5757 2046 
6038 4284 5761 2048 
6044 4288 5769 2049 
6046 4293 5776 2051 
6052 4296 5783 2052 
6056 4298 5789 2057 
6059 4300 5792 2064 
6062 4303 5796 2066 
6069 4307 5802 2068 
6072 4310 5808 2071 
6078 4316 5813 2075 
6084 4318 5814 2075 
6089 4323 5820 2075 
6102 4326 5824 2076 
6108 4330 5833 2080 
6110 4333 5837 2081 
6117 4335 5838 2082 
6126 4342 5840 2084 
6131 4342 5848 2087 
6134 4349 5856 2088 
6137 4356 5866 2089 
6140 4357 5871 2089 
6145 4359 5878 2089 
6151 4364 5883 2091 
6157 4366 5890 2091 
6162 4370 5894 2092 
6164 4374 5901 2095 
6169 4378 5906 2095 
6181 4382 5911 2095 
6188 4385 5917 2097 
6198 4392 5929 2101 
6206 4395 5934 2104 
6213 4401 5937 2105 
6215 4405 5940 2107 
6220 4407 5946 2108 
6224 4414 5950 2109 
6230 4416 5956 2110 
6238 4419 5959 2114 
6245 4425 5963 2115 
6248 4429 5968 2116 
6254 4430 5976 2121 
6265 4436 5978 2122 
6270 4441 5981 2124 
6272 4445 5986 2128 
6280 4448 5994 2132 
6285 4451 6000 2134 
6290 4455 6009 2136 
6299 4461 6013 2136 
6308 4464 6018 2140 
6311 4473 6022 2140 
6320 4478 6024 2140 
6327 4485 6027 2142 
6333 4487 6032 2146 
6335 4490 6040 2148 
6343 4495 6045 2152 
6350 4497 6048 2152 
6355 4504 6057 2152 
6359 4505 6066 2152 
6364 4506 6070 2154 
6369 4511 6077 2155 
6374 4512 6083 2156 
6381 4517 6088 2157 
6390 4519 6089 2161 
6397 4521 6095 2162 
6402 4527 6100 2169 
6410 4530 6103 2170 
6413 4534 6104 2170 
6418 4537 6105 2171 
6426 4539 6112 2173 
6433 4544 6116 2174 
6438 4551 6119 2175 
6441 4553 6125 2176 
6446 4559 6128 2176 
6451 4561 6135 2179 
6461 4564 6138 2182 
6465 4570 6145 2185 
6466 4572 6151 2186 
6469 4577 6160 2189 
6477 4585 6164 2190 
6485 4587 6168 2193 
6491 4591 6174 2194 
6495 4595 6181 2194 
6498 4602 6187 2196 
6502 4606 6191 2198 
6511 4613 6194 2201 
6514 4618 6202 2203 
6517 4622 6203 2206 
6522 4627 6206 2209 
6529 4630 6210 2211 
6531 4633 6216 2214 
6536 4635 6225 2216 
6544 4641 6229 2217 
6551 4646 6236 2219 
6556 4653 6243 2220 
6559 4657 6248 2221 
6563 4661 6252 2222 
6569 4664 6258 2224 
6574 4669 6264 2227 
6578 4675 6265 2229 
6585 4682 6270 2230 
6588 4687 6275 2232 
6593 4692 6277 2236 
6597 4695 6282 2236 
6604 4699 6288 2239 
6606 4705 6293 2239 
6609 4710 6301 2240 
6614 4713 6308 2242 
6619 4717 6312 2245 
6625 4719 6313 2247 
6630 4724 6319 2247 
6633 4727 6325 2251 
6642 4728 6327 2253 
6645 4732 6334 2258 
6649 4735 6338 2259 
6658 4737 6351 2260 
6663 4738 6354 2260 
6671 4742 6363 2262 
6675 4745 6366 2263 
6682 4754 6371 2265 
6687 4759 6381 2270 
6690 4762 6388 2272 
6694 4763 6390 2273 
6700 4771 6397 2273 
6705 4776 6407 2279 
6709 4781 6411 2281 
6717 4784 6419 2282 
6722 4787 6427 2282 
6731 4791 6435 2284 
6735 4795 6438 2287 
6735 4795 6442 2290 
6739 4796 6446 2291 
6745 4800 6450 2293 
6752 4801 6454 2295 
6757 4803 6463 2296 
6763 4808 6468 2297 
6773 4811 6474 2299 
6778 4815 6480 2301 
6781 4816 6484 2303 
6787 4823 6487 2305 
6791 4825 6494 2309 
6797 4829 6501 2311 
6799 4831 6505 2314 
6801 4833 6508 2320 
6807 4837 6512 2323 
6809 4841 6520 2327 
6813 4843 6524 2329 
6816 4847 6531 2336 
6822 4852 6533 2337 
6824 4857 6538 2338 
6830 4864 6545 2339 
6836 4868 6548 2339 
6843 4871 6557 2340 
6847 4875 6562 2342 
6853 4878 6567 2343 
6859 4880 6576 2344 
6865 4882 6585 2345 
6868 4885 6588 2345 
6873 4891 6598 2345 
6879 4895 6604 2345 
6883 4898 6606 2348 
6886 4902 6615 2349 
6888 4909 6621 2351 
6893 4913 6625 2356 
6900 4916 6638 2358 
6905 4921 6641 2358 
6913 4923 6645 2361 
6919 4926 6650 2362 
6923 4930 6656 2365 
6928 4938 6663 2367 
6936 4939 6668 2369 
6939 4939 6671 2369 
6942 4944 6673 2370 
6947 4948 6677 2373 
6952 4959 6684 2377 
6958 4963 6691 2382 
6961 4968 6692 2383 
6969 4972 6695 2389 
6970 4975 6702 2391 
6973 4979 6705 2392 
6981 4982 6708 2396 
6983 4985 6712 2399 
6989 4990 6719 2399 
6998 4992 6726 2402 
7002 4995 6730 2403 
7009 4997 6735 2404 
7015 5001 6739 2405 
7017 5009 6750 2405 
7022 5015 6759 2407 
7029 5020 6761 2410 
7032 5024 6764 2413 
7041 5025 6764 2415 
7046 5027 6767 2417 
7052 5030 6774 2418 
7056 5037 6779 2421 
7060 5040 6791 2426 
7070 5044 6799 2428 
7076 5047 6806 2431 
7082 5051 6814 2432 
7088 5053 6818 2433 
7090 5056 6826 2436 
7094 5059 6830 2437 
7096 5064 6836 2438 
7100 5068 6839 2440 
7107 5071 6843 2442 
7108 5077 6845 2443 
7116 5080 6851 2445 
7120 5088 6856 2446 
7125 5092 6862 2449 
7128 5096 6865 2453 
7133 5106 6869 2456 
7139 5113 6877 2457 
7143 5117 6884 2459 
7145 5122 6893 2460 
7154 5126 6899 2463 
7158 5127 6904 2464 
7160 5134 6911 2467 
7165 5140 6917 2469 
7168 5145 6919 2472 
7178 5150 6923 2477 
7182 5157 6929 2479 
7188 5161 6933 2483 
7194 5163 6940 2486 
7199 5167 6947 2488 
7203 5170 6955 2490 
7207 5177 6963 2492 
7209 5180 6964 2494 
7215 5191 6967 2496 
7221 5194 6971 2497 
7233 5198 6975 2497 
7240 5202 6981 2499 
7247 5203 6990 2500 
7249 5205 6995 2503 
7253 5209 6998 2506 
7259 5213 7015 2506 
7263 5218 7018 2507 
7266 5221 7028 2507 
7273 5222 7031 2508 
7279 5229 7038 2511 
7282 5230 7039 2513 
7291 5233 7044 2516 
7297 5238 7047 2520 
7304 5240 7052 2524 
7309 5243 7058 2527 
7316 5244 7067 2531 
7322 5247 7072 2531 
7326 5250 7078 2536 
7333 5255 7083 2538 
7338 5261 7094 2539 
7342 5262 7101 2542 
7350 5266 7106 2543 
7354 5268 7114 2544 
7359 5274 7119 2546 
7369 5279 7123 2549 
7376 5281 7127 2550 
7384 5282 7137 2551 
7393 5285 7140 2553 
7398 5289 7148 2554 
7404 5299 7151 2556 
7409 5301 7159 2558 
7419 5304 7163 2559 
7424 5307 7171 2561 
7430 5314 7175 2562 
7439 5316 7179 2565 
7447 5318 7183 2567 
7451 5325 7186 2571 
7454 5331 7189 2574 
7455 5335 7193 2575 
7458 5339 7194 2577 
7462 5344 7198 2578 
7464 5351 7204 2581 
7467 5358 7207 2582 
7472 5360 7210 2585 
7477 5364 7215 2587 
7486 5368 7221 2590 
7489 5371 7226 2590 
7495 5381 7229 2591 
7502 5384 7233 2592 
7505 5387 7243 2592 
7509 5392 7249 2595 
7514 5395 7259 2597 
7521 5398 7269 2600 
7524 5402 7271 2602 
7536 5403 7278 2603 
7539 5406 7289 2606 
7549 5411 7291 2606 
7551 5414 7298 2610 
7560 5419 7301 2612 
7564 5424 7305 2615 
7568 5429 7308 2618 
7575 5435 7312 2621 
7577 5436 7318 2622 
7582 5442 7324 2622 
7589 5447 7330 2622 
7593 5453 7337 2624 
7598 5457 7342 2625 
7606 5460 7351 2628 
7610 5467 7355 2629 
7616 5472 7361 2631 
7620 5474 7367 2636 
7628 5477 7370 2641 
7633 5486 7376 2645 
7634 5487 7380 2647 
7640 5496 7386 2648 
7645 5501 7392 2651 
7650 5504 7394 2653 
7653 5507 7403 2655 
7659 5514 7413 2656 
7667 5518 7421 2656 
7675 5521 7427 2658 
7680 5524 7430 2658 
7688 5527 7437 2660 
7698 5528 7442 2661 
7704 5533 7445 2661 
7713 5533 7450 2661 
7715 5540 7458 2663 
7720 5543 7462 2664 
7725 5548 7469 2666 
7733 5553 7481 2667 
7737 5558 7488 2669 
7741 5563 7496 2671 
7747 5566 7499 2672 
7749 5571 7506 2674 
7751 5574 7509 2675 
7759 5579 7517 2677 
7767 5585 7523 2679 
7770 5589 7527 2680 
7778 5592 7531 2682 
7789 5597 7536 2684 
7791 5600 7543 2686 
7796 5603 7549 2687 
7797 5607 7557 2688 
7804 5611 7561 2689 
7809 5615 7566 2690 
7817 5619 7574 2691 
7822 5622 7586 2692 
7828 5627 7592 2694 
7835 5632 7602 2695 
7841 5638 7608 2697 
7849 5642 7611 2702 
7857 5644 7613 2704 
7862 5651 7619 2705 
7868 5658 7625 2707 
7873 5660 7630 2707 
7879 5662 7630 2709 
7880 5665 7634 2710 
7886 5671 7636 2712 
7895 5678 7642 2712 
7904 5685 7650 2712 
7909 5693 7655 2714 
7913 5698 7659 2715 
7918 5700 7663 2716 
7927 5704 7666 2720 
7933 5709 7676 2721 
7937 5711 7684 2723 
7941 5717 7692 2728 
7948 5720 7694 2728 
7948 5728 7705 2730 
7951 5730 7714 2730 
7955 5737 7721 2733 
7962 5744 7730 2733 
7966 5750 7737 2737 
7972 5757 7741 2743 
7973 5760 7746 2746 
7982 5768 7753 2746 
7989 5769 7759 2746 
7993 5774 7764 2750 
7999 5779 7768 2752 
8002 5785 7773 2754 
8005 5789 7780 2755 
8011 5790 7785 2757 
8014 5793 7788 2758 
8020 5798 7791 2758 
8021 5805 7802 2761 
8024 5811 7806 2763 
8028 5813 7812 2765 
8035 5820 7818 2766 
8042 5822 7821 2768 
8048 5825 7832 2772 
8057 5829 7835 2772 
8061 5834 7842 2773 
8065 5837 7843 2777 
8069 5843 7846 2782 
8073 5844 7851 2782 
8076 5848 7855 2783 
8080 5850 7861 2786 
8084 5858 7866 2786 
8086 5861 7873 2787 
8091 5867 7881 2789 
8094 5871 7884 2792 
8100 5874 7891 2793 
8109 5881 7899 2794 
8115 5884 7911 2798 
8120 5889 7917 2801 
8126 5895 7923 2801 
8134 5900 7930 2804 
8142 5903 7934 2806 
8149 5903 7936 2811 
8156 5909 7938 2817 
8162 5913 7942 2820 
8167 5916 7951 2821 
8172 5918 7958 2822 
8176 5922 7964 2824 
8179 5925 7967 2825 
8186 5929 7976 2830 
8187 5933 7985 2832 
8192 5939 7989 2832 
8200 5942 7995 2834 
8212 5947 7999 2836 
8220 5952 8007 2838 
8227 5959 8013 2841 
8233 5960 8017 2845 
8241 5969 8023 2848 
8252 5972 8030 2851 
8254 5979 8034 2851 
8258 5982 8040 2854 
8260 5988 8040 2855 
8267 5990 8045 2860 
8272 5993 8049 2861 
8277 5994 8057 2863 
8280 5998 8058 2866 
8286 6003 8060 2869 
8288 6009 8062 2870 
8293 6011 8068 2873 
8294 6015 8075 2874 
8298 6025 8079 2877 
8305 6029 8085 2879 
8310 6033 8088 2881 
8315 6037 8092 2885 
8315 6049 8098 2887 
8321 6051 8102 2888 
8332 6052 8107 2890 
8342 6060 8114 2891 
8346 6063 8116 2894 
8351 6066 8121 2895 
8358 6069 8126 2896 
8363 6072 8133 2898 
8367 6077 8138 2899 
8371 6081 8143 2899 
8378 6085 8150 2900 
8383 6090 8154 2902 
8387 6094 8160 2905 
8395 6097 8167 2906 
8397 6102 8176 2908 
8403 6108 8181 2910 
8409 6111 8190 2911 
8415 6114 8193 2913 
8417 6120 8197 2916 
8420 6125 8200 2920 
8421 6126 8207 2922 
8428 6132 8210 2924 
8438 6135 8213 2925 
8444 6141 8220 2926 
8444 6145 8225 2927 
8452 6149 8231 2928 
8456 6154 8242 2928 
8466 6162 8249 2929 
8473 6163 8255 2933 
8481 6168 8258 2934 
8485 6171 8264 2934 
8492 6180 8268 2936 
8499 6182 8275 2937 
8504 6182 8282 2939 
8510 6191 8286 2939 
8522 6192 8292 2943 
8525 6196 8296 2944 
8530 6202 8302 2949 
8535 6205 8307 2951 
8538 6210 8315 2953 
8541 6217 8319 2957 
8543 6222 8332 2959 
8547 6226 8338 2960 
8555 6228 8343 2964 
8558 6232 8349 2970 
8563 6236 8358 2972 
8567 6241 8362 2976 
8573 6245 8374 2979 
8578 6248 8381 2984 
8587 6253 8385 2985 
8595 6258 8392 2987 
8605 6261 8401 2991 
8610 6266 8404 2993 
8614 6267 8417 2993 
8617 6269 8420 2994 
8624 6274 8424 2995 
8631 6277 8430 2997 
8638 6281 8437 2998 
8645 6285 8444 2998 
8650 6288 8449 2999 
8655 6290 8461 3003 
8662 6293 8469 3004 
8666 6299 8473 3005 
8672 6305 8478 3006 
8678 6311 8481 3010 
8681 6317 8494 3011 
8688 6323 8498 3015 
8693 6325 8501 3015 
8701 6327 8509 3017 
8705 6333 8515 3018 
8711 6337 8521 3020 
8717 6341 8527 3020 
8726 6346 8534 3021 
8737 6348 8538 3021 
8742 6349 8542 3022 
8748 6355 8548 3024 
8751 6356 8554 3027 
8758 6358 8560 3030 
8766 6365 8567 3032 
8772 6367 8573 3034 
8773 6374 8580 3035 
8777 6378 8585 3036 
8781 6382 8594 3038 
8786 6386 8599 3041 
8793 6392 8602 3043 
8798 6394 8606 3045 
8801 6397 8608 3046 
8804 6402 8616 3048 
8814 6409 8619 3049 
8821 6414 8627 3049 
8824 6416 8638 3050 
8827 6419 8644 3052 
8830 6421 8649 3055 
8834 6426 8653 3056 
8839 6433 8660 3061 
8843 6436 8664 3064 
8850 6443 8667 3064 
8854 6444 8670 3065 
8864 6445 8679 3066 
8871 6451 8683 3067 
8874 6455 8687 3073 
8879 6463 8695 3075 
8884 6468 8699 3075 
8889 6476 8702 3077 
8894 6484 8711 3078 
8901 6488 8718 3080 
8908 6491 8731 3080 
8914 6494 8744 3080 
8923 6498 8747 3080 
8926 6502 8755 3082 
8934 6507 8766 3084 
8938 6513 8773 3085 
8941 6517 8779 3086 
8946 6522 8783 3089 
8952 6526 8789 3092 
8955 6531 8799 3092 
8960 6538 8804 3093 
8965 6539 8807 3095 
8971 6543 8813 3096 
8977 6549 8816 3098 
8984 6554 8823 3101 
8990 6566 8827 3103 
8995 6572 8832 3105 
9002 6576 8839 3108 
9007 6580 8848 3109 
9013 6585 8853 3111 
9017 6589 8855 3114 
9023 6591 8861 3116 
9031 6595 8866 3117 
9043 6599 8871 3118 
9046 6601 8879 3120 
9049 6603 8880 3123 
9057 6606 8888 3126 
9063 6610 8897 3126 
9067 6615 8903 3127 
9070 6618 8907 3129 
9081 6620 8912 3131 
9084 6623 8917 3134 
9089 6629 8920 3137 
9095 6632 8928 3139 
9102 6635 8934 3141 
9110 6641 8941 3142 
9113 6646 8947 3144 
9114 6651 8954 3147 
9116 6657 8961 3148 
9120 6661 8969 3149 
9125 6664 8971 3154 
9133 6667 8977 3156 
9140 6670 8983 3158 
9142 6671 8988 3161 
9148 6675 8993 3162 
9153 6679 9000 3166 
9158 6686 9005 3167 
9161 6691 9010 3170 
9167 6693 9015 3170 
9170 6696 9022 3172 
9176 6699 9027 3173 
9177 6701 9037 3174 
9181 6706 9045 3177 
9186 6709 9054 3178 
9192 6711 9057 3180 
9196 6713 9066 3180 
9201 6715 9068 3182 
9206 6717 9075 3183 
9213 6722 9085 3184 
9220 6729 9093 3187 
9226 6732 9096 3191 
9228 6735 9099 3192 
9234 6741 9104 3192 
9238 6745 9109 3194 
9244 6748 9113 3199 
9254 6754 9118 3202 
9256 6756 9122 3204 
9263 6760 9127 3204 
9267 6769 9129 3206 
9276 6773 9137 3210 
9284 6775 9143 3213 
9285 6781 9148 3213 
9290 6784 9151 3214 
9293 6787 9159 3214 
9296 6790 9165 3215 
9301 6800 9165 3217 
9308 6805 9173 3219 
9312 6807 9176 3222 
9319 6808 9181 3223 
9322 6812 9184 3226 
9322 6815 9186 3230 
9323 6821 9190 3232 
9326 6825 9200 3235 
9329 6827 9205 3237 
9335 6831 9209 3238 
9339 6835 9213 3240 
9343 6842 9221 3241 
9351 6851 9226 3241 
9361 6854 9232 3244 
9368 6856 9236 3245 
9370 6860 9239 3245 
9379 6865 9243 3249 
9385 6871 9251 3251 
9389 6874 9256 3252 
9394 6880 9264 3258 
9400 6886 9270 3260 
9408 6890 9272 3262 
9416 6899 9274 3267 
9417 6905 9281 3267 
9421 6912 9282 3269 
9424 6917 9288 3276 
9428 6926 9294 3279 
9433 6934 9302 3282 
9438 6940 9313 3285 
9442 6947 9322 3285 
9452 6951 9328 3285 
9462 6954 9332 3286 
9470 6958 9340 3288 
9474 6962 9348 3289 
9478 6965 9354 3290 
9485 6968 9358 3293 
9494 6974 9366 3298 
9500 6980 9370 3300 
9506 6987 9375 3301 
9518 6991 9384 3302 
9524 6997 9390 3303 
9532 7000 9393 3305 
9541 7005 9403 3308 
9546 7009 9409 3311 
9552 7014 9415 3312 
9562 7020 9418 3313 
9569 7026 9423 3316 
9577 7030 9429 3316 
9581 7036 9433 3317 
9593 7038 9436 3320 
9598 7041 9445 3321 
9601 7047 9452 3321 
9608 7052 9465 3323 
9614 7059 9473 3323 
9618 7063 9483 3325 
9621 7071 9487 3327 
9627 7073 9496 3331 
9634 7074 9501 3333 
9639 7082 9506 3337 
9643 7085 9507 3337 
9652 7087 9511 3339 
9658 7095 9515 3341 
9663 7097 9523 3344 
9668 7106 9531 3345 
9672 7108 9534 3347 
9675 7110 9535 3348 
9683 7110 9538 3351 
9689 7114 9545 3352 
9695 7119 9554 3353 
9701 7124 9558 3353 
9705 7132 9564 3357 
9710 7133 9571 3360 
9723 7138 9578 3363 
9732 7141 9586 3364 
9738 7145 9592 3367 
9741 7147 9602 3369 
9746 7151 9609 3370 
9749 7155 9615 3372 
9752 7160 9621 3375 
9757 7165 9625 3377 
9760 7173 9631 3379 
9762 7176 9635 3380 
9769 7183 9641 3383 
9774 7188 9645 3384 
9778 7190 9648 3387 
9781 7193 9652 3390 
9786 7198 9660 3391 
9787 7202 9666 3391 
9800 7205 9671 3395 
9803 7209 9677 3398 
9807 7215 9683 3398 
9814 7219 9695 3399 
9819 7222 9699 3399 
9822 7226 9706 3402 
9827 7229 9707 3406 
9835 7233 9715 3407 
9842 7241 9722 3409 
9851 7243 9729 3410 
9855 7246 9731 3414 
9859 7248 9733 3414 
9868 7249 9735 3417 
9875 7253 9741 3422 
9884 7259 9743 3423 
9889 7261 9752 3424 
9889 7265 9759 3425 
9895 7270 9764 3428 
9899 7272 9771 3430 
9902 7278 9781 3431 
9906 7279 9789 3433 
9909 7284 9795 3434 
9913 7287 9800 3436 
9916 7292 9806 3437 
9919 7299 9814 3439 
9925 7303 9821 3443 
9931 7306 9826 3445 
9939 7311 9830 3449 
9946 7317 9836 3451 
9951 7321 9843 3453 
9956 7326 9852 3455 
9960 7330 9857 3457 
9964 7335 9865 3458 
9969 7340 9876 3459 
9974 7344 9881 3461 
9980 7349 9885 3462 
9985 7356 9889 3467 
9989 7359 9893 3470 
9993 7365 9897 3473 
9997 7370 9906 3478 
10003 7376 9910 3483 
10012 7379 9916 3486 
10018 7382 9919 3487 
10024 7389 9923 3489 
10030 7391 9929 3491 
10038 7395 9940 3494 
10046 7400 9945 3498 
10050 7403 9948 3501 
10056 7406 9951 3502 
10064 7411 9955 3502 
10070 7415 9967 3506 
10078 7415 9973 3510 
10085 7418 9984 3511 
10088 7422 9985 3513 
10094 7427 9989 3514 
10098 7429 9993 3516 
10102 7434 9999 3520 
10110 7438 10006 3522 
10118 7442 10011 3524 
10121 7445 10020 3526 
10130 7452 10027 3527 
10133 7455 10032 3529 
10139 7459 10036 3533 
10145 7465 10041 3533 
10148 7469 10045 3540 
10152 7472 10052 3546 
10161 7476 10056 3546 
10164 7480 10059 3550 
10172 7486 10064 3553 
10174 7487 10074 3556 
10180 7490 10079 3559 
10184 7492 10087 3559 
10193 7499 10088 3560 
10198 7503 10094 3561 
10205 7506 10101 3564 
10210 7511 10105 3565 
10214 7515 10108 3565 
10219 7521 10110 3568 
10224 7524 10118 3572 
10231 7528 10122 3577 
10239 7533 10128 3579 
10243 7540 10133 3580 
10247 7545 10139 3580 
10249 7549 10146 3580 
10253 7555 10148 3581 
10261 7556 10154 3583 
10264 7563 10165 3587 
10266 7567 10170 3590 
10269 7570 10178 3590 
10273 7572 10181 3595 
10279 7576 10185 3597 
10286 7582 10187 3600 
10292 7585 10194 3602 
10301 7590 10199 3602 
10308 7601 10201 3605 
10313 7603 10210 3605 
10316 7610 10214 3606 
10322 7620 10221 3609 
10325 7625 10226 3610 
10332 7627 10229 3613 
10338 7635 10238 3618 
10343 7636 10248 3622 
10346 7645 10250 3624 
10351 7650 10256 3626 
10359 7653 10259 3628 
10368 7658 10266 3635 
10370 7663 10270 3636 
10375 7669 10275 3640 
10380 7671 10282 3641 
10385 7674 10288 3645 
10392 7676 10291 3647 
10397 7681 10300 3649 
10403 7687 10305 3651 
10410 7688 10309 3655 
10418 7689 10313 3655 
10425 7693 10318 3655 
10434 7694 10324 3659 
10439 7701 10335 3663 
10445 7706 10343 3664 
10450 7713 10350 3664 
10459 7717 10359 3665 
10463 7720 10362 3666 
10467 7727 10369 3669 
10468 7733 10374 3670 
10475 7735 10383 3673 
10481 7741 10391 3673 
10487 7744 10399 3676 
10490 7747 10401 3680 
10497 7753 10406 3684 
10502 7756 10413 3684 
10510 7761 10418 3685 
10517 7763 10423 3685 
10525 7770 10424 3687 
10529 7773 10432 3687 
10534 7775 10435 3687 
10538 7780 10443 3688 
10549 7789 10448 3693 
10552 7793 10452 3693 
10558 7795 10457 3695 
10561 7797 10462 3702 
10567 7800 10469 3703 
10574 7802 10472 3707 
10579 7803 10481 3708 
10588 7807 10491 3708 
10589 7810 10498 3709 
10590 7813 10500 3710 
10599 7819 10503 3711 
10604 7823 10504 3715 
10604 7826 10507 3716 
10611 7833 10514 3717 
10617 7837 10519 3721 
10624 7839 10523 3723 
10627 7848 10529 3726 
10636 7853 10536 3728 
10642 7861 10543 3730 
10648 7863 10555 3730 
10658 7868 10560 3732 
10667 7876 10564 3734 
10672 7879 10573 3735 
10677 7883 10579 3735 
10683 7886 10581 3737 
10688 7893 10588 3738 
10692 7898 10594 3740 
10696 7900 10598 3742 
10699 7902 10603 3745 
10707 7904 10607 3746 
10711 7906 10607 3749 
10715 7910 10612 3749 
10721 7917 10617 3749 
10726 7922 10622 3752 
10729 7930 10624 3754 
10733 7932 10633 3757 
10737 7938 10639 3760 
10739 7943 10641 3766 
10742 7945 10643 3766 
10745 7948 10648 3766 
10749 7957 10654 3766 
10756 7959 10659 3767 
10762 7963 10664 3771 
10768 7965 10668 3772 
10771 7971 10675 3774 
10774 7980 10680 3777 
10777 7982 10686 3778 
10784 7984 10695 3782 
10790 7987 10699 3786 
10796 7992 10704 3786 
10802 7995 10710 3787 
10809 7997 10716 3791 
10814 8000 10723 3792 
10820 8004 10730 3795 
10823 8006 10734 3797 
10829 8008 10739 3797 
10834 8012 10745 3798 
10841 8018 10747 3801 
10845 8023 10755 3802 
10851 8028 10758 3803 
10859 8032 10765 3806 
10869 8038 10768 3806 
10875 8041 10775 3810 
10879 8046 10784 3813 
10884 8050 10787 3815 
10890 8054 10790 3817 
10896 8055 10799 3818 
10901 8059 10807 3818 
10909 8062 10813 3820 
10918 8066 10816 3823 
10923 8072 10818 3823 
10931 8079 10822 3824 
10937 8086 10828 3825 
10943 8090 10834 3831 
10950 8094 10841 3833 
10953 8100 10848 3834 
10960 8105 10852 3836 
10966 8108 10860 3838 
10977 8110 10861 3841 
10985 8114 10865 3845 
10991 8119 10869 3849 
11005 8124 10873 3850 
11008 8130 10878 3853 
11012 8132 10884 3853 
11019 8135 10889 3854 
11028 8137 10895 3858 
11032 8141 10898 3859 
11038 8144 10908 3863 
11040 8148 10914 3865 
11046 8151 10921 3869 
11052 8154 10926 3871 
11059 8158 10931 3872 
11064 8164 10936 3872 
11067 8166 10947 3873 
11073 8170 10950 3875 
11075 8174 10956 3876 
11081 8181 10965 3878 
11088 8186 10971 3881 
11094 8188 10978 3882 
11100 8191 10982 3885 
11104 8195 10985 3888 
11108 8199 10988 3891 
11115 8202 10994 3893 
11120 8206 11000 3894 
11127 8210 11007 3895 
11132 8214 11014 3897 
11136 8220 11019 3901 
11143 8224 11027 3902 
11149 8231 11030 3902 
11155 8236 11034 3903 
11159 8238 11040 3904 
11166 8241 11050 3905 
11174 8247 11057 3908 
11179 8250 11064 3908 
11183 8250 11073 3911 
11191 8254 11076 3915 
11197 8255 11083 3917 
11199 8263 11086 3921 
11205 8270 11089 3925 
11215 8270 11095 3927 
11223 8275 11099 3929 
11228 8281 11105 3931 
11236 8285 11108 3935 
11244 8286 11116 3935 
11254 8292 11124 3937 
11261 8298 11129 3939 
11266 8300 11131 3943 
11272 8305 11139 3948 
11280 8307 11146 3950 
11283 8312 11152 3951 
11284 8316 11154 3954 
11286 8318 11162 3960 
11289 8323 11171 3963 
11292 8329 11173 3964 
11300 8334 11175 3965 
11303 8337 11175 3967 
11309 8341 11181 3967 
11317 8346 11194 3974 
11321 8355 11202 3976 
11325 8363 11208 3981 
11330 8367 11212 3984 
11339 8368 11225 3985 
11343 8370 11232 3986 
11348 8374 11242 3988 
11353 8377 11246 3988 
11363 8383 11249 3993 
11371 8385 11254 3995 
11379 8387 11261 3998 
11386 8388 11265 4000 
11395 8390 11271 4003 
11400 8397 11278 4004 
11404 8401 11286 4005 
11411 8406 11293 4008 
11417 8407 11297 4008 
11422 8413 11304 4012 
11423 8415 11314 4014 
11426 8419 11317 4016 
11434 8423 11319 4019 
11436 8426 11328 4022 
11439 8431 11334 4023 
11445 8434 11339 4024 
11448 8438 11345 4027 
11451 8441 11356 4028 
11461 8447 11359 4030 
11471 8453 11365 4032 
11480 8455 11370 4033 
11485 8461 11375 4034 
11491 8468 11386 4038 
11496 8472 11391 4040 
11499 8473 11392 4040 
11503 8477 11398 4044 
11506 8482 11402 4046 
11520 8489 11408 4049 
11527 8492 11413 4050 
11532 8497 11417 4051 
11534 8506 11426 4053 
11537 8509 11432 4054 
11545 8510 11438 4056 
11550 8514 11442 4058 
11560 8515 11451 4059 
11565 8518 11455 4062 
11570 8522 11464 4062 
11578 8526 11478 4067 
11582 8531 11482 4067 
11589 8538 11491 4068 
11591 8542 11498 4070 
11597 8546 11509 4073 
11601 8548 11512 4074 
11607 8551 11521 4075 
11611 8555 11525 4078 
11616 8561 11533 4078 
11624 8567 11539 4080 
11626 8572 11543 4083 
11636 8575 11545 4084 
11640 8581 11550 4087 
11642 8584 11556 4089 
11647 8588 11564 4092 
11653 8592 11572 4097 
11663 8594 11578 4100 
11665 8597 11583 4102 
11669 8598 11593 4104 
11674 8601 11603 4105 
11682 8605 11611 4107 
11684 8610 11620 4108 
11688 8617 11622 4111 
11692 8620 11626 4112 
11702 8624 11633 4113 
11710 8627 11638 4114 
11717 8630 11645 4118 
11720 8631 11652 4119 
11724 8635 11659 4121 
11728 8638 11668 4122 
11735 8642 11673 4123 
11741 8650 11675 4124 
11745 8653 11680 4126 
11752 8654 11686 4126 
11759 8658 11695 4127 
11763 8662 11701 4130 
11765 8665 11706 4132 
11772 8670 11711 4133 
11774 8675 11714 4134 
11774 8678 11722 4137 
11780 8684 11728 4139 
11788 8687 11737 4142 
11795 8689 11739 4144 
11803 8692 11746 4150 
11807 8696 11750 4152 
11818 8699 11752 4152 
11823 8705 11753 4153 
11824 8709 11764 4156 
11830 8711 11770 4160 
11832 8716 11775 4164 
11837 8719 11780 4164 
11843 8723 11788 4169 
11850 8727 11790 4172 
11857 8731 11793 4174 
11864 8739 11799 4174 
11868 8742 11805 4175 
11878 8748 11808 4181 
11885 8751 11809 4181 
11888 8754 11817 4181 
11893 8759 11820 4183 
11900 8765 11826 4184 
11909 8770 11828 4186 
11919 8773 11838 4187 
11924 8780 11849 4189 
11930 8783 11853 4192 
11939 8786 11861 4196 
11943 8791 11864 4199 
11951 8793 11867 4199 
11958 8799 11871 4201 
11964 8805 11875 4202 
11969 8811 11878 4204 
11977 8812 11886 4207 
11982 8815 11899 4207 
11985 8818 11904 4208 
11993 8823 11908 4210 
12000 8829 11917 4215 
12007 8833 11922 4215 
12008 8838 11926 4217 
12016 8845 11932 4220 
12023 8854 11935 4223 
12032 8861 11942 4227 
12037 8865 11944 4228 
12044 8870 11946 4229 
12048 8872 11951 4232 
12052 8877 11956 4232 
12055 8879 11959 4234 
12058 8880 11965 4237 
12061 8884 11972 4237 
12066 8888 11978 4238 
12079 8891 11981 4239 
12085 8900 11983 4242 
12094 8900 11990 4245 
12098 8903 12000 4249 
12104 8906 12008 4249 
12111 8914 12015 4251 
12119 8918 12020 4253 
12123 8926 12025 4255 
12132 8932 12027 4258 
12137 8936 12034 4259 
12146 8943 12038 4261 
12148 8948 12046 4262 
12156 8954 12051 4262 
12161 8954 12054 4265 
12164 8967 12062 4268 
12168 8970 12066 4269 
12176 8974 12073 4269 
12182 8980 12079 4271 
12187 8983 12086 4276 
12194 8989 12092 4278 
12198 8996 12100 4280 
12201 9001 12103 4283 
12209 9005 12107 4289 
12216 9007 12112 4294 
12219 9013 12113 4294 
12223 9019 12120 4295 
12228 9023 12126 4297 
12233 9030 12132 4299 
12239 9034 12141 4300 
12246 9036 12146 4304 
12249 9038 12151 4309 
12258 9042 12161 4310 
12262 9050 12166 4315 
12269 9051 12180 4320 
12271 9056 12188 4321 
12275 9061 12191 4324 
12282 9063 12205 4324 
12286 9066 12217 4326 
12293 9073 12227 4328 
12300 9079 12231 4330 
12305 9083 12240 4331 
12310 9086 12250 4335 
12313 9088 12255 4338 
12318 9097 12260 4339 
12323 9104 12266 4342 
12331 9111 12273 4348 
12335 9115 12280 4348 
12346 9120 12287 4350 
12350 9122 12295 4353 
12352 9126 12304 4355 
12357 9130 12312 4358 
12363 9136 12317 4359 
12370 9146 12323 4360 
12375 9149 12329 4364 
12380 9153 12335 4364 
12389 9153 12342 4368 
12395 9158 12352 4371 
12402 9161 12358 4373 
12410 9162 12363 4376 
12415 9169 12368 4377 
12424 9173 12376 4379 
12432 9177 12386 4380 
12440 9182 12389 4382 
12446 9187 12393 4384 
12450 9194 12398 4385 
12454 9198 12408 4389 
12459 9205 12410 4391 
12467 9207 12414 4393 
12470 9214 12419 4394 
12474 9217 12426 4399 
12481 9227 12433 4401 
12488 9234 12436 4403 
12494 9239 12440 4406 
12499 9241 12445 4408 
12508 9246 12451 4411 
12510 9251 12459 4413 
12517 9259 12463 4413 
12522 9265 12467 4414 
12525 9268 12471 4416 
12530 9273 12475 4417 
12535 9276 12484 4419 
12542 9280 12491 4420 
12547 9280 12493 4424 
12554 9285 12500 4428 
12562 9288 12502 4428 
12564 9293 12507 4430 
12570 9296 12512 4431 
12577 9299 12519 4431 
12579 9306 12525 4433 
12581 9315 12536 4433 
12587 9318 12546 4436 
12591 9324 12552 4438 
12596 9332 12555 4439 
12607 9338 12557 4441 
12609 9340 12564 4443 
12614 9347 12568 4446 
12621 9351 12573 4451 
12626 9354 12578 4452 
12629 9360 12584 4453 
12633 9366 12587 4454 
12636 9374 12592 4454 
12642 9377 12596 4456 
12647 9378 12597 4458 
12653 9384 12604 4459 
12661 9390 12605 4461 
12669 9394 12609 4463 
12673 9400 12613 4471 
12674 9405 12621 4473 
12678 9413 12633 4474 
12682 9415 12640 4474 
12692 9420 12648 4477 
12698 9426 12656 4480 
12701 9428 12663 4481 
12706 9431 12672 4483 
12710 9434 12679 4485 
12713 9442 12685 4485 
12722 9447 12688 4487 
12727 9449 12698 4489 
12734 9455 12710 4491 
12739 9465 12712 4493 
12745 9468 12714 4499 
12748 9476 12719 4500 
12757 9481 12727 4505 
12764 9489 12730 4505 
12769 9493 12733 4510 
12776 9496 12742 4512 
12781 9500 12748 4515 
12789 9502 12754 4521 
12796 9508 12759 4524 
12803 9513 12763 4526 
12806 9519 12769 4526 
12813 9522 12778 4526 
12821 9525 12784 4527 
12825 9530 12793 4528 
12836 9534 12802 4530 
12842 9540 12806 4532 
12847 9545 12809 4536 
12853 9548 12820 4539 
12857 9554 12830 4540 
12860 9563 12833 4542 
12868 9566 12834 4544 
12871 9569 12838 4549 
12875 9573 12844 4551 
12877 9576 12846 4553 
12882 9579 12855 4556 
12886 9581 12862 4560 
12892 9589 12870 4562 
12894 9594 12875 4565 
12905 9601 12883 4567 
12913 9608 12889 4568 
12918 9611 12894 4570 
12923 9616 12900 4573 
12926 9621 12906 4576 
12935 9623 12914 4576 
12937 9630 12922 4577 
12938 9636 12931 4579 
12946 9641 12933 4583 
12952 9644 12940 4586 
12957 9647 12947 4587 
12964 9649 12951 4589 
12968 9652 12959 4591 
12975 9654 12961 4595 
12979 9662 12970 4597 
12985 9666 12975 4600 
12991 9672 12982 4602 
12993 9680 12985 4605 
12999 9683 12992 4610 
13004 9690 12994 4613 
13008 9695 12998 4617 
13017 9698 13005 4618 
13024 9704 13010 4619 
13027 9706 13015 4620 
13034 9709 13017 4622 
13040 9711 13020 4626 
13051 9715 13023 4628 
13060 9717 13030 4632 
13061 9725 13034 4634 
13065 9729 13038 4636 
13072 9734 13047 4640 
13072 9742 13051 4642 
13076 9745 13054 4644 
13078 9751 13058 4650 
13083 9754 13067 4651 
13093 9760 13074 4655 
13098 9763 13080 4655 
13105 9769 13085 4659 
13111 9774 13095 4663 
13116 9779 13103 4665 
13124 9781 13112 4669 
13133 9787 13119 4669 
13138 9794 13119 4673 
13140 9799 13126 4675 
13143 9802 13135 4677 
13150 9805 13141 4678 
13153 9810 13150 4680 
13159 9814 13155 4684 
13165 9821 13160 4686 
13170 9827 13170 4688 
13178 9828 13179 4691 
13184 9833 13187 4695 
13187 9838 13193 4697 
13191 9841 13198 4703 
13196 9843 13200 4703 
13208 9845 13207 4704 
13214 9847 13215 4708 
13221 9853 13221 4709 
13223 9856 13227 4712 
13230 9859 13232 4715 
13235 9865 13236 4717 
13240 9869 13238 4718 
13245 9874 13240 4719 
13251 9880 13242 4719 
13255 9889 13248 4724 
13260 9892 13252 4727 
13265 9899 13259 4727 
13273 9904 13269 4730 
13276 9911 13274 4732 
13283 9916 13277 4733 
13289 9922 13286 4738 
13293 9926 13288 4740 
13299 9928 13297 4743 
13308 9932 13303 4745 
13312 9936 13311 4747 
13318 9939 13312 4747 
13329 9947 13318 4750 
13337 9949 13322 4752 
13345 9954 13325 4755 
13354 9959 13333 4756 
13361 9965 13338 4758 
13367 9968 13344 4759 
13369 9970 13350 4760 
13378 9976 13356 4762 
13384 9985 13362 4763 
13389 9989 13370 4763 
13398 9993 13375 4765 
13407 9995 13382 4767 
13413 10000 13386 4767 
13422 10005 13390 4771 
13432 10010 13398 4774 
13438 10013 13403 4776 
13441 10016 13408 4778 
13453 10027 13419 4779 
13453 10033 13429 4781 
13455 10040 13433 4781 
13464 10044 13443 4784 
13467 10049 13447 4786 
13473 10054 13454 4789 
13476 10057 13458 4792 
13480 10059 13466 4793 
13485 10065 13473 4797 
13493 10068 13476 4798 
13494 10071 13479 4798 
13503 10074 13484 4800 
13506 10075 13492 4803 
13513 10083 13499 4807 
13516 10084 13507 4810 
13519 10088 13512 4811 
13525 10094 13521 4812 
13530 10101 13528 4815 
13536 10104 13532 4819 
13542 10107 13535 4822 
13546 10114 13541 4824 
13554 10116 13551 4824 
13559 10119 13555 4825 
13564 10126 13561 4828 
13571 10129 13567 4830 
13578 10133 13572 4834 
13583 10135 13580 4837 
13587 10138 13589 4838 
13593 10142 13596 4839 
13600 10143 13604 4840 
13604 10147 13610 4841 
13609 10150 13613 4844 
13618 10156 13616 4844 
13626 10160 13620 4846 
13629 10163 13629 4848 
13634 10168 13639 4848 
13637 10173 13643 4850 
13641 10176 13655 4852 
13641 10185 13658 4854 
13646 10190 13664 4854 
13652 10195 13670 4854 
13654 10200 13675 4854 
13658 10205 13679 4855 
13659 10213 13684 4858 
13665 10217 13690 4860 
13668 10221 13697 4860 
13673 10221 13702 4860 
13677 10226 13708 4863 
13685 10227 13719 4864 
13692 10230 13721 4865 
13698 10237 13726 4868 
13700 10242 13731 4870 
13705 10246 13737 4870 
13710 10253 13749 4870 
13716 10257 13762 4872 
13723 10258 13770 4874 
13731 10263 13777 4874 
13736 10269 13786 4876 
13742 10275 13792 4878 
13748 10275 13796 4882 
13758 10280 13801 4882 
13763 10286 13806 4882 
13763 10291 13813 4885 
13764 10295 13821 4886 
13766 10299 13824 4887 
13771 10308 13827 4889 
13774 10314 13836 4895 
13776 10317 13843 4896 
13786 10321 13851 4899 
13788 10323 13856 4900 
13796 10325 13863 4901 
13806 10326 13867 4901 
13811 10329 13878 4903 
13816 10332 13888 4906 
13818 10338 13896 4909 
13830 10347 13903 4912 
13833 10354 13910 4916 
13840 10359 13916 4917 
13844 10366 13922 4918 
13851 10369 13931 4919 
13859 10373 13939 4921 
13870 10375 13944 4923 
13872 10381 13949 4926 
13880 10386 13955 4928 
13887 10388 13963 4931 
13887 10390 13969 4932 
13891 10395 13974 4935 
13895 10399 13981 4938 
13901 10404 13988 4939 
13907 10409 13996 4944 
13912 10413 14004 4946 
13918 10420 14010 4949 
13926 10423 14014 4952 
13928 10427 14019 4955 
13937 10429 14025 4958 
13945 10435 14030 4961 
13947 10440 14037 4961 
13957 10441 14045 4963 
13961 10445 14053 4965 
13967 10451 14057 4967 
13972 10452 14058 4969 
13977 10457 14062 4972 
13983 10463 14068 4974 
13987 10467 14075 4976 
13995 10470 14088 4982 
14000 10475 14093 4983 
14003 10479 14098 4984 
14004 10485 14113 4987 
14009 10490 14120 4989 
14020 10496 14125 4996 
14025 10504 14130 4998 
14030 10507 14137 5000 
14038 10513 14144 5003 
14041 10516 14149 5006 
14049 10523 14155 5007 
14055 10529 14161 5009 
14061 10531 14163 5014 
14069 10539 14167 5015 
14075 10542 14176 5016 
14080 10545 14185 5018 
14086 10548 14190 5022 
14095 10551 14194 5027 
14098 10555 14203 5030 
14104 10563 14209 5031 
14111 10571 14214 5033 
14113 10572 14218 5034 
14122 10573 14227 5035 
14126 10576 14235 5036 
14133 10580 14243 5041 
14143 10586 14249 5043 
14150 10591 14256 5045 
14156 10596 14263 5046 
14166 10601 14270 5048 
14175 10609 14281 5052 
14181 10614 14290 5053 
14184 10622 14298 5055 
14193 10627 14304 5056 
14203 10632 14311 5057 
14207 10634 14314 5057 
14214 10640 14316 5060 
14218 10646 14320 5064 
14226 10652 14326 5067 
14229 10656 14331 5068 
14235 10663 14336 5072 
14242 10666 14339 5074 
14246 10672 14344 5075 
14254 10678 14350 5077 
14264 10684 14354 5080 
14270 10686 14360 5082 
14279 10690 14361 5084 
14282 10693 14369 5086 
14284 10702 14376 5086 
14287 10709 14379 5086 
14289 10713 14381 5089 
14290 10717 14389 5093 
14297 10722 14395 5096 
14308 10727 14403 5099 
14315 10731 14408 5101 
14319 10737 14411 5103 
14328 10741 14420 5107 
14336 10744 14433 5107 
14343 10747 14439 5110 
14348 10748 14449 5111 
14355 10754 14451 5115 
14363 10757 14459 5117 
14364 10766 14470 5117 
14368 10768 14473 5117 
14377 10771 14476 5119 
14382 10776 14479 5123 
14388 10780 14482 5126 
14391 10784 14491 5126 
14397 10788 14495 5127 
14402 10792 14501 5129 
14407 10795 14505 5130 
14412 10798 14514 5133 
14420 10801 14519 5136 
14425 10804 14520 5139 
14431 10810 14527 5142 
14434 10815 14535 5143 
14441 10821 14541 5143 
14450 10824 14548 5145 
14459 10831 14555 5147 
14463 10835 14563 5150 
14468 10839 14567 5152 
14472 10847 14571 5153 
14476 10850 14577 5155 
14481 10853 14582 5156 
14485 10859 14585 5157 
14489 10864 14591 5157 
14496 10868 14597 5159 
14505 10870 14604 5159 
14509 10873 14616 5164 
14515 10878 14621 5171 
14518 10882 14629 5172 
14523 10888 14635 5174 
14524 10892 14644 5177 
14528 10897 14655 5181 
14535 10901 14658 5183 
14537 10905 14659 5186 
14543 10914 14667 5187 
14547 10920 14671 5188 
14552 10923 14674 5193 
14556 10926 14679 5197 
14562 10929 14684 5203 
14567 10935 14687 5204 
14571 10938 14689 5206 
14576 10941 14694 5209 
14584 10944 14704 5214 
14589 10949 14709 5217 
14590 10953 14716 5219 
14599 10956 14722 5222 
14603 10959 14729 5222 
14608 10966 14732 5227 
14609 10968 14737 5230 
14612 10974 14741 5233 
14616 10979 14745 5238 
14622 10984 14751 5239 
14625 10990 14755 5240 
14628 10996 14759 5246 
14632 11001 14765 5250 
14637 11007 14771 5256 
14640 11011 14775 5259 
14647 11015 14780 5261 
14653 11021 14787 5265 
14655 11023 14793 5268 
14662 11028 14797 5272 
14668 11034 14802 5274 
14674 11037 14807 5276 
14679 11038 14813 5276 
14685 11041 14818 5277 
14691 11045 14826 5279 
14703 11048 14831 5281 
14707 11054 14838 5283 
14711 11059 14842 5286 
14715 11068 14844 5288 
14719 11073 14851 5293 
14730 11076 14856 5296 
14736 11079 14857 5302 
14738 11082 14864 5305 
14743 11088 14868 5306 
14745 11095 14871 5306 
14756 11102 14880 5309 
14762 11104 14887 5312 
14765 11107 14891 5316 
14769 11112 14896 5317 
14776 11119 14899 5321 
14785 11126 14906 5324 
14786 11129 14916 5329 
14790 11137 14922 5332 
14796 11144 14937 5335 
14803 11148 14943 5340 
14810 11153 14948 5343 
14811 11156 14957 5346 
14811 11163 14964 5347 
14818 11166 14968 5349 
14825 11167 14976 5351 
14834 11178 14984 5352 
14836 11184 14991 5353 
14842 11190 14996 5356 
14848 11192 15003 5358 
14854 11197 15012 5359 
14861 11202 15017 5360 
14866 11205 15023 5360 
14873 11208 15025 5362 
14881 11211 15036 5365 
14885 11219 15048 5365 
14894 11226 15053 5370 
14898 11231 15063 5374 
14901 11238 15068 5377 
14907 11244 15079 5381 
14916 11246 15085 5382 
14921 11250 15092 5383 
14927 11254 15097 5385 
14932 11255 15100 5387 
14938 11259 15105 5387 
14946 11264 15111 5393 
14955 11267 15116 5394 
14962 11268 15121 5396 
14968 11272 15125 5398 
14969 11276 15129 5403 
14974 11280 15137 5405 
14979 11284 15138 5406 
14986 11287 15143 5409 
14990 11289 15150 5411 
15002 11296 15157 5414 
15009 11301 15163 5417 
15013 11307 15170 5419 
15021 11311 15176 5424 
15024 11317 15181 5424 
15031 11327 15192 5426 
15036 11333 15197 5429 
15038 11336 15202 5431 
15043 11339 15207 5433 
15051 11341 15209 5435 
15058 11344 15215 5436 
15064 11345 15220 5441 
15071 11347 15225 5443 
15078 11349 15235 5443 
15084 11352 15237 5446 
15090 11361 15243 5450 
15094 11364 15249 5452 
15103 11367 15255 5455 
15111 11368 15262 5456 
15114 11371 15272 5460 
15117 11374 15275 5462 
15125 11379 15279 5462 
15134 11381 15283 5465 
15141 11384 15287 5466 
15143 11386 15294 5470 
15151 11387 15296 5472 
15158 11394 15301 5474 
15170 11399 15308 5476 
15174 11407 15314 5478 
15179 11413 15317 5482 
15182 11420 15326 5485 
15187 11428 15333 5487 
15191 11435 15340 5489 
15198 11438 15350 5496 
15202 11440 15355 5499 
15210 11444 15364 5503 
15213 11448 15371 5505 
15222 11453 15382 5508 
15227 11457 15387 5511 
15231 11465 15390 5511 
15236 11470 15394 5512 
15240 11476 15405 5516 
15246 11478 15413 5519 
15251 11480 15422 5520 
15254 11483 15436 5524 
15259 11485 15446 5525 
15268 11489 15449 5530 
15269 11491 15454 5534 
15274 11492 15464 5534 
15285 11494 15468 5536 
15285 11498 15471 5538 
15293 11505 15478 5543 
15304 11511 15483 5543 
15309 11513 15488 5544 
15314 11516 15497 5544 
15323 11525 15500 5546 
15329 11533 15506 5548 
15340 11536 15511 5550 
15346 11540 15515 5552 
15353 11540 15519 5554 
15360 11545 15523 5554 
15371 11550 15528 5556 
15374 11550 15537 5559 
15378 11554 15545 5559 
15381 11559 15552 5560 
15391 11563 15563 5562 
15397 11566 15572 5566 
15402 11572 15575 5569 
15406 11576 15582 5570 
15418 11582 15584 5570 
15424 11582 15593 5571 
15429 11586 15598 5572 
15431 11591 15602 5575 
15433 11595 15606 5577 
15440 11602 15617 5579 
15447 11607 15630 5582 
15453 11610 15634 5583 
15456 11613 15641 5585 
15461 11617 15647 5587 
15465 11622 15650 5588 
15470 11624 15657 5591 
15479 11631 15665 5592 
15486 11634 15672 5592 
15489 11637 15677 5594 
15491 11640 15686 5594 
15499 11645 15691 5594 
15503 11648 15695 5597 
15509 11652 15700 5603 
15514 11659 15704 5605 
15519 11661 15706 5607 
15524 11664 15710 5608 
15531 11664 15715 5611 
15534 11670 15723 5612 
15537 11673 15731 5613 
15545 11676 15742 5617 
15551 11682 15748 5621 
15558 11685 15751 5624 
15563 11695 15756 5628 
15565 11701 15761 5629 
15571 11702 15763 5631 
15576 11707 15770 5631 
15579 11711 15775 5633 
15584 11716 15781 5635 
15591 11719 15786 5637 
15598 11724 15786 5642 
15605 11727 15791 5643 
15608 11734 15798 5645 
15618 11742 15804 5647 
15621 11749 15809 5649 
15626 11751 15811 5652 
15629 11756 15821 5656 
15635 11760 15827 5660 
15642 11763 15827 5660 
15650 11769 15836 5664 
15655 11771 15843 5668 
15664 11777 15848 5668 
15669 11778 15850 5668 
15676 11784 15856 5669 
15682 11788 15864 5675 
15687 11795 15873 5680 
15699 11796 15879 5682 
15705 11800 15882 5684 
15710 11810 15888 5686 
15718 11817 15894 5688 
15724 11822 15899 5689 
15730 11824 15905 5693 
15733 11829 15913 5696 
15739 11833 15922 5697 
15744 11838 15928 5699 
15752 11840 15934 5700 
15761 11846 15941 5702 
15764 11850 15947 5704 
15770 11855 15950 5707 
15777 11858 15956 5710 
15785 11863 15969 5711 
15789 11868 15978 5712 
15793 11872 15991 5715 
15800 11874 15999 5716 
15803 11881 16010 5716 
15810 11885 16017 5717 
15817 11891 16021 5719 
15821 11895 16024 5723 
15826 11897 16028 5724 
15830 11904 16035 5727 
15833 11908 16041 5729 
15840 11915 16047 5730 
15847 11921 16054 5730 
15851 11928 16058 5734 
15857 11933 16063 5735 
15861 11936 16065 5738 
15867 11941 16070 5740 
15870 11942 16077 5743 
15877 11945 16084 5744 
15885 11949 16087 5749 
15888 11954 16095 5750 
15890 11959 16102 5753 
15898 11964 16104 5757 
15905 11967 16111 5758 
15907 11972 16123 5760 
15915 11978 16130 5764 
15922 11980 16137 5766 
15929 11985 16143 5766 
15932 11989 16148 5770 
15941 11993 16154 5771 
15948 11998 16163 5772 
15952 12002 16166 5776 
15956 12003 16166 5777 
15960 12010 16173 5778 
15969 12018 16181 5781 
15977 12022 16187 5786 
15978 12025 16194 5787 
15987 12028 16205 5789 
15993 12034 16210 5789 
16001 12037 16216 5791 
16003 12038 16221 5795 
16008 12041 16225 5799 
16010 12045 16232 5801 
16018 12051 16239 5803 
16023 12053 16244 5807 
16028 12058 16254 5810 
16032 12059 16258 5813 
16041 12069 16261 5817 
16045 12073 16267 5820 
16048 12079 16283 5821 
16051 12083 16292 5822 
16055 12085 16300 5828 
16063 12092 16307 5831 
16073 12093 16316 5833 
16078 12097 16321 5834 
16087 12101 16327 5836 
16092 12111 16332 5837 
16095 12114 16334 5840 
16099 12119 16341 5841 
16101 12124 16345 5845 
16105 12128 16349 5847 
16114 12138 16356 5849 
16119 12140 16361 5852 
16122 12146 16371 5860 
16128 12151 16374 5866 
16133 12154 16383 5868 
16139 12156 16389 5869 
16144 12160 16392 5872 
16150 12165 16393 5878 
16155 12168 16400 5881 
16157 12171 16407 5882 
16162 12174 16412 5884 
16167 12176 16417 5884 
16172 12179 16426 5886 
16178 12189 16434 5888 
16179 12191 16439 5889 
16185 12197 16445 5893 
16188 12200 16455 5896 
16192 12205 16462 5898 
16197 12209 16466 5899 
16205 12212 16473 5902 
16209 12216 16479 5908 
16215 12219 16484 5913 
16220 12223 16491 5914 
16226 12226 16493 5916 
16234 12229 16501 5916 
16236 12231 16509 5919 
16241 12233 16516 5920 
16249 12237 16522 5921 
16251 12241 16532 5923 
16258 12244 16540 5924 
16263 12246 16543 5926 
16270 12247 16550 5927 
16276 12251 16556 5928 
16281 12253 16562 5929 
16283 12260 16567 5931 
16288 12266 16570 5936 
16290 12274 16576 5937 
16295 12279 16579 5938 
16301 12286 16581 5940 
16309 12289 16589 5942 
16316 12293 16595 5943 
16321 12299 16602 5945 
16326 12306 16605 5951 
16330 12313 16612 5952 
16336 12314 16618 5955 
16341 12320 16625 5956 
16347 12326 16627 5958 
16352 12333 16634 5962 
16356 12335 16642 5962 
16364 12346 16645 5965 
16365 12353 16649 5966 
16373 12353 16655 5969 
16376 12359 16661 5973 
16378 12367 16670 5976 
16383 12370 16680 5979 
16391 12377 16684 5980 
16397 12378 16689 5983 
16404 12382 16698 5985 
16410 12383 16706 5988 
16415 12393 16711 5993 
16420 12400 16716 5993 
16429 12403 16721 5995 
16439 12407 16730 5998 
16446 12408 16739 6000 
16450 12413 16745 6001 
16459 12416 16750 6002 
16461 12420 16760 6004 
16471 12425 16767 6006 
16475 12430 16775 6008 
16483 12434 16778 6010 
16489 12440 16782 6011 
16492 12442 16788 6012 
16497 12445 16793 6016 
16504 12453 16804 6018 
16510 12454 16809 6022 
16516 12459 16810 6025 
16524 12466 16815 6029 
16530 12472 16816 6030 
16535 12474 16819 6032 
16543 12480 16827 6035 
16551 12482 16834 6038 
16555 12488 16839 6042 
16561 12494 16849 6044 
16567 12499 16857 6047 
16576 12507 16862 6048 
16580 12512 16869 6049 
16585 12516 16876 6051 
16593 12521 16883 6055 
16597 12525 16894 6056 
16603 12528 16902 6059 
16613 12536 16905 6062 
16617 12540 16912 6065 
16623 12542 16916 6068 
16631 12547 16923 6072 
16636 12551 16931 6074 
16644 12554 16940 6075 
16650 12562 16948 6076 
16656 12567 16952 6077 
16666 12569 16958 6079 
16670 12575 16964 6082 
16679 12579 16967 6084 
16683 12588 16977 6084 
16692 12590 16986 6085 
16699 12594 16996 6087 
16703 12601 17001 6090 
16704 12606 17010 6095 
16709 12609 17017 6097 
16717 12614 17025 6099 
16725 12625 17029 6101 
16732 12629 17035 6103 
16736 12636 17044 6107 
16743 12641 17049 6110 
16750 12648 17056 6111 
16755 12655 17063 6113 
16761 12660 17067 6113 
16766 12669 17071 6115 
16777 12675 17084 6116 
16782 12678 17087 6119 
16786 12685 17093 6121 
16794 12688 17102 6123 
16799 12693 17110 6123 
16806 12698 17115 6124 
16814 12703 17126 6128 
16818 12709 17135 6129 
16824 12717 17139 6129 
16832 12718 17147 6130 
16836 12723 17155 6131 
16844 12726 17162 6136 
16851 12727 17171 6143 
16856 12731 17180 6144 
16859 12733 17187 6146 
16864 12736 17197 6148 
16873 12738 17200 6153 
16885 12746 17208 6157 
16890 12747 17214 6158 
16897 12756 17222 6161 
16900 12762 17227 6165 
16905 12769 17231 6167 
16913 12777 17233 6170 
16917 12781 17240 6172 
16924 12787 17247 6174 
16931 12791 17254 6178 
16932 12798 17261 6179 
16934 12803 17264 6182 
16937 12810 17269 6184 
16940 12814 17280 6185 
16944 12820 17282 6187 
16947 12820 17287 6188 
16957 12824 17293 6190 
16961 12831 17301 6191 
16964 12833 17307 6193 
16969 12836 17309 6197 
16973 12838 17314 6198 
16981 12842 17319 6201 
16994 12847 17331 6204 
16999 12852 17337 6208 
17004 12863 17344 6211 
17012 12870 17350 6213 
17012 12870 17353 6215 
17016 12880 17357 6218 
17022 12884 17363 6220 
17026 12886 17373 6222 
17031 12889 17381 6222 
17036 12893 17385 6223 
17044 12895 17394 6226 
17050 12899 17400 6227 
17053 12906 17404 6228 
17062 12910 17411 6230 
17066 12916 17415 6233 
17073 12917 17416 6233 
17081 12919 17424 6235 
17085 12921 17431 6237 
17089 12926 17440 6237 
17096 12930 17447 6240 
17099 12934 17451 6244 
17105 12940 17456 6248 
17112 12942 17464 6249 
17119 12947 17470 6249 
17123 12951 17478 6252 
17136 12954 17487 6253 
17138 12961 17492 6254 
17141 12962 17501 6255 
17149 12968 17504 6256 
17157 12974 17509 6258 
17165 12981 17513 6261 
17171 12987 17518 6263 
17177 12992 17525 6264 
17183 12995 17529 6269 
17187 12998 17536 6271 
17191 13002 17544 6273 
17196 13006 17548 6275 
17203 13011 17552 6278 
17206 13019 17563 6279 
17212 13024 17567 6282 
17220 13027 17569 6283 
17223 13033 17578 6284 
17227 13036 17588 6290 
17230 13039 17595 6292 
17236 13041 17598 6296 
17240 13049 17604 6298 
17249 13052 17609 6300 
17250 13059 17618 6301 
17256 13061 17626 6302 
17263 13070 17629 6305 
17270 13073 17632 6307 
17274 13079 17641 6307 
17280 13081 17650 6312 
17288 13084 17658 6316 
17293 13088 17666 6319 
17302 13094 17671 6319 
17308 13098 17676 6323 
17312 13108 17681 6324 
17315 13116 17684 6328 
17322 13121 17689 6331 
17327 13125 17696 6334 
17333 13128 17700 6334 
17338 13131 17706 6334 
17338 13141 17709 6335 
17344 13145 17713 6337 
17349 13150 17719 6341 
17356 13153 17726 6343 
17364 13156 17729 6346 
17369 13157 17736 6352 
17371 13164 17741 6356 
17376 13170 17747 6358 
17379 13175 17752 6360 
17380 13177 17761 6362 
17387 13183 17766 6363 
17396 13187 17772 6364 
17405 13192 17782 6367 
17412 13195 17787 6369 
17413 13201 17793 6374 
17416 13203 17801 6374 
17421 13210 17806 6378 
17427 13222 17809 6382 
17436 13226 17814 6386 
17442 13228 17820 6386 
17450 13233 17824 6388 
17455 13236 17829 6391 
17458 13239 17841 6394 
17462 13242 17847 6396 
17466 13248 17853 6398 
17470 13253 17863 6399 
17481 13257 17870 6400 
17484 13261 17874 6403 
17489 13264 17879 6404 
17494 13269 17884 6407 
17498 13271 17890 6407 
17507 13278 17897 6413 
17511 13283 17901 6418 
17515 13286 17912 6419 
17521 13290 17915 6423 
17526 13293 17920 6424 
17539 13295 17925 6425 
17542 13299 17934 6425 
17549 13303 17942 6429 
17553 13306 17948 6430 
17556 13311 17956 6434 
17564 13317 17961 6437 
17565 13320 17967 6440 
17570 13323 17975 6442 
17573 13330 17980 6444 
17580 13332 17989 6447 
17585 13333 17996 6447 
17590 13338 18001 6450 
17596 13342 18008 6455 
17602 13346 18017 6458 
17611 13354 18024 6459 
17615 13357 18032 6460 
17620 13360 18038 6464 
17629 13362 18039 6467 
17633 13370 18042 6468 
17639 13375 18048 6470 
17646 13379 18051 6474 
17653 13383 18059 6477 
17660 13388 18067 6479 
17662 13390 18075 6486 
17671 13396 18081 6487 
17679 13399 18083 6490 
17680 13403 18090 6494 
17685 13409 18099 6496 
17692 13415 18109 6498 
17699 13422 18113 6500 
17709 13427 18119 6504 
17711 13436 18123 6504 
17714 13440 18126 6509 
17723 13444 18133 6515 
17728 13450 18141 6517 
17734 13454 18147 6518 
17741 13455 18154 6520 
17751 13459 18161 6522 
17758 13469 18166 6526 
17762 13471 18177 6527 
17769 13477 18180 6532 
17773 13481 18185 6533 
17783 13484 18191 6538 
17792 13490 18197 6542 
17799 13495 18205 6546 
17804 13498 18210 6548 
17807 13501 18225 6549 
17813 13504 18229 6551 
17817 13509 18234 6553 
17825 13519 18241 6555 
17828 13524 18253 6556 
17836 13530 18264 6559 
17840 13536 18276 6563 
17848 13548 18282 6564 
17854 13551 18287 6567 
17864 13559 18295 6569 
17872 13563 18300 6571 
17881 13565 18311 6575 
17887 13568 18317 6576 
17890 13574 18320 6578 
17895 13578 18326 6580 
17898 13581 18332 6582 
17901 13589 18335 6585 
17907 13594 18341 6590 
17912 13602 18348 6592 
17917 13607 18351 6592 
17925 13609 18357 6594 
17932 13614 18365 6596 
17939 13619 18371 6596 
17947 13627 18377 6599 
17952 13633 18385 6601 
17959 13633 18391 6603 
17962 13638 18399 6605 
17972 13641 18406 6611 
17978 13647 18414 6612 
17983 13652 18417 6616 
17987 13654 18420 6620 
17993 13658 18429 6623 
18002 13661 18433 6624 
18009 13667 18436 6626 
18015 13672 18444 6627 
18022 13675 18451 6628 
18027 13682 18460 6629 
18034 13686 18468 6632 
18036 13690 18473 6633 
18040 13696 18478 6634 
18045 13701 18488 6636 
18053 13707 18496 6642 
18064 13709 18504 6644 
18068 13714 18512 6648 
18070 13720 18518 6649 
18073 13725 18526 6652 
18078 13731 18535 6655 
18086 13739 18544 6657 
18093 13743 18552 6660 
18097 13748 18557 6663 
18103 13750 18563 6667 
18111 13755 18570 6669 
18116 13762 18572 6669 
18127 13768 18579 6671 
18132 13770 18580 6672 
18135 13774 18589 6676 
18143 13777 18598 6677 
18148 13782 18612 6679 
18154 13786 18621 6681 
18157 13793 18625 6684 
18164 13795 18631 6687 
18168 13801 18641 6687 
18175 13803 18646 6691 
18175 13807 18652 6691 
18179 13812 18658 6693 
18189 13817 18660 6694 
18195 13820 18663 6696 
18206 13825 18671 6696 
18209 13829 18680 6698 
18216 13836 18686 6700 
18224 13840 18693 6704 
18231 13845 18695 6707 
18236 13848 18703 6709 
18240 13850 18706 6710 
18244 13861 18713 6713 
18250 13865 18718 6715 
18256 13870 18722 6718 
18261 13877 18730 6721 
18266 13882 18740 6723 
18274 13888 18742 6726 
18280 13893 18752 6729 
18283 13898 18759 6730 
18288 13904 18766 6732 
18293 13908 18767 6737 
18296 13913 18777 6738 
18303 13917 18782 6740 
18307 13923 18785 6742 
18313 13929 18788 6743 
18321 13936 18797 6748 
18330 13938 18802 6749 
18334 13943 18806 6751 
18339 13950 18815 6752 
18343 13954 18820 6756 
18348 13962 18828 6758 
18350 13966 18835 6760 
18354 13971 18844 6761 
18357 13976 18850 6762 
18366 13978 18855 6762 
18371 13980 18863 6763 
18378 13983 18869 6765 
18385 13989 18880 6768 
18392 13993 18886 6769 
18398 13999 18893 6773 
18407 14003 18896 6774 
18412 14008 18902 6779 
18417 14014 18906 6782 
18426 14020 18915 6787 
18430 14024 18921 6791 
18435 14033 18933 6793 
18441 14039 18937 6794 
18447 14046 18941 6795 
18454 14051 18944 6796 
18457 14055 18951 6798 
18466 14058 18958 6800 
18472 14061 18965 6802 
18481 14069 18975 6805 
18490 14075 18978 6811 
18494 14077 18986 6813 
18505 14080 18990 6815 
18509 14085 18993 6815 
18511 14086 19002 6816 
18517 14088 19008 6817 
18522 14090 19016 6822 
18523 14095 19022 6825 
18524 14099 19034 6825 
18528 14102 19041 6827 
18534 14105 19045 6828 
18541 14111 19049 6834 
18544 14119 19057 6835 
18548 14122 19062 6837 
18553 14126 19065 6838 
18559 14129 19068 6840 
18570 14133 19072 6844 
18573 14139 19076 6845 
18575 14141 19083 6847 
18580 14147 19092 6849 
18585 14149 19096 6851 
18597 14152 19106 6855 
18604 14157 19111 6855 
18610 14163 19119 6858 
18620 14173 19125 6858 
18624 14175 19132 6858 
18627 14181 19138 6861 
18636 14189 19144 6864 
18639 14193 19147 6866 
18646 14198 19151 6866 
18653 14205 19155 6867 
18660 14210 19159 6871 
18665 14212 19165 6873 
18669 14218 19171 6877 
18674 14223 19177 6879 
18678 14226 19182 6880 
18686 14233 19185 6882 
18691 14237 19191 6882 
18692 14244 19199 6887 
18694 14247 19202 6891 
18701 14249 19207 6892 
18703 14253 19215 6895 
18709 14255 19230 6895 
18714 14257 19235 6896 
18718 14260 19240 6899 
18722 14266 19245 6902 
18727 14270 19252 6902 
18733 14277 19262 6904 
18742 14283 19273 6905 
18744 14292 19280 6909 
18754 14295 19287 6910 
18760 14297 19296 6912 
18764 14305 19302 6914 
18769 14307 19310 6915 
18777 14312 19317 6919 
18787 14313 19321 6923 
18790 14319 19327 6924 
18794 14325 19333 6926 
18797 14335 19340 6930 
18803 14339 19344 6931 
18810 14342 19349 6934 
18819 14350 19353 6937 
18824 14357 19357 6939 
18831 14360 19364 6939 
18834 14362 19369 6940 
18839 14365 19372 6942 
18844 14366 19383 6944 
18850 14368 19386 6945 
18857 14376 19394 6945 
18864 14377 19407 6945 
18868 14383 19411 6948 
18873 14385 19418 6950 
18876 14387 19425 6953 
18882 14392 19432 6954 
18884 14401 19438 6955 
18889 14404 19442 6957 
18893 14409 19447 6959 
18898 14413 19456 6960 
18904 14419 19460 6961 
18915 14422 19465 6961 
18922 14425 19471 6963 
18929 14436 19480 6966 
18933 14443 19485 6968 
18934 14452 19490 6973 
18943 14459 19498 6974 
18950 14462 19507 6978 
18957 14466 19511 6979 
18963 14472 19520 6981 
18969 14479 19526 6981 
18970 14483 19531 6981 
18972 14486 19540 6981 
18984 14493 19546 6986 
18986 14497 19552 6987 
18992 14506 19560 6990 
18997 14510 19563 6990 
19000 14518 19573 6994 
19007 14523 19582 6996 
19012 14532 19591 6999 
19018 14538 19599 7002 
19024 14542 19605 7003 
19033 14549 19609 7005 
19039 14553 19612 7008 
19044 14559 19618 7011 
19050 14563 19620 7015 
19055 14570 19626 7015 
19057 14573 19636 7019 
19061 14580 19641 7021 
19068 14583 19650 7023 
19074 14587 19654 7026 
19085 14593 19661 7027 
19088 14596 19672 7027 
19096 14600 19678 7030 
19103 14606 19683 7034 
19110 14607 19691 7038 
19116 14613 19696 7040 
19124 14621 19705 7044 
19129 14623 19710 7045 
19140 14630 19717 7046 
19145 14633 19724 7047 
19153 14639 19728 7050 
19156 14644 19735 7053 
19161 14650 19741 7054 
19167 14654 19745 7054 
19172 14661 19750 7057 
19177 14669 19756 7058 
19185 14681 19768 7059 
19192 14683 19777 7060 
19201 14687 19779 7061 
19207 14690 19790 7064 
19210 14696 19795 7067 
19219 14700 19803 7070 
19225 14704 19810 7072 
19230 14710 19815 7073 
19232 14713 19820 7074 
19237 14718 19824 7074 
19244 14721 19832 7075 
19251 14723 19839 7078 
19259 14728 19845 7082 
19266 14731 19854 7084 
19272 14732 19862 7085 
19277 14738 19865 7088 
19283 14742 19870 7089 
19290 14749 19876 7091 
19295 14753 19883 7093 
19301 14754 19893 7095 
19306 14757 19899 7097 
19312 14762 19906 7098 
19317 14763 19914 7100 
19322 14767 19916 7100 
19327 14777 19921 7104 
19332 14780 19926 7106 
19339 14781 19931 7108 
19341 14782 19935 7110 
19348 14785 19939 7111 
19357 14794 19941 7112 
19360 14796 19946 7115 
19366 14800 19951 7116 
19375 14805 19953 7116 
19379 14812 19957 7119 
19382 14817 19971 7119 
19389 14821 19982 7124 
19394 14826 19989 7124 
19399 14831 19999 7128 
19406 14837 20002 7128 
19414 14842 20008 7129 
19422 14844 20011 7131 
19429 14850 20018 7132 
19434 14855 20027 7133 
19436 14860 20033 7136 
19441 14862 20038 7136 
19444 14866 20042 7138 
19449 14867 20049 7139 
19452 14872 20057 7141 
19458 14878 20064 7145 
19461 14879 20075 7149 
19468 14882 20078 7153 
19476 14888 20085 7155 
19480 14897 20093 7159 
19486 14900 20095 7161 
19491 14902 20099 7161 
19496 14905 20104 7165 
19498 14911 20116 7168 
19505 14917 20126 7168 
19508 14919 20131 7170 
19520 14925 20136 7171 
19528 14929 20144 7174 
19531 14936 20150 7178 
19534 14942 20158 7178 
19541 14946 20164 7181 
19544 14954 20169 7184 
19548 14960 20174 7186 
19554 14965 20181 7187 
19555 14969 20188 7188 
19562 14974 20197 7191 
19565 14980 20207 7192 
19566 14983 20212 7194 
19571 14988 20219 7196 
19578 14995 20227 7200 
19587 14998 20235 7204 
19590 15001 20238 7205 
19598 15006 20247 7209 
19603 15012 20256 7209 
19610 15015 20264 7212 
19612 15018 20267 7215 
19616 15023 20277 7217 
19618 15028 20287 7219 
19625 15034 20298 7220 
19634 15041 20305 7222 
19638 15047 20313 7222 
19644 15050 20325 7226 
19647 15057 20330 7227 
19654 15063 20335 7227 
19658 15073 20341 7228 
19664 15077 20344 7229 
19666 15081 20348 7231 
19670 15082 20354 7236 
19676 15084 20362 7239 
19690 15085 20367 7240 
19694 15088 20372 7241 
19701 15096 20378 7243 
19704 15100 20382 7249 
19708 15107 20391 7254 
19710 15113 20397 7255 
19716 15119 20401 7258 
19723 15127 20408 7259 
19727 15130 20411 7262 
19730 15137 20417 7264 
19737 15142 20419 7266 
19742 15150 20424 7267 
19748 15158 20432 7269 
19755 15161 20440 7271 
19759 15164 20448 7272 
19765 15170 20454 7275 
19772 15174 20465 7277 
19777 15177 20467 7279 
19782 15180 20474 7279 
19786 15181 20489 7280 
19792 15185 20499 7286 
19797 15189 20511 7289 
19802 15195 20518 7290 
19805 15197 20534 7292 
19815 15203 20538 7297 
19824 15210 20547 7298 
19827 15218 20554 7300 
19837 15223 20556 7301 
19839 15234 20562 7303 
19845 15236 20572 7305 
19850 15243 20582 7307 
19855 15247 20585 7308 
19858 15252 20591 7309 
19861 15261 20598 7310 
19869 15266 20604 7311 
19879 15269 20608 7312 
19890 15280 20613 7315 
19895 15286 20618 7315 
19900 15292 20623 7318 
19903 15295 20631 7319 
19912 15299 20636 7321 
19918 15303 20640 7324 
19924 15306 20644 7327 
19928 15309 20648 7327 
19934 15311 20657 7330 
19939 15316 20663 7331 
19946 15324 20669 7335 
19949 15328 20675 7336 
19956 15337 20684 7336 
19960 15338 20688 7341 
19966 15345 20694 7343 
19968 15352 20698 7343 
19975 15354 20702 7345 
19982 15357 20707 7351 
19989 15361 20712 7353 
19994 15363 20716 7354 
20002 15369 20720 7354 
20011 15373 20726 7355 
20018 15378 20732 7357 
20026 15386 20740 7358 
20032 15391 20748 7359 
20035 15398 20753 7360 
20039 15403 20757 7364 
20041 15408 20760 7365 
20047 15410 20762 7368 
20051 15420 20768 7369 
20055 15424 20771 7370 
20061 15431 20780 7375 
20066 15436 20787 7378 
20075 15443 20798 7379 
20082 15447 20807 7380 
20092 15451 20815 7383 
20098 15457 20821 7383 
20104 15462 20829 7387 
20116 15468 20834 7389 
20122 15473 20842 7391 
20132 15479 20847 7392 
20139 15483 20852 7394 
20150 15489 20855 7394 
20157 15493 20860 7399 
20171 15500 20866 7402 
20174 15504 20873 7405 
20185 15505 20881 7406 
20192 15514 20883 7410 
20197 15521 20889 7411 
20202 15530 20900 7412 
20207 15534 20907 7415 
20217 15537 20911 7420 
20223 15544 20921 7425 
20234 15546 20926 7427 
20239 15549 20936 7430 
20246 15553 20940 7431 
20250 15558 20945 7433 
20254 15568 20951 7436 
20259 15573 20958 7438 
20266 15580 20962 7441 
20276 15586 20969 7442 
20280 15592 20979 7445 
20289 15594 20983 7446 
20294 15600 20990 7447 
20294 15609 20997 7448 
20296 15613 21008 7451 
20309 15614 21017 7452 
20313 15615 21021 7455 
20321 15627 21028 7456 
20326 15634 21034 7457 
20336 15641 21040 7459 
20339 15646 21047 7459 
20346 15648 21052 7461 
20348 15654 21059 7463 
20351 15662 21061 7471 
20360 15673 21070 7474 
20364 15675 21078 7475 
20371 15681 21097 7475 
20375 15684 21104 7479 
20380 15686 21108 7482 
20382 15694 21116 7488 
20386 15700 21120 7490 
20394 15702 21124 7490 
20400 15706 21129 7492 
20407 15708 21134 7494 
20414 15712 21142 7497 
20425 15718 21146 7501 
20431 15721 21150 7502 
20443 15725 21162 7504 
20450 15735 21170 7507 
20455 15740 21174 7507 
20464 15744 21176 7509 
20473 15748 21184 7512 
20481 15750 21191 7513 
20487 15755 21197 7514 
20495 15760 21204 7516 
20504 15765 21212 7518 
20505 15770 21215 7520 
20514 15775 21223 7521 
20522 15776 21227 7523 
20525 15781 21231 7528 
20530 15786 21235 7531 
20531 15788 21239 7535 
20537 15790 21247 7538 
20541 15793 21254 7540 
20547 15794 21258 7543 
20554 15803 21265 7544 
20562 15806 21272 7545 
20567 15811 21275 7546 
20575 15814 21281 7549 
20580 15817 21288 7553 
20586 15824 21296 7554 
20598 15829 21298 7556 
20603 15831 21306 7558 
20608 15834 21312 7560 
20612 15841 21321 7565 
20615 15845 21327 7569 
20622 15853 21335 7572 
20629 15858 21342 7574 
20635 15861 21349 7577 
20641 15866 21354 7580 
20649 15874 21359 7581 
20656 15882 21365 7581 
20660 15886 21369 7585 
20671 15892 21377 7587 
20678 15897 21380 7587 
20684 15902 21389 7587 
20689 15906 21395 7589 
20693 15913 21405 7590 
20701 15918 21409 7597 
20703 15923 21417 7598 
20712 15926 21424 7601 
20717 15934 21428 7603 
20723 15938 21438 7605 
20724 15947 21446 7606 
20726 15952 21449 7607 
20728 15959 21453 7610 
20734 15964 21465 7613 
20739 15973 21471 7616 
20747 15976 21481 7619 
20755 15980 21491 7622 
20762 15983 21496 7624 
20768 15985 21504 7627 
20770 15991 21508 7629 
20774 15995 21513 7633 
20782 16001 21518 7638 
20791 16010 21523 7640 
20794 16018 21532 7644 
20796 16023 21540 7645 
20800 16030 21546 7650 
20806 16033 21554 7650 
20814 16036 21561 7653 
20824 16047 21567 7656 
20831 16051 21575 7657 
20835 16056 21577 7658 
20843 16058 21583 7659 
20846 16066 21594 7659 
20851 16070 21600 7662 
20855 16080 21611 7665 
20860 16085 21617 7668 
20866 16089 21620 7670 
20872 16091 21630 7671 
20877 16094 21634 7674 
20882 16097 21641 7677 
20888 16101 21648 7679 
20895 16105 21658 7680 
20898 16110 21666 7683 
20901 16117 21677 7687 
20910 16127 21682 7689 
20917 16132 21687 7693 
20926 16137 21692 7696 
20931 16144 21698 7702 
20938 16148 21708 7707 
20946 16152 21719 7709 
20953 16155 21721 7714 
20959 16160 21731 7715 
20964 16162 21739 7715 
20973 16170 21756 7716 
20977 16171 21766 7717 
20981 16175 21774 7718 
20989 16182 21780 7723 
20996 16187 21787 7726 
21001 16191 21792 7728 
21005 16199 21794 7728 
21011 16204 21799 7729 
21019 16209 21810 7732 
21026 16215 21815 7734 
21030 16218 21821 7735 
21036 16222 21829 7740 
21041 16224 21831 7740 
21045 16226 21838 7742 
21051 16227 21844 7743 
21057 16232 21852 7743 
21065 16239 21859 7746 
21070 16243 21865 7749 
21080 16248 21869 7751 
21087 16251 21877 7754 
21097 16253 21881 7755 
21103 16258 21886 7756 
21113 16266 21891 7758 
21116 16270 21902 7760 
21119 16276 21911 7764 
21124 16278 21917 7765 
21130 16282 21924 7766 
21133 16291 21928 7767 
21142 16295 21934 7768 
21149 16302 21942 7769 
21155 16305 21946 7770 
21165 16311 21957 7772 
21170 16318 21962 7774 
21179 16326 21966 7779 
21185 16337 21971 7781 
21188 16344 21977 7784 
21192 16349 21984 7785 
21202 16353 21992 7786 
21206 16357 22001 7789 
21211 16362 22006 7791 
21216 16364 22015 7793 
21220 16367 22021 7794 
21229 16373 22028 7796 
21237 16379 22035 7796 
21245 16380 22043 7802 
21254 16385 22049 7804 
21261 16394 22052 7806 
21265 16396 22061 7809 
21269 16399 22070 7811 
21276 16403 22078 7811 
21281 16406 22082 7811 
21283 16415 22087 7813 
21289 16419 22095 7816 
21298 16424 22101 7818 
21306 16426 22108 7820 
21310 16430 22118 7824 
21315 16436 22127 7826 
21321 16439 22134 7826 
21329 16440 22140 7828 
21334 16451 22144 7830 
21338 16459 22152 7831 
21346 16464 22156 7833 
21356 16470 22161 7833 
21360 16478 22169 7834 
21372 16485 22173 7838 
21380 16488 22175 7843 
21385 16493 22181 7847 
21391 16506 22187 7851 
21394 16508 22193 7854 
21400 16509 22200 7855 
21407 16516 22204 7858 
21413 16525 22214 7861 
21420 16533 22220 7863 
21422 16539 22222 7868 
21432 16541 22225 7870 
21440 16550 22234 7878 
21451 16554 22238 7881 
21458 16560 22243 7882 
21463 16565 22253 7883 
21473 16567 22257 7884 
21478 16570 22260 7885 
21487 16578 22266 7888 
21491 16581 22269 7895 
21499 16590 22277 7897 
21501 16596 22284 7899 
21506 16599 22287 7901 
21514 16612 22298 7907 
21519 16617 22303 7908 
21521 16622 22307 7910 
21526 16628 22315 7912 
21534 16631 22318 7913 
21539 16641 22329 7914 
21545 16644 22339 7915 
21552 16650 22347 7920 
21556 16657 22352 7925 
21561 16663 22360 7925 
21569 16665 22369 7926 
21580 16669 22376 7929 
21583 16671 22387 7931 
21588 16678 22395 7934 
21596 16680 22405 7936 
21599 16688 22417 7939 
21607 16689 22419 7939 
21615 16694 22426 7943 
21625 16694 22430 7946 
21632 16701 22440 7950 
21634 16703 22448 7952 
21637 16713 22453 7954 
21642 16719 22459 7956 
21647 16724 22464 7959 
21658 16731 22467 7960 
21668 16735 22470 7965 
21674 16739 22478 7965 
21684 16744 22483 7970 
21690 16750 22489 7973 
21694 16753 22494 7975 
21696 16764 22498 7978 
21706 16769 22503 7980 
21710 16773 22512 7982 
21711 16782 22517 7982 
21717 16787 22522 7985 
21725 16792 22531 7986 
21729 16796 22538 7988 
21733 16802 22543 7995 
21739 16806 22552 8000 
21745 16809 22560 8002 
21749 16815 22564 8004 
21756 16817 22566 8006 
21762 16822 22575 8007 
21768 16825 22580 8008 
21779 16833 22587 8009 
21787 16837 22592 8012 
21792 16841 22598 8016 
21795 16843 22606 8018 
21798 16850 22615 8025 
21801 16854 22621 8025 
21808 16860 22628 8029 
21812 16866 22631 8031 
21823 16869 22634 8034 
21829 16875 22645 8035 
21837 16878 22651 8039 
21846 16885 22657 8041 
21857 16892 22668 8042 
21861 16897 22675 8043 
21867 16904 22685 8048 
21874 16906 22694 8054 
21882 16909 22701 8057 
21890 16914 22707 8057 
21896 16922 22717 8058 
21899 16932 22723 8060 
21903 16939 22728 8064 
21908 16939 22733 8065 
21911 16942 22737 8068 
21916 16947 22743 8069 
21920 16949 22752 8070 
21927 16954 22758 8073 
21934 16956 22764 8077 
21943 16961 22771 8081 
21950 16968 22775 8082 
21955 16972 22779 8083 
21958 16976 22789 8088 
21967 16979 22795 8089 
21973 16980 22803 8090 
21979 16985 22805 8092 
21983 16988 22811 8094 
21991 16995 22818 8097 
21995 17002 22828 8101 
22003 17006 22832 8104 
22012 17010 22840 8105 
22017 17017 22844 8108 
22023 17020 22853 8111 
22029 17022 22858 8115 
22032 17026 22864 8119 
22036 17038 22868 8121 
22041 17046 22873 8123 
22045 17049 22883 8125 
22048 17056 22887 8128 
22050 17057 22889 8131 
22052 17058 22897 8134 
22056 17061 22903 8136 
22063 17062 22912 8138 
22074 17065 22919 8139 
22080 17071 22921 8142 
22084 17078 22927 8147 
22089 17081 22938 8151 
22097 17084 22941 8154 
22104 17087 22946 8154 
22109 17090 22955 8155 
22114 17094 22960 8158 
22119 17101 22964 8159 
22127 17109 22972 8159 
22135 17114 22983 8163 
22141 17119 22988 8167 
22144 17123 22991 8169 
22150 17126 22996 8170 
22155 17130 23001 8171 
22161 17134 23004 8172 
22165 17140 23011 8173 
22170 17144 23013 8178 
22176 17151 23021 8178 
22181 17158 23025 8179 
22186 17162 23029 8182 
22190 17167 23032 8184 
22198 17172 23038 8185 
22206 17176 23043 8188 
22210 17180 23049 8189 
22216 17186 23059 8192 
22224 17191 23063 8195 
22229 17201 23073 8201 
22234 17207 23080 8203 
22238 17215 23090 8208 
22244 17218 23093 8211 
22249 17227 23101 8212 
22255 17234 23105 8218 
22262 17235 23111 8220 
22275 17243 23121 8221 
22280 17246 23132 8224 
22282 17253 23139 8228 
22289 17260 23143 8231 
22295 17262 23152 8233 
22300 17266 23155 8235 
22308 17271 23162 8239 
