0 0 0 0 
8 2 4 0 
10 8 8 2 
11 14 13 5 
15 18 15 6 
21 28 19 8 
24 32 23 11 
27 34 26 12 
31 37 33 15 
36 39 37 18 
42 43 43 21 
49 45 48 24 
53 49 53 28 
58 55 64 32 
67 57 69 37 
69 58 75 39 
75 61 82 41 
81 61 87 42 
87 66 93 42 
95 69 100 46 
97 70 107 48 
99 73 115 50 
108 75 122 52 
117 76 128 57 
123 81 130 59 
128 85 141 61 
133 87 143 64 
140 91 146 65 
146 94 150 68 
153 96 154 69 
164 101 162 69 
170 105 167 72 
178 110 174 74 
185 114 177 74 
190 117 181 76 
198 120 182 79 
205 123 192 81 
212 130 200 83 
219 135 203 83 
225 140 207 88 
231 145 210 89 
237 147 213 90 
243 151 220 94 
252 152 224 95 
256 155 227 97 
264 156 233 100 
273 160 239 102 
276 167 248 107 
280 168 254 109 
285 171 258 110 
291 173 263 112 
297 176 267 112 
304 183 273 115 
311 186 278 116 
318 190 284 117 
320 194 290 117 
323 197 291 117 
329 201 298 117 
335 202 304 119 
343 203 308 122 
349 205 315 122 
353 211 321 124 
357 218 321 126 
362 222 327 126 
370 226 332 129 
376 228 342 131 
381 234 347 133 
387 244 356 134 
393 247 360 135 
396 250 365 139 
403 257 369 139 
410 260 374 142 
415 263 381 144 
417 269 388 151 
423 272 397 151 
429 276 401 153 
434 279 403 154 
439 285 407 156 
444 290 414 156 
447 293 423 157 
454 296 428 159 
460 301 434 160 
464 303 439 162 
471 306 448 164 
478 310 455 165 
484 315 460 168 
487 315 461 168 
494 319 466 172 
504 322 471 173 
510 324 472 173 
521 326 479 178 
529 330 484 181 
535 332 490 182 
542 335 494 186 
549 343 501 187 
553 350 507 187 
558 354 515 187 
563 361 517 190 
570 365 522 190 
574 369 524 190 
579 373 531 191 
585 375 535 192 
589 376 539 196 
596 381 543 197 
598 381 549 200 
604 382 556 202 
611 385 561 204 
620 387 572 207 
623 391 579 209 
628 398 586 209 
637 402 589 210 
641 404 596 211 
643 406 602 212 
647 410 611 213 
653 413 615 214 
657 416 618 215 
661 418 625 220 
666 421 633 221 
670 422 637 223 
678 426 642 223 
684 429 644 225 
694 431 647 228 
700 433 652 230 
706 436 657 231 
714 440 662 234 
720 443 665 238 
725 449 668 242 
731 450 677 247 
736 452 682 250 
746 457 684 251 
753 460 688 252 
756 461 692 254 
760 462 698 256 
763 467 705 257 
766 469 712 257 
771 476 720 260 
777 480 721 263 
783 483 727 266 
785 484 731 268 
792 485 734 268 
798 489 739 268 
803 494 743 270 
807 497 746 271 
812 498 751 274 
816 500 755 274 
821 503 758 277 
824 504 764 277 
829 505 769 279 
835 508 774 280 
837 510 777 282 
844 514 784 284 
849 516 790 285 
855 520 800 285 
860 526 802 286 
864 528 805 287 
867 532 807 288 
874 534 812 289 
882 539 817 290 
886 541 822 291 
889 545 826 293 
894 547 831 295 
899 549 835 297 
905 556 840 298 
913 561 843 301 
919 564 851 302 
924 566 856 304 
927 570 863 308 
936 573 870 312 
941 575 876 314 
948 579 881 315 
953 587 887 318 
964 593 890 319 
966 594 899 321 
973 598 902 321 
978 602 910 321 
983 602 917 323 
991 606 920 324 
996 611 926 325 
1001 612 929 329 
1005 615 936 331 
1009 618 941 333 
1014 618 945 335 
1024 620 951 335 
1032 627 956 335 
1039 631 960 336 
1041 635 971 339 
1044 642 976 340 
1048 643 987 342 
1050 645 994 343 
1052 652 1001 345 
1061 654 1004 348 
1062 657 1009 349 
1066 661 1012 350 
1074 666 1016 351 
1084 671 1021 352 
1085 674 1028 352 
1087 676 1032 353 
1094 680 1036 353 
1103 683 1047 354 
1111 687 1055 355 
1118 688 1057 356 
1122 691 1060 357 
1132 695 1064 357 
1135 696 1071 357 
1141 700 1077 362 
1145 703 1080 363 
1148 706 1084 365 
1154 710 1090 366 
1160 715 1098 367 
1168 721 1104 373 
1172 728 1106 375 
1182 731 1114 375 
1189 732 1119 377 
1194 738 1124 381 
1197 747 1128 382 
1203 754 1133 383 
1207 758 1134 384 
1211 761 1137 388 
1218 763 1142 388 
1226 767 1145 391 
1229 772 1151 393 
1238 774 1157 394 
1242 778 1160 395 
1243 785 1165 397 
1254 788 1172 398 
1261 794 1175 399 
1266 799 1181 402 
1269 802 1185 404 
1272 809 1192 408 
1275 814 1197 409 
1279 818 1201 410 
1282 822 1207 412 
1284 826 1218 414 
1290 828 1227 416 
1291 830 1233 419 
1299 832 1237 420 
1302 834 1241 425 
1309 837 1246 426 
1314 841 1249 429 
1317 843 1255 429 
1325 846 1257 430 
1332 847 1262 434 
1337 852 1267 435 
1343 857 1272 437 
1347 865 1276 438 
1349 866 1279 439 
1357 869 1279 443 
1367 872 1284 443 
1369 879 1290 444 
1371 883 1296 445 
1375 889 1303 446 
1382 892 1308 447 
1382 899 1315 447 
1386 904 1321 450 
1393 907 1325 451 
1401 909 1330 453 
1407 913 1330 456 
1417 918 1335 457 
1421 920 1341 461 
1425 922 1347 462 
1432 929 1351 464 
1437 931 1357 467 
1439 934 1363 467 
1440 935 1364 467 
1448 937 1370 470 
1459 939 1378 473 
1466 942 1383 476 
1470 945 1384 478 
1476 947 1386 478 
1482 949 1394 478 
1488 952 1395 479 
1496 956 1400 483 
1502 962 1404 483 
1509 965 1413 484 
1512 973 1418 484 
1518 978 1424 486 
1520 984 1427 487 
1527 987 1431 488 
1533 988 1434 490 
1537 989 1442 493 
1543 991 1445 494 
1550 998 1451 496 
1560 1001 1458 498 
1569 1003 1463 502 
1577 1005 1470 503 
1579 1010 1479 507 
1584 1014 1483 510 
1591 1020 1489 515 
1601 1024 1497 516 
1606 1026 1499 518 
1608 1030 1502 519 
1615 1034 1507 519 
1620 1040 1516 523 
1629 1043 1520 523 
1637 1049 1530 529 
1643 1053 1537 531 
1651 1055 1542 533 
1658 1062 1548 535 
1666 1066 1559 538 
1671 1069 1561 541 
1677 1073 1565 542 
1681 1081 1568 545 
1683 1084 1574 547 
1689 1090 1580 547 
1694 1092 1586 548 
1699 1095 1592 549 
1706 1096 1599 550 
1710 1097 1607 550 
1716 1099 1610 553 
1722 1101 1617 554 
1726 1103 1623 554 
1730 1107 1628 558 
1735 1112 1635 560 
1739 1118 1639 562 
1744 1120 1642 564 
1746 1127 1644 567 
1753 1130 1648 568 
1754 1132 1654 573 
1758 1136 1663 578 
1766 1140 1663 581 
1773 1143 1667 583 
1780 1148 1671 583 
1785 1152 1680 587 
1793 1157 1681 588 
1801 1160 1686 588 
1810 1166 1689 589 
1812 1171 1693 591 
1816 1172 1698 595 
1821 1174 1704 596 
1823 1179 1710 599 
1829 1184 1714 602 
1833 1190 1719 603 
1844 1191 1724 606 
1849 1196 1728 608 
1853 1199 1735 611 
1855 1201 1739 611 
1860 1207 1741 613 
1869 1213 1747 613 
1874 1217 1752 615 
1884 1219 1758 616 
1889 1221 1763 616 
1894 1225 1768 618 
1900 1229 1772 619 
1905 1234 1780 621 
1911 1235 1784 623 
1914 1237 1787 628 
1917 1244 1792 633 
1922 1250 1794 634 
1925 1258 1803 636 
1925 1260 1805 637 
1935 1264 1812 639 
1942 1271 1819 642 
1949 1276 1823 644 
1953 1279 1826 645 
1956 1280 1833 645 
1962 1283 1840 647 
1970 1288 1845 651 
1976 1290 1852 652 
1983 1296 1858 653 
1988 1299 1863 655 
1993 1302 1865 657 
2000 1306 1871 658 
2005 1307 1873 660 
2011 1311 1882 662 
2017 1311 1890 664 
2020 1316 1891 664 
2026 1321 1896 668 
2031 1328 1902 670 
2036 1331 1912 671 
2040 1335 1915 672 
2044 1339 1920 673 
2048 1344 1926 675 
2050 1348 1931 678 
2053 1352 1935 682 
2061 1355 1937 682 
2066 1357 1938 683 
2070 1363 1944 684 
2073 1364 1952 690 
2082 1366 1959 692 
2091 1369 1966 693 
2097 1373 1969 693 
2104 1375 1975 695 
2108 1379 1979 695 
2112 1383 1984 696 
2121 1383 1989 698 
2128 1385 1993 705 
2133 1388 1999 707 
2138 1394 2002 709 
2142 1398 2003 711 
2147 1403 2006 711 
2151 1405 2011 714 
2155 1411 2015 714 
2161 1415 2019 714 
2164 1420 2024 715 
2173 1426 2030 715 
2176 1429 2037 717 
2179 1431 2042 718 
2182 1437 2044 718 
2185 1444 2047 718 
2188 1449 2055 719 
2191 1452 2059 722 
2196 1458 2066 724 
2201 1464 2070 725 
2203 1468 2075 728 
2210 1471 2079 732 
2215 1475 2082 734 
2220 1479 2084 736 
2226 1481 2092 736 
2230 1484 2097 736 
2237 1488 2107 737 
2242 1492 2112 738 
2249 1496 2118 738 
2254 1502 2124 738 
2260 1509 2128 741 
2266 1510 2135 741 
2271 1514 2142 742 
2276 1519 2146 742 
2285 1521 2151 744 
2286 1525 2155 746 
2292 1528 2160 748 
2298 1532 2167 751 
2305 1538 2168 752 
2313 1545 2175 753 
2317 1548 2181 754 
2324 1551 2188 756 
2329 1553 2196 760 
2336 1556 2204 763 
2343 1559 2206 764 
2350 1564 2214 765 
2356 1570 2217 768 
2357 1572 2226 769 
2361 1574 2232 770 
2368 1576 2238 770 
2374 1578 2245 772 
2379 1582 2248 773 
2386 1586 2258 773 
2392 1592 2263 773 
2395 1594 2268 774 
2396 1595 2275 778 
2404 1600 2280 781 
2412 1605 2284 782 
2417 1609 2287 784 
2417 1610 2296 787 
2422 1615 2299 792 
2425 1620 2301 792 
2429 1626 2306 793 
2437 1629 2310 795 
2441 1631 2315 798 
2446 1633 2321 798 
2451 1639 2326 800 
2460 1642 2330 801 
2463 1643 2338 801 
2467 1647 2343 802 
2474 1654 2350 805 
2479 1658 2355 810 
2484 1662 2358 813 
2491 1668 2363 815 
2495 1670 2371 815 
2500 1673 2375 817 
2506 1675 2383 818 
2513 1679 2385 819 
2518 1683 2390 822 
2522 1691 2393 824 
2526 1693 2397 826 
2529 1699 2401 827 
2530 1706 2407 829 
2538 1712 2414 829 
2541 1717 2417 831 
2548 1721 2422 832 
2555 1723 2429 835 
2561 1725 2436 838 
2566 1728 2443 839 
2576 1735 2448 840 
2584 1739 2451 841 
2590 1745 2457 842 
2595 1747 2460 844 
2597 1748 2464 846 
2608 1750 2468 846 
2614 1754 2470 848 
2618 1757 2476 850 
2624 1764 2480 854 
2637 1769 2484 855 
2642 1776 2489 855 
2645 1781 2496 857 
2650 1784 2502 859 
2658 1787 2509 860 
2666 1793 2511 864 
2670 1795 2515 868 
2675 1796 2518 870 
2678 1798 2523 871 
2681 1803 2526 872 
2682 1808 2529 873 
2686 1810 2534 876 
2690 1815 2537 879 
2696 1821 2540 882 
2703 1827 2553 885 
2710 1828 2561 888 
2713 1833 2569 890 
2720 1834 2577 891 
2723 1837 2580 894 
2733 1841 2591 895 
2739 1844 2594 896 
2745 1848 2596 897 
2750 1854 2600 898 
2755 1857 2605 900 
2757 1861 2610 902 
2760 1864 2615 906 
2766 1868 2621 907 
2772 1869 2627 908 
2779 1875 2631 910 
2780 1880 2634 911 
2784 1887 2640 912 
2787 1894 2644 912 
2795 1899 2649 914 
2803 1903 2657 916 
2808 1906 2664 923 
2812 1911 2669 924 
2819 1915 2674 924 
2828 1922 2677 927 
2833 1926 2678 927 
2840 1930 2686 930 
2842 1932 2690 931 
2850 1934 2696 931 
2853 1937 2702 935 
2859 1942 2706 936 
2866 1944 2710 938 
2872 1951 2716 938 
2880 1956 2719 939 
2887 1957 2727 945 
2892 1960 2732 946 
2898 1962 2740 949 
2904 1962 2745 951 
2910 1967 2752 951 
2917 1972 2756 954 
2921 1975 2758 956 
2922 1978 2759 958 
2926 1983 2764 959 
2930 1987 2768 959 
2935 1995 2773 959 
2938 1998 2779 960 
2943 2004 2784 963 
2950 2007 2789 965 
2957 2012 2790 965 
2963 2017 2794 966 
2968 2021 2798 971 
2971 2024 2803 973 
2974 2031 2812 976 
2977 2033 2821 979 
2983 2038 2826 980 
2985 2045 2832 981 
2987 2048 2838 981 
2992 2049 2843 985 
3001 2051 2848 986 
3004 2054 2850 988 
3005 2056 2853 993 
3010 2059 2857 993 
3014 2062 2860 996 
3022 2066 2864 998 
3024 2069 2870 1000 
3031 2073 2874 1000 
3037 2080 2881 1000 
3043 2083 2887 1001 
3047 2089 2893 1005 
3052 2098 2898 1007 
3060 2102 2900 1010 
3069 2106 2903 1011 
3077 2115 2907 1012 
3082 2116 2915 1012 
3083 2122 2919 1014 
3086 2126 2922 1019 
3093 2128 2923 1022 
3096 2133 2928 1026 
3101 2137 2933 1026 
3111 2142 2937 1029 
3117 2146 2947 1031 
3122 2152 2954 1031 
3129 2155 2958 1035 
3132 2160 2962 1037 
3141 2162 2967 1038 
3149 2167 2971 1041 
3153 2173 2982 1042 
3161 2178 2985 1045 
3170 2181 2993 1047 
3176 2184 2997 1047 
3182 2187 2998 1049 
3190 2190 3003 1051 
3196 2192 3009 1051 
3202 2196 3015 1054 
3206 2200 3020 1055 
3206 2206 3024 1057 
3211 2210 3027 1058 
3214 2216 3032 1060 
3223 2220 3036 1062 
3225 2225 3040 1062 
3230 2235 3045 1065 
3240 2241 3047 1068 
3247 2246 3053 1072 
3249 2252 3062 1078 
3255 2258 3068 1081 
3265 2259 3074 1085 
3269 2264 3081 1089 
3272 2268 3084 1092 
3278 2269 3090 1094 
3285 2274 3097 1096 
3289 2278 3108 1098 
3299 2280 3110 1099 
3304 2284 3117 1100 
3310 2288 3125 1101 
3312 2288 3132 1102 
3317 2290 3133 1104 
3321 2292 3142 1106 
3328 2298 3147 1110 
3334 2300 3150 1112 
3342 2306 3157 1113 
3350 2308 3165 1113 
3354 2311 3166 1115 
3356 2314 3174 1119 
3362 2318 3177 1120 
3367 2322 3189 1120 
3369 2324 3194 1123 
3374 2326 3200 1127 
3381 2330 3205 1131 
3386 2338 3209 1132 
3391 2344 3215 1134 
3395 2354 3218 1135 
3402 2358 3222 1137 
3408 2360 3225 1141 
3412 2363 3233 1141 
3419 2367 3238 1142 
3422 2367 3246 1145 
3428 2369 3251 1148 
3433 2372 3259 1149 
3441 2376 3264 1151 
3443 2383 3268 1155 
3449 2387 3272 1156 
3455 2390 3272 1159 
3465 2395 3278 1160 
3469 2398 3286 1164 
3473 2403 3292 1168 
3477 2407 3297 1168 
3483 2416 3301 1171 
3488 2416 3304 1174 
3491 2424 3309 1175 
3497 2431 3311 1177 
3503 2436 3316 1179 
3506 2441 3319 1180 
3511 2443 3327 1182 
3514 2445 3329 1182 
3519 2448 3338 1184 
3525 2452 3342 1185 
3531 2456 3352 1186 
3535 2464 3355 1188 
3538 2466 3360 1189 
3543 2469 3364 1191 
3546 2472 3371 1192 
3554 2477 3378 1200 
3554 2484 3385 1201 
3559 2488 3389 1204 
3560 2489 3391 1205 
3567 2499 3396 1205 
3571 2502 3401 1207 
3575 2507 3407 1208 
3580 2513 3412 1211 
3584 2519 3418 1212 
3592 2524 3422 1214 
3597 2527 3428 1215 
3602 2528 3432 1215 
3612 2532 3441 1216 
3619 2534 3446 1218 
3628 2539 3450 1218 
3632 2543 3456 1218 
3633 2546 3463 1218 
3639 2554 3469 1219 
3643 2556 3476 1220 
3649 2557 3483 1221 
3657 2561 3485 1223 
3661 2564 3490 1224 
3666 2571 3496 1227 
3669 2575 3502 1230 
3672 2579 3507 1232 
3679 2579 3513 1235 
3683 2584 3521 1235 
3687 2592 3525 1238 
3694 2594 3529 1241 
3701 2596 3536 1242 
3704 2602 3541 1244 
3709 2603 3546 1246 
3719 2606 3549 1248 
3723 2610 3558 1253 
3725 2613 3561 1254 
3730 2618 3564 1255 
3736 2620 3573 1256 
3741 2623 3577 1258 
3746 2626 3585 1259 
3752 2630 3590 1260 
3753 2635 3601 1260 
3758 2639 3607 1262 
3766 2645 3617 1262 
3773 2647 3619 1265 
3775 2650 3624 1268 
3782 2656 3629 1271 
3785 2663 3630 1273 
3786 2668 3636 1273 
3789 2671 3640 1275 
3791 2674 3645 1277 
3797 2678 3651 1279 
3803 2681 3657 1280 
3808 2684 3661 1283 
3812 2686 3667 1284 
3820 2689 3674 1287 
3825 2693 3679 1290 
3830 2701 3684 1291 
3839 2705 3690 1293 
3850 2705 3694 1296 
3853 2707 3696 1299 
3858 2711 3701 1300 
3862 2713 3708 1303 
3869 2717 3714 1303 
3874 2719 3719 1312 
3878 2723 3723 1315 
3883 2724 3731 1318 
3890 2726 3736 1318 
3892 2732 3741 1320 
3898 2736 3748 1321 
3903 2738 3752 1324 
3906 2740 3755 1325 
3911 2742 3760 1325 
3912 2747 3765 1326 
3914 2753 3769 1327 
3924 2757 3778 1327 
3930 2759 3786 1328 
3934 2764 3787 1330 
3942 2768 3789 1332 
3948 2773 3796 1333 
3956 2778 3806 1333 
3963 2778 3815 1334 
3976 2782 3821 1338 
3980 2786 3825 1340 
3982 2789 3828 1342 
3989 2794 3830 1343 
3995 2799 3833 1344 
4002 2805 3840 1346 
4011 2808 3848 1347 
4019 2813 3853 1349 
4024 2816 3857 1350 
4032 2821 3860 1353 
4042 2828 3862 1353 
4049 2832 3869 1354 
4056 2835 3877 1357 
4061 2841 3880 1357 
4067 2844 3886 1359 
4070 2849 3890 1360 
4074 2854 3897 1364 
4084 2858 3904 1366 
4091 2859 3911 1366 
4098 2865 3915 1366 
4101 2870 3924 1368 
4110 2872 3933 1368 
4117 2874 3935 1369 
4126 2874 3939 1370 
4133 2879 3950 1372 
4139 2884 3957 1373 
4143 2888 3963 1375 
4149 2893 3968 1380 
4156 2898 3971 1384 
4163 2900 3980 1385 
4173 2904 3982 1386 
4178 2908 3988 1386 
4180 2911 3995 1386 
4186 2917 3997 1390 
4192 2923 4003 1391 
4198 2925 4006 1392 
4206 2929 4011 1393 
4215 2933 4021 1397 
4217 2937 4023 1402 
4221 2938 4028 1406 
4228 2940 4035 1408 
4233 2950 4044 1413 
4236 2953 4048 1414 
4242 2956 4054 1416 
4249 2960 4057 1417 
4254 2967 4059 1418 
4261 2971 4062 1420 
4264 2976 4065 1421 
4268 2980 4069 1421 
4276 2984 4071 1426 
4281 2987 4076 1430 
4285 2990 4082 1432 
4287 2993 4090 1434 
4288 2994 4098 1438 
4298 2998 4102 1439 
4304 2999 4108 1441 
4307 3001 4113 1445 
4313 3010 4116 1445 
4324 3017 4125 1451 
4329 3021 4133 1451 
4332 3023 4136 1451 
4334 3024 4143 1452 
4341 3030 4151 1454 
4346 3033 4156 1455 
4350 3039 4163 1457 
4360 3041 4170 1459 
4369 3044 4171 1460 
4373 3047 4176 1462 
4379 3052 4180 1465 
4384 3056 4182 1467 
4389 3059 4189 1468 
4396 3061 4192 1468 
4400 3067 4195 1468 
4403 3071 4200 1470 
4408 3074 4202 1471 
4417 3079 4209 1473 
4423 3083 4212 1474 
4430 3089 4217 1475 
4437 3090 4225 1476 
4440 3094 4233 1476 
4446 3100 4239 1478 
4451 3106 4246 1480 
4457 3111 4249 1485 
4460 3113 4255 1487 
4463 3115 4258 1487 
4470 3120 4268 1491 
4478 3120 4276 1491 
4483 3124 4284 1493 
4490 3127 4291 1495 
4495 3132 4297 1498 
4497 3137 4304 1501 
4500 3139 4309 1502 
4504 3144 4315 1504 
4510 3145 4322 1506 
4515 3151 4326 1507 
4524 3152 4328 1510 
4531 3153 4332 1511 
4534 3155 4335 1511 
4544 3158 4344 1514 
4552 3162 4351 1514 
4557 3168 4359 1517 
4566 3174 4362 1518 
4570 3179 4366 1520 
4574 3183 4371 1524 
4579 3189 4379 1530 
4585 3192 4382 1533 
4592 3194 4387 1534 
4597 3198 4391 1536 
4601 3202 4398 1538 
4607 3203 4402 1539 
4614 3210 4409 1540 
4618 3217 4413 1541 
4625 3219 4422 1541 
4629 3223 4431 1544 
4635 3227 4436 1546 
4641 3232 4442 1548 
4645 3238 4446 1548 
4651 3242 4449 1550 
4655 3248 4454 1556 
4657 3252 4459 1561 
4663 3254 4465 1564 
4667 3256 4474 1567 
4676 3258 4479 1568 
4682 3262 4483 1571 
4684 3266 4490 1573 
4687 3266 4497 1574 
4694 3274 4507 1575 
4699 3275 4509 1577 
4708 3278 4511 1579 
4715 3281 4515 1581 
4720 3289 4519 1581 
4729 3292 4524 1585 
4734 3295 4529 1589 
4739 3299 4534 1591 
4743 3302 4536 1595 
4746 3307 4541 1596 
4750 3313 4548 1597 
4756 3319 4551 1601 
4763 3322 4559 1603 
4767 3324 4564 1606 
4772 3330 4570 1608 
4781 3335 4576 1609 
4789 3340 4582 1613 
4794 3342 4592 1616 
4801 3343 4598 1617 
4804 3348 4600 1621 
4807 3352 4605 1622 
4814 3357 4608 1625 
4817 3361 4614 1625 
4821 3365 4616 1625 
4825 3367 4620 1626 
4825 3375 4626 1627 
4831 3378 4629 1630 
4837 3382 4633 1631 
4842 3385 4636 1634 
4847 3389 4640 1636 
4851 3393 4642 1637 
4859 3395 4645 1638 
4862 3400 4649 1642 
4867 3406 4654 1643 
4872 3408 4663 1643 
4875 3412 4669 1644 
4880 3416 4672 1647 
4885 3419 4682 1648 
4893 3423 4685 1651 
4900 3423 4690 1653 
4907 3429 4698 1656 
4912 3437 4702 1658 
4918 3441 4707 1660 
4923 3444 4713 1664 
4929 3447 4715 1666 
4935 3453 4719 1670 
4938 3455 4727 1673 
4949 3459 4734 1675 
4952 3461 4739 1677 
4959 3465 4744 1679 
4962 3467 4751 1679 
4966 3472 4755 1684 
4974 3476 4760 1685 
4979 3483 4767 1687 
4983 3484 4777 1688 
4989 3488 4780 1688 
4991 3490 4786 1688 
4992 3490 4795 1689 
5003 3495 4805 1689 
5007 3499 4811 1693 
5015 3504 4818 1693 
5025 3508 4825 1693 
5030 3511 4831 1696 
5037 3516 4839 1698 
5040 3521 4844 1700 
5046 3523 4846 1700 
5050 3525 4851 1701 
5056 3530 4853 1705 
5066 3534 4856 1707 
5068 3539 4857 1709 
5071 3544 4860 1709 
5079 3551 4868 1709 
5079 3553 4874 1710 
5088 3556 4878 1711 
5089 3561 4881 1714 
5093 3571 4884 1716 
5096 3577 4889 1718 
5098 3585 4892 1720 
5100 3590 4896 1720 
5105 3593 4904 1722 
5109 3597 4909 1725 
5113 3602 4920 1726 
5120 3604 4928 1727 
5127 3606 4931 1727 
5128 3610 4935 1728 
5132 3615 4942 1730 
5139 3622 4946 1730 
5146 3629 4950 1731 
5151 3632 4953 1733 
5154 3637 4960 1734 
5156 3646 4967 1737 
5162 3649 4970 1737 
5169 3652 4977 1740 
5172 3657 4983 1741 
5174 3661 4988 1743 
5181 3663 4989 1746 
5190 3668 4994 1747 
5192 3675 5000 1748 
5198 3677 5005 1750 
5202 3682 5010 1752 
5205 3686 5014 1754 
5213 3687 5016 1756 
5218 3692 5020 1759 
5226 3694 5028 1760 
5231 3695 5033 1763 
5239 3698 5034 1765 
5241 3702 5043 1766 
5243 3708 5048 1766 
5247 3711 5054 1769 
5255 3717 5056 1771 
5261 3720 5059 1774 
5267 3723 5063 1776 
5272 3727 5069 1777 
5277 3732 5074 1779 
5285 3734 5079 1781 
5292 3735 5086 1782 
5295 3741 5092 1784 
5299 3742 5096 1789 
5302 3745 5098 1792 
5306 3748 5104 1794 
5312 3752 5113 1795 
5316 3757 5119 1797 
5321 3760 5124 1801 
5329 3765 5125 1802 
5339 3771 5127 1802 
5344 3778 5133 1806 
5350 3783 5136 1806 
5352 3789 5144 1806 
5356 3793 5148 1809 
5357 3796 5151 1810 
5361 3804 5156 1812 
5367 3808 5162 1813 
5374 3815 5165 1813 
5381 3817 5171 1815 
5384 3824 5174 1816 
5390 3827 5181 1819 
5394 3831 5189 1822 
5398 3834 5196 1824 
5402 3836 5198 1826 
5407 3844 5202 1827 
5409 3845 5211 1829 
5412 3846 5214 1829 
5416 3851 5219 1829 
5421 3853 5223 1833 
5427 3857 5227 1837 
5430 3860 5230 1837 
5437 3862 5232 1840 
5439 3865 5238 1843 
5451 3869 5239 1845 
5458 3874 5245 1849 
5460 3875 5250 1849 
5470 3878 5256 1851 
5478 3881 5264 1853 
5486 3885 5271 1854 
5491 3889 5272 1855 
5493 3891 5277 1857 
5495 3897 5284 1860 
5505 3900 5290 1862 
5510 3908 5297 1863 
5516 3913 5300 1864 
5519 3916 5305 1867 
5525 3924 5311 1868 
5529 3929 5317 1869 
5536 3935 5325 1871 
5542 3944 5329 1872 
5547 3950 5334 1874 
5551 3952 5344 1876 
5556 3958 5346 1876 
5560 3963 5350 1877 
5564 3964 5354 1878 
5566 3966 5356 1879 
5570 3968 5363 1880 
5577 3969 5364 1881 
5583 3973 5371 1885 
5589 3976 5375 1888 
5593 3984 5379 1889 
5603 3989 5387 1890 
5610 3992 5393 1891 
5614 3995 5398 1892 
5618 3998 5401 1895 
5627 4000 5410 1895 
5631 4003 5413 1896 
5634 4006 5418 1896 
5644 4007 5426 1897 
5646 4013 5432 1901 
5650 4017 5437 1902 
5656 4018 5444 1904 
5658 4021 5449 1907 
5661 4024 5456 1907 
5665 4027 5464 1909 
5671 4031 5469 1909 
5679 4035 5476 1911 
5685 4036 5479 1913 
5693 4036 5484 1916 
5702 4041 5491 1920 
5708 4048 5496 1921 
5712 4052 5504 1923 
5717 4054 5512 1924 
5725 4057 5517 1925 
5735 4062 5520 1925 
5739 4065 5530 1929 
5750 4067 5534 1930 
5760 4070 5540 1932 
5762 4078 5545 1938 
5764 4082 5548 1941 
5769 4085 5556 1943 
5773 4096 5561 1945 
5780 4103 5567 1946 
5787 4105 5572 1948 
5792 4106 5578 1949 
5799 4114 5583 1951 
5804 4118 5587 1952 
5808 4121 5591 1956 
5812 4124 5595 1960 
5818 4127 5600 1962 
5825 4131 5608 1966 
5832 4137 5612 1971 
5837 4142 5619 1974 
5841 4147 5629 1975 
5846 4150 5631 1975 
5852 4156 5633 1980 
5858 4163 5642 1980 
5863 4165 5649 1982 
5867 4170 5653 1983 
5871 4173 5660 1983 
5878 4177 5667 1987 
5884 4182 5671 1988 
5887 4187 5673 1988 
5893 4197 5680 1989 
5897 4204 5684 1990 
5901 4210 5690 1992 
5908 4213 5693 1994 
5913 4218 5695 1994 
5917 4222 5702 1999 
5920 4228 5705 2001 
5928 4231 5709 2004 
5934 4236 5713 2006 
5939 4236 5722 2008 
5942 4237 5724 2009 
5948 4239 5729 2010 
5955 4240 5734 2010 
5964 4242 5737 2012 
5968 4245 5740 2013 
5971 4249 5744 2013 
5975 4250 5748 2013 
5978 4253 5750 2014 
5983 4254 5756 2018 
5991 4258 5763 2021 
5996 4261 5766 2022 
6005 4263 5772 2023 
6013 4265 5778 2025 
6019 4270 5786 2025 
6029 4272 5792 2027 
6034 4277 5797 2028 
6043 4281 5802 2032 
6049 4283 5807 2034 
6052 4287 5815 2039 
6056 4291 5817 2039 
6062 4295 5826 2040 
6067 4301 5830 2045 
6073 4303 5835 2045 
6084 4307 5840 2045 
6086 4313 5844 2048 
6091 4315 5849 2048 
6095 4320 5854 2051 
6101 4321 5858 2051 
6103 4323 5862 2052 
6110 4328 5866 2055 
6115 4331 5876 2058 
6118 4336 5881 2058 
6126 4337 5888 2063 
6134 4341 5894 2063 
6141 4344 5898 2065 
6146 4348 5902 2068 
6151 4353 5906 2069 
6157 4357 5911 2070 
6160 4363 5914 2072 
6167 4365 5917 2074 
6167 4370 5923 2076 
6167 4377 5933 2078 
6173 4384 5938 2081 
6176 4390 5944 2082 
6183 4392 5948 2083 
6183 4397 5951 2085 
6190 4402 5954 2086 
6199 4405 5959 2088 
6203 4407 5962 2090 
6209 4409 5967 2090 
6213 4413 5970 2092 
6216 4417 5980 2095 
6221 4419 5984 2097 
6235 4423 5988 2099 
6242 4426 5997 2101 
6248 4431 6001 2103 
6253 4437 6006 2104 
6258 4439 6010 2108 
6265 4440 6018 2111 
6267 4444 6030 2111 
6274 4448 6034 2111 
6285 4454 6038 2112 
6291 4459 6041 2112 
6297 4462 6043 2113 
6301 4470 6046 2114 
6311 4475 6052 2114 
6315 4480 6055 2116 
6324 4483 6063 2119 
6331 4488 6071 2122 
6335 4491 6074 2123 
6343 4498 6078 2125 
6350 4502 6081 2126 
6358 4503 6090 2127 
6365 4512 6093 2127 
6370 4513 6096 2129 
6377 4517 6100 2130 
6383 4525 6103 2134 
6385 4529 6110 2135 
6391 4534 6114 2135 
6400 4539 6119 2137 
6405 4543 6123 2139 
6416 4548 6129 2143 
6423 4550 6134 2143 
6431 4556 6138 2144 
6435 4560 6144 2146 
6439 4565 6152 2146 
6446 4568 6156 2147 
6454 4573 6162 2153 
6460 4580 6169 2155 
6463 4588 6170 2158 
6467 4595 6173 2163 
6474 4600 6177 2166 
6483 4605 6181 2167 
6489 4610 6188 2168 
6494 4615 6194 2168 
6502 4619 6197 2172 
6508 4621 6202 2173 
6512 4624 6207 2177 
6520 4631 6210 2178 
6529 4639 6215 2182 
6536 4644 6219 2182 
6541 4647 6225 2183 
6546 4654 6232 2185 
6550 4658 6239 2186 
6557 4665 6246 2187 
6560 4668 6251 2189 
6567 4675 6257 2191 
6570 4678 6262 2192 
6576 4684 6268 2196 
6581 4688 6276 2203 
6589 4693 6281 2205 
6597 4696 6283 2207 
6603 4703 6287 2209 
6609 4708 6291 2211 
6614 4712 6298 2213 
6621 4714 6300 2216 
6626 4719 6305 2217 
6634 4726 6313 2217 
6639 4729 6317 2221 
6641 4732 6325 2222 
6645 4739 6330 2223 
6651 4740 6332 2224 
6659 4744 6336 2225 
6663 4746 6339 2227 
6668 4751 6342 2230 
6675 4752 6347 2230 
6678 4756 6355 2232 
6682 4759 6360 2233 
6689 4761 6366 2233 
6695 4764 6371 2234 
6703 4770 6380 2236 
6709 4775 6390 2237 
6715 4779 6393 2238 
6719 4784 6400 2238 
6726 4792 6404 2239 
6729 4799 6409 2242 
6735 4806 6411 2244 
6740 4812 6415 2244 
6740 4817 6424 2246 
6746 4819 6428 2246 
6756 4824 6436 2246 
6762 4826 6441 2250 
6769 4832 6446 2251 
6773 4833 6452 2254 
6778 4837 6458 2257 
6781 4842 6466 2259 
6786 4844 6469 2260 
6794 4846 6472 2263 
6802 4850 6476 2264 
6806 4854 6479 2264 
6809 4857 6485 2267 
6819 4859 6489 2267 
6821 4862 6498 2271 
6825 4865 6507 2272 
6831 4874 6514 2276 
6839 4880 6521 2278 
6844 4889 6526 2281 
6851 4895 6532 2283 
6858 4898 6537 2284 
6862 4902 6542 2289 
6871 4904 6550 2289 
6879 4905 6555 2291 
6883 4911 6560 2291 
6886 4916 6565 2295 
6895 4919 6569 2296 
6901 4923 6577 2299 
6907 4926 6584 2299 
6912 4928 6593 2300 
6918 4937 6595 2302 
6923 4940 6599 2305 
6928 4942 6604 2306 
6936 4950 6610 2309 
6940 4954 6615 2312 
6941 4963 6619 2315 
6948 4969 6621 2317 
6951 4971 6625 2318 
6958 4973 6628 2322 
6960 4976 6634 2322 
6964 4982 6639 2322 
6970 4986 6642 2325 
6976 4992 6645 2329 
6981 4997 6651 2332 
6990 5000 6657 2335 
6996 5006 6661 2336 
7000 5010 6665 2337 
7004 5012 6668 2338 
7011 5016 6671 2339 
7015 5018 6675 2340 
7021 5022 6684 2341 
7027 5028 6690 2343 
7031 5032 6694 2345 
7036 5036 6701 2345 
7042 5042 6704 2345 
7052 5045 6707 2347 
7054 5052 6711 2349 
7058 5056 6717 2350 
7061 5058 6722 2353 
7065 5063 6729 2354 
7068 5071 6734 2354 
7074 5075 6739 2357 
7079 5079 6745 2359 
7080 5088 6751 2360 
7088 5094 6760 2361 
7093 5097 6765 2363 
7099 5101 6770 2364 
7103 5107 6777 2365 
7108 5109 6783 2371 
7113 5111 6789 2372 
7124 5113 6791 2373 
7129 5117 6794 2375 
7136 5125 6796 2377 
7142 5131 6808 2378 
7149 5133 6812 2380 
7155 5136 6819 2383 
7160 5144 6819 2388 
7162 5149 6825 2390 
7164 5157 6829 2393 
7170 5160 6832 2394 
7173 5166 6839 2396 
7182 5170 6842 2399 
7185 5174 6848 2402 
7191 5175 6853 2406 
7193 5182 6857 2408 
7199 5185 6859 2409 
7206 5186 6865 2412 
7213 5190 6870 2413 
7220 5196 6877 2414 
7226 5200 6882 2416 
7230 5206 6892 2419 
7234 5208 6897 2421 
7237 5208 6904 2423 
7237 5213 6911 2424 
7241 5220 6913 2426 
7250 5223 6918 2427 
7254 5226 6921 2428 
7261 5229 6926 2429 
7268 5233 6931 2430 
7276 5236 6936 2433 
7283 5239 6941 2437 
7289 5245 6943 2439 
7292 5248 6947 2442 
7295 5250 6955 2443 
7296 5252 6962 2444 
7304 5255 6966 2444 
7307 5259 6972 2445 
7314 5265 6976 2446 
7319 5269 6983 2449 
7324 5274 6991 2451 
7329 5277 6995 2454 
7333 5286 7001 2455 
7338 5289 7005 2458 
7341 5295 7010 2460 
7348 5296 7013 2462 
7351 5299 7017 2465 
7358 5304 7018 2467 
7362 5306 7025 2471 
7371 5310 7032 2472 
7374 5314 7039 2474 
7376 5317 7049 2477 
7380 5319 7053 2478 
7384 5321 7062 2480 
7389 5323 7065 2481 
7392 5326 7072 2485 
7396 5330 7079 2488 
7402 5336 7084 2490 
7407 5340 7086 2493 
7410 5342 7094 2495 
7419 5350 7099 2496 
7423 5353 7104 2498 
7431 5356 7112 2499 
7435 5358 7116 2499 
7438 5360 7121 2500 
7441 5365 7127 2506 
7448 5373 7128 2509 
7454 5378 7138 2511 
7456 5383 7145 2513 
7459 5390 7153 2516 
7462 5392 7157 2518 
7466 5396 7161 2518 
7468 5404 7165 2521 
7473 5409 7177 2522 
7480 5416 7183 2522 
7486 5420 7188 2525 
7491 5424 7198 2527 
7495 5427 7203 2530 
7500 5428 7210 2533 
7502 5431 7216 2536 
7509 5437 7223 2537 
7512 5441 7234 2538 
7519 5445 7240 2538 
7521 5447 7246 2539 
7526 5453 7250 2543 
7537 5459 7258 2547 
7541 5463 7264 2549 
7545 5468 7266 2549 
7548 5470 7270 2553 
7550 5473 7276 2554 
7555 5475 7282 2554 
7562 5477 7287 2557 
7568 5482 7292 2561 
7570 5486 7297 2564 
7578 5487 7306 2565 
7586 5496 7311 2567 
7592 5503 7316 2572 
7596 5505 7321 2573 
7599 5507 7328 2576 
7607 5512 7336 2579 
7621 5515 7339 2580 
7626 5520 7345 2582 
7632 5526 7353 2582 
7639 5528 7358 2585 
7642 5536 7367 2586 
7650 5538 7374 2588 
7655 5541 7381 2590 
7658 5549 7383 2594 
7664 5552 7386 2596 
7670 5556 7390 2598 
7673 5560 7395 2601 
7676 5568 7399 2602 
7682 5576 7405 2604 
7689 5582 7411 2607 
7692 5583 7421 2609 
7697 5587 7424 2613 
7702 5593 7429 2616 
7707 5595 7431 2619 
7715 5596 7443 2621 
7723 5601 7449 2625 
7728 5605 7453 2626 
7738 5606 7462 2629 
7741 5615 7471 2632 
7745 5620 7473 2632 
7750 5622 7477 2635 
7755 5626 7485 2638 
7760 5628 7492 2640 
7763 5630 7493 2642 
7769 5635 7501 2646 
7772 5638 7506 2649 
7777 5642 7509 2650 
7782 5646 7514 2653 
7786 5652 7518 2653 
7793 5659 7522 2661 
7794 5663 7525 2662 
7804 5664 7533 2664 
7810 5668 7536 2667 
7814 5670 7541 2668 
7822 5677 7546 2670 
7829 5683 7551 2671 
7839 5688 7559 2675 
7847 5692 7566 2676 
7851 5697 7573 2678 
7855 5699 7578 2679 
7860 5703 7584 2681 
7862 5706 7594 2682 
7865 5711 7599 2684 
7871 5715 7605 2686 
7874 5721 7611 2686 
7876 5725 7614 2687 
7886 5727 7617 2688 
7888 5732 7623 2691 
7895 5735 7625 2692 
7901 5738 7630 2694 
7906 5747 7639 2695 
7915 5750 7641 2696 
7920 5757 7647 2697 
7924 5762 7654 2698 
7932 5768 7656 2699 
7935 5770 7667 2700 
7938 5776 7671 2704 
7947 5779 7676 2704 
7954 5786 7683 2706 
7957 5791 7688 2709 
7959 5796 7694 2711 
7961 5805 7697 2712 
7967 5812 7702 2712 
7971 5817 7710 2716 
7977 5818 7714 2719 
7986 5819 7717 2724 
7992 5820 7720 2725 
7994 5824 7725 2727 
7998 5825 7728 2728 
8006 5826 7731 2731 
8011 5828 7736 2732 
8013 5832 7741 2732 
8017 5840 7751 2737 
8025 5844 7756 2738 
8027 5851 7761 2739 
8029 5855 7765 2742 
8036 5860 7770 2742 
8042 5864 7780 2742 
8047 5868 7787 2745 
8055 5870 7790 2746 
8060 5879 7796 2749 
8061 5884 7803 2751 
8068 5889 7806 2751 
8070 5893 7813 2753 
8081 5897 7819 2756 
8089 5900 7821 2759 
8097 5902 7826 2759 
8101 5907 7832 2759 
8105 5914 7837 2762 
8110 5917 7845 2763 
8113 5924 7851 2765 
8115 5927 7857 2765 
8119 5931 7864 2766 
8122 5934 7866 2770 
8126 5939 7875 2771 
8130 5944 7880 2772 
8138 5947 7886 2774 
8147 5950 7892 2775 
8152 5952 7900 2778 
8155 5954 7903 2779 
8158 5957 7906 2783 
8162 5963 7909 2783 
8167 5964 7911 2785 
8171 5966 7917 2788 
8178 5972 7922 2792 
8182 5975 7927 2793 
8186 5980 7931 2796 
8193 5983 7935 2798 
8198 5987 7938 2799 
8205 5993 7945 2802 
8213 5998 7948 2803 
8218 6004 7954 2804 
8221 6012 7963 2806 
8224 6015 7968 2807 
8225 6025 7975 2812 
8229 6029 7979 2813 
8236 6036 7984 2815 
8239 6041 7986 2818 
8244 6047 7989 2820 
8253 6051 7993 2822 
8261 6058 7998 2822 
8265 6062 8002 2824 
8270 6067 8010 2828 
8275 6074 8014 2829 
8280 6078 8018 2830 
8285 6080 8022 2834 
8294 6084 8027 2835 
8300 6086 8035 2835 
8306 6089 8039 2839 
8313 6093 8047 2841 
8319 6096 8055 2843 
8327 6101 8062 2848 
8329 6108 8066 2849 
8331 6116 8074 2849 
8338 6118 8081 2849 
8345 6124 8088 2850 
8349 6126 8093 2851 
8353 6131 8100 2854 
8360 6137 8105 2857 
8368 6143 8110 2857 
8374 6146 8117 2860 
8383 6150 8123 2862 
8388 6160 8130 2863 
8394 6164 8135 2863 
8397 6168 8139 2865 
8407 6172 8143 2866 
8412 6178 8147 2868 
8418 6180 8152 2870 
8425 6183 8159 2872 
8435 6188 8165 2876 
8436 6194 8172 2877 
8439 6197 8175 2878 
8447 6200 8182 2883 
8456 6205 8189 2883 
8462 6210 8194 2884 
8468 6217 8199 2887 
8470 6222 8206 2891 
8473 6226 8215 2892 
8473 6229 8219 2892 
8477 6232 8225 2894 
8481 6233 8230 2895 
8485 6236 8237 2898 
8490 6238 8243 2901 
8498 6240 8248 2902 
8505 6244 8251 2909 
8511 6253 8258 2909 
8520 6256 8262 2911 
8525 6258 8266 2914 
8528 6262 8270 2915 
8532 6273 8277 2917 
8535 6277 8283 2920 
8541 6279 8287 2922 
8544 6282 8292 2924 
8547 6287 8297 2924 
8553 6292 8300 2926 
8558 6295 8305 2930 
8564 6301 8308 2931 
8568 6306 8311 2933 
8574 6309 8315 2934 
8576 6314 8320 2936 
8579 6319 8326 2937 
8582 6324 8328 2940 
8585 6329 8335 2942 
8589 6329 8339 2948 
8594 6335 8348 2948 
8596 6337 8355 2948 
8603 6340 8364 2950 
8609 6344 8375 2952 
8616 6348 8384 2953 
8621 6355 8388 2957 
8627 6359 8394 2962 
8633 6363 8396 2965 
8642 6367 8401 2967 
8648 6370 8407 2969 
8653 6374 8411 2971 
8658 6380 8421 2973 
8663 6385 8423 2975 
8668 6389 8433 2976 
8675 6393 8443 2980 
8679 6398 8448 2981 
8683 6400 8454 2982 
8694 6407 8461 2984 
8701 6411 8469 2986 
8706 6417 8473 2988 
8710 6422 8479 2989 
8713 6428 8486 2991 
8718 6434 8490 2992 
8723 6438 8493 2994 
8728 6441 8497 2995 
8731 6444 8503 2999 
8734 6446 8510 2999 
8744 6453 8518 3000 
8747 6455 8521 3000 
8753 6458 8527 3001 
8756 6458 8532 3004 
8760 6462 8537 3006 
8767 6464 8543 3007 
8778 6468 8549 3009 
8781 6472 8554 3010 
8790 6478 8561 3012 
8792 6486 8567 3012 
8800 6492 8574 3012 
8803 6494 8581 3012 
8807 6494 8586 3014 
8813 6498 8592 3019 
8815 6504 8600 3023 
8822 6509 8608 3024 
8828 6515 8617 3026 
8835 6520 8627 3029 
8845 6524 8638 3031 
8850 6528 8646 3033 
8855 6533 8652 3035 
8860 6539 8656 3039 
8871 6544 8659 3041 
8875 6548 8662 3042 
8880 6552 8667 3046 
8886 6553 8676 3047 
8890 6563 8682 3051 
8894 6565 8689 3052 
8901 6567 8696 3053 
8908 6571 8704 3054 
8914 6575 8709 3054 
8919 6579 8716 3055 
8925 6582 8724 3056 
8928 6585 8729 3057 
8935 6587 8739 3057 
8942 6591 8741 3059 
8950 6596 8748 3061 
8957 6603 8757 3061 
8963 6607 8762 3064 
8970 6612 8768 3065 
8977 6616 8775 3066 
8984 6617 8784 3068 
8988 6622 8789 3068 
8996 6626 8795 3069 
9001 6629 8802 3071 
9008 6633 8805 3072 
9014 6637 8808 3073 
9018 6641 8812 3074 
9023 6646 8820 3076 
9032 6649 8829 3078 
9035 6653 8833 3080 
9042 6656 8836 3080 
9049 6656 8841 3081 
9054 6658 8848 3082 
9063 6663 8855 3082 
9067 6666 8860 3085 
9076 6671 8865 3087 
9080 6676 8871 3089 
9082 6680 8875 3090 
9086 6686 8884 3092 
9094 6687 8887 3093 
9100 6690 8896 3094 
9103 6693 8901 3095 
9109 6697 8908 3098 
9115 6704 8911 3100 
9118 6706 8914 3104 
9121 6712 8919 3104 
9133 6716 8922 3106 
9139 6721 8925 3107 
9151 6727 8927 3109 
9154 6729 8933 3110 
9156 6733 8939 3112 
9162 6738 8942 3113 
9167 6741 8949 3113 
9171 6744 8954 3118 
9176 6749 8959 3120 
9181 6750 8963 3122 
9184 6753 8974 3126 
9188 6757 8987 3128 
9193 6765 8991 3129 
9198 6770 8996 3132 
9202 6778 9003 3133 
9207 6785 9008 3135 
9212 6788 9018 3137 
9216 6793 9021 3142 
9223 6795 9024 3142 
9224 6801 9031 3142 
9225 6806 9037 3143 
9233 6809 9042 3147 
9240 6811 9050 3149 
9246 6819 9062 3149 
9251 6823 9070 3152 
9257 6826 9075 3154 
9268 6828 9082 3156 
9275 6831 9088 3158 
9280 6832 9095 3161 
9284 6833 9099 3162 
9293 6838 9103 3164 
9299 6842 9108 3166 
9311 6848 9114 3168 
9315 6854 9121 3170 
9318 6859 9125 3171 
9320 6863 9134 3174 
9322 6868 9136 3176 
9325 6874 9143 3178 
9330 6880 9151 3180 
9339 6883 9153 3180 
9344 6889 9166 3182 
9349 6893 9171 3188 
9351 6900 9175 3188 
9354 6903 9186 3190 
9355 6906 9195 3190 
9358 6912 9200 3190 
9364 6914 9204 3191 
9375 6919 9208 3193 
9383 6927 9213 3195 
9389 6929 9223 3196 
9399 6931 9227 3198 
9405 6938 9235 3199 
9411 6941 9242 3203 
9418 6944 9246 3203 
9423 6949 9252 3204 
9427 6952 9259 3210 
9432 6955 9264 3212 
9438 6958 9267 3216 
9443 6961 9276 3219 
9449 6965 9281 3221 
9458 6969 9290 3223 
9466 6969 9293 3224 
9472 6972 9300 3229 
9483 6974 9305 3231 
9487 6980 9311 3232 
9490 6984 9313 3234 
9496 6991 9319 3235 
9503 6993 9320 3236 
9506 6998 9326 3238 
9510 7003 9333 3239 
9515 7006 9343 3240 
9522 7008 9345 3241 
9529 7012 9348 3244 
9539 7019 9356 3246 
9542 7022 9360 3248 
9547 7027 9364 3251 
9553 7030 9366 3252 
9556 7034 9370 3255 
9561 7034 9373 3256 
9565 7039 9380 3258 
9570 7043 9387 3264 
9575 7047 9392 3268 
9580 7053 9396 3272 
9588 7057 9399 3274 
9589 7063 9403 3276 
9595 7066 9406 3279 
9600 7069 9414 3281 
9603 7070 9419 3285 
9608 7073 9424 3287 
9613 7077 9427 3292 
9624 7082 9432 3293 
9631 7090 9442 3294 
9636 7095 9451 3296 
9646 7099 9459 3297 
9655 7107 9461 3300 
9663 7110 9464 3300 
9670 7113 9467 3300 
9676 7119 9470 3303 
9678 7122 9474 3305 
9683 7125 9481 3306 
9688 7127 9485 3307 
9693 7133 9490 3308 
9696 7138 9493 3310 
9704 7142 9499 3312 
9705 7146 9507 3313 
9710 7149 9514 3313 
9714 7150 9520 3314 
9723 7155 9530 3319 
9726 7159 9533 3321 
9733 7163 9540 3323 
9745 7168 9553 3327 
9748 7172 9556 3328 
9755 7179 9560 3330 
9761 7184 9562 3333 
9769 7188 9565 3335 
9773 7190 9568 3337 
9777 7190 9570 3338 
9784 7193 9577 3339 
9788 7195 9580 3340 
9797 7199 9585 3346 
9797 7203 9592 3348 
9803 7209 9601 3348 
9808 7212 9609 3352 
9811 7215 9616 3357 
9821 7219 9621 3362 
9823 7222 9629 3364 
9827 7227 9633 3365 
9831 7233 9639 3371 
9835 7235 9647 3373 
9841 7244 9652 3374 
9847 7251 9659 3377 
9852 7253 9666 3380 
9855 7254 9668 3381 
9859 7259 9675 3384 
9863 7263 9682 3386 
9867 7267 9686 3386 
9867 7273 9695 3391 
9871 7279 9696 3394 
9876 7283 9703 3396 
9880 7289 9707 3398 
9882 7291 9712 3402 
9887 7292 9716 3405 
9891 7294 9727 3412 
9897 7299 9735 3414 
9899 7302 9738 3416 
9902 7303 9746 3419 
9908 7307 9754 3422 
9915 7310 9758 3426 
9921 7315 9761 3428 
9927 7321 9773 3429 
9932 7324 9778 3429 
9937 7328 9786 3429 
9945 7331 9791 3433 
9948 7333 9797 3436 
9954 7335 9802 3438 
9961 7338 9813 3439 
9965 7339 9815 3440 
9971 7345 9822 3440 
9978 7348 9828 3446 
9985 7351 9838 3446 
9989 7353 9843 3447 
9991 7357 9853 3450 
9997 7361 9862 3452 
10003 7363 9863 3455 
10010 7368 9868 3457 
10018 7373 9874 3460 
10022 7381 9880 3464 
10027 7385 9888 3467 
10032 7390 9892 3468 
10035 7392 9897 3469 
10037 7396 9901 3473 
10044 7401 9905 3473 
10050 7405 9906 3475 
10053 7408 9913 3477 
10063 7411 9919 3480 
10066 7417 9926 3481 
10071 7419 9934 3484 
10076 7421 9940 3488 
10080 7424 9946 3491 
10090 7426 9953 3493 
10091 7432 9958 3496 
10094 7436 9965 3498 
10100 7439 9970 3499 
10105 7441 9971 3501 
10106 7442 9979 3502 
10110 7446 9982 3503 
10117 7450 9987 3506 
10125 7456 9991 3510 
10127 7462 9995 3512 
10134 7465 9998 3513 
10139 7470 10006 3519 
10145 7479 10015 3520 
10159 7485 10021 3520 
10166 7487 10028 3523 
10173 7489 10036 3524 
10183 7496 10038 3527 
10185 7501 10042 3530 
10187 7503 10051 3532 
10195 7511 10060 3537 
10199 7515 10067 3541 
10203 7517 10074 3543 
10213 7520 10075 3546 
10218 7521 10079 3547 
10222 7524 10083 3549 
10232 7529 10091 3550 
10237 7534 10095 3550 
10242 7544 10097 3551 
10243 7546 10107 3553 
10251 7553 10111 3553 
10254 7554 10118 3555 
10262 7557 10123 3558 
10266 7559 10126 3560 
10269 7562 10130 3561 
10272 7565 10144 3563 
10275 7567 10152 3565 
10277 7569 10161 3569 
10280 7572 10164 3570 
10285 7576 10172 3573 
10290 7583 10176 3573 
10298 7587 10178 3573 
10302 7591 10183 3573 
10312 7596 10188 3575 
10318 7603 10191 3578 
10321 7610 10195 3579 
10324 7613 10201 3582 
10328 7620 10206 3584 
10336 7624 10209 3586 
10341 7628 10210 3590 
10348 7635 10214 3592 
10352 7641 10217 3593 
10360 7645 10222 3594 
10371 7653 10229 3596 
10372 7656 10234 3596 
10377 7663 10240 3596 
10384 7666 10242 3598 
10386 7670 10250 3598 
10395 7675 10257 3599 
10403 7679 10262 3603 
10411 7687 10272 3603 
10416 7690 10279 3606 
10421 7690 10285 3609 
10429 7694 10295 3613 
10431 7699 10299 3614 
10438 7703 10306 3617 
10440 7710 10311 3622 
10447 7713 10316 3623 
10451 7716 10320 3624 
10454 7722 10322 3626 
10461 7726 10327 3628 
10467 7732 10331 3634 
10472 7736 10338 3637 
10480 7742 10348 3640 
10487 7745 10350 3641 
10488 7750 10355 3645 
10491 7755 10362 3646 
10497 7757 10368 3648 
10504 7759 10372 3650 
10507 7764 10378 3651 
10517 7766 10391 3653 
10522 7769 10394 3655 
10524 7775 10403 3656 
10531 7779 10410 3658 
10533 7782 10415 3660 
10540 7785 10420 3661 
10548 7788 10427 3663 
10551 7792 10430 3666 
10556 7801 10436 3668 
10560 7805 10438 3671 
10566 7811 10443 3672 
10569 7814 10450 3674 
10580 7816 10458 3674 
10588 7820 10463 3677 
10597 7826 10472 3677 
10604 7831 10477 3680 
10613 7836 10484 3683 
10620 7839 10486 3685 
10624 7843 10495 3686 
10631 7847 10502 3688 
10636 7850 10509 3691 
10639 7852 10512 3692 
10646 7861 10517 3693 
10655 7869 10524 3695 
10657 7872 10525 3698 
10666 7879 10532 3699 
10669 7885 10536 3699 
10672 7888 10542 3699 
10678 7892 10549 3699 
10688 7894 10556 3701 
10695 7896 10561 3705 
10702 7902 10566 3706 
10706 7904 10571 3710 
10711 7910 10579 3712 
10715 7916 10587 3713 
10717 7924 10593 3715 
10724 7926 10602 3717 
10727 7928 10611 3719 
10732 7929 10620 3722 
10737 7934 10624 3724 
10739 7937 10632 3724 
10741 7942 10636 3725 
10748 7948 10639 3729 
10755 7952 10641 3730 
10758 7956 10647 3732 
10761 7961 10659 3735 
10767 7966 10662 3738 
10771 7971 10669 3739 
10779 7975 10674 3740 
10785 7983 10678 3744 
10792 7988 10684 3746 
10795 7993 10688 3746 
10803 7995 10693 3746 
10807 7997 10698 3747 
10818 8001 10704 3748 
10824 8004 10706 3749 
10828 8008 10715 3749 
10834 8012 10720 3755 
10838 8021 10723 3758 
10842 8023 10729 3758 
10847 8025 10735 3759 
10852 8029 10741 3760 
10857 8031 10745 3763 
10862 8041 10752 3763 
10871 8044 10761 3764 
10878 8047 10772 3767 
10883 8052 10775 3767 
10891 8055 10779 3769 
10899 8058 10786 3771 
10905 8060 10789 3773 
10914 8065 10795 3777 
10920 8068 10799 3781 
10923 8072 10809 3781 
10928 8074 10818 3781 
10931 8079 10822 3782 
10935 8086 10828 3786 
10945 8089 10833 3787 
10952 8093 10841 3789 
10956 8095 10851 3790 
10964 8101 10853 3792 
10969 8106 10857 3793 
10977 8109 10862 3793 
10982 8115 10867 3794 
10985 8119 10875 3796 
10990 8122 10878 3796 
10996 8125 10883 3799 
10999 8129 10885 3802 
11005 8132 10888 3803 
11011 8138 10889 3804 
11015 8140 10900 3805 
11022 8141 10907 3808 
11025 8144 10911 3810 
11033 8147 10914 3813 
11039 8150 10920 3815 
11049 8150 10923 3817 
11053 8155 10926 3819 
11058 8162 10930 3820 
11062 8166 10936 3822 
11067 8172 10939 3822 
11073 8176 10944 3824 
11079 8183 10945 3826 
11082 8184 10954 3828 
11086 8188 10960 3830 
11091 8195 10970 3831 
11095 8201 10975 3833 
11100 8201 10982 3834 
11107 8202 10988 3836 
11113 8208 10995 3839 
11119 8211 11007 3842 
11126 8214 11013 3848 
11136 8220 11019 3848 
11140 8223 11023 3848 
11146 8225 11027 3850 
11148 8229 11032 3851 
11154 8234 11042 3851 
11162 8240 11045 3851 
11170 8244 11052 3852 
11177 8248 11060 3854 
11181 8252 11066 3858 
11187 8257 11071 3864 
11192 8266 11079 3864 
11197 8270 11084 3869 
11202 8272 11091 3873 
11207 8277 11093 3875 
11215 8286 11101 3878 
11221 8288 11108 3880 
11227 8291 11117 3881 
11231 8294 11121 3883 
11236 8304 11130 3883 
11238 8306 11137 3884 
11243 8310 11142 3888 
11252 8314 11149 3888 
11258 8318 11154 3892 
11268 8321 11157 3893 
11272 8324 11161 3895 
11275 8329 11171 3897 
11282 8333 11180 3902 
11287 8335 11182 3905 
11292 8337 11194 3906 
11301 8338 11202 3909 
11306 8347 11212 3912 
11309 8352 11218 3913 
11318 8357 11222 3915 
11322 8361 11224 3916 
11327 8365 11228 3918 
11332 8370 11232 3921 
11337 8374 11238 3922 
11341 8379 11246 3923 
11347 8386 11251 3923 
11353 8389 11255 3926 
11359 8393 11259 3928 
11365 8397 11262 3931 
11372 8398 11271 3931 
11376 8407 11283 3932 
11379 8410 11293 3936 
11383 8413 11295 3940 
11390 8418 11298 3942 
11393 8419 11306 3943 
11397 8423 11315 3949 
11405 8425 11323 3953 
11409 8432 11327 3956 
11417 8436 11331 3958 
11423 8439 11336 3960 
11427 8443 11344 3964 
11435 8450 11353 3969 
11440 8454 11357 3971 
11444 8459 11360 3973 
11450 8461 11366 3974 
11458 8465 11369 3976 
11460 8473 11378 3977 
11468 8475 11381 3978 
11471 8477 11383 3982 
11474 8484 11391 3983 
11481 8489 11397 3983 
11486 8493 11402 3986 
11494 8499 11408 3988 
11501 8504 11416 3992 
11504 8506 11421 3996 
11511 8509 11428 3999 
11517 8511 11434 4003 
11519 8517 11438 4005 
11526 8519 11442 4008 
11530 8522 11448 4011 
11536 8524 11451 4013 
11540 8527 11462 4014 
11547 8527 11467 4018 
11549 8531 11473 4020 
11554 8533 11474 4020 
11561 8538 11480 4021 
11569 8547 11484 4023 
11576 8552 11494 4024 
11579 8557 11500 4029 
11582 8562 11503 4031 
11586 8568 11509 4036 
11593 8573 11516 4037 
11597 8579 11523 4038 
11604 8581 11530 4038 
11612 8584 11538 4040 
11616 8589 11546 4040 
11625 8594 11553 4043 
11627 8598 11558 4045 
11630 8601 11563 4049 
11633 8605 11573 4050 
11637 8609 11579 4051 
11641 8613 11590 4051 
11646 8617 11596 4053 
11650 8618 11607 4053 
11657 8620 11612 4056 
11664 8624 11614 4057 
11668 8627 11616 4058 
11673 8630 11625 4061 
11681 8635 11627 4063 
11683 8639 11634 4064 
11689 8645 11636 4068 
11696 8653 11640 4071 
11705 8655 11646 4073 
11713 8658 11649 4074 
11717 8662 11659 4075 
11721 8666 11663 4078 
11726 8668 11668 4081 
11729 8672 11669 4082 
11734 8677 11672 4086 
11736 8685 11677 4090 
11739 8690 11685 4095 
11742 8691 11692 4098 
11744 8696 11696 4099 
11748 8700 11698 4104 
11753 8702 11702 4105 
11758 8711 11706 4109 
11761 8715 11716 4109 
11766 8720 11722 4112 
11771 8723 11728 4114 
11777 8728 11732 4116 
11782 8733 11738 4118 
11786 8738 11743 4119 
11793 8740 11748 4119 
11801 8745 11755 4119 
11807 8753 11766 4121 
11815 8756 11775 4123 
11821 8759 11782 4125 
11826 8765 11791 4127 
11836 8768 11796 4132 
11842 8772 11806 4133 
11847 8781 11811 4134 
11854 8788 11816 4136 
11861 8793 11820 4139 
11865 8796 11829 4143 
11869 8800 11839 4144 
11871 8804 11845 4147 
11874 8806 11852 4149 
11876 8807 11856 4151 
11876 8815 11861 4153 
11880 8820 11867 4155 
11885 8822 11874 4156 
11889 8824 11878 4158 
11894 8832 11886 4160 
11898 8837 11894 4165 
11907 8842 11895 4168 
11912 8845 11898 4169 
11918 8850 11905 4169 
11924 8852 11905 4170 
11928 8857 11912 4171 
11932 8858 11919 4173 
11937 8867 11926 4175 
11942 8869 11930 4176 
11947 8876 11934 4179 
11953 8880 11941 4181 
11957 8884 11945 4182 
11961 8888 11946 4183 
11968 8892 11948 4186 
11975 8896 11955 4187 
11979 8901 11958 4190 
11983 8907 11965 4196 
11992 8907 11971 4196 
11996 8911 11977 4196 
11998 8913 11984 4200 
12003 8921 11991 4203 
12006 8925 11993 4204 
12015 8931 12000 4206 
12019 8942 12006 4207 
12024 8945 12015 4208 
12027 8949 12021 4212 
12032 8957 12029 4214 
12039 8958 12032 4215 
12043 8967 12039 4216 
12046 8969 12045 4217 
12049 8978 12055 4220 
12052 8980 12064 4226 
12055 8985 12068 4231 
12057 8990 12076 4233 
12064 8997 12086 4235 
12068 9001 12091 4236 
12076 9006 12096 4238 
12081 9009 12106 4239 
12087 9010 12111 4241 
12091 9014 12117 4242 
12096 9017 12123 4242 
12102 9021 12125 4242 
12105 9025 12129 4243 
12113 9029 12133 4243 
12118 9033 12137 4243 
12126 9039 12146 4243 
12132 9044 12150 4244 
12134 9049 12151 4248 
12140 9054 12158 4250 
12142 9058 12165 4252 
12150 9062 12171 4255 
12155 9066 12175 4255 
12157 9074 12183 4255 
12166 9078 12185 4256 
12171 9085 12191 4257 
12178 9091 12196 4264 
12180 9091 12206 4266 
12187 9094 12208 4267 
12194 9099 12213 4269 
12196 9103 12223 4271 
12203 9107 12229 4274 
12208 9114 12235 4277 
12212 9116 12239 4277 
12220 9122 12247 4280 
12228 9126 12254 4282 
12235 9133 12258 4286 
12240 9137 12261 4289 
12242 9142 12267 4290 
12253 9144 12272 4292 
12257 9148 12283 4294 
12266 9150 12287 4299 
12270 9158 12292 4301 
12274 9159 12299 4302 
12282 9165 12305 4305 
12288 9166 12309 4308 
12293 9171 12313 4313 
12298 9176 12317 4314 
12305 9178 12324 4314 
12313 9181 12326 4319 
12318 9182 12332 4321 
12321 9185 12343 4323 
12332 9190 12352 4329 
12337 9191 12358 4330 
12342 9198 12363 4332 
12348 9199 12365 4334 
12353 9201 12368 4335 
12360 9208 12372 4335 
12366 9211 12378 4339 
12368 9215 12388 4341 
12373 9219 12393 4344 
12383 9223 12396 4344 
12387 9223 12399 4348 
12392 9228 12407 4349 
12396 9230 12412 4351 
12407 9232 12424 4352 
12417 9235 12427 4357 
12421 9239 12429 4358 
12428 9244 12433 4359 
12432 9247 12441 4363 
12436 9257 12445 4367 
12439 9260 12449 4369 
12448 9266 12457 4371 
12454 9272 12464 4371 
12458 9278 12472 4372 
12467 9286 12479 4376 
12472 9290 12483 4377 
12480 9294 12486 4380 
12481 9295 12491 4382 
12489 9297 12495 4382 
12493 9298 12501 4384 
12502 9303 12504 4384 
12508 9305 12512 4384 
12516 9309 12519 4386 
12523 9311 12522 4389 
12527 9318 12528 4392 
12532 9320 12530 4394 
12539 9323 12533 4396 
12546 9334 12538 4400 
12552 9339 12544 4402 
12556 9345 12552 4403 
12561 9348 12560 4408 
12571 9357 12567 4412 
12575 9358 12572 4413 
12580 9364 12580 4416 
12585 9370 12588 4417 
12594 9372 12596 4418 
12602 9374 12604 4420 
12604 9378 12610 4422 
12609 9382 12613 4423 
12615 9389 12618 4423 
12625 9393 12624 4425 
12631 9394 12630 4425 
12634 9400 12636 4426 
12638 9407 12643 4427 
12641 9411 12648 4428 
12651 9415 12655 4431 
12655 9424 12661 4435 
12662 9427 12668 4438 
12668 9431 12675 4440 
12674 9435 12679 4441 
12680 9436 12683 4442 
12688 9444 12691 4443 
12691 9448 12700 4445 
12695 9455 12709 4447 
12700 9461 12715 4449 
12705 9466 12727 4449 
12706 9469 12731 4451 
12711 9471 12737 4451 
12714 9471 12741 4453 
12719 9479 12749 4454 
12721 9485 12753 4457 
12724 9487 12758 4459 
12730 9493 12767 4461 
12742 9498 12774 4461 
12748 9508 12780 4466 
12751 9513 12786 4466 
12757 9517 12792 4469 
12764 9521 12794 4471 
12768 9523 12802 4474 
12777 9527 12811 4475 
12782 9532 12819 4477 
12788 9534 12828 4478 
12793 9537 12840 4480 
12799 9542 12847 4482 
12805 9547 12850 4483 
12811 9550 12857 4483 
12815 9556 12861 4485 
12822 9558 12867 4487 
12826 9562 12868 4488 
12829 9564 12874 4489 
12835 9567 12879 4489 
12843 9572 12889 4490 
12849 9576 12897 4492 
12853 9579 12902 4494 
12857 9586 12910 4496 
12866 9591 12916 4496 
12867 9597 12921 4497 
12873 9604 12922 4498 
12879 9608 12931 4499 
12888 9610 12938 4499 
12895 9617 12943 4501 
12903 9620 12951 4501 
12911 9623 12959 4507 
12916 9627 12966 4508 
12925 9630 12969 4509 
12934 9634 12973 4513 
12939 9637 12980 4515 
12944 9640 12982 4515 
12950 9645 12987 4517 
12955 9652 12997 4518 
12960 9656 13007 4518 
12967 9659 13017 4521 
12973 9661 13025 4525 
12980 9664 13035 4528 
12985 9668 13040 4530 
12989 9670 13046 4531 
12993 9676 13051 4532 
12999 9679 13054 4534 
13009 9685 13062 4535 
13016 9693 13071 4535 
13020 9696 13075 4536 
13026 9701 13086 4537 
13034 9705 13089 4540 
13037 9711 13099 4542 
13048 9717 13107 4546 
13055 9724 13115 4548 
13059 9730 13119 4551 
13068 9732 13128 4552 
13072 9735 13134 4555 
13075 9738 13140 4559 
13080 9744 13143 4561 
13082 9753 13153 4562 
13089 9757 13157 4566 
13092 9762 13161 4569 
13095 9768 13165 4572 
13101 9774 13170 4573 
13107 9776 13174 4580 
13111 9779 13183 4585 
13117 9780 13185 4586 
13122 9784 13189 4587 
13129 9789 13190 4590 
13135 9794 13194 4593 
13137 9798 13198 4596 
13140 9804 13203 4600 
13144 9811 13208 4600 
13148 9817 13210 4602 
13154 9824 13219 4604 
13157 9829 13226 4604 
13163 9837 13233 4606 
13170 9842 13241 4606 
13174 9844 13247 4607 
13181 9848 13253 4608 
13185 9851 13259 4608 
13188 9855 13266 4610 
13193 9856 13275 4610 
13203 9860 13276 4612 
13207 9868 13282 4616 
13211 9872 13293 4619 
13215 9874 13295 4621 
13222 9875 13300 4625 
13225 9879 13305 4625 
13232 9884 13310 4633 
13242 9890 13318 4637 
13247 9893 13326 4640 
13258 9897 13330 4641 
13261 9900 13334 4642 
13271 9904 13340 4642 
13275 9909 13344 4643 
13277 9914 13350 4644 
13283 9919 13354 4647 
13285 9922 13361 4651 
13292 9926 13367 4652 
13297 9931 13370 4654 
13300 9936 13377 4655 
13308 9938 13381 4660 
13312 9945 13383 4661 
13318 9953 13388 4663 
13325 9960 13393 4668 
13328 9964 13401 4668 
13332 9967 13403 4670 
13338 9971 13408 4675 
13341 9973 13415 4677 
13346 9979 13423 4679 
13353 9987 13430 4683 
13360 9995 13436 4684 
13362 9998 13441 4684 
13372 10001 13449 4685 
13374 10007 13454 4686 
13377 10009 13462 4691 
13384 10020 13465 4695 
13389 10025 13468 4699 
13393 10028 13474 4702 
13400 10037 13476 4704 
13403 10042 13479 4705 
13411 10045 13490 4705 
13416 10049 13497 4707 
13419 10059 13505 4709 
13424 10067 13510 4710 
13429 10075 13515 4715 
13437 10080 13522 4715 
13442 10081 13532 4718 
13454 10088 13542 4720 
13455 10097 13549 4721 
13465 10102 13551 4723 
13472 10103 13558 4724 
13474 10109 13563 4725 
13478 10110 13565 4726 
13488 10110 13567 4730 
13490 10115 13575 4730 
13493 10120 13581 4732 
13501 10123 13586 4735 
13504 10128 13593 4738 
13509 10133 13601 4738 
13518 10136 13603 4739 
13525 10141 13605 4742 
13531 10145 13611 4743 
13536 10146 13621 4743 
13542 10151 13629 4743 
13549 10157 13634 4745 
13559 10161 13640 4746 
13567 10169 13644 4750 
13572 10176 13650 4752 
13576 10180 13654 4755 
13583 10185 13659 4757 
13591 10193 13664 4760 
13598 10199 13667 4760 
13605 10203 13678 4762 
13611 10210 13681 4763 
13618 10212 13684 4764 
13622 10216 13688 4769 
13629 10222 13697 4770 
13633 10225 13704 4772 
13641 10230 13712 4772 
13647 10233 13716 4775 
13651 10235 13725 4777 
13663 10238 13730 4780 
13665 10252 13736 4783 
13671 10259 13742 4787 
13675 10262 13747 4791 
13679 10263 13749 4792 
13686 10264 13756 4794 
13693 10271 13764 4798 
13695 10272 13769 4799 
13699 10276 13778 4799 
13704 10280 13781 4801 
13711 10285 13787 4805 
13714 10286 13793 4806 
13728 10291 13797 4808 
13732 10295 13802 4809 
13735 10300 13811 4811 
13744 10306 13815 4812 
13752 10308 13819 4813 
13757 10313 13823 4813 
13764 10315 13828 4816 
13767 10318 13835 4819 
13775 10324 13843 4821 
13784 10329 13853 4824 
13788 10333 13860 4827 
13793 10336 13865 4831 
13799 10341 13871 4835 
13802 10346 13876 4839 
13805 10351 13881 4840 
13810 10358 13885 4840 
13814 10365 13894 4844 
13821 10371 13902 4848 
13832 10376 13908 4849 
13839 10378 13911 4850 
13844 10381 13918 4851 
13852 10385 13925 4852 
13860 10387 13934 4853 
13866 10389 13939 4853 
13873 10395 13948 4854 
13875 10400 13956 4856 
13879 10405 13963 4858 
13884 10409 13969 4858 
13889 10417 13972 4860 
13894 10420 13976 4862 
13900 10427 13983 4863 
13906 10432 13991 4866 
13913 10438 13996 4867 
13915 10444 14000 4867 
13925 10449 14008 4868 
13933 10454 14016 4869 
13936 10457 14023 4872 
13942 10466 14023 4878 
13951 10471 14028 4879 
13957 10478 14033 4882 
13963 10482 14039 4883 
13970 10485 14046 4884 
13976 10489 14055 4886 
13981 10493 14060 4888 
13985 10496 14064 4891 
13993 10499 14067 4893 
13999 10500 14076 4895 
14004 10505 14083 4896 
14011 10510 14087 4896 
14015 10512 14092 4898 
14019 10516 14099 4898 
14027 10519 14111 4899 
14032 10526 14119 4900 
14040 10529 14122 4904 
14046 10534 14124 4904 
14049 10536 14130 4906 
14059 10539 14134 4910 
14072 10541 14140 4911 
14078 10545 14142 4915 
14085 10552 14153 4918 
14088 10555 14164 4922 
14094 10561 14167 4925 
14099 10563 14174 4927 
14100 10568 14179 4930 
14106 10573 14190 4934 
14110 10577 14197 4936 
14118 10589 14201 4940 
14122 10597 14210 4941 
14126 10599 14217 4942 
14131 10603 14225 4946 
14135 10605 14232 4947 
14142 10610 14236 4947 
14144 10621 14241 4949 
14148 10625 14250 4952 
14154 10633 14256 4955 
14160 10635 14263 4958 
14166 10638 14274 4959 
14170 10640 14280 4960 
14175 10644 14289 4962 
14179 10647 14293 4964 
14183 10652 14297 4967 
14187 10659 14303 4967 
14194 10662 14310 4975 
14197 10669 14315 4979 
14202 10674 14322 4980 
14208 10677 14328 4982 
14214 10680 14334 4987 
14217 10681 14339 4991 
14218 10687 14346 4994 
14224 10692 14350 4996 
14230 10698 14360 4999 
14237 10705 14373 5002 
14248 10707 14384 5003 
14256 10712 14393 5006 
14261 10718 14398 5007 
14269 10718 14403 5010 
14276 10721 14409 5013 
14280 10723 14415 5015 
14282 10729 14421 5017 
14285 10734 14427 5020 
14293 10738 14430 5022 
14300 10743 14438 5023 
14304 10745 14446 5026 
14309 10748 14451 5027 
14311 10754 14459 5028 
14316 10759 14464 5030 
14321 10763 14471 5033 
14327 10765 14476 5035 
14335 10772 14483 5037 
14338 10775 14486 5040 
14345 10778 14493 5043 
14351 10786 14496 5044 
14355 10795 14502 5044 
14364 10801 14508 5048 
14368 10803 14515 5052 
14375 10806 14519 5056 
14383 10813 14525 5058 
14389 10821 14530 5059 
14395 10827 14533 5062 
14398 10828 14536 5064 
14403 10831 14543 5068 
14407 10838 14548 5069 
14412 10839 14553 5073 
14419 10843 14558 5075 
14423 10846 14563 5077 
14429 10853 14572 5078 
14435 10858 14578 5079 
14444 10861 14586 5080 
14447 10865 14588 5081 
14455 10873 14597 5085 
14460 10879 14602 5086 
14466 10883 14609 5087 
14473 10886 14612 5088 
14475 10890 14620 5093 
14480 10898 14628 5097 
14486 10906 14630 5099 
14492 10913 14635 5102 
14498 10916 14641 5106 
14502 10924 14646 5109 
14508 10926 14654 5111 
14514 10926 14660 5113 
14523 10927 14667 5114 
14528 10930 14678 5114 
14535 10939 14685 5115 
14539 10941 14694 5117 
14552 10943 14699 5123 
14554 10951 14706 5126 
14560 10953 14708 5129 
14564 10956 14712 5133 
14571 10959 14717 5135 
14575 10963 14724 5138 
14577 10968 14730 5138 
14584 10972 14736 5141 
14588 10979 14743 5142 
14599 10982 14748 5144 
14606 10987 14752 5149 
14615 10990 14754 5151 
14626 10991 14759 5155 
14632 10996 14761 5157 
14633 11004 14767 5160 
14641 11011 14773 5162 
14644 11016 14779 5168 
14651 11019 14788 5169 
14656 11025 14798 5174 
14658 11027 14807 5177 
14659 11031 14812 5180 
14668 11035 14815 5184 
14675 11040 14819 5185 
14682 11042 14829 5186 
14688 11042 14833 5188 
14697 11045 14835 5189 
14702 11048 14842 5189 
14713 11057 14846 5190 
14716 11062 14848 5191 
14722 11066 14850 5193 
14725 11071 14854 5198 
14735 11074 14868 5200 
14741 11078 14873 5201 
14748 11081 14880 5203 
14750 11087 14885 5204 
14755 11092 14893 5204 
14760 11098 14900 5206 
14763 11103 14903 5209 
14769 11110 14906 5213 
14774 11114 14914 5216 
14778 11118 14918 5218 
14787 11124 14925 5219 
14793 11130 14933 5220 
14797 11135 14936 5220 
14804 11139 14946 5223 
14811 11146 14950 5227 
14815 11150 14956 5229 
14821 11155 14961 5229 
14827 11159 14970 5231 
14837 11161 14977 5232 
14839 11164 14983 5234 
14843 11169 14986 5234 
14848 11175 14992 5235 
14853 11181 15002 5240 
14857 11190 15007 5244 
14861 11193 15013 5248 
14865 11198 15018 5249 
14872 11199 15027 5251 
14878 11202 15033 5252 
14885 11211 15039 5254 
14888 11213 15042 5255 
14890 11215 15048 5257 
14895 11220 15054 5257 
14901 11223 15064 5259 
14910 11225 15075 5263 
14917 11228 15081 5266 
14923 11229 15090 5267 
14926 11233 15093 5268 
14933 11237 15095 5271 
14935 11245 15103 5274 
14939 11250 15109 5277 
14945 11251 15118 5281 
14948 11257 15132 5282 
14952 11266 15138 5284 
14958 11270 15144 5285 
14968 11273 15151 5286 
14973 11278 15154 5286 
14978 11281 15158 5287 
14983 11288 15164 5290 
14988 11291 15171 5292 
14991 11295 15173 5296 
14995 11301 15177 5301 
14999 11305 15184 5307 
15005 11310 15187 5308 
15010 11314 15195 5309 
15017 11321 15198 5309 
15022 11323 15204 5309 
15028 11329 15210 5309 
15037 11335 15218 5311 
15046 11345 15224 5312 
15049 11349 15232 5315 
15056 11354 15238 5318 
15063 11358 15240 5323 
15067 11362 15248 5324 
15075 11365 15253 5325 
15082 11371 15259 5326 
15094 11377 15263 5328 
15101 11385 15266 5329 
15105 11390 15271 5330 
15108 11393 15280 5330 
15111 11401 15291 5332 
15118 11407 15300 5332 
15124 11411 15307 5332 
15129 11414 15314 5334 
15132 11420 15317 5338 
15140 11423 15321 5342 
15146 11431 15328 5345 
15152 11438 15335 5348 
15155 11443 15338 5349 
15159 11444 15348 5355 
15164 11444 15356 5356 
15171 11447 15362 5356 
15178 11452 15367 5361 
15184 11456 15370 5365 
15190 11461 15377 5365 
15193 11465 15392 5370 
15198 11470 15396 5370 
15203 11478 15404 5371 
15209 11484 15414 5375 
15218 11491 15421 5376 
15223 11496 15426 5378 
15225 11497 15433 5380 
15230 11500 15440 5380 
15236 11505 15449 5382 
15241 11509 15454 5384 
15246 11514 15458 5387 
15250 11517 15463 5388 
15257 11522 15469 5390 
15261 11525 15476 5391 
15263 11530 15481 5393 
15264 11534 15487 5397 
15272 11539 15492 5400 
15275 11542 15500 5401 
15278 11544 15507 5402 
15281 11550 15511 5409 
15287 11556 15519 5410 
15292 11559 15519 5411 
15298 11564 15525 5413 
15301 11569 15533 5414 
15303 11575 15539 5417 
15313 11582 15548 5420 
15313 11584 15551 5420 
15319 11588 15557 5423 
15326 11591 15564 5424 
15332 11595 15574 5427 
15338 11599 15582 5428 
15342 11605 15586 5431 
15351 11609 15592 5437 
15356 11614 15599 5439 
15361 11616 15606 5440 
15365 11622 15614 5442 
15367 11630 15618 5447 
15371 11637 15623 5449 
15374 11638 15630 5453 
15380 11641 15642 5456 
15381 11644 15647 5460 
15385 11648 15653 5464 
15391 11651 15661 5464 
15399 11655 15667 5467 
15404 11660 15672 5469 
15408 11665 15674 5471 
15417 11671 15682 5473 
15427 11675 15693 5477 
15431 11682 15694 5481 
15435 11685 15700 5484 
15442 11691 15703 5487 
15444 11695 15705 5489 
15449 11699 15713 5493 
15451 11703 15723 5496 
15457 11709 15728 5497 
15464 11717 15731 5499 
15471 11720 15734 5500 
15474 11722 15736 5503 
15481 11726 15741 5506 
15485 11733 15745 5508 
15491 11736 15755 5512 
15497 11739 15762 5515 
15500 11742 15771 5518 
15506 11748 15780 5520 
15510 11755 15786 5522 
15515 11763 15792 5522 
15520 11767 15797 5523 
15525 11769 15804 5527 
15529 11774 15812 5533 
15534 11779 15816 5535 
15535 11784 15823 5537 
15542 11789 15830 5538 
15556 11794 15835 5541 
15559 11799 15846 5543 
15564 11803 15851 5546 
15571 11808 15854 5548 
15575 11813 15858 5549 
15577 11818 15867 5553 
15587 11824 15868 5554 
15599 11826 15878 5555 
15603 11832 15884 5557 
15609 11838 15893 5560 
15615 11842 15894 5562 
15620 11845 15901 5565 
15624 11850 15904 5568 
15629 11855 15908 5570 
15630 11859 15915 5575 
15636 11864 15918 5576 
15642 11868 15923 5577 
15648 11871 15929 5578 
15656 11878 15930 5579 
15666 11883 15936 5580 
15677 11885 15942 5583 
15682 11891 15946 5583 
15685 11905 15951 5586 
15690 11908 15957 5589 
15694 11910 15960 5590 
15701 11913 15964 5593 
15708 11915 15970 5602 
15714 11921 15975 5604 
15720 11925 15979 5608 
15728 11934 15983 5609 
15734 11940 15991 5612 
15741 11945 15999 5612 
15746 11946 16009 5615 
15753 11948 16017 5616 
15757 11960 16021 5619 
15762 11962 16025 5622 
15769 11965 16030 5624 
15770 11970 16034 5630 
15772 11974 16038 5632 
15778 11980 16046 5634 
15785 11981 16052 5635 
15792 11986 16060 5638 
15795 11991 16065 5640 
15803 11995 16072 5641 
15808 11997 16074 5643 
15814 12004 16083 5645 
15819 12011 16094 5646 
15825 12019 16103 5652 
15831 12020 16115 5653 
15839 12026 16121 5653 
15842 12031 16125 5657 
15850 12035 16129 5657 
15854 12035 16132 5658 
15858 12041 16134 5663 
15865 12043 16137 5668 
15875 12043 16140 5673 
15881 12047 16151 5674 
15888 12053 16153 5675 
15891 12058 16161 5675 
15898 12062 16167 5676 
15903 12067 16176 5680 
15909 12070 16180 5680 
15913 12074 16185 5682 
15920 12081 16191 5683 
15927 12087 16195 5687 
15935 12089 16197 5688 
15938 12104 16204 5692 
15941 12108 16211 5694 
15947 12112 16216 5698 
15952 12118 16219 5699 
15960 12124 16222 5702 
15966 12126 16233 5703 
15975 12132 16242 5707 
15978 12136 16246 5709 
15981 12141 16251 5709 
15987 12144 16259 5711 
15995 12150 16267 5712 
16004 12153 16274 5717 
16012 12159 16279 5719 
16019 12161 16281 5722 
16025 12164 16285 5724 
16026 12171 16294 5726 
16030 12178 16298 5729 
16035 12181 16302 5731 
16041 12189 16305 5732 
16048 12193 16312 5735 
16052 12194 16313 5741 
16059 12199 16326 5742 
16064 12207 16336 5742 
16069 12213 16341 5744 
16075 12217 16346 5748 
16080 12220 16350 5750 
16085 12226 16358 5751 
16092 12228 16361 5752 
16098 12234 16366 5753 
16103 12238 16373 5759 
16108 12243 16376 5761 
16117 12252 16383 5763 
16122 12255 16392 5765 
16128 12258 16397 5770 
16132 12262 16402 5774 
16137 12265 16409 5776 
16144 12270 16413 5776 
16151 12274 16419 5779 
16159 12275 16422 5783 
16168 12282 16426 5784 
16172 12285 16432 5785 
16176 12291 16441 5787 
16180 12297 16447 5791 
16183 12304 16451 5797 
16192 12310 16455 5797 
16195 12317 16458 5802 
16206 12322 16460 5804 
16211 12326 16463 5806 
16218 12330 16469 5811 
16220 12339 16472 5814 
16225 12345 16480 5816 
16234 12350 16485 5816 
16243 12355 16493 5817 
16248 12360 16499 5821 
16256 12367 16506 5823 
16259 12376 16512 5824 
16263 12384 16515 5826 
16268 12388 16521 5827 
16273 12389 16525 5829 
16280 12396 16531 5831 
16287 12401 16541 5833 
16289 12403 16543 5833 
16293 12407 16550 5837 
16299 12410 16554 5839 
16310 12415 16557 5841 
16320 12421 16563 5844 
16325 12425 16569 5847 
16330 12427 16572 5852 
16336 12431 16575 5853 
16343 12435 16580 5854 
16348 12436 16583 5856 
16354 12440 16588 5858 
16360 12442 16594 5859 
16369 12448 16599 5860 
16370 12452 16600 5860 
16380 12458 16606 5861 
16383 12460 16609 5864 
16392 12463 16615 5867 
16392 12465 16621 5867 
16399 12470 16630 5867 
16402 12471 16636 5868 
16410 12480 16644 5872 
16416 12484 16651 5875 
16422 12487 16655 5879 
16426 12492 16662 5880 
16429 12494 16664 5880 
16433 12501 16669 5881 
16439 12509 16671 5882 
16443 12513 16675 5885 
16448 12520 16681 5889 
16454 12527 16688 5892 
16456 12536 16693 5895 
16463 12539 16698 5897 
16466 12544 16700 5897 
16470 12547 16703 5899 
16473 12552 16706 5900 
16478 12553 16713 5903 
16485 12561 16723 5904 
16498 12563 16730 5906 
16503 12567 16740 5908 
16507 12571 16748 5913 
16515 12572 16753 5914 
16523 12576 16759 5918 
16526 12583 16768 5919 
16529 12590 16775 5924 
16533 12591 16784 5927 
16541 12597 16787 5929 
16548 12601 16796 5931 
16552 12603 16801 5933 
16560 12607 16810 5935 
16564 12611 16815 5937 
16569 12615 16817 5938 
16575 12620 16822 5940 
16585 12623 16826 5943 
16589 12628 16833 5944 
16596 12634 16841 5947 
16603 12640 16854 5950 
16610 12646 16862 5951 
16616 12650 16871 5955 
16623 12652 16875 5955 
16631 12655 16884 5960 
16636 12663 16893 5962 
16638 12671 16898 5965 
16643 12678 16904 5967 
16647 12685 16907 5969 
16653 12686 16916 5971 
16657 12689 16921 5975 
16663 12692 16927 5980 
16672 12700 16938 5983 
16684 12703 16949 5984 
16690 12708 16956 5986 
16697 12717 16963 5986 
16702 12720 16970 5986 
16710 12723 16974 5989 
16714 12732 16980 5990 
16722 12737 16985 5990 
16732 12747 16990 5991 
16739 12753 16995 5995 
16742 12758 16997 5996 
16747 12762 17007 6001 
16753 12770 17013 6003 
16760 12775 17023 6003 
16769 12781 17027 6003 
16771 12788 17033 6005 
16776 12791 17042 6007 
16780 12792 17050 6009 
16789 12800 17056 6010 
16795 12806 17061 6014 
16804 12809 17065 6018 
16810 12815 17074 6021 
16815 12819 17076 6023 
16822 12823 17082 6026 
16825 12827 17086 6029 
16832 12832 17094 6032 
16834 12841 17098 6037 
16839 12846 17100 6039 
16845 12849 17104 6040 
16853 12854 17118 6044 
16861 12856 17127 6047 
16866 12862 17135 6050 
16870 12868 17139 6051 
16878 12875 17147 6053 
16883 12882 17150 6055 
16889 12884 17155 6057 
16892 12894 17163 6058 
16896 12899 17171 6059 
16898 12901 17174 6064 
16905 12905 17181 6067 
16914 12911 17191 6067 
16920 12916 17196 6067 
16921 12923 17202 6073 
16925 12931 17206 6075 
16930 12934 17218 6078 
16933 12942 17222 6081 
16940 12947 17229 6084 
16946 12951 17236 6085 
16952 12954 17246 6085 
16957 12959 17254 6086 
16961 12962 17262 6086 
16968 12968 17270 6089 
16972 12971 17276 6090 
16977 12974 17279 6092 
16986 12979 17287 6092 
16995 12980 17290 6095 
17005 12984 17299 6096 
17012 12986 17303 6100 
17018 12990 17309 6104 
17021 12996 17316 6108 
17027 12997 17322 6112 
17032 13004 17328 6113 
17034 13006 17333 6115 
17043 13010 17338 6119 
17047 13015 17343 6120 
17055 13018 17347 6120 
17062 13027 17353 6121 
17068 13032 17360 6124 
17074 13037 17364 6127 
17079 13040 17368 6130 
17082 13046 17371 6134 
17088 13050 17380 6136 
17090 13054 17389 6137 
17094 13056 17395 6139 
17101 13063 17398 6140 
17110 13068 17408 6142 
17112 13076 17416 6146 
17121 13078 17418 6148 
17128 13085 17423 6150 
17137 13089 17431 6155 
17140 13096 17435 6155 
17144 13102 17442 6160 
17158 13110 17449 6163 
17160 13116 17454 6168 
17165 13123 17458 6173 
17175 13125 17461 6176 
17181 13127 17468 6180 
17188 13133 17478 6181 
17189 13136 17484 6183 
17191 13143 17492 6185 
17194 13147 17501 6187 
17200 13152 17508 6188 
17208 13157 17515 6189 
17211 13161 17519 6190 
17215 13169 17528 6191 
17221 13176 17532 6195 
17227 13181 17536 6197 
17231 13186 17545 6200 
17237 13195 17551 6202 
17238 13202 17553 6202 
17245 13208 17560 6205 
17251 13213 17568 6207 
17262 13214 17578 6209 
17271 13218 17583 6212 
17276 13222 17588 6215 
17284 13225 17602 6219 
17286 13229 17606 6222 
17288 13231 17611 6224 
17289 13237 17618 6224 
17297 13240 17626 6227 
17298 13248 17631 6227 
17304 13249 17640 6231 
17312 13254 17643 6233 
17317 13258 17652 6234 
17323 13263 17656 6236 
17326 13266 17665 6237 
17333 13270 17673 6243 
17338 13270 17679 6247 
17343 13275 17683 6248 
17347 13277 17688 6251 
17358 13286 17693 6252 
17362 13291 17696 6253 
17368 13299 17702 6255 
17372 13301 17708 6257 
17381 13306 17717 6257 
17386 13312 17721 6259 
17388 13319 17726 6259 
17394 13328 17733 6261 
17399 13333 17741 6262 
17400 13337 17746 6264 
17407 13341 17757 6266 
17413 13344 17763 6270 
17420 13345 17780 6272 
17424 13349 17788 6276 
17431 13352 17798 6278 
17439 13356 17804 6280 
17442 13362 17813 6281 
17447 13365 17815 6282 
17454 13373 17824 6283 
17458 13379 17828 6285 
17465 13383 17832 6288 
17476 13390 17842 6290 
17481 13392 17849 6292 
17493 13400 17858 6292 
17499 13403 17865 6293 
17509 13408 17873 6297 
17511 13419 17883 6300 
17516 13423 17893 6301 
17522 13426 17902 6302 
17529 13429 17905 6308 
17541 13434 17908 6310 
17547 13440 17911 6311 
17556 13448 17919 6314 
17563 13451 17922 6317 
17572 13455 17932 6319 
17577 13457 17942 6321 
17582 13461 17952 6324 
17591 13462 17955 6329 
17601 13467 17960 6331 
17608 13475 17968 6334 
17615 13482 17974 6338 
17619 13489 17977 6339 
17627 13493 17985 6343 
17635 13496 17995 6346 
17637 13499 18001 6351 
17644 13504 18006 6351 
17651 13512 18008 6356 
17658 13514 18011 6360 
17663 13520 18016 6364 
17668 13527 18018 6366 
17674 13531 18023 6369 
17679 13536 18028 6370 
17682 13542 18034 6373 
17686 13544 18036 6375 
17689 13547 18043 6375 
17696 13555 18049 6380 
17704 13561 18052 6381 
17709 13564 18055 6382 
17717 13567 18063 6382 
17728 13573 18074 6384 
17733 13576 18079 6385 
17742 13582 18086 6387 
17746 13589 18093 6389 
17755 13594 18098 6390 
17767 13597 18104 6392 
17773 13599 18108 6393 
17777 13601 18115 6396 
17780 13609 18121 6401 
17781 13612 18124 6404 
17786 13617 18130 6407 
17790 13620 18138 6411 
17793 13626 18142 6411 
17800 13631 18146 6414 
17804 13633 18157 6416 
17806 13637 18165 6417 
17814 13642 18169 6419 
17820 13646 18173 6422 
17826 13652 18177 6424 
17836 13654 18181 6428 
17840 13657 18183 6430 
17846 13660 18192 6432 
17848 13664 18200 6434 
17853 13671 18203 6437 
17859 13676 18211 6441 
17864 13685 18214 6443 
17871 13690 18219 6447 
17876 13696 18231 6448 
17885 13701 18234 6448 
17892 13704 18240 6453 
17896 13709 18246 6458 
17898 13712 18252 6463 
17905 13720 18261 6466 
17906 13721 18266 6467 
17910 13726 18272 6469 
17916 13731 18274 6472 
17929 13734 18277 6472 
17933 13739 18282 6474 
17934 13743 18286 6474 
17934 13745 18291 6477 
17941 13753 18299 6479 
17951 13754 18309 6482 
17955 13760 18314 6486 
17962 13763 18321 6486 
17965 13767 18325 6489 
17973 13770 18335 6492 
17977 13773 18341 6494 
17980 13778 18347 6500 
17988 13784 18352 6502 
17994 13792 18358 6503 
17998 13793 18367 6504 
18006 13797 18371 6508 
18009 13804 18378 6510 
18017 13809 18384 6512 
18022 13818 18387 6514 
18027 13825 18392 6516 
18030 13832 18398 6517 
18037 13835 18401 6521 
18045 13840 18409 6523 
18050 13842 18415 6524 
18054 13845 18426 6526 
18057 13851 18433 6527 
18059 13857 18440 6529 
18062 13860 18447 6530 
18069 13863 18452 6530 
18075 13868 18462 6532 
18079 13873 18466 6536 
18086 13874 18472 6538 
18097 13875 18480 6539 
18102 13880 18492 6540 
18105 13885 18495 6540 
18112 13889 18499 6541 
18118 13892 18504 6545 
18124 13896 18513 6547 
18132 13899 18520 6548 
18134 13909 18524 6548 
18139 13914 18537 6549 
18150 13919 18543 6551 
18156 13922 18549 6557 
18160 13927 18558 6558 
18164 13929 18564 6560 
18171 13931 18571 6560 
18178 13934 18580 6563 
18183 13940 18587 6567 
18186 13946 18594 6570 
18195 13948 18599 6572 
18196 13953 18603 6572 
18203 13957 18609 6573 
18209 13963 18617 6576 
18213 13971 18625 6578 
18218 13973 18632 6582 
18225 13977 18636 6583 
18227 13983 18640 6585 
18236 13989 18646 6587 
18241 13991 18650 6590 
18243 13997 18656 6593 
18247 14003 18662 6594 
18257 14012 18672 6595 
18268 14017 18678 6598 
18277 14022 18683 6599 
18283 14025 18688 6601 
18294 14026 18695 6601 
18299 14029 18702 6604 
18306 14034 18708 6605 
18315 14038 18715 6606 
18322 14044 18719 6609 
18324 14047 18728 6613 
18328 14052 18731 6616 
18333 14059 18736 6617 
18342 14065 18746 6620 
18349 14068 18755 6620 
18354 14071 18761 6621 
18363 14074 18767 6622 
18367 14080 18772 6626 
18376 14084 18779 6626 
18383 14088 18784 6629 
18387 14090 18789 6632 
18394 14091 18800 6635 
18401 14097 18810 6640 
18410 14107 18810 6641 
18416 14113 18814 6642 
18423 14119 18819 6644 
18428 14123 18825 6646 
18435 14127 18833 6647 
18439 14135 18835 6649 
18444 14138 18845 6653 
18447 14144 18852 6656 
18453 14149 18860 6660 
18461 14156 18867 6663 
18469 14160 18875 6666 
18474 14160 18879 6666 
18481 14165 18883 6670 
18486 14173 18892 6673 
18492 14178 18897 6675 
18497 14185 18902 6676 
18504 14192 18906 6677 
18513 14194 18913 6681 
18524 14201 18917 6682 
18531 14205 18925 6685 
18537 14209 18930 6685 
18542 14216 18939 6686 
18545 14223 18945 6689 
18552 14228 18952 6691 
18555 14234 18955 6694 
18558 14240 18960 6697 
18562 14244 18967 6698 
18568 14249 18972 6700 
18573 14254 18978 6700 
18581 14257 18982 6703 
18583 14260 18989 6706 
18591 14264 18997 6708 
18597 14265 19004 6710 
18601 14277 19013 6712 
18606 14281 19018 6712 
18612 14282 19022 6712 
18619 14286 19031 6715 
18622 14297 19037 6717 
18631 14301 19042 6719 
18637 14307 19044 6722 
18639 14312 19055 6723 
18645 14317 19059 6725 
18650 14320 19060 6728 
18659 14323 19064 6731 
18665 14326 19071 6735 
18675 14333 19081 6735 
18676 14341 19088 6738 
18679 14347 19094 6740 
18685 14348 19100 6741 
18692 14354 19104 6742 
18699 14356 19110 6742 
18704 14359 19119 6745 
18712 14365 19126 6749 
18718 14370 19132 6751 
18730 14376 19140 6751 
18733 14378 19148 6755 
18742 14383 19152 6758 
18750 14390 19159 6760 
18761 14395 19162 6765 
18767 14398 19163 6766 
18772 14402 19167 6768 
18777 14404 19179 6769 
18782 14407 19181 6772 
18790 14410 19188 6773 
18794 14413 19202 6774 
18802 14415 19213 6778 
18803 14419 19216 6783 
18810 14421 19223 6785 
18814 14425 19228 6787 
18822 14429 19231 6788 
18827 14431 19237 6791 
18837 14433 19243 6793 
18843 14440 19248 6795 
18846 14446 19258 6798 
18848 14451 19262 6800 
18858 14453 19268 6802 
18860 14457 19277 6805 
18865 14467 19282 6807 
18872 14470 19291 6808 
18879 14476 19294 6810 
18887 14482 19298 6811 
18894 14488 19304 6813 
18904 14493 19314 6816 
18906 14500 19320 6820 
18914 14502 19329 6820 
18921 14506 19338 6821 
18931 14512 19352 6822 
18937 14515 19359 6825 
18948 14518 19368 6826 
18954 14525 19373 6828 
18961 14532 19376 6829 
18968 14538 19389 6832 
18971 14544 19401 6835 
18978 14546 19405 6836 
18986 14553 19410 6840 
18992 14558 19419 6842 
19001 14562 19424 6842 
19006 14566 19432 6844 
19011 14570 19434 6846 
19020 14577 19443 6848 
19028 14580 19451 6851 
19030 14587 19458 6853 
19034 14592 19465 6856 
19041 14597 19473 6857 
19048 14605 19482 6861 
19056 14610 19486 6861 
19061 14615 19490 6866 
19064 14622 19496 6869 
19070 14626 19499 6871 
19076 14627 19506 6872 
19082 14629 19516 6879 
19088 14631 19524 6881 
19093 14635 19531 6883 
19098 14636 19537 6884 
19103 14641 19543 6890 
19111 14646 19550 6891 
19116 14652 19555 6893 
19126 14658 19560 6899 
19131 14668 19566 6902 
19135 14672 19573 6906 
19136 14674 19578 6907 
19143 14679 19582 6909 
19149 14684 19590 6912 
19153 14686 19597 6912 
19161 14691 19604 6914 
19167 14697 19610 6917 
19174 14703 19615 6917 
19176 14710 19619 6919 
19183 14713 19625 6921 
19190 14720 19635 6921 
19194 14723 19640 6922 
19200 14727 19650 6925 
19204 14731 19657 6929 
19212 14738 19661 6933 
19217 14743 19667 6938 
19224 14747 19675 6940 
19230 14751 19682 6943 
19235 14756 19689 6944 
19239 14762 19693 6947 
19246 14766 19696 6949 
19252 14768 19703 6949 
19259 14773 19706 6949 
19269 14778 19712 6954 
19276 14785 19716 6954 
19283 14788 19724 6955 
19289 14798 19730 6957 
19290 14802 19740 6958 
19296 14808 19746 6959 
19304 14809 19749 6964 
19307 14811 19757 6967 
19313 14822 19766 6967 
19318 14826 19773 6967 
19323 14830 19777 6970 
19329 14833 19784 6972 
19336 14835 19791 6974 
19343 14840 19796 6975 
19350 14846 19797 6977 
19357 14850 19804 6980 
19365 14856 19808 6982 
19370 14857 19819 6983 
19378 14862 19830 6986 
19390 14868 19837 6989 
19393 14878 19843 6992 
19398 14883 19849 6993 
19407 14887 19852 6997 
19412 14890 19860 7001 
19417 14895 19863 7004 
19427 14900 19872 7005 
19428 14907 19872 7008 
19435 14912 19877 7009 
19443 14917 19883 7009 
19445 14922 19889 7011 
19453 14929 19897 7014 
19459 14937 19904 7015 
19461 14938 19909 7020 
19467 14944 19917 7024 
19472 14951 19922 7026 
19478 14953 19926 7028 
19481 14957 19931 7028 
19484 14964 19940 7029 
19490 14967 19943 7031 
19497 14973 19949 7033 
19499 14977 19956 7037 
19504 14983 19961 7039 
19512 14987 19962 7044 
19524 14991 19966 7045 
19532 14992 19973 7046 
19536 14998 19977 7047 
19545 15002 19983 7051 
19553 15007 19986 7056 
19561 15011 19996 7058 
19565 15015 20002 7061 
19575 15023 20007 7065 
19581 15025 20014 7066 
19584 15028 20021 7069 
19596 15029 20032 7072 
19599 15031 20038 7074 
19605 15040 20046 7076 
19614 15045 20052 7078 
19619 15052 20062 7080 
19623 15057 20066 7082 
19628 15060 20072 7084 
19636 15064 20077 7087 
19642 15067 20079 7090 
19647 15068 20086 7096 
19651 15074 20097 7099 
19655 15079 20107 7100 
19657 15083 20114 7103 
19664 15087 20119 7105 
19669 15095 20127 7109 
19672 15098 20129 7109 
19679 15105 20139 7113 
19685 15107 20144 7113 
19687 15111 20148 7117 
19692 15113 20152 7119 
19697 15117 20164 7122 
19705 15122 20175 7126 
19713 15125 20181 7128 
19718 15127 20184 7129 
19725 15130 20193 7130 
19734 15137 20198 7133 
19738 15141 20201 7135 
19747 15144 20207 7139 
19752 15151 20209 7141 
19755 15154 20218 7145 
19762 15160 20224 7146 
19770 15162 20228 7148 
19774 15167 20232 7148 
19780 15172 20239 7152 
19785 15173 20246 7154 
19791 15173 20254 7155 
19795 15177 20268 7156 
19798 15184 20272 7161 
19809 15188 20277 7165 
19813 15192 20282 7166 
19820 15197 20286 7169 
19826 15200 20292 7171 
19835 15204 20299 7172 
19837 15210 20311 7175 
19845 15213 20318 7175 
19850 15216 20322 7177 
19861 15221 20330 7183 
19867 15226 20335 7183 
19871 15229 20339 7187 
19878 15234 20345 7192 
19887 15237 20354 7193 
19893 15244 20357 7199 
19897 15251 20367 7199 
19901 15259 20374 7203 
19906 15265 20379 7203 
19914 15274 20386 7205 
19915 15278 20396 7208 
19918 15288 20408 7210 
19922 15294 20417 7214 
19929 15295 20425 7215 
19941 15300 20434 7217 
19948 15303 20441 7217 
19954 15310 20444 7217 
19961 15313 20447 7219 
19966 15316 20453 7220 
19975 15318 20459 7225 
19979 15321 20464 7226 
19988 15322 20473 7228 
19993 15326 20478 7229 
20000 15328 20485 7232 
20005 15333 20494 7234 
20012 15343 20497 7237 
20023 15346 20503 7237 
20031 15350 20509 7237 
20035 15354 20517 7239 
20046 15359 20523 7241 
20057 15365 20534 7244 
20060 15371 20546 7244 
20064 15376 20551 7245 
20070 15382 20559 7246 
20075 15391 20563 7246 
20083 15397 20574 7248 
20088 15400 20579 7252 
20098 15403 20584 7254 
20103 15405 20590 7256 
20106 15412 20597 7258 
20113 15414 20600 7262 
20117 15417 20606 7263 
20119 15422 20616 7267 
20124 15425 20621 7268 
20127 15428 20626 7271 
20131 15432 20632 7272 
20138 15435 20638 7275 
20146 15438 20642 7279 
20153 15443 20649 7280 
20161 15445 20656 7280 
20169 15453 20662 7282 
20172 15454 20665 7285 
20180 15459 20668 7291 
20185 15461 20676 7291 
20188 15466 20685 7295 
20195 15469 20686 7295 
20204 15476 20692 7298 
20207 15480 20699 7301 
20213 15483 20705 7306 
20216 15486 20711 7310 
20220 15492 20722 7312 
20230 15495 20729 7314 
20238 15498 20739 7318 
20243 15503 20744 7318 
20251 15507 20747 7321 
20254 15514 20752 7328 
20260 15521 20758 7331 
20267 15526 20765 7332 
20276 15531 20773 7334 
20281 15533 20778 7335 
20289 15540 20784 7337 
20292 15543 20788 7338 
20300 15552 20794 7340 
20304 15556 20797 7343 
20312 15562 20802 7346 
20318 15565 20809 7349 
20324 15569 20818 7351 
20327 15576 20824 7351 
20336 15584 20831 7352 
20337 15588 20836 7355 
20343 15596 20848 7358 
20352 15600 20853 7359 
20359 15606 20857 7363 
20366 15611 20864 7366 
20370 15614 20868 7368 
20382 15617 20877 7370 
20392 15623 20884 7373 
20401 15627 20888 7378 
20406 15630 20898 7381 
20412 15631 20905 7384 
20419 15633 20912 7385 
20421 15638 20917 7386 
20425 15642 20924 7387 
20433 15648 20925 7388 
20440 15654 20936 7389 
20445 15658 20941 7389 
20452 15663 20950 7392 
20461 15667 20957 7396 
20471 15673 20965 7398 
20474 15675 20971 7399 
20485 15683 20977 7400 
20488 15685 20983 7402 
20494 15688 20988 7405 
20505 15693 20993 7407 
20514 15695 21003 7407 
20518 15701 21005 7409 
20525 15704 21012 7411 
20529 15710 21020 7414 
20532 15713 21026 7416 
20537 15716 21037 7418 
20545 15722 21046 7420 
20549 15728 21054 7421 
20553 15730 21060 7424 
20560 15732 21069 7426 
20568 15739 21074 7427 
20574 15740 21081 7427 
20577 15746 21086 7428 
20584 15749 21091 7429 
20589 15754 21097 7430 
20595 15756 21103 7431 
20603 15758 21108 7431 
20610 15762 21120 7432 
20616 15768 21128 7438 
20622 15770 21134 7441 
20631 15779 21144 7442 
20635 15784 21148 7445 
20641 15788 21155 7448 
20652 15794 21162 7448 
20657 15801 21168 7451 
20664 15804 21176 7452 
20665 15811 21185 7454 
20671 15817 21192 7455 
20674 15823 21205 7456 
20682 15825 21211 7462 
20691 15832 21218 7464 
20700 15840 21224 7464 
20711 15846 21230 7465 
20717 15850 21234 7466 
20729 15852 21242 7467 
20735 15856 21249 7470 
20739 15868 21257 7472 
20745 15873 21264 7473 
20754 15880 21270 7476 
20761 15887 21284 7481 
20766 15891 21291 7484 
20779 15896 21303 7486 
20784 15902 21307 7491 
20789 15906 21312 7494 
20791 15911 21320 7496 
20800 15912 21329 7500 
20804 15914 21336 7502 
20807 15921 21344 7505 
20812 15927 21353 7509 
20819 15932 21357 7511 
20824 15940 21362 7514 
20828 15940 21369 7514 
20834 15944 21380 7516 
20840 15948 21388 7518 
20848 15952 21395 7520 
20850 15955 21397 7523 
20862 15962 21406 7529 
20866 15967 21414 7531 
20872 15975 21420 7533 
20877 15979 21426 7534 
20882 15981 21432 7536 
20886 15985 21438 7538 
20892 15991 21447 7541 
20901 15996 21452 7544 
20904 16002 21457 7547 
20913 16005 21463 7552 
20917 16010 21467 7554 
20925 16015 21473 7557 
20940 16020 21476 7559 
20948 16027 21481 7562 
20953 16032 21490 7563 
20960 16035 21496 7564 
20966 16039 21506 7566 
20968 16041 21508 7566 
20975 16047 21515 7570 
20982 16050 21522 7574 
20989 16055 21526 7578 
20994 16062 21532 7579 
20998 16067 21542 7581 
21004 16072 21547 7581 
21007 16076 21547 7582 
21013 16082 21552 7584 
21019 16088 21556 7585 
21024 16090 21560 7588 
21029 16096 21563 7591 
21037 16101 21565 7595 
21047 16106 21573 7598 
21053 16113 21580 7598 
21060 16117 21590 7603 
21068 16120 21595 7612 
21075 16125 21604 7615 
21084 16130 21610 7618 
21089 16136 21615 7625 
21095 16142 21617 7626 
21101 16149 21624 7630 
21104 16156 21628 7632 
21106 16163 21636 7633 
21111 16169 21640 7636 
21116 16175 21642 7640 
21123 16177 21651 7644 
21128 16178 21657 7648 
21134 16181 21663 7648 
21137 16185 21666 7651 
21141 16191 21675 7653 
21152 16196 21683 7657 
21158 16203 21689 7658 
21161 16214 21692 7658 
21166 16219 21698 7659 
21170 16224 21709 7661 
21176 16230 21716 7664 
21186 16235 21718 7665 
21191 16238 21723 7665 
21197 16247 21729 7667 
21201 16250 21732 7670 
21208 16260 21737 7671 
21213 16263 21741 7674 
21223 16270 21750 7676 
21225 16276 21755 7680 
21232 16280 21759 7682 
21236 16284 21762 7685 
21242 16285 21771 7688 
21245 16291 21779 7689 
21251 16295 21784 7691 
21257 16300 21791 7692 
21263 16305 21798 7694 
21267 16311 21802 7698 
21271 16317 21807 7700 
21277 16322 21816 7700 
21281 16327 21827 7701 
21287 16330 21834 7704 
21299 16337 21841 7707 
21306 16340 21849 7710 
21313 16343 21851 7711 
21316 16348 21861 7715 
21320 16351 21868 7717 
21329 16352 21874 7719 
21338 16357 21883 7723 
21345 16362 21890 7725 
21350 16369 21899 7728 
21358 16377 21901 7729 
21362 16381 21904 7731 
21371 16386 21909 7733 
21373 16393 21917 7737 
21379 16396 21928 7742 
21386 16404 21938 7743 
21391 16405 21946 7745 
21398 16413 21955 7747 
21400 16420 21961 7749 
21405 16423 21967 7752 
21411 16427 21971 7753 
21422 16429 21979 7756 
21433 16434 21982 7759 
21439 16441 21990 7762 
21452 16443 21993 7766 
21458 16447 22004 7767 
21465 16453 22013 7767 
21470 16458 22019 7772 
21476 16461 22027 7772 
21480 16467 22040 7773 
21489 16473 22053 7777 
21493 16477 22062 7779 
21500 16480 22068 7782 
21506 16485 22077 7788 
21509 16489 22084 7788 
21513 16495 22094 7789 
21516 16498 22099 7792 
21522 16501 22102 7795 
21523 16506 22112 7796 
21529 16508 22119 7797 
21531 16510 22121 7799 
21533 16514 22125 7801 
21539 16517 22130 7804 
21544 16519 22135 7806 
21549 16524 22149 7807 
21557 16527 22153 7809 
21561 16531 22159 7812 
21567 16534 22166 7815 
21571 16541 22175 7817 
21578 16544 22180 7821 
21587 16549 22189 7824 
21591 16555 22196 7827 
21595 16563 22199 7830 
21602 16567 22207 7833 
21608 16571 22213 7836 
21614 16575 22221 7840 
21621 16584 22226 7842 
21627 16587 22231 7845 
21634 16591 22236 7848 
21639 16594 22240 7853 
21645 16598 22243 7855 
21650 16604 22249 7858 
21656 16609 22259 7864 
21661 16613 22269 7866 
21663 16617 22280 7866 
21666 16625 22285 7870 
21680 16630 22295 7872 
21685 16632 22299 7876 
21689 16635 22303 7882 
21695 16636 22310 7882 
21701 16644 22321 7883 
21707 16649 22325 7884 
21717 16657 22334 7886 
21724 16666 22339 7886 
21730 16672 22346 7888 
21741 16678 22349 7891 
21749 16684 22357 7892 
21754 16689 22365 7893 
21759 16694 22375 7896 
21764 16699 22381 7899 
21774 16707 22389 7900 
21779 16712 22394 7902 
21788 16717 22400 7905 
21794 16723 22405 7907 
21802 16729 22413 7908 
21806 16730 22417 7909 
21811 16738 22419 7910 
21818 16741 22427 7912 
21831 16744 22435 7913 
21836 16747 22439 7914 
21840 16750 22445 7916 
21844 16753 22456 7916 
21851 16758 22463 7917 
21862 16764 22469 7917 
21866 16770 22474 7918 
21872 16772 22481 7922 
21876 16776 22486 7924 
21884 16786 22495 7925 
21893 16792 22498 7926 
21899 16795 22508 7929 
21908 16799 22509 7931 
21911 16805 22512 7934 
21915 16812 22519 7936 
21918 16815 22530 7938 
21924 16821 22537 7939 
21926 16828 22542 7941 
21930 16834 22549 7942 
21937 16839 22554 7946 
21942 16842 22564 7948 
21948 16846 22570 7953 
21955 16849 22579 7953 
21962 16853 22590 7956 
21968 16856 22596 7959 
21973 16859 22604 7961 
21978 16863 22609 7965 
21983 16868 22613 7965 
21990 16869 22620 7965 
21997 16873 22626 7970 
22004 16877 22631 7970 
22012 16885 22642 7972 
22018 16888 22648 7976 
22027 16890 22656 7980 
22034 16891 22662 7981 
22043 16896 22665 7982 
22050 16896 22674 7984 
22056 16901 22681 7986 
22058 16906 22687 7988 
22068 16910 22691 7990 
22074 16913 22693 7993 
22077 16917 22702 7995 
22082 16921 22706 7995 
22084 16928 22712 7997 
22089 16932 22725 8002 
22095 16934 22730 8004 
22103 16938 22742 8008 
22109 16948 22749 8012 
22117 16953 22760 8017 
22126 16958 22768 8019 
22133 16966 22773 8022 
22137 16968 22778 8022 
22145 16972 22787 8026 
22153 16976 22798 8027 
22160 16982 22805 8030 
22169 16989 22814 8034 
22177 16995 22819 8037 
22183 16998 22828 8040 
22189 17000 22837 8041 
22192 17004 22842 8046 
22194 17007 22850 8051 
22205 17011 22853 8052 
22211 17017 22859 8052 
22215 17019 22863 8057 
22218 17025 22867 8060 
22224 17030 22871 8061 
22228 17036 22872 8063 
22230 17041 22875 8064 
22236 17044 22879 8066 
22246 17052 22883 8068 
22251 17061 22890 8070 
22256 17066 22893 8074 
22263 17069 22900 8081 
22268 17074 22908 8084 
22273 17078 22917 8084 
22278 17086 22923 8086 
22283 17091 22932 8087 
22299 17096 22937 8091 
22302 17105 22944 8091 
22309 17109 22954 8094 
22316 17118 22964 8101 
22321 17124 22969 8101 
22326 17130 22975 8103 
22333 17135 22980 8107 
