0 0 0 0 
3 1 2 0 
7 5 8 3 
12 9 14 6 
19 12 22 6 
24 17 26 7 
26 23 30 8 
30 26 34 10 
32 29 39 11 
40 34 49 14 
47 36 50 18 
53 39 55 20 
56 41 59 21 
58 44 64 22 
60 49 66 23 
69 51 73 24 
77 55 78 25 
81 58 84 28 
90 62 90 30 
93 64 94 30 
97 67 104 31 
103 75 109 33 
107 81 115 35 
110 84 118 35 
119 89 123 36 
127 92 126 37 
131 98 132 38 
135 104 138 41 
138 106 144 44 
146 108 144 45 
157 114 148 46 
164 117 156 46 
167 120 160 47 
176 124 171 50 
180 127 176 51 
186 132 187 52 
195 136 195 55 
201 139 199 58 
207 142 205 60 
216 149 210 63 
219 153 213 65 
225 158 218 67 
229 161 228 68 
235 165 236 69 
239 166 242 72 
244 170 247 73 
250 177 250 73 
255 180 254 73 
264 182 257 73 
266 185 266 74 
271 186 271 76 
276 189 276 76 
278 191 279 77 
278 194 286 78 
280 198 291 79 
284 199 296 80 
292 205 298 81 
295 208 301 82 
300 210 310 85 
308 215 315 89 
317 221 323 93 
319 224 329 93 
325 230 334 95 
334 234 335 97 
340 240 340 97 
343 240 347 98 
351 243 352 99 
356 246 358 100 
359 249 362 101 
365 250 369 104 
369 253 380 106 
372 258 387 108 
379 263 390 108 
383 269 401 110 
390 279 409 113 
399 281 417 115 
402 286 423 117 
408 290 428 120 
416 296 430 121 
426 302 434 123 
433 305 439 125 
438 309 444 130 
441 309 446 131 
445 311 453 131 
451 314 456 133 
459 320 461 135 
466 324 468 137 
468 325 469 139 
472 330 473 142 
477 334 477 143 
483 337 482 145 
487 338 485 147 
492 340 495 148 
497 346 498 152 
506 349 507 152 
510 353 509 153 
517 355 512 155 
523 358 521 157 
530 359 527 157 
539 360 531 159 
543 363 534 161 
547 366 537 161 
550 371 542 164 
557 376 550 166 
562 377 555 167 
566 380 559 171 
575 382 563 173 
580 385 570 173 
586 388 575 175 
591 388 579 179 
594 392 586 180 
597 396 590 183 
601 398 592 185 
609 402 595 187 
616 405 604 188 
623 412 607 189 
624 416 611 189 
628 420 613 193 
633 420 615 195 
634 422 617 196 
637 425 622 199 
643 425 627 200 
648 429 633 201 
651 431 642 203 
654 437 651 206 
661 441 654 210 
667 446 658 211 
674 449 670 213 
679 450 672 216 
685 452 673 218 
693 454 677 219 
698 455 681 219 
707 459 684 221 
709 463 686 221 
714 468 691 221 
722 472 693 224 
728 474 697 225 
737 478 702 226 
739 483 706 226 
743 488 710 232 
749 492 714 235 
757 493 717 235 
768 494 725 237 
771 496 730 237 
782 500 733 239 
787 503 739 243 
796 506 746 244 
799 509 749 246 
807 511 755 247 
814 515 760 248 
821 516 761 251 
831 519 768 252 
835 526 772 252 
842 527 778 253 
844 532 783 253 
847 533 786 255 
850 535 793 256 
854 537 798 259 
859 544 807 260 
862 549 811 263 
871 554 818 267 
876 566 832 271 
883 570 840 273 
889 572 844 275 
895 573 846 277 
903 577 852 280 
906 581 860 284 
913 586 862 285 
918 589 866 287 
924 595 871 288 
936 598 874 292 
941 601 876 296 
946 605 885 297 
948 606 888 301 
958 608 897 304 
963 611 905 308 
966 617 914 309 
968 619 916 310 
975 622 920 313 
980 629 923 316 
989 637 929 317 
998 639 930 319 
1005 643 932 321 
1011 651 934 323 
1013 653 938 324 
1015 656 941 325 
1018 657 949 326 
1021 658 953 327 
1027 661 954 329 
1034 668 956 332 
1040 672 962 332 
1047 675 968 333 
1051 678 976 335 
1059 682 983 337 
1067 682 988 338 
1070 685 995 340 
1077 686 1000 341 
1085 690 1005 345 
1097 695 1012 348 
1100 697 1017 349 
1107 701 1023 352 
1108 702 1028 354 
1113 705 1033 356 
1118 707 1039 359 
1123 713 1041 359 
1129 715 1044 361 
1136 719 1050 363 
1138 723 1054 364 
1138 724 1059 365 
1142 731 1065 366 
1144 740 1074 370 
1149 745 1081 376 
1153 747 1087 378 
1158 753 1095 380 
1161 760 1101 381 
1165 762 1108 381 
1166 766 1111 384 
1169 770 1119 385 
1180 773 1125 386 
1184 777 1133 387 
1192 782 1136 390 
1200 786 1141 392 
1204 789 1143 392 
1207 796 1153 392 
1212 799 1157 393 
1219 800 1162 396 
1224 802 1167 400 
1230 805 1173 400 
1234 806 1178 403 
1242 810 1183 404 
1246 812 1188 405 
1248 814 1193 407 
1254 819 1194 408 
1257 824 1198 410 
1264 832 1204 411 
1267 836 1207 414 
1277 842 1212 415 
1284 846 1216 417 
1289 850 1221 419 
1294 851 1223 423 
1299 856 1230 423 
1305 861 1239 424 
1309 866 1244 425 
1312 868 1247 430 
1318 871 1250 431 
1322 873 1252 434 
1324 874 1254 434 
1329 880 1259 434 
1334 881 1262 435 
1342 882 1268 438 
1345 884 1270 440 
1348 890 1277 441 
1350 893 1280 442 
1361 897 1284 443 
1365 904 1289 444 
1371 910 1293 448 
1373 913 1295 450 
1380 917 1302 451 
1385 920 1307 451 
1390 923 1311 453 
1394 926 1316 455 
1400 929 1323 456 
1403 932 1332 457 
1411 937 1337 459 
1417 942 1340 461 
1423 946 1345 464 
1427 949 1348 466 
1432 953 1351 466 
1437 954 1355 468 
1441 957 1362 468 
1443 961 1365 470 
1453 961 1368 472 
1460 964 1375 472 
1468 969 1378 474 
1476 972 1381 475 
1478 976 1390 475 
1482 980 1400 478 
1488 986 1408 478 
1495 989 1412 480 
1501 993 1415 480 
1504 999 1420 483 
1508 1005 1424 484 
1514 1007 1432 487 
1521 1011 1437 489 
1526 1016 1438 490 
1529 1021 1444 492 
1537 1023 1447 492 
1544 1029 1454 494 
1548 1035 1461 496 
1552 1037 1464 498 
1555 1038 1467 499 
1565 1041 1471 500 
1575 1044 1477 501 
1580 1048 1482 501 
1583 1055 1490 502 
1588 1063 1493 502 
1592 1066 1494 505 
1595 1071 1500 506 
1599 1076 1505 507 
1606 1081 1516 508 
1614 1085 1522 508 
1617 1088 1527 510 
1620 1092 1536 511 
1626 1098 1545 512 
1633 1106 1551 513 
1642 1110 1557 513 
1647 1114 1560 514 
1651 1122 1566 516 
1658 1124 1571 518 
1666 1130 1575 519 
1669 1133 1579 521 
1672 1138 1580 522 
1676 1140 1585 526 
1679 1145 1587 528 
1681 1147 1590 530 
1689 1153 1596 530 
1697 1155 1598 532 
1699 1156 1602 536 
1705 1156 1608 537 
1706 1159 1615 537 
1713 1162 1622 539 
1717 1165 1630 540 
1723 1168 1635 541 
1727 1173 1641 542 
1731 1179 1646 543 
1741 1183 1653 546 
1745 1185 1656 546 
1751 1191 1660 547 
1757 1197 1667 551 
1764 1203 1674 552 
1771 1209 1677 554 
1775 1210 1684 554 
1782 1212 1688 556 
1788 1219 1693 559 
1790 1227 1700 561 
1795 1228 1702 563 
1802 1232 1709 564 
1807 1237 1713 567 
1816 1243 1715 570 
1820 1247 1718 570 
1826 1249 1724 571 
1830 1253 1727 573 
1838 1258 1734 578 
1839 1265 1739 579 
1842 1268 1748 580 
1846 1273 1752 581 
1849 1276 1758 582 
1855 1282 1760 583 
1866 1285 1763 583 
1872 1292 1769 584 
1878 1293 1773 585 
1881 1298 1778 589 
1887 1303 1780 590 
1896 1306 1786 592 
1903 1311 1790 597 
1907 1317 1792 597 
1910 1319 1798 597 
1915 1320 1801 598 
1921 1322 1807 599 
1926 1324 1809 600 
1933 1329 1817 602 
1937 1334 1819 605 
1939 1340 1826 605 
1943 1346 1830 607 
1947 1350 1834 609 
1949 1353 1841 610 
1954 1358 1848 610 
1959 1361 1851 612 
1964 1366 1857 615 
1971 1374 1859 615 
1974 1377 1863 615 
1977 1383 1868 617 
1981 1384 1875 619 
1984 1392 1880 622 
1990 1393 1886 624 
1992 1398 1891 625 
1996 1400 1897 629 
2002 1403 1907 632 
2007 1406 1909 635 
2015 1407 1918 640 
2018 1410 1926 641 
2021 1412 1928 643 
2026 1415 1936 645 
2031 1419 1942 647 
2033 1422 1951 647 
2038 1424 1956 649 
2047 1427 1966 649 
2051 1429 1969 651 
2058 1430 1973 653 
2063 1435 1975 655 
2065 1439 1980 655 
2070 1444 1986 655 
2079 1449 1990 659 
2082 1453 1993 662 
2088 1460 1997 665 
2092 1464 2004 665 
2097 1467 2006 667 
2102 1470 2011 670 
2106 1474 2017 672 
2109 1477 2020 673 
2110 1478 2024 676 
2117 1481 2028 677 
2122 1486 2033 679 
2127 1495 2037 680 
2134 1498 2044 681 
2140 1504 2046 682 
2149 1509 2054 684 
2153 1511 2061 686 
2158 1517 2067 687 
2168 1520 2070 687 
2174 1525 2074 687 
2181 1530 2079 689 
2187 1534 2084 691 
2194 1538 2086 693 
2202 1545 2093 694 
2209 1547 2097 695 
2213 1552 2102 698 
2218 1555 2112 700 
2221 1562 2119 703 
2227 1566 2125 704 
2235 1570 2130 706 
2242 1575 2133 707 
2250 1578 2136 709 
2258 1578 2143 711 
2262 1581 2153 712 
2273 1588 2156 714 
2278 1590 2158 714 
2288 1591 2166 716 
2299 1595 2170 720 
2301 1601 2174 724 
2302 1605 2179 727 
2308 1607 2183 728 
2316 1610 2191 732 
2321 1615 2198 735 
2326 1618 2201 735 
2329 1621 2206 738 
2336 1623 2212 739 
2346 1627 2220 739 
2349 1632 2222 742 
2355 1634 2228 745 
2361 1635 2230 746 
2365 1636 2234 746 
2370 1640 2238 747 
2374 1644 2244 747 
2386 1647 2252 747 
2391 1648 2259 748 
2394 1650 2263 752 
2397 1652 2266 754 
2411 1655 2274 757 
2416 1655 2283 759 
2420 1659 2287 759 
2424 1661 2290 761 
2429 1665 2297 761 
2436 1666 2302 762 
2441 1668 2304 764 
2448 1671 2311 764 
2448 1676 2317 766 
2454 1681 2321 767 
2458 1687 2326 770 
2463 1691 2335 771 
2471 1697 2340 772 
2478 1700 2346 774 
2488 1701 2352 778 
2492 1701 2360 778 
2494 1703 2363 783 
2502 1708 2370 787 
2507 1709 2374 790 
2513 1715 2374 791 
2517 1720 2377 794 
2524 1727 2384 794 
2526 1730 2386 797 
2529 1737 2391 798 
2535 1741 2400 800 
2538 1747 2404 802 
2545 1754 2411 804 
2550 1758 2416 805 
2551 1761 2422 807 
2558 1763 2428 807 
2567 1768 2437 808 
2573 1772 2439 810 
2581 1774 2444 812 
2585 1776 2449 813 
2591 1780 2454 815 
2596 1781 2460 817 
2602 1782 2468 818 
2610 1787 2475 819 
2615 1794 2480 820 
2619 1797 2487 822 
2624 1801 2490 823 
2627 1807 2491 825 
2633 1810 2496 825 
2640 1816 2503 828 
2647 1820 2505 830 
2650 1822 2509 834 
2660 1824 2519 836 
2662 1828 2524 838 
2671 1831 2531 840 
2672 1837 2536 841 
2681 1840 2541 843 
2685 1845 2546 846 
2695 1847 2549 847 
2701 1854 2555 850 
2705 1860 2562 853 
2707 1862 2572 853 
2710 1865 2576 855 
2714 1869 2581 857 
2721 1871 2585 858 
2725 1876 2594 860 
2732 1877 2601 860 
2734 1881 2607 864 
2739 1885 2614 866 
2746 1893 2617 866 
2754 1899 2626 870 
2757 1901 2633 870 
2760 1908 2640 871 
2770 1914 2645 874 
2774 1916 2649 876 
2787 1923 2652 877 
2791 1926 2656 880 
2797 1928 2658 880 
2801 1934 2665 882 
2805 1937 2674 884 
2813 1943 2675 885 
2819 1947 2680 888 
2822 1951 2685 889 
2828 1954 2690 892 
2834 1960 2694 894 
2842 1963 2703 895 
2850 1964 2709 898 
2852 1970 2713 901 
2857 1975 2719 901 
2860 1978 2728 905 
2865 1981 2734 906 
2871 1985 2743 907 
2875 1986 2751 912 
2878 1987 2756 915 
2882 1991 2759 917 
2887 1995 2764 917 
2893 1998 2771 918 
2896 2001 2777 920 
2903 2003 2780 922 
2910 2007 2783 923 
2917 2009 2787 923 
2922 2018 2794 926 
2925 2022 2798 927 
2931 2026 2804 931 
2935 2027 2813 933 
2941 2032 2818 935 
2948 2038 2823 938 
2955 2044 2831 939 
2957 2048 2834 940 
2959 2049 2839 943 
2966 2055 2843 946 
2974 2060 2853 947 
2982 2063 2855 949 
2985 2068 2859 949 
2989 2071 2862 949 
2999 2073 2869 949 
3002 2074 2872 950 
3006 2078 2876 951 
3009 2085 2882 952 
3014 2089 2886 953 
3021 2091 2893 954 
3025 2095 2900 956 
3031 2100 2905 956 
3037 2104 2910 956 
3041 2107 2916 960 
3046 2111 2920 961 
3055 2115 2924 962 
3062 2117 2926 963 
3066 2125 2930 965 
3069 2125 2933 970 
3077 2132 2942 973 
3081 2136 2949 975 
3086 2141 2956 977 
3089 2145 2961 981 
3099 2148 2964 981 
3101 2155 2969 982 
3104 2158 2975 982 
3112 2162 2978 984 
3115 2168 2982 986 
3120 2172 2986 989 
3129 2178 2993 992 
3134 2187 3004 993 
3141 2190 3006 997 
3144 2195 3014 1001 
3148 2199 3017 1003 
3151 2201 3024 1006 
3152 2206 3030 1010 
3159 2211 3038 1011 
3165 2218 3043 1016 
3170 2222 3046 1016 
3174 2223 3052 1020 
3179 2225 3063 1020 
3183 2226 3067 1023 
3188 2233 3073 1025 
3189 2237 3081 1029 
3199 2241 3084 1032 
3202 2245 3090 1033 
3205 2248 3095 1033 
3212 2252 3102 1035 
3215 2252 3106 1037 
3220 2257 3112 1040 
3227 2261 3114 1042 
3231 2264 3116 1043 
3234 2269 3122 1046 
3240 2271 3126 1049 
3244 2274 3130 1050 
3246 2280 3136 1052 
3254 2284 3142 1057 
3261 2284 3148 1061 
3264 2290 3151 1065 
3268 2292 3155 1067 
3274 2293 3160 1067 
3277 2299 3164 1070 
3283 2304 3167 1073 
3285 2307 3168 1073 
3290 2310 3174 1074 
3295 2314 3178 1076 
3301 2316 3184 1079 
3308 2319 3188 1084 
3314 2319 3193 1086 
3325 2324 3196 1086 
3332 2327 3205 1088 
3336 2334 3208 1088 
3342 2336 3215 1090 
3345 2337 3222 1091 
3346 2341 3228 1093 
3351 2346 3232 1094 
3358 2351 3235 1097 
3363 2354 3238 1097 
3368 2358 3244 1101 
3374 2363 3253 1103 
3379 2368 3258 1104 
3384 2371 3263 1104 
3388 2376 3265 1105 
3393 2380 3268 1108 
3394 2381 3271 1109 
3399 2385 3278 1110 
3402 2390 3287 1111 
3409 2395 3293 1112 
3413 2398 3298 1115 
3416 2401 3300 1116 
3419 2405 3305 1119 
3424 2409 3309 1120 
3430 2410 3317 1122 
3437 2414 3323 1122 
3441 2417 3333 1123 
3444 2420 3343 1124 
3447 2427 3347 1128 
3452 2430 3355 1128 
3455 2432 3358 1130 
3461 2436 3359 1135 
3466 2440 3361 1135 
3476 2443 3366 1139 
3481 2446 3374 1144 
3486 2452 3376 1144 
3486 2458 3378 1145 
3496 2463 3382 1148 
3502 2470 3387 1151 
3505 2474 3391 1153 
3513 2480 3397 1155 
3517 2484 3403 1157 
3520 2487 3411 1161 
3529 2493 3415 1162 
3533 2497 3422 1162 
3536 2502 3428 1166 
3539 2504 3433 1167 
3544 2509 3440 1168 
3551 2514 3444 1169 
3556 2515 3455 1170 
3560 2519 3457 1171 
3571 2525 3464 1173 
3576 2530 3473 1174 
3580 2533 3481 1175 
3587 2538 3484 1177 
3595 2544 3492 1179 
3602 2549 3493 1179 
3610 2552 3495 1181 
3612 2556 3502 1182 
3617 2561 3509 1182 
3623 2561 3512 1184 
3632 2568 3514 1187 
3642 2574 3516 1188 
3647 2577 3520 1188 
3654 2581 3527 1190 
3660 2587 3532 1190 
3663 2596 3537 1192 
3669 2598 3540 1196 
3676 2599 3546 1202 
3679 2605 3554 1206 
3682 2607 3559 1210 
3689 2610 3563 1210 
3693 2612 3570 1211 
3699 2621 3573 1214 
3706 2625 3575 1217 
3713 2630 3576 1219 
3723 2634 3583 1220 
3733 2636 3593 1221 
3736 2641 3595 1223 
3740 2645 3599 1225 
3746 2648 3603 1226 
3753 2650 3609 1227 
3758 2656 3612 1230 
3768 2659 3621 1231 
3771 2663 3624 1233 
3777 2666 3627 1233 
3783 2668 3630 1234 
3787 2670 3637 1234 
3797 2672 3645 1238 
3804 2673 3648 1241 
3807 2676 3655 1244 
3816 2678 3659 1244 
3821 2682 3666 1246 
3822 2684 3668 1247 
3825 2691 3670 1247 
3828 2693 3676 1250 
3831 2698 3682 1251 
3836 2700 3687 1253 
3839 2704 3690 1256 
3839 2707 3697 1257 
3848 2708 3700 1259 
3852 2709 3709 1261 
3862 2710 3709 1262 
3867 2714 3713 1264 
3872 2716 3714 1265 
3878 2717 3721 1266 
3881 2718 3730 1271 
3885 2724 3734 1276 
3890 2727 3741 1279 
3894 2733 3745 1281 
3898 2737 3752 1285 
3899 2739 3755 1287 
3905 2742 3764 1289 
3914 2744 3771 1290 
3920 2747 3774 1293 
3926 2752 3780 1296 
3930 2753 3784 1298 
3935 2756 3791 1301 
3938 2757 3798 1305 
3938 2764 3807 1309 
3943 2767 3810 1317 
3950 2769 3813 1320 
3956 2772 3824 1320 
3964 2778 3828 1320 
3967 2780 3832 1321 
3972 2785 3836 1323 
3977 2791 3837 1325 
3984 2797 3842 1326 
3989 2801 3844 1327 
3993 2806 3849 1330 
3996 2807 3852 1332 
4003 2807 3859 1333 
4007 2809 3864 1333 
4014 2813 3870 1334 
4019 2817 3876 1336 
4026 2819 3881 1337 
4030 2823 3885 1339 
4037 2827 3894 1341 
4039 2832 3898 1344 
4045 2836 3905 1345 
4053 2842 3909 1348 
4055 2845 3916 1350 
4064 2848 3924 1354 
4069 2852 3930 1357 
4077 2855 3933 1358 
4082 2861 3939 1360 
4084 2866 3947 1362 
4090 2869 3952 1363 
4098 2872 3954 1363 
4103 2874 3962 1364 
4109 2880 3967 1367 
4113 2887 3968 1369 
4120 2889 3975 1369 
4125 2892 3983 1369 
4131 2896 3988 1369 
4137 2899 3995 1373 
4142 2904 3997 1376 
4154 2906 4003 1376 
4157 2913 4008 1377 
4160 2917 4012 1378 
4165 2925 4018 1379 
4177 2927 4024 1381 
4180 2928 4033 1384 
4184 2929 4038 1384 
4188 2933 4045 1389 
4192 2937 4053 1390 
4194 2942 4058 1392 
4200 2943 4066 1397 
4205 2946 4070 1398 
4210 2948 4074 1399 
4213 2952 4078 1403 
4216 2953 4089 1405 
4220 2953 4097 1407 
4228 2960 4101 1408 
4236 2964 4108 1410 
4239 2966 4116 1411 
4242 2967 4119 1412 
4246 2973 4124 1413 
4250 2975 4130 1414 
4253 2976 4133 1415 
4256 2980 4138 1416 
4263 2983 4145 1417 
4273 2989 4150 1417 
4279 2994 4154 1418 
4282 2999 4159 1419 
4286 3004 4164 1419 
4291 3006 4171 1419 
4298 3009 4178 1420 
4307 3016 4183 1422 
4312 3022 4190 1423 
4319 3025 4194 1426 
4328 3027 4203 1428 
4332 3032 4206 1430 
4337 3034 4212 1434 
4347 3037 4218 1435 
4354 3043 4222 1435 
4360 3051 4224 1437 
4372 3056 4225 1437 
4381 3061 4229 1439 
4386 3063 4236 1439 
4392 3069 4241 1443 
4396 3073 4244 1443 
4402 3079 4246 1447 
4406 3086 4249 1450 
4408 3092 4257 1451 
4412 3095 4265 1452 
4415 3099 4267 1454 
4418 3102 4276 1454 
4424 3108 4279 1457 
4430 3111 4288 1459 
4439 3113 4297 1459 
4443 3115 4303 1460 
4449 3120 4306 1461 
4461 3126 4313 1465 
4467 3128 4317 1467 
4473 3131 4324 1468 
4476 3133 4331 1471 
4477 3140 4335 1474 
4485 3144 4338 1476 
4490 3148 4342 1479 
4497 3153 4344 1479 
4505 3156 4354 1479 
4509 3162 4358 1479 
4514 3165 4368 1480 
4522 3174 4372 1481 
4534 3177 4377 1481 
4536 3183 4380 1483 
4545 3184 4382 1484 
4551 3186 4390 1489 
4554 3193 4395 1489 
4563 3195 4399 1490 
4566 3198 4402 1493 
4572 3203 4411 1496 
4580 3208 4416 1498 
4586 3213 4424 1501 
4591 3216 4434 1503 
4594 3218 4442 1503 
4598 3222 4444 1504 
4603 3228 4451 1505 
4607 3232 4454 1506 
4609 3239 4459 1509 
4618 3245 4465 1511 
4622 3248 4471 1511 
4625 3254 4475 1514 
4633 3255 4484 1518 
4636 3258 4485 1518 
4639 3263 4493 1519 
4648 3273 4497 1520 
4653 3277 4501 1521 
4657 3280 4507 1525 
4660 3283 4509 1526 
4665 3290 4513 1528 
4668 3294 4519 1532 
4677 3301 4527 1533 
4680 3308 4534 1534 
4684 3312 4542 1535 
4687 3319 4542 1535 
4689 3321 4543 1536 
4694 3324 4549 1542 
4700 3329 4554 1545 
4707 3332 4557 1547 
4713 3335 4566 1547 
4721 3340 4569 1547 
4725 3341 4575 1547 
4731 3344 4580 1548 
4737 3346 4588 1548 
4741 3348 4592 1550 
4746 3351 4596 1553 
4749 3353 4602 1555 
4749 3361 4604 1555 
4754 3368 4607 1556 
4761 3370 4617 1558 
4763 3374 4623 1559 
4768 3378 4625 1562 
4775 3384 4629 1564 
4780 3386 4637 1566 
4788 3388 4639 1568 
4792 3393 4644 1568 
4800 3395 4654 1570 
4802 3399 4659 1571 
4807 3404 4664 1572 
4813 3411 4671 1575 
4816 3415 4680 1578 
4828 3419 4684 1581 
4833 3421 4690 1582 
4835 3425 4696 1584 
4838 3430 4702 1585 
4844 3432 4708 1589 
4851 3434 4710 1592 
4854 3440 4713 1596 
4859 3446 4720 1596 
4864 3448 4729 1599 
4870 3455 4735 1599 
4874 3459 4742 1601 
4879 3462 4743 1601 
4884 3467 4743 1605 
4892 3469 4749 1607 
4895 3473 4755 1610 
4903 3478 4756 1613 
4911 3479 4761 1616 
4920 3486 4763 1619 
4926 3488 4768 1623 
4933 3493 4773 1623 
4937 3500 4776 1626 
4939 3500 4779 1630 
4942 3506 4783 1632 
4949 3509 4786 1636 
4954 3514 4788 1638 
4957 3520 4793 1640 
4961 3524 4799 1643 
4969 3527 4805 1643 
4976 3528 4809 1646 
4980 3531 4810 1647 
4983 3536 4812 1650 
4987 3537 4814 1654 
4992 3539 4821 1654 
5000 3541 4824 1656 
5005 3547 4828 1656 
5009 3548 4835 1657 
5015 3553 4842 1660 
5020 3555 4848 1662 
5023 3560 4855 1663 
5033 3564 4862 1667 
5041 3567 4864 1668 
5047 3572 4868 1674 
5051 3579 4875 1674 
5055 3580 4881 1676 
5059 3584 4883 1677 
5063 3591 4888 1680 
5070 3594 4896 1680 
5078 3599 4902 1682 
5079 3602 4910 1683 
5085 3605 4916 1683 
5090 3609 4925 1685 
5095 3612 4931 1686 
5098 3616 4935 1689 
5099 3623 4938 1691 
5104 3628 4944 1691 
5109 3630 4950 1693 
5114 3634 4956 1694 
5122 3635 4966 1697 
5127 3638 4972 1700 
5132 3642 4976 1700 
5136 3645 4982 1703 
5141 3653 4984 1706 
5147 3658 4988 1709 
5151 3662 4995 1709 
5154 3664 5002 1709 
5158 3665 5009 1712 
5165 3668 5014 1713 
5169 3670 5019 1715 
5171 3675 5026 1717 
5177 3678 5028 1721 
5183 3681 5035 1722 
5191 3685 5039 1724 
5191 3690 5044 1724 
5193 3694 5046 1724 
5196 3697 5053 1726 
5205 3700 5059 1728 
5209 3702 5066 1731 
5212 3705 5071 1732 
5216 3709 5074 1735 
5224 3714 5078 1737 
5230 3717 5083 1740 
5235 3722 5087 1740 
5240 3726 5095 1741 
5243 3729 5100 1744 
5247 3732 5105 1747 
5250 3735 5110 1749 
5256 3737 5111 1750 
5266 3742 5115 1753 
5270 3746 5117 1755 
5276 3746 5121 1757 
5282 3750 5123 1760 
5283 3753 5128 1761 
5289 3760 5132 1764 
5292 3764 5137 1766 
5297 3769 5141 1770 
5302 3773 5148 1771 
5306 3775 5150 1773 
5310 3777 5155 1773 
5313 3783 5161 1776 
5320 3791 5166 1777 
5329 3794 5172 1779 
5337 3797 5176 1782 
5339 3800 5185 1782 
5344 3801 5190 1783 
5348 3804 5191 1786 
5352 3806 5196 1786 
5360 3808 5201 1787 
5366 3811 5206 1788 
5373 3813 5212 1789 
5380 3818 5218 1791 
5386 3823 5222 1795 
5391 3832 5224 1797 
5395 3837 5233 1798 
5405 3839 5236 1801 
5412 3840 5242 1804 
5417 3843 5248 1805 
5421 3844 5256 1807 
5426 3847 5263 1807 
5430 3852 5265 1809 
5438 3858 5270 1809 
5441 3862 5276 1814 
5445 3866 5282 1816 
5455 3871 5290 1818 
5458 3875 5296 1819 
5462 3877 5301 1822 
5466 3879 5307 1823 
5472 3882 5314 1828 
5478 3888 5316 1831 
5484 3890 5322 1834 
5489 3897 5324 1834 
5497 3904 5328 1837 
5510 3910 5334 1839 
5515 3914 5339 1840 
5518 3916 5348 1841 
5526 3918 5358 1843 
5530 3922 5364 1845 
5542 3924 5371 1848 
5551 3928 5376 1850 
5558 3931 5380 1854 
5565 3934 5387 1857 
5572 3938 5390 1860 
5580 3942 5398 1863 
5587 3945 5400 1867 
5589 3952 5405 1868 
5594 3958 5410 1869 
5599 3963 5417 1870 
5602 3964 5424 1871 
5610 3968 5429 1873 
5612 3974 5435 1875 
5618 3978 5444 1877 
5622 3982 5444 1879 
5626 3984 5447 1880 
5630 3987 5456 1882 
5633 3988 5465 1885 
5637 3993 5473 1886 
5640 3997 5480 1886 
5642 4004 5485 1888 
5645 4007 5491 1892 
5648 4008 5498 1895 
5652 4013 5506 1898 
5655 4017 5511 1899 
5659 4019 5515 1902 
5663 4020 5517 1903 
5666 4030 5523 1905 
5672 4034 5527 1906 
5679 4038 5535 1907 
5684 4040 5539 1908 
5690 4045 5547 1908 
5698 4047 5554 1909 
5701 4058 5566 1912 
5705 4062 5574 1912 
5706 4063 5578 1914 
5712 4068 5583 1914 
5720 4071 5587 1915 
5728 4074 5589 1918 
5733 4081 5594 1919 
5738 4083 5599 1919 
5741 4084 5604 1921 
5745 4087 5611 1924 
5752 4090 5618 1924 
5757 4094 5623 1924 
5769 4097 5629 1926 
5775 4105 5637 1928 
5783 4110 5640 1930 
5788 4114 5648 1932 
5791 4116 5656 1934 
5798 4123 5664 1937 
5807 4127 5668 1939 
5813 4130 5674 1941 
5819 4136 5685 1942 
5824 4137 5689 1945 
5829 4138 5692 1946 
5836 4142 5698 1949 
5837 4145 5708 1951 
5842 4147 5714 1953 
5846 4150 5716 1958 
5851 4153 5722 1962 
5856 4157 5728 1966 
5859 4158 5738 1969 
5861 4160 5743 1974 
5867 4163 5745 1975 
5870 4166 5749 1977 
5876 4169 5752 1979 
5883 4172 5758 1979 
5889 4176 5764 1979 
5892 4178 5771 1981 
5897 4181 5776 1983 
5901 4188 5787 1985 
5906 4190 5792 1986 
5911 4193 5800 1988 
5914 4197 5807 1992 
5918 4200 5814 1997 
5924 4203 5820 1998 
5928 4207 5827 1999 
5932 4212 5830 2001 
5939 4216 5833 2001 
5941 4219 5839 2001 
5945 4221 5844 2002 
5949 4225 5849 2004 
5959 4231 5856 2008 
5964 4233 5861 2011 
5972 4241 5866 2013 
5978 4243 5873 2016 
5980 4247 5878 2016 
5985 4256 5880 2018 
5990 4262 5883 2019 
6000 4265 5891 2022 
6005 4273 5897 2022 
6007 4275 5903 2023 
6016 4279 5906 2025 
6020 4288 5909 2027 
6026 4292 5914 2029 
6028 4297 5918 2030 
6032 4301 5921 2035 
6038 4304 5929 2036 
6049 4307 5937 2041 
6057 4311 5944 2044 
6062 4313 5946 2045 
6065 4317 5952 2047 
6072 4322 5958 2048 
6078 4324 5962 2049 
6082 4326 5966 2051 
6090 4330 5969 2052 
6096 4332 5973 2055 
6099 4335 5981 2058 
6106 4339 5987 2062 
6114 4341 5991 2065 
6119 4344 5995 2067 
6128 4349 6001 2069 
6136 4357 6002 2069 
6139 4364 6012 2071 
6146 4368 6016 2071 
6151 4370 6019 2073 
6158 4374 6023 2076 
6162 4375 6028 2077 
6171 4376 6033 2078 
6176 4380 6039 2080 
6188 4380 6045 2081 
6200 4385 6053 2083 
6200 4393 6061 2086 
6204 4395 6062 2090 
6205 4401 6066 2091 
6209 4407 6068 2094 
6216 4409 6074 2098 
6219 4417 6084 2102 
6223 4423 6092 2104 
6227 4430 6101 2105 
6234 4434 6104 2105 
6240 4438 6110 2108 
6244 4441 6116 2110 
6251 4444 6119 2111 
6257 4447 6125 2112 
6265 4451 6129 2112 
6268 4457 6134 2117 
6275 4460 6142 2119 
6283 4464 6145 2120 
6289 4470 6151 2124 
6292 4474 6152 2126 
6299 4477 6156 2127 
6306 4482 6165 2132 
6309 4487 6171 2134 
6313 4492 6174 2136 
6318 4497 6176 2136 
6324 4499 6182 2137 
6331 4503 6189 2140 
6334 4507 6192 2143 
6343 4512 6202 2147 
6346 4517 6207 2150 
6354 4520 6215 2152 
6355 4523 6218 2154 
6361 4531 6222 2155 
6363 4535 6228 2157 
6367 4542 6237 2158 
6371 4544 6239 2162 
6377 4548 6246 2163 
6378 4551 6250 2164 
6383 4556 6254 2165 
6388 4561 6263 2167 
6397 4567 6270 2169 
6400 4567 6276 2171 
6404 4570 6280 2175 
6414 4577 6288 2175 
6423 4581 6293 2177 
6432 4590 6295 2177 
6438 4593 6297 2177 
6445 4600 6301 2177 
6453 4603 6303 2178 
6459 4606 6307 2181 
6466 4607 6312 2185 
6472 4611 6316 2185 
6473 4616 6321 2189 
6479 4621 6328 2192 
6485 4623 6336 2193 
6490 4627 6342 2197 
6498 4629 6350 2199 
6500 4633 6353 2200 
6506 4637 6361 2203 
6515 4640 6364 2205 
6519 4646 6372 2206 
6526 4647 6375 2209 
6529 4655 6380 2212 
6534 4660 6384 2214 
6540 4664 6391 2216 
6545 4670 6394 2218 
6547 4677 6400 2218 
6553 4683 6403 2221 
6558 4687 6412 2223 
6563 4692 6415 2223 
6566 4696 6416 2223 
6572 4700 6420 2226 
6581 4706 6422 2229 
6588 4709 6428 2232 
6593 4719 6431 2234 
6594 4722 6437 2237 
6599 4726 6443 2238 
6607 4732 6447 2240 
6613 4736 6452 2241 
6620 4744 6455 2242 
6625 4754 6458 2244 
6631 4758 6466 2246 
6632 4764 6475 2246 
6639 4768 6483 2246 
6646 4774 6487 2250 
6651 4779 6498 2250 
6656 4783 6500 2251 
6661 4787 6510 2252 
6665 4789 6514 2254 
6672 4792 6517 2254 
6680 4796 6522 2255 
6682 4799 6525 2257 
6688 4803 6532 2258 
6695 4809 6539 2259 
6700 4815 6544 2261 
6704 4824 6553 2264 
6709 4830 6557 2265 
6712 4832 6565 2267 
6721 4839 6570 2271 
6727 4842 6579 2272 
6731 4847 6585 2272 
6733 4853 6588 2272 
6739 4858 6596 2273 
6746 4861 6606 2274 
6748 4867 6613 2277 
6753 4874 6617 2281 
6758 4877 6622 2282 
6761 4883 6631 2285 
6769 4885 6639 2287 
6773 4889 6645 2288 
6777 4891 6649 2290 
6782 4894 6651 2293 
6786 4895 6656 2297 
6788 4896 6660 2300 
6793 4899 6664 2302 
6800 4901 6668 2308 
6808 4907 6673 2310 
6811 4913 6678 2311 
6818 4914 6682 2312 
6826 4917 6690 2315 
6829 4922 6696 2323 
6830 4926 6700 2326 
6833 4931 6702 2327 
6837 4937 6705 2327 
6840 4939 6711 2329 
6845 4940 6717 2331 
6852 4946 6725 2333 
6856 4950 6729 2334 
6859 4951 6736 2336 
6862 4957 6739 2337 
6865 4962 6752 2340 
6871 4965 6755 2342 
6874 4969 6756 2343 
6879 4974 6763 2343 
6885 4978 6771 2343 
6890 4979 6775 2347 
6897 4984 6783 2352 
6898 4990 6788 2355 
6904 4995 6798 2357 
6912 5001 6805 2361 
6916 5004 6812 2362 
6925 5009 6820 2364 
6933 5011 6825 2366 
6940 5016 6834 2368 
6946 5021 6837 2371 
6955 5023 6845 2373 
6961 5025 6847 2374 
6964 5031 6851 2375 
6967 5036 6860 2375 
6970 5037 6865 2378 
6975 5039 6867 2381 
6981 5042 6875 2382 
6983 5052 6881 2383 
6986 5055 6884 2384 
6992 5058 6890 2386 
6996 5062 6895 2388 
7002 5064 6902 2389 
7007 5067 6905 2392 
7012 5071 6911 2393 
7017 5075 6920 2394 
7024 5081 6925 2395 
7029 5085 6931 2397 
7039 5088 6935 2400 
7045 5092 6942 2401 
7051 5098 6948 2404 
7057 5101 6950 2404 
7060 5103 6951 2404 
7066 5104 6959 2405 
7070 5110 6961 2405 
7080 5114 6967 2407 
7090 5122 6972 2409 
7093 5130 6978 2409 
7100 5137 6984 2410 
7108 5138 6990 2411 
7113 5143 6995 2414 
7118 5147 7002 2416 
7122 5150 7006 2417 
7129 5154 7008 2418 
7133 5160 7011 2418 
7139 5161 7015 2419 
7144 5165 7020 2420 
7150 5167 7021 2422 
7152 5167 7024 2424 
7156 5170 7033 2428 
7161 5173 7037 2429 
7166 5178 7042 2430 
7174 5184 7050 2431 
7178 5191 7057 2432 
7183 5197 7060 2437 
7189 5204 7067 2439 
7192 5212 7077 2440 
7196 5217 7083 2441 
7206 5218 7089 2442 
7216 5222 7092 2443 
7222 5224 7099 2444 
7225 5227 7105 2446 
7229 5232 7110 2448 
7233 5235 7120 2449 
7240 5239 7126 2452 
7243 5242 7127 2453 
7247 5249 7135 2453 
7255 5252 7141 2456 
7261 5254 7148 2456 
7265 5257 7152 2460 
7270 5258 7157 2461 
7277 5262 7165 2462 
7279 5265 7170 2464 
7282 5268 7174 2467 
7285 5273 7181 2467 
7290 5278 7187 2469 
7296 5284 7193 2469 
7298 5290 7195 2472 
7301 5294 7201 2473 
7306 5300 7206 2476 
7310 5307 7210 2477 
7313 5310 7217 2479 
7318 5314 7221 2480 
7324 5314 7231 2481 
7331 5318 7235 2482 
7336 5321 7238 2485 
7345 5325 7243 2486 
7352 5328 7249 2491 
7358 5333 7249 2494 
7363 5337 7255 2495 
7367 5339 7261 2497 
7373 5344 7266 2500 
7380 5348 7270 2501 
7387 5352 7274 2502 
7392 5357 7283 2505 
7401 5361 7288 2506 
7408 5365 7292 2508 
7421 5370 7295 2511 
7424 5375 7304 2517 
7431 5379 7311 2517 
7434 5387 7314 2518 
7440 5391 7319 2520 
7445 5395 7325 2521 
7449 5401 7333 2522 
7453 5407 7340 2523 
7459 5414 7343 2524 
7462 5419 7346 2527 
7469 5422 7349 2531 
7475 5433 7357 2532 
7477 5440 7360 2534 
7483 5445 7364 2534 
7489 5447 7370 2534 
7492 5448 7378 2535 
7494 5451 7381 2537 
7500 5455 7382 2538 
7503 5459 7384 2539 
7508 5461 7387 2539 
7514 5465 7392 2543 
7516 5469 7398 2545 
7520 5475 7403 2545 
7523 5480 7406 2546 
7527 5485 7411 2550 
7531 5489 7415 2551 
7537 5495 7423 2552 
7541 5497 7425 2555 
7547 5503 7434 2557 
7557 5509 7439 2560 
7558 5513 7441 2562 
7565 5516 7448 2563 
7569 5525 7454 2564 
7573 5529 7459 2569 
7579 5537 7464 2571 
7587 5540 7468 2573 
7593 5545 7471 2577 
7599 5552 7477 2577 
7605 5554 7479 2579 
7609 5556 7490 2579 
7614 5563 7496 2580 
7618 5569 7499 2581 
7622 5570 7505 2582 
7626 5572 7512 2583 
7633 5574 7516 2584 
7639 5581 7521 2587 
7645 5583 7523 2592 
7655 5589 7532 2595 
7662 5591 7539 2597 
7667 5596 7546 2597 
7671 5601 7552 2597 
7677 5605 7557 2598 
7682 5608 7564 2599 
7689 5612 7574 2600 
7697 5613 7582 2600 
7703 5615 7593 2604 
7704 5619 7598 2606 
7711 5624 7606 2609 
7720 5628 7611 2610 
7727 5630 7622 2612 
7731 5636 7628 2612 
7736 5638 7634 2616 
7743 5640 7644 2617 
7748 5642 7649 2622 
7760 5648 7656 2625 
7765 5651 7661 2626 
7770 5655 7665 2629 
7775 5658 7668 2632 
7778 5661 7674 2634 
7787 5667 7681 2637 
7790 5671 7690 2638 
7795 5678 7697 2641 
7800 5681 7700 2641 
7806 5685 7703 2643 
7813 5691 7710 2645 
7817 5695 7717 2649 
7824 5696 7721 2653 
7833 5702 7729 2655 
7836 5709 7736 2655 
7840 5711 7743 2657 
7843 5715 7748 2659 
7852 5720 7755 2661 
7856 5727 7764 2663 
7860 5731 7771 2664 
7867 5734 7774 2665 
7871 5740 7777 2667 
7877 5747 7779 2669 
7881 5754 7785 2669 
7886 5758 7795 2670 
7891 5762 7798 2674 
7895 5772 7802 2677 
7900 5777 7804 2680 
7904 5780 7811 2682 
7908 5783 7814 2683 
7910 5787 7819 2688 
7913 5796 7827 2688 
7917 5802 7834 2690 
7919 5807 7838 2692 
7924 5810 7842 2697 
7928 5814 7849 2701 
7934 5815 7852 2703 
7937 5818 7859 2704 
7938 5821 7867 2705 
7944 5823 7876 2705 
7950 5829 7882 2707 
7959 5831 7889 2709 
7966 5838 7894 2713 
7972 5843 7897 2714 
7980 5846 7900 2716 
7983 5851 7910 2718 
7985 5862 7919 2721 
7994 5866 7924 2725 
7996 5871 7927 2725 
7999 5872 7931 2730 
8004 5877 7935 2733 
8009 5882 7943 2734 
8014 5889 7945 2736 
8018 5891 7953 2738 
8023 5899 7958 2740 
8024 5902 7963 2741 
8033 5905 7971 2743 
8041 5909 7973 2747 
8045 5913 7981 2749 
8053 5917 7986 2751 
8060 5920 7988 2751 
8068 5924 7994 2752 
8071 5929 7998 2753 
8076 5935 8003 2755 
8080 5937 8008 2757 
8081 5941 8014 2757 
8087 5946 8018 2757 
8096 5952 8023 2760 
8099 5960 8028 2761 
8105 5967 8034 2763 
8109 5974 8036 2765 
8113 5978 8045 2766 
8118 5984 8054 2768 
8123 5989 8056 2770 
8127 5995 8062 2772 
8132 6000 8069 2776 
8137 6005 8072 2777 
8140 6010 8076 2778 
8147 6013 8081 2779 
8154 6015 8086 2779 
8162 6022 8092 2780 
8166 6027 8100 2782 
8170 6034 8107 2786 
8176 6038 8111 2789 
8179 6049 8119 2793 
8181 6051 8123 2796 
8185 6053 8127 2798 
8187 6056 8131 2800 
8191 6062 8135 2802 
8197 6065 8142 2802 
8204 6069 8144 2802 
8211 6070 8148 2805 
8217 6077 8150 2807 
8221 6083 8157 2810 
8227 6088 8160 2813 
8231 6092 8164 2815 
8236 6096 8172 2819 
8244 6102 8180 2822 
8251 6107 8191 2826 
8261 6112 8198 2828 
8266 6114 8203 2830 
8272 6120 8208 2831 
8279 6125 8212 2835 
8282 6125 8219 2837 
8288 6128 8230 2838 
8292 6131 8234 2842 
8300 6134 8238 2843 
8307 6143 8242 2845 
8312 6148 8248 2847 
8315 6152 8253 2850 
8320 6154 8259 2851 
8323 6155 8264 2854 
8326 6162 8271 2855 
8336 6167 8273 2858 
8342 6172 8280 2861 
8346 6179 8285 2865 
8351 6185 8289 2870 
8357 6190 8295 2873 
8367 6195 8298 2876 
8368 6197 8308 2881 
8371 6203 8318 2881 
8380 6207 8323 2881 
8385 6208 8330 2883 
8392 6210 8340 2885 
8400 6214 8342 2888 
8405 6219 8348 2891 
8407 6226 8353 2891 
8415 6231 8361 2895 
8423 6237 8364 2897 
8432 6240 8371 2900 
8435 6245 8379 2902 
8439 6249 8383 2903 
8446 6253 8394 2905 
8452 6257 8400 2905 
8457 6266 8407 2907 
8465 6272 8411 2908 
8471 6278 8415 2912 
8478 6286 8422 2912 
8481 6289 8427 2916 
8485 6293 8428 2917 
8488 6298 8434 2920 
8492 6306 8439 2920 
8495 6310 8446 2921 
8499 6313 8455 2923 
8503 6316 8459 2923 
8508 6322 8467 2924 
8509 6326 8472 2924 
8511 6329 8479 2928 
8512 6333 8484 2930 
8514 6337 8488 2931 
8524 6344 8491 2932 
8525 6347 8498 2932 
8530 6351 8501 2935 
8536 6356 8505 2940 
8541 6360 8509 2944 
8544 6361 8513 2947 
8548 6364 8519 2949 
8553 6371 8526 2950 
8557 6374 8532 2952 
8564 6376 8535 2955 
8565 6380 8541 2959 
8571 6382 8550 2961 
8573 6383 8556 2963 
8582 6388 8558 2965 
8588 6390 8564 2967 
8598 6397 8572 2968 
8600 6400 8577 2971 
8604 6408 8584 2973 
8608 6412 8591 2977 
8611 6415 8596 2978 
8616 6424 8602 2980 
8618 6427 8605 2981 
8619 6429 8612 2984 
8624 6433 8618 2986 
8630 6436 8622 2986 
8638 6441 8625 2991 
8642 6445 8636 2993 
8647 6447 8643 2997 
8653 6449 8647 3000 
8657 6453 8654 3004 
8661 6456 8659 3007 
8664 6458 8663 3007 
8667 6460 8668 3009 
8670 6464 8672 3011 
8678 6468 8676 3013 
8683 6469 8683 3015 
8687 6476 8689 3017 
8695 6480 8699 3018 
8702 6484 8709 3021 
8707 6489 8717 3021 
8708 6494 8722 3023 
8715 6497 8729 3023 
8719 6506 8733 3023 
8723 6512 8739 3026 
8730 6515 8744 3027 
8734 6519 8751 3027 
8743 6523 8756 3028 
8749 6529 8763 3030 
8755 6533 8771 3031 
8762 6539 8778 3034 
8765 6544 8782 3038 
8771 6546 8786 3039 
8773 6551 8794 3042 
8788 6562 8802 3042 
8794 6565 8808 3043 
8798 6571 8810 3045 
8802 6574 8820 3048 
8806 6577 8828 3052 
8816 6579 8836 3052 
8817 6583 8842 3055 
8823 6586 8846 3058 
8829 6590 8851 3060 
8836 6592 8857 3061 
8843 6599 8865 3064 
8846 6604 8867 3065 
8853 6609 8870 3065 
8860 6613 8878 3068 
8864 6619 8888 3069 
8870 6621 8892 3069 
8881 6627 8896 3073 
8890 6631 8903 3074 
8896 6638 8912 3079 
8903 6642 8917 3081 
8912 6645 8923 3085 
8918 6648 8929 3087 
8926 6654 8937 3090 
8929 6660 8941 3092 
8938 6669 8945 3093 
8947 6670 8954 3095 
8951 6672 8960 3096 
8955 6676 8962 3097 
8965 6681 8970 3098 
8973 6687 8972 3100 
8979 6691 8977 3104 
8985 6696 8985 3104 
8989 6700 8991 3104 
8992 6703 8993 3104 
8996 6707 9001 3106 
9000 6716 9009 3108 
9005 6725 9013 3110 
9010 6730 9017 3112 
9015 6737 9019 3114 
9016 6742 9030 3117 
9024 6746 9037 3119 
9029 6750 9038 3127 
9042 6753 9039 3130 
9048 6760 9046 3132 
9054 6762 9049 3134 
9060 6768 9055 3136 
9068 6772 9057 3138 
9071 6776 9065 3138 
9079 6779 9074 3140 
9085 6783 9079 3146 
9090 6785 9084 3146 
9094 6790 9092 3147 
9102 6797 9097 3147 
9107 6801 9100 3150 
9117 6804 9106 3152 
9123 6807 9115 3152 
9128 6808 9117 3156 
9135 6810 9123 3158 
9135 6813 9127 3160 
9138 6817 9131 3162 
9143 6820 9134 3163 
9152 6824 9140 3166 
9159 6831 9146 3169 
9165 6832 9150 3172 
9171 6836 9156 3174 
9174 6841 9160 3177 
9182 6847 9161 3179 
9187 6855 9170 3181 
9194 6860 9174 3182 
9202 6864 9180 3183 
9205 6869 9184 3184 
9212 6871 9186 3184 
9217 6872 9192 3188 
9223 6875 9196 3190 
9233 6881 9199 3192 
9237 6883 9205 3196 
9248 6885 9208 3199 
9255 6894 9211 3201 
9258 6898 9214 3204 
9263 6904 9222 3207 
9274 6908 9227 3211 
9279 6910 9233 3216 
9285 6913 9240 3216 
9292 6916 9247 3218 
9294 6920 9259 3219 
9296 6921 9270 3223 
9306 6923 9273 3226 
9315 6927 9282 3228 
9321 6930 9287 3231 
9327 6934 9292 3232 
9333 6936 9299 3234 
9337 6940 9303 3235 
9344 6945 9307 3244 
9348 6952 9311 3246 
9353 6954 9320 3247 
9358 6961 9328 3249 
9359 6967 9336 3250 
9361 6968 9341 3253 
9367 6975 9344 3258 
9373 6980 9346 3259 
9375 6988 9350 3262 
9378 6989 9359 3265 
9385 6994 9363 3268 
9391 6998 9367 3270 
9396 7002 9372 3271 
9398 7006 9377 3272 
9404 7010 9382 3273 
9411 7013 9390 3278 
9422 7015 9394 3280 
9424 7021 9400 3283 
9427 7024 9405 3283 
9429 7031 9411 3284 
9434 7035 9417 3286 
9440 7041 9423 3287 
9441 7046 9426 3288 
9445 7051 9430 3290 
9449 7056 9437 3295 
9453 7061 9445 3300 
9461 7067 9452 3301 
9467 7071 9453 3306 
9468 7074 9458 3308 
9472 7077 9462 3309 
9476 7081 9466 3311 
9485 7086 9473 3314 
9488 7089 9479 3316 
9494 7097 9488 3318 
9499 7100 9495 3319 
9506 7104 9502 3320 
9515 7111 9505 3321 
9520 7114 9515 3321 
9527 7117 9520 3322 
9533 7122 9526 3322 
9537 7127 9531 3324 
9546 7133 9538 3329 
9554 7138 9547 3331 
9559 7141 9551 3333 
9562 7143 9553 3334 
9567 7149 9560 3335 
9568 7154 9567 3336 
9573 7157 9574 3341 
9584 7161 9580 3341 
9589 7164 9586 3342 
9595 7169 9592 3343 
9597 7174 9600 3345 
9603 7181 9605 3346 
9606 7182 9608 3348 
9610 7187 9614 3351 
9612 7189 9618 3355 
9619 7194 9624 3356 
9620 7199 9630 3358 
9627 7202 9634 3359 
9628 7207 9641 3361 
9631 7212 9645 3361 
9636 7214 9647 3364 
9644 7216 9650 3365 
9654 7221 9654 3368 
9659 7225 9659 3370 
9664 7229 9666 3370 
9669 7231 9670 3370 
9676 7241 9680 3371 
9681 7244 9684 3376 
9687 7249 9690 3377 
9690 7252 9693 3378 
9694 7256 9698 3381 
9696 7259 9699 3384 
9702 7265 9704 3384 
9709 7267 9712 3387 
9712 7270 9718 3391 
9715 7276 9724 3391 
9724 7281 9731 3392 
9728 7287 9736 3393 
9732 7293 9743 3393 
9736 7299 9749 3393 
9739 7301 9759 3394 
9747 7302 9765 3397 
9752 7304 9774 3401 
9759 7314 9780 3402 
9770 7318 9787 3403 
9773 7322 9791 3409 
9775 7327 9795 3412 
9781 7336 9801 3413 
9789 7341 9807 3413 
9797 7343 9814 3413 
9801 7345 9821 3415 
9806 7350 9825 3418 
9814 7357 9829 3420 
9819 7363 9837 3422 
9824 7365 9844 3423 
9829 7368 9851 3424 
9837 7372 9856 3426 
9842 7376 9863 3426 
9847 7382 9870 3429 
9853 7387 9879 3429 
9861 7393 9886 3434 
9862 7396 9889 3438 
9866 7401 9895 3441 
9871 7406 9903 3445 
9874 7410 9905 3448 
9885 7412 9907 3448 
9889 7414 9910 3449 
9895 7417 9915 3450 
9900 7423 9925 3450 
9907 7427 9930 3452 
9913 7431 9935 3454 
9917 7437 9937 3455 
9919 7445 9945 3455 
9924 7452 9950 3457 
9931 7458 9955 3462 
9936 7464 9962 3465 
9940 7473 9967 3469 
9945 7478 9972 3471 
9950 7483 9976 3476 
9953 7487 9982 3476 
9958 7490 9986 3477 
9960 7497 9994 3479 
9965 7500 9995 3481 
9967 7502 10000 3483 
9971 7505 10005 3485 
9977 7507 10013 3485 
9981 7513 10016 3486 
9986 7516 10022 3487 
9987 7520 10029 3491 
9991 7522 10035 3493 
9995 7527 10040 3494 
10003 7533 10047 3500 
10009 7536 10054 3505 
10017 7542 10057 3508 
10023 7546 10066 3509 
10027 7555 10074 3513 
10030 7561 10084 3513 
10031 7564 10089 3516 
10036 7568 10098 3517 
10040 7575 10105 3519 
10046 7579 10113 3523 
10052 7581 10118 3525 
10056 7587 10125 3526 
10060 7589 10127 3530 
10064 7594 10134 3531 
10067 7599 10137 3533 
10076 7605 10146 3534 
10085 7607 10148 3535 
10090 7610 10154 3535 
10092 7618 10155 3536 
10101 7622 10160 3537 
10104 7626 10165 3537 
10109 7629 10170 3539 
10114 7635 10175 3541 
10124 7639 10180 3544 
10126 7645 10184 3547 
10130 7647 10190 3547 
10140 7653 10196 3547 
10148 7657 10200 3548 
10154 7660 10213 3551 
10160 7665 10216 3551 
10171 7669 10220 3554 
10179 7674 10227 3556 
10187 7675 10234 3558 
10195 7680 10241 3560 
10198 7687 10248 3560 
10204 7694 10255 3561 
10205 7700 10261 3561 
10212 7703 10264 3562 
10218 7709 10277 3565 
10224 7712 10283 3567 
10228 7717 10286 3567 
10232 7721 10290 3568 
10235 7725 10293 3573 
10239 7731 10297 3574 
10244 7737 10302 3578 
10254 7743 10305 3580 
10258 7750 10312 3581 
10263 7754 10315 3582 
10271 7759 10322 3582 
10276 7764 10328 3585 
10283 7769 10331 3587 
10287 7776 10333 3587 
10294 7786 10339 3589 
10299 7792 10346 3591 
10304 7796 10356 3592 
10309 7801 10364 3594 
10316 7807 10376 3598 
10324 7811 10385 3599 
10337 7814 10390 3599 
10342 7819 10396 3601 
10350 7824 10403 3602 
10356 7826 10413 3603 
10357 7829 10418 3604 
10362 7830 10421 3605 
10369 7834 10427 3606 
10377 7838 10431 3609 
10382 7842 10435 3610 
10389 7843 10441 3614 
10393 7847 10444 3616 
10399 7852 10450 3618 
10404 7855 10455 3620 
10407 7860 10461 3626 
10411 7862 10465 3629 
10419 7868 10472 3630 
10423 7873 10478 3633 
10432 7874 10482 3636 
10435 7880 10487 3638 
10439 7882 10492 3641 
10444 7889 10495 3643 
10453 7891 10500 3644 
10460 7898 10506 3648 
10469 7904 10512 3652 
10475 7907 10521 3654 
10480 7912 10525 3656 
10481 7918 10531 3656 
10486 7921 10536 3659 
10491 7925 10540 3661 
10499 7932 10546 3662 
10502 7933 10556 3664 
10510 7939 10563 3667 
10518 7946 10571 3671 
10523 7949 10582 3671 
10532 7953 10585 3674 
10532 7959 10591 3676 
10543 7965 10596 3680 
10547 7971 10606 3682 
10551 7973 10613 3683 
10557 7977 10625 3685 
10559 7978 10631 3688 
10561 7981 10640 3689 
10564 7983 10641 3691 
10571 7989 10647 3693 
10583 7992 10657 3696 
10590 7994 10662 3700 
10595 7998 10667 3701 
10601 8005 10672 3702 
10609 8009 10674 3707 
10611 8016 10680 3710 
10619 8020 10684 3714 
10626 8025 10691 3716 
10635 8030 10697 3718 
10639 8034 10703 3720 
10642 8039 10714 3722 
10649 8048 10722 3723 
10659 8050 10729 3723 
10666 8053 10733 3728 
10668 8059 10741 3729 
10669 8064 10748 3733 
10670 8067 10751 3736 
10672 8072 10757 3739 
10677 8078 10763 3744 
10686 8079 10766 3746 
10691 8082 10771 3750 
10697 8085 10776 3750 
10700 8092 10782 3752 
10703 8100 10786 3754 
10717 8112 10792 3754 
10720 8116 10796 3760 
10726 8121 10801 3763 
10731 8125 10810 3766 
10740 8127 10814 3769 
10744 8130 10823 3774 
10749 8135 10830 3774 
10756 8146 10832 3777 
10769 8151 10839 3780 
10775 8154 10851 3782 
10779 8159 10859 3782 
10788 8166 10863 3786 
10794 8171 10867 3787 
10795 8175 10873 3788 
10802 8177 10879 3791 
10809 8178 10885 3794 
10811 8181 10893 3797 
10815 8183 10898 3801 
10821 8191 10901 3802 
10831 8197 10905 3803 
10836 8204 10909 3806 
10841 8207 10914 3807 
10844 8212 10918 3808 
10848 8217 10925 3811 
10856 8222 10928 3812 
10863 8225 10932 3812 
10871 8229 10940 3814 
10877 8235 10947 3814 
10884 8242 10949 3815 
10892 8250 10955 3817 
10895 8251 10961 3821 
10899 8254 10971 3822 
10909 8256 10977 3824 
10916 8261 10984 3826 
10922 8268 10988 3827 
10929 8270 10989 3829 
10939 8276 10990 3831 
10942 8281 10994 3833 
10946 8284 11001 3838 
10950 8293 11003 3842 
10952 8297 11009 3847 
10955 8304 11013 3848 
10964 8306 11019 3850 
10971 8310 11029 3852 
10973 8313 11035 3855 
10980 8322 11041 3856 
10984 8330 11050 3858 
10987 8331 11054 3860 
10991 8333 11058 3863 
10996 8335 11065 3864 
11002 8342 11074 3866 
11006 8350 11080 3867 
11011 8352 11090 3870 
11021 8357 11097 3872 
11029 8359 11102 3874 
11037 8366 11106 3876 
11045 8369 11117 3877 
11050 8373 11124 3878 
11060 8377 11128 3880 
11065 8382 11134 3882 
11070 8384 11139 3885 
11075 8392 11150 3886 
11078 8395 11161 3888 
11084 8402 11172 3889 
11088 8406 11179 3892 
11090 8411 11187 3895 
11097 8422 11196 3897 
11102 8430 11199 3899 
11105 8432 11202 3900 
11112 8435 11207 3901 
11120 8440 11209 3903 
11124 8447 11215 3904 
11127 8449 11224 3906 
11130 8453 11229 3909 
11136 8456 11237 3911 
11138 8461 11245 3915 
11143 8464 11251 3920 
11152 8469 11255 3923 
11158 8472 11259 3925 
11166 8477 11266 3927 
11171 8481 11269 3929 
11177 8485 11278 3935 
11185 8489 11281 3938 
11190 8492 11287 3942 
11200 8493 11290 3946 
11207 8495 11295 3948 
11213 8500 11303 3951 
11221 8507 11308 3955 
11229 8509 11314 3958 
11235 8512 11315 3959 
11242 8514 11323 3964 
11251 8517 11331 3965 
11253 8520 11340 3969 
11260 8524 11348 3969 
11261 8527 11356 3970 
11267 8532 11359 3971 
11273 8534 11364 3973 
11275 8540 11371 3978 
11278 8543 11375 3982 
11284 8547 11380 3982 
11289 8552 11386 3984 
11295 8556 11394 3988 
11303 8561 11401 3991 
11307 8569 11404 3995 
11311 8574 11407 3999 
11317 8577 11413 4002 
11321 8582 11423 4003 
11329 8592 11427 4004 
11340 8597 11430 4005 
11345 8600 11434 4006 
11351 8603 11445 4008 
11357 8605 11451 4009 
11360 8610 11455 4013 
11363 8612 11463 4018 
11366 8614 11470 4020 
11380 8618 11476 4021 
11383 8623 11476 4023 
11390 8628 11479 4025 
11397 8634 11482 4027 
11401 8637 11489 4028 
11405 8643 11496 4029 
11409 8648 11500 4030 
11411 8653 11502 4031 
11417 8658 11504 4034 
11426 8664 11512 4036 
11434 8672 11517 4037 
11443 8676 11524 4039 
11449 8677 11529 4040 
11452 8681 11532 4043 
11461 8684 11541 4047 
11468 8688 11543 4049 
11472 8692 11548 4054 
11480 8696 11553 4054 
11488 8698 11560 4055 
11498 8700 11570 4057 
11503 8705 11575 4058 
11510 8712 11585 4060 
11516 8719 11594 4066 
11520 8722 11598 4069 
11528 8724 11602 4071 
11530 8731 11613 4071 
11533 8738 11621 4072 
11538 8742 11629 4075 
11546 8746 11633 4079 
11555 8748 11639 4080 
11558 8755 11644 4084 
11562 8760 11648 4087 
11565 8763 11653 4090 
11568 8774 11660 4094 
11576 8782 11663 4094 
11580 8786 11669 4096 
11588 8791 11673 4097 
11600 8797 11678 4101 
11606 8800 11684 4101 
11608 8801 11689 4104 
11615 8802 11697 4105 
11617 8807 11703 4108 
11621 8810 11708 4108 
11626 8813 11715 4110 
11634 8818 11724 4111 
11642 8821 11733 4113 
11649 8825 11739 4114 
11654 8830 11746 4114 
11663 8836 11751 4115 
11669 8840 11756 4119 
11673 8846 11761 4120 
11680 8849 11766 4120 
11686 8853 11775 4122 
11691 8861 11777 4124 
11695 8866 11777 4125 
11699 8872 11784 4127 
11706 8876 11793 4130 
11710 8881 11796 4133 
11715 8887 11803 4136 
11718 8888 11807 4138 
11725 8894 11811 4142 
11734 8899 11815 4145 
11742 8905 11817 4148 
11748 8907 11827 4150 
11754 8915 11831 4151 
11759 8919 11840 4152 
11765 8920 11845 4152 
11772 8925 11850 4152 
11778 8930 11857 4152 
11782 8934 11859 4153 
11787 8940 11864 4154 
11794 8941 11871 4154 
11798 8942 11875 4158 
11802 8946 11884 4160 
11806 8951 11888 4161 
11814 8955 11896 4164 
11820 8962 11905 4165 
11824 8968 11915 4165 
11827 8975 11918 4167 
11834 8981 11927 4171 
11836 8982 11932 4172 
11843 8993 11939 4173 
11848 8996 11948 4176 
11852 9003 11954 4178 
11859 9007 11960 4180 
11865 9008 11966 4182 
11876 9012 11969 4187 
11883 9017 11974 4190 
11888 9021 11982 4191 
11894 9025 11985 4193 
11900 9026 11987 4196 
11906 9031 11992 4196 
11912 9035 12000 4198 
11919 9039 12003 4200 
11923 9041 12010 4204 
11928 9042 12017 4205 
11936 9046 12022 4208 
11941 9050 12027 4212 
11943 9052 12041 4214 
11945 9061 12048 4215 
11950 9065 12053 4219 
11955 9072 12057 4220 
11964 9076 12061 4224 
11974 9079 12065 4225 
11982 9082 12071 4227 
11986 9085 12074 4229 
11994 9090 12088 4229 
11997 9092 12091 4230 
12003 9100 12097 4234 
12004 9102 12106 4236 
12019 9104 12110 4239 
12022 9110 12117 4244 
12026 9116 12126 4245 
12038 9119 12136 4248 
12044 9120 12144 4251 
12050 9127 12150 4252 
12057 9131 12155 4253 
12060 9140 12163 4254 
12070 9141 12167 4255 
12077 9144 12171 4257 
12085 9149 12175 4258 
12090 9154 12182 4260 
12093 9158 12189 4266 
12100 9163 12192 4269 
12111 9168 12196 4272 
12113 9176 12199 4274 
12115 9180 12199 4277 
12121 9182 12205 4280 
12127 9187 12208 4281 
12132 9192 12215 4285 
12138 9197 12227 4286 
12140 9204 12230 4288 
12144 9205 12232 4288 
12149 9211 12240 4288 
12158 9213 12249 4288 
12165 9220 12255 4290 
12169 9227 12264 4296 
12174 9241 12268 4296 
12182 9244 12270 4299 
12184 9251 12272 4301 
12197 9255 12282 4301 
12204 9257 12294 4302 
12208 9263 12296 4304 
12210 9266 12300 4305 
12215 9268 12308 4307 
12219 9272 12316 4314 
12227 9274 12318 4318 
12234 9280 12327 4319 
12239 9288 12331 4319 
12245 9293 12334 4323 
12250 9295 12342 4324 
12255 9299 12350 4331 
12258 9300 12353 4332 
12263 9305 12361 4335 
12274 9306 12366 4337 
12277 9313 12372 4338 
12281 9317 12376 4341 
12289 9322 12381 4344 
12295 9324 12390 4345 
12297 9328 12395 4347 
12300 9330 12403 4347 
12306 9332 12410 4350 
12315 9334 12414 4353 
12322 9335 12419 4354 
12327 9339 12423 4355 
12331 9342 12434 4357 
12334 9347 12441 4362 
12336 9353 12448 4364 
12340 9357 12453 4366 
12344 9362 12458 4367 
12351 9367 12464 4369 
12356 9371 12469 4369 
12367 9373 12477 4371 
12373 9376 12481 4371 
12380 9378 12490 4373 
12386 9382 12500 4378 
12392 9388 12508 4379 
12398 9393 12517 4379 
12405 9399 12521 4381 
12406 9401 12528 4384 
12414 9406 12534 4386 
12416 9411 12540 4388 
12421 9416 12545 4388 
12429 9419 12549 4392 
12433 9425 12555 4394 
12435 9435 12566 4398 
12442 9438 12575 4401 
12450 9445 12580 4405 
12454 9450 12589 4405 
12461 9455 12591 4406 
12467 9456 12601 4407 
12477 9459 12605 4412 
12484 9464 12614 4413 
12493 9470 12619 4415 
12500 9473 12625 4418 
12504 9475 12633 4422 
12511 9481 12637 4428 
12515 9484 12646 4429 
12519 9495 12650 4431 
12525 9497 12663 4434 
12530 9501 12670 4439 
12534 9508 12674 4440 
12538 9513 12681 4444 
12544 9518 12691 4448 
12552 9520 12697 4452 
12563 9523 12702 4454 
12566 9529 12712 4456 
12570 9534 12718 4459 
12575 9541 12721 4462 
12579 9545 12726 4465 
12587 9549 12734 4466 
12590 9554 12738 4469 
12594 9556 12743 4474 
12598 9565 12751 4481 
12601 9567 12754 4481 
12608 9575 12764 4482 
12613 9578 12775 4483 
12615 9585 12784 4486 
12621 9589 12785 4492 
12625 9592 12790 4497 
12635 9596 12795 4500 
12639 9600 12799 4502 
12643 9601 12804 4503 
12648 9603 12812 4506 
12660 9605 12820 4507 
12669 9609 12825 4508 
12673 9612 12828 4510 
12676 9618 12835 4511 
12676 9619 12843 4514 
12680 9624 12855 4514 
12687 9630 12861 4515 
12697 9635 12865 4518 
12701 9642 12868 4519 
12703 9648 12873 4523 
12708 9651 12879 4524 
12714 9661 12885 4525 
12721 9665 12887 4527 
12726 9670 12894 4530 
12735 9674 12898 4531 
12744 9677 12902 4532 
12750 9681 12904 4534 
12756 9684 12909 4538 
12762 9685 12918 4541 
12772 9688 12927 4541 
12778 9690 12930 4545 
12782 9698 12936 4548 
12787 9699 12937 4549 
12794 9701 12945 4552 
12797 9707 12946 4556 
12803 9715 12949 4557 
12809 9716 12956 4559 
12814 9719 12961 4561 
12817 9719 12964 4564 
12818 9723 12973 4565 
12823 9727 12976 4567 
12830 9735 12982 4567 
12834 9745 12988 4568 
12840 9747 12995 4569 
12844 9750 13003 4569 
12847 9753 13007 4573 
12850 9761 13016 4576 
12857 9766 13021 4579 
12863 9770 13023 4579 
12872 9774 13029 4580 
12877 9779 13038 4584 
12881 9783 13041 4586 
12886 9789 13044 4590 
12889 9791 13049 4593 
12899 9797 13058 4598 
12907 9803 13068 4599 
12911 9809 13074 4601 
12917 9815 13078 4604 
12924 9818 13085 4605 
12931 9822 13090 4609 
12939 9825 13093 4610 
12942 9831 13100 4612 
12952 9835 13108 4614 
12959 9838 13114 4615 
12964 9840 13122 4617 
12969 9845 13127 4619 
12972 9852 13129 4620 
12977 9856 13133 4622 
12983 9858 13139 4626 
12988 9864 13142 4629 
12996 9869 13148 4631 
13002 9874 13151 4633 
13007 9881 13159 4633 
13012 9885 13170 4635 
13015 9897 13177 4635 
13018 9902 13184 4637 
13024 9907 13189 4640 
13030 9908 13196 4645 
13036 9913 13203 4648 
13044 9917 13210 4651 
13047 9919 13217 4658 
13051 9922 13221 4661 
13059 9926 13225 4662 
13066 9931 13229 4666 
13073 9934 13236 4666 
13076 9940 13245 4666 
13081 9945 13252 4666 
13088 9946 13260 4666 
13094 9952 13263 4668 
13100 9955 13275 4671 
13106 9957 13279 4675 
13108 9963 13288 4676 
13112 9968 13292 4680 
13118 9972 13294 4681 
13124 9976 13297 4683 
13129 9980 13301 4686 
13133 9984 13306 4686 
13140 9990 13310 4690 
13146 9997 13317 4691 
13150 9999 13326 4694 
13153 10002 13329 4695 
13160 10003 13338 4698 
13166 10006 13341 4699 
13173 10015 13346 4699 
13177 10022 13351 4700 
13181 10027 13358 4701 
13187 10030 13370 4707 
13189 10035 13374 4707 
13196 10040 13378 4707 
13204 10045 13384 4708 
13211 10048 13390 4708 
13216 10051 13397 4712 
13221 10054 13405 4714 
13227 10061 13408 4715 
13234 10068 13409 4715 
13237 10074 13414 4719 
13243 10077 13420 4721 
13248 10081 13424 4722 
13249 10082 13430 4724 
13259 10087 13440 4726 
13265 10091 13446 4728 
13268 10095 13451 4732 
13275 10100 13457 4733 
13284 10102 13458 4734 
13291 10107 13465 4739 
13298 10113 13468 4741 
13303 10117 13472 4741 
13311 10124 13476 4742 
13316 10128 13481 4747 
13322 10132 13490 4751 
13330 10141 13495 4753 
13338 10145 13500 4754 
13346 10148 13503 4755 
13352 10156 13509 4759 
13355 10162 13517 4761 
13360 10164 13522 4762 
13367 10169 13531 4764 
13370 10177 13539 4764 
13377 10182 13548 4767 
13384 10186 13552 4769 
13395 10190 13558 4770 
13404 10194 13562 4772 
13405 10197 13565 4773 
13407 10203 13568 4777 
13411 10207 13579 4778 
13415 10209 13592 4780 
13416 10210 13599 4783 
13421 10217 13605 4785 
13431 10223 13608 4786 
13433 10226 13612 4787 
13438 10229 13618 4789 
13444 10233 13622 4791 
13450 10238 13627 4793 
13461 10243 13632 4794 
13466 10248 13638 4797 
13475 10255 13643 4799 
13479 10258 13648 4802 
13484 10264 13650 4803 
13488 10272 13660 4805 
13501 10274 13664 4810 
13505 10277 13667 4810 
13514 10280 13671 4812 
13521 10288 13678 4815 
13525 10292 13686 4818 
13528 10293 13696 4818 
13530 10296 13704 4821 
13535 10297 13708 4821 
13541 10302 13715 4822 
13550 10307 13716 4822 
13557 10315 13723 4823 
13565 10320 13727 4826 
13572 10327 13729 4828 
13576 10330 13734 4831 
13586 10336 13741 4835 
13589 10344 13745 4836 
13592 10347 13751 4837 
13595 10352 13757 4840 
13601 10355 13761 4841 
13609 10361 13766 4844 
13616 10362 13768 4847 
13625 10366 13773 4848 
13631 10366 13780 4848 
13637 10371 13787 4850 
13644 10378 13792 4850 
13645 10382 13797 4852 
13648 10386 13802 4856 
13653 10393 13807 4859 
13657 10396 13813 4861 
13662 10399 13817 4864 
13667 10403 13822 4864 
13669 10409 13825 4867 
13677 10414 13838 4869 
13682 10420 13844 4871 
13688 10423 13848 4872 
13694 10432 13853 4873 
13700 10438 13860 4873 
13702 10442 13864 4875 
13709 10445 13871 4876 
13716 10450 13874 4877 
13720 10456 13881 4879 
13725 10459 13889 4883 
13730 10464 13896 4886 
13736 10470 13900 4886 
13739 10472 13904 4888 
13745 10476 13914 4888 
13752 10482 13918 4888 
13757 10484 13922 4888 
13759 10488 13927 4889 
13765 10492 13930 4893 
13772 10494 13934 4894 
13773 10498 13942 4897 
13781 10504 13948 4901 
13783 10507 13952 4905 
13786 10510 13954 4910 
13793 10517 13961 4912 
13798 10522 13963 4913 
13800 10525 13969 4915 
13809 10529 13973 4918 
13817 10533 13977 4920 
13829 10534 13981 4921 
13837 10540 13988 4922 
13845 10543 13991 4924 
13852 10544 13995 4926 
13855 10547 14003 4928 
13862 10551 14005 4930 
13867 10553 14009 4931 
13875 10557 14013 4935 
13878 10559 14019 4937 
13881 10561 14028 4943 
13885 10567 14034 4946 
13888 10573 14038 4946 
13893 10581 14047 4946 
13893 10585 14052 4946 
13899 10592 14061 4946 
13900 10595 14062 4948 
13907 10601 14069 4952 
13911 10602 14074 4953 
13914 10606 14077 4954 
13918 10613 14082 4956 
13924 10618 14089 4957 
13930 10623 14094 4959 
13937 10628 14102 4960 
13943 10631 14109 4962 
13954 10638 14111 4963 
13957 10643 14114 4964 
13962 10650 14121 4965 
13969 10655 14131 4967 
13976 10665 14137 4968 
13980 10668 14141 4968 
13983 10674 14148 4971 
13989 10677 14157 4974 
13997 10683 14159 4979 
14000 10686 14164 4980 
14002 10688 14167 4982 
14006 10691 14177 4985 
14008 10693 14179 4987 
14014 10693 14186 4988 
14017 10698 14190 4991 
14023 10704 14196 4993 
14027 10710 14198 4993 
14032 10712 14202 4996 
14035 10714 14207 4999 
14041 10720 14211 5004 
14047 10727 14218 5005 
14053 10731 14223 5006 
14059 10741 14229 5009 
14062 10748 14233 5011 
14067 10754 14241 5011 
14068 10758 14247 5011 
14073 10760 14254 5012 
14080 10763 14258 5017 
14084 10766 14261 5018 
14089 10770 14266 5021 
14091 10777 14272 5023 
14094 10778 14279 5024 
14096 10781 14286 5025 
14097 10783 14291 5028 
14103 10788 14294 5029 
14107 10794 14301 5033 
14112 10800 14305 5036 
14117 10804 14309 5038 
14120 10810 14313 5041 
14125 10816 14319 5042 
14129 10823 14327 5042 
14134 10828 14331 5045 
14138 10834 14340 5045 
14144 10840 14345 5049 
14153 10841 14351 5052 
14158 10850 14355 5053 
14162 10853 14358 5054 
14166 10856 14365 5055 
14168 10860 14373 5055 
14173 10864 14378 5056 
14176 10868 14383 5057 
14183 10874 14390 5057 
14190 10883 14393 5061 
14194 10891 14398 5061 
14200 10897 14402 5062 
14205 10902 14410 5066 
14209 10904 14418 5067 
14215 10909 14421 5072 
14222 10915 14424 5073 
14227 10920 14435 5075 
14235 10922 14443 5079 
14242 10924 14448 5079 
14248 10931 14456 5080 
14254 10937 14462 5081 
14258 10944 14467 5082 
14264 10946 14476 5085 
14273 10952 14484 5087 
14277 10963 14490 5089 
14282 10968 14495 5092 
14293 10971 14504 5095 
14296 10974 14509 5096 
14299 10976 14511 5096 
14301 10982 14514 5097 
14307 10984 14519 5098 
14311 10989 14528 5104 
14316 10994 14533 5106 
14326 11000 14538 5109 
14334 11004 14542 5109 
14340 11010 14550 5109 
14345 11015 14552 5113 
14354 11018 14558 5113 
14359 11023 14565 5114 
14362 11030 14574 5117 
14366 11034 14579 5117 
14371 11043 14584 5120 
14375 11048 14586 5123 
14380 11053 14593 5126 
14388 11054 14596 5129 
14394 11061 14602 5131 
14397 11064 14608 5132 
14405 11068 14614 5134 
14408 11071 14620 5140 
14416 11074 14627 5140 
14421 11077 14631 5144 
14432 11085 14633 5145 
14437 11087 14640 5147 
14444 11093 14645 5149 
14450 11098 14648 5152 
14457 11103 14652 5154 
14461 11109 14654 5155 
14469 11115 14658 5158 
14475 11121 14664 5159 
14486 11127 14667 5160 
14488 11133 14677 5160 
14494 11135 14682 5164 
14501 11140 14690 5165 
14510 11148 14695 5165 
14519 11151 14701 5170 
14526 11154 14710 5173 
14532 11158 14715 5173 
14537 11162 14723 5178 
14541 11170 14731 5181 
14547 11176 14735 5182 
14553 11177 14739 5186 
14557 11179 14745 5190 
14561 11184 14753 5192 
14566 11189 14759 5197 
14575 11196 14764 5198 
14579 11201 14775 5200 
14585 11207 14785 5201 
14589 11214 14790 5201 
14593 11217 14801 5204 
14599 11221 14808 5207 
14605 11225 14812 5210 
14608 11229 14816 5215 
14613 11234 14819 5219 
14617 11238 14824 5219 
14618 11242 14827 5222 
14621 11246 14831 5225 
14628 11248 14836 5230 
14633 11253 14842 5232 
14642 11256 14850 5233 
14645 11261 14864 5236 
14650 11265 14867 5242 
14654 11273 14872 5244 
14658 11278 14881 5246 
14665 11285 14888 5248 
14665 11288 14902 5252 
14666 11291 14905 5255 
14673 11295 14914 5258 
14678 11299 14919 5263 
14683 11301 14925 5266 
14686 11307 14933 5267 
14689 11310 14944 5267 
14695 11315 14948 5270 
14700 11316 14957 5273 
14708 11318 14964 5275 
14713 11320 14968 5276 
14720 11325 14970 5276 
14727 11329 14977 5278 
14732 11334 14979 5280 
14738 11335 14986 5283 
14745 11339 14994 5285 
14749 11343 15000 5289 
14750 11346 15005 5291 
14755 11350 15011 5294 
14762 11352 15018 5296 
14768 11355 15027 5300 
14772 11358 15034 5302 
14782 11361 15038 5304 
14792 11370 15043 5306 
14798 11375 15047 5307 
14802 11377 15052 5310 
14804 11379 15058 5310 
14806 11382 15060 5316 
14815 11389 15069 5316 
14816 11391 15074 5316 
14820 11397 15080 5318 
14824 11399 15090 5320 
14826 11404 15096 5323 
14833 11410 15106 5323 
14839 11411 15110 5324 
14845 11418 15117 5328 
14856 11426 15124 5330 
14863 11432 15132 5332 
14870 11439 15137 5334 
14881 11444 15139 5334 
14884 11447 15144 5335 
14889 11453 15155 5337 
14891 11455 15162 5340 
14895 11457 15166 5340 
14898 11457 15171 5342 
14899 11463 15179 5343 
14900 11468 15184 5345 
14903 11474 15192 5345 
14913 11477 15194 5350 
14916 11480 15199 5354 
14919 11482 15202 5356 
14925 11486 15206 5360 
14926 11492 15207 5363 
14930 11495 15211 5364 
14936 11502 15219 5365 
14940 11506 15227 5366 
14947 11510 15233 5368 
14951 11514 15240 5370 
14952 11519 15245 5373 
14961 11524 15249 5376 
14965 11529 15255 5382 
14970 11534 15260 5382 
14974 11543 15264 5385 
14980 11545 15269 5389 
14985 11547 15274 5391 
14989 11555 15277 5394 
14996 11559 15281 5396 
15000 11561 15288 5397 
15005 11562 15295 5398 
15008 11565 15303 5399 
15013 11570 15308 5401 
15017 11573 15312 5401 
15021 11580 15319 5404 
15022 11583 15327 5406 
15025 11590 15331 5406 
15028 11597 15341 5407 
15036 11599 15346 5411 
15039 11605 15349 5412 
15042 11611 15353 5414 
15048 11617 15357 5417 
15055 11623 15361 5419 
15061 11626 15364 5423 
15065 11633 15369 5426 
15069 11641 15374 5428 
15072 11644 15382 5430 
15081 11649 15385 5434 
15085 11653 15392 5435 
15090 11657 15399 5437 
15096 11662 15404 5439 
15102 11667 15411 5444 
15107 11675 15416 5448 
15113 11679 15420 5449 
15114 11681 15425 5450 
15119 11684 15430 5452 
15126 11692 15435 5454 
15133 11698 15443 5455 
15139 11701 15443 5456 
15144 11702 15450 5457 
15151 11710 15456 5460 
15159 11713 15461 5462 
15162 11720 15466 5462 
15169 11727 15473 5467 
15175 11727 15478 5471 
15182 11731 15482 5473 
15187 11736 15486 5475 
15189 11739 15489 5478 
15196 11743 15494 5478 
15201 11748 15503 5479 
15203 11756 15506 5483 
15206 11763 15513 5485 
15211 11766 15518 5487 
15215 11770 15524 5490 
15222 11777 15530 5492 
15226 11783 15538 5496 
15231 11785 15552 5501 
15239 11787 15556 5503 
15245 11790 15559 5506 
15251 11794 15563 5507 
15259 11801 15568 5511 
15263 11806 15577 5513 
15266 11810 15587 5517 
15271 11817 15593 5518 
15278 11819 15597 5521 
15282 11826 15605 5523 
15286 11830 15605 5526 
15289 11833 15609 5527 
15293 11841 15615 5529 
15302 11846 15621 5530 
15310 11850 15628 5532 
15316 11855 15641 5534 
15322 11858 15651 5537 
15327 11867 15654 5541 
15330 11874 15663 5541 
15342 11874 15674 5541 
15351 11882 15679 5544 
15358 11886 15688 5545 
15364 11895 15694 5547 
15365 11900 15703 5549 
15374 11902 15712 5553 
15381 11907 15720 5557 
15387 11912 15726 5557 
15391 11918 15732 5557 
15397 11920 15735 5559 
15403 11920 15742 5562 
15408 11921 15745 5562 
15411 11930 15751 5565 
15416 11933 15759 5566 
15421 11939 15763 5569 
15425 11944 15770 5572 
15431 11950 15775 5577 
15433 11954 15783 5578 
15438 11959 15790 5580 
15447 11966 15791 5584 
15452 11969 15795 5589 
15459 11973 15801 5592 
15464 11979 15809 5592 
15469 11983 15811 5594 
15471 11987 15822 5594 
15475 11992 15827 5595 
15479 11995 15831 5597 
15482 11998 15837 5598 
15484 12003 15842 5598 
15489 12009 15846 5599 
15496 12014 15849 5602 
15501 12016 15855 5605 
15507 12018 15865 5605 
15513 12023 15869 5606 
15519 12027 15873 5606 
15531 12027 15876 5607 
15534 12031 15882 5612 
15540 12036 15888 5615 
15545 12042 15895 5617 
15553 12047 15900 5618 
15557 12051 15905 5623 
15565 12058 15909 5624 
15570 12061 15916 5625 
15574 12065 15923 5626 
15578 12069 15931 5630 
15586 12073 15934 5631 
15596 12077 15945 5632 
15600 12079 15955 5633 
15605 12087 15964 5633 
15611 12096 15974 5636 
15615 12097 15984 5637 
15623 12100 15991 5641 
15625 12104 15995 5646 
15633 12111 16004 5648 
15639 12112 16008 5650 
15647 12119 16011 5650 
15651 12122 16018 5652 
15657 12125 16021 5654 
15662 12132 16029 5654 
15669 12137 16032 5658 
15675 12143 16039 5660 
15680 12150 16044 5662 
15681 12153 16051 5663 
15687 12154 16055 5667 
15695 12163 16061 5670 
15697 12174 16062 5670 
15702 12176 16067 5670 
15708 12181 16073 5672 
15712 12185 16081 5676 
15716 12190 16085 5678 
15724 12198 16090 5681 
15734 12203 16094 5684 
15743 12207 16096 5687 
15751 12210 16099 5692 
15759 12215 16103 5695 
15767 12221 16110 5695 
15772 12224 16117 5698 
15778 12230 16120 5700 
15786 12234 16126 5703 
15790 12235 16133 5705 
15798 12237 16136 5708 
15802 12241 16139 5709 
15804 12245 16145 5709 
15809 12251 16154 5713 
15815 12253 16167 5715 
15821 12256 16170 5717 
15823 12259 16178 5721 
15826 12267 16184 5721 
15828 12271 16188 5723 
15838 12273 16193 5729 
15847 12274 16197 5730 
15850 12278 16202 5732 
15857 12286 16209 5733 
15861 12292 16215 5738 
15869 12300 16222 5740 
15873 12304 16227 5743 
15884 12308 16234 5744 
15891 12314 16238 5744 
15900 12319 16242 5746 
15903 12322 16250 5748 
15910 12327 16259 5752 
15919 12334 16266 5754 
15925 12337 16274 5756 
15929 12341 16287 5757 
15933 12345 16293 5757 
15944 12346 16298 5764 
15945 12349 16303 5766 
15954 12352 16310 5768 
15961 12361 16317 5769 
15962 12363 16318 5772 
15968 12370 16324 5775 
15971 12373 16327 5778 
15980 12379 16334 5781 
15987 12382 16338 5783 
15991 12391 16347 5787 
15997 12395 16355 5789 
16002 12396 16358 5790 
16007 12401 16363 5793 
16012 12408 16371 5796 
16019 12414 16376 5797 
16024 12415 16381 5799 
16031 12418 16385 5801 
16036 12421 16395 5802 
16043 12427 16402 5803 
16048 12438 16405 5804 
16051 12441 16412 5807 
16059 12445 16422 5808 
16062 12454 16430 5809 
16065 12461 16433 5813 
16069 12466 16437 5815 
16074 12474 16445 5815 
16078 12478 16449 5818 
16086 12483 16453 5821 
16091 12486 16463 5824 
16096 12488 16468 5826 
16102 12490 16477 5826 
16113 12493 16482 5832 
16116 12501 16486 5832 
16124 12502 16493 5834 
16133 12504 16499 5834 
16138 12507 16504 5834 
16144 12508 16511 5835 
16151 12513 16520 5840 
16158 12519 16526 5841 
16163 12522 16531 5845 
16170 12525 16537 5846 
16173 12529 16543 5851 
16178 12533 16553 5853 
16185 12536 16564 5854 
16192 12540 16569 5855 
16201 12542 16573 5858 
16204 12546 16582 5860 
16215 12552 16589 5861 
16222 12556 16597 5863 
16229 12561 16604 5866 
16232 12566 16610 5866 
16234 12571 16617 5869 
16240 12572 16627 5872 
16241 12576 16643 5873 
16245 12581 16649 5875 
16251 12585 16660 5878 
16253 12589 16664 5879 
16260 12591 16668 5883 
16268 12597 16671 5883 
16274 12601 16676 5884 
16276 12605 16689 5885 
16283 12609 16698 5888 
16288 12616 16703 5890 
16293 12619 16710 5891 
16299 12622 16719 5893 
16302 12627 16729 5895 
16306 12631 16733 5897 
16309 12634 16738 5898 
16315 12638 16743 5899 
16319 12646 16746 5903 
16324 12650 16752 5905 
16331 12652 16760 5908 
16335 12658 16774 5910 
16339 12663 16778 5910 
16344 12668 16785 5914 
16349 12673 16790 5917 
16353 12675 16801 5920 
16361 12680 16804 5923 
16364 12682 16810 5926 
16368 12687 16815 5927 
16370 12690 16819 5930 
16376 12695 16828 5931 
16382 12701 16835 5933 
16384 12707 16841 5934 
16388 12709 16845 5934 
16392 12716 16850 5935 
16396 12723 16857 5940 
16402 12730 16865 5942 
16407 12737 16869 5943 
16410 12741 16873 5947 
16412 12744 16880 5947 
16419 12747 16884 5948 
16426 12755 16886 5948 
16434 12758 16892 5949 
16440 12760 16895 5950 
16443 12766 16900 5954 
16449 12770 16910 5954 
16458 12779 16919 5956 
16465 12784 16924 5958 
16468 12791 16930 5959 
16472 12796 16936 5962 
16477 12799 16942 5965 
16479 12801 16947 5966 
16486 12807 16955 5968 
16492 12811 16960 5971 
16497 12818 16966 5971 
16504 12827 16981 5972 
16509 12834 16987 5975 
16514 12838 16998 5976 
16519 12843 17004 5977 
16525 12848 17012 5977 
16530 12851 17019 5978 
16535 12858 17025 5984 
16541 12860 17028 5985 
16550 12865 17032 5988 
16556 12873 17042 5989 
16560 12880 17044 5992 
16566 12886 17051 5995 
16571 12889 17053 5996 
16576 12892 17065 5998 
16581 12896 17071 5998 
16589 12898 17078 5998 
16594 12904 17083 5999 
16598 12906 17090 6003 
16604 12910 17095 6003 
16611 12915 17105 6008 
16619 12920 17111 6011 
16628 12924 17123 6013 
16636 12927 17127 6014 
16641 12931 17138 6016 
16647 12934 17150 6019 
16651 12939 17157 6021 
16657 12942 17165 6025 
16663 12947 17174 6026 
16667 12950 17180 6027 
16677 12955 17193 6031 
16685 12959 17198 6032 
16686 12960 17200 6034 
16689 12966 17210 6034 
16697 12972 17217 6035 
16705 12977 17222 6038 
16711 12983 17225 6038 
16716 12984 17228 6042 
16722 12986 17232 6042 
16726 12993 17237 6048 
16732 12998 17242 6050 
16737 13000 17245 6052 
16740 13006 17250 6054 
16749 13008 17256 6060 
16755 13014 17258 6063 
16762 13019 17263 6067 
16774 13027 17268 6068 
16776 13035 17277 6069 
16783 13036 17282 6070 
16786 13040 17287 6074 
16793 13041 17295 6076 
16803 13042 17299 6078 
16813 13049 17308 6083 
16821 13053 17316 6084 
16829 13059 17318 6088 
16837 13064 17325 6091 
16841 13065 17328 6096 
16844 13072 17338 6097 
16849 13077 17345 6099 
16853 13085 17348 6099 
16859 13089 17352 6101 
16861 13091 17359 6103 
16865 13100 17365 6103 
16868 13105 17370 6104 
16879 13112 17377 6106 
16886 13112 17384 6108 
16893 13114 17390 6111 
16896 13122 17400 6118 
16901 13127 17404 6121 
16904 13130 17409 6123 
16912 13131 17413 6125 
16915 13133 17422 6127 
16924 13137 17427 6132 
16928 13143 17435 6133 
16936 13151 17441 6133 
16938 13154 17444 6134 
16943 13156 17450 6135 
16944 13158 17462 6135 
16952 13163 17471 6136 
16954 13170 17478 6140 
16956 13174 17484 6140 
16962 13180 17489 6142 
16968 13185 17495 6143 
16973 13191 17501 6146 
16977 13196 17508 6147 
16985 13200 17515 6148 
16989 13206 17522 6150 
16997 13209 17528 6156 
17004 13211 17534 6158 
17005 13219 17540 6159 
17013 13223 17546 6159 
17016 13230 17548 6162 
17021 13235 17552 6163 
17031 13238 17556 6170 
17037 13241 17564 6176 
17045 13243 17569 6178 
17052 13247 17573 6178 
17055 13257 17579 6179 
17064 13262 17586 6180 
17069 13267 17592 6180 
17074 13272 17601 6183 
17081 13276 17612 6186 
17086 13282 17616 6188 
17089 13287 17620 6191 
17093 13294 17629 6193 
17097 13299 17634 6195 
17104 13302 17642 6195 
17114 13310 17650 6199 
17120 13313 17654 6202 
17122 13322 17666 6202 
17130 13325 17668 6203 
17137 13328 17679 6205 
17143 13333 17682 6206 
17146 13336 17688 6208 
17158 13339 17695 6208 
17163 13342 17699 6209 
17167 13347 17705 6210 
17176 13353 17710 6214 
17179 13356 17717 6218 
17187 13360 17719 6222 
17192 13367 17728 6224 
17200 13370 17735 6225 
17208 13374 17739 6228 
17215 13378 17748 6229 
17220 13381 17752 6230 
17226 13385 17759 6230 
17236 13393 17770 6233 
17239 13399 17778 6234 
17241 13402 17784 6235 
17245 13404 17791 6237 
17248 13408 17795 6237 
17255 13411 17805 6243 
17259 13412 17808 6247 
17265 13420 17814 6247 
17270 13429 17821 6250 
17275 13435 17825 6254 
17285 13441 17832 6255 
17291 13447 17838 6259 
17295 13452 17843 6260 
17296 13456 17851 6261 
17300 13463 17859 6263 
17304 13468 17865 6264 
17311 13469 17873 6264 
17322 13475 17880 6270 
17328 13481 17886 6273 
17336 13487 17892 6273 
17344 13491 17902 6275 
17350 13496 17910 6277 
17357 13503 17913 6279 
17359 13508 17921 6280 
17365 13512 17923 6280 
17371 13518 17925 6281 
17376 13523 17929 6282 
17385 13526 17934 6285 
17392 13527 17941 6285 
17394 13531 17949 6287 
17401 13532 17953 6291 
17406 13539 17957 6292 
17410 13544 17958 6292 
17410 13547 17963 6293 
17415 13552 17965 6296 
17420 13558 17975 6302 
17424 13560 17982 6303 
17428 13565 17990 6305 
17431 13570 17997 6305 
17438 13577 18004 6308 
17445 13582 18009 6311 
17448 13586 18018 6314 
17455 13589 18023 6317 
17461 13592 18026 6321 
17467 13596 18030 6324 
17469 13601 18040 6324 
17475 13606 18049 6326 
17477 13609 18058 6329 
17482 13614 18065 6330 
17485 13618 18073 6330 
17489 13625 18081 6330 
17494 13634 18091 6331 
17501 13637 18098 6332 
17505 13640 18101 6335 
17507 13646 18107 6336 
17515 13650 18119 6338 
17521 13651 18120 6341 
17523 13654 18124 6344 
17526 13656 18129 6347 
17533 13659 18137 6347 
17538 13663 18142 6347 
17545 13670 18143 6349 
17551 13672 18149 6351 
17559 13676 18160 6353 
17561 13677 18167 6358 
17569 13681 18173 6361 
17577 13685 18179 6362 
17586 13685 18185 6362 
17595 13692 18190 6365 
17604 13697 18202 6365 
17606 13701 18208 6366 
17608 13703 18212 6366 
17618 13708 18217 6367 
17623 13711 18220 6370 
17631 13717 18231 6373 
17635 13722 18236 6375 
17639 13725 18244 6377 
17645 13728 18250 6379 
17652 13730 18256 6381 
17656 13735 18259 6384 
17665 13742 18266 6387 
17668 13746 18270 6389 
17672 13749 18273 6394 
17680 13753 18278 6396 
17687 13758 18283 6402 
17690 13764 18287 6402 
17701 13770 18290 6404 
17704 13777 18299 6409 
17710 13778 18300 6412 
17713 13781 18302 6418 
17717 13784 18305 6419 
17722 13792 18312 6423 
17729 13798 18318 6426 
17732 13803 18325 6428 
17736 13810 18331 6430 
17746 13817 18339 6431 
17756 13823 18344 6434 
17761 13829 18349 6435 
17766 13833 18355 6438 
17774 13837 18359 6438 
17776 13840 18363 6439 
17783 13843 18368 6439 
17789 13845 18377 6443 
17793 13853 18381 6445 
17799 13859 18389 6448 
17802 13863 18393 6449 
17812 13872 18396 6452 
17818 13873 18403 6454 
17823 13877 18409 6455 
17825 13882 18414 6457 
17833 13884 18423 6459 
17842 13891 18430 6462 
17848 13892 18435 6464 
17852 13894 18444 6467 
17858 13900 18447 6469 
17863 13908 18452 6474 
17866 13914 18460 6479 
17875 13920 18469 6480 
17881 13931 18476 6480 
17886 13940 18483 6482 
17892 13946 18494 6482 
17899 13949 18500 6484 
17906 13954 18504 6490 
17914 13958 18508 6494 
17922 13963 18518 6500 
17927 13967 18525 6501 
17932 13972 18532 6501 
17938 13981 18541 6507 
17940 13985 18548 6509 
17948 13991 18557 6512 
17955 13999 18561 6517 
17960 14002 18569 6521 
17965 14007 18571 6524 
17972 14010 18576 6527 
17980 14016 18586 6529 
17991 14022 18591 6529 
17999 14023 18599 6532 
18003 14029 18604 6533 
18012 14035 18611 6534 
18015 14039 18619 6542 
18019 14042 18629 6545 
18022 14049 18633 6545 
18029 14051 18637 6549 
18039 14055 18641 6552 
18043 14062 18649 6555 
18046 14067 18657 6557 
18051 14068 18666 6559 
18064 14071 18674 6564 
18074 14073 18683 6568 
18082 14076 18687 6571 
18092 14079 18694 6576 
18101 14083 18701 6578 
18107 14088 18705 6580 
18113 14089 18712 6583 
18117 14094 18718 6585 
18124 14098 18724 6587 
18128 14103 18736 6589 
18133 14106 18741 6592 
18141 14111 18746 6595 
18148 14115 18755 6595 
18153 14122 18764 6596 
18159 14129 18771 6601 
18167 14135 18781 6604 
18173 14140 18789 6608 
18178 14147 18797 6609 
18183 14155 18803 6610 
18188 14163 18809 6617 
18195 14170 18813 6619 
18204 14175 18816 6621 
18211 14176 18821 6623 
18217 14180 18827 6624 
18221 14182 18834 6626 
18227 14194 18839 6626 
18231 14195 18843 6630 
18238 14201 18850 6632 
18242 14203 18853 6639 
18246 14206 18858 6640 
18253 14211 18862 6641 
18256 14215 18864 6642 
18262 14217 18869 6645 
18270 14219 18871 6646 
18278 14223 18881 6652 
18283 14229 18884 6657 
18290 14236 18887 6657 
18294 14239 18891 6658 
18298 14246 18899 6662 
18300 14251 18901 6664 
18306 14253 18904 6667 
18310 14260 18910 6668 
18316 14263 18917 6668 
18318 14268 18924 6668 
18327 14272 18930 6670 
18334 14275 18936 6671 
18336 14279 18945 6673 
18346 14288 18947 6675 
18349 14293 18950 6676 
18355 14300 18957 6679 
18362 14309 18958 6681 
18368 14314 18962 6682 
18372 14317 18969 6684 
18378 14322 18975 6686 
18386 14333 18978 6690 
18390 14334 18983 6690 
18396 14337 18989 6691 
18401 14342 18995 6695 
18408 14345 19004 6697 
18410 14349 19010 6699 
18415 14352 19015 6702 
18426 14362 19023 6705 
18433 14371 19027 6706 
18443 14374 19032 6708 
18449 14376 19038 6708 
18453 14382 19047 6710 
18458 14388 19054 6712 
18466 14396 19063 6712 
18469 14402 19072 6712 
18475 14409 19078 6714 
18487 14413 19086 6717 
18493 14420 19094 6721 
18499 14430 19101 6724 
18500 14439 19113 6726 
18503 14444 19120 6731 
18510 14450 19125 6735 
18516 14456 19130 6736 
18526 14456 19139 6737 
18532 14458 19141 6740 
18536 14461 19145 6740 
18540 14470 19153 6743 
18544 14474 19156 6745 
18547 14478 19163 6747 
18550 14485 19168 6750 
18557 14486 19178 6753 
18559 14489 19185 6757 
18562 14495 19194 6759 
18571 14502 19202 6760 
18578 14505 19206 6763 
18584 14511 19211 6769 
18589 14515 19215 6772 
18600 14519 19219 6775 
18603 14523 19229 6775 
18610 14527 19233 6778 
18613 14533 19238 6779 
18620 14538 19243 6783 
18626 14541 19246 6785 
18634 14545 19253 6787 
18637 14553 19258 6789 
18645 14558 19263 6791 
18648 14561 19273 6793 
18659 14565 19278 6793 
18668 14571 19286 6794 
18673 14577 19298 6797 
18680 14579 19309 6801 
18687 14582 19317 6805 
18691 14584 19328 6806 
18695 14590 19341 6807 
18700 14595 19348 6809 
18706 14597 19354 6811 
18713 14601 19360 6812 
18717 14604 19364 6816 
18720 14607 19368 6820 
18724 14610 19378 6823 
18729 14612 19386 6825 
18737 14621 19392 6830 
18743 14626 19398 6834 
18750 14629 19407 6836 
18755 14635 19412 6838 
18764 14643 19418 6840 
18772 14645 19426 6843 
18776 14648 19434 6844 
18782 14652 19439 6846 
18789 14660 19445 6849 
18794 14668 19451 6854 
18807 14672 19460 6856 
18815 14675 19464 6857 
18821 14679 19470 6859 
18830 14680 19477 6861 
18836 14685 19486 6863 
18840 14689 19487 6865 
18848 14692 19494 6866 
18851 14697 19501 6867 
18859 14704 19506 6871 
18864 14710 19510 6871 
18867 14714 19519 6873 
18876 14716 19523 6873 
18882 14723 19528 6874 
18889 14726 19532 6875 
18900 14730 19539 6875 
18907 14732 19547 6878 
18915 14739 19553 6878 
18923 14740 19559 6880 
18925 14742 19563 6882 
18928 14746 19565 6882 
18938 14748 19568 6884 
18943 14752 19578 6888 
18953 14754 19583 6890 
18960 14762 19591 6891 
18967 14768 19594 6892 
18974 14772 19603 6896 
18978 14772 19613 6898 
18982 14776 19613 6900 
18993 14781 19624 6902 
19000 14785 19628 6903 
19004 14787 19633 6908 
19009 14795 19640 6910 
19016 14798 19644 6913 
19023 14804 19651 6915 
19028 14805 19655 6916 
19034 14811 19665 6916 
19046 14819 19676 6919 
19057 14824 19681 6920 
19065 14830 19687 6922 
19070 14833 19690 6924 
19077 14836 19698 6928 
19082 14840 19704 6933 
19086 14842 19709 6934 
19092 14845 19717 6937 
19094 14848 19721 6940 
19098 14852 19728 6944 
19100 14857 19738 6945 
19108 14862 19741 6947 
19113 14866 19750 6947 
19122 14867 19753 6949 
19130 14872 19760 6952 
19134 14879 19766 6953 
19139 14882 19776 6954 
19145 14886 19782 6956 
19157 14889 19786 6956 
19164 14895 19795 6958 
19169 14902 19803 6960 
19174 14905 19813 6964 
19181 14908 19824 6967 
19183 14911 19833 6968 
19190 14915 19834 6970 
19196 14917 19837 6971 
19202 14922 19844 6972 
19206 14926 19849 6974 
19210 14931 19857 6976 
19216 14932 19863 6979 
19218 14938 19866 6981 
19224 14940 19872 6982 
19228 14946 19878 6985 
19233 14948 19887 6985 
19235 14955 19893 6990 
19237 14959 19896 6995 
19241 14967 19903 6999 
19246 14971 19908 7001 
19257 14973 19912 7004 
19261 14974 19924 7006 
19271 14979 19928 7007 
19277 14982 19933 7010 
19279 14987 19938 7012 
19286 14994 19946 7016 
19291 14998 19951 7017 
19300 15002 19958 7019 
19302 15008 19969 7022 
19307 15010 19977 7024 
19316 15014 19980 7026 
19321 15017 19989 7031 
19331 15021 19994 7032 
19337 15025 20002 7034 
19344 15028 20020 7036 
19350 15029 20028 7038 
19352 15037 20031 7041 
19359 15045 20034 7046 
19362 15052 20040 7047 
19372 15059 20045 7048 
19378 15062 20047 7049 
19386 15065 20051 7052 
19390 15067 20055 7056 
19396 15070 20062 7056 
19398 15078 20068 7059 
19403 15081 20073 7061 
19411 15088 20080 7062 
19412 15093 20084 7062 
19417 15101 20091 7063 
19421 15108 20094 7065 
19426 15115 20099 7066 
19432 15119 20106 7072 
19437 15127 20112 7073 
19441 15131 20118 7077 
19445 15133 20125 7079 
19453 15136 20133 7085 
19462 15139 20137 7086 
19466 15142 20141 7089 
19469 15146 20148 7091 
19476 15151 20152 7093 
19479 15157 20160 7095 
19485 15160 20164 7096 
19491 15162 20166 7100 
19494 15167 20176 7101 
19500 15176 20180 7103 
19510 15183 20186 7106 
19520 15189 20192 7107 
19524 15198 20198 7108 
19528 15201 20207 7109 
19533 15205 20212 7112 
19538 15206 20222 7114 
19545 15213 20227 7118 
19548 15214 20230 7124 
19556 15219 20240 7125 
19567 15223 20244 7129 
19579 15226 20245 7133 
19585 15234 20249 7134 
19589 15239 20254 7136 
19594 15242 20257 7136 
19599 15248 20263 7137 
19604 15257 20267 7138 
19610 15260 20276 7141 
19615 15269 20281 7144 
19619 15277 20286 7146 
19626 15284 20292 7147 
19634 15286 20299 7148 
19637 15290 20304 7151 
19643 15295 20307 7151 
19654 15297 20315 7153 
19657 15301 20317 7154 
19660 15302 20323 7159 
19668 15306 20334 7159 
19677 15310 20344 7161 
19682 15312 20350 7164 
19684 15320 20355 7168 
19692 15322 20358 7170 
19701 15327 20364 7173 
19701 15331 20366 7177 
19708 15336 20371 7179 
19712 15341 20375 7181 
19717 15344 20386 7183 
19720 15345 20390 7187 
19726 15351 20397 7187 
19732 15356 20407 7189 
19739 15360 20412 7191 
19744 15365 20420 7196 
19747 15368 20427 7196 
19755 15371 20433 7200 
19760 15374 20439 7200 
19768 15382 20449 7204 
19773 15387 20453 7208 
19782 15394 20458 7208 
19792 15398 20464 7209 
19796 15404 20470 7210 
19799 15406 20477 7214 
19808 15407 20481 7214 
19814 15413 20490 7215 
19815 15417 20493 7219 
19821 15422 20496 7222 
19825 15426 20503 7225 
19833 15432 20507 7229 
19843 15438 20511 7234 
19848 15440 20517 7236 
19856 15446 20530 7237 
19863 15450 20537 7242 
19869 15457 20544 7243 
19871 15459 20548 7245 
19877 15464 20553 7246 
19885 15469 20562 7252 
19890 15472 20572 7255 
19894 15477 20575 7256 
19896 15481 20581 7257 
19900 15487 20589 7259 
19907 15491 20593 7261 
19912 15493 20597 7262 
19918 15499 20603 7265 
19927 15503 20612 7269 
19932 15505 20617 7271 
19944 15507 20625 7274 
19945 15513 20632 7281 
19952 15516 20638 7282 
19959 15523 20646 7286 
19964 15527 20651 7288 
19972 15530 20657 7291 
19978 15536 20665 7292 
19982 15539 20672 7295 
19992 15544 20678 7296 
19996 15548 20684 7296 
20000 15552 20691 7299 
20008 15556 20698 7300 
20012 15557 20706 7302 
20017 15564 20710 7305 
20024 15566 20713 7308 
20035 15572 20722 7310 
20040 15574 20730 7313 
20045 15575 20735 7315 
20054 15579 20749 7317 
20060 15586 20752 7318 
20068 15589 20758 7319 
20076 15597 20764 7324 
20081 15606 20768 7325 
20090 15610 20772 7328 
20095 15616 20776 7332 
20109 15619 20779 7336 
20118 15626 20787 7338 
20123 15630 20797 7338 
20125 15636 20802 7341 
20133 15643 20809 7342 
20140 15649 20818 7348 
20149 15655 20822 7349 
20153 15662 20828 7352 
20158 15670 20832 7353 
20168 15674 20841 7358 
20170 15678 20843 7359 
20173 15682 20848 7361 
20178 15687 20852 7365 
20181 15689 20857 7368 
20186 15694 20861 7370 
20192 15695 20865 7374 
20198 15698 20873 7375 
20205 15701 20882 7375 
20214 15702 20892 7378 
20221 15711 20897 7383 
20227 15719 20902 7385 
20237 15726 20908 7390 
20241 15732 20913 7390 
20247 15736 20920 7395 
20253 15744 20930 7396 
20260 15746 20934 7401 
20265 15752 20939 7402 
20271 15756 20941 7402 
20275 15765 20945 7404 
20279 15769 20952 7404 
20285 15774 20956 7405 
20291 15779 20965 7409 
20293 15785 20972 7414 
20300 15794 20977 7415 
20308 15797 20987 7419 
20315 15802 20996 7421 
20319 15804 21004 7421 
20326 15805 21012 7425 
20336 15808 21018 7428 
20340 15811 21022 7428 
20348 15817 21034 7430 
20352 15821 21041 7431 
20356 15826 21045 7431 
20360 15831 21052 7432 
20363 15838 21057 7432 
20366 15844 21070 7433 
20376 15848 21078 7438 
20385 15854 21079 7442 
20392 15860 21083 7445 
20400 15861 21086 7448 
20407 15868 21095 7451 
20415 15872 21104 7455 
20427 15880 21106 7458 
20436 15883 21117 7460 
20441 15889 21123 7461 
20443 15897 21131 7462 
20450 15902 21138 7463 
20455 15904 21142 7464 
20461 15910 21150 7464 
20465 15917 21154 7466 
20472 15923 21165 7468 
20480 15925 21175 7469 
20487 15928 21180 7470 
20492 15934 21184 7470 
20498 15937 21192 7474 
20503 15944 21200 7475 
20511 15947 21208 7476 
20517 15954 21217 7478 
20529 15960 21223 7480 
20535 15966 21230 7482 
20537 15968 21236 7485 
20545 15971 21242 7488 
20549 15975 21251 7490 
20555 15981 21254 7492 
20562 15987 21264 7495 
20568 15990 21271 7499 
20577 15993 21279 7502 
20582 15996 21289 7503 
20587 16001 21298 7506 
20598 16004 21304 7506 
20600 16010 21314 7509 
20608 16014 21322 7514 
20613 16020 21329 7515 
20617 16027 21338 7518 
20626 16030 21345 7523 
20633 16033 21352 7525 
20638 16040 21359 7528 
20643 16047 21361 7532 
20650 16051 21367 7533 
20653 16057 21376 7535 
20660 16061 21382 7537 
20667 16068 21389 7541 
20671 16073 21393 7543 
20674 16078 21399 7544 
20679 16083 21407 7547 
20681 16087 21417 7548 
20688 16092 21426 7550 
20693 16094 21428 7553 
20699 16096 21428 7556 
20707 16097 21432 7563 
20713 16100 21435 7563 
20723 16105 21443 7566 
20730 16111 21450 7567 
20735 16119 21456 7569 
20740 16122 21460 7570 
20750 16130 21469 7570 
20753 16138 21476 7571 
20758 16143 21480 7577 
20760 16147 21490 7580 
20765 16153 21502 7584 
20770 16160 21509 7585 
20777 16164 21512 7587 
20780 16168 21520 7590 
20788 16170 21527 7590 
20794 16173 21535 7592 
20800 16180 21539 7596 
20805 16185 21542 7598 
20810 16189 21548 7601 
20812 16194 21552 7604 
20815 16198 21560 7607 
20821 16200 21565 7615 
20826 16203 21572 7617 
20831 16210 21579 7621 
20836 16218 21584 7623 
20846 16224 21593 7626 
20852 16230 21599 7628 
20856 16237 21608 7631 
20861 16243 21611 7632 
20864 16246 21619 7634 
20869 16250 21628 7634 
20873 16255 21634 7637 
20881 16259 21640 7637 
20886 16268 21645 7641 
20890 16272 21648 7642 
20893 16278 21655 7646 
20895 16282 21660 7648 
20900 16292 21666 7650 
20904 16292 21676 7650 
20909 16296 21680 7653 
20913 16300 21683 7655 
20918 16303 21690 7660 
20922 16304 21696 7663 
20927 16308 21700 7667 
20931 16315 21703 7672 
20934 16320 21710 7672 
20938 16324 21716 7673 
20943 16324 21720 7674 
20947 16329 21726 7675 
20950 16338 21733 7676 
20960 16342 21740 7678 
20968 16345 21743 7681 
20970 16351 21748 7682 
20977 16358 21755 7685 
20980 16362 21761 7687 
20989 16367 21768 7689 
20993 16371 21780 7693 
20998 16377 21789 7697 
21003 16379 21798 7697 
21010 16383 21800 7700 
21016 16395 21807 7702 
21021 16401 21814 7707 
21028 16405 21822 7708 
21031 16412 21824 7710 
21038 16417 21834 7712 
21041 16422 21841 7715 
21045 16427 21846 7719 
21050 16430 21849 7722 
21061 16437 21853 7724 
21068 16442 21862 7728 
21074 16448 21867 7729 
21080 16453 21875 7731 
21083 16457 21882 7733 
21092 16460 21893 7737 
21092 16466 21899 7737 
21101 16468 21909 7739 
21113 16476 21914 7743 
21120 16481 21919 7747 
21125 16484 21927 7750 
21130 16490 21931 7755 
21135 16495 21933 7763 
21141 16500 21939 7765 
21146 16502 21945 7767 
21149 16509 21950 7769 
21156 16516 21955 7769 
21166 16519 21966 7771 
21173 16526 21971 7772 
21176 16533 21979 7775 
21188 16537 21984 7776 
21191 16541 21991 7778 
21198 16545 21995 7781 
21202 16550 22001 7784 
21213 16555 22004 7788 
21218 16559 22008 7792 
21221 16565 22013 7793 
21230 16568 22019 7797 
21237 16573 22025 7800 
21245 16580 22032 7802 
21247 16588 22036 7806 
21251 16588 22045 7811 
21256 16593 22050 7812 
21260 16601 22054 7813 
21265 16604 22064 7814 
21267 16607 22066 7816 
21272 16613 22069 7817 
21281 16621 22070 7819 
21289 16626 22075 7821 
21295 16630 22086 7824 
21303 16634 22090 7825 
21312 16642 22099 7826 
21317 16646 22109 7829 
21322 16650 22115 7829 
21325 16654 22122 7829 
21327 16660 22127 7830 
21332 16664 22134 7832 
21338 16668 22141 7834 
21345 16672 22146 7834 
21353 16680 22154 7834 
21360 16683 22156 7836 
21368 16688 22160 7840 
21370 16692 22167 7842 
21374 16698 22172 7845 
21379 16704 22179 7847 
21386 16714 22184 7850 
21388 16718 22189 7852 
21395 16721 22195 7854 
21404 16726 22200 7862 
21409 16730 22208 7863 
21417 16741 22215 7866 
21422 16748 22224 7870 
21428 16753 22228 7870 
21431 16756 22230 7873 
21439 16762 22238 7875 
21446 16766 22246 7878 
21454 16769 22253 7882 
21462 16774 22258 7886 
21467 16777 22264 7888 
21472 16780 22272 7892 
21479 16785 22277 7893 
21493 16792 22283 7897 
21496 16793 22286 7899 
21501 16797 22291 7901 
21508 16800 22302 7904 
21511 16803 22310 7905 
21515 16808 22317 7905 
21522 16812 22325 7908 
21530 16818 22333 7908 
21534 16820 22346 7909 
21539 16822 22354 7913 
21542 16828 22363 7913 
21545 16830 22368 7915 
21553 16836 22373 7917 
21556 16839 22388 7918 
21562 16842 22397 7922 
21566 16848 22406 7926 
21573 16851 22420 7926 
21583 16856 22429 7927 
21588 16859 22433 7928 
21594 16863 22438 7930 
21598 16868 22446 7933 
21605 16872 22451 7935 
21610 16876 22459 7936 
21615 16881 22469 7937 
21623 16888 22477 7938 
21631 16891 22486 7941 
21634 16898 22493 7942 
21639 16905 22495 7945 
21645 16909 22502 7948 
21651 16914 22510 7950 
21655 16920 22511 7952 
21661 16923 22517 7956 
21664 16926 22525 7957 
21667 16930 22533 7959 
21674 16935 22538 7964 
21679 16940 22543 7967 
21684 16946 22550 7967 
21693 16950 22558 7969 
21698 16955 22564 7972 
21707 16958 22567 7973 
21714 16962 22573 7974 
21720 16966 22581 7978 
21724 16970 22590 7979 
21731 16975 22597 7979 
21741 16980 22605 7979 
21748 16984 22609 7980 
21752 16991 22616 7983 
21759 16993 22623 7984 
21766 16999 22630 7985 
21769 17005 22636 7988 
21774 17008 22645 7988 
21779 17013 22649 7991 
21782 17021 22656 7995 
21786 17026 22663 7997 
21797 17032 22670 7999 
21800 17037 22675 8003 
21801 17039 22680 8003 
21808 17045 22688 8004 
21815 17048 22696 8007 
21823 17056 22703 8008 
21830 17062 22704 8008 
21836 17065 22707 8009 
21841 17071 22715 8011 
21845 17075 22724 8011 
21851 17081 22732 8014 
21855 17084 22743 8017 
21863 17087 22753 8021 
21871 17094 22758 8025 
21875 17097 22765 8028 
21883 17107 22771 8030 
21888 17111 22782 8034 
21894 17119 22790 8038 
21906 17122 22796 8041 
21918 17128 22803 8045 
21928 17134 22808 8048 
21935 17136 22815 8048 
21944 17143 22824 8048 
21955 17145 22834 8050 
21960 17150 22837 8056 
21963 17154 22839 8058 
21966 17158 22848 8065 
21976 17163 22853 8067 
21982 17165 22863 8070 
21989 17167 22868 8073 
21999 17175 22874 8073 
