0 0 0 0 
6 5 3 1 
9 12 10 3 
15 14 16 6 
20 16 22 10 
28 21 28 15 
31 27 33 15 
35 31 40 16 
40 31 44 16 
46 35 49 16 
53 37 56 16 
58 39 63 18 
60 42 63 18 
64 43 68 22 
70 50 73 23 
73 53 77 25 
80 57 78 26 
90 62 85 26 
93 66 91 26 
99 69 93 29 
103 73 96 30 
109 79 98 35 
114 80 102 38 
120 82 110 40 
126 89 116 40 
133 94 124 42 
139 97 130 45 
144 102 134 49 
150 103 140 50 
153 106 145 51 
156 108 147 53 
165 113 157 55 
171 115 164 57 
177 120 170 62 
187 124 175 64 
193 127 179 66 
200 134 187 66 
203 134 191 67 
208 136 196 68 
210 139 201 68 
217 141 206 71 
225 142 211 74 
234 148 216 75 
237 153 225 75 
247 155 230 75 
254 158 240 82 
264 162 243 83 
271 164 250 86 
273 166 259 87 
276 169 266 88 
278 172 273 89 
284 175 276 90 
285 183 280 92 
291 186 285 94 
296 189 291 95 
296 192 296 95 
301 193 301 97 
305 196 306 98 
311 201 308 101 
324 206 315 103 
327 210 318 108 
331 217 326 110 
334 220 333 110 
340 220 339 111 
343 224 345 113 
350 230 352 114 
355 232 359 115 
357 236 367 116 
363 240 374 119 
366 245 379 120 
373 250 383 121 
377 255 388 122 
380 261 391 125 
384 264 397 129 
388 266 402 130 
392 268 404 131 
395 271 407 134 
400 277 412 134 
409 281 418 135 
416 286 426 140 
419 287 431 143 
426 291 439 143 
434 293 441 144 
443 294 446 146 
449 297 451 146 
454 302 457 147 
459 304 464 149 
464 305 467 149 
473 310 475 150 
477 310 481 150 
483 317 487 153 
486 321 490 154 
496 322 497 156 
502 326 505 157 
509 332 508 158 
514 337 512 162 
522 346 517 164 
525 352 520 166 
532 353 523 171 
539 354 527 173 
543 358 532 178 
550 363 535 180 
554 364 540 183 
556 366 547 183 
562 368 552 187 
570 372 558 189 
578 377 565 189 
584 381 569 189 
587 384 572 191 
590 386 573 194 
596 391 580 195 
600 394 581 197 
603 397 584 200 
605 401 587 202 
609 404 592 203 
620 406 599 204 
625 412 607 206 
634 414 612 208 
642 418 616 209 
648 421 624 210 
651 427 630 211 
657 428 634 213 
660 430 640 213 
666 434 644 214 
668 436 648 217 
676 440 655 219 
679 442 657 221 
683 444 661 221 
688 449 666 223 
691 454 671 224 
698 457 676 225 
700 463 683 229 
704 467 691 232 
714 473 697 232 
718 476 702 234 
720 478 708 237 
726 483 715 237 
729 487 721 239 
734 493 731 241 
738 497 741 243 
742 500 744 244 
748 505 752 246 
756 514 758 250 
762 521 763 254 
765 523 767 256 
769 527 770 258 
774 536 776 259 
779 544 781 262 
783 547 783 262 
787 552 787 264 
796 556 789 264 
803 559 791 266 
811 565 797 268 
814 567 803 269 
818 571 804 269 
822 574 809 270 
827 581 816 270 
833 583 821 271 
841 588 827 273 
849 592 832 273 
853 594 841 275 
861 595 848 278 
867 599 851 283 
870 604 858 285 
874 608 862 286 
880 612 866 286 
886 615 867 288 
891 620 873 290 
894 624 877 292 
900 629 885 292 
904 636 891 294 
907 639 900 297 
912 641 907 300 
917 647 910 302 
927 650 921 303 
933 654 928 305 
940 658 930 308 
946 664 936 310 
950 668 943 312 
954 670 947 312 
960 670 953 314 
964 672 962 318 
966 676 969 320 
973 680 973 320 
978 685 979 323 
987 691 984 324 
991 696 987 324 
996 700 990 327 
1003 706 997 334 
1013 709 1000 336 
1016 713 1005 338 
1020 716 1006 339 
1022 722 1011 342 
1027 727 1016 342 
1030 736 1027 344 
1035 741 1031 347 
1038 744 1037 349 
1043 747 1044 349 
1046 748 1045 350 
1052 750 1051 354 
1055 756 1055 355 
1059 760 1061 356 
1061 765 1070 360 
1067 769 1078 362 
1070 773 1086 362 
1079 778 1091 362 
1085 780 1097 364 
1089 785 1102 367 
1093 792 1104 370 
1098 795 1108 372 
1104 799 1110 372 
1113 802 1112 373 
1119 805 1116 376 
1126 810 1120 378 
1131 819 1127 379 
1138 821 1131 383 
1142 825 1136 384 
1145 829 1142 384 
1151 831 1145 389 
1158 833 1151 391 
1161 835 1157 393 
1166 845 1161 395 
1168 848 1171 398 
1173 851 1176 401 
1179 851 1181 401 
1182 853 1185 403 
1189 857 1192 406 
1193 860 1201 407 
1198 864 1206 407 
1201 871 1212 408 
1212 878 1215 408 
1216 882 1220 408 
1222 884 1228 409 
1227 886 1236 412 
1231 889 1241 413 
1238 893 1244 413 
1240 895 1252 415 
1243 899 1261 416 
1243 905 1266 419 
1247 908 1272 421 
1255 910 1279 423 
1258 914 1283 425 
1261 917 1290 428 
1267 918 1293 428 
1276 923 1299 431 
1281 927 1306 433 
1287 929 1310 436 
1293 931 1316 436 
1301 932 1318 440 
1306 934 1327 440 
1309 939 1330 442 
1316 941 1335 444 
1320 945 1336 445 
1327 946 1344 446 
1331 952 1348 448 
1343 957 1353 449 
1348 961 1356 453 
1352 967 1363 455 
1360 972 1366 456 
1361 975 1368 457 
1369 980 1377 461 
1375 983 1382 462 
1380 985 1389 464 
1384 988 1393 467 
1385 991 1400 468 
1390 993 1403 469 
1395 995 1409 470 
1401 1002 1414 472 
1409 1006 1419 475 
1413 1008 1423 475 
1421 1012 1426 476 
1429 1016 1429 477 
1434 1019 1435 478 
1442 1032 1439 479 
1449 1035 1447 482 
1455 1040 1454 484 
1460 1043 1460 486 
1466 1048 1461 488 
1467 1050 1465 488 
1472 1056 1469 492 
1477 1056 1477 494 
1480 1061 1483 500 
1488 1064 1487 503 
1500 1071 1491 503 
1505 1074 1498 504 
1512 1079 1501 507 
1517 1080 1507 509 
1520 1084 1515 512 
1528 1088 1521 514 
1529 1096 1527 516 
1536 1101 1530 520 
1540 1104 1536 523 
1542 1106 1541 525 
1548 1110 1545 526 
1548 1113 1552 527 
1553 1116 1559 528 
1559 1119 1563 530 
1564 1122 1569 532 
1569 1127 1573 532 
1575 1135 1576 533 
1578 1135 1582 536 
1586 1142 1586 537 
1591 1144 1592 538 
1595 1147 1595 538 
1601 1150 1601 539 
1606 1153 1605 541 
1613 1156 1613 547 
1622 1158 1616 547 
1630 1162 1620 547 
1632 1167 1621 548 
1633 1171 1625 552 
1637 1175 1628 552 
1644 1182 1631 557 
1651 1184 1637 558 
1656 1190 1642 559 
1663 1196 1649 560 
1674 1200 1656 562 
1679 1210 1664 562 
1684 1217 1669 562 
1688 1222 1678 565 
1698 1226 1682 565 
1708 1227 1685 567 
1716 1230 1689 567 
1719 1236 1691 570 
1726 1240 1694 572 
1735 1242 1700 575 
1742 1244 1705 576 
1746 1247 1706 578 
1754 1252 1711 579 
1756 1255 1718 582 
1758 1259 1724 583 
1766 1262 1733 585 
1772 1264 1738 586 
1778 1270 1743 592 
1781 1272 1750 596 
1788 1276 1754 596 
1800 1280 1757 597 
1808 1285 1762 602 
1814 1287 1769 605 
1819 1291 1778 605 
1829 1295 1783 607 
1831 1297 1785 612 
1836 1303 1793 615 
1840 1304 1799 616 
1848 1309 1805 616 
1855 1314 1810 617 
1863 1317 1815 618 
1871 1324 1819 619 
1876 1328 1829 621 
1878 1332 1833 623 
1885 1335 1840 625 
1886 1336 1845 626 
1895 1337 1850 628 
1901 1343 1855 629 
1905 1345 1863 630 
1914 1351 1868 632 
1917 1356 1873 632 
1921 1358 1878 634 
1923 1361 1882 638 
1931 1365 1887 641 
1936 1367 1891 643 
1941 1370 1894 643 
1946 1374 1902 645 
1952 1380 1907 645 
1958 1383 1908 649 
1965 1389 1916 652 
1971 1394 1918 655 
1978 1396 1923 656 
1982 1396 1929 658 
1987 1400 1930 658 
1991 1403 1934 659 
1996 1407 1938 661 
2000 1409 1944 666 
2005 1413 1954 669 
2011 1417 1957 671 
2018 1420 1962 672 
2027 1422 1968 672 
2033 1424 1974 674 
2040 1428 1977 677 
2041 1431 1981 681 
2044 1439 1983 681 
2053 1446 1990 685 
2057 1448 1995 686 
2060 1448 2002 688 
2066 1451 2005 690 
2070 1456 2007 693 
2073 1457 2011 694 
2078 1464 2016 699 
2081 1471 2022 700 
2089 1476 2026 700 
2094 1477 2031 702 
2101 1482 2036 703 
2106 1487 2040 704 
2110 1490 2043 707 
2114 1494 2051 708 
2122 1498 2057 711 
2126 1503 2064 712 
2133 1509 2072 715 
2139 1513 2081 717 
2145 1521 2086 718 
2150 1525 2093 721 
2156 1528 2100 722 
2162 1530 2103 723 
2172 1533 2107 724 
2177 1542 2115 726 
2183 1548 2116 727 
2191 1552 2121 729 
2199 1555 2128 733 
2203 1559 2135 734 
2214 1560 2137 735 
2221 1562 2142 736 
2224 1566 2143 739 
2227 1570 2147 743 
2235 1571 2150 743 
2240 1578 2160 746 
2244 1580 2166 748 
2249 1583 2173 750 
2253 1589 2180 751 
2256 1596 2181 753 
2263 1601 2186 754 
2269 1607 2191 756 
2274 1613 2197 758 
2282 1613 2203 758 
2288 1615 2211 758 
2295 1617 2219 760 
2306 1620 2221 762 
2310 1623 2228 764 
2317 1629 2229 765 
2318 1630 2235 766 
2326 1633 2244 768 
2332 1638 2249 771 
2334 1641 2251 772 
2341 1644 2258 772 
2346 1647 2263 772 
2349 1652 2269 773 
2355 1656 2271 775 
2363 1658 2275 777 
2371 1664 2281 777 
2378 1669 2284 779 
2380 1675 2289 781 
2385 1677 2296 783 
2391 1682 2299 784 
2398 1685 2305 785 
2405 1689 2312 788 
2410 1693 2319 789 
2418 1696 2323 790 
2422 1704 2331 793 
2427 1706 2335 793 
2432 1712 2339 794 
2433 1717 2346 796 
2436 1719 2351 798 
2444 1723 2353 800 
2446 1727 2357 804 
2451 1730 2366 807 
2456 1734 2372 808 
2463 1737 2376 809 
2471 1738 2378 811 
2476 1741 2382 814 
2480 1743 2384 815 
2483 1746 2390 816 
2491 1756 2396 817 
2494 1758 2401 818 
2497 1762 2407 819 
2503 1769 2414 819 
2508 1774 2422 821 
2515 1778 2427 822 
2520 1779 2431 824 
2528 1784 2435 825 
2534 1785 2440 829 
2538 1790 2449 830 
2544 1794 2456 831 
2548 1796 2460 833 
2550 1800 2465 834 
2557 1806 2469 835 
2566 1811 2473 838 
2570 1815 2479 842 
2576 1820 2480 844 
2582 1824 2486 845 
2585 1826 2490 847 
2591 1828 2493 847 
2599 1836 2496 850 
2608 1839 2502 853 
2612 1842 2507 854 
2618 1847 2512 856 
2621 1856 2521 858 
2633 1859 2524 859 
2634 1862 2530 861 
2637 1869 2534 865 
2639 1871 2541 870 
2642 1874 2547 870 
2648 1878 2552 871 
2650 1882 2554 874 
2653 1887 2560 880 
2659 1888 2570 882 
2665 1893 2577 884 
2672 1897 2583 885 
2677 1900 2589 886 
2682 1903 2595 888 
2689 1903 2600 889 
2699 1907 2605 893 
2702 1907 2609 898 
2708 1910 2616 900 
2713 1913 2618 904 
2721 1921 2625 906 
2727 1924 2630 908 
2738 1925 2633 909 
2741 1932 2641 912 
2746 1935 2644 915 
2754 1935 2650 917 
2757 1941 2652 919 
2757 1942 2659 921 
2764 1944 2663 924 
2770 1948 2672 926 
2773 1948 2681 928 
2778 1951 2686 929 
2784 1952 2693 930 
2790 1954 2695 931 
2793 1962 2700 931 
2799 1965 2705 931 
2805 1970 2711 933 
2808 1974 2713 934 
2816 1977 2717 936 
2824 1980 2721 938 
2833 1982 2729 940 
2839 1988 2735 941 
2845 1991 2738 942 
2846 2000 2744 942 
2853 2004 2752 945 
2862 2007 2754 946 
2865 2011 2757 947 
2868 2015 2760 949 
2880 2020 2761 951 
2886 2023 2770 951 
2896 2026 2781 952 
2901 2029 2786 953 
2903 2035 2792 954 
2908 2038 2793 956 
2912 2042 2798 956 
2922 2050 2809 958 
2930 2056 2814 959 
2936 2058 2824 960 
2939 2062 2830 960 
2943 2068 2837 961 
2945 2073 2843 962 
2952 2078 2850 962 
2954 2085 2860 963 
2961 2087 2864 967 
2968 2093 2866 968 
2971 2096 2872 969 
2974 2099 2879 971 
2981 2103 2887 973 
2985 2105 2896 979 
2989 2110 2902 980 
2994 2114 2908 983 
3000 2115 2914 986 
3003 2117 2917 989 
3009 2121 2922 992 
3015 2124 2929 995 
3021 2125 2934 997 
3026 2128 2938 1000 
3029 2134 2947 1001 
3032 2137 2954 1003 
3037 2139 2961 1004 
3044 2143 2968 1006 
3048 2144 2972 1011 
3052 2146 2978 1013 
3055 2149 2982 1017 
3061 2156 2988 1017 
3066 2159 2991 1018 
3073 2164 2998 1021 
3076 2167 3001 1021 
3081 2169 3006 1023 
3089 2176 3014 1024 
3101 2178 3017 1025 
3108 2188 3025 1028 
3114 2191 3028 1029 
3119 2197 3032 1035 
3128 2199 3035 1035 
3134 2206 3041 1036 
3140 2212 3044 1039 
3145 2218 3051 1042 
3154 2222 3059 1043 
3157 2229 3067 1043 
3162 2235 3075 1044 
3167 2241 3082 1049 
3170 2244 3089 1051 
3177 2248 3096 1054 
3180 2252 3099 1054 
3187 2256 3103 1055 
3193 2262 3108 1057 
3199 2266 3110 1057 
3203 2271 3114 1062 
3203 2273 3115 1067 
3210 2275 3119 1069 
3215 2280 3124 1072 
3224 2282 3131 1074 
3232 2286 3139 1074 
3236 2289 3144 1077 
3239 2291 3148 1077 
3241 2294 3151 1081 
3246 2297 3156 1082 
3251 2301 3164 1085 
3255 2306 3168 1087 
3261 2308 3173 1088 
3263 2313 3180 1090 
3264 2315 3184 1095 
3267 2318 3186 1096 
3272 2321 3190 1097 
3276 2324 3198 1098 
3279 2327 3202 1098 
3284 2330 3208 1099 
3294 2333 3213 1100 
3304 2338 3220 1102 
3312 2345 3228 1102 
3319 2349 3230 1105 
3326 2351 3238 1106 
3331 2357 3249 1107 
3336 2361 3258 1109 
3337 2365 3260 1109 
3342 2372 3265 1110 
3350 2373 3269 1110 
3356 2377 3276 1114 
3361 2382 3279 1118 
3368 2388 3288 1120 
3374 2390 3290 1123 
3378 2392 3296 1126 
3381 2397 3302 1126 
3384 2401 3311 1127 
3391 2408 3317 1130 
3396 2413 3323 1135 
3404 2416 3330 1138 
3407 2418 3337 1141 
3410 2423 3338 1146 
3413 2425 3342 1147 
3423 2430 3346 1150 
3429 2432 3351 1150 
3435 2436 3360 1150 
3439 2440 3365 1150 
3446 2443 3371 1151 
3449 2443 3374 1156 
3451 2447 3378 1157 
3454 2453 3380 1158 
3458 2457 3390 1159 
3464 2461 3392 1160 
3466 2466 3395 1161 
3475 2470 3397 1164 
3481 2474 3405 1164 
3484 2481 3414 1165 
3489 2481 3419 1168 
3497 2488 3423 1171 
3502 2493 3429 1173 
3508 2496 3433 1177 
3512 2500 3441 1178 
3518 2503 3451 1179 
3521 2507 3455 1181 
3527 2509 3456 1182 
3534 2512 3462 1182 
3542 2516 3467 1186 
3549 2522 3470 1188 
3552 2524 3479 1189 
3559 2532 3482 1191 
3564 2536 3486 1191 
3569 2543 3494 1192 
3581 2547 3500 1195 
3585 2549 3504 1196 
3595 2555 3509 1197 
3606 2555 3515 1199 
3609 2561 3526 1201 
3613 2562 3529 1202 
3619 2563 3534 1203 
3626 2568 3538 1204 
3634 2573 3547 1206 
3638 2581 3548 1206 
3643 2583 3552 1206 
3648 2589 3558 1208 
3652 2589 3568 1211 
3658 2592 3572 1212 
3661 2593 3577 1213 
3665 2594 3585 1215 
3673 2598 3588 1215 
3677 2603 3593 1215 
3684 2613 3599 1216 
3692 2614 3608 1219 
3697 2618 3614 1219 
3701 2621 3618 1221 
3706 2625 3627 1224 
3713 2632 3631 1226 
3718 2634 3638 1229 
3723 2641 3643 1232 
3728 2644 3646 1236 
3733 2648 3648 1242 
3739 2651 3656 1242 
3742 2653 3662 1245 
3744 2657 3668 1247 
3747 2660 3671 1249 
3753 2664 3681 1252 
3756 2667 3685 1255 
3761 2668 3694 1259 
3768 2671 3695 1261 
3773 2672 3703 1264 
3779 2678 3707 1265 
3784 2682 3708 1267 
3791 2685 3715 1274 
3800 2688 3718 1274 
3807 2692 3723 1276 
3815 2696 3729 1277 
3821 2699 3733 1280 
3829 2700 3739 1282 
3833 2705 3745 1283 
3836 2708 3753 1285 
3842 2712 3761 1286 
3844 2716 3764 1286 
3850 2723 3768 1289 
3852 2729 3773 1291 
3857 2734 3782 1291 
3865 2737 3787 1292 
3873 2740 3792 1293 
3877 2746 3801 1297 
3880 2748 3803 1300 
3883 2751 3806 1302 
3884 2758 3809 1303 
3891 2760 3816 1305 
3897 2762 3819 1309 
3904 2763 3827 1312 
3911 2765 3832 1313 
3917 2772 3833 1314 
3921 2777 3841 1316 
3928 2782 3843 1321 
3936 2784 3849 1322 
3942 2789 3854 1323 
3949 2796 3861 1325 
3953 2801 3865 1327 
3955 2806 3871 1330 
3964 2808 3876 1334 
3968 2812 3880 1337 
3975 2815 3886 1341 
3982 2820 3888 1343 
3983 2824 3895 1345 
3989 2830 3902 1347 
3999 2836 3906 1347 
4007 2839 3908 1350 
4011 2843 3911 1353 
4016 2845 3916 1357 
4024 2849 3923 1358 
4032 2850 3932 1361 
4037 2862 3935 1364 
4043 2866 3938 1364 
4045 2870 3945 1366 
4048 2873 3949 1367 
4059 2878 3953 1367 
4063 2880 3955 1368 
4069 2886 3956 1370 
4074 2887 3960 1372 
4082 2890 3965 1373 
4085 2893 3974 1375 
4091 2897 3979 1379 
4098 2900 3985 1383 
4107 2905 3990 1387 
4115 2909 3994 1390 
4124 2917 4001 1391 
4128 2923 4007 1392 
4135 2926 4014 1393 
4141 2927 4018 1396 
4148 2929 4026 1396 
4153 2933 4030 1398 
4156 2938 4035 1399 
4163 2940 4044 1401 
4169 2942 4048 1404 
4175 2947 4053 1406 
4182 2948 4059 1407 
4190 2952 4062 1407 
4198 2954 4065 1409 
4201 2959 4071 1413 
4204 2962 4078 1416 
4206 2964 4084 1418 
4217 2968 4090 1419 
4222 2970 4091 1420 
4226 2974 4095 1420 
4233 2976 4101 1422 
4242 2977 4105 1424 
4248 2978 4111 1425 
4255 2983 4116 1428 
4266 2985 4121 1430 
4270 2991 4122 1431 
4274 2995 4130 1433 
4280 3000 4132 1435 
4285 3002 4138 1436 
4290 3004 4146 1436 
4298 3007 4151 1438 
4303 3011 4153 1440 
4306 3013 4161 1442 
4307 3015 4170 1444 
4314 3019 4176 1447 
4324 3023 4182 1449 
4326 3026 4189 1451 
4335 3028 4194 1454 
4338 3031 4201 1458 
4346 3037 4207 1459 
4356 3043 4216 1460 
4362 3047 4221 1461 
4368 3052 4225 1465 
4370 3060 4229 1468 
4374 3062 4240 1473 
4378 3066 4251 1474 
4380 3072 4259 1474 
4382 3078 4263 1476 
4390 3082 4266 1478 
4394 3083 4274 1478 
4399 3086 4278 1480 
4404 3090 4286 1481 
4409 3096 4290 1484 
4411 3104 4295 1485 
4415 3107 4298 1487 
4422 3111 4307 1487 
4428 3114 4309 1488 
4434 3119 4318 1488 
4439 3123 4328 1489 
4444 3127 4334 1492 
4448 3131 4342 1493 
4451 3133 4347 1495 
4455 3136 4350 1495 
4460 3142 4357 1495 
4468 3144 4360 1497 
4474 3149 4363 1498 
4480 3155 4366 1499 
4486 3158 4370 1499 
4494 3162 4380 1500 
4499 3164 4387 1502 
4505 3168 4393 1506 
4513 3171 4398 1511 
4521 3172 4402 1515 
4524 3177 4407 1516 
4536 3181 4411 1519 
4543 3185 4420 1521 
4544 3191 4426 1525 
4553 3196 4427 1526 
4557 3199 4433 1528 
4563 3207 4437 1530 
4568 3210 4444 1532 
4569 3213 4453 1537 
4573 3219 4457 1540 
4577 3225 4469 1541 
4584 3232 4472 1542 
4586 3235 4478 1542 
4587 3238 4484 1544 
4594 3243 4489 1544 
4601 3247 4494 1545 
4610 3249 4498 1547 
4619 3253 4502 1549 
4624 3255 4506 1553 
4630 3258 4517 1554 
4637 3262 4521 1556 
4642 3268 4525 1558 
4652 3273 4534 1560 
4657 3277 4539 1560 
4663 3282 4545 1560 
4671 3285 4549 1561 
4677 3286 4552 1565 
4682 3291 4554 1568 
4688 3296 4565 1568 
4694 3298 4570 1570 
4697 3300 4574 1570 
4706 3306 4580 1570 
4709 3310 4586 1571 
4714 3316 4591 1573 
4719 3318 4596 1574 
4728 3319 4596 1579 
4736 3324 4604 1580 
4739 3328 4609 1580 
4745 3334 4614 1582 
4750 3338 4620 1585 
4753 3346 4625 1587 
4760 3346 4628 1595 
4763 3351 4635 1597 
4771 3356 4639 1599 
4776 3359 4645 1601 
4782 3366 4648 1602 
4788 3369 4652 1604 
4793 3370 4659 1606 
4798 3375 4661 1607 
4802 3378 4666 1609 
4808 3384 4669 1610 
4811 3386 4676 1611 
4814 3390 4686 1613 
4820 3392 4689 1617 
4828 3396 4692 1621 
4832 3400 4700 1623 
4837 3403 4708 1625 
4841 3405 4713 1628 
4843 3412 4716 1628 
4847 3417 4720 1631 
4851 3420 4728 1633 
4853 3426 4733 1634 
4858 3434 4738 1638 
4866 3437 4743 1639 
4873 3441 4745 1641 
4883 3444 4748 1642 
4888 3446 4753 1644 
4899 3455 4755 1646 
4904 3457 4759 1648 
4921 3459 4763 1650 
4922 3460 4767 1651 
4928 3464 4771 1655 
4932 3471 4772 1657 
4935 3479 4778 1660 
4941 3481 4785 1660 
4946 3485 4790 1662 
4951 3491 4796 1664 
4958 3494 4804 1666 
4961 3499 4807 1667 
4969 3502 4811 1668 
4972 3506 4820 1670 
4981 3513 4822 1670 
4991 3513 4826 1672 
4996 3518 4829 1673 
5002 3523 4833 1675 
5004 3529 4836 1676 
5011 3534 4838 1679 
5015 3540 4846 1681 
5021 3542 4850 1684 
5030 3549 4857 1685 
5034 3552 4863 1687 
5042 3553 4867 1690 
5044 3557 4871 1695 
5047 3558 4878 1695 
5051 3560 4885 1695 
5059 3562 4891 1696 
5063 3567 4902 1699 
5069 3573 4910 1704 
5076 3574 4913 1707 
5080 3577 4915 1709 
5086 3581 4919 1709 
5088 3583 4928 1710 
5095 3585 4933 1712 
5099 3589 4938 1715 
5106 3592 4943 1718 
5115 3597 4951 1718 
5119 3600 4954 1719 
5126 3606 4957 1724 
5129 3609 4963 1725 
5132 3614 4970 1728 
5141 3617 4978 1729 
5149 3627 4983 1730 
5154 3628 4990 1734 
5161 3632 4992 1735 
5166 3638 4999 1736 
5167 3643 5005 1736 
5172 3648 5014 1741 
5175 3652 5027 1743 
5180 3653 5031 1744 
5186 3657 5039 1745 
5192 3657 5043 1747 
5195 3664 5045 1747 
5204 3668 5050 1748 
5207 3672 5054 1749 
5213 3679 5060 1751 
5218 3686 5064 1751 
5221 3693 5067 1751 
5224 3700 5070 1754 
5230 3702 5074 1757 
5231 3712 5078 1758 
5235 3715 5081 1758 
5241 3723 5090 1759 
5247 3728 5098 1764 
5252 3730 5105 1765 
5257 3733 5109 1767 
5263 3737 5111 1772 
5270 3739 5116 1772 
5277 3742 5123 1775 
5280 3746 5130 1775 
5287 3750 5138 1776 
5292 3753 5146 1777 
5299 3756 5149 1777 
5301 3760 5156 1779 
5308 3763 5160 1780 
5315 3767 5166 1782 
5322 3769 5169 1783 
5327 3775 5175 1783 
5331 3777 5178 1788 
5335 3779 5184 1790 
5336 3786 5187 1792 
5345 3789 5191 1794 
5346 3794 5197 1794 
5351 3797 5201 1795 
5354 3803 5205 1796 
5359 3803 5211 1797 
5363 3811 5216 1799 
5371 3817 5223 1801 
5377 3821 5227 1802 
5387 3825 5233 1803 
5391 3826 5236 1807 
5396 3829 5241 1807 
5403 3835 5246 1811 
5405 3837 5253 1817 
5410 3840 5260 1823 
5415 3844 5266 1825 
5422 3849 5274 1827 
5425 3852 5285 1828 
5433 3859 5289 1830 
5436 3861 5294 1830 
5441 3870 5302 1833 
5443 3880 5309 1834 
5450 3885 5312 1835 
5454 3888 5318 1838 
5466 3893 5324 1840 
5471 3898 5328 1841 
5473 3899 5333 1841 
5478 3904 5339 1842 
5485 3908 5345 1843 
5489 3912 5350 1844 
5493 3918 5353 1847 
5502 3924 5358 1847 
5505 3929 5363 1849 
5511 3930 5368 1852 
5515 3935 5372 1855 
5521 3939 5379 1858 
5525 3948 5386 1860 
5528 3951 5388 1860 
5530 3955 5392 1863 
5535 3957 5399 1863 
5539 3959 5405 1866 
5540 3962 5407 1870 
5552 3964 5413 1873 
5555 3969 5418 1873 
5562 3974 5422 1875 
5571 3976 5427 1880 
5575 3980 5428 1880 
5581 3984 5431 1884 
5588 3989 5436 1887 
5596 3994 5442 1890 
5603 3998 5446 1892 
5607 4001 5452 1897 
5613 4002 5458 1901 
5614 4008 5464 1901 
5616 4010 5473 1903 
5623 4015 5479 1904 
5629 4020 5485 1904 
5635 4026 5490 1907 
5638 4034 5494 1909 
5643 4037 5498 1910 
5650 4042 5501 1910 
5656 4049 5506 1914 
5659 4052 5511 1915 
5664 4057 5517 1918 
5674 4063 5520 1922 
5677 4068 5523 1922 
5683 4070 5527 1923 
5688 4075 5537 1924 
5695 4079 5546 1925 
5702 4081 5552 1927 
5706 4083 5561 1928 
5713 4085 5568 1931 
5717 4094 5575 1934 
5723 4098 5582 1938 
5728 4102 5592 1939 
5733 4106 5595 1942 
5740 4111 5600 1945 
5741 4118 5610 1946 
5746 4120 5615 1947 
5752 4124 5621 1949 
5755 4128 5634 1949 
5762 4129 5637 1951 
5766 4133 5644 1955 
5773 4138 5653 1956 
5778 4140 5656 1959 
5787 4144 5665 1962 
5795 4148 5669 1964 
5800 4154 5676 1966 
5806 4159 5682 1968 
5812 4161 5686 1969 
5816 4167 5695 1972 
5824 4171 5698 1976 
5830 4174 5705 1978 
5836 4179 5711 1980 
5838 4185 5721 1981 
5844 4192 5724 1985 
5848 4198 5727 1986 
5853 4200 5734 1987 
5858 4204 5740 1989 
5867 4204 5746 1990 
5873 4210 5750 1992 
5877 4212 5753 1995 
5885 4217 5757 1996 
5894 4221 5763 1998 
5896 4225 5769 1999 
5898 4228 5770 2002 
5902 4231 5776 2004 
5905 4238 5781 2007 
5912 4241 5791 2008 
5922 4245 5796 2009 
5932 4250 5801 2010 
5937 4254 5804 2012 
5940 4259 5807 2014 
5946 4262 5815 2017 
5950 4267 5818 2017 
5961 4272 5822 2019 
5969 4274 5827 2020 
5972 4281 5830 2021 
5976 4284 5842 2022 
5981 4286 5851 2023 
5985 4287 5856 2024 
5991 4288 5860 2025 
5998 4292 5865 2027 
6003 4298 5866 2029 
6008 4300 5877 2031 
6012 4304 5886 2035 
6018 4308 5891 2036 
6023 4314 5895 2038 
6028 4319 5900 2039 
6031 4325 5905 2039 
6033 4326 5910 2040 
6038 4332 5917 2042 
6046 4340 5921 2043 
6051 4343 5931 2047 
6056 4347 5941 2048 
6061 4353 5943 2051 
6067 4357 5953 2052 
6074 4359 5958 2054 
6078 4359 5961 2056 
6084 4363 5965 2057 
6094 4369 5969 2058 
6103 4370 5973 2059 
6109 4372 5980 2064 
6114 4375 5983 2065 
6119 4381 5987 2069 
6126 4382 5989 2069 
6133 4385 5996 2072 
6140 4387 5996 2073 
6149 4391 6002 2073 
6163 4396 6009 2076 
6172 4399 6020 2079 
6175 4402 6024 2080 
6178 4404 6030 2083 
6185 4409 6033 2084 
6191 4410 6039 2085 
6199 4414 6047 2086 
6206 4417 6054 2089 
6208 4421 6057 2094 
6213 4423 6063 2095 
6214 4426 6071 2096 
6219 4430 6078 2098 
6225 4434 6079 2100 
6232 4438 6081 2103 
6235 4442 6088 2105 
6239 4446 6091 2105 
6244 4450 6100 2107 
6247 4453 6107 2108 
6249 4459 6109 2109 
6256 4463 6114 2112 
6262 4466 6121 2114 
6266 4471 6125 2116 
6267 4475 6129 2118 
6273 4476 6136 2120 
6282 4484 6141 2124 
6287 4491 6143 2126 
6291 4497 6148 2131 
6298 4500 6152 2133 
6305 4506 6158 2137 
6310 4509 6163 2138 
6316 4513 6171 2139 
6322 4518 6174 2142 
6326 4524 6177 2144 
6330 4526 6185 2146 
6335 4530 6189 2148 
6341 4537 6194 2150 
6347 4541 6200 2153 
6352 4549 6206 2153 
6360 4551 6212 2156 
6363 4552 6220 2156 
6371 4555 6223 2157 
6375 4560 6227 2158 
6379 4565 6232 2160 
6385 4569 6239 2162 
6390 4570 6250 2164 
6397 4571 6258 2167 
6401 4576 6262 2168 
6409 4580 6271 2171 
6413 4580 6277 2171 
6415 4581 6284 2173 
6421 4584 6288 2176 
6424 4588 6290 2177 
6427 4591 6294 2178 
6430 4597 6296 2179 
6434 4602 6302 2180 
6438 4604 6309 2183 
6444 4610 6314 2184 
6450 4612 6326 2187 
6457 4613 6334 2188 
6462 4617 6340 2189 
6464 4620 6345 2194 
6468 4623 6351 2194 
6474 4626 6356 2194 
6477 4628 6358 2194 
6484 4631 6363 2199 
6491 4636 6369 2200 
6495 4643 6377 2201 
6499 4648 6383 2203 
6502 4653 6388 2204 
6508 4654 6396 2205 
6514 4656 6400 2207 
6520 4662 6405 2210 
6527 4666 6410 2210 
6532 4673 6412 2212 
6544 4680 6419 2214 
6547 4683 6427 2215 
6553 4684 6431 2216 
6559 4688 6438 2219 
6563 4689 6440 2221 
6571 4690 6444 2222 
6578 4694 6457 2224 
6582 4699 6465 2224 
6587 4702 6470 2228 
6591 4708 6477 2230 
6600 4714 6485 2232 
6604 4717 6489 2234 
6609 4719 6493 2235 
6616 4726 6495 2238 
6620 4727 6503 2242 
6625 4735 6507 2244 
6631 4740 6508 2248 
6637 4744 6512 2250 
6643 4747 6515 2252 
6649 4752 6518 2256 
6655 4757 6525 2260 
6659 4759 6533 2263 
6661 4762 6536 2265 
6668 4768 6537 2270 
6675 4776 6544 2272 
6679 4782 6548 2272 
6682 4787 6552 2272 
6688 4792 6557 2274 
6698 4794 6561 2275 
6705 4798 6565 2277 
6709 4807 6572 2279 
6716 4813 6574 2281 
6721 4820 6578 2285 
6726 4820 6584 2288 
6731 4830 6589 2292 
6734 4834 6594 2295 
6736 4838 6599 2299 
6737 4842 6602 2305 
6742 4843 6605 2305 
6746 4847 6610 2307 
6752 4850 6616 2307 
6761 4853 6623 2312 
6767 4860 6632 2312 
6774 4865 6637 2314 
6782 4872 6644 2316 
6791 4877 6646 2317 
6796 4880 6651 2318 
6802 4884 6656 2322 
6809 4886 6664 2324 
6815 4891 6671 2324 
6817 4896 6676 2325 
6820 4900 6681 2326 
6825 4905 6687 2328 
6834 4906 6693 2328 
6837 4910 6694 2329 
6840 4919 6699 2331 
6849 4922 6705 2332 
6853 4929 6712 2334 
6858 4933 6718 2336 
6864 4941 6728 2337 
6870 4945 6729 2338 
6877 4950 6735 2339 
6884 4956 6739 2340 
6893 4963 6741 2341 
6900 4969 6745 2343 
6904 4973 6747 2344 
6914 4976 6755 2345 
6926 4980 6760 2348 
6933 4985 6764 2349 
6937 4989 6771 2350 
6942 4990 6777 2351 
6949 4993 6782 2352 
6953 4999 6791 2355 
6962 5003 6796 2357 
6966 5009 6801 2359 
6971 5010 6804 2361 
6975 5014 6808 2361 
6978 5017 6811 2362 
6981 5022 6818 2363 
6987 5026 6820 2363 
6992 5035 6822 2365 
6996 5037 6830 2366 
7001 5040 6834 2367 
7003 5044 6840 2369 
7013 5048 6841 2369 
7020 5052 6848 2373 
7026 5055 6852 2373 
7028 5058 6859 2374 
7031 5062 6864 2376 
7035 5064 6868 2379 
7040 5070 6878 2382 
7048 5074 6889 2383 
7056 5080 6894 2385 
7056 5085 6901 2389 
7057 5089 6905 2392 
7061 5097 6906 2394 
7061 5102 6916 2396 
7070 5108 6920 2398 
7076 5110 6924 2399 
7083 5113 6930 2403 
7087 5118 6935 2405 
7095 5122 6942 2407 
7100 5125 6947 2410 
7108 5131 6952 2413 
7112 5133 6957 2413 
7117 5140 6962 2415 
7121 5142 6967 2416 
7126 5144 6971 2419 
7132 5148 6982 2423 
7137 5154 6989 2426 
7145 5156 6993 2429 
7147 5162 6999 2430 
7154 5167 7002 2434 
7161 5172 7005 2434 
7164 5180 7011 2436 
7168 5184 7018 2438 
7173 5191 7024 2439 
7177 5198 7032 2441 
7182 5201 7045 2442 
7188 5205 7048 2445 
7193 5207 7053 2449 
7198 5210 7057 2454 
7201 5213 7065 2454 
7203 5216 7070 2454 
7211 5221 7075 2456 
7220 5224 7078 2456 
7224 5232 7088 2456 
7229 5238 7090 2458 
7234 5241 7096 2459 
7240 5243 7102 2459 
7248 5246 7110 2461 
7249 5247 7115 2466 
7257 5249 7121 2467 
7265 5252 7129 2468 
7271 5253 7131 2471 
7277 5261 7139 2471 
7281 5265 7145 2474 
7283 5271 7148 2475 
7288 5276 7155 2478 
7295 5282 7159 2483 
7299 5287 7163 2484 
7303 5292 7165 2485 
7312 5293 7166 2489 
7317 5293 7169 2491 
7327 5299 7177 2491 
7332 5301 7180 2493 
7338 5303 7184 2494 
7344 5309 7190 2497 
7356 5314 7191 2498 
7362 5318 7194 2500 
7366 5323 7199 2504 
7370 5331 7206 2505 
7378 5336 7210 2507 
7383 5340 7217 2512 
7390 5343 7220 2515 
7397 5345 7229 2515 
7406 5351 7233 2517 
7412 5354 7245 2517 
7415 5359 7248 2517 
7416 5362 7251 2520 
7423 5364 7254 2522 
7432 5369 7259 2526 
7440 5376 7267 2531 
7446 5380 7273 2536 
7447 5386 7279 2541 
7453 5391 7283 2541 
7459 5393 7289 2541 
7466 5395 7296 2542 
7474 5402 7301 2545 
7479 5406 7305 2546 
7484 5411 7310 2547 
7495 5415 7319 2552 
7502 5418 7326 2554 
7504 5424 7332 2556 
7508 5427 7335 2556 
7516 5431 7341 2559 
7523 5433 7345 2559 
7528 5439 7353 2559 
7533 5444 7358 2561 
7535 5449 7362 2564 
7539 5450 7367 2567 
7546 5453 7373 2569 
7551 5455 7381 2569 
7561 5461 7387 2573 
7564 5464 7390 2575 
7570 5470 7395 2576 
7571 5474 7402 2578 
7576 5479 7412 2579 
7582 5481 7418 2579 
7584 5483 7425 2580 
7591 5485 7430 2583 
7599 5487 7439 2588 
7607 5489 7445 2589 
7611 5491 7457 2590 
7617 5495 7461 2593 
7622 5501 7472 2595 
7626 5506 7474 2596 
7631 5510 7477 2600 
7637 5513 7482 2602 
7646 5516 7488 2604 
7652 5518 7490 2606 
7656 5526 7493 2607 
7665 5529 7498 2607 
7667 5533 7501 2608 
7671 5537 7509 2610 
7676 5541 7518 2611 
7679 5548 7520 2612 
7683 5553 7527 2614 
7685 5558 7532 2614 
7690 5564 7538 2615 
7693 5568 7545 2619 
7697 5569 7550 2621 
7701 5576 7556 2623 
7705 5580 7561 2625 
7712 5585 7566 2626 
7721 5590 7567 2629 
7726 5599 7570 2629 
7731 5602 7577 2632 
7740 5609 7579 2636 
7747 5614 7583 2638 
7749 5621 7588 2639 
7753 5626 7593 2642 
7760 5630 7597 2643 
7768 5635 7601 2646 
7777 5638 7607 2647 
7781 5640 7615 2649 
7784 5642 7622 2649 
7788 5645 7626 2652 
7793 5653 7627 2655 
7801 5659 7628 2656 
7802 5663 7634 2658 
7806 5665 7639 2659 
7808 5671 7645 2660 
7811 5672 7649 2662 
7814 5676 7652 2664 
7819 5679 7656 2666 
7825 5681 7660 2669 
7829 5686 7667 2671 
7832 5687 7677 2672 
7839 5689 7682 2673 
7844 5691 7690 2676 
7852 5692 7696 2677 
7856 5693 7701 2682 
7861 5696 7707 2682 
7869 5698 7711 2684 
7873 5699 7722 2685 
7879 5702 7728 2687 
7884 5705 7729 2687 
7891 5706 7732 2689 
7895 5710 7740 2692 
7902 5718 7743 2695 
7907 5722 7751 2699 
7915 5725 7753 2700 
7922 5730 7759 2701 
7926 5735 7764 2704 
7932 5738 7772 2707 
7939 5740 7773 2707 
7948 5743 7776 2708 
7953 5748 7784 2709 
7961 5751 7785 2710 
7965 5755 7791 2710 
7973 5760 7795 2711 
7976 5764 7801 2715 
7981 5765 7806 2719 
7985 5770 7811 2721 
7994 5776 7819 2726 
8001 5785 7828 2728 
8009 5788 7833 2730 
8015 5791 7838 2733 
8024 5793 7843 2736 
8032 5798 7852 2736 
8038 5801 7854 2736 
8042 5805 7860 2736 
8048 5809 7866 2738 
8054 5813 7870 2741 
8060 5817 7874 2742 
8066 5821 7879 2743 
8068 5827 7882 2744 
8075 5830 7887 2746 
8081 5833 7890 2746 
8086 5841 7897 2746 
8090 5843 7903 2747 
8095 5846 7911 2750 
8102 5851 7916 2753 
8104 5853 7921 2754 
8110 5856 7927 2757 
8117 5859 7930 2759 
8125 5861 7936 2760 
8129 5864 7938 2763 
8132 5872 7942 2765 
8140 5876 7949 2769 
8142 5879 7957 2770 
8145 5884 7968 2771 
8151 5885 7973 2771 
8161 5887 7977 2773 
8171 5892 7983 2775 
8172 5901 7988 2778 
8176 5904 7997 2779 
8185 5910 8002 2782 
8191 5918 8009 2783 
8195 5919 8014 2784 
8202 5920 8022 2786 
8208 5925 8028 2788 
8216 5932 8037 2792 
8221 5933 8041 2792 
8225 5937 8049 2796 
8230 5942 8052 2800 
8236 5947 8057 2800 
8242 5949 8062 2804 
8244 5953 8067 2807 
8245 5959 8071 2808 
8252 5965 8078 2808 
8253 5970 8084 2809 
8259 5978 8088 2812 
8268 5985 8094 2812 
8275 5987 8097 2815 
8281 5989 8105 2815 
8286 5994 8109 2816 
8295 5997 8113 2817 
8306 6001 8118 2820 
8314 6003 8122 2823 
8318 6014 8125 2825 
8324 6019 8134 2827 
8328 6026 8141 2827 
8331 6035 8147 2830 
8335 6046 8152 2832 
8339 6053 8156 2833 
8349 6060 8160 2838 
8356 6064 8168 2841 
8357 6072 8174 2844 
8367 6076 8180 2846 
8373 6083 8186 2848 
8378 6087 8196 2849 
8386 6089 8202 2850 
8389 6095 8211 2853 
8396 6096 8218 2854 
8405 6101 8223 2855 
8412 6106 8225 2859 
8417 6114 8234 2861 
8420 6119 8240 2863 
8427 6122 8243 2867 
8434 6126 8246 2868 
8442 6131 8248 2869 
8449 6136 8255 2870 
8453 6141 8259 2874 
8459 6143 8262 2878 
8465 6146 8267 2882 
8470 6148 8281 2883 
8479 6154 8290 2884 
8482 6158 8299 2884 
8486 6162 8305 2886 
8492 6166 8312 2889 
8497 6170 8317 2889 
8502 6176 8324 2891 
8504 6180 8333 2893 
8510 6183 8337 2895 
8515 6192 8337 2898 
8520 6198 8349 2899 
8524 6199 8351 2901 
8532 6201 8356 2904 
8534 6203 8359 2905 
8537 6209 8366 2908 
8540 6216 8375 2912 
8543 6216 8381 2913 
8550 6222 8387 2916 
8556 6227 8392 2917 
8563 6231 8397 2917 
8567 6236 8402 2918 
8574 6240 8409 2925 
8577 6241 8416 2925 
8582 6248 8420 2926 
8589 6254 8424 2930 
8595 6258 8430 2932 
8604 6260 8432 2933 
8610 6266 8435 2936 
8618 6269 8437 2938 
8622 6273 8443 2939 
8624 6279 8449 2940 
8630 6282 8458 2942 
8638 6284 8464 2945 
8642 6287 8469 2947 
8645 6294 8470 2950 
8652 6301 8473 2951 
8657 6305 8478 2952 
8663 6309 8483 2956 
8669 6316 8489 2958 
8677 6320 8497 2959 
8682 6326 8505 2963 
8685 6332 8513 2965 
8688 6334 8517 2966 
8697 6341 8520 2968 
8704 6344 8529 2970 
8714 6346 8538 2972 
8718 6354 8544 2975 
8721 6359 8549 2981 
8729 6362 8554 2981 
8733 6365 8561 2982 
8739 6371 8567 2984 
8744 6378 8574 2986 
8748 6388 8578 2988 
8752 6392 8587 2991 
8757 6395 8591 2992 
8761 6397 8596 2992 
8766 6407 8602 2994 
8769 6409 8606 2996 
8774 6413 8607 2999 
8783 6418 8614 3000 
8787 6420 8619 3003 
8793 6427 8624 3003 
8800 6433 8630 3003 
8807 6438 8637 3004 
8810 6441 8639 3006 
8818 6443 8644 3008 
8819 6444 8655 3012 
8828 6451 8663 3014 
8834 6457 8669 3016 
8836 6467 8677 3020 
8840 6471 8681 3022 
8845 6474 8687 3024 
8849 6477 8695 3025 
8857 6481 8700 3029 
8862 6487 8712 3029 
8867 6495 8721 3032 
8879 6497 8726 3033 
8882 6502 8732 3034 
8888 6504 8733 3036 
8893 6508 8742 3038 
8903 6512 8746 3041 
8905 6515 8747 3045 
8910 6521 8748 3045 
8914 6523 8755 3050 
8921 6529 8761 3051 
8926 6536 8766 3052 
8930 6538 8773 3056 
8936 6541 8778 3057 
8939 6545 8782 3061 
8947 6554 8790 3065 
8957 6558 8798 3067 
8964 6562 8803 3069 
8967 6565 8810 3070 
8970 6568 8812 3072 
8973 6574 8815 3073 
8980 6577 8819 3074 
8984 6582 8828 3076 
8991 6584 8832 3081 
8995 6587 8836 3082 
8999 6589 8842 3084 
9003 6598 8848 3084 
9009 6604 8854 3088 
9016 6605 8861 3089 
9026 6611 8868 3091 
9031 6615 8876 3095 
9036 6618 8885 3098 
9038 6626 8890 3103 
9044 6628 8901 3104 
9048 6631 8905 3105 
9055 6635 8911 3107 
9061 6638 8913 3108 
9067 6642 8918 3110 
9072 6646 8927 3112 
9078 6647 8930 3114 
9080 6649 8937 3116 
9086 6652 8942 3120 
9094 6657 8945 3121 
9097 6660 8951 3122 
9104 6663 8964 3124 
9108 6668 8972 3126 
9113 6672 8975 3127 
9118 6676 8978 3129 
9128 6679 8982 3129 
9133 6684 8990 3131 
9140 6688 8992 3133 
9143 6692 8998 3138 
9147 6697 9003 3140 
9154 6698 9006 3141 
9161 6701 9013 3145 
9164 6707 9015 3147 
9168 6710 9020 3151 
9174 6711 9030 3152 
9179 6715 9038 3154 
9185 6720 9043 3156 
9186 6724 9049 3158 
9191 6731 9052 3159 
9197 6734 9052 3161 
9205 6738 9055 3163 
9208 6742 9058 3164 
9214 6746 9065 3169 
9220 6752 9070 3171 
9222 6758 9075 3174 
9229 6762 9081 3175 
9234 6768 9084 3176 
9241 6770 9093 3178 
9242 6774 9100 3182 
9249 6779 9105 3183 
9253 6786 9114 3185 
9257 6790 9117 3185 
9264 6791 9125 3185 
9271 6797 9130 3189 
9277 6797 9136 3193 
9286 6800 9144 3196 
9289 6806 9148 3199 
9293 6810 9158 3200 
9296 6815 9165 3204 
9298 6816 9167 3205 
9303 6821 9171 3206 
9310 6825 9178 3207 
9316 6831 9186 3208 
9322 6833 9189 3208 
9327 6839 9197 3212 
9329 6842 9205 3213 
9335 6844 9210 3213 
9339 6847 9213 3215 
9350 6849 9222 3216 
9354 6852 9226 3220 
9360 6858 9231 3225 
9365 6863 9241 3227 
9369 6867 9250 3230 
9375 6873 9256 3233 
9378 6879 9266 3235 
9383 6883 9273 3238 
9390 6886 9281 3239 
9394 6887 9288 3239 
9403 6894 9291 3241 
9409 6895 9295 3241 
9414 6898 9297 3242 
9416 6902 9304 3243 
9421 6908 9311 3244 
9426 6910 9320 3245 
9430 6915 9326 3246 
9441 6918 9336 3249 
9447 6923 9342 3252 
9453 6927 9348 3253 
9460 6928 9358 3255 
9463 6934 9362 3257 
9466 6936 9367 3259 
9473 6943 9369 3260 
9476 6949 9375 3262 
9481 6958 9380 3265 
9486 6960 9385 3267 
9490 6965 9389 3268 
9493 6970 9394 3269 
9499 6973 9402 3272 
9504 6980 9404 3273 
9511 6984 9412 3275 
9514 6988 9416 3276 
9520 6993 9418 3281 
9523 6997 9425 3282 
9525 7004 9433 3285 
9529 7012 9434 3288 
9531 7014 9439 3289 
9541 7023 9448 3291 
9547 7026 9452 3294 
9553 7030 9459 3294 
9559 7034 9470 3294 
9561 7038 9475 3296 
9566 7040 9482 3298 
9569 7044 9487 3302 
9575 7047 9492 3303 
9582 7050 9496 3306 
9587 7055 9505 3307 
9595 7055 9510 3309 
9598 7059 9517 3311 
9602 7064 9522 3311 
9608 7067 9526 3314 
9612 7071 9536 3315 
9618 7076 9542 3316 
9624 7079 9550 3322 
9633 7088 9554 3327 
9637 7091 9560 3330 
9644 7097 9565 3332 
9650 7101 9569 3334 
9653 7105 9575 3334 
9657 7107 9581 3336 
9665 7110 9591 3337 
9672 7116 9599 3338 
9678 7124 9611 3339 
9683 7127 9611 3341 
9688 7135 9617 3343 
9696 7138 9624 3343 
9702 7144 9627 3343 
9709 7150 9636 3344 
9717 7154 9645 3346 
9722 7160 9653 3350 
9723 7164 9660 3353 
9726 7166 9663 3353 
9730 7168 9670 3355 
9733 7176 9677 3355 
9741 7180 9685 3358 
9742 7182 9686 3360 
9746 7189 9696 3361 
9757 7196 9701 3364 
9763 7198 9711 3367 
9766 7207 9720 3368 
9774 7208 9722 3370 
9782 7211 9730 3372 
9788 7214 9736 3374 
9793 7220 9745 3376 
9803 7226 9750 3379 
9810 7229 9754 3382 
9814 7233 9760 3383 
9816 7237 9761 3384 
9820 7238 9765 3385 
9826 7242 9770 3385 
9828 7245 9777 3385 
9829 7249 9779 3386 
9835 7250 9782 3389 
9845 7257 9791 3392 
9850 7264 9797 3394 
9855 7271 9802 3395 
9863 7274 9810 3396 
9874 7278 9817 3397 
9879 7283 9826 3398 
9882 7284 9832 3398 
9888 7290 9838 3401 
9891 7296 9845 3404 
9898 7302 9853 3407 
9903 7308 9860 3408 
9909 7310 9865 3411 
9914 7312 9870 3415 
9919 7317 9879 3417 
9922 7320 9887 3419 
9931 7325 9891 3421 
9936 7329 9898 3424 
9942 7336 9909 3425 
9945 7343 9914 3427 
9950 7346 9921 3427 
9953 7351 9925 3427 
9957 7353 9930 3428 
9958 7356 9935 3430 
9964 7360 9941 3433 
9968 7366 9949 3433 
9973 7369 9954 3434 
9981 7374 9959 3434 
9984 7376 9967 3434 
9987 7382 9971 3437 
9991 7386 9977 3437 
10000 7391 9981 3437 
10008 7395 9989 3438 
10011 7400 9996 3438 
10013 7401 10003 3444 
10018 7407 10008 3446 
10024 7412 10013 3450 
10028 7419 10015 3453 
10035 7423 10023 3453 
10045 7425 10025 3456 
10048 7428 10029 3459 
10055 7432 10035 3460 
10060 7436 10037 3464 
10065 7442 10042 3464 
10071 7445 10050 3465 
10076 7453 10055 3466 
10079 7460 10060 3467 
10083 7468 10067 3468 
10088 7474 10075 3469 
10095 7478 10083 3470 
10101 7483 10087 3474 
10105 7488 10089 3476 
10109 7490 10094 3478 
10112 7495 10096 3479 
10122 7500 10102 3480 
10130 7507 10108 3483 
10137 7513 10113 3483 
10142 7517 10122 3486 
10149 7523 10125 3487 
10159 7531 10130 3489 
10161 7533 10137 3491 
10167 7536 10149 3493 
10169 7539 10154 3494 
10172 7542 10158 3496 
10176 7549 10163 3498 
10181 7552 10166 3500 
10190 7556 10171 3505 
10201 7561 10180 3507 
10206 7566 10189 3508 
10211 7568 10194 3510 
10215 7575 10200 3512 
10218 7579 10203 3513 
10222 7585 10207 3515 
10223 7588 10214 3516 
10228 7594 10216 3519 
10234 7599 10222 3521 
10243 7605 10230 3523 
10248 7608 10233 3523 
10250 7611 10237 3525 
10256 7614 10239 3527 
10262 7618 10241 3531 
10263 7620 10245 3532 
10268 7624 10250 3534 
10275 7627 10257 3538 
10280 7627 10265 3538 
10286 7632 10272 3541 
10294 7636 10277 3543 
10301 7641 10281 3545 
10305 7647 10284 3546 
10307 7652 10287 3547 
10315 7654 10291 3549 
10320 7658 10294 3553 
10327 7659 10301 3556 
10332 7666 10311 3558 
10337 7670 10318 3560 
10346 7677 10328 3565 
10352 7681 10332 3567 
10359 7684 10339 3569 
10364 7688 10344 3570 
10368 7694 10348 3571 
10376 7702 10353 3573 
10382 7705 10363 3576 
10392 7709 10369 3577 
10395 7715 10375 3579 
10401 7720 10379 3583 
10405 7728 10385 3584 
10410 7732 10392 3585 
10415 7735 10398 3585 
10422 7741 10404 3585 
10428 7748 10407 3587 
10431 7752 10415 3588 
10438 7754 10418 3590 
10445 7756 10427 3590 
10451 7757 10433 3590 
10456 7758 10438 3593 
10459 7760 10441 3594 
10464 7768 10446 3595 
10465 7771 10450 3595 
10471 7775 10455 3595 
10477 7780 10458 3597 
10482 7783 10465 3599 
10488 7787 10474 3603 
10493 7795 10479 3604 
10498 7795 10484 3606 
10506 7797 10491 3609 
10509 7800 10493 3610 
10513 7807 10496 3611 
10519 7816 10500 3612 
10524 7818 10506 3617 
10533 7825 10512 3618 
10539 7830 10522 3621 
10545 7835 10528 3622 
10545 7839 10535 3626 
10550 7845 10539 3628 
10557 7850 10542 3630 
10559 7852 10551 3634 
10569 7857 10558 3636 
10574 7863 10564 3640 
10579 7871 10573 3641 
10584 7873 10576 3642 
10589 7876 10581 3644 
10593 7881 10589 3647 
10600 7882 10593 3651 
10604 7887 10597 3654 
10616 7892 10604 3657 
10618 7899 10612 3659 
10627 7900 10613 3662 
10629 7908 10622 3664 
10633 7909 10625 3665 
10640 7914 10627 3666 
10643 7921 10634 3667 
10647 7921 10638 3672 
10653 7924 10645 3674 
10655 7931 10647 3675 
10658 7938 10653 3677 
10664 7945 10667 3679 
10671 7948 10677 3683 
10678 7953 10680 3684 
10683 7955 10689 3688 
10689 7958 10695 3692 
10698 7961 10700 3694 
10702 7963 10705 3694 
10706 7969 10708 3696 
10715 7979 10716 3699 
10718 7985 10722 3701 
10727 7988 10725 3703 
10733 7993 10735 3705 
10741 7995 10738 3708 
10747 7996 10742 3712 
10750 8002 10747 3716 
10754 8009 10753 3717 
10759 8016 10764 3718 
10763 8020 10764 3719 
10768 8022 10768 3721 
10776 8028 10772 3723 
10779 8031 10776 3723 
10787 8039 10782 3724 
10791 8044 10787 3725 
10795 8055 10793 3728 
10801 8061 10797 3729 
10807 8065 10801 3732 
10812 8069 10808 3734 
10816 8072 10813 3741 
10819 8077 10821 3742 
10822 8079 10825 3743 
10824 8082 10827 3743 
10829 8087 10830 3744 
10837 8092 10834 3747 
10845 8100 10840 3749 
10848 8107 10846 3755 
10853 8117 10856 3757 
10859 8122 10868 3760 
10865 8131 10877 3762 
10869 8133 10883 3762 
10871 8139 10886 3765 
10874 8141 10887 3767 
10877 8144 10894 3772 
10884 8151 10896 3772 
10889 8154 10903 3774 
10899 8161 10908 3776 
10902 8168 10912 3778 
10907 8173 10919 3778 
10913 8181 10925 3781 
10917 8190 10934 3781 
10925 8197 10943 3783 
10934 8199 10949 3787 
10943 8203 10954 3788 
10946 8207 10965 3788 
10952 8211 10970 3794 
10956 8216 10974 3796 
10959 8222 10978 3799 
10964 8225 10981 3801 
10967 8228 10989 3805 
10972 8231 10995 3806 
10977 8233 11003 3807 
10982 8239 11010 3812 
10988 8241 11016 3813 
10990 8241 11026 3815 
10992 8246 11041 3815 
10995 8249 11046 3818 
10999 8253 11049 3822 
11003 8255 11052 3825 
11006 8258 11062 3829 
11013 8262 11070 3831 
11018 8264 11078 3832 
11021 8270 11082 3836 
11024 8272 11088 3839 
11032 8275 11093 3840 
11036 8281 11098 3843 
11042 8286 11103 3844 
11047 8291 11110 3846 
11051 8295 11119 3848 
11054 8298 11121 3849 
11057 8305 11124 3850 
11063 8308 11128 3854 
11070 8313 11130 3856 
11076 8317 11131 3857 
11079 8323 11135 3860 
11085 8333 11141 3860 
11087 8345 11146 3861 
11092 8349 11151 3865 
11096 8354 11153 3869 
11103 8357 11161 3870 
11107 8364 11169 3872 
11113 8370 11180 3874 
11121 8374 11186 3877 
11127 8379 11189 3879 
11130 8384 11199 3883 
11140 8386 11205 3887 
11149 8390 11211 3888 
11154 8392 11220 3892 
11158 8398 11226 3894 
11163 8402 11234 3897 
11173 8409 11240 3898 
11178 8412 11251 3900 
11183 8415 11258 3906 
11191 8417 11259 3908 
11196 8422 11265 3909 
11204 8427 11266 3913 
11207 8435 11275 3914 
11217 8439 11282 3915 
11220 8441 11290 3917 
11228 8446 11296 3918 
11231 8453 11298 3921 
11237 8459 11309 3925 
11244 8462 11318 3927 
11251 8467 11329 3931 
11256 8468 11333 3934 
11261 8476 11339 3937 
11267 8478 11341 3941 
11277 8482 11343 3941 
11284 8484 11350 3942 
11288 8490 11361 3944 
11291 8492 11368 3946 
11295 8499 11373 3947 
11300 8501 11376 3947 
11304 8505 11385 3949 
11314 8511 11393 3951 
11318 8515 11402 3954 
11328 8519 11405 3957 
11331 8525 11414 3959 
11331 8532 11422 3960 
11340 8539 11426 3963 
11351 8545 11435 3965 
11358 8548 11445 3967 
11367 8551 11450 3968 
11373 8554 11460 3972 
11381 8559 11464 3975 
11389 8562 11469 3976 
11394 8564 11472 3979 
11404 8569 11478 3980 
11408 8573 11485 3982 
11411 8579 11490 3987 
11417 8581 11501 3991 
11422 8585 11505 3991 
11430 8589 11510 3995 
11438 8592 11519 3997 
11441 8595 11523 3998 
11445 8603 11526 4001 
11451 8606 11533 4003 
11454 8610 11539 4005 
11462 8619 11546 4008 
11469 8624 11552 4011 
11473 8625 11559 4016 
11477 8630 11562 4017 
11484 8632 11568 4018 
11489 8634 11575 4021 
11503 8636 11583 4022 
11507 8637 11589 4025 
11510 8640 11597 4027 
11515 8642 11599 4027 
11519 8647 11605 4032 
11527 8654 11611 4033 
11533 8658 11617 4035 
11537 8661 11622 4038 
11544 8664 11624 4040 
11553 8667 11628 4042 
11562 8670 11635 4043 
11565 8674 11641 4048 
11572 8682 11646 4049 
11577 8683 11650 4049 
11581 8688 11655 4052 
11586 8691 11660 4053 
11589 8694 11665 4055 
11597 8696 11670 4056 
11601 8698 11678 4059 
11605 8700 11682 4063 
11614 8702 11687 4064 
11621 8706 11693 4064 
11622 8710 11696 4066 
11629 8715 11703 4068 
11634 8720 11708 4072 
11639 8724 11716 4073 
11647 8728 11718 4076 
11654 8737 11722 4077 
11659 8741 11726 4079 
11667 8742 11734 4079 
11672 8742 11739 4082 
11678 8743 11747 4084 
11685 8748 11750 4085 
11689 8753 11762 4087 
11698 8757 11771 4091 
11699 8761 11780 4094 
11702 8763 11789 4095 
11707 8771 11796 4096 
11710 8777 11804 4098 
11714 8787 11810 4100 
11718 8788 11814 4101 
11723 8792 11819 4103 
11724 8797 11829 4103 
11729 8801 11831 4108 
11737 8808 11840 4109 
11742 8813 11844 4111 
11747 8816 11851 4114 
11751 8819 11856 4116 
11760 8821 11864 4118 
11765 8827 11866 4118 
11774 8831 11876 4119 
11779 8838 11880 4119 
11786 8842 11886 4120 
11792 8849 11889 4124 
11797 8853 11897 4126 
11800 8859 11905 4128 
11804 8863 11910 4132 
11807 8868 11915 4133 
11809 8870 11917 4135 
11813 8875 11922 4137 
11822 8878 11930 4139 
11829 8882 11933 4141 
11837 8885 11937 4142 
11841 8888 11944 4144 
11852 8889 11950 4146 
11860 8893 11956 4149 
11866 8898 11960 4152 
11870 8905 11965 4154 
11875 8909 11968 4156 
11876 8914 11974 4158 
11877 8918 11980 4163 
11884 8926 11984 4167 
11891 8928 11992 4170 
11897 8931 12001 4172 
11901 8933 12005 4173 
11905 8935 12011 4173 
11910 8937 12018 4174 
11915 8942 12024 4175 
11924 8946 12028 4177 
11928 8952 12035 4179 
11931 8963 12039 4180 
11935 8970 12045 4181 
11942 8972 12049 4182 
11943 8977 12054 4185 
11952 8985 12060 4187 
11952 8986 12072 4189 
11959 8990 12078 4190 
11968 8992 12088 4193 
11971 8996 12092 4198 
11974 8999 12092 4199 
11978 9002 12099 4201 
11984 9006 12103 4202 
11985 9006 12108 4203 
11992 9007 12112 4204 
11995 9011 12118 4204 
12002 9013 12120 4206 
12007 9016 12122 4207 
12008 9022 12127 4209 
12012 9029 12132 4214 
12014 9033 12138 4215 
12019 9036 12149 4216 
12019 9042 12154 4218 
12024 9044 12161 4221 
12032 9050 12164 4223 
12042 9053 12168 4223 
12047 9054 12173 4224 
12052 9057 12182 4227 
12058 9058 12190 4229 
12062 9062 12193 4231 
12065 9066 12200 4233 
12071 9071 12202 4234 
12078 9076 12207 4237 
12084 9082 12211 4242 
12087 9087 12213 4248 
12095 9093 12223 4250 
12098 9103 12233 4254 
12104 9106 12237 4257 
12110 9109 12241 4262 
12120 9113 12250 4263 
12127 9114 12258 4266 
12132 9119 12259 4267 
12133 9123 12265 4269 
12137 9124 12269 4273 
12139 9128 12274 4274 
12145 9132 12284 4276 
12149 9135 12286 4277 
12152 9137 12295 4281 
12158 9142 12301 4285 
12166 9146 12305 4286 
12168 9152 12308 4291 
12170 9156 12314 4292 
12174 9158 12321 4295 
12181 9162 12327 4295 
12187 9164 12338 4296 
12195 9166 12346 4299 
12202 9170 12357 4299 
12207 9172 12366 4302 
12218 9179 12373 4305 
12224 9185 12377 4308 
12230 9192 12386 4309 
12236 9198 12392 4313 
12240 9203 12398 4316 
12248 9208 12400 4320 
12260 9215 12404 4323 
12267 9217 12411 4327 
12273 9222 12420 4328 
12278 9229 12427 4329 
12284 9237 12430 4331 
12293 9241 12432 4333 
12299 9245 12439 4338 
12306 9248 12447 4340 
12313 9253 12461 4343 
12317 9255 12470 4345 
12323 9259 12475 4348 
12325 9264 12482 4349 
12331 9269 12490 4352 
12337 9275 12494 4356 
12345 9276 12505 4357 
12350 9278 12512 4360 
12358 9281 12525 4361 
12362 9285 12534 4362 
12368 9290 12539 4362 
12374 9293 12544 4363 
12380 9300 12549 4366 
12389 9303 12558 4371 
12393 9310 12565 4372 
12397 9315 12575 4373 
12403 9318 12582 4375 
12412 9324 12587 4379 
12418 9330 12591 4380 
12418 9332 12600 4381 
12424 9338 12603 4384 
12430 9343 12611 4385 
12432 9345 12616 4389 
12440 9348 12619 4392 
12443 9352 12626 4394 
12445 9359 12630 4396 
12449 9364 12635 4397 
12454 9367 12640 4398 
12457 9369 12648 4402 
12462 9373 12651 4404 
12472 9380 12659 4404 
12476 9384 12663 4405 
12482 9388 12673 4407 
12489 9393 12680 4409 
12494 9396 12686 4410 
12499 9402 12693 4414 
12500 9413 12698 4417 
12506 9416 12702 4418 
12514 9422 12710 4422 
12518 9429 12712 4422 
12525 9430 12718 4423 
12532 9437 12722 4425 
12541 9444 12726 4429 
12545 9451 12730 4430 
12556 9455 12737 4432 
12563 9463 12746 4434 
12566 9469 12752 4435 
12572 9474 12757 4437 
12574 9480 12766 4439 
12577 9480 12771 4442 
12581 9482 12776 4443 
12587 9484 12780 4448 
12591 9487 12795 4449 
12600 9495 12798 4451 
12604 9504 12804 4454 
12611 9508 12812 4455 
12616 9511 12817 4458 
12621 9515 12826 4463 
12626 9519 12831 4467 
12632 9527 12838 4470 
12638 9527 12846 4473 
12648 9530 12849 4476 
12652 9534 12859 4477 
12657 9540 12862 4480 
12661 9543 12866 4483 
12666 9547 12873 4487 
12668 9550 12883 4492 
12677 9554 12886 4495 
12686 9556 12889 4496 
12690 9561 12892 4497 
12696 9565 12901 4500 
12697 9569 12902 4500 
12703 9577 12907 4502 
12713 9583 12911 4505 
12715 9586 12921 4508 
12718 9591 12932 4509 
12722 9594 12942 4510 
12734 9598 12946 4514 
12740 9605 12953 4516 
12744 9608 12964 4516 
12748 9615 12966 4520 
12754 9619 12974 4521 
12764 9623 12985 4523 
12769 9630 12992 4525 
12773 9633 12997 4526 
12778 9638 13009 4526 
12782 9641 13016 4527 
12786 9649 13022 4530 
12789 9651 13026 4533 
12795 9657 13031 4534 
12800 9667 13036 4536 
12805 9674 13039 4540 
12809 9679 13043 4544 
12811 9681 13047 4547 
12816 9688 13053 4551 
12822 9691 13056 4555 
12827 9695 13062 4558 
12832 9701 13074 4561 
12838 9706 13079 4561 
12840 9712 13082 4562 
12845 9715 13086 4563 
12850 9723 13090 4563 
12854 9727 13093 4569 
12861 9733 13097 4571 
12864 9741 13104 4574 
12871 9745 13110 4576 
12872 9749 13115 4577 
12878 9755 13120 4580 
12885 9759 13127 4581 
12889 9766 13130 4582 
12896 9773 13134 4584 
12899 9774 13136 4587 
12903 9776 13139 4589 
12907 9779 13147 4592 
12912 9782 13154 4597 
12916 9784 13156 4598 
12922 9786 13168 4601 
12930 9789 13174 4603 
12933 9794 13182 4605 
12944 9801 13187 4608 
12945 9807 13195 4610 
12949 9812 13201 4613 
12955 9816 13206 4614 
12966 9824 13214 4615 
12968 9827 13224 4616 
12975 9830 13231 4617 
12984 9833 13238 4619 
12990 9840 13244 4619 
12995 9842 13253 4622 
12998 9844 13263 4622 
13004 9850 13264 4626 
13011 9857 13269 4629 
13016 9861 13275 4631 
13020 9863 13276 4632 
13024 9867 13282 4634 
13030 9871 13287 4636 
13035 9873 13292 4639 
13040 9875 13297 4641 
13048 9880 13310 4643 
13054 9883 13315 4645 
13061 9888 13316 4646 
13065 9889 13324 4649 
13070 9893 13331 4651 
13078 9900 13340 4654 
13083 9902 13346 4655 
13086 9906 13351 4655 
13092 9907 13356 4659 
13098 9911 13360 4663 
13101 9919 13364 4664 
13106 9921 13371 4665 
13115 9926 13376 4667 
13121 9932 13383 4670 
13127 9935 13387 4670 
13139 9942 13391 4673 
13144 9949 13399 4676 
13148 9954 13404 4682 
13149 9958 13414 4683 
13152 9959 13419 4683 
13157 9962 13427 4684 
13162 9969 13434 4685 
13169 9973 13440 4688 
13177 9973 13443 4690 
13184 9976 13451 4692 
13187 9978 13454 4697 
13192 9987 13463 4699 
13195 9989 13470 4700 
13202 9994 13475 4702 
13206 9994 13483 4705 
13213 9996 13493 4706 
13218 10003 13502 4710 
13226 10007 13509 4710 
13230 10010 13516 4714 
13232 10016 13521 4716 
13238 10020 13525 4721 
13247 10026 13533 4723 
13254 10030 13542 4725 
13255 10033 13544 4726 
13261 10035 13549 4728 
13267 10040 13556 4731 
13272 10043 13564 4734 
13281 10047 13568 4741 
13284 10048 13573 4743 
13291 10054 13581 4743 
13302 10060 13588 4746 
13309 10060 13591 4753 
13315 10064 13596 4754 
13321 10070 13602 4756 
13326 10079 13608 4757 
13330 10082 13616 4758 
13339 10084 13621 4759 
13349 10086 13622 4762 
13358 10088 13628 4764 
13370 10092 13638 4768 
13376 10096 13650 4769 
13381 10098 13654 4771 
13389 10103 13661 4772 
13394 10108 13667 4774 
13399 10114 13674 4776 
13408 10116 13680 4782 
13411 10119 13685 4784 
13416 10125 13688 4785 
13424 10130 13699 4786 
13434 10135 13704 4789 
13440 10140 13710 4791 
13446 10144 13720 4794 
13449 10149 13725 4795 
13453 10153 13728 4800 
13463 10159 13734 4805 
13471 10164 13740 4806 
13476 10170 13750 4809 
13485 10177 13757 4811 
13488 10183 13762 4814 
13492 10189 13766 4815 
13498 10192 13770 4815 
13503 10193 13777 4817 
13510 10196 13787 4818 
13520 10199 13793 4820 
13522 10205 13801 4822 
13525 10207 13804 4824 
13526 10210 13805 4825 
13539 10214 13810 4828 
13548 10218 13817 4831 
13555 10221 13820 4832 
13558 10227 13826 4834 
13566 10230 13832 4836 
13572 10234 13839 4837 
13576 10235 13844 4841 
13585 10240 13856 4841 
13593 10247 13860 4843 
13600 10249 13868 4847 
13608 10255 13876 4848 
13612 10262 13883 4850 
13622 10265 13892 4852 
13627 10270 13896 4856 
13634 10271 13901 4857 
13638 10277 13912 4860 
13646 10281 13920 4860 
13650 10288 13925 4862 
13655 10292 13933 4863 
13660 10295 13937 4864 
13665 10300 13942 4868 
13667 10306 13945 4872 
13670 10310 13951 4874 
13682 10313 13954 4876 
13687 10317 13957 4877 
13693 10321 13963 4879 
13696 10322 13964 4881 
13700 10326 13966 4883 
13711 10330 13974 4886 
13716 10335 13981 4889 
13724 10338 13982 4889 
13737 10343 13990 4891 
13740 10346 13998 4894 
13749 10349 14002 4897 
13753 10355 14009 4898 
13760 10356 14021 4902 
13766 10359 14027 4903 
13773 10364 14034 4906 
13778 10370 14039 4910 
13787 10376 14045 4911 
13793 10381 14056 4915 
13798 10388 14063 4918 
13806 10393 14073 4922 
13814 10398 14085 4922 
13820 10402 14088 4923 
13823 10405 14093 4924 
13828 10410 14096 4929 
13829 10414 14103 4934 
13833 10416 14111 4935 
13836 10423 14118 4937 
13839 10426 14126 4939 
13844 10431 14129 4939 
13846 10436 14137 4941 
13853 10441 14141 4944 
13862 10446 14146 4946 
13867 10450 14152 4948 
13869 10452 14157 4949 
13875 10457 14159 4949 
13884 10461 14163 4953 
13890 10462 14173 4954 
13896 10468 14179 4954 
13904 10472 14189 4958 
13908 10480 14198 4960 
13915 10483 14203 4960 
13920 10489 14209 4963 
13930 10494 14216 4965 
13932 10501 14224 4966 
13938 10508 14229 4967 
13941 10512 14231 4969 
13950 10516 14235 4971 
13956 10517 14240 4972 
13965 10524 14242 4976 
13971 10531 14252 4979 
13980 10536 14258 4982 
13984 10540 14264 4983 
13989 10547 14270 4988 
13995 10552 14277 4993 
13998 10554 14282 4995 
14003 10561 14289 4996 
14006 10565 14296 4997 
14008 10571 14302 4998 
14016 10577 14312 5000 
14019 10581 14320 5003 
14024 10585 14323 5009 
14028 10589 14334 5010 
14031 10595 14341 5012 
14037 10597 14352 5014 
14040 10604 14356 5014 
14046 10607 14362 5015 
14051 10613 14367 5019 
14055 10618 14376 5020 
14061 10623 14377 5020 
14068 10629 14380 5024 
14071 10631 14385 5027 
14075 10635 14392 5031 
14081 10638 14402 5033 
14086 10644 14410 5034 
14097 10647 14416 5034 
14100 10652 14422 5037 
14105 10657 14430 5038 
14110 10659 14437 5039 
14117 10664 14449 5042 
14121 10669 14457 5042 
14128 10672 14465 5044 
14137 10677 14469 5046 
14144 10681 14478 5048 
14149 10686 14483 5051 
14154 10689 14490 5053 
14158 10691 14500 5057 
14167 10695 14508 5058 
14178 10701 14518 5062 
14186 10704 14526 5064 
14192 10708 14536 5068 
14197 10712 14543 5068 
14197 10718 14548 5069 
14204 10722 14552 5072 
14206 10729 14561 5075 
14209 10733 14570 5077 
14214 10736 14578 5080 
14221 10739 14582 5084 
14226 10745 14587 5085 
14228 10750 14589 5087 
14233 10752 14595 5089 
14237 10758 14598 5090 
14246 10765 14603 5092 
14251 10770 14610 5092 
14255 10777 14616 5093 
14255 10783 14619 5096 
14260 10788 14626 5099 
14267 10790 14633 5099 
14275 10795 14640 5100 
14283 10801 14642 5102 
14290 10809 14646 5105 
14296 10812 14649 5106 
14303 10816 14657 5108 
14310 10824 14660 5108 
14315 10830 14665 5110 
14316 10836 14668 5113 
14323 10844 14677 5116 
14328 10849 14679 5118 
14334 10854 14684 5121 
14339 10857 14688 5122 
14347 10861 14694 5124 
14353 10866 14706 5125 
14361 10875 14712 5126 
14364 10881 14719 5129 
14370 10883 14727 5133 
14379 10884 14733 5134 
14382 10887 14740 5139 
14387 10889 14748 5140 
14392 10893 14755 5143 
14396 10896 14764 5148 
14399 10900 14768 5149 
14406 10902 14775 5149 
14414 10908 14781 5150 
14417 10912 14790 5151 
14421 10919 14797 5152 
14428 10922 14802 5153 
14434 10926 14809 5155 
14436 10928 14816 5158 
14441 10931 14821 5159 
14451 10939 14826 5161 
14458 10949 14830 5163 
14467 10954 14835 5165 
14475 10961 14845 5167 
14481 10969 14848 5170 
14486 10973 14855 5172 
14488 10979 14859 5175 
14492 10988 14863 5176 
14505 10993 14870 5179 
14507 10995 14874 5182 
14511 11003 14888 5188 
14521 11008 14891 5191 
14524 11011 14896 5192 
14528 11019 14902 5194 
14535 11024 14909 5196 
14540 11027 14916 5196 
14545 11033 14923 5197 
14549 11039 14931 5202 
14550 11044 14934 5204 
14555 11048 14936 5206 
14558 11051 14942 5210 
14566 11058 14947 5213 
14571 11064 14954 5215 
14574 11065 14958 5216 
14581 11067 14969 5219 
14586 11071 14977 5223 
14591 11076 14979 5227 
14593 11081 14987 5229 
14599 11085 14996 5230 
14609 11090 14999 5231 
14614 11092 15005 5231 
14619 11098 15013 5233 
14624 11108 15019 5233 
14627 11112 15026 5233 
14634 11112 15034 5235 
14638 11116 15039 5236 
14641 11120 15044 5242 
14647 11124 15047 5244 
14651 11125 15053 5246 
14657 11135 15054 5247 
14660 11140 15061 5251 
14662 11146 15069 5252 
14665 11149 15078 5252 
14675 11154 15080 5254 
14684 11157 15090 5256 
14687 11159 15095 5257 
14694 11162 15101 5259 
14700 11167 15108 5260 
14708 11170 15112 5260 
14715 11182 15118 5262 
14724 11186 15126 5262 
14728 11191 15134 5268 
14734 11196 15140 5274 
14743 11203 15144 5275 
14751 11209 15153 5276 
14756 11213 15154 5280 
14759 11218 15160 5282 
14767 11218 15167 5282 
14776 11219 15170 5284 
14780 11224 15174 5286 
14786 11230 15180 5292 
14793 11234 15184 5293 
14796 11238 15188 5294 
14804 11245 15197 5296 
14814 11249 15204 5297 
14818 11253 15209 5299 
14825 11257 15211 5301 
14832 11261 15215 5306 
14837 11267 15220 5307 
14845 11272 15227 5310 
14847 11276 15230 5314 
14853 11279 15236 5316 
14860 11279 15240 5318 
14866 11289 15246 5319 
14870 11290 15253 5323 
14873 11294 15260 5329 
14878 11294 15266 5331 
14884 11298 15271 5333 
14893 11300 15279 5335 
14896 11304 15284 5337 
14902 11313 15289 5338 
14908 11315 15295 5339 
14910 11317 15299 5340 
14914 11321 15303 5342 
14920 11323 15310 5343 
14922 11330 15313 5347 
14931 11337 15320 5349 
14938 11338 15329 5351 
14946 11342 15332 5356 
14953 11346 15339 5360 
14956 11349 15342 5362 
14963 11356 15353 5365 
14970 11358 15357 5366 
14981 11362 15366 5366 
14986 11364 15369 5368 
14994 11371 15374 5370 
14999 11373 15378 5371 
15006 11376 15386 5373 
15012 11377 15391 5375 
15016 11382 15398 5376 
15018 11384 15405 5377 
15025 11386 15414 5378 
15031 11388 15419 5380 
15041 11395 15426 5382 
15045 11399 15436 5385 
15052 11402 15442 5387 
15057 11406 15445 5390 
15068 11409 15452 5392 
15073 11415 15457 5393 
15079 11420 15460 5393 
15084 11422 15466 5395 
15092 11426 15471 5395 
15097 11432 15474 5400 
15100 11439 15479 5400 
15106 11441 15487 5404 
15107 11450 15493 5407 
15116 11455 15502 5408 
15124 11460 15506 5408 
15133 11464 15510 5411 
15137 11469 15516 5415 
15141 11472 15522 5415 
15145 11477 15525 5415 
15151 11477 15533 5416 
15160 11483 15537 5417 
15163 11487 15542 5418 
15167 11489 15548 5419 
15175 11493 15551 5423 
15178 11500 15557 5425 
15183 11503 15567 5427 
15186 11507 15573 5428 
15199 11511 15577 5429 
15207 11512 15583 5429 
15210 11518 15589 5430 
15211 11522 15596 5432 
15215 11526 15603 5435 
15219 11534 15607 5436 
15225 11540 15616 5439 
15227 11544 15622 5441 
15232 11546 15632 5445 
15235 11548 15637 5447 
15237 11554 15643 5447 
15240 11563 15648 5448 
15242 11565 15656 5452 
15249 11568 15668 5453 
15256 11575 15676 5454 
15265 11579 15686 5455 
15270 11585 15692 5459 
15277 11591 15695 5465 
15280 11596 15704 5469 
15280 11600 15709 5470 
15285 11604 15713 5472 
15289 11606 15717 5473 
15298 11612 15722 5477 
15303 11615 15729 5477 
15308 11622 15735 5479 
15315 11625 15741 5480 
15320 11631 15749 5485 
15328 11634 15751 5488 
15333 11640 15756 5489 
15341 11644 15761 5492 
15347 11651 15765 5494 
15349 11656 15771 5496 
15355 11662 15775 5498 
15360 11666 15785 5501 
15368 11671 15793 5502 
15372 11678 15800 5503 
15377 11685 15807 5504 
15384 11686 15813 5504 
15390 11688 15816 5504 
15397 11691 15824 5508 
15402 11698 15831 5510 
15407 11702 15834 5511 
15411 11706 15839 5513 
15417 11716 15843 5516 
15427 11719 15849 5518 
15431 11725 15857 5522 
15438 11729 15866 5522 
15443 11741 15873 5524 
15447 11744 15881 5524 
15448 11746 15886 5526 
15459 11753 15891 5527 
15461 11759 15897 5530 
15465 11769 15909 5530 
15468 11776 15914 5531 
15473 11782 15920 5532 
15476 11783 15925 5536 
15480 11788 15930 5539 
15485 11796 15937 5541 
15490 11799 15944 5541 
15497 11803 15948 5547 
15504 11807 15953 5549 
15508 11814 15955 5551 
15513 11819 15961 5553 
15524 11823 15973 5559 
15527 11828 15979 5560 
15536 11831 15984 5562 
15544 11834 15991 5564 
15548 11835 15997 5564 
15555 11840 16004 5564 
15561 11840 16010 5566 
15566 11844 16014 5566 
15572 11846 16028 5568 
15580 11852 16040 5570 
15585 11856 16052 5573 
15592 11859 16061 5575 
15599 11865 16070 5582 
15610 11871 16074 5583 
15619 11876 16075 5584 
15622 11878 16084 5585 
15628 11881 16088 5585 
15632 11887 16092 5585 
15637 11891 16099 5588 
15644 11896 16102 5590 
15649 11896 16111 5592 
15655 11904 16118 5592 
15659 11910 16120 5592 
15670 11914 16124 5593 
15677 11918 16129 5593 
15681 11925 16138 5594 
15689 11925 16142 5597 
15693 11929 16147 5598 
15699 11934 16155 5600 
15705 11943 16161 5606 
15709 11947 16167 5607 
15714 11952 16174 5608 
15720 11959 16179 5609 
15725 11967 16185 5611 
15731 11973 16194 5612 
15734 11978 16201 5612 
15740 11983 16210 5614 
15745 11985 16219 5617 
15748 11988 16224 5618 
15753 11994 16231 5618 
15760 11999 16238 5619 
15763 12007 16241 5619 
15767 12012 16247 5619 
15775 12018 16251 5620 
15778 12018 16252 5622 
15783 12019 16258 5624 
15789 12025 16263 5625 
15793 12030 16270 5628 
15799 12036 16274 5628 
15806 12039 16280 5630 
15809 12043 16285 5633 
15815 12045 16293 5638 
15825 12051 16298 5639 
15830 12053 16301 5643 
15834 12061 16307 5646 
15839 12065 16311 5647 
15845 12069 16316 5647 
15851 12072 16322 5647 
15864 12077 16330 5649 
15873 12080 16336 5651 
15878 12087 16342 5651 
15885 12090 16354 5652 
15889 12096 16362 5652 
15893 12100 16369 5654 
15898 12102 16370 5657 
15904 12105 16374 5661 
15911 12112 16377 5666 
15919 12114 16381 5670 
15930 12115 16384 5673 
15939 12119 16392 5677 
15946 12122 16396 5682 
15948 12128 16399 5683 
15955 12136 16403 5683 
15961 12140 16405 5685 
15966 12150 16415 5688 
15970 12153 16423 5691 
15976 12158 16430 5691 
15981 12160 16436 5691 
15981 12169 16442 5694 
15986 12172 16452 5696 
15990 12175 16459 5697 
15997 12180 16464 5700 
16001 12187 16474 5704 
16009 12193 16480 5706 
16013 12196 16487 5707 
16018 12199 16495 5709 
16024 12203 16501 5712 
16031 12203 16506 5713 
16036 12207 16509 5715 
16043 12211 16514 5718 
16044 12216 16518 5719 
16049 12220 16526 5723 
16055 12223 16532 5724 
16061 12225 16538 5726 
16065 12229 16543 5734 
16072 12236 16549 5735 
16077 12239 16554 5737 
16079 12242 16557 5737 
16084 12248 16568 5738 
16088 12252 16573 5739 
16099 12257 16583 5743 
16106 12264 16592 5747 
16109 12272 16595 5751 
16115 12276 16600 5753 
16120 12282 16605 5755 
16126 12288 16611 5758 
16129 12295 16619 5761 
16133 12299 16624 5765 
16138 12312 16628 5768 
16143 12316 16638 5768 
16147 12327 16640 5772 
16150 12336 16649 5777 
16153 12339 16654 5778 
16163 12341 16659 5781 
16176 12343 16663 5781 
16179 12347 16670 5785 
16185 12351 16673 5789 
16188 12357 16678 5792 
16199 12360 16685 5796 
16208 12362 16694 5799 
16215 12366 16702 5802 
16219 12372 16714 5803 
16223 12379 16721 5807 
16226 12382 16725 5808 
16234 12385 16730 5811 
16239 12393 16739 5811 
16250 12397 16745 5815 
16259 12399 16749 5816 
16267 12402 16754 5817 
16275 12407 16766 5823 
16280 12412 16769 5827 
16290 12416 16781 5831 
16299 12420 16792 5835 
16302 12426 16799 5837 
16304 12428 16815 5840 
16311 12430 16825 5843 
16319 12433 16829 5846 
16326 12434 16837 5847 
16329 12438 16847 5851 
16334 12443 16853 5852 
16340 12444 16856 5852 
16345 12447 16863 5853 
16349 12455 16866 5857 
16356 12458 16872 5861 
16358 12461 16883 5865 
16365 12465 16890 5867 
16373 12467 16899 5869 
16381 12473 16907 5870 
16384 12475 16916 5870 
16391 12477 16921 5870 
16395 12483 16926 5872 
16404 12488 16933 5875 
16409 12490 16935 5876 
16416 12496 16941 5880 
16420 12497 16947 5885 
16424 12502 16952 5889 
16433 12506 16954 5894 
16441 12507 16957 5895 
16448 12511 16965 5898 
16456 12514 16970 5898 
16461 12515 16979 5899 
16469 12519 16988 5901 
16473 12522 16997 5902 
16478 12524 17004 5903 
16482 12528 17012 5904 
16485 12536 17020 5907 
16488 12538 17027 5910 
16496 12542 17036 5913 
16505 12552 17042 5915 
16510 12555 17046 5915 
16515 12561 17054 5919 
16520 12569 17063 5922 
16529 12574 17069 5923 
16537 12576 17073 5926 
16541 12581 17079 5929 
16550 12586 17083 5930 
16558 12592 17089 5930 
16568 12598 17098 5931 
16575 12602 17108 5934 
16577 12614 17112 5934 
16582 12617 17118 5935 
16592 12622 17123 5938 
16595 12628 17134 5940 
16600 12632 17139 5944 
16602 12637 17145 5947 
16611 12638 17146 5949 
16621 12642 17154 5950 
16625 12644 17155 5950 
16630 12646 17165 5952 
16635 12653 17173 5955 
16642 12657 17176 5959 
16646 12667 17181 5961 
16652 12671 17191 5963 
16661 12675 17200 5965 
16667 12679 17210 5967 
16669 12684 17216 5969 
16674 12687 17221 5973 
16682 12693 17233 5975 
16688 12697 17239 5975 
16698 12702 17245 5978 
16704 12705 17253 5980 
16708 12710 17259 5982 
16716 12717 17268 5984 
16724 12720 17270 5987 
16728 12723 17279 5992 
16734 12732 17282 5992 
16740 12740 17286 5994 
16745 12750 17292 5995 
16753 12753 17301 5997 
16759 12753 17307 5998 
16764 12757 17314 6000 
16766 12763 17321 6001 
16777 12766 17326 6002 
16782 12771 17329 6004 
16787 12777 17335 6007 
16791 12783 17339 6007 
16800 12786 17347 6008 
16805 12795 17353 6008 
16807 12799 17354 6009 
16810 12807 17365 6013 
16818 12817 17370 6019 
16827 12823 17377 6022 
16834 12827 17386 6028 
16838 12830 17394 6030 
16844 12838 17397 6034 
16849 12841 17408 6036 
16853 12846 17412 6039 
16855 12850 17417 6040 
16858 12856 17420 6040 
16863 12860 17429 6042 
16868 12865 17438 6043 
16875 12867 17440 6045 
16880 12871 17449 6048 
16884 12875 17457 6050 
16888 12882 17460 6052 
16895 12883 17469 6052 
16898 12890 17477 6053 
16904 12899 17482 6055 
16907 12904 17487 6057 
16912 12910 17489 6058 
16918 12914 17491 6063 
16922 12919 17499 6064 
16932 12925 17508 6066 
16941 12929 17515 6067 
16950 12936 17516 6070 
16958 12942 17522 6071 
16959 12947 17530 6073 
16972 12957 17536 6076 
16982 12960 17545 6077 
16985 12963 17551 6077 
16991 12964 17560 6077 
16993 12968 17565 6081 
16996 12976 17570 6083 
17000 12982 17574 6085 
17004 12990 17576 6088 
17011 12992 17580 6090 
17014 12997 17584 6094 
17023 12999 17591 6099 
17029 13005 17600 6101 
17032 13011 17608 6103 
17037 13014 17612 6108 
17040 13018 17618 6108 
17047 13023 17628 6111 
17054 13028 17638 6112 
17063 13033 17645 6114 
17067 13037 17647 6117 
17070 13042 17653 6119 
17077 13046 17661 6124 
17085 13048 17667 6126 
17092 13050 17673 6126 
17098 13054 17679 6132 
17101 13061 17684 6133 
17105 13065 17691 6135 
17113 13069 17695 6137 
17119 13075 17700 6141 
17126 13085 17703 6143 
17134 13087 17713 6144 
17140 13095 17720 6148 
17146 13100 17727 6150 
17154 13106 17734 6151 
17164 13109 17741 6153 
17168 13114 17745 6156 
17171 13117 17751 6156 
17182 13120 17757 6160 
17192 13125 17763 6164 
17197 13130 17768 6164 
17201 13133 17783 6164 
17206 13134 17789 6164 
17210 13137 17797 6164 
17214 13144 17804 6169 
17220 13146 17812 6170 
17227 13149 17823 6171 
17235 13151 17830 6176 
17244 13155 17837 6180 
17247 13158 17847 6181 
17252 13161 17853 6185 
17259 13163 17863 6185 
17262 13166 17872 6185 
17268 13174 17876 6187 
17274 13178 17883 6192 
17278 13183 17889 6195 
17284 13190 17897 6199 
17293 13197 17906 6200 
17296 13201 17921 6203 
17306 13206 17928 6205 
17315 13212 17937 6205 
17320 13216 17944 6207 
17325 13218 17954 6209 
17331 13222 17963 6214 
17336 13225 17970 6219 
17339 13228 17974 6222 
17349 13237 17984 6223 
17354 13241 17993 6225 
17360 13247 18003 6226 
17367 13248 18014 6227 
17375 13251 18023 6230 
17381 13259 18031 6232 
17389 13263 18035 6234 
17396 13267 18041 6235 
17401 13273 18049 6240 
17405 13275 18056 6241 
17407 13282 18070 6243 
17415 13285 18078 6244 
17419 13291 18083 6246 
17422 13296 18088 6248 
17427 13301 18092 6248 
17434 13305 18102 6251 
17439 13311 18109 6253 
17444 13316 18117 6256 
17454 13322 18124 6260 
17463 13331 18129 6261 
17472 13332 18137 6264 
17477 13334 18144 6265 
17483 13342 18149 6266 
17491 13348 18157 6267 
17496 13354 18161 6268 
17502 13361 18166 6273 
17509 13369 18172 6274 
17513 13371 18180 6275 
17518 13375 18191 6277 
17523 13381 18196 6277 
17529 13390 18202 6279 
17532 13397 18211 6279 
17536 13401 18217 6280 
17540 13406 18224 6284 
17547 13415 18231 6288 
17550 13419 18235 6290 
17555 13420 18243 6293 
17559 13431 18248 6294 
17565 13433 18254 6297 
17570 13439 18258 6301 
17578 13442 18268 6307 
17581 13445 18272 6314 
17584 13451 18282 6314 
17589 13459 18289 6314 
17596 13462 18294 6319 
17599 13469 18298 6320 
17603 13471 18301 6322 
17607 13478 18313 6326 
17613 13483 18319 6328 
17617 13488 18324 6331 
17621 13492 18330 6332 
17624 13498 18331 6332 
17635 13498 18340 6332 
17643 13501 18342 6332 
17647 13505 18352 6333 
17652 13509 18358 6334 
17660 13511 18365 6336 
17667 13522 18369 6339 
17670 13524 18374 6343 
17678 13526 18384 6345 
17679 13527 18394 6349 
17684 13530 18400 6349 
17690 13535 18407 6350 
17696 13539 18418 6350 
17704 13542 18425 6350 
17712 13550 18434 6350 
17719 13552 18441 6353 
17728 13555 18449 6357 
17731 13559 18457 6361 
17735 13563 18459 6361 
17742 13567 18463 6363 
17751 13574 18467 6365 
17755 13578 18476 6366 
17764 13585 18486 6368 
17769 13592 18491 6370 
17770 13602 18494 6371 
17777 13608 18500 6372 
17784 13613 18508 6374 
17794 13618 18513 6376 
17797 13622 18520 6379 
17801 13626 18533 6380 
17809 13631 18538 6382 
17813 13634 18547 6384 
17815 13642 18556 6388 
17819 13647 18561 6393 
17822 13651 18569 6395 
17825 13654 18575 6396 
17832 13659 18580 6397 
17839 13662 18587 6400 
17844 13664 18590 6402 
17846 13670 18596 6404 
17856 13677 18607 6406 
17863 13679 18613 6406 
17866 13681 18621 6407 
17873 13687 18626 6409 
17880 13689 18631 6411 
17884 13692 18637 6412 
17885 13697 18640 6415 
17888 13702 18643 6416 
17896 13708 18651 6419 
17901 13713 18660 6422 
17914 13717 18666 6423 
17918 13723 18675 6425 
17924 13728 18685 6427 
17931 13732 18691 6429 
17939 13737 18698 6430 
17945 13740 18705 6433 
17952 13745 18708 6436 
17956 13754 18713 6438 
17963 13757 18727 6441 
17974 13761 18734 6444 
17979 13763 18741 6447 
17985 13768 18750 6451 
17991 13771 18757 6452 
17993 13775 18764 6453 
18005 13778 18770 6458 
18009 13781 18776 6458 
18013 13788 18785 6460 
18023 13791 18791 6460 
18026 13797 18798 6462 
18029 13803 18803 6463 
18037 13809 18811 6469 
18040 13816 18817 6470 
18051 13821 18824 6471 
18054 13827 18830 6475 
18059 13832 18838 6476 
18067 13837 18843 6478 
18074 13845 18850 6480 
18084 13849 18860 6481 
18086 13852 18863 6485 
18091 13856 18870 6488 
18099 13860 18881 6491 
18105 13863 18888 6494 
18111 13872 18892 6496 
18114 13875 18896 6499 
18119 13880 18904 6499 
18122 13884 18912 6501 
18131 13893 18918 6502 
18137 13898 18926 6508 
18142 13901 18933 6512 
18151 13906 18944 6515 
18153 13911 18948 6518 
18161 13915 18953 6519 
18164 13917 18957 6521 
18170 13920 18960 6525 
18179 13923 18968 6527 
18187 13926 18969 6528 
18192 13929 18974 6529 
18195 13934 18979 6531 
18204 13938 18985 6534 
18207 13944 18988 6541 
18213 13951 18992 6544 
18220 13956 18997 6545 
18223 13965 19004 6546 
18232 13968 19009 6546 
18239 13975 19011 6549 
18247 13986 19015 6552 
18253 13988 19018 6555 
18255 13994 19025 6558 
18264 13998 19033 6560 
18268 14006 19042 6564 
18274 14009 19052 6564 
18279 14012 19055 6565 
18287 14021 19060 6566 
18295 14024 19066 6567 
18299 14028 19070 6567 
18303 14032 19076 6569 
18305 14036 19085 6574 
18311 14039 19090 6579 
18316 14044 19096 6583 
18319 14046 19101 6583 
18323 14048 19110 6586 
18328 14051 19118 6589 
18333 14054 19129 6592 
18337 14060 19133 6594 
18344 14062 19138 6597 
18349 14067 19146 6597 
18356 14073 19154 6599 
18357 14080 19159 6601 
18364 14083 19164 6604 
18370 14087 19169 6607 
18377 14091 19175 6608 
18382 14098 19177 6610 
18386 14103 19184 6612 
18391 14108 19192 6614 
18401 14119 19197 6617 
18406 14121 19202 6618 
18413 14125 19207 6621 
18418 14132 19210 6623 
18428 14136 19216 6627 
18433 14139 19221 6631 
18436 14141 19229 6634 
18441 14143 19240 6635 
18443 14151 19248 6638 
18446 14152 19257 6643 
18452 14159 19263 6647 
18458 14162 19271 6648 
18465 14166 19280 6650 
18471 14172 19284 6653 
18473 14174 19289 6654 
18480 14179 19300 6656 
18486 14181 19311 6656 
18489 14185 19319 6659 
18499 14189 19326 6661 
18506 14194 19331 6664 
18516 14198 19337 6668 
18525 14200 19346 6671 
18529 14202 19350 6675 
18535 14210 19355 6677 
18541 14215 19360 6680 
18549 14220 19367 6682 
18556 14229 19376 6688 
18562 14234 19378 6690 
18566 14238 19388 6695 
18570 14244 19392 6696 
18584 14247 19399 6699 
18587 14250 19408 6700 
18592 14252 19410 6702 
18596 14260 19415 6703 
18602 14261 19419 6707 
18609 14265 19426 6707 
18617 14269 19436 6708 
18624 14274 19442 6709 
18632 14281 19451 6712 
18639 14289 19459 6714 
18643 14295 19469 6715 
18649 14300 19481 6716 
18653 14304 19489 6719 
18658 14312 19496 6722 
18666 14319 19504 6723 
18667 14326 19510 6723 
18675 14328 19518 6726 
18680 14331 19525 6728 
18682 14333 19533 6731 
18685 14338 19537 6732 
18690 14340 19546 6737 
18695 14343 19556 6739 
18699 14350 19561 6739 
18709 14357 19567 6741 
18711 14361 19567 6744 
18722 14366 19574 6749 
18727 14375 19584 6751 
18732 14381 19596 6751 
18736 14390 19603 6752 
18741 14399 19612 6753 
18750 14401 19616 6755 
18752 14407 19619 6759 
18767 14410 19625 6761 
18776 14417 19632 6762 
18783 14422 19639 6764 
18791 14429 19642 6769 
18793 14432 19648 6770 
18802 14436 19654 6772 
18806 14441 19659 6773 
18813 14446 19663 6773 
18820 14448 19671 6775 
18828 14456 19674 6778 
18835 14463 19678 6780 
18845 14467 19682 6781 
18852 14473 19686 6783 
18858 14480 19693 6784 
18863 14487 19695 6785 
18869 14492 19706 6787 
18875 14498 19713 6790 
18885 14501 19716 6792 
18889 14506 19724 6793 
18894 14514 19731 6796 
18900 14521 19739 6799 
18903 14527 19747 6801 
18909 14530 19754 6803 
18916 14536 19761 6806 
18922 14539 19768 6807 
18926 14540 19776 6811 
18934 14544 19778 6811 
18949 14549 19787 6813 
18957 14553 19792 6816 
18967 14560 19800 6822 
18971 14561 19806 6823 
18981 14567 19813 6827 
18989 14571 19819 6828 
18995 14575 19826 6828 
18998 14577 19831 6830 
19006 14583 19834 6833 
19013 14588 19842 6834 
19021 14590 19848 6838 
19023 14596 19857 6839 
19028 14598 19861 6842 
19035 14600 19869 6849 
19040 14604 19871 6853 
19042 14612 19879 6854 
19049 14614 19888 6855 
19054 14622 19896 6857 
19056 14627 19900 6863 
19062 14631 19911 6864 
19070 14634 19918 6864 
19075 14640 19922 6868 
19079 14649 19926 6872 
19083 14654 19933 6872 
19093 14656 19940 6875 
19098 14660 19947 6878 
19108 14663 19952 6882 
19115 14668 19958 6888 
19119 14674 19965 6888 
19127 14679 19965 6888 
19131 14683 19970 6889 
19135 14686 19977 6891 
19142 14693 19984 6891 
19148 14695 19991 6892 
19151 14698 19995 6897 
19158 14699 20004 6898 
19162 14704 20014 6900 
19166 14708 20019 6904 
19172 14710 20024 6904 
19182 14713 20032 6906 
19190 14717 20035 6908 
19195 14729 20044 6909 
19200 14735 20053 6910 
19204 14740 20059 6911 
19211 14744 20064 6914 
19213 14748 20072 6916 
19221 14753 20076 6920 
19228 14754 20083 6921 
19232 14761 20087 6922 
19237 14768 20092 6924 
19242 14772 20096 6926 
19251 14779 20100 6928 
19261 14785 20102 6931 
19267 14789 20111 6933 
19272 14793 20120 6934 
19277 14797 20123 6935 
19285 14800 20130 6938 
19290 14805 20136 6939 
19300 14810 20143 6943 
19306 14821 20146 6946 
19313 14826 20152 6948 
19319 14831 20160 6949 
19325 14834 20167 6952 
19334 14837 20173 6954 
19339 14846 20174 6960 
19341 14851 20187 6964 
19345 14855 20192 6965 
19353 14861 20199 6968 
19358 14870 20208 6971 
19361 14880 20213 6975 
19364 14885 20223 6978 
19368 14890 20236 6978 
19371 14892 20240 6981 
19376 14894 20246 6981 
19380 14897 20254 6982 
19387 14905 20265 6983 
19394 14911 20269 6984 
19402 14917 20276 6986 
19404 14923 20283 6988 
19411 14925 20288 6989 
19420 14929 20290 6992 
19429 14930 20294 6994 
19438 14933 20301 6995 
19449 14936 20305 6998 
19452 14936 20311 7001 
19457 14937 20321 7002 
19465 14938 20330 7005 
19471 14942 20336 7006 
19477 14947 20344 7012 
19483 14951 20350 7015 
19490 14956 20361 7016 
19502 14961 20364 7020 
19507 14969 20374 7024 
19512 14979 20377 7027 
19519 14984 20383 7027 
19529 14988 20389 7028 
19532 14993 20392 7030 
19539 14999 20399 7033 
19545 15002 20402 7034 
19551 15007 20407 7034 
19560 15011 20411 7036 
19565 15017 20417 7037 
19569 15020 20425 7041 
19579 15023 20431 7044 
19582 15026 20439 7045 
19585 15026 20445 7048 
19590 15034 20452 7048 
19595 15039 20457 7050 
19600 15043 20465 7053 
19606 15047 20470 7056 
19608 15053 20478 7059 
19611 15059 20481 7063 
19618 15067 20484 7065 
19622 15074 20487 7066 
19630 15078 20496 7066 
19633 15083 20509 7072 
19636 15089 20517 7075 
19646 15093 20520 7075 
19654 15104 20525 7081 
19662 15113 20532 7082 
19670 15115 20539 7084 
19673 15119 20546 7087 
19679 15126 20552 7093 
19686 15131 20561 7093 
19690 15131 20570 7096 
19695 15135 20573 7099 
19706 15142 20577 7103 
19716 15144 20583 7104 
19722 15150 20589 7104 
19730 15153 20595 7106 
19732 15156 20599 7109 
19736 15162 20604 7109 
19742 15165 20612 7111 
19746 15170 20622 7112 
19755 15172 20630 7115 
19759 15176 20634 7118 
19763 15181 20640 7118 
19765 15184 20646 7122 
19775 15188 20651 7124 
19779 15192 20654 7124 
19783 15196 20659 7128 
19785 15201 20666 7129 
19790 15204 20672 7131 
19795 15206 20678 7133 
19802 15210 20686 7136 
19807 15213 20690 7139 
19817 15218 20693 7141 
19824 15219 20697 7144 
19831 15222 20704 7145 
19837 15225 20709 7145 
19841 15228 20720 7147 
19843 15232 20732 7151 
19851 15235 20734 7156 
19854 15240 20742 7157 
19861 15248 20748 7160 
19865 15252 20757 7164 
19873 15256 20764 7167 
19881 15261 20770 7171 
19888 15265 20776 7176 
19895 15267 20783 7176 
19899 15275 20789 7177 
19904 15281 20794 7182 
19904 15286 20799 7184 
19907 15290 20802 7188 
19914 15291 20804 7192 
19915 15297 20810 7194 
19921 15297 20813 7194 
19928 15305 20817 7199 
19936 15309 20827 7200 
19944 15314 20834 7202 
19947 15319 20839 7205 
19955 15323 20850 7208 
19957 15328 20853 7209 
19962 15334 20861 7211 
19968 15339 20872 7213 
19971 15343 20878 7215 
19978 15350 20888 7216 
19985 15356 20896 7216 
19993 15359 20908 7219 
20005 15361 20918 7223 
20006 15364 20922 7226 
20013 15371 20930 7228 
20016 15378 20939 7228 
20020 15386 20948 7228 
20023 15393 20956 7232 
20032 15397 20959 7236 
20035 15405 20968 7238 
20042 15408 20970 7240 
20049 15412 20982 7242 
20053 15418 20989 7245 
20058 15424 20995 7248 
20067 15428 21005 7252 
20073 15437 21013 7253 
20079 15439 21016 7256 
20082 15440 21023 7258 
20089 15442 21031 7264 
20099 15448 21038 7266 
20104 15451 21042 7267 
20109 15454 21049 7269 
20114 15456 21054 7274 
20125 15462 21064 7279 
20128 15468 21068 7280 
20136 15473 21079 7280 
20139 15476 21088 7281 
20145 15483 21095 7282 
20147 15488 21101 7282 
20149 15492 21108 7282 
20157 15496 21112 7284 
20161 15498 21118 7285 
20166 15503 21126 7286 
20172 15509 21133 7288 
20180 15509 21138 7290 
20187 15511 21145 7293 
20197 15516 21148 7296 
20201 15521 21153 7297 
20207 15524 21162 7298 
20212 15530 21170 7300 
20216 15532 21177 7300 
20221 15539 21195 7300 
20228 15539 21197 7301 
20235 15541 21204 7305 
20245 15545 21212 7305 
20249 15552 21218 7311 
20255 15555 21225 7314 
20263 15564 21230 7316 
20267 15573 21239 7317 
20271 15580 21247 7320 
20276 15590 21253 7321 
20286 15596 21255 7323 
20288 15601 21261 7326 
20294 15603 21266 7327 
20301 15606 21272 7331 
20313 15612 21280 7335 
20319 15620 21286 7339 
20327 15623 21294 7342 
20335 15629 21300 7343 
20343 15636 21309 7347 
20353 15639 21314 7350 
20357 15644 21323 7353 
20364 15646 21328 7354 
20371 15650 21338 7354 
20376 15655 21346 7356 
20381 15658 21354 7359 
20387 15664 21357 7365 
20397 15671 21361 7366 
20403 15678 21367 7369 
20408 15682 21379 7372 
20413 15684 21385 7373 
20420 15690 21394 7376 
20428 15694 21396 7377 
20433 15701 21402 7380 
20438 15707 21410 7383 
20449 15708 21417 7388 
20453 15711 21421 7391 
20459 15713 21431 7395 
20466 15717 21437 7397 
20472 15723 21442 7397 
20477 15726 21450 7400 
20482 15729 21459 7405 
20490 15737 21468 7410 
20495 15745 21477 7411 
20500 15748 21482 7413 
20508 15750 21487 7415 
20517 15758 21492 7418 
20524 15761 21497 7420 
20534 15765 21507 7422 
20547 15768 21514 7424 
20562 15773 21523 7428 
20571 15778 21533 7429 
20579 15783 21542 7430 
20584 15792 21548 7433 
20592 15797 21556 7437 
20597 15800 21561 7439 
20602 15808 21569 7441 
20606 15813 21575 7445 
20613 15815 21583 7447 
20617 15818 21589 7451 
20621 15824 21593 7454 
20627 15827 21606 7455 
20637 15835 21612 7460 
20644 15839 21622 7461 
20649 15843 21625 7464 
20653 15846 21633 7468 
20660 15850 21639 7471 
20666 15855 21641 7471 
20674 15860 21648 7473 
20687 15868 21652 7473 
20694 15868 21660 7476 
20697 15879 21666 7482 
20701 15881 21673 7483 
20710 15889 21680 7484 
20714 15893 21686 7488 
20719 15897 21690 7490 
20723 15903 21700 7492 
20728 15906 21713 7494 
20731 15912 21717 7498 
20739 15915 21726 7499 
20746 15919 21731 7502 
20750 15924 21738 7504 
20760 15931 21744 7507 
20764 15937 21752 7510 
20768 15943 21757 7512 
20775 15950 21761 7514 
20779 15954 21771 7515 
20786 15957 21776 7517 
20792 15963 21782 7518 
20795 15966 21787 7518 
20799 15970 21796 7521 
20802 15975 21797 7521 
20810 15977 21802 7524 
20819 15984 21809 7528 
20827 15987 21812 7531 
20835 15992 21821 7534 
20842 15999 21826 7535 
20848 16008 21834 7536 
20854 16014 21839 7539 
20859 16025 21844 7542 
20868 16032 21847 7543 
20873 16039 21851 7544 
20875 16043 21858 7546 
20883 16049 21863 7548 
20888 16053 21869 7550 
20893 16057 21870 7552 
20900 16060 21872 7555 
20911 16065 21882 7558 
20916 16070 21893 7558 
20920 16076 21900 7561 
20924 16082 21903 7563 
20926 16086 21911 7564 
20932 16090 21916 7567 
20936 16094 21922 7569 
20946 16100 21928 7570 
20953 16108 21932 7573 
20960 16112 21940 7576 
20966 16119 21951 7582 
20971 16121 21960 7586 
20981 16125 21969 7590 
20985 16131 21976 7593 
20995 16135 21982 7596 
21000 16140 21989 7597 
21003 16143 21993 7601 
21007 16155 22004 7602 
21015 16160 22006 7603 
21024 16165 22012 7604 
21034 16170 22017 7604 
21036 16176 22023 7609 
21044 16181 22033 7611 
21047 16188 22040 7614 
21052 16199 22047 7616 
21057 16204 22052 7617 
21068 16209 22056 7618 
21078 16217 22064 7621 
21086 16224 22073 7627 
21093 16228 22080 7633 
21094 16232 22089 7641 
21101 16239 22094 7643 
21108 16246 22096 7646 
21117 16249 22102 7647 
21130 16253 22112 7647 
21138 16257 22119 7649 
21146 16263 22127 7652 
21149 16265 22133 7655 
21154 16268 22146 7656 
21163 16270 22154 7658 
21167 16276 22160 7660 
21176 16278 22166 7660 
21183 16280 22171 7662 
21187 16282 22174 7666 
21196 16284 22176 7668 
21206 16290 22182 7671 
21210 16292 22190 7673 
21217 16298 22199 7674 
21225 16305 22204 7676 
21232 16310 22214 7679 
21238 16319 22220 7682 
21248 16321 22226 7686 
21257 16326 22229 7690 
21263 16334 22232 7694 
21272 16338 22239 7696 
21276 16341 22245 7701 
21283 16348 22249 7705 
21284 16352 22253 7706 
21293 16359 22260 7709 
21301 16365 22268 7711 
21305 16369 22274 7712 
21313 16374 22276 7714 
21321 16379 22281 7715 
21326 16385 22290 7718 
21332 16390 22298 7718 
21337 16394 22304 7725 
21345 16399 22307 7726 
21353 16405 22315 7728 
21359 16408 22316 7730 
21367 16414 22320 7732 
21370 16416 22327 7733 
21376 16423 22333 7736 
21383 16430 22336 7736 
21395 16433 22350 7739 
21399 16441 22358 7741 
21406 16446 22363 7742 
21413 16448 22369 7745 
21415 16452 22375 7750 
21419 16454 22381 7752 
21430 16459 22384 7754 
21433 16462 22393 7755 
21436 16465 22404 7757 
21441 16471 22415 7760 
21445 16477 22422 7762 
21453 16479 22430 7766 
21455 16487 22440 7768 
21463 16491 22447 7770 
21477 16493 22452 7772 
21481 16494 22460 7772 
21488 16498 22467 7775 
21494 16504 22473 7778 
21501 16509 22479 7781 
21506 16512 22481 7783 
21511 16515 22488 7784 
21515 16521 22495 7787 
21520 16526 22502 7787 
21524 16527 22506 7789 
21529 16532 22508 7789 
21536 16538 22516 7790 
21543 16543 22526 7794 
21548 16548 22531 7798 
21554 16551 22539 7799 
21561 16556 22545 7802 
21565 16559 22548 7805 
21570 16564 22553 7808 
21579 16567 22563 7809 
21583 16573 22571 7810 
21590 16577 22575 7813 
21598 16582 22580 7815 
21605 16589 22582 7815 
21611 16592 22589 7818 
21622 16598 22595 7824 
21625 16602 22604 7826 
21628 16607 22615 7830 
21637 16614 22620 7833 
21638 16621 22623 7833 
21646 16633 22626 7838 
21652 16638 22632 7843 
21659 16648 22637 7846 
21664 16655 22643 7849 
21669 16658 22648 7853 
21677 16666 22655 7854 
21680 16667 22663 7854 
21685 16671 22673 7856 
21691 16676 22677 7859 
21698 16678 22684 7860 
21705 16679 22686 7862 
21709 16684 22690 7863 
21717 16686 22701 7868 
21726 16691 22708 7868 
21733 16697 22713 7873 
21743 16701 22717 7876 
21749 16703 22725 7877 
21753 16709 22729 7877 
21757 16712 22735 7880 
21764 16718 22745 7885 
21773 16723 22752 7893 
21779 16726 22757 7896 
21785 16733 22764 7896 
21793 16737 22770 7897 
21805 16743 22773 7897 
21813 16747 22778 7899 
21819 16758 22788 7900 
21822 16764 22793 7904 
21832 16769 22799 7906 
21839 16776 22802 7911 
21846 16780 22809 7911 
21852 16786 22818 7915 
21859 16791 22820 7917 
21864 16796 22824 7920 
21870 16799 22828 7921 
21872 16804 22832 7922 
21880 16811 22839 7925 
21888 16817 22844 7928 
21894 16818 22851 7930 
21899 16823 22856 7932 
21903 16827 22864 7937 
21910 16834 22871 7941 
21914 16841 22884 7941 
21916 16846 22892 7943 
21925 16847 22898 7945 
21931 16852 22907 7948 
21938 16856 22913 7949 
21945 16862 22918 7951 
21948 16865 22924 7952 
21955 16871 22931 7956 
21959 16878 22938 7958 
21968 16887 22942 7959 
21974 16895 22946 7959 
21979 16899 22953 7959 
21985 16906 22962 7962 
21989 16916 22970 7963 
21996 16917 22978 7967 
22002 16919 22985 7968 
22005 16925 22993 7971 
22012 16932 23003 7976 
22020 16942 23008 7977 
22024 16945 23013 7980 
22033 16949 23022 7982 
22042 16952 23025 7984 
22046 16959 23033 7986 
22054 16963 23041 7988 
22062 16966 23045 7989 
22065 16969 23049 7991 
22071 16972 23062 7994 
22076 16979 23067 7994 
22084 16985 23072 7996 
22088 16989 23076 7996 
22093 16994 23086 8000 
22099 16999 23090 8002 
22109 17005 23094 8006 
22116 17013 23098 8007 
22122 17020 23107 8010 
22127 17025 23117 8011 
22132 17031 23125 8012 
22139 17036 23131 8014 
22144 17043 23138 8018 
22151 17048 23143 8019 
22156 17049 23145 8021 
22163 17049 23152 8022 
22172 17055 23158 8024 
22176 17064 23162 8027 
22182 17068 23173 8031 
22188 17076 23177 8033 
22193 17081 23182 8033 
22200 17083 23189 8037 
22208 17088 23192 8039 
22215 17091 23197 8040 
22220 17096 23208 8043 
22224 17097 23213 8044 
22227 17099 23219 8045 
22232 17103 23226 8046 
22238 17104 23237 8052 
22241 17111 23244 8055 
22248 17116 23248 8057 
22255 17120 23254 8060 
22265 17122 23265 8064 
22270 17130 23276 8064 
22274 17137 23281 8071 
22283 17144 23288 8073 
22288 17150 23290 8077 
22296 17156 23299 8082 
22299 17165 23307 8084 
22302 17175 23313 8085 
22309 17180 23316 8092 
22317 17185 23326 8094 
22322 17190 23335 8098 
22324 17193 23341 8099 
22332 17197 23347 8103 
22339 17202 23351 8107 
22348 17209 23362 8107 
22350 17215 23371 8109 
22362 17216 23376 8112 
22365 17226 23379 8116 
22373 17228 23385 8119 
22378 17230 23395 8119 
22383 17232 23405 8121 
22386 17234 23414 8124 
22391 17242 23424 8125 
22396 17246 23428 8127 
22403 17250 23437 8132 
22410 17254 23441 8133 
22418 17259 23451 8136 
22426 17264 23457 8139 
22433 17268 23467 8140 
22437 17274 23476 8144 
22443 17281 23485 8146 
22449 17288 23494 8149 
22454 17296 23502 8153 
22461 17302 23506 8156 
22467 17308 23518 8159 
