0 0 0 0 
5 3 6 5 
12 7 14 6 
16 9 19 8 
22 13 25 10 
29 17 29 10 
30 20 33 10 
31 24 37 13 
42 27 40 17 
45 32 45 20 
49 34 49 22 
55 42 54 23 
63 48 60 25 
66 53 62 25 
71 56 67 27 
75 57 74 28 
81 65 76 31 
92 68 83 34 
94 69 89 35 
101 69 91 37 
107 70 100 37 
112 72 104 40 
116 74 111 42 
125 79 119 44 
129 84 126 46 
133 88 131 48 
141 92 132 49 
145 95 137 49 
149 100 142 50 
151 103 147 50 
155 106 151 57 
160 109 158 59 
162 112 162 59 
173 117 168 61 
178 121 174 63 
182 127 177 65 
188 128 179 66 
194 133 182 67 
199 140 188 70 
203 144 192 70 
212 144 195 73 
218 147 199 75 
223 152 201 77 
228 156 206 79 
233 161 212 80 
236 165 218 83 
244 166 227 84 
249 173 235 84 
255 178 242 86 
262 181 246 87 
268 183 248 89 
272 186 253 92 
278 189 263 92 
285 193 271 92 
292 194 276 95 
301 198 281 96 
306 203 284 100 
318 205 292 101 
329 210 297 103 
333 213 306 104 
337 218 311 107 
341 224 315 110 
348 230 318 111 
352 232 322 111 
358 233 330 114 
365 237 335 117 
372 240 342 119 
377 246 347 123 
383 249 354 125 
394 251 358 125 
397 257 360 125 
399 260 364 127 
405 268 373 127 
412 270 377 131 
415 275 383 131 
419 278 389 133 
423 279 395 137 
430 282 398 138 
435 285 406 145 
438 289 415 147 
449 292 422 147 
452 294 430 148 
459 297 432 148 
461 300 440 148 
467 304 448 148 
473 306 457 151 
476 310 462 153 
480 314 463 157 
489 315 467 157 
490 317 470 157 
494 322 476 159 
496 322 485 160 
504 326 488 162 
507 328 490 163 
509 329 495 164 
512 333 502 167 
517 337 509 168 
525 343 516 169 
529 346 522 171 
533 349 530 174 
539 357 534 175 
544 361 540 175 
548 363 547 177 
552 366 556 180 
561 366 560 182 
562 372 570 183 
567 382 576 183 
570 383 576 185 
576 389 581 186 
581 391 584 190 
583 394 591 192 
586 395 599 195 
595 396 602 197 
600 399 607 202 
607 402 615 205 
614 406 620 208 
620 408 621 209 
623 411 626 218 
625 413 632 220 
628 421 638 221 
630 426 641 225 
636 432 644 226 
644 434 652 229 
654 438 657 229 
659 441 663 230 
668 443 666 230 
679 449 671 231 
686 454 677 233 
692 459 683 234 
699 461 688 236 
706 467 694 239 
715 470 702 242 
720 474 706 246 
726 477 707 248 
731 484 715 249 
736 487 719 250 
740 491 724 252 
747 496 727 253 
752 502 729 254 
756 506 732 256 
760 509 741 257 
768 514 744 261 
774 518 752 263 
781 524 756 266 
790 525 762 267 
801 529 765 273 
812 534 773 275 
817 538 780 276 
821 539 788 277 
830 543 795 279 
838 546 799 282 
846 550 802 282 
849 553 809 285 
853 557 811 288 
858 560 813 291 
865 567 823 292 
872 575 827 295 
877 577 834 298 
880 580 842 299 
883 583 845 300 
889 585 849 303 
897 594 854 304 
901 599 864 307 
907 609 868 308 
910 613 878 312 
914 616 888 314 
919 620 893 314 
923 622 896 316 
927 624 901 320 
934 626 910 321 
938 632 913 323 
944 635 922 324 
951 636 930 324 
956 639 934 325 
963 645 940 325 
970 650 944 325 
975 654 947 326 
976 660 954 327 
979 663 960 329 
984 669 968 331 
993 677 976 331 
1000 679 983 332 
1009 686 987 334 
1016 686 993 335 
1022 687 996 335 
1033 690 1004 339 
1038 696 1008 339 
1050 696 1020 339 
1053 698 1027 339 
1056 701 1030 340 
1067 703 1033 341 
1072 708 1038 344 
1077 713 1044 344 
1084 715 1047 345 
1088 719 1051 348 
1092 721 1055 348 
1101 728 1061 351 
1106 731 1068 352 
1112 736 1070 354 
1118 740 1075 357 
1126 742 1080 361 
1131 745 1087 362 
1138 746 1092 364 
1142 751 1096 366 
1149 754 1100 366 
1152 760 1105 366 
1157 765 1111 369 
1164 770 1116 370 
1168 774 1121 372 
1173 780 1124 374 
1180 786 1127 374 
1189 793 1131 375 
1194 802 1134 377 
1197 808 1139 379 
1205 810 1148 380 
1216 813 1151 384 
1219 817 1154 384 
1224 821 1160 385 
1229 825 1163 385 
1238 827 1170 388 
1242 836 1174 390 
1247 837 1181 392 
1252 841 1190 392 
1262 846 1192 393 
1268 848 1196 396 
1271 848 1198 396 
1276 851 1200 397 
1280 853 1204 399 
1286 858 1210 401 
1292 861 1215 402 
1299 868 1222 404 
1307 872 1225 407 
1313 876 1228 408 
1317 882 1235 409 
1320 887 1243 409 
1324 892 1248 410 
1327 895 1254 410 
1332 898 1258 411 
1338 899 1262 415 
1343 902 1264 416 
1352 904 1274 419 
1354 909 1277 420 
1360 916 1287 423 
1364 921 1294 426 
1370 922 1297 429 
1375 926 1303 432 
1382 929 1307 433 
1385 932 1313 436 
1390 935 1324 438 
1400 937 1329 438 
1406 941 1332 440 
1410 944 1338 442 
1416 947 1339 445 
1426 950 1344 446 
1433 956 1346 448 
1437 957 1351 449 
1447 963 1354 450 
1456 966 1358 452 
1463 971 1368 454 
1466 976 1376 455 
1470 981 1382 456 
1474 985 1390 460 
1478 988 1395 461 
1490 991 1400 465 
1496 993 1406 467 
1504 998 1412 470 
1509 1001 1420 472 
1514 1003 1427 474 
1518 1012 1430 476 
1523 1013 1435 476 
1526 1015 1442 479 
1530 1017 1445 480 
1539 1020 1447 483 
1547 1024 1454 486 
1551 1026 1459 487 
1559 1029 1465 487 
1564 1038 1473 488 
1565 1041 1479 489 
1570 1045 1481 491 
1577 1051 1484 491 
1583 1054 1491 494 
1590 1059 1495 496 
1592 1061 1500 499 
1595 1063 1507 501 
1603 1068 1511 502 
1607 1071 1520 502 
1614 1074 1525 504 
1619 1077 1532 506 
1627 1080 1538 512 
1633 1081 1542 515 
1635 1088 1546 517 
1640 1088 1551 520 
1642 1089 1556 521 
1648 1093 1559 521 
1651 1096 1564 522 
1656 1099 1567 524 
1663 1100 1571 525 
1666 1103 1575 528 
1674 1109 1580 529 
1679 1112 1583 529 
1683 1115 1587 531 
1689 1119 1590 534 
1699 1122 1596 535 
1702 1127 1600 537 
1709 1132 1602 539 
1715 1135 1608 540 
1720 1136 1613 542 
1724 1140 1620 544 
1726 1147 1628 545 
1733 1152 1635 547 
1739 1157 1641 548 
1745 1160 1646 549 
1750 1161 1648 551 
1753 1167 1654 552 
1760 1171 1660 552 
1769 1177 1668 556 
1773 1178 1673 556 
1776 1182 1675 556 
1781 1190 1680 558 
1789 1198 1687 562 
1797 1202 1691 563 
1800 1208 1698 567 
1805 1210 1701 567 
1814 1215 1709 569 
1819 1220 1714 572 
1822 1224 1723 575 
1826 1228 1724 576 
1831 1232 1728 577 
1837 1234 1736 577 
1845 1238 1742 579 
1855 1242 1745 580 
1864 1245 1752 584 
1867 1247 1757 585 
1872 1250 1760 586 
1881 1257 1764 588 
1884 1259 1767 588 
1892 1264 1777 593 
1897 1270 1785 595 
1908 1273 1791 598 
1913 1275 1797 600 
1918 1281 1803 604 
1920 1282 1805 607 
1923 1290 1811 608 
1926 1294 1817 609 
1931 1297 1820 609 
1937 1300 1828 610 
1941 1306 1833 613 
1950 1309 1839 614 
1959 1312 1844 614 
1965 1317 1848 614 
1972 1319 1857 616 
1975 1322 1865 617 
1982 1327 1868 618 
1986 1333 1874 620 
1989 1337 1883 621 
1997 1339 1886 623 
2002 1344 1894 626 
2013 1347 1900 626 
2018 1348 1905 630 
2023 1351 1908 634 
2025 1356 1913 638 
2031 1359 1921 638 
2040 1360 1930 641 
2047 1371 1936 642 
2051 1377 1943 642 
2060 1379 1950 645 
2061 1381 1953 646 
2063 1384 1960 648 
2067 1390 1966 652 
2073 1392 1974 652 
2075 1396 1980 655 
2081 1402 1986 655 
2087 1404 1992 658 
2096 1410 1996 659 
2102 1413 1998 663 
2111 1417 2001 666 
2116 1419 2005 668 
2124 1421 2008 670 
2128 1424 2018 671 
2130 1426 2024 671 
2134 1428 2028 673 
2140 1429 2035 673 
2143 1431 2040 674 
2149 1432 2043 675 
2154 1434 2050 677 
2156 1435 2052 679 
2160 1440 2057 680 
2168 1446 2061 684 
2171 1448 2064 685 
2179 1453 2071 686 
2182 1454 2077 687 
2186 1456 2085 687 
2191 1460 2091 690 
2193 1462 2096 693 
2198 1464 2101 694 
2201 1465 2112 697 
2207 1466 2119 701 
2215 1470 2127 704 
2222 1475 2130 705 
2227 1477 2137 707 
2235 1479 2142 707 
2242 1481 2147 709 
2251 1485 2151 711 
2253 1490 2157 714 
2256 1497 2161 717 
2264 1500 2168 717 
2267 1504 2174 719 
2272 1507 2176 719 
2279 1512 2183 720 
2287 1518 2193 721 
2289 1522 2196 725 
2300 1526 2201 726 
2306 1530 2205 732 
2311 1534 2212 734 
2314 1537 2214 734 
2319 1541 2221 735 
2324 1547 2226 735 
2329 1551 2232 737 
2339 1555 2236 737 
2343 1556 2240 739 
2346 1560 2244 741 
2350 1562 2246 742 
2356 1569 2252 742 
2358 1569 2252 743 
2367 1573 2260 745 
2370 1576 2266 747 
2375 1579 2268 749 
2377 1584 2271 749 
2385 1592 2277 751 
2391 1596 2280 753 
2397 1599 2283 753 
2405 1605 2288 754 
2414 1606 2293 756 
2419 1611 2300 757 
2425 1614 2308 758 
2433 1622 2313 758 
2437 1626 2315 760 
2446 1627 2323 761 
2452 1634 2327 761 
2461 1644 2332 762 
2468 1649 2337 766 
2471 1652 2341 767 
2476 1657 2348 768 
2481 1657 2354 770 
2487 1667 2368 771 
2491 1668 2375 771 
2496 1670 2383 776 
2501 1672 2386 779 
2507 1675 2392 780 
2514 1678 2395 782 
2517 1683 2400 784 
2525 1686 2406 785 
2530 1690 2413 789 
2535 1695 2420 790 
2537 1697 2426 792 
2544 1698 2434 793 
2548 1702 2437 795 
2552 1706 2439 795 
2558 1710 2443 798 
2560 1712 2451 798 
2564 1719 2457 800 
2567 1723 2461 801 
2577 1725 2466 802 
2586 1727 2473 804 
2591 1735 2478 805 
2595 1742 2481 805 
2603 1743 2485 806 
2607 1748 2490 806 
2610 1752 2493 808 
2613 1756 2500 808 
2619 1761 2504 813 
2624 1763 2510 816 
2631 1767 2515 817 
2637 1770 2521 817 
2642 1774 2529 818 
2647 1781 2531 820 
2653 1787 2534 823 
2655 1793 2541 824 
2664 1797 2554 825 
2673 1804 2556 825 
2676 1805 2559 828 
2681 1808 2571 829 
2685 1813 2575 832 
2692 1817 2580 834 
2697 1820 2587 837 
2700 1823 2593 837 
2705 1824 2596 838 
2709 1831 2601 841 
2714 1838 2608 845 
2720 1844 2615 845 
2724 1847 2621 847 
2728 1851 2626 849 
2736 1855 2629 850 
2739 1855 2636 853 
2740 1855 2641 853 
2749 1858 2645 854 
2758 1866 2651 856 
2761 1869 2654 858 
2768 1873 2664 861 
2770 1876 2670 861 
2776 1876 2680 862 
2785 1877 2688 866 
2791 1882 2693 870 
2793 1883 2699 872 
2797 1887 2704 874 
2799 1889 2709 876 
2806 1900 2712 879 
2814 1903 2713 879 
2821 1904 2719 879 
2823 1906 2720 881 
2828 1908 2728 883 
2833 1912 2734 884 
2838 1916 2742 885 
2842 1918 2749 885 
2853 1919 2754 888 
2858 1926 2760 892 
2864 1929 2764 895 
2872 1932 2766 898 
2877 1935 2768 899 
2882 1939 2773 900 
2887 1944 2780 900 
2892 1945 2786 902 
2900 1947 2790 904 
2904 1950 2797 905 
2910 1954 2802 907 
2917 1954 2806 907 
2925 1954 2810 908 
2928 1956 2814 912 
2931 1958 2820 913 
2937 1964 2828 915 
2941 1968 2832 917 
2951 1969 2836 918 
2954 1973 2843 920 
2959 1976 2847 921 
2962 1983 2853 925 
2971 1989 2860 925 
2974 1991 2865 927 
2979 1995 2868 929 
2983 1999 2873 932 
2988 2000 2876 936 
2993 2007 2884 937 
2996 2009 2887 937 
3001 2012 2893 938 
3007 2016 2898 940 
3013 2023 2902 942 
3018 2029 2910 943 
3027 2032 2915 946 
3030 2035 2918 947 
3032 2038 2926 949 
3042 2043 2932 951 
3047 2049 2936 951 
3051 2050 2943 954 
3058 2052 2947 956 
3060 2057 2956 958 
3064 2060 2958 958 
3068 2062 2962 960 
3071 2068 2965 962 
3075 2069 2968 962 
3085 2074 2974 962 
3088 2079 2978 963 
3092 2083 2982 965 
3099 2091 2984 966 
3107 2095 2989 969 
3114 2100 2996 970 
3118 2106 3005 971 
3127 2111 3009 972 
3133 2117 3011 975 
3142 2124 3015 978 
3148 2126 3018 979 
3150 2129 3023 980 
3157 2129 3025 982 
3167 2133 3032 986 
3174 2137 3037 986 
3180 2141 3044 989 
3191 2145 3050 990 
3196 2149 3054 991 
3197 2156 3057 993 
3206 2160 3061 994 
3210 2167 3064 994 
3216 2171 3070 994 
3221 2174 3073 997 
3227 2176 3076 999 
3230 2183 3081 1000 
3239 2186 3089 1001 
3244 2191 3093 1002 
3253 2193 3097 1004 
3256 2197 3099 1006 
3261 2198 3105 1007 
3267 2202 3109 1011 
3270 2204 3114 1012 
3274 2206 3122 1013 
3277 2209 3132 1015 
3280 2212 3138 1018 
3285 2214 3142 1022 
3290 2218 3149 1022 
3299 2220 3161 1025 
3303 2222 3163 1028 
3306 2226 3168 1030 
3313 2230 3172 1033 
3317 2236 3175 1040 
3324 2238 3183 1040 
3333 2239 3189 1040 
3336 2244 3196 1041 
3342 2248 3206 1042 
3347 2251 3209 1042 
3354 2252 3213 1043 
3359 2255 3218 1043 
3365 2258 3226 1044 
3371 2264 3228 1044 
3376 2270 3232 1045 
3379 2273 3238 1047 
3383 2278 3243 1047 
3387 2282 3250 1050 
3393 2284 3258 1051 
3400 2288 3264 1054 
3409 2292 3267 1057 
3412 2296 3268 1060 
3419 2300 3271 1061 
3423 2302 3273 1063 
3426 2305 3280 1065 
3434 2306 3287 1066 
3440 2311 3290 1069 
3448 2319 3294 1071 
3458 2326 3298 1074 
3463 2329 3307 1080 
3471 2335 3310 1081 
3476 2340 3317 1087 
3484 2343 3323 1087 
3492 2344 3327 1088 
3497 2349 3334 1090 
3500 2354 3338 1090 
3507 2363 3347 1090 
3514 2366 3353 1090 
3520 2371 3357 1092 
3524 2376 3359 1093 
3532 2380 3365 1094 
3536 2385 3368 1096 
3540 2389 3380 1097 
3549 2395 3384 1098 
3558 2399 3390 1100 
3563 2405 3392 1102 
3565 2409 3400 1105 
3575 2413 3401 1105 
3577 2415 3407 1107 
3583 2419 3411 1109 
3589 2421 3414 1110 
3599 2427 3416 1111 
3605 2435 3419 1111 
3609 2438 3425 1111 
3616 2441 3429 1112 
3624 2443 3436 1115 
3633 2446 3439 1118 
3635 2450 3441 1118 
3642 2451 3448 1120 
3649 2457 3452 1123 
3659 2461 3461 1126 
3667 2464 3467 1127 
3671 2467 3471 1128 
3678 2470 3481 1130 
3680 2475 3487 1130 
3683 2480 3500 1131 
3684 2487 3506 1135 
3693 2488 3514 1138 
3698 2492 3519 1139 
3703 2494 3524 1139 
3708 2497 3536 1142 
3714 2503 3538 1143 
3718 2507 3543 1148 
3720 2510 3546 1151 
3726 2512 3554 1154 
3729 2512 3558 1155 
3734 2514 3565 1157 
3736 2519 3574 1158 
3740 2520 3578 1159 
3746 2524 3584 1162 
3751 2528 3590 1163 
3755 2536 3594 1164 
3761 2540 3598 1166 
3763 2548 3605 1169 
3772 2553 3611 1172 
3780 2556 3615 1173 
3784 2559 3620 1175 
3789 2563 3624 1176 
3798 2569 3626 1178 
3803 2574 3633 1180 
3805 2580 3635 1183 
3814 2584 3640 1186 
3817 2589 3644 1188 
3823 2594 3652 1188 
3827 2597 3656 1190 
3832 2601 3661 1192 
3838 2608 3669 1193 
3844 2610 3676 1198 
3850 2611 3679 1199 
3856 2614 3682 1202 
3864 2616 3684 1206 
3870 2618 3689 1209 
3876 2624 3695 1209 
3885 2628 3700 1211 
3891 2634 3706 1215 
3896 2637 3712 1216 
3902 2640 3718 1218 
3906 2644 3722 1220 
3916 2648 3727 1221 
3925 2654 3732 1223 
3931 2656 3740 1226 
3935 2657 3748 1229 
3940 2661 3755 1230 
3943 2665 3761 1234 
3945 2669 3764 1236 
3949 2675 3769 1237 
3956 2681 3775 1239 
3961 2682 3783 1241 
3966 2687 3787 1243 
3972 2689 3792 1249 
3977 2695 3797 1250 
3984 2699 3804 1250 
3988 2705 3812 1251 
3995 2712 3818 1252 
3998 2715 3824 1252 
4002 2720 3831 1254 
4007 2721 3838 1255 
4016 2722 3843 1257 
4023 2729 3849 1260 
4028 2733 3855 1261 
4038 2736 3860 1263 
4042 2741 3862 1263 
4048 2745 3864 1266 
4055 2751 3869 1269 
4058 2754 3870 1269 
4064 2756 3876 1272 
4072 2761 3880 1274 
4076 2764 3884 1276 
4078 2768 3887 1277 
4081 2770 3891 1281 
4088 2774 3898 1282 
4097 2776 3905 1283 
4101 2779 3909 1286 
4106 2786 3912 1288 
4110 2787 3915 1289 
4115 2788 3920 1294 
4118 2794 3925 1297 
4123 2799 3935 1297 
4126 2804 3944 1300 
4131 2808 3946 1306 
4140 2811 3957 1306 
4145 2816 3962 1308 
4148 2817 3967 1312 
4158 2818 3971 1313 
4163 2823 3975 1315 
4171 2827 3980 1317 
4176 2832 3989 1319 
4181 2835 3994 1323 
4184 2839 4000 1325 
4187 2849 4005 1327 
4192 2854 4009 1328 
4192 2858 4018 1331 
4200 2864 4025 1332 
4206 2870 4028 1334 
4210 2872 4031 1335 
4213 2876 4036 1338 
4219 2878 4043 1339 
4224 2882 4046 1340 
4229 2885 4051 1340 
4231 2889 4058 1341 
4238 2894 4065 1342 
4243 2896 4075 1344 
4247 2900 4079 1346 
4257 2905 4084 1347 
4262 2913 4090 1348 
4266 2916 4096 1349 
4273 2919 4099 1353 
4281 2923 4105 1357 
4283 2929 4113 1359 
4288 2932 4119 1361 
4292 2937 4128 1363 
4297 2944 4133 1366 
4302 2948 4139 1367 
4309 2954 4144 1370 
4313 2955 4148 1370 
4317 2958 4156 1373 
4322 2960 4163 1376 
4328 2962 4166 1379 
4334 2966 4172 1382 
4344 2969 4180 1382 
4347 2972 4187 1383 
4349 2976 4192 1385 
4356 2979 4195 1387 
4365 2983 4202 1390 
4370 2991 4208 1393 
4376 2995 4211 1396 
4383 3001 4216 1398 
4386 3005 4223 1401 
4393 3013 4228 1404 
4396 3019 4233 1406 
4398 3025 4242 1409 
4401 3026 4255 1411 
4408 3032 4260 1413 
4415 3035 4264 1418 
4426 3036 4270 1420 
4433 3041 4273 1423 
4434 3045 4274 1424 
4438 3047 4275 1424 
4443 3049 4282 1427 
4449 3051 4286 1431 
4451 3054 4288 1434 
4455 3058 4295 1435 
4461 3064 4302 1437 
4470 3069 4308 1438 
4474 3071 4315 1442 
4483 3075 4322 1442 
4490 3078 4328 1444 
4496 3081 4333 1447 
4506 3084 4338 1447 
4510 3085 4342 1450 
4515 3093 4350 1452 
4518 3099 4352 1454 
4523 3102 4358 1455 
4528 3106 4362 1456 
4531 3111 4369 1459 
4536 3115 4373 1460 
4541 3120 4377 1461 
4545 3126 4389 1463 
4548 3131 4393 1464 
4552 3135 4397 1465 
4561 3139 4402 1465 
4566 3140 4406 1466 
4575 3144 4413 1468 
4583 3148 4415 1469 
4588 3152 4425 1471 
4594 3158 4437 1471 
4598 3159 4444 1473 
4603 3162 4452 1475 
4611 3169 4455 1476 
4616 3174 4461 1478 
4620 3177 4462 1480 
4626 3182 4464 1482 
4634 3187 4468 1484 
4638 3192 4476 1486 
4648 3194 4483 1487 
4653 3197 4486 1489 
4657 3201 4490 1491 
4664 3203 4496 1492 
4674 3209 4503 1493 
4681 3212 4510 1495 
4684 3213 4515 1499 
4688 3215 4524 1501 
4694 3224 4532 1501 
4698 3230 4536 1503 
4701 3232 4542 1504 
4707 3235 4549 1505 
4714 3239 4554 1508 
4718 3241 4563 1510 
4724 3246 4567 1510 
4727 3252 4572 1512 
4731 3256 4578 1515 
4735 3263 4583 1516 
4737 3266 4589 1519 
4740 3269 4594 1519 
4746 3272 4599 1522 
4752 3275 4603 1523 
4759 3278 4605 1528 
4764 3280 4609 1529 
4769 3284 4613 1530 
4778 3286 4621 1533 
4782 3290 4626 1534 
4788 3293 4632 1538 
4796 3296 4635 1540 
4805 3297 4642 1542 
4812 3302 4646 1544 
4821 3306 4650 1545 
4825 3311 4656 1546 
4829 3314 4658 1546 
4831 3317 4665 1548 
4837 3320 4672 1554 
4840 3322 4682 1558 
4846 3326 4686 1562 
4850 3335 4691 1566 
4855 3341 4692 1570 
4858 3343 4700 1572 
4865 3349 4702 1573 
4871 3350 4703 1573 
4877 3353 4707 1574 
4883 3357 4711 1578 
4891 3361 4716 1583 
4897 3367 4721 1585 
4904 3374 4728 1590 
4909 3379 4732 1595 
4917 3383 4736 1596 
4922 3389 4738 1599 
4927 3396 4744 1600 
4933 3400 4749 1602 
4936 3402 4755 1604 
4938 3407 4761 1607 
4947 3412 4766 1607 
4955 3418 4769 1609 
4959 3427 4774 1611 
4964 3431 4775 1612 
4968 3437 4779 1614 
4969 3440 4784 1616 
4974 3445 4789 1616 
4979 3446 4792 1618 
4984 3448 4801 1619 
4990 3451 4807 1621 
4992 3453 4812 1623 
4998 3460 4816 1624 
5001 3465 4822 1627 
5006 3472 4826 1629 
5011 3475 4833 1630 
5013 3478 4837 1630 
5019 3481 4841 1632 
5026 3484 4848 1632 
5032 3490 4854 1633 
5039 3493 4858 1634 
5044 3496 4864 1637 
5047 3500 4868 1637 
5054 3503 4871 1641 
5058 3507 4879 1642 
5062 3513 4885 1644 
5068 3517 4888 1647 
5075 3522 4892 1649 
5079 3527 4893 1649 
5087 3537 4902 1652 
5093 3541 4908 1652 
5099 3543 4912 1654 
5106 3545 4915 1657 
5116 3553 4919 1660 
5119 3555 4922 1661 
5126 3563 4929 1662 
5131 3565 4937 1663 
5141 3567 4941 1663 
5148 3570 4946 1665 
5156 3570 4956 1668 
5157 3573 4964 1669 
5164 3577 4968 1669 
5174 3583 4976 1670 
5181 3589 4982 1672 
5188 3592 4985 1676 
5191 3594 4992 1678 
5198 3599 5001 1680 
5206 3604 5008 1682 
5207 3609 5015 1684 
5208 3617 5020 1686 
5210 3618 5028 1691 
5217 3620 5031 1692 
5219 3624 5035 1695 
5220 3629 5038 1699 
5228 3630 5041 1701 
5233 3631 5044 1703 
5236 3635 5049 1704 
5242 3639 5055 1704 
5247 3642 5063 1706 
5250 3649 5070 1706 
5256 3651 5078 1707 
5259 3653 5084 1708 
5268 3656 5089 1709 
5270 3660 5095 1710 
5273 3665 5100 1713 
5276 3668 5107 1715 
5281 3670 5112 1716 
5287 3674 5116 1719 
5297 3679 5119 1719 
5302 3683 5127 1720 
5304 3689 5132 1726 
5308 3692 5140 1727 
5311 3697 5148 1727 
5320 3703 5153 1729 
5324 3705 5161 1729 
5334 3710 5165 1732 
5337 3713 5172 1736 
5352 3715 5174 1736 
5357 3720 5179 1738 
5365 3724 5184 1744 
5375 3728 5190 1747 
5381 3732 5199 1750 
5389 3735 5205 1751 
5392 3742 5207 1754 
5400 3747 5216 1757 
5402 3750 5224 1762 
5405 3752 5232 1764 
5408 3756 5242 1765 
5409 3759 5250 1765 
5413 3763 5257 1766 
5418 3771 5263 1769 
5422 3772 5269 1769 
5425 3775 5273 1770 
5426 3782 5279 1772 
5430 3785 5287 1773 
5436 3789 5290 1774 
5438 3793 5297 1775 
5444 3794 5306 1778 
5447 3797 5311 1778 
5454 3803 5317 1780 
5458 3809 5323 1782 
5462 3814 5333 1783 
5466 3818 5341 1785 
5468 3821 5344 1788 
5475 3822 5348 1790 
5480 3827 5354 1793 
5487 3832 5360 1796 
5488 3838 5364 1798 
5492 3839 5370 1799 
5497 3840 5375 1803 
5505 3849 5382 1807 
5509 3850 5386 1808 
5513 3852 5393 1808 
5515 3854 5398 1811 
5519 3863 5405 1813 
5522 3865 5412 1815 
5527 3868 5419 1818 
5535 3875 5426 1820 
5541 3880 5432 1826 
5547 3883 5436 1826 
5553 3884 5439 1830 
5555 3888 5443 1833 
5563 3892 5448 1833 
5567 3897 5452 1833 
5572 3900 5458 1835 
5579 3905 5465 1839 
5585 3908 5469 1842 
5592 3909 5474 1843 
5597 3915 5480 1846 
5604 3918 5485 1846 
5608 3923 5486 1850 
5612 3927 5491 1853 
5618 3936 5498 1854 
5623 3938 5503 1854 
5632 3949 5505 1858 
5635 3952 5510 1859 
5641 3956 5517 1860 
5648 3959 5524 1861 
5653 3961 5529 1863 
5658 3966 5532 1863 
5663 3968 5540 1865 
5666 3974 5546 1867 
5669 3978 5551 1869 
5676 3979 5555 1871 
5682 3980 5562 1872 
5690 3981 5567 1873 
5699 3986 5569 1877 
5701 3991 5571 1877 
5704 3995 5575 1877 
5706 3997 5584 1881 
5709 4008 5587 1886 
5717 4014 5592 1887 
5720 4018 5596 1888 
5724 4022 5599 1889 
5729 4026 5605 1890 
5738 4029 5611 1891 
5742 4034 5621 1892 
5746 4036 5624 1894 
5751 4040 5630 1897 
5757 4046 5639 1899 
5765 4047 5645 1902 
5771 4051 5651 1904 
5778 4054 5656 1907 
5786 4059 5659 1908 
5789 4065 5663 1909 
5795 4068 5668 1910 
5801 4074 5676 1911 
5810 4078 5684 1914 
5811 4082 5691 1916 
5818 4088 5697 1920 
5821 4091 5706 1920 
5824 4093 5711 1921 
5826 4098 5713 1923 
5829 4099 5718 1925 
5832 4100 5721 1926 
5840 4105 5727 1930 
5846 4110 5733 1933 
5853 4112 5739 1938 
5855 4115 5745 1940 
5858 4116 5749 1942 
5865 4122 5754 1946 
5875 4126 5761 1948 
5877 4128 5767 1949 
5883 4130 5772 1951 
5887 4133 5773 1951 
5892 4136 5776 1952 
5896 4141 5783 1954 
5905 4144 5787 1955 
5910 4149 5792 1956 
5914 4153 5797 1960 
5920 4156 5801 1962 
5922 4159 5808 1962 
5923 4161 5816 1963 
5929 4165 5820 1965 
5937 4169 5829 1965 
5940 4174 5833 1967 
5947 4177 5838 1969 
5956 4180 5843 1970 
5964 4183 5851 1971 
5972 4187 5853 1971 
5975 4190 5858 1973 
5980 4195 5861 1975 
5986 4202 5863 1977 
5992 4210 5870 1979 
5994 4213 5875 1982 
5998 4217 5881 1985 
6002 4221 5885 1989 
6011 4224 5894 1991 
6014 4228 5900 1991 
6020 4232 5908 1993 
6026 4235 5911 1997 
6026 4241 5915 2000 
6032 4245 5919 2003 
6037 4247 5927 2003 
6040 4248 5932 2005 
6047 4249 5941 2006 
6056 4254 5946 2009 
6064 4256 5955 2011 
6069 4259 5958 2014 
6074 4263 5966 2017 
6081 4264 5970 2018 
6089 4267 5974 2019 
6095 4273 5982 2020 
6106 4276 5985 2022 
6109 4279 5994 2024 
6117 4283 6001 2026 
6119 4292 6002 2026 
6125 4295 6009 2027 
6138 4299 6017 2029 
6141 4302 6024 2034 
6147 4308 6027 2034 
6152 4314 6033 2035 
6157 4316 6037 2037 
6164 4319 6041 2037 
6166 4320 6045 2039 
6171 4325 6049 2042 
6184 4327 6056 2044 
6191 4331 6065 2044 
6197 4336 6074 2045 
6203 4338 6077 2046 
6206 4343 6081 2048 
6215 4347 6087 2050 
6220 4350 6092 2054 
6226 4354 6098 2056 
6233 4356 6110 2058 
6236 4362 6120 2061 
6241 4363 6126 2066 
6247 4367 6127 2066 
6250 4371 6136 2067 
6254 4376 6141 2067 
6258 4378 6142 2068 
6259 4383 6151 2069 
6265 4390 6156 2069 
6270 4397 6164 2070 
6273 4399 6169 2071 
6279 4401 6171 2073 
6287 4404 6173 2074 
6292 4407 6178 2075 
6299 4411 6184 2077 
6308 4415 6187 2078 
6315 4418 6193 2078 
6320 4421 6198 2083 
6325 4424 6201 2085 
6332 4428 6210 2085 
6335 4438 6213 2086 
6336 4441 6220 2088 
6347 4444 6226 2091 
6350 4450 6229 2093 
6356 4453 6234 2095 
6359 4458 6236 2099 
6367 4461 6239 2103 
6375 4463 6251 2104 
6377 4463 6258 2107 
6381 4467 6262 2109 
6382 4472 6264 2113 
6387 4476 6271 2117 
6387 4482 6277 2120 
6390 4486 6284 2125 
6397 4490 6290 2125 
6404 4493 6296 2131 
6412 4496 6297 2131 
6417 4499 6299 2131 
6422 4501 6301 2134 
6425 4504 6308 2136 
6433 4507 6314 2137 
6442 4511 6316 2138 
6453 4513 6323 2142 
6456 4515 6326 2145 
6464 4523 6332 2145 
6469 4527 6343 2148 
6474 4532 6349 2151 
6476 4536 6354 2152 
6479 4539 6362 2153 
6483 4544 6363 2154 
6491 4550 6365 2159 
6496 4556 6370 2161 
6498 4558 6376 2165 
6502 4562 6381 2169 
6509 4566 6388 2172 
6516 4572 6393 2177 
6522 4576 6399 2180 
6530 4579 6408 2180 
6536 4581 6412 2182 
6538 4587 6417 2185 
6549 4587 6420 2188 
6551 4595 6425 2190 
6555 4605 6429 2191 
6561 4609 6435 2193 
6563 4612 6440 2197 
6569 4616 6443 2197 
6575 4618 6450 2198 
6580 4622 6458 2200 
6582 4625 6460 2200 
6587 4630 6466 2204 
6592 4632 6474 2204 
6595 4634 6478 2208 
6598 4639 6483 2211 
6607 4643 6490 2214 
6610 4645 6493 2214 
6615 4650 6500 2215 
6620 4654 6509 2216 
6624 4660 6512 2219 
6628 4664 6518 2223 
6633 4671 6524 2224 
6639 4672 6526 2225 
6643 4676 6529 2225 
6646 4681 6536 2227 
6651 4689 6543 2231 
6653 4692 6549 2232 
6655 4699 6550 2237 
6658 4702 6553 2239 
6660 4709 6560 2241 
6665 4711 6563 2244 
6673 4712 6569 2245 
6674 4713 6572 2246 
6679 4714 6578 2249 
6682 4721 6585 2251 
6689 4725 6589 2252 
6697 4727 6594 2254 
6698 4731 6596 2258 
6706 4734 6605 2258 
6715 4738 6616 2260 
6721 4741 6620 2263 
6727 4747 6625 2267 
6733 4756 6634 2268 
6737 4762 6643 2268 
6742 4767 6649 2270 
6750 4771 6654 2271 
6752 4774 6657 2276 
6756 4777 6659 2279 
6766 4783 6667 2280 
6772 4785 6673 2280 
6777 4786 6677 2280 
6785 4787 6684 2282 
6790 4791 6692 2283 
6792 4797 6692 2283 
6799 4801 6694 2284 
6806 4806 6695 2284 
6810 4809 6699 2286 
6817 4810 6705 2288 
6820 4814 6707 2292 
6826 4825 6709 2292 
6833 4830 6717 2293 
6838 4833 6723 2295 
6846 4834 6730 2298 
6854 4838 6734 2299 
6858 4842 6740 2301 
6860 4845 6753 2302 
6866 4848 6758 2303 
6872 4853 6763 2305 
6880 4856 6768 2306 
6885 4864 6775 2308 
6890 4869 6780 2311 
6893 4873 6788 2313 
6898 4875 6796 2317 
6904 4879 6804 2317 
6908 4881 6808 2321 
6914 4886 6811 2322 
6922 4894 6817 2324 
6927 4896 6825 2326 
6932 4901 6828 2327 
6940 4906 6836 2328 
6947 4911 6843 2330 
6951 4913 6850 2330 
6955 4915 6858 2333 
6958 4917 6864 2335 
6959 4921 6870 2338 
6966 4928 6876 2340 
6973 4931 6881 2341 
6977 4933 6886 2343 
6981 4936 6894 2345 
6984 4941 6899 2347 
6991 4946 6902 2348 
6993 4950 6907 2351 
6996 4953 6912 2353 
7003 4956 6920 2356 
7007 4958 6925 2357 
7013 4962 6929 2358 
7018 4969 6938 2362 
7025 4971 6945 2362 
7027 4977 6948 2363 
7034 4979 6958 2365 
7041 4979 6963 2367 
7044 4985 6970 2367 
7051 4989 6978 2369 
7057 4991 6984 2370 
7063 4996 6989 2371 
7065 4998 6998 2373 
7069 5001 7003 2376 
7079 5003 7006 2378 
7083 5006 7013 2379 
7088 5008 7020 2381 
7092 5014 7027 2382 
7094 5017 7034 2382 
7101 5020 7037 2383 
7112 5023 7041 2384 
7118 5031 7042 2389 
7125 5035 7049 2390 
7131 5037 7056 2391 
7137 5039 7065 2392 
7139 5041 7072 2394 
7144 5043 7078 2396 
7150 5048 7087 2398 
7154 5052 7093 2402 
7158 5057 7096 2406 
7165 5058 7103 2408 
7173 5061 7108 2411 
7178 5068 7112 2414 
7183 5074 7119 2416 
7185 5077 7126 2418 
7190 5079 7132 2420 
7197 5081 7137 2420 
7204 5090 7143 2422 
7209 5094 7145 2424 
7214 5099 7151 2429 
7221 5104 7156 2434 
7224 5112 7167 2438 
7229 5117 7175 2441 
7233 5121 7180 2447 
7238 5122 7184 2448 
7244 5125 7188 2450 
7250 5131 7195 2450 
7253 5134 7207 2453 
7262 5137 7215 2454 
7265 5139 7220 2455 
7267 5144 7228 2457 
7270 5149 7233 2458 
7275 5149 7239 2462 
7279 5152 7244 2465 
7284 5156 7249 2467 
7290 5161 7257 2467 
7294 5165 7262 2467 
7297 5166 7265 2468 
7300 5172 7270 2473 
7301 5176 7273 2476 
7306 5182 7281 2477 
7311 5188 7282 2478 
7318 5190 7289 2479 
7321 5199 7296 2479 
7326 5203 7304 2481 
7327 5207 7306 2481 
7334 5209 7311 2482 
7338 5215 7318 2485 
7345 5218 7323 2486 
7349 5222 7327 2487 
7359 5224 7330 2491 
7365 5230 7337 2491 
7368 5234 7342 2492 
7373 5237 7345 2493 
7380 5241 7349 2495 
7385 5242 7352 2495 
7390 5242 7356 2497 
7396 5249 7358 2499 
7402 5254 7362 2502 
7411 5260 7371 2504 
7418 5264 7378 2505 
7424 5267 7384 2507 
7426 5270 7390 2509 
7428 5274 7398 2510 
7439 5277 7406 2511 
7444 5281 7417 2513 
7447 5286 7424 2516 
7449 5289 7425 2521 
7450 5294 7431 2524 
7458 5298 7435 2524 
7460 5303 7441 2526 
7468 5306 7447 2529 
7474 5308 7455 2531 
7483 5311 7459 2534 
7490 5315 7462 2536 
7496 5322 7466 2539 
7503 5323 7472 2540 
7508 5324 7475 2542 
7518 5326 7484 2544 
7520 5331 7489 2544 
7525 5336 7497 2546 
7532 5337 7502 2550 
7535 5340 7506 2550 
7539 5347 7514 2553 
7546 5350 7518 2554 
7552 5353 7521 2557 
7556 5356 7523 2559 
7561 5358 7528 2561 
7566 5360 7534 2561 
7572 5368 7537 2562 
7576 5374 7543 2564 
7584 5376 7549 2570 
7589 5377 7554 2570 
7593 5378 7561 2570 
7599 5382 7569 2572 
7603 5390 7575 2573 
7607 5397 7583 2575 
7619 5401 7584 2577 
7624 5407 7591 2582 
7626 5414 7596 2585 
7633 5418 7600 2585 
7638 5426 7607 2587 
7643 5427 7610 2587 
7649 5428 7616 2588 
7653 5433 7624 2589 
7659 5438 7631 2590 
7667 5439 7634 2592 
7673 5443 7639 2593 
7676 5448 7644 2598 
7679 5451 7649 2601 
7682 5455 7657 2602 
7690 5459 7665 2605 
7695 5464 7672 2605 
7703 5471 7676 2608 
7707 5477 7684 2610 
7716 5480 7689 2612 
7722 5487 7698 2612 
7732 5491 7702 2616 
7738 5493 7709 2618 
7742 5496 7717 2618 
7745 5498 7724 2621 
7751 5501 7730 2623 
7754 5504 7737 2626 
7758 5509 7742 2626 
7763 5512 7745 2628 
7765 5516 7751 2632 
7769 5518 7752 2632 
7775 5522 7762 2635 
7778 5526 7770 2638 
7784 5530 7776 2640 
7788 5534 7786 2642 
7793 5536 7796 2642 
7798 5538 7804 2646 
7801 5546 7814 2648 
7803 5550 7817 2653 
7808 5552 7821 2653 
7810 5556 7832 2655 
7815 5558 7842 2658 
7821 5559 7845 2661 
7822 5562 7851 2664 
7832 5568 7855 2668 
7843 5573 7862 2669 
7852 5575 7868 2671 
7859 5580 7870 2672 
7866 5583 7874 2673 
7873 5588 7880 2673 
7888 5592 7888 2674 
7894 5595 7898 2676 
7897 5597 7907 2682 
7904 5598 7912 2683 
7911 5602 7918 2685 
7915 5607 7925 2687 
7920 5609 7929 2687 
7926 5613 7932 2691 
7936 5618 7939 2692 
7940 5624 7946 2692 
7950 5627 7951 2693 
7958 5632 7955 2696 
7965 5636 7959 2697 
7968 5641 7965 2701 
7973 5649 7969 2703 
7980 5654 7975 2705 
7981 5657 7977 2706 
7987 5664 7986 2708 
7991 5669 7997 2709 
7999 5673 8003 2711 
8004 5679 8012 2713 
8005 5686 8018 2716 
8012 5690 8021 2718 
8016 5691 8027 2722 
8021 5695 8035 2723 
8024 5696 8040 2724 
8027 5703 8048 2725 
8035 5705 8056 2726 
8040 5708 8065 2726 
8042 5715 8073 2727 
8044 5718 8077 2730 
8055 5726 8087 2732 
8062 5730 8091 2735 
8069 5736 8095 2735 
8074 5739 8101 2735 
8080 5740 8106 2735 
8085 5745 8109 2737 
8087 5748 8114 2738 
8091 5751 8118 2742 
8103 5755 8128 2747 
8106 5758 8138 2748 
8111 5763 8145 2750 
8114 5769 8146 2753 
8117 5771 8150 2755 
8118 5773 8152 2756 
8121 5778 8154 2757 
8125 5780 8160 2758 
8131 5785 8166 2759 
8132 5791 8169 2760 
8138 5795 8175 2760 
8143 5796 8182 2762 
8148 5804 8187 2765 
8154 5808 8192 2769 
8159 5813 8199 2772 
8166 5818 8201 2773 
8175 5823 8203 2774 
8182 5828 8208 2775 
8185 5831 8215 2778 
8191 5833 8221 2780 
8197 5836 8232 2781 
8204 5838 8237 2784 
8210 5844 8246 2786 
8217 5848 8253 2788 
8226 5850 8264 2791 
8232 5851 8268 2793 
8238 5854 8273 2794 
8244 5857 8278 2796 
8248 5859 8284 2800 
8254 5861 8288 2800 
8259 5864 8292 2800 
8266 5868 8300 2804 
8276 5873 8304 2805 
8280 5877 8315 2807 
8286 5887 8319 2813 
8290 5892 8321 2815 
8296 5897 8327 2817 
8305 5903 8330 2818 
8312 5906 8336 2818 
8316 5906 8341 2820 
8328 5913 8347 2824 
8333 5915 8352 2825 
8338 5918 8354 2828 
8347 5922 8361 2828 
8353 5927 8367 2830 
8361 5931 8376 2831 
8365 5938 8379 2834 
8367 5943 8379 2835 
8374 5948 8387 2835 
8376 5953 8394 2839 
8382 5960 8399 2841 
8392 5961 8406 2842 
8400 5967 8413 2844 
8407 5972 8416 2845 
8416 5977 8421 2846 
8419 5979 8422 2851 
8429 5990 8428 2853 
8436 5993 8433 2857 
8440 5999 8442 2860 
8445 6003 8447 2863 
8449 6007 8452 2864 
8455 6008 8458 2867 
8458 6013 8465 2869 
8463 6019 8470 2872 
8469 6023 8476 2875 
8471 6029 8480 2880 
8477 6034 8480 2883 
8482 6035 8488 2886 
8489 6040 8493 2888 
8492 6045 8503 2890 
8494 6052 8509 2893 
8503 6054 8512 2894 
8512 6059 8518 2896 
8519 6061 8525 2898 
8524 6065 8528 2900 
8531 6071 8534 2902 
8538 6077 8537 2902 
8544 6078 8540 2904 
8551 6080 8544 2904 
8554 6083 8545 2906 
8558 6086 8552 2906 
8564 6092 8558 2907 
8570 6098 8568 2909 
8572 6102 8575 2912 
8576 6102 8584 2915 
8581 6106 8590 2917 
8586 6109 8595 2917 
8595 6112 8597 2917 
8600 6118 8600 2917 
8609 6121 8608 2917 
8615 6123 8616 2918 
8617 6127 8622 2919 
8621 6133 8627 2923 
8625 6134 8635 2925 
8630 6136 8639 2927 
8635 6144 8649 2927 
8638 6153 8659 2927 
8644 6160 8662 2928 
8651 6170 8666 2929 
8659 6172 8673 2931 
8663 6176 8680 2932 
8671 6185 8689 2932 
8676 6187 8692 2934 
8681 6189 8701 2934 
8687 6191 8709 2937 
8692 6195 8713 2939 
8697 6197 8718 2940 
8700 6205 8724 2942 
8704 6211 8729 2943 
8713 6217 8736 2944 
8719 6221 8739 2947 
8733 6224 8746 2948 
8738 6227 8754 2949 
8740 6228 8756 2951 
8747 6230 8762 2951 
8754 6238 8767 2955 
8758 6242 8769 2958 
8766 6249 8779 2961 
8774 6252 8784 2962 
8781 6258 8791 2962 
8783 6262 8799 2966 
8785 6267 8802 2970 
8791 6269 8814 2972 
8799 6271 8819 2974 
8803 6275 8825 2975 
8809 6282 8829 2977 
8811 6285 8836 2977 
8818 6294 8841 2978 
8824 6299 8844 2980 
8830 6306 8849 2983 
8832 6309 8854 2985 
8835 6313 8861 2988 
8840 6318 8865 2992 
8847 6319 8869 2996 
8852 6320 8873 2999 
8856 6321 8877 3000 
8864 6323 8884 3002 
8867 6330 8896 3003 
8876 6332 8902 3005 
8883 6335 8908 3005 
8889 6339 8909 3005 
8894 6347 8913 3007 
8902 6348 8918 3009 
8904 6356 8925 3012 
8909 6364 8932 3013 
8915 6368 8935 3017 
8919 6372 8939 3019 
8922 6376 8946 3022 
8927 6378 8955 3026 
8931 6383 8960 3027 
8938 6386 8967 3029 
8947 6390 8969 3031 
8952 6392 8971 3036 
8960 6395 8977 3038 
8967 6395 8982 3040 
8969 6399 8993 3042 
8969 6402 9000 3043 
8973 6406 9005 3047 
8980 6409 9011 3050 
8985 6411 9016 3051 
8991 6416 9022 3056 
8998 6417 9028 3057 
9001 6420 9034 3058 
9004 6423 9039 3061 
9012 6424 9045 3064 
9018 6425 9052 3067 
9024 6428 9054 3073 
9028 6435 9059 3074 
9037 6435 9063 3076 
9044 6440 9067 3077 
9047 6445 9071 3082 
9053 6446 9079 3085 
9062 6452 9083 3088 
9066 6457 9089 3089 
9076 6462 9094 3091 
9080 6465 9100 3092 
9089 6471 9104 3094 
9094 6473 9111 3095 
9101 6481 9117 3096 
9107 6488 9121 3097 
9111 6492 9129 3098 
9117 6496 9133 3098 
9122 6503 9140 3102 
9125 6509 9145 3103 
9140 6514 9152 3103 
9145 6517 9164 3104 
9152 6521 9176 3107 
9158 6526 9179 3108 
9161 6528 9187 3109 
9168 6532 9194 3110 
9174 6535 9198 3115 
9180 6536 9203 3118 
9187 6540 9210 3119 
9194 6544 9217 3119 
9198 6548 9224 3120 
9200 6550 9230 3123 
9208 6559 9231 3127 
9213 6560 9232 3128 
9216 6567 9237 3128 
9219 6570 9239 3134 
9224 6579 9245 3136 
9230 6584 9248 3136 
9235 6587 9254 3137 
9244 6589 9256 3139 
9250 6595 9261 3140 
9262 6599 9267 3142 
9272 6601 9270 3145 
9279 6606 9274 3146 
9289 6607 9277 3152 
9298 6617 9284 3155 
9308 6617 9289 3158 
9311 6622 9291 3161 
9317 6626 9297 3163 
9321 6632 9299 3163 
9330 6633 9303 3164 
9335 6642 9311 3167 
9343 6646 9317 3171 
9349 6651 9324 3173 
9353 6653 9328 3174 
9354 6661 9332 3175 
9358 6666 9342 3175 
9365 6669 9353 3176 
9368 6673 9356 3180 
9372 6676 9359 3183 
9377 6684 9364 3183 
9383 6688 9370 3185 
9391 6696 9377 3185 
9395 6699 9381 3185 
9403 6704 9387 3187 
9408 6709 9388 3188 
9417 6713 9396 3192 
9421 6719 9401 3193 
9426 6722 9405 3194 
9433 6725 9409 3198 
9440 6730 9413 3198 
9444 6737 9422 3198 
9450 6742 9428 3200 
9456 6744 9436 3203 
9467 6746 9439 3204 
9468 6749 9443 3204 
9476 6751 9448 3209 
9479 6753 9451 3210 
9487 6759 9455 3213 
9491 6761 9462 3215 
9499 6767 9470 3218 
9502 6775 9474 3221 
9505 6780 9477 3221 
9514 6783 9481 3224 
9520 6783 9488 3225 
9524 6787 9493 3225 
9529 6794 9499 3225 
9533 6800 9501 3226 
9538 6804 9508 3226 
9544 6805 9510 3228 
9551 6808 9512 3229 
9557 6811 9519 3233 
9563 6817 9523 3235 
9571 6823 9526 3238 
9575 6823 9531 3240 
9577 6825 9535 3245 
9581 6828 9543 3247 
9585 6837 9552 3248 
9590 6845 9556 3251 
9595 6849 9557 3255 
9601 6851 9564 3256 
9604 6854 9569 3258 
9609 6858 9572 3259 
9612 6862 9578 3263 
9619 6868 9585 3267 
9625 6872 9592 3268 
9630 6877 9597 3271 
9636 6881 9601 3273 
9641 6886 9605 3278 
9644 6893 9613 3281 
9651 6894 9624 3284 
9660 6898 9628 3285 
9665 6903 9635 3287 
9671 6907 9639 3288 
9678 6912 9643 3288 
9684 6918 9652 3291 
9693 6922 9660 3293 
9697 6927 9668 3293 
9701 6934 9677 3297 
9705 6940 9682 3298 
9710 6941 9690 3301 
9718 6948 9696 3301 
9726 6950 9700 3303 
9732 6955 9708 3308 
9736 6960 9710 3311 
9740 6963 9723 3313 
9744 6964 9727 3314 
9746 6970 9732 3316 
9753 6973 9739 3318 
9758 6975 9745 3319 
9764 6976 9749 3320 
9770 6980 9756 3321 
9772 6981 9761 3323 
9777 6982 9769 3324 
9780 6983 9774 3326 
9791 6986 9781 3328 
9801 6989 9787 3330 
9811 6990 9794 3331 
9817 6994 9798 3334 
9821 7001 9801 3335 
9827 7007 9805 3336 
9834 7011 9807 3337 
9839 7015 9817 3339 
9845 7016 9824 3340 
9850 7019 9830 3342 
9855 7022 9835 3344 
9863 7026 9846 3346 
9870 7029 9853 3347 
9874 7033 9859 3348 
9877 7041 9864 3351 
9887 7044 9869 3355 
9889 7045 9875 3359 
9891 7047 9883 3360 
9894 7051 9888 3362 
9902 7053 9896 3364 
9908 7055 9903 3365 
9913 7059 9907 3367 
9916 7061 9913 3368 
9920 7066 9919 3370 
9928 7070 9923 3371 
9929 7071 9931 3373 
9933 7077 9936 3374 
9934 7082 9941 3374 
9941 7088 9946 3376 
9948 7093 9947 3378 
9952 7099 9952 3379 
9959 7105 9957 3381 
9965 7109 9960 3383 
9969 7113 9967 3383 
9979 7115 9971 3385 
9988 7118 9981 3387 
9991 7122 9984 3388 
9993 7124 9989 3389 
9998 7125 9999 3391 
10005 7131 10006 3393 
10014 7133 10011 3399 
10020 7138 10021 3400 
10026 7147 10027 3400 
10030 7157 10029 3405 
10033 7163 10032 3406 
10037 7167 10038 3409 
10042 7174 10045 3412 
10052 7176 10051 3415 
10061 7181 10058 3418 
10065 7187 10066 3419 
10072 7192 10072 3420 
10077 7197 10075 3421 
10085 7199 10079 3425 
10087 7207 10085 3427 
10093 7209 10091 3427 
10096 7214 10098 3432 
10102 7218 10102 3434 
10107 7219 10111 3437 
10114 7222 10119 3438 
10117 7227 10125 3439 
10123 7231 10129 3439 
10128 7239 10129 3440 
10137 7243 10139 3442 
10142 7249 10152 3444 
10145 7256 10155 3444 
10150 7262 10166 3444 
10159 7268 10169 3446 
10168 7271 10174 3449 
10171 7276 10180 3450 
10176 7282 10185 3454 
10183 7289 10198 3459 
10192 7294 10206 3459 
10195 7297 10211 3460 
10199 7299 10212 3461 
10205 7300 10218 3462 
10212 7303 10224 3463 
10212 7305 10230 3467 
10224 7306 10233 3470 
10231 7312 10234 3470 
10237 7318 10238 3471 
10241 7322 10241 3473 
10248 7324 10245 3474 
10252 7332 10250 3474 
10258 7334 10256 3477 
10261 7336 10263 3478 
10270 7345 10273 3479 
10276 7352 10282 3482 
10279 7358 10289 3485 
10283 7360 10293 3487 
10288 7362 10295 3489 
10291 7366 10305 3492 
10302 7370 10311 3492 
10306 7376 10316 3500 
10308 7379 10322 3505 
10312 7385 10330 3506 
10320 7389 10337 3510 
10326 7393 10344 3515 
10331 7395 10346 3516 
10336 7401 10351 3518 
10339 7410 10354 3520 
10347 7411 10364 3523 
10353 7415 10375 3523 
10357 7418 10378 3523 
10365 7424 10385 3527 
10370 7425 10390 3528 
10377 7431 10391 3529 
10383 7435 10396 3532 
10388 7441 10398 3534 
10393 7445 10406 3537 
10398 7451 10411 3537 
10403 7459 10419 3538 
10409 7462 10425 3541 
10412 7466 10432 3543 
10420 7470 10439 3548 
10427 7473 10443 3550 
10438 7477 10448 3556 
10444 7478 10458 3561 
10446 7480 10462 3562 
10450 7483 10467 3563 
10454 7488 10474 3563 
10460 7492 10479 3565 
10469 7497 10483 3567 
10474 7500 10485 3571 
10477 7505 10491 3573 
10480 7510 10496 3576 
10486 7515 10503 3576 
10490 7518 10506 3580 
10494 7524 10516 3583 
10497 7527 10524 3583 
10503 7532 10529 3585 
10510 7538 10535 3588 
10519 7542 10539 3588 
10522 7545 10545 3591 
10526 7547 10550 3593 
10533 7552 10552 3595 
10537 7555 10555 3596 
10542 7559 10559 3599 
10547 7564 10566 3602 
10550 7566 10567 3602 
10558 7570 10576 3604 
10565 7573 10581 3606 
10568 7581 10584 3608 
10571 7583 10591 3610 
10579 7588 10598 3612 
10582 7594 10603 3613 
10587 7597 10611 3614 
10597 7604 10613 3617 
10603 7606 10618 3617 
10614 7613 10622 3620 
10621 7619 10625 3623 
10633 7622 10634 3626 
10637 7626 10642 3627 
10640 7629 10645 3629 
10648 7632 10650 3629 
10651 7637 10658 3632 
10657 7642 10664 3634 
10664 7646 10671 3637 
10669 7649 10675 3637 
10675 7656 10682 3640 
10682 7661 10687 3642 
10692 7665 10696 3643 
10701 7672 10699 3644 
10706 7677 10705 3646 
10711 7681 10708 3648 
10718 7685 10712 3649 
10725 7691 10717 3652 
10732 7695 10723 3653 
10737 7699 10729 3655 
10746 7704 10734 3657 
10754 7708 10742 3657 
10756 7709 10746 3658 
10762 7713 10749 3660 
10771 7722 10751 3660 
10774 7724 10752 3662 
10782 7730 10758 3662 
10790 7733 10762 3666 
10797 7735 10769 3667 
10804 7738 10776 3669 
10809 7741 10782 3669 
10815 7748 10790 3671 
10822 7754 10794 3674 
10824 7757 10797 3674 
10827 7759 10798 3674 
10832 7761 10804 3674 
10837 7765 10807 3676 
10846 7768 10815 3679 
10852 7773 10822 3680 
10858 7779 10827 3681 
10868 7783 10831 3682 
10878 7787 10840 3682 
10879 7792 10848 3686 
10882 7793 10856 3687 
10890 7798 10867 3689 
10897 7805 10872 3692 
10905 7812 10883 3693 
10914 7816 10887 3695 
10916 7820 10889 3696 
10926 7823 10892 3697 
10931 7828 10898 3698 
10938 7835 10901 3699 
10940 7837 10908 3700 
10941 7842 10921 3701 
10945 7848 10925 3702 
10953 7857 10931 3703 
10960 7859 10935 3703 
10968 7864 10947 3704 
10973 7865 10950 3704 
10979 7867 10956 3704 
10987 7873 10961 3706 
10999 7875 10965 3711 
10999 7879 10971 3711 
11001 7882 10976 3713 
11006 7886 10981 3713 
11009 7887 10985 3714 
11018 7894 10989 3715 
11021 7897 10994 3717 
11031 7905 11003 3720 
11037 7909 11007 3722 
11040 7914 11014 3726 
11048 7915 11019 3727 
11053 7919 11024 3729 
11060 7922 11027 3731 
11066 7926 11032 3733 
11073 7927 11045 3735 
11076 7931 11049 3737 
11079 7934 11056 3738 
11085 7936 11065 3739 
11093 7943 11070 3740 
11098 7946 11076 3741 
11100 7954 11079 3745 
11105 7959 11082 3747 
11113 7962 11083 3748 
11117 7971 11087 3753 
11121 7980 11090 3755 
11125 7985 11097 3756 
11131 7988 11100 3758 
11142 7990 11106 3758 
11149 7991 11116 3760 
11151 7994 11120 3764 
11157 7997 11124 3767 
11160 8000 11130 3768 
11163 8001 11137 3770 
11165 8006 11143 3773 
11169 8016 11147 3773 
11170 8018 11152 3774 
11174 8019 11156 3775 
11182 8025 11160 3778 
11187 8032 11164 3779 
11192 8035 11167 3779 
11201 8041 11175 3782 
11205 8044 11181 3783 
11209 8049 11186 3783 
11218 8054 11191 3788 
11224 8058 11197 3789 
11230 8067 11206 3790 
11239 8073 11209 3793 
11242 8080 11212 3793 
11248 8085 11218 3795 
11250 8087 11226 3799 
11254 8095 11231 3802 
11263 8095 11235 3803 
11266 8098 11240 3803 
11270 8101 11248 3805 
11276 8103 11254 3808 
11285 8111 11257 3812 
11290 8119 11264 3812 
11293 8122 11273 3812 
11297 8125 11278 3815 
11301 8129 11284 3818 
11304 8130 11289 3818 
11308 8135 11297 3819 
11316 8139 11302 3820 
11327 8141 11304 3822 
11330 8145 11308 3826 
11333 8150 11316 3826 
11337 8151 11321 3828 
11340 8156 11325 3831 
11346 8157 11329 3832 
11347 8161 11337 3833 
11356 8166 11344 3838 
11361 8171 11353 3838 
11368 8176 11358 3840 
11371 8182 11364 3843 
11375 8193 11370 3846 
11386 8194 11377 3847 
11390 8197 11380 3849 
11394 8204 11389 3850 
11398 8208 11394 3853 
11402 8215 11400 3854 
11406 8222 11405 3859 
11411 8232 11411 3860 
11416 8237 11415 3865 
11420 8246 11421 3867 
11428 8249 11428 3869 
11429 8251 11434 3870 
11432 8254 11440 3871 
11441 8259 11445 3872 
11447 8261 11449 3873 
11449 8264 11456 3876 
11458 8268 11461 3878 
11466 8270 11468 3878 
11472 8272 11476 3878 
11477 8279 11481 3879 
11486 8284 11489 3883 
11491 8287 11496 3884 
11501 8289 11502 3886 
11507 8296 11512 3887 
11513 8302 11521 3887 
11521 8307 11524 3890 
11529 8310 11531 3894 
11535 8315 11542 3894 
11537 8319 11548 3897 
11545 8321 11552 3899 
11548 8323 11558 3899 
11554 8325 11565 3900 
11558 8331 11575 3902 
11566 8339 11583 3905 
11570 8341 11589 3907 
11576 8345 11595 3909 
11577 8348 11600 3910 
11583 8350 11603 3914 
11589 8354 11609 3915 
11594 8358 11615 3916 
11600 8359 11620 3918 
11603 8364 11625 3920 
11607 8368 11630 3925 
11615 8371 11635 3929 
11618 8377 11638 3931 
11624 8380 11642 3934 
11633 8383 11649 3936 
11638 8386 11657 3938 
11645 8392 11660 3939 
11651 8394 11669 3940 
11657 8395 11673 3942 
11658 8397 11676 3945 
11661 8399 11680 3950 
11671 8401 11686 3952 
11674 8406 11695 3954 
11682 8409 11700 3956 
11684 8414 11706 3956 
11690 8415 11719 3958 
11694 8418 11726 3960 
11695 8423 11730 3963 
11698 8429 11736 3965 
11705 8430 11740 3967 
11709 8437 11744 3970 
11714 8444 11751 3970 
11718 8447 11755 3972 
11727 8451 11759 3975 
11736 8456 11761 3978 
11740 8459 11767 3979 
11746 8463 11772 3981 
11754 8467 11783 3983 
11760 8472 11788 3985 
11765 8475 11793 3986 
11766 8477 11797 3986 
11770 8483 11801 3988 
11774 8484 11807 3991 
11776 8488 11812 3993 
11778 8493 11818 3994 
11787 8495 11828 3996 
11790 8497 11842 3999 
11799 8499 11846 4004 
11803 8505 11851 4008 
11805 8512 11853 4010 
11809 8516 11858 4011 
11818 8522 11865 4012 
11821 8531 11869 4014 
11826 8533 11874 4016 
11829 8539 11881 4017 
11839 8543 11885 4020 
11844 8547 11889 4023 
11847 8553 11894 4027 
11851 8562 11900 4027 
11858 8566 11904 4033 
11869 8569 11907 4035 
11874 8571 11917 4037 
11878 8574 11920 4037 
11883 8578 11923 4038 
11891 8584 11929 4042 
11894 8587 11933 4043 
11900 8593 11941 4043 
11904 8595 11949 4046 
11907 8596 11955 4049 
11910 8600 11958 4051 
11917 8605 11966 4052 
11921 8608 11969 4052 
11927 8614 11972 4052 
11934 8617 11977 4053 
11938 8620 11981 4054 
11943 8627 11985 4056 
11947 8631 11992 4059 
11953 8634 12000 4062 
11956 8637 12012 4062 
11957 8639 12015 4062 
11957 8642 12021 4064 
11959 8648 12027 4065 
11968 8653 12027 4066 
11976 8660 12034 4069 
11979 8664 12043 4071 
11982 8669 12049 4072 
11986 8672 12054 4074 
11989 8673 12057 4076 
11998 8679 12061 4079 
12003 8684 12068 4082 
12010 8687 12075 4085 
12014 8690 12079 4087 
12021 8693 12088 4088 
12025 8697 12091 4092 
12030 8703 12096 4094 
12036 8704 12101 4095 
12039 8711 12107 4095 
12046 8715 12114 4096 
12051 8720 12123 4097 
12058 8724 12129 4098 
12064 8727 12133 4102 
12071 8735 12137 4104 
12073 8739 12139 4105 
12079 8745 12146 4105 
12082 8748 12150 4105 
12092 8755 12156 4106 
12097 8759 12167 4110 
12105 8763 12171 4111 
12112 8768 12177 4113 
12119 8772 12181 4115 
12126 8778 12186 4120 
12130 8780 12197 4120 
12135 8785 12203 4120 
12137 8790 12212 4122 
12140 8793 12215 4126 
12147 8795 12221 4127 
12150 8799 12223 4130 
12156 8805 12231 4133 
12159 8811 12236 4134 
12168 8815 12239 4137 
12173 8821 12243 4140 
12176 8825 12248 4142 
12182 8835 12252 4145 
12190 8839 12257 4146 
12196 8843 12261 4147 
12203 8846 12268 4149 
12208 8855 12275 4151 
12214 8859 12279 4154 
12222 8865 12288 4156 
12226 8867 12293 4161 
12232 8870 12297 4162 
12235 8872 12301 4162 
12240 8877 12304 4163 
12244 8878 12308 4168 
12249 8881 12312 4171 
12254 8884 12316 4173 
12259 8892 12324 4175 
12262 8893 12329 4177 
12265 8897 12332 4180 
12272 8900 12341 4181 
12280 8907 12353 4184 
12283 8912 12359 4187 
12290 8914 12363 4188 
12297 8922 12369 4191 
12301 8927 12375 4192 
12305 8930 12376 4194 
12310 8938 12381 4196 
12314 8941 12390 4197 
12319 8946 12394 4202 
12327 8951 12398 4203 
12331 8956 12407 4204 
12336 8957 12415 4206 
12343 8966 12421 4210 
12350 8973 12426 4210 
12361 8978 12435 4213 
12367 8981 12438 4215 
12374 8991 12444 4217 
12378 8994 12447 4219 
12383 8995 12452 4221 
12389 8997 12459 4221 
12393 9003 12462 4226 
12404 9007 12472 4228 
12410 9013 12477 4228 
12417 9019 12480 4231 
12422 9023 12485 4234 
12437 9026 12492 4236 
12440 9028 12501 4237 
12448 9033 12506 4238 
12459 9037 12512 4241 
12462 9040 12520 4241 
12466 9042 12527 4241 
12477 9047 12534 4242 
12483 9052 12542 4242 
12491 9058 12548 4244 
12494 9063 12553 4249 
12496 9070 12558 4250 
12499 9073 12565 4253 
12508 9078 12573 4254 
12520 9081 12579 4255 
12531 9084 12585 4255 
12539 9088 12591 4257 
12544 9092 12596 4261 
12548 9098 12605 4261 
12554 9106 12615 4264 
12561 9111 12623 4267 
12565 9114 12628 4268 
12573 9116 12633 4271 
12579 9124 12640 4273 
12585 9128 12647 4274 
12588 9130 12653 4276 
12592 9134 12661 4281 
12597 9139 12670 4282 
12605 9146 12679 4286 
12611 9150 12685 4286 
12616 9153 12693 4287 
12619 9156 12702 4292 
12621 9162 12708 4294 
12631 9165 12709 4297 
12636 9168 12714 4299 
12638 9171 12721 4304 
12645 9176 12730 4305 
12648 9177 12740 4306 
12654 9180 12745 4307 
12658 9183 12753 4310 
12663 9186 12756 4311 
12664 9190 12761 4313 
12672 9193 12770 4317 
12678 9196 12776 4320 
12687 9199 12783 4325 
12694 9203 12787 4330 
12696 9207 12795 4331 
12703 9215 12805 4333 
12706 9218 12813 4334 
12708 9222 12818 4334 
12715 9229 12825 4336 
12723 9232 12835 4336 
12725 9235 12841 4338 
12733 9241 12849 4341 
12742 9245 12855 4343 
12747 9250 12863 4345 
12752 9256 12868 4345 
12763 9261 12874 4346 
12773 9264 12878 4348 
12778 9268 12885 4351 
12781 9272 12890 4352 
12785 9276 12894 4356 
12792 9280 12904 4358 
12799 9284 12908 4360 
12804 9286 12911 4362 
12810 9291 12914 4365 
12815 9294 12921 4371 
12823 9299 12923 4372 
12830 9304 12931 4373 
12837 9314 12937 4376 
12848 9321 12948 4380 
12853 9329 12952 4382 
12858 9332 12962 4384 
12860 9338 12967 4386 
12866 9341 12971 4386 
12873 9343 12978 4387 
12878 9345 12981 4393 
12884 9347 12987 4395 
12889 9351 12992 4397 
12893 9355 12996 4397 
12899 9362 13000 4398 
12907 9369 13009 4404 
12916 9371 13014 4406 
12924 9377 13022 4406 
12926 9381 13023 4408 
12929 9385 13027 4409 
12936 9391 13029 4412 
12945 9397 13035 4414 
12953 9402 13039 4416 
12960 9409 13044 4419 
12962 9416 13051 4420 
12966 9422 13061 4421 
12972 9428 13070 4427 
12978 9432 13079 4428 
12983 9434 13084 4430 
12989 9437 13092 4432 
12993 9443 13097 4434 
12999 9446 13103 4435 
13006 9449 13106 4437 
13013 9455 13110 4439 
13017 9461 13116 4442 
13023 9462 13122 4443 
13029 9466 13129 4444 
13034 9470 13134 4445 
13036 9477 13144 4446 
13046 9478 13145 4448 
13050 9479 13151 4448 
13055 9482 13153 4452 
13058 9485 13156 4454 
13066 9489 13161 4456 
13074 9491 13166 4457 
13079 9493 13170 4459 
13084 9499 13177 4459 
13087 9504 13184 4461 
13093 9507 13189 4461 
13100 9512 13193 4462 
13105 9517 13202 4463 
13112 9523 13207 4467 
13125 9529 13213 4470 
13129 9534 13218 4474 
13137 9535 13225 4479 
13143 9539 13231 4480 
13146 9542 13238 4480 
13148 9545 13243 4481 
13150 9547 13249 4483 
13158 9553 13253 4485 
13164 9557 13260 4486 
13166 9563 13267 4490 
13171 9566 13275 4490 
13177 9570 13280 4492 
13186 9574 13286 4495 
13190 9575 13296 4497 
13195 9577 13299 4498 
13197 9580 13303 4500 
13207 9585 13316 4502 
13215 9592 13319 4504 
13221 9597 13326 4508 
13228 9600 13334 4512 
13237 9605 13337 4513 
13246 9610 13341 4515 
13253 9620 13345 4517 
13259 9621 13350 4522 
13268 9626 13361 4523 
13273 9632 13367 4524 
13276 9637 13373 4526 
13284 9640 13378 4528 
13288 9644 13384 4529 
13291 9646 13386 4529 
13296 9648 13393 4532 
13299 9653 13397 4537 
13302 9656 13401 4538 
13309 9661 13410 4540 
13314 9665 13413 4544 
13319 9672 13418 4547 
13327 9680 13420 4549 
13332 9686 13427 4552 
13336 9689 13437 4553 
13342 9694 13440 4555 
13347 9698 13444 4561 
13352 9706 13451 4562 
13355 9715 13453 4562 
13362 9723 13463 4564 
13371 9728 13466 4565 
13379 9731 13473 4568 
13384 9735 13479 4568 
13386 9737 13486 4570 
13393 9742 13496 4570 
13399 9746 13503 4572 
13402 9755 13506 4576 
13407 9759 13510 4579 
13411 9765 13513 4582 
13415 9768 13519 4586 
13418 9771 13532 4590 
13432 9776 13539 4592 
13436 9783 13541 4594 
13446 9790 13545 4596 
13459 9796 13549 4598 
13467 9801 13553 4600 
13473 9807 13561 4603 
13475 9812 13569 4603 
13487 9817 13573 4605 
13491 9822 13582 4611 
13497 9829 13590 4614 
13498 9833 13595 4617 
13506 9838 13606 4618 
13510 9842 13609 4620 
13517 9849 13612 4621 
13522 9853 13616 4625 
13525 9855 13622 4630 
13532 9857 13626 4630 
13536 9860 13631 4632 
13539 9866 13631 4633 
13544 9871 13640 4634 
13552 9879 13648 4634 
13557 9883 13656 4635 
13564 9885 13662 4636 
13569 9890 13670 4638 
13578 9894 13671 4639 
13580 9896 13678 4640 
13584 9901 13679 4643 
13590 9905 13684 4649 
13597 9910 13693 4650 
13604 9914 13695 4653 
13608 9919 13700 4654 
13610 9925 13704 4661 
13616 9928 13710 4664 
13628 9933 13713 4667 
13635 9938 13718 4669 
13639 9942 13720 4671 
13646 9948 13729 4674 
13650 9951 13736 4677 
13655 9953 13746 4680 
13659 9957 13754 4682 
13664 9964 13761 4684 
13669 9967 13767 4685 
13680 9971 13775 4685 
13687 9976 13781 4686 
13695 9981 13789 4689 
13700 9986 13798 4690 
13702 9993 13801 4690 
13708 10003 13813 4691 
13713 10006 13823 4693 
13716 10012 13827 4697 
13717 10015 13834 4699 
13719 10022 13839 4700 
13723 10023 13845 4700 
13728 10027 13850 4703 
13732 10033 13860 4704 
13738 10039 13868 4705 
13747 10044 13875 4707 
13754 10048 13878 4711 
13757 10052 13881 4712 
13764 10053 13887 4717 
13769 10061 13894 4719 
13774 10067 13902 4722 
13781 10072 13912 4723 
13787 10077 13921 4726 
13794 10082 13926 4730 
13801 10083 13931 4730 
13805 10086 13938 4734 
13814 10088 13941 4736 
13817 10094 13951 4738 
13824 10100 13956 4742 
13833 10105 13963 4744 
13838 10110 13969 4745 
13842 10115 13977 4748 
13844 10121 13983 4750 
13848 10130 13987 4753 
13855 10130 13994 4756 
13859 10133 14003 4757 
13865 10136 14010 4760 
13874 10142 14017 4765 
13878 10148 14028 4766 
13886 10150 14037 4768 
13889 10157 14040 4771 
13893 10158 14045 4774 
13899 10162 14053 4778 
13911 10168 14057 4780 
13914 10175 14064 4783 
13918 10177 14068 4783 
13926 10184 14077 4788 
13937 10187 14081 4789 
13941 10192 14086 4791 
13947 10201 14093 4792 
13951 10205 14098 4795 
13955 10207 14104 4797 
13960 10209 14111 4797 
13964 10213 14114 4799 
13966 10219 14121 4800 
13968 10223 14130 4804 
13975 10231 14140 4805 
13982 10232 14150 4806 
13986 10236 14155 4808 
13990 10240 14160 4811 
13994 10242 14167 4811 
13996 10249 14174 4819 
14001 10249 14178 4823 
14005 10254 14181 4824 
14010 10261 14188 4826 
14015 10272 14199 4830 
14022 10278 14205 4832 
14031 10280 14210 4835 
14036 10280 14216 4835 
14041 10288 14218 4839 
14045 10289 14222 4840 
14054 10296 14230 4842 
14058 10301 14235 4842 
14063 10303 14240 4843 
14066 10308 14246 4845 
14074 10310 14251 4846 
14081 10313 14259 4851 
14087 10322 14264 4852 
14095 10327 14272 4855 
14105 10331 14278 4857 
14111 10334 14284 4860 
14119 10340 14292 4862 
14123 10344 14302 4865 
14130 10349 14306 4866 
14136 10353 14313 4867 
14145 10355 14323 4868 
14151 10359 14329 4870 
14160 10361 14335 4871 
14164 10363 14344 4873 
14167 10365 14348 4875 
14172 10367 14351 4879 
14179 10373 14354 4882 
14184 10380 14365 4884 
14188 10384 14376 4885 
14194 10392 14380 4889 
14204 10397 14391 4894 
14210 10402 14393 4897 
14218 10404 14400 4900 
14223 10406 14407 4902 
14224 10409 14415 4902 
14230 10414 14423 4904 
14237 10421 14431 4906 
14242 10428 14434 4906 
14246 10433 14439 4910 
14251 10435 14447 4911 
14260 10441 14451 4914 
14266 10443 14459 4916 
14267 10447 14463 4921 
14272 10452 14472 4923 
14280 10463 14478 4925 
14285 10468 14484 4927 
14293 10471 14489 4927 
14299 10475 14496 4933 
14304 10480 14504 4933 
14313 10489 14512 4933 
14317 10493 14514 4937 
14317 10498 14520 4937 
14318 10502 14524 4940 
14319 10508 14529 4943 
14320 10515 14539 4945 
14330 10517 14550 4946 
14334 10522 14554 4947 
14345 10523 14560 4947 
14350 10524 14571 4950 
14355 10526 14577 4952 
14361 10531 14584 4957 
14363 10539 14589 4957 
14366 10546 14596 4960 
14373 10547 14602 4963 
14380 10552 14609 4963 
14386 10553 14615 4965 
14395 10560 14619 4967 
14401 10570 14624 4968 
14406 10574 14632 4973 
14413 10582 14639 4975 
14420 10587 14644 4977 
14435 10591 14652 4983 
14436 10595 14658 4984 
14442 10598 14663 4989 
14445 10598 14673 4990 
14450 10604 14679 4994 
14454 10614 14684 4995 
14460 10621 14690 5003 
14465 10625 14697 5005 
14469 10628 14702 5005 
14474 10631 14708 5007 
14481 10633 14717 5011 
14486 10636 14727 5015 
14491 10641 14734 5017 
14496 10645 14745 5018 
14506 10647 14758 5022 
14513 10655 14765 5026 
14522 10658 14775 5027 
14528 10664 14781 5028 
14532 10667 14789 5028 
14537 10671 14794 5032 
14549 10674 14799 5034 
14557 10678 14804 5038 
14560 10680 14811 5040 
14562 10685 14817 5041 
14569 10692 14819 5043 
14574 10698 14823 5045 
14578 10702 14831 5047 
14584 10711 14836 5050 
14592 10713 14843 5052 
14598 10718 14848 5055 
14603 10722 14857 5059 
14609 10727 14865 5064 
14614 10732 14871 5066 
14617 10740 14877 5068 
14621 10741 14884 5071 
14628 10744 14891 5073 
14634 10746 14896 5075 
14635 10751 14903 5076 
14642 10754 14907 5079 
14645 10759 14910 5081 
14648 10763 14918 5084 
14655 10767 14923 5085 
14660 10774 14929 5086 
14666 10781 14934 5086 
14668 10786 14937 5087 
14674 10793 14939 5088 
14676 10797 14942 5090 
14686 10803 14948 5092 
14689 10806 14955 5095 
14691 10809 14960 5097 
14698 10815 14963 5097 
14703 10818 14969 5098 
14710 10822 14977 5100 
14717 10823 14981 5101 
14725 10829 14985 5107 
14728 10836 14988 5110 
14733 10839 14994 5110 
14740 10844 15002 5111 
14755 10847 15006 5114 
14765 10852 15017 5117 
14770 10859 15027 5120 
14779 10864 15032 5123 
14780 10869 15040 5125 
14785 10877 15046 5126 
14788 10878 15052 5128 
14793 10886 15061 5130 
14798 10890 15068 5131 
14802 10902 15077 5134 
14806 10907 15080 5135 
14808 10912 15094 5137 
14812 10914 15098 5139 
14814 10921 15102 5141 
14816 10926 15110 5144 
14823 10933 15113 5149 
14831 10939 15114 5150 
14835 10944 15117 5155 
14844 10952 15123 5156 
14853 10958 15128 5157 
14863 10963 15136 5158 
14866 10965 15141 5160 
14871 10973 15145 5161 
14877 10979 15154 5164 
14886 10985 15164 5168 
14895 10989 15170 5169 
14901 10993 15173 5171 
14906 11001 15182 5173 
14914 11007 15187 5173 
14923 11013 15194 5176 
14927 11020 15201 5180 
14933 11022 15209 5181 
14941 11028 15214 5183 
14946 11034 15219 5185 
14950 11035 15225 5188 
14961 11039 15235 5190 
14971 11045 15242 5190 
14973 11048 15248 5196 
14980 11053 15250 5198 
14985 11058 15255 5199 
14993 11065 15261 5203 
15000 11070 15268 5205 
15009 11079 15275 5205 
15013 11088 15279 5208 
15017 11095 15285 5213 
15021 11100 15291 5215 
15027 11102 15295 5218 
15030 11107 15301 5220 
15033 11113 15309 5221 
15040 11117 15317 5221 
15049 11118 15324 5224 
15053 11121 15326 5226 
15061 11126 15330 5226 
15065 11131 15338 5227 
15071 11131 15350 5228 
15079 11137 15358 5230 
15087 11137 15365 5234 
15091 11142 15373 5237 
15095 11144 15380 5238 
15102 11148 15388 5240 
15108 11154 15393 5241 
15114 11163 15402 5244 
15122 11168 15408 5246 
15124 11171 15413 5249 
15130 11174 15419 5252 
15136 11179 15424 5252 
15149 11187 15428 5254 
15151 11189 15434 5256 
15160 11190 15439 5257 
15165 11195 15445 5257 
15169 11202 15451 5259 
15173 11206 15459 5260 
15185 11211 15462 5261 
15192 11215 15468 5264 
15195 11218 15471 5265 
15198 11220 15477 5268 
15202 11225 15485 5268 
15210 11227 15489 5273 
15215 11230 15495 5279 
15219 11234 15500 5281 
15226 11240 15505 5282 
15229 11246 15512 5284 
15234 11250 15518 5285 
15240 11255 15520 5286 
15244 11258 15527 5286 
15250 11263 15535 5286 
15254 11266 15542 5288 
15256 11271 15547 5289 
15263 11279 15557 5291 
15268 11283 15568 5292 
15275 11286 15569 5293 
15279 11292 15576 5295 
15286 11298 15579 5299 
15287 11302 15581 5301 
15291 11303 15585 5302 
15299 11306 15587 5303 
15302 11312 15590 5305 
15305 11316 15598 5306 
15308 11319 15604 5306 
15311 11327 15611 5308 
15312 11333 15616 5308 
15317 11338 15625 5309 
15324 11344 15632 5314 
15327 11347 15642 5316 
15333 11351 15648 5321 
15343 11354 15655 5323 
15345 11356 15664 5325 
15346 11361 15669 5329 
15354 11363 15673 5333 
15357 11372 15679 5338 
15363 11373 15686 5341 
15366 11380 15690 5341 
15374 11385 15697 5342 
15379 11387 15701 5344 
15391 11391 15709 5349 
15398 11393 15716 5353 
15399 11397 15724 5356 
15403 11402 15728 5357 
15407 11405 15734 5361 
15415 11410 15738 5362 
15420 11415 15748 5362 
15429 11420 15752 5364 
15436 11426 15758 5366 
15439 11429 15760 5368 
15442 11431 15765 5368 
15445 11436 15769 5373 
15454 11440 15776 5374 
15457 11444 15784 5375 
15464 11447 15796 5376 
15467 11452 15803 5379 
15474 11458 15810 5383 
15477 11463 15815 5385 
15486 11469 15820 5385 
15493 11475 15823 5387 
15502 11477 15829 5388 
15505 11481 15836 5388 
15510 11487 15838 5390 
15518 11491 15853 5392 
15526 11495 15854 5396 
15528 11500 15865 5398 
15532 11507 15871 5402 
15543 11510 15877 5405 
15546 11513 15882 5408 
15550 11514 15887 5410 
15552 11517 15890 5413 
15558 11518 15898 5415 
15560 11521 15903 5416 
15569 11524 15909 5420 
15577 11533 15915 5422 
15581 11541 15925 5423 
15589 11542 15929 5423 
15593 11545 15933 5424 
15601 11549 15939 5428 
15606 11553 15946 5431 
15615 11559 15952 5432 
15618 11566 15958 5434 
15624 11569 15964 5438 
15629 11571 15968 5439 
15638 11576 15972 5440 
15643 11580 15977 5440 
15653 11586 15983 5444 
15660 11593 15990 5446 
15665 11597 15998 5448 
15674 11604 16007 5450 
15684 11606 16012 5451 
15688 11610 16017 5453 
15696 11614 16020 5458 
15702 11619 16026 5458 
15710 11630 16031 5460 
15721 11637 16037 5460 
15727 11643 16048 5464 
15733 11651 16057 5466 
15735 11657 16063 5467 
15739 11662 16073 5469 
15746 11670 16081 5469 
15752 11673 16093 5472 
15760 11681 16101 5472 
15770 11688 16108 5475 
15779 11691 16111 5477 
15789 11696 16115 5478 
15794 11702 16118 5478 
15803 11709 16123 5479 
15810 11710 16128 5482 
15814 11715 16131 5483 
15818 11718 16139 5485 
15827 11721 16143 5489 
15834 11724 16152 5491 
15839 11727 16160 5492 
15843 11731 16168 5495 
15847 11737 16175 5495 
15853 11741 16183 5497 
15859 11747 16188 5498 
15866 11748 16198 5502 
15872 11754 16203 5502 
15878 11760 16206 5503 
15884 11768 16212 5506 
15893 11771 16219 5508 
15897 11774 16224 5509 
15902 11779 16235 5510 
15908 11785 16243 5512 
15909 11787 16248 5514 
15914 11795 16253 5515 
15921 11796 16260 5516 
15926 11798 16265 5520 
15933 11804 16269 5522 
15941 11808 16271 5522 
15945 11811 16278 5523 
15952 11819 16283 5525 
15958 11823 16291 5526 
15960 11830 16297 5527 
15963 11834 16303 5532 
15967 11839 16308 5532 
15972 11841 16314 5532 
15984 11843 16321 5534 
15989 11848 16325 5535 
15995 11849 16329 5536 
16001 11852 16335 5537 
16004 11862 16340 5538 
16012 11869 16346 5540 
16021 11876 16353 5543 
16023 11876 16359 5544 
16027 11881 16365 5545 
16034 11884 16370 5547 
16042 11894 16377 5549 
16049 11898 16379 5551 
16053 11902 16384 5552 
16055 11907 16391 5555 
16056 11911 16395 5557 
16063 11914 16404 5563 
16067 11917 16410 5565 
16073 11920 16419 5570 
16080 11926 16429 5571 
16083 11929 16436 5572 
16088 11935 16440 5577 
16093 11939 16442 5577 
16100 11944 16449 5579 
16103 11948 16455 5579 
16105 11951 16458 5582 
16108 11954 16470 5582 
16112 11957 16474 5584 
16121 11959 16484 5585 
16126 11964 16490 5587 
16137 11968 16497 5591 
16143 11970 16497 5593 
16147 11976 16503 5599 
16153 11981 16510 5603 
16160 11984 16522 5605 
16166 11990 16533 5607 
16171 11993 16541 5609 
16179 12000 16546 5609 
16187 12004 16553 5613 
16192 12010 16565 5616 
16199 12014 16571 5616 
16206 12017 16578 5617 
16211 12021 16583 5619 
16217 12024 16588 5619 
16222 12025 16594 5622 
16231 12030 16601 5624 
16236 12031 16610 5629 
16240 12035 16612 5633 
16244 12040 16616 5635 
16246 12045 16621 5637 
16253 12050 16625 5643 
16258 12056 16630 5648 
16262 12058 16637 5651 
16271 12064 16640 5653 
16280 12069 16646 5655 
16285 12073 16653 5655 
16293 12076 16659 5657 
16297 12080 16664 5660 
16299 12086 16668 5663 
16307 12091 16671 5670 
16310 12094 16679 5671 
16313 12101 16681 5672 
16315 12112 16689 5675 
16322 12117 16690 5678 
16327 12121 16695 5680 
16330 12124 16702 5680 
16337 12133 16707 5681 
16347 12136 16714 5684 
16353 12138 16720 5687 
16363 12144 16723 5690 
16367 12147 16728 5691 
16370 12150 16732 5691 
16375 12152 16734 5695 
16380 12159 16736 5697 
16388 12166 16741 5704 
16392 12170 16752 5706 
16397 12173 16756 5707 
16401 12175 16763 5711 
16408 12182 16769 5714 
16411 12184 16776 5714 
16413 12185 16783 5716 
16421 12192 16790 5717 
16427 12199 16800 5718 
16434 12206 16809 5721 
16438 12209 16812 5722 
16446 12213 16818 5727 
16453 12220 16828 5730 
16461 12226 16835 5732 
16465 12229 16840 5736 
16470 12236 16852 5737 
16476 12240 16855 5740 
16481 12242 16861 5741 
16489 12248 16865 5744 
16491 12255 16870 5747 
16499 12262 16874 5751 
16507 12269 16882 5753 
16513 12274 16889 5753 
16514 12279 16895 5757 
16515 12284 16898 5757 
16518 12290 16903 5757 
16525 12293 16908 5758 
16528 12299 16917 5760 
16533 12302 16927 5761 
16538 12312 16930 5761 
16546 12316 16938 5763 
16553 12320 16946 5764 
16554 12325 16951 5764 
16558 12330 16958 5767 
16564 12335 16965 5770 
16572 12343 16968 5772 
16577 12345 16973 5774 
16584 12352 16979 5775 
16592 12359 16989 5777 
16597 12365 16995 5778 
16603 12370 17001 5786 
16611 12374 17003 5788 
16619 12376 17009 5792 
16629 12383 17018 5794 
16634 12389 17023 5796 
16640 12393 17029 5799 
16647 12401 17037 5804 
16652 12402 17044 5806 
16658 12405 17046 5807 
16665 12412 17055 5809 
16668 12418 17063 5809 
16671 12424 17071 5812 
16673 12429 17076 5814 
16684 12430 17079 5822 
16686 12432 17085 5822 
16690 12438 17087 5826 
16695 12442 17095 5829 
16704 12446 17103 5829 
16705 12448 17111 5831 
16709 12451 17116 5834 
16712 12457 17119 5836 
16713 12462 17123 5837 
16717 12463 17129 5838 
16726 12470 17138 5844 
16732 12474 17144 5844 
16735 12476 17149 5848 
16739 12480 17154 5851 
16747 12482 17159 5852 
16754 12489 17167 5854 
16759 12495 17171 5855 
16764 12501 17181 5856 
16774 12506 17183 5859 
16781 12512 17186 5864 
16790 12516 17192 5866 
16795 12517 17195 5869 
16801 12524 17197 5870 
16804 12529 17201 5872 
16809 12531 17205 5873 
16815 12537 17208 5873 
16817 12543 17214 5878 
16822 12548 17222 5882 
16831 12550 17229 5883 
16839 12556 17237 5888 
16852 12558 17241 5888 
16856 12567 17246 5894 
16857 12568 17252 5896 
16872 12570 17257 5898 
16876 12575 17261 5901 
16884 12578 17268 5902 
16887 12583 17277 5905 
16893 12591 17285 5910 
16899 12599 17292 5912 
16903 12600 17300 5914 
16908 12603 17309 5916 
16917 12611 17318 5919 
16921 12616 17324 5921 
16927 12620 17329 5922 
16931 12622 17337 5923 
16935 12633 17344 5926 
16938 12638 17351 5928 
16941 12646 17356 5931 
16947 12652 17360 5934 
16950 12659 17367 5936 
16955 12666 17373 5939 
16959 12668 17383 5942 
16963 12670 17388 5946 
16968 12675 17396 5950 
16969 12684 17402 5955 
16976 12685 17405 5955 
16981 12687 17411 5959 
16988 12692 17415 5959 
16997 12698 17419 5959 
17010 12702 17426 5964 
17015 12707 17429 5967 
17022 12711 17435 5971 
17029 12717 17441 5974 
17031 12724 17449 5975 
17040 12729 17455 5976 
17047 12733 17464 5978 
17051 12738 17467 5979 
17059 12743 17471 5981 
17070 12747 17479 5984 
17074 12755 17485 5987 
17081 12759 17491 5991 
17085 12765 17497 5993 
17092 12766 17506 5995 
17098 12769 17513 5997 
17104 12769 17520 5997 
17112 12772 17528 6001 
17118 12777 17532 6003 
17127 12783 17536 6006 
17132 12786 17543 6007 
17138 12794 17552 6008 
17140 12799 17555 6009 
17145 12806 17565 6010 
17151 12815 17576 6013 
17160 12818 17581 6016 
17168 12820 17586 6018 
17172 12823 17590 6018 
17178 12828 17600 6022 
17182 12838 17607 6024 
17186 12841 17615 6026 
17194 12848 17622 6027 
17200 12850 17628 6030 
17205 12856 17634 6032 
17210 12861 17639 6033 
17213 12864 17643 6035 
17217 12871 17651 6036 
17226 12874 17656 6040 
17228 12882 17661 6040 
17232 12885 17665 6040 
17236 12891 17667 6044 
17244 12896 17671 6046 
17253 12905 17676 6046 
17256 12906 17682 6049 
17263 12910 17687 6050 
17266 12916 17693 6052 
17270 12919 17699 6053 
17273 12921 17705 6055 
17281 12929 17709 6056 
17289 12931 17713 6059 
17295 12938 17716 6061 
17302 12942 17723 6065 
17305 12944 17730 6066 
17313 12947 17735 6069 
17321 12950 17742 6070 
17323 12954 17750 6071 
17330 12958 17759 6073 
17336 12962 17763 6076 
17339 12965 17769 6078 
17350 12968 17772 6080 
17358 12974 17779 6082 
17365 12979 17787 6085 
17370 12985 17792 6088 
17377 12992 17799 6090 
17382 12997 17802 6090 
17386 13002 17810 6092 
17392 13008 17815 6098 
17397 13014 17821 6099 
17402 13020 17827 6101 
17406 13028 17831 6105 
17408 13031 17836 6107 
17413 13035 17841 6111 
17420 13040 17845 6114 
17426 13044 17854 6114 
17432 13045 17859 6114 
17434 13049 17867 6116 
17439 13052 17877 6117 
17446 13053 17885 6118 
17448 13058 17890 6120 
17456 13064 17895 6122 
17464 13067 17898 6125 
17467 13070 17910 6125 
17479 13075 17917 6129 
17485 13077 17919 6134 
17489 13081 17923 6137 
17498 13082 17927 6139 
17503 13089 17933 6140 
17505 13095 17942 6142 
17512 13098 17950 6143 
17520 13102 17959 6147 
17525 13105 17961 6150 
17535 13111 17965 6151 
17540 13113 17972 6153 
17548 13118 17977 6155 
17552 13121 17980 6155 
17561 13128 17986 6156 
17565 13133 17992 6158 
17570 13141 18001 6160 
17578 13148 18008 6165 
17579 13153 18012 6167 
17582 13156 18020 6172 
17590 13158 18024 6173 
17595 13160 18032 6175 
17602 13167 18034 6178 
17613 13170 18040 6180 
17618 13173 18048 6180 
17621 13181 18056 6184 
17624 13187 18063 6188 
17628 13194 18072 6191 
17635 13197 18079 6194 
17641 13202 18085 6198 
17646 13204 18096 6201 
17652 13210 18102 6202 
17658 13210 18110 6205 
17666 13213 18117 6207 
17671 13218 18128 6211 
17674 13221 18137 6211 
17680 13225 18145 6214 
17687 13232 18150 6216 
17693 13235 18157 6218 
17694 13240 18166 6218 
17700 13245 18171 6220 
17710 13248 18173 6221 
17718 13254 18178 6223 
17728 13258 18191 6225 
17735 13262 18194 6227 
17739 13268 18200 6229 
17746 13270 18211 6229 
17754 13275 18217 6231 
17761 13277 18224 6233 
17770 13284 18230 6234 
17774 13288 18243 6234 
17781 13292 18248 6235 
17787 13297 18256 6237 
17799 13303 18259 6241 
17808 13307 18264 6241 
17812 13312 18268 6243 
17821 13315 18275 6244 
17827 13321 18284 6249 
17833 13329 18287 6250 
17843 13331 18298 6256 
17847 13337 18305 6261 
17853 13341 18312 6265 
17858 13344 18317 6267 
17862 13351 18326 6271 
17869 13356 18335 6273 
17874 13359 18339 6276 
17879 13363 18348 6278 
17887 13368 18357 6281 
17889 13373 18360 6283 
17897 13378 18363 6286 
17903 13383 18373 6286 
17908 13387 18382 6287 
17912 13392 18390 6288 
17916 13397 18397 6291 
17923 13399 18403 6292 
17928 13405 18406 6294 
17932 13408 18411 6296 
17935 13415 18424 6301 
17942 13417 18429 6304 
17947 13419 18439 6310 
17955 13424 18444 6314 
17961 13428 18452 6318 
17964 13433 18459 6321 
17971 13438 18465 6324 
17977 13443 18472 6327 
17979 13450 18475 6330 
17986 13458 18480 6330 
17990 13470 18487 6333 
17996 13477 18492 6334 
18001 13478 18497 6335 
18004 13481 18500 6336 
18011 13491 18505 6338 
18020 13493 18510 6342 
18025 13497 18515 6346 
18031 13506 18523 6348 
18037 13509 18534 6349 
18041 13513 18539 6353 
18048 13517 18543 6354 
18053 13522 18552 6357 
18058 13524 18558 6359 
18065 13528 18566 6363 
18068 13531 18572 6364 
18075 13534 18583 6364 
18082 13540 18589 6364 
18087 13544 18593 6365 
18090 13551 18605 6368 
18098 13554 18613 6371 
18100 13562 18621 6374 
18107 13566 18629 6374 
18115 13570 18635 6377 
18128 13572 18640 6378 
18137 13582 18643 6380 
18137 13586 18649 6382 
18141 13590 18661 6383 
18147 13595 18671 6387 
18152 13599 18677 6388 
18160 13603 18681 6391 
18166 13605 18686 6393 
18170 13608 18698 6395 
18181 13613 18706 6398 
18187 13618 18716 6399 
18194 13624 18725 6402 
18203 13630 18737 6406 
18207 13637 18742 6407 
18212 13639 18746 6410 
18213 13651 18755 6413 
18223 13655 18760 6414 
18230 13660 18767 6415 
18236 13664 18772 6419 
18241 13670 18777 6420 
18246 13676 18789 6422 
18255 13677 18796 6425 
18261 13680 18804 6426 
18265 13688 18810 6431 
18272 13692 18816 6433 
18278 13698 18821 6434 
18285 13703 18826 6438 
18289 13707 18830 6439 
18297 13709 18839 6440 
18301 13711 18846 6442 
18304 13722 18854 6445 
18312 13726 18864 6448 
18321 13730 18872 6450 
18329 13737 18879 6452 
18334 13743 18882 6454 
18339 13747 18894 6456 
18346 13750 18899 6460 
18351 13754 18904 6461 
18357 13757 18909 6467 
18364 13759 18916 6469 
18366 13764 18925 6470 
18371 13765 18930 6472 
18376 13770 18939 6473 
18382 13776 18945 6474 
18385 13782 18952 6476 
18387 13786 18957 6478 
18397 13788 18967 6479 
18405 13800 18977 6480 
18411 13804 18980 6480 
18420 13808 18983 6482 
18425 13811 18991 6482 
18431 13816 18998 6483 
18432 13823 19005 6486 
18440 13830 19008 6490 
18445 13833 19014 6491 
18447 13841 19020 6494 
18460 13845 19027 6497 
18469 13847 19031 6500 
18476 13852 19039 6502 
18479 13858 19044 6502 
18481 13863 19054 6504 
18487 13866 19062 6505 
18494 13869 19067 6505 
18499 13876 19072 6511 
18504 13879 19075 6511 
18509 13884 19081 6514 
18515 13890 19089 6515 
18519 13895 19091 6517 
18523 13901 19096 6520 
18528 13908 19105 6520 
18533 13911 19115 6522 
18536 13917 19120 6525 
18542 13925 19125 6527 
18546 13927 19134 6527 
18550 13929 19139 6529 
18553 13934 19143 6531 
18560 13939 19149 6531 
18568 13947 19158 6534 
18577 13952 19169 6536 
18586 13956 19176 6538 
18597 13959 19185 6540 
18606 13963 19191 6540 
18615 13967 19194 6541 
18619 13973 19203 6544 
18623 13977 19211 6547 
18630 13982 19217 6549 
18637 13990 19225 6552 
18643 13995 19235 6552 
18647 14000 19242 6553 
18654 14004 19252 6555 
18662 14006 19263 6557 
18666 14009 19271 6557 
18670 14014 19276 6560 
18673 14021 19279 6563 
18677 14026 19287 6564 
18687 14029 19295 6567 
18693 14033 19300 6567 
18698 14039 19306 6569 
18700 14045 19317 6572 
18701 14052 19325 6576 
18709 14055 19337 6579 
18713 14058 19341 6582 
18716 14068 19350 6584 
18718 14072 19356 6584 
18726 14074 19359 6586 
18730 14076 19367 6589 
18735 14078 19372 6590 
18743 14081 19374 6593 
18749 14083 19380 6595 
18754 14090 19386 6597 
18762 14092 19393 6600 
18767 14094 19399 6604 
18778 14098 19408 6605 
18781 14101 19417 6611 
18791 14106 19423 6613 
18794 14114 19427 6614 
18803 14117 19432 6615 
18811 14126 19441 6619 
18816 14132 19445 6620 
18824 14139 19453 6621 
18828 14145 19459 6621 
18837 14152 19469 6625 
18843 14157 19476 6627 
18846 14160 19484 6630 
18850 14164 19490 6632 
18852 14170 19498 6634 
18857 14173 19505 6635 
18861 14179 19511 6636 
18868 14186 19521 6637 
18874 14191 19528 6639 
18879 14195 19535 6640 
18887 14198 19544 6643 
18894 14203 19555 6647 
18900 14208 19559 6648 
18906 14214 19566 6651 
18913 14220 19574 6654 
18915 14222 19589 6658 
18929 14224 19599 6660 
18931 14228 19606 6663 
18937 14235 19611 6667 
18938 14240 19616 6667 
18945 14246 19623 6671 
18953 14252 19629 6674 
18958 14257 19631 6675 
18962 14262 19636 6678 
18968 14263 19640 6679 
18973 14269 19646 6680 
18976 14273 19653 6681 
18981 14273 19659 6683 
18984 14281 19664 6684 
18988 14285 19665 6686 
18994 14288 19668 6693 
19000 14297 19673 6696 
19010 14302 19674 6700 
19020 14307 19677 6704 
19027 14314 19688 6705 
19035 14318 19696 6705 
19040 14321 19700 6709 
19048 14324 19713 6713 
19057 14327 19717 6714 
19064 14330 19726 6715 
19071 14335 19738 6718 
19077 14341 19745 6723 
19082 14349 19753 6727 
19088 14354 19761 6730 
19097 14366 19765 6735 
19106 14372 19777 6739 
19108 14375 19782 6743 
19111 14382 19787 6745 
19112 14386 19792 6746 
19115 14389 19797 6747 
19123 14398 19806 6748 
19127 14403 19813 6751 
19132 14410 19824 6753 
19139 14416 19832 6755 
19142 14424 19837 6758 
19147 14426 19842 6760 
19155 14433 19850 6762 
19158 14438 19856 6767 
19163 14445 19862 6770 
19169 14446 19869 6771 
19175 14450 19879 6774 
19183 14455 19886 6777 
19192 14457 19895 6780 
19201 14463 19901 6782 
19203 14472 19905 6783 
19213 14475 19912 6784 
19222 14485 19917 6787 
19226 14492 19926 6789 
19233 14501 19929 6790 
19243 14505 19938 6793 
19248 14510 19944 6795 
19252 14517 19950 6798 
19262 14524 19954 6801 
19268 14525 19957 6803 
19281 14528 19963 6807 
19283 14535 19968 6808 
19288 14537 19977 6809 
19291 14542 19986 6812 
19296 14549 19989 6816 
19300 14552 19993 6819 
19302 14558 20000 6821 
19308 14563 20002 6825 
19316 14567 20008 6827 
19325 14571 20012 6828 
19329 14578 20016 6834 
19335 14585 20021 6837 
19339 14589 20032 6840 
19344 14594 20037 6841 
19355 14595 20043 6842 
19363 14603 20054 6843 
19370 14611 20064 6845 
19376 14622 20067 6848 
19385 14625 20077 6850 
19396 14631 20089 6852 
19401 14633 20091 6853 
19407 14635 20094 6855 
19422 14638 20105 6859 
19431 14641 20109 6859 
19436 14645 20117 6861 
19441 14646 20126 6862 
19445 14651 20129 6864 
19452 14655 20132 6867 
19456 14662 20144 6868 
19458 14667 20146 6871 
19462 14670 20150 6872 
19467 14675 20152 6872 
19475 14682 20162 6874 
19481 14687 20165 6877 
19489 14690 20171 6880 
19492 14696 20173 6881 
19497 14699 20187 6881 
19502 14703 20191 6881 
19507 14708 20195 6883 
19511 14719 20199 6884 
19519 14721 20204 6886 
19523 14724 20212 6889 
19530 14727 20219 6891 
19536 14732 20225 6894 
19542 14742 20233 6895 
19549 14750 20241 6899 
19556 14754 20246 6900 
19557 14758 20249 6903 
19563 14765 20252 6905 
19570 14770 20257 6905 
19573 14775 20264 6905 
19579 14778 20270 6910 
19588 14788 20280 6914 
19590 14792 20284 6914 
19594 14799 20287 6916 
19596 14805 20295 6919 
19601 14813 20299 6921 
19612 14817 20306 6924 
19616 14823 20313 6927 
19619 14828 20318 6928 
19627 14831 20325 6933 
19630 14837 20333 6936 
19639 14838 20343 6936 
19645 14841 20353 6939 
19650 14847 20357 6946 
19656 14854 20365 6946 
19661 14857 20370 6950 
19667 14862 20372 6953 
19669 14868 20377 6953 
19673 14878 20386 6956 
19678 14883 20393 6960 
19681 14892 20400 6962 
19686 14896 20407 6964 
19689 14903 20418 6968 
19694 14907 20426 6970 
19705 14911 20433 6971 
19706 14913 20438 6972 
19709 14916 20447 6973 
19713 14918 20452 6976 
19719 14924 20457 6978 
19725 14935 20461 6981 
19731 14938 20465 6983 
19735 14941 20474 6986 
19740 14945 20481 6991 
19746 14956 20488 6994 
19755 14960 20493 6999 
19761 14966 20497 7001 
19768 14971 20503 7002 
19774 14977 20510 7005 
19781 14982 20517 7008 
19785 14987 20531 7009 
19788 14996 20539 7013 
19790 15000 20546 7015 
19792 15006 20550 7017 
19795 15011 20555 7019 
19797 15016 20564 7020 
19801 15021 20570 7020 
19806 15026 20577 7023 
19810 15037 20588 7024 
19813 15042 20596 7029 
19823 15046 20604 7034 
19828 15051 20611 7034 
19832 15053 20614 7038 
19838 15055 20624 7041 
19848 15058 20633 7045 
19857 15066 20645 7048 
19862 15071 20649 7051 
19867 15074 20657 7054 
19872 15078 20662 7058 
19876 15084 20664 7060 
19884 15089 20671 7066 
19886 15095 20680 7067 
19891 15096 20684 7068 
19896 15100 20690 7070 
19904 15105 20701 7075 
19912 15112 20709 7076 
19921 15119 20712 7077 
19929 15126 20719 7079 
19936 15129 20725 7080 
19939 15131 20730 7082 
19940 15137 20732 7084 
19943 15139 20736 7085 
19951 15142 20739 7087 
19958 15146 20747 7087 
19961 15148 20751 7087 
19964 15155 20758 7089 
19971 15160 20762 7092 
19982 15165 20769 7095 
19988 15169 20778 7096 
19991 15175 20786 7098 
20003 15182 20792 7100 
20007 15185 20794 7102 
20020 15189 20801 7105 
20029 15191 20805 7109 
20038 15198 20808 7110 
20041 15202 20813 7112 
20049 15210 20819 7115 
20054 15217 20824 7115 
20062 15221 20830 7117 
20070 15225 20834 7119 
20075 15233 20844 7123 
20083 15236 20850 7124 
20090 15241 20856 7126 
20095 15246 20861 7128 
20098 15247 20872 7129 
20106 15255 20877 7131 
20112 15259 20885 7131 
20117 15262 20892 7133 
20122 15266 20900 7138 
20128 15270 20905 7138 
20135 15278 20912 7138 
20142 15283 20918 7142 
20146 15291 20923 7144 
20157 15296 20929 7147 
20162 15301 20935 7148 
20170 15304 20939 7152 
20175 15308 20944 7153 
20182 15309 20951 7155 
20187 15315 20957 7156 
20190 15316 20964 7160 
20195 15322 20969 7163 
20201 15328 20974 7165 
20212 15333 20980 7166 
20218 15334 20987 7167 
20219 15339 20991 7171 
20226 15342 20995 7171 
20231 15350 21001 7174 
20237 15359 21013 7176 
20245 15363 21017 7178 
20255 15370 21025 7181 
20262 15378 21034 7183 
20267 15382 21036 7185 
20270 15384 21038 7189 
20275 15385 21043 7192 
20281 15390 21048 7196 
20287 15396 21050 7196 
20294 15407 21059 7197 
20303 15410 21066 7201 
20304 15415 21074 7204 
20307 15418 21076 7206 
20312 15421 21078 7209 
20318 15424 21088 7213 
20323 15425 21094 7216 
20326 15429 21101 7218 
20332 15435 21112 7219 
20339 15438 21116 7223 
20344 15444 21123 7225 
20347 15446 21128 7227 
20351 15452 21135 7230 
20360 15454 21139 7239 
20365 15459 21146 7241 
20370 15464 21149 7242 
20376 15470 21152 7243 
20385 15476 21160 7243 
20391 15478 21173 7245 
20396 15483 21177 7248 
20407 15489 21183 7251 
20415 15492 21188 7253 
20422 15498 21201 7253 
20428 15504 21205 7258 
20432 15507 21215 7262 
20440 15513 21222 7265 
20447 15519 21228 7268 
20447 15525 21236 7271 
20451 15529 21246 7272 
20455 15534 21254 7274 
20459 15537 21262 7275 
20467 15544 21272 7278 
20471 15549 21285 7279 
20479 15557 21300 7280 
20483 15563 21308 7281 
20492 15569 21313 7284 
20502 15573 21319 7284 
20518 15578 21323 7286 
20526 15584 21332 7287 
20530 15588 21338 7290 
20538 15591 21344 7295 
20546 15595 21350 7297 
20554 15598 21356 7301 
20563 15603 21366 7303 
20568 15609 21373 7307 
20574 15613 21381 7308 
20575 15618 21387 7311 
20582 15620 21391 7316 
20587 15625 21400 7321 
20592 15626 21405 7323 
20599 15630 21409 7326 
20601 15636 21418 7331 
20606 15641 21422 7333 
20614 15645 21430 7333 
20619 15647 21438 7336 
20626 15652 21441 7337 
20632 15659 21446 7337 
20638 15663 21454 7340 
20645 15670 21459 7342 
20651 15673 21474 7344 
20659 15677 21480 7346 
20667 15682 21487 7349 
20667 15686 21492 7355 
20671 15690 21499 7356 
20678 15693 21502 7359 
20687 15696 21506 7361 
20695 15700 21513 7361 
20700 15704 21518 7362 
20706 15706 21529 7364 
20713 15713 21533 7364 
20719 15713 21537 7365 
20722 15721 21547 7368 
20728 15725 21554 7368 
20730 15728 21561 7370 
20734 15732 21567 7374 
20741 15738 21573 7378 
20749 15740 21580 7379 
20755 15742 21587 7381 
20763 15749 21598 7381 
20771 15752 21600 7382 
20780 15756 21608 7387 
20784 15761 21617 7390 
20792 15765 21622 7391 
20796 15768 21632 7398 
20802 15771 21641 7399 
20806 15777 21646 7403 
20809 15781 21654 7406 
20820 15786 21662 7407 
20829 15789 21665 7411 
20835 15797 21670 7412 
20838 15805 21674 7416 
20841 15809 21680 7419 
20845 15817 21690 7419 
20849 15820 21700 7422 
20860 15823 21705 7424 
20867 15827 21712 7424 
20871 15832 21716 7426 
20878 15837 21723 7427 
20884 15839 21729 7430 
20890 15842 21731 7433 
20896 15848 21740 7437 
20901 15851 21747 7440 
20912 15860 21755 7440 
20919 15865 21764 7442 
20924 15869 21771 7443 
20928 15875 21776 7444 
20934 15879 21782 7447 
20940 15886 21787 7449 
20943 15897 21793 7451 
20953 15902 21797 7451 
20962 15908 21805 7456 
20967 15913 21816 7459 
20974 15917 21821 7460 
20981 15923 21826 7460 
20989 15932 21833 7463 
20995 15937 21839 7466 
21004 15942 21849 7466 
21010 15949 21860 7468 
21021 15954 21869 7468 
21033 15959 21877 7470 
21037 15961 21883 7471 
21044 15968 21884 7476 
21055 15972 21890 7478 
21058 15979 21898 7480 
21063 15985 21904 7482 
21067 15989 21908 7486 
21080 15991 21915 7489 
21088 15997 21921 7492 
21097 16004 21928 7494 
21100 16011 21936 7496 
21109 16015 21943 7497 
21116 16016 21946 7501 
21119 16018 21956 7502 
21125 16020 21965 7506 
21130 16030 21976 7507 
21131 16038 21982 7507 
21134 16040 21989 7510 
21145 16044 21996 7513 
21147 16048 22010 7516 
21155 16050 22016 7519 
21157 16058 22023 7521 
21163 16060 22032 7525 
21171 16063 22042 7529 
21179 16073 22051 7531 
21184 16079 22059 7532 
21196 16085 22065 7534 
21203 16088 22074 7535 
21206 16096 22081 7536 
21210 16101 22089 7538 
21218 16103 22096 7541 
21227 16111 22105 7542 
21232 16114 22114 7543 
21238 16119 22117 7546 
21242 16130 22125 7549 
21247 16135 22131 7551 
21255 16142 22141 7553 
21259 16148 22146 7555 
21260 16155 22153 7557 
21266 16160 22164 7558 
21272 16164 22169 7558 
21278 16165 22178 7560 
21283 16166 22185 7560 
21284 16169 22189 7563 
21288 16174 22198 7564 
21292 16178 22203 7566 
21295 16183 22212 7567 
21304 16184 22221 7569 
21306 16190 22229 7570 
21311 16197 22233 7573 
21318 16208 22239 7576 
21331 16212 22245 7580 
21337 16219 22255 7580 
21348 16223 22259 7581 
21353 16231 22261 7583 
21357 16234 22264 7586 
21362 16240 22267 7586 
21369 16248 22272 7586 
21376 16254 22287 7590 
21378 16264 22292 7595 
21388 16271 22300 7598 
21395 16274 22302 7600 
21404 16280 22309 7601 
21412 16287 22318 7605 
21420 16292 22324 7606 
21426 16296 22329 7608 
21436 16300 22341 7610 
21443 16308 22346 7610 
21449 16312 22354 7612 
21454 16315 22361 7620 
21460 16318 22368 7622 
21466 16323 22373 7624 
21473 16331 22380 7627 
21479 16334 22391 7631 
21487 16339 22400 7636 
21492 16343 22407 7637 
21499 16348 22412 7638 
21504 16350 22421 7642 
21515 16358 22430 7645 
21522 16359 22440 7647 
21532 16362 22448 7650 
21540 16364 22454 7652 
21546 16373 22457 7655 
21554 16376 22460 7659 
21560 16380 22464 7659 
21569 16384 22470 7661 
21575 16385 22477 7662 
21580 16392 22483 7664 
21584 16401 22487 7669 
21592 16409 22491 7670 
21595 16415 22498 7672 
21606 16421 22501 7672 
21612 16424 22509 7673 
21620 16431 22515 7677 
21623 16435 22521 7679 
21630 16439 22526 7681 
21643 16443 22535 7686 
21646 16450 22541 7689 
21651 16456 22546 7689 
21654 16465 22552 7690 
21664 16469 22555 7690 
21669 16474 22566 7693 
21676 16479 22570 7699 
21685 16484 22576 7701 
21694 16488 22581 7701 
21705 16497 22585 7703 
21708 16499 22588 7706 
21715 16506 22598 7708 
21718 16516 22614 7712 
21721 16524 22622 7712 
21731 16527 22633 7715 
21738 16532 22639 7716 
21741 16541 22645 7718 
21746 16543 22659 7721 
21755 16551 22668 7723 
21760 16555 22670 7724 
21767 16558 22674 7729 
21774 16560 22680 7730 
21779 16566 22685 7733 
21787 16573 22692 7735 
21795 16578 22699 7739 
21801 16582 22708 7745 
21808 16585 22715 7748 
21812 16590 22726 7751 
21819 16594 22735 7752 
21828 16603 22736 7753 
21838 16606 22740 7753 
21846 16608 22745 7753 
21856 16612 22751 7756 
21865 16616 22755 7758 
21872 16618 22760 7760 
21878 16621 22769 7761 
21882 16625 22778 7763 
21885 16628 22782 7765 
21890 16633 22788 7767 
21896 16637 22797 7770 
21902 16639 22806 7772 
21905 16641 22814 7773 
21909 16646 22822 7775 
21916 16654 22829 7777 
21919 16660 22834 7780 
21923 16663 22839 7782 
21931 16668 22842 7783 
21939 16673 22848 7786 
21943 16680 22851 7789 
21946 16684 22851 7790 
21949 16691 22860 7794 
21951 16697 22865 7799 
21955 16704 22873 7801 
21958 16709 22885 7803 
21962 16714 22894 7804 
21971 16719 22900 7806 
21978 16723 22905 7807 
21981 16726 22911 7810 
21983 16730 22918 7810 
21989 16737 22923 7811 
21996 16742 22926 7813 
22004 16747 22933 7817 
22014 16753 22939 7818 
22018 16757 22950 7823 
22028 16759 22952 7824 
22038 16760 22957 7826 
22042 16767 22964 7830 
22052 16768 22970 7831 
22059 16771 22972 7831 
22063 16774 22981 7834 
22068 16779 22991 7834 
22074 16785 22997 7837 
22081 16791 23002 7838 
22084 16795 23008 7839 
22095 16801 23015 7847 
22100 16802 23025 7851 
22108 16811 23029 7857 
22117 16817 23036 7861 
22124 16820 23040 7865 
22132 16827 23048 7871 
22138 16832 23057 7873 
22142 16836 23064 7876 
22145 16844 23070 7877 
22151 16850 23076 7880 
22158 16856 23081 7884 
22163 16862 23092 7889 
22169 16865 23098 7893 
22177 16868 23103 7898 
22181 16874 23104 7899 
22195 16881 23109 7903 
22199 16884 23115 7905 
22206 16887 23119 7907 
22210 16893 23126 7909 
22215 16898 23131 7911 
22224 16901 23135 7914 
22232 16904 23143 7919 
22239 16905 23147 7921 
22244 16908 23151 7923 
22250 16912 23162 7924 
22257 16919 23166 7925 
22263 16922 23178 7926 
22268 16928 23186 7929 
22273 16931 23195 7930 
22277 16936 23198 7931 
22284 16941 23203 7932 
22289 16947 23212 7935 
22296 16957 23216 7941 
22300 16963 23224 7942 
22303 16966 23238 7943 
22314 16971 23246 7946 
22317 16972 23257 7947 
22324 16976 23265 7952 
22331 16986 23269 7954 
22337 16989 23277 7958 
22340 16995 23284 7960 
22344 16999 23291 7962 
22349 17004 23299 7966 
22351 17009 23304 7967 
22356 17013 23309 7971 
22362 17018 23316 7971 
22372 17019 23325 7972 
22383 17024 23329 7977 
22389 17027 23341 7980 
22394 17030 23348 7981 
22397 17033 23355 7982 
22405 17041 23360 7985 
22411 17042 23367 7986 
22417 17044 23376 7989 
22423 17046 23383 7991 
22429 17047 23394 7995 
22437 17051 23401 7997 
22446 17059 23406 7999 
22448 17069 23413 7999 
22453 17075 23421 8001 
22455 17079 23424 8005 
22459 17085 23437 8006 
22464 17089 23446 8009 
22476 17090 23455 8013 
22488 17097 23465 8014 
22495 17101 23471 8016 
22504 17105 23479 8017 
22509 17109 23484 8019 
22518 17113 23487 8022 
22524 17120 23494 8026 
22531 17126 23502 8029 
22535 17130 23503 8031 
22541 17132 23510 8035 
