0 0 0 0 
9 4 3 2 
15 8 8 2 
19 13 10 5 
24 18 14 5 
28 21 17 5 
35 24 21 6 
42 28 25 7 
44 34 29 7 
47 38 32 8 
52 45 40 10 
60 49 47 10 
65 52 51 14 
73 52 57 16 
81 54 65 17 
89 58 71 18 
93 62 77 20 
95 66 81 20 
101 69 87 21 
108 72 92 23 
116 76 96 24 
122 79 101 25 
125 81 104 27 
127 85 109 30 
134 86 114 32 
145 90 120 34 
152 95 122 35 
158 98 129 39 
165 99 132 40 
171 102 136 41 
177 104 139 42 
179 110 142 45 
183 113 148 47 
188 118 152 49 
193 121 160 50 
196 125 168 54 
197 129 177 55 
198 133 180 59 
203 138 189 62 
206 144 193 63 
208 146 196 64 
214 148 201 64 
222 152 203 66 
229 154 206 70 
232 157 212 71 
237 160 218 73 
243 166 225 75 
252 167 230 76 
261 172 239 77 
269 175 242 81 
276 180 250 84 
287 181 254 86 
297 183 259 87 
304 189 263 89 
310 193 269 89 
316 197 276 90 
321 201 277 92 
331 207 284 94 
337 208 288 95 
340 212 294 97 
347 212 297 98 
352 220 305 99 
359 222 308 104 
363 229 317 106 
366 234 322 107 
374 239 324 107 
378 239 328 112 
384 240 334 112 
387 243 341 113 
391 246 347 115 
393 252 355 117 
401 258 362 118 
403 264 365 119 
406 267 369 119 
412 271 374 120 
418 274 376 123 
425 276 379 124 
431 282 385 125 
438 285 389 127 
452 287 395 127 
457 291 401 127 
460 294 404 129 
465 296 408 132 
474 302 414 138 
477 304 423 141 
482 307 427 141 
490 310 431 142 
493 313 433 143 
498 317 436 144 
501 323 442 145 
513 326 447 149 
519 330 449 150 
527 333 456 153 
535 337 462 153 
544 343 468 155 
548 351 478 158 
551 352 483 160 
556 357 487 161 
560 362 493 162 
567 368 495 164 
575 375 500 165 
584 379 506 167 
589 380 507 170 
592 380 511 172 
601 382 518 175 
602 387 519 176 
607 391 527 177 
612 395 532 178 
618 398 538 180 
622 404 543 182 
626 408 547 183 
633 413 555 184 
640 418 560 186 
649 422 565 186 
653 424 567 189 
656 430 573 191 
665 433 581 191 
669 441 590 193 
674 443 593 194 
676 449 599 195 
683 452 604 197 
689 455 606 198 
693 456 609 201 
695 458 610 201 
706 461 615 202 
715 465 619 203 
722 468 625 206 
726 473 629 208 
729 476 637 212 
733 483 642 213 
737 487 648 213 
741 491 649 215 
752 497 654 217 
756 500 660 219 
764 503 661 223 
770 508 664 225 
777 512 665 226 
785 515 673 230 
791 519 678 232 
800 524 681 233 
807 526 687 238 
811 527 692 239 
814 529 696 243 
818 536 700 243 
824 542 709 243 
830 548 709 244 
835 549 714 247 
845 558 723 249 
847 560 728 250 
851 564 732 250 
857 567 741 250 
861 568 747 254 
865 569 752 255 
871 573 756 257 
874 576 762 258 
879 578 762 261 
881 581 771 263 
885 583 777 267 
892 586 784 268 
897 588 789 272 
903 593 791 272 
908 596 797 277 
912 603 800 279 
919 605 807 281 
925 607 811 282 
931 608 818 283 
933 609 824 284 
936 616 827 287 
942 617 833 292 
948 618 846 294 
954 620 851 295 
960 622 856 297 
964 623 859 300 
964 628 861 302 
967 633 869 302 
973 639 873 304 
977 647 878 307 
983 654 881 307 
990 655 888 310 
997 658 896 310 
1002 662 903 310 
1013 667 907 311 
1019 670 909 315 
1025 675 913 320 
1033 679 918 320 
1040 682 921 321 
1051 688 929 322 
1058 690 934 324 
1071 691 941 328 
1075 695 944 328 
1081 698 947 330 
1086 700 950 333 
1094 702 955 336 
1098 706 961 338 
1104 707 969 342 
1109 710 975 342 
1113 712 979 343 
1118 714 986 346 
1123 719 989 347 
1132 722 993 350 
1137 724 997 355 
1140 730 1000 357 
1146 732 1007 360 
1151 738 1009 363 
1159 741 1012 365 
1163 741 1015 366 
1168 745 1018 369 
1175 750 1023 369 
1184 754 1032 371 
1194 758 1038 373 
1199 762 1042 375 
1204 767 1050 377 
1207 774 1058 381 
1207 779 1062 382 
1212 785 1066 383 
1216 788 1071 384 
1218 791 1076 386 
1224 793 1084 389 
1234 794 1089 390 
1242 797 1092 393 
1244 801 1095 393 
1251 803 1099 396 
1259 807 1106 398 
1266 810 1111 399 
1273 812 1116 405 
1276 815 1123 405 
1280 815 1131 407 
1286 818 1136 412 
1291 823 1142 415 
1298 823 1148 416 
1301 828 1153 419 
1303 831 1158 421 
1316 833 1162 427 
1320 836 1168 428 
1322 839 1173 429 
1325 844 1178 433 
1332 845 1183 435 
1339 849 1187 437 
1347 852 1193 439 
1349 856 1194 440 
1353 865 1197 444 
1358 872 1202 444 
1365 873 1208 447 
1369 876 1214 450 
1372 879 1217 453 
1378 882 1224 455 
1386 890 1229 459 
1390 892 1232 460 
1394 898 1239 460 
1400 904 1244 461 
1405 907 1251 464 
1411 908 1257 465 
1415 910 1260 465 
1420 914 1262 468 
1425 921 1265 470 
1427 925 1271 473 
1433 929 1277 475 
1438 933 1279 475 
1441 934 1288 477 
1448 937 1297 478 
1456 942 1302 482 
1460 943 1306 482 
1467 943 1310 482 
1480 949 1319 482 
1486 953 1327 484 
1492 955 1332 488 
1499 958 1336 490 
1508 964 1339 492 
1510 966 1344 492 
1514 969 1349 495 
1520 974 1354 496 
1522 982 1363 498 
1529 985 1368 498 
1536 988 1372 498 
1539 991 1378 502 
1542 996 1382 504 
1545 999 1386 508 
1552 1001 1389 509 
1556 1006 1397 509 
1560 1009 1398 510 
1562 1011 1400 510 
1567 1017 1404 512 
1576 1021 1409 517 
1582 1023 1416 518 
1588 1032 1419 521 
1594 1036 1425 528 
1599 1036 1432 530 
1602 1039 1441 530 
1609 1045 1446 531 
1612 1050 1453 532 
1619 1055 1456 532 
1628 1058 1461 534 
1633 1064 1465 534 
1638 1068 1472 535 
1639 1072 1483 536 
1640 1075 1489 540 
1641 1076 1493 543 
1642 1080 1502 547 
1647 1083 1507 549 
1651 1091 1518 553 
1655 1095 1526 555 
1659 1096 1530 555 
1663 1106 1532 555 
1668 1109 1540 555 
1674 1111 1543 558 
1677 1112 1548 561 
1683 1120 1555 561 
1687 1123 1562 564 
1690 1128 1569 567 
1695 1132 1575 570 
1698 1136 1580 573 
1703 1147 1582 574 
1709 1148 1589 574 
1717 1153 1593 575 
1728 1158 1598 579 
1736 1159 1603 582 
1740 1161 1605 586 
1746 1164 1611 588 
1747 1168 1615 590 
1752 1174 1618 595 
1756 1180 1628 596 
1763 1181 1631 596 
1771 1184 1637 596 
1776 1189 1641 597 
1778 1192 1645 599 
1782 1197 1647 601 
1788 1202 1655 602 
1793 1205 1658 604 
1798 1209 1662 606 
1803 1215 1667 608 
1808 1217 1670 614 
1812 1221 1675 618 
1816 1226 1680 622 
1819 1231 1683 623 
1828 1237 1686 627 
1835 1239 1690 631 
1837 1242 1696 635 
1840 1247 1705 637 
1848 1253 1710 638 
1853 1254 1716 639 
1860 1260 1719 639 
1864 1260 1724 639 
1869 1263 1728 642 
1872 1264 1731 643 
1880 1267 1734 644 
1888 1270 1736 644 
1892 1276 1739 645 
1898 1280 1743 646 
1901 1285 1744 646 
1906 1289 1750 647 
1911 1295 1756 651 
1915 1300 1759 653 
1921 1302 1765 653 
1926 1309 1769 655 
1929 1312 1773 656 
1932 1316 1776 661 
1936 1321 1782 662 
1948 1324 1786 665 
1954 1328 1789 668 
1958 1330 1792 670 
1963 1332 1798 671 
1966 1335 1803 676 
1973 1342 1808 680 
1980 1346 1816 680 
1985 1349 1819 680 
1988 1352 1822 684 
1994 1354 1823 687 
1997 1357 1832 690 
2003 1366 1843 692 
2009 1370 1847 693 
2015 1370 1848 695 
2021 1374 1853 695 
2030 1379 1856 697 
2037 1384 1867 698 
2042 1386 1872 699 
2049 1387 1879 701 
2055 1390 1883 701 
2057 1395 1883 703 
2070 1402 1894 711 
2074 1403 1897 712 
2077 1407 1900 712 
2083 1410 1907 714 
2086 1416 1912 714 
2091 1419 1919 716 
2099 1425 1925 717 
2104 1426 1931 718 
2107 1431 1932 720 
2111 1435 1939 721 
2117 1437 1943 723 
2121 1443 1944 724 
2130 1444 1946 726 
2141 1449 1954 730 
2145 1452 1961 734 
2148 1460 1966 735 
2157 1465 1969 736 
2163 1468 1974 736 
2167 1469 1979 738 
2170 1473 1984 742 
2173 1477 1992 746 
2177 1477 2001 748 
2187 1481 2008 751 
2191 1486 2010 751 
2197 1488 2019 753 
2201 1492 2025 758 
2212 1496 2028 762 
2215 1503 2033 769 
2221 1507 2042 773 
2226 1509 2048 775 
2234 1514 2059 778 
2238 1517 2067 779 
2239 1518 2070 781 
2245 1523 2074 784 
2248 1531 2082 790 
2254 1534 2089 794 
2266 1536 2097 798 
2270 1538 2106 801 
2277 1542 2110 806 
2283 1545 2115 806 
2291 1552 2120 808 
2294 1558 2128 810 
2298 1558 2131 811 
2310 1559 2134 811 
2315 1564 2141 812 
2315 1572 2143 813 
2323 1574 2148 814 
2333 1578 2152 816 
2336 1584 2156 819 
2339 1587 2161 823 
2349 1593 2166 828 
2353 1599 2175 830 
2361 1601 2178 832 
2367 1606 2184 834 
2373 1610 2187 835 
2381 1614 2192 835 
2385 1615 2198 838 
2390 1618 2202 840 
2395 1623 2208 842 
2404 1630 2216 847 
2410 1632 2218 848 
2413 1636 2220 850 
2420 1638 2226 852 
2425 1641 2231 852 
2429 1645 2234 854 
2436 1647 2242 855 
2440 1650 2249 859 
2449 1653 2257 861 
2454 1658 2264 861 
2461 1662 2268 862 
2470 1665 2274 863 
2476 1668 2278 866 
2482 1671 2281 868 
2491 1677 2286 872 
2493 1681 2288 877 
2499 1691 2293 880 
2507 1697 2298 880 
2516 1698 2303 880 
2517 1702 2308 882 
2523 1708 2314 884 
2532 1709 2321 885 
2538 1710 2326 886 
2546 1716 2327 889 
2554 1721 2330 890 
2557 1723 2333 891 
2559 1727 2339 892 
2567 1728 2347 893 
2570 1729 2352 894 
2574 1732 2357 895 
2580 1735 2365 897 
2584 1742 2370 898 
2589 1746 2378 899 
2595 1749 2384 900 
2601 1755 2387 902 
2610 1758 2390 905 
2612 1762 2395 907 
2614 1767 2402 909 
2623 1767 2407 910 
2627 1770 2411 913 
2636 1771 2416 914 
2641 1775 2422 917 
2646 1776 2431 917 
2654 1782 2435 919 
2658 1788 2441 921 
2664 1791 2449 922 
2668 1795 2454 924 
2671 1803 2460 926 
2674 1806 2465 928 
2678 1809 2468 932 
2681 1810 2472 937 
2683 1815 2480 939 
2689 1816 2481 942 
2696 1817 2486 944 
2700 1820 2492 947 
2703 1820 2498 948 
2705 1826 2502 948 
2710 1830 2506 948 
2715 1833 2510 951 
2721 1837 2514 953 
2728 1839 2516 956 
2737 1842 2524 958 
2744 1848 2526 961 
2747 1849 2530 964 
2750 1855 2533 965 
2757 1860 2542 967 
2765 1862 2544 968 
2768 1867 2549 970 
2774 1871 2561 970 
2780 1880 2564 973 
2791 1881 2568 975 
2798 1889 2575 979 
2804 1893 2577 980 
2807 1898 2586 980 
2812 1898 2593 983 
2819 1903 2599 986 
2823 1908 2602 992 
2836 1914 2609 994 
2843 1919 2616 997 
2847 1921 2620 998 
2853 1922 2622 1000 
2855 1927 2631 1002 
2861 1931 2635 1004 
2868 1934 2642 1004 
2873 1937 2644 1005 
2878 1940 2650 1008 
2884 1944 2656 1010 
2885 1946 2659 1019 
2894 1952 2664 1022 
2900 1960 2676 1029 
2901 1966 2682 1031 
2909 1970 2685 1034 
2912 1973 2689 1034 
2918 1976 2696 1037 
2925 1980 2699 1041 
2930 1985 2705 1044 
2938 1987 2713 1044 
2939 1993 2716 1047 
2943 1996 2723 1048 
2946 1998 2727 1050 
2951 2002 2732 1053 
2964 2004 2734 1055 
2968 2007 2738 1058 
2975 2009 2741 1061 
2981 2014 2748 1062 
2989 2015 2752 1065 
2994 2021 2759 1065 
3002 2022 2766 1065 
3011 2024 2771 1068 
3015 2028 2776 1068 
3018 2037 2779 1069 
3020 2040 2784 1073 
3026 2044 2787 1073 
3032 2047 2793 1074 
3039 2050 2799 1078 
3041 2054 2808 1081 
3045 2055 2814 1083 
3048 2060 2823 1085 
3055 2066 2825 1088 
3060 2068 2829 1092 
3065 2071 2832 1093 
3074 2079 2834 1095 
3077 2085 2840 1098 
3084 2091 2844 1100 
3088 2094 2847 1102 
3095 2095 2852 1103 
3103 2097 2859 1105 
3107 2099 2865 1107 
3112 2103 2872 1112 
3117 2107 2877 1112 
3126 2111 2884 1114 
3132 2115 2888 1116 
3140 2119 2893 1117 
3143 2122 2896 1119 
3145 2124 2897 1120 
3150 2129 2903 1122 
3155 2131 2910 1124 
3161 2135 2917 1125 
3165 2140 2922 1128 
3171 2144 2926 1131 
3176 2149 2933 1132 
3180 2151 2936 1132 
3184 2153 2945 1132 
3190 2157 2949 1132 
3196 2160 2951 1132 
3199 2164 2958 1135 
3205 2172 2961 1137 
3212 2174 2965 1139 
3215 2177 2971 1140 
3218 2180 2976 1140 
3223 2183 2981 1142 
3231 2185 2984 1143 
3234 2190 2992 1144 
3241 2194 2995 1145 
3247 2198 3000 1147 
3254 2200 3005 1149 
3256 2203 3012 1153 
3262 2209 3017 1156 
3264 2213 3027 1158 
3269 2219 3031 1160 
3273 2224 3035 1160 
3278 2226 3039 1164 
3282 2232 3047 1164 
3289 2235 3053 1167 
3300 2239 3059 1170 
3305 2241 3065 1172 
3314 2242 3069 1174 
3319 2246 3073 1175 
3320 2253 3078 1177 
3326 2255 3081 1178 
3337 2257 3081 1179 
3341 2260 3086 1179 
3345 2266 3090 1180 
3347 2270 3094 1184 
3350 2272 3097 1187 
3354 2274 3101 1190 
3359 2279 3104 1192 
3364 2284 3111 1193 
3369 2286 3114 1194 
3373 2289 3120 1196 
3378 2295 3125 1196 
3384 2299 3132 1198 
3389 2303 3135 1203 
3397 2309 3142 1203 
3403 2314 3143 1203 
3407 2316 3148 1205 
3412 2320 3152 1208 
3417 2325 3157 1209 
3427 2331 3158 1212 
3435 2334 3162 1214 
3439 2342 3168 1215 
3446 2343 3175 1219 
3450 2345 3180 1224 
3457 2349 3186 1225 
3462 2354 3196 1228 
3469 2359 3204 1229 
3471 2362 3212 1230 
3475 2364 3222 1232 
3481 2368 3229 1235 
3486 2371 3234 1235 
3491 2376 3240 1238 
3496 2378 3246 1242 
3500 2381 3249 1245 
3505 2385 3256 1246 
3514 2388 3260 1248 
3515 2390 3263 1248 
3519 2393 3264 1251 
3519 2397 3268 1252 
3527 2402 3272 1254 
3533 2408 3279 1254 
3540 2414 3285 1255 
3544 2415 3293 1257 
3551 2420 3295 1258 
3560 2426 3301 1260 
3564 2430 3309 1263 
3570 2433 3314 1263 
3576 2440 3316 1266 
3586 2443 3322 1268 
3595 2444 3328 1271 
3599 2449 3331 1272 
3605 2457 3337 1273 
3610 2460 3338 1274 
3618 2462 3347 1279 
3621 2465 3355 1284 
3628 2469 3359 1285 
3638 2469 3364 1286 
3640 2474 3368 1287 
3644 2477 3373 1290 
3650 2481 3381 1292 
3655 2484 3391 1293 
3658 2488 3395 1294 
3663 2489 3402 1295 
3667 2492 3403 1296 
3674 2498 3409 1300 
3684 2502 3411 1300 
3690 2507 3415 1303 
3694 2511 3424 1304 
3699 2515 3429 1304 
3701 2522 3434 1305 
3704 2522 3438 1307 
3711 2524 3441 1310 
3715 2527 3448 1312 
3721 2534 3453 1313 
3726 2540 3457 1315 
3732 2546 3458 1317 
3738 2550 3464 1317 
3742 2551 3467 1318 
3749 2557 3474 1320 
3755 2560 3480 1323 
3761 2566 3483 1324 
3768 2569 3486 1325 
3769 2572 3491 1327 
3774 2573 3499 1328 
3783 2574 3500 1331 
3788 2577 3505 1332 
3794 2580 3513 1333 
3800 2583 3520 1335 
3806 2589 3526 1336 
3812 2591 3531 1338 
3818 2595 3536 1340 
3821 2598 3539 1340 
3824 2601 3546 1341 
3832 2604 3550 1343 
3839 2606 3557 1345 
3844 2608 3560 1345 
3849 2612 3564 1348 
3859 2613 3568 1350 
3865 2618 3575 1350 
3869 2621 3581 1350 
3871 2627 3585 1352 
3878 2628 3588 1352 
3884 2630 3590 1355 
3889 2634 3595 1355 
3890 2639 3600 1355 
3895 2646 3606 1359 
3899 2651 3607 1359 
3904 2654 3615 1361 
3913 2660 3625 1365 
3922 2668 3627 1369 
3927 2671 3631 1371 
3930 2676 3637 1374 
3936 2680 3641 1375 
3938 2684 3645 1375 
3946 2691 3648 1378 
3954 2698 3656 1378 
3958 2703 3659 1379 
3968 2705 3664 1381 
3972 2706 3668 1384 
3973 2712 3671 1385 
3983 2713 3677 1387 
3989 2716 3686 1387 
3993 2721 3691 1389 
3999 2725 3695 1392 
4005 2729 3698 1394 
4010 2733 3704 1396 
4014 2736 3707 1398 
4019 2740 3709 1398 
4027 2743 3713 1401 
4031 2748 3716 1402 
4039 2754 3718 1404 
4046 2761 3725 1406 
4052 2765 3729 1407 
4054 2767 3733 1410 
4057 2775 3736 1410 
4064 2779 3742 1413 
4074 2782 3747 1415 
4081 2784 3752 1417 
4087 2789 3756 1420 
4095 2799 3762 1421 
4100 2807 3766 1422 
4104 2808 3771 1425 
4111 2813 3778 1428 
4117 2817 3783 1429 
4119 2823 3790 1430 
4124 2824 3796 1432 
4137 2826 3804 1436 
4143 2833 3807 1436 
4151 2835 3813 1436 
4158 2836 3821 1439 
4162 2838 3827 1442 
4167 2843 3835 1444 
4170 2847 3842 1446 
4175 2849 3844 1447 
4176 2852 3846 1451 
4183 2853 3852 1452 
4186 2864 3858 1452 
4193 2869 3864 1453 
4197 2872 3868 1455 
4200 2877 3871 1461 
4206 2883 3880 1466 
4213 2885 3890 1467 
4226 2887 3894 1470 
4236 2891 3901 1473 
4241 2894 3906 1475 
4246 2897 3909 1476 
4251 2900 3913 1478 
4255 2907 3918 1480 
4262 2911 3922 1483 
4264 2918 3927 1484 
4271 2927 3933 1486 
4280 2935 3938 1488 
4285 2938 3944 1491 
4292 2940 3948 1492 
4294 2944 3955 1494 
4297 2948 3962 1496 
4301 2955 3966 1498 
4306 2956 3973 1499 
4309 2964 3975 1500 
4314 2968 3979 1503 
4324 2974 3986 1505 
4334 2976 3993 1509 
4342 2981 3999 1510 
4347 2986 4005 1511 
4351 2990 4011 1514 
4360 2994 4015 1515 
4366 2996 4022 1520 
4370 2999 4026 1522 
4375 3002 4033 1522 
4381 3003 4042 1524 
4385 3006 4047 1526 
4389 3010 4055 1526 
4395 3012 4061 1528 
4403 3014 4068 1529 
4404 3019 4075 1530 
4410 3024 4083 1530 
4414 3031 4089 1534 
4418 3037 4094 1537 
4424 3042 4097 1540 
4426 3047 4101 1541 
4430 3052 4105 1544 
4434 3054 4110 1545 
4441 3060 4112 1548 
4444 3068 4121 1554 
4450 3071 4125 1554 
4454 3072 4129 1556 
4462 3073 4135 1556 
4470 3076 4140 1556 
4473 3077 4142 1559 
4477 3085 4147 1560 
4482 3091 4153 1562 
4486 3093 4159 1563 
4492 3095 4163 1564 
4499 3099 4170 1565 
4504 3103 4177 1570 
4509 3107 4186 1571 
4516 3108 4193 1572 
4521 3113 4197 1573 
4523 3116 4203 1575 
4528 3120 4210 1577 
4532 3126 4214 1578 
4536 3130 4217 1582 
4539 3133 4223 1583 
4541 3135 4230 1585 
4547 3140 4235 1587 
4554 3146 4241 1587 
4559 3146 4248 1589 
4565 3149 4254 1590 
4568 3151 4262 1592 
4575 3154 4268 1594 
4579 3157 4277 1598 
4584 3161 4283 1600 
4590 3165 4289 1600 
4593 3171 4295 1602 
4595 3176 4298 1602 
4599 3176 4300 1604 
4602 3181 4305 1608 
4608 3184 4314 1608 
4616 3186 4320 1610 
4621 3188 4325 1610 
4625 3194 4331 1612 
4634 3196 4336 1614 
4635 3201 4343 1618 
4639 3207 4350 1619 
4645 3212 4357 1620 
4652 3216 4363 1622 
4654 3220 4370 1624 
4662 3221 4374 1626 
4667 3229 4382 1630 
4671 3235 4388 1633 
4673 3240 4395 1636 
4677 3243 4401 1637 
4682 3244 4406 1641 
4692 3248 4414 1643 
4695 3255 4420 1646 
4706 3260 4427 1649 
4712 3264 4434 1651 
4720 3271 4442 1651 
4726 3274 4446 1651 
4734 3275 4450 1651 
4736 3277 4457 1652 
4741 3278 4461 1654 
4746 3279 4466 1658 
4756 3285 4470 1659 
4766 3287 4474 1660 
4773 3289 4478 1662 
4777 3291 4478 1665 
4784 3297 4483 1667 
4790 3303 4494 1669 
4796 3305 4498 1670 
4799 3312 4502 1674 
4803 3314 4509 1675 
4809 3318 4514 1678 
4814 3319 4522 1680 
4821 3326 4531 1683 
4826 3330 4535 1685 
4827 3335 4539 1687 
4833 3341 4541 1687 
4838 3343 4550 1688 
4844 3350 4554 1692 
4854 3354 4561 1693 
4861 3359 4564 1694 
4867 3362 4566 1697 
4874 3364 4573 1700 
4879 3369 4584 1704 
4883 3375 4588 1705 
4890 3379 4591 1708 
4893 3382 4602 1710 
4898 3384 4610 1713 
4905 3392 4615 1716 
4909 3396 4623 1718 
4913 3398 4625 1720 
4918 3407 4630 1722 
4922 3407 4636 1722 
4931 3410 4639 1723 
4938 3415 4646 1724 
4943 3417 4650 1725 
4950 3426 4653 1727 
4957 3430 4659 1727 
4965 3434 4667 1730 
4969 3438 4679 1734 
4975 3441 4690 1735 
4980 3442 4696 1735 
4984 3449 4699 1737 
4996 3452 4701 1737 
4997 3461 4707 1738 
5006 3464 4712 1741 
5010 3465 4717 1741 
5014 3469 4723 1743 
5020 3472 4727 1749 
5024 3480 4733 1750 
5030 3488 4736 1752 
5036 3489 4745 1757 
5040 3494 4749 1758 
5044 3498 4755 1759 
5049 3502 4762 1760 
5050 3509 4765 1762 
5053 3512 4768 1766 
5056 3515 4777 1768 
5060 3519 4781 1770 
5064 3521 4790 1773 
5069 3527 4795 1776 
5073 3530 4798 1778 
5079 3531 4801 1781 
5083 3535 4808 1782 
5089 3538 4815 1782 
5092 3541 4818 1785 
5096 3547 4823 1790 
5102 3548 4828 1791 
5105 3553 4834 1793 
5111 3559 4840 1794 
5115 3565 4849 1797 
5121 3568 4857 1799 
5130 3569 4861 1801 
5132 3570 4869 1801 
5136 3573 4875 1802 
5145 3579 4879 1804 
5149 3580 4884 1804 
5155 3583 4887 1805 
5157 3588 4892 1807 
5161 3591 4898 1810 
5166 3594 4902 1812 
5168 3599 4910 1814 
5173 3602 4914 1815 
5177 3605 4917 1817 
5184 3610 4921 1817 
5190 3616 4927 1820 
5195 3617 4933 1822 
5203 3621 4938 1824 
5208 3623 4942 1826 
5211 3627 4951 1829 
5215 3636 4954 1831 
5220 3640 4957 1832 
5225 3643 4967 1834 
5232 3648 4973 1838 
5239 3654 4976 1839 
5246 3660 4980 1840 
5250 3668 4985 1841 
5257 3673 4995 1844 
5261 3677 5005 1845 
5270 3683 5011 1847 
5278 3688 5025 1850 
5285 3693 5031 1852 
5291 3696 5038 1855 
5297 3701 5047 1855 
5303 3706 5053 1856 
5307 3707 5058 1859 
5316 3707 5061 1860 
5321 3710 5069 1861 
5327 3717 5072 1862 
5327 3721 5076 1863 
5337 3725 5079 1863 
5342 3728 5082 1867 
5348 3732 5086 1869 
5352 3737 5089 1872 
5356 3741 5099 1873 
5360 3746 5104 1874 
5365 3749 5107 1881 
5374 3752 5111 1881 
5374 3758 5118 1881 
5378 3761 5124 1884 
5382 3766 5134 1886 
5395 3769 5140 1887 
5398 3772 5146 1889 
5404 3777 5153 1891 
5404 3778 5155 1893 
5405 3781 5158 1896 
5409 3788 5161 1897 
5417 3791 5167 1898 
5421 3796 5172 1901 
5426 3801 5181 1905 
5433 3807 5187 1909 
5439 3812 5193 1911 
5445 3817 5197 1917 
5451 3819 5198 1920 
5456 3821 5205 1923 
5469 3824 5212 1923 
5470 3831 5217 1924 
5476 3834 5222 1927 
5479 3837 5229 1929 
5485 3841 5232 1931 
5492 3845 5238 1931 
5500 3850 5243 1931 
5503 3855 5247 1932 
5509 3860 5250 1934 
5516 3866 5255 1935 
5519 3871 5262 1936 
5527 3874 5269 1940 
5532 3878 5276 1943 
5536 3883 5279 1945 
5541 3892 5287 1949 
5547 3896 5290 1950 
5557 3902 5297 1952 
5562 3903 5297 1956 
5568 3909 5302 1959 
5575 3915 5306 1961 
5579 3916 5309 1962 
5585 3920 5312 1965 
5592 3921 5317 1966 
5596 3922 5325 1967 
5604 3924 5334 1968 
5609 3929 5340 1969 
5614 3934 5343 1970 
5620 3941 5353 1971 
5623 3948 5362 1972 
5629 3952 5363 1974 
5634 3957 5366 1976 
5641 3963 5373 1978 
5647 3967 5380 1981 
5656 3971 5385 1984 
5661 3974 5388 1984 
5662 3978 5395 1985 
5664 3982 5406 1985 
5666 3991 5411 1987 
5670 3995 5415 1989 
5674 3997 5419 1990 
5683 4002 5424 1990 
5692 4006 5430 1993 
5700 4008 5438 1994 
5706 4013 5447 1996 
5713 4015 5451 1997 
5715 4021 5457 1999 
5720 4025 5461 2001 
5727 4027 5465 2004 
5731 4032 5472 2007 
5740 4036 5478 2010 
5746 4040 5483 2010 
5746 4043 5488 2012 
5756 4049 5495 2014 
5761 4053 5499 2016 
5769 4058 5504 2017 
5774 4059 5507 2019 
5778 4066 5511 2020 
5783 4074 5512 2020 
5790 4080 5516 2024 
5798 4084 5524 2028 
5801 4089 5527 2033 
5810 4094 5532 2034 
5815 4097 5542 2037 
5825 4103 5554 2039 
5830 4106 5567 2041 
5834 4109 5572 2044 
5838 4116 5578 2045 
5844 4120 5584 2047 
5850 4124 5589 2047 
5857 4125 5594 2049 
5861 4131 5600 2053 
5862 4138 5606 2055 
5868 4146 5611 2055 
5872 4149 5617 2057 
5876 4154 5621 2060 
5881 4159 5626 2063 
5891 4163 5628 2064 
5896 4168 5637 2067 
5898 4171 5643 2068 
5902 4176 5650 2070 
5907 4181 5659 2071 
5909 4187 5662 2076 
5913 4189 5665 2076 
5918 4192 5672 2078 
5922 4195 5679 2078 
5924 4197 5685 2080 
5930 4200 5689 2081 
5937 4209 5694 2083 
5940 4213 5702 2083 
5943 4216 5708 2084 
5948 4218 5712 2086 
5952 4221 5717 2089 
5956 4224 5723 2090 
5961 4229 5728 2091 
5967 4234 5732 2093 
5973 4236 5738 2099 
5977 4242 5744 2103 
5982 4247 5750 2105 
5988 4252 5757 2107 
5997 4257 5761 2113 
6003 4261 5767 2114 
6007 4263 5769 2115 
6014 4265 5773 2116 
6022 4271 5781 2119 
6025 4280 5786 2120 
6034 4283 5790 2121 
6038 4285 5794 2124 
6045 4288 5796 2125 
6053 4291 5801 2128 
6060 4295 5810 2133 
6066 4299 5812 2134 
6069 4308 5819 2138 
6074 4311 5828 2144 
6080 4318 5837 2145 
6084 4325 5841 2145 
6085 4329 5850 2147 
6088 4332 5855 2147 
6092 4340 5860 2149 
6096 4344 5863 2152 
6104 4347 5868 2154 
6109 4353 5872 2155 
6113 4359 5876 2157 
6117 4361 5882 2159 
6125 4368 5890 2160 
6130 4373 5893 2160 
6135 4377 5900 2161 
6141 4384 5904 2162 
6146 4387 5909 2165 
6154 4388 5916 2168 
6160 4392 5922 2173 
6166 4395 5923 2177 
6168 4395 5932 2180 
6174 4396 5938 2183 
6178 4402 5949 2185 
6181 4406 5954 2186 
6184 4408 5956 2192 
6190 4414 5959 2195 
6195 4418 5967 2196 
6197 4420 5968 2198 
6198 4428 5976 2198 
6202 4430 5982 2200 
6205 4433 5987 2202 
6207 4437 5994 2204 
6209 4441 6003 2206 
6211 4443 6012 2208 
6215 4448 6018 2209 
6222 4454 6024 2212 
6227 4455 6031 2213 
6232 4459 6035 2216 
6237 4461 6042 2219 
6240 4462 6048 2224 
6250 4468 6048 2227 
6258 4472 6054 2230 
6265 4477 6064 2234 
6269 4477 6068 2235 
6273 4479 6075 2236 
6280 4485 6084 2237 
6286 4492 6092 2241 
6292 4496 6100 2242 
6297 4501 6107 2247 
6300 4507 6111 2251 
6304 4511 6117 2252 
6307 4512 6118 2253 
6315 4515 6125 2254 
6318 4522 6131 2254 
6321 4529 6138 2256 
6331 4532 6140 2256 
6335 4534 6149 2258 
6342 4538 6152 2262 
6347 4541 6156 2263 
6351 4545 6159 2268 
6355 4552 6163 2270 
6361 4560 6165 2274 
6370 4564 6168 2279 
6375 4568 6176 2284 
6381 4573 6180 2284 
6390 4576 6185 2287 
6394 4579 6190 2290 
6401 4581 6201 2292 
6404 4586 6205 2294 
6410 4590 6210 2298 
6417 4590 6220 2298 
6422 4593 6226 2301 
6425 4598 6231 2303 
6429 4605 6236 2303 
6436 4612 6244 2305 
6441 4616 6247 2309 
6445 4620 6250 2309 
6446 4623 6256 2309 
6450 4625 6260 2310 
6455 4629 6263 2313 
6461 4631 6269 2315 
6469 4633 6272 2316 
6474 4640 6278 2318 
6478 4643 6281 2319 
6483 4647 6286 2321 
6493 4649 6292 2323 
6498 4655 6295 2328 
6504 4659 6302 2330 
6509 4663 6305 2332 
6514 4668 6309 2332 
6516 4671 6312 2333 
6521 4672 6317 2335 
6524 4678 6326 2338 
6530 4679 6334 2338 
6535 4685 6337 2339 
6541 4690 6343 2342 
6547 4696 6345 2342 
6551 4701 6346 2344 
6557 4705 6352 2345 
6562 4710 6359 2346 
6568 4712 6366 2346 
6578 4718 6373 2346 
6586 4724 6377 2347 
6588 4727 6384 2354 
6592 4735 6387 2356 
6595 4743 6394 2357 
6599 4750 6401 2357 
6608 4755 6408 2358 
6612 4760 6413 2359 
6615 4763 6419 2362 
6618 4766 6426 2363 
6624 4768 6431 2364 
6630 4776 6438 2367 
6633 4782 6443 2368 
6636 4782 6447 2369 
6645 4787 6454 2372 
6651 4790 6457 2373 
6660 4795 6466 2377 
6665 4802 6471 2382 
6671 4806 6478 2383 
6684 4809 6482 2385 
6689 4811 6487 2385 
6698 4815 6494 2387 
6704 4819 6501 2388 
6712 4822 6505 2390 
6717 4828 6508 2395 
6725 4832 6515 2396 
6734 4835 6519 2397 
6737 4838 6528 2399 
6746 4840 6532 2402 
6753 4843 6538 2405 
6761 4847 6540 2407 
6766 4851 6543 2407 
6775 4855 6548 2408 
6779 4862 6553 2409 
6781 4865 6559 2412 
6788 4871 6564 2416 
6793 4878 6567 2416 
6801 4880 6574 2416 
6807 4885 6579 2417 
6812 4890 6583 2418 
6814 4891 6585 2421 
6820 4894 6593 2424 
6820 4895 6596 2426 
6825 4897 6604 2430 
6835 4899 6607 2432 
6841 4903 6610 2434 
6849 4903 6615 2434 
6853 4906 6616 2437 
6861 4912 6622 2437 
6865 4918 6628 2442 
6872 4925 6632 2444 
6878 4928 6640 2445 
6886 4933 6649 2447 
6889 4936 6655 2448 
6891 4943 6661 2450 
6896 4951 6664 2455 
6904 4955 6669 2460 
6910 4959 6677 2462 
6918 4968 6683 2464 
6924 4970 6688 2466 
6929 4974 6694 2467 
6936 4980 6702 2468 
6943 4983 6713 2468 
6951 4988 6721 2470 
6959 4996 6724 2476 
6963 5000 6730 2479 
6966 5002 6735 2479 
6970 5007 6739 2481 
6974 5010 6747 2483 
6978 5012 6755 2484 
6985 5016 6761 2486 
6986 5018 6765 2488 
6991 5023 6773 2491 
7001 5028 6778 2494 
7004 5031 6787 2494 
7009 5033 6791 2496 
7017 5037 6795 2498 
7020 5038 6800 2499 
7026 5047 6804 2503 
7029 5053 6812 2505 
7031 5058 6816 2507 
7035 5064 6821 2513 
7038 5068 6826 2517 
7040 5072 6839 2519 
7051 5076 6842 2520 
7056 5079 6847 2522 
7060 5086 6858 2523 
7065 5088 6861 2526 
7067 5094 6869 2529 
7071 5096 6876 2530 
7076 5099 6882 2531 
7090 5101 6887 2532 
7095 5107 6893 2536 
7102 5107 6900 2538 
7106 5108 6905 2538 
7111 5111 6909 2539 
7117 5115 6912 2541 
7122 5117 6916 2543 
7126 5122 6918 2544 
7130 5126 6925 2545 
7135 5133 6932 2545 
7143 5135 6938 2546 
7143 5143 6942 2548 
7145 5146 6946 2550 
7153 5153 6949 2551 
7157 5161 6955 2554 
7164 5168 6957 2556 
7168 5173 6959 2559 
7173 5177 6964 2561 
7178 5179 6966 2565 
7185 5182 6970 2569 
7188 5184 6973 2569 
7193 5188 6980 2571 
7196 5192 6988 2573 
7200 5195 6998 2578 
7206 5204 7000 2580 
7211 5209 7002 2584 
7214 5215 7006 2586 
7222 5219 7010 2588 
7225 5222 7015 2590 
7234 5223 7024 2592 
7241 5228 7028 2592 
7246 5231 7036 2593 
7250 5234 7040 2593 
7256 5237 7046 2597 
7264 5240 7051 2601 
7267 5243 7054 2602 
7275 5246 7059 2604 
7281 5248 7068 2604 
7288 5250 7071 2607 
7292 5258 7077 2609 
7297 5265 7083 2609 
7306 5268 7092 2613 
7314 5269 7099 2614 
7318 5274 7101 2616 
7323 5282 7103 2618 
7325 5286 7111 2620 
7330 5291 7116 2623 
7333 5293 7120 2625 
7341 5296 7124 2626 
7347 5301 7127 2629 
7356 5304 7135 2629 
7365 5309 7142 2629 
7371 5312 7142 2631 
7376 5318 7144 2634 
7381 5320 7148 2635 
7383 5328 7151 2638 
7387 5331 7158 2641 
7396 5335 7159 2646 
7400 5340 7164 2646 
7406 5342 7174 2648 
7409 5348 7177 2648 
7414 5351 7183 2650 
7419 5357 7193 2653 
7420 5363 7196 2655 
7423 5368 7201 2657 
7429 5372 7214 2658 
7432 5379 7222 2659 
7437 5381 7234 2661 
7446 5388 7242 2662 
7450 5394 7249 2665 
7456 5403 7252 2668 
7462 5406 7254 2670 
7465 5410 7256 2673 
7470 5413 7260 2674 
7473 5418 7266 2678 
7476 5420 7271 2679 
7480 5424 7276 2681 
7483 5427 7280 2685 
7487 5430 7285 2686 
7489 5432 7288 2688 
7496 5437 7292 2689 
7500 5441 7299 2691 
7503 5443 7307 2692 
7511 5448 7309 2692 
7518 5453 7313 2693 
7523 5459 7324 2695 
7527 5460 7330 2696 
7534 5464 7337 2697 
7538 5469 7347 2700 
7542 5474 7356 2703 
7548 5477 7362 2704 
7552 5481 7366 2706 
7556 5485 7372 2708 
7564 5490 7373 2709 
7572 5494 7379 2710 
7574 5496 7380 2711 
7578 5503 7383 2712 
7583 5507 7389 2712 
7588 5512 7394 2713 
7591 5516 7406 2717 
7597 5522 7414 2723 
7602 5527 7420 2728 
7607 5531 7426 2729 
7612 5536 7431 2730 
7616 5541 7437 2731 
7621 5548 7441 2732 
7629 5553 7447 2734 
7638 5553 7454 2735 
7641 5555 7459 2738 
7644 5560 7468 2741 
7651 5564 7474 2743 
7652 5567 7478 2744 
7655 5570 7481 2744 
7659 5575 7489 2746 
7664 5581 7494 2748 
7667 5584 7499 2749 
7679 5587 7504 2750 
7683 5588 7509 2751 
7687 5598 7514 2751 
7692 5605 7520 2754 
7699 5610 7528 2756 
7705 5615 7531 2758 
7711 5624 7536 2758 
7716 5631 7538 2759 
7716 5634 7543 2760 
7719 5635 7548 2763 
7725 5637 7551 2764 
7730 5641 7553 2766 
7740 5644 7562 2766 
7743 5650 7568 2769 
7746 5654 7573 2771 
7753 5660 7576 2773 
7759 5662 7582 2776 
7763 5665 7586 2777 
7767 5667 7596 2778 
7770 5671 7599 2780 
7777 5673 7605 2783 
7785 5678 7613 2784 
7788 5681 7616 2787 
7794 5688 7620 2789 
7803 5689 7627 2791 
7807 5694 7634 2792 
7815 5697 7636 2795 
7821 5699 7639 2795 
7827 5705 7644 2795 
7833 5706 7649 2798 
7839 5707 7655 2801 
7845 5714 7659 2802 
7851 5722 7668 2805 
7860 5727 7677 2807 
7867 5731 7685 2808 
7870 5738 7689 2810 
7874 5744 7696 2810 
7879 5747 7703 2814 
7888 5751 7707 2817 
7893 5755 7712 2819 
7899 5760 7713 2821 
7907 5762 7716 2824 
7913 5763 7723 2825 
7919 5771 7726 2828 
7926 5774 7730 2831 
7939 5779 7737 2832 
7943 5785 7744 2834 
7949 5788 7749 2836 
7953 5794 7756 2837 
7960 5799 7762 2841 
7965 5804 7767 2844 
7969 5808 7772 2846 
7975 5812 7777 2848 
7984 5818 7783 2848 
7991 5823 7784 2852 
7998 5831 7788 2855 
8004 5836 7794 2855 
8008 5842 7799 2857 
8010 5846 7807 2863 
8016 5848 7814 2863 
8023 5849 7822 2863 
8028 5850 7827 2867 
8030 5853 7833 2870 
8036 5859 7837 2876 
8039 5865 7843 2878 
8045 5869 7850 2880 
8052 5874 7858 2882 
8054 5874 7863 2883 
8060 5879 7868 2887 
8068 5885 7872 2888 
8071 5892 7878 2889 
8077 5893 7886 2894 
8082 5896 7892 2894 
8088 5897 7896 2898 
8090 5901 7898 2898 
8094 5906 7906 2900 
8097 5908 7908 2901 
8107 5913 7913 2902 
8112 5917 7922 2906 
8120 5921 7924 2909 
8130 5928 7929 2911 
8134 5934 7931 2911 
8140 5936 7937 2912 
8147 5942 7941 2914 
8151 5945 7946 2915 
8155 5947 7950 2918 
8158 5949 7956 2919 
8164 5954 7961 2920 
8170 5958 7968 2922 
8176 5963 7972 2924 
8179 5965 7978 2924 
8181 5974 7981 2926 
8182 5975 7987 2927 
8187 5981 7992 2928 
8191 5985 7995 2929 
8200 5988 7997 2930 
8206 5991 8009 2934 
8211 6001 8016 2938 
8216 6006 8021 2940 
8221 6008 8029 2940 
8225 6018 8037 2941 
8230 6022 8041 2943 
8233 6027 8045 2946 
8237 6029 8048 2949 
8245 6035 8051 2953 
8253 6041 8055 2956 
8259 6044 8063 2959 
8265 6046 8067 2963 
8268 6049 8074 2964 
8273 6056 8082 2965 
8282 6058 8090 2966 
8289 6065 8101 2967 
8294 6069 8110 2967 
8298 6074 8117 2967 
8302 6077 8121 2969 
8304 6081 8127 2969 
8311 6088 8132 2970 
8317 6092 8137 2972 
8321 6095 8142 2974 
8324 6098 8154 2976 
8327 6101 8159 2978 
8332 6106 8164 2983 
8338 6113 8170 2985 
8343 6115 8177 2986 
8353 6117 8183 2988 
8355 6120 8192 2992 
8360 6122 8195 2994 
8363 6126 8198 2995 
8366 6132 8205 2998 
8367 6137 8211 2998 
8370 6138 8217 3002 
8377 6142 8229 3005 
8380 6147 8231 3006 
8385 6148 8235 3007 
8387 6156 8241 3011 
8395 6161 8247 3012 
8401 6164 8256 3015 
8407 6167 8267 3017 
8417 6174 8278 3017 
8425 6178 8278 3019 
8430 6183 8281 3021 
8436 6190 8284 3023 
8439 6197 8289 3025 
8445 6204 8295 3026 
8449 6211 8301 3028 
8455 6216 8307 3032 
8462 6218 8311 3033 
8464 6223 8319 3034 
8467 6229 8320 3035 
8471 6230 8327 3037 
8476 6234 8333 3037 
8484 6239 8341 3037 
8487 6240 8348 3039 
8494 6242 8350 3043 
8497 6248 8354 3047 
8506 6254 8359 3049 
8510 6255 8364 3051 
8515 6259 8372 3053 
8522 6262 8376 3054 
8530 6268 8383 3057 
8534 6271 8387 3058 
8536 6274 8394 3060 
8541 6278 8396 3060 
8550 6281 8401 3062 
8556 6286 8411 3063 
8561 6290 8414 3063 
8571 6295 8419 3064 
8575 6299 8423 3065 
8580 6304 8431 3070 
8587 6308 8439 3070 
8594 6311 8442 3071 
8599 6313 8448 3074 
8606 6317 8456 3074 
8613 6321 8458 3076 
8619 6325 8462 3076 
8627 6329 8469 3078 
8633 6334 8477 3079 
8642 6341 8481 3080 
8649 6347 8486 3080 
8655 6351 8489 3083 
8659 6352 8494 3084 
8666 6361 8499 3085 
8671 6362 8501 3086 
8675 6367 8507 3090 
8680 6371 8511 3092 
8690 6377 8516 3097 
8693 6380 8522 3098 
8694 6384 8527 3100 
8697 6385 8535 3105 
8699 6389 8542 3107 
8703 6392 8548 3108 
8711 6395 8559 3110 
8718 6403 8569 3112 
8721 6410 8574 3116 
8726 6413 8579 3120 
8729 6414 8587 3123 
8734 6418 8590 3125 
8736 6419 8600 3130 
8742 6423 8604 3130 
8749 6426 8608 3134 
8753 6431 8614 3138 
8758 6436 8621 3140 
8761 6439 8630 3141 
8770 6443 8635 3144 
8774 6448 8641 3144 
8778 6453 8645 3145 
8786 6456 8654 3146 
8790 6463 8660 3149 
8797 6471 8666 3150 
8800 6475 8672 3151 
8802 6479 8675 3151 
8809 6482 8682 3153 
8817 6485 8689 3154 
8828 6492 8692 3155 
8833 6495 8698 3158 
8839 6499 8700 3160 
8843 6503 8705 3160 
8848 6506 8711 3163 
8851 6513 8721 3167 
8857 6520 8722 3168 
8861 6525 8727 3170 
8865 6531 8731 3172 
8873 6534 8736 3177 
8876 6536 8739 3180 
8881 6540 8747 3181 
8885 6544 8752 3183 
8888 6551 8763 3186 
8891 6554 8766 3187 
8899 6558 8769 3188 
8902 6562 8769 3193 
8909 6564 8774 3196 
8913 6569 8782 3198 
8916 6571 8785 3200 
8919 6573 8795 3204 
8924 6577 8804 3205 
8927 6581 8811 3206 
8936 6584 8816 3211 
8943 6587 8826 3215 
8948 6592 8830 3218 
8955 6599 8841 3221 
8959 6601 8845 3225 
8966 6603 8849 3228 
8971 6605 8854 3230 
8978 6606 8858 3232 
8983 6609 8863 3233 
8987 6614 8867 3237 
8991 6618 8876 3242 
9002 6622 8880 3244 
9007 6624 8882 3246 
9015 6627 8892 3246 
9020 6630 8901 3248 
9025 6633 8907 3251 
9029 6637 8911 3252 
9040 6642 8919 3252 
9045 6645 8924 3254 
9049 6647 8933 3255 
9053 6648 8939 3258 
9057 6652 8945 3259 
9064 6653 8949 3264 
9069 6657 8955 3265 
9074 6664 8963 3268 
9077 6669 8968 3271 
9082 6675 8973 3275 
9088 6676 8976 3278 
9093 6679 8980 3281 
9097 6681 8985 3283 
9107 6686 8993 3284 
9119 6687 9000 3289 
9123 6691 9006 3290 
9130 6692 9013 3290 
9134 6697 9018 3292 
9142 6703 9024 3293 
9148 6707 9030 3296 
9148 6713 9039 3298 
9158 6715 9049 3300 
9158 6721 9051 3301 
9165 6724 9057 3302 
9174 6733 9064 3304 
9177 6736 9070 3309 
9180 6739 9076 3312 
9186 6741 9083 3312 
9190 6747 9087 3315 
9195 6751 9093 3317 
9202 6752 9099 3319 
9209 6760 9103 3321 
9212 6766 9111 3322 
9215 6768 9115 3323 
9221 6775 9122 3324 
9228 6780 9126 3325 
9239 6784 9134 3326 
9245 6788 9140 3327 
9249 6789 9143 3327 
9254 6797 9148 3329 
9259 6803 9155 3333 
9265 6810 9160 3337 
9269 6815 9164 3338 
9274 6824 9167 3342 
9281 6826 9175 3343 
9289 6826 9183 3344 
9295 6830 9188 3348 
9298 6833 9192 3349 
9305 6834 9197 3353 
9311 6839 9200 3355 
9316 6841 9203 3358 
9319 6844 9210 3359 
9323 6847 9216 3360 
9328 6850 9222 3362 
9335 6858 9228 3362 
9339 6862 9236 3362 
9344 6867 9246 3364 
9348 6872 9256 3366 
9349 6874 9264 3371 
9350 6881 9269 3372 
9353 6890 9272 3373 
9356 6893 9277 3373 
9361 6896 9282 3373 
9370 6900 9287 3376 
9373 6907 9289 3378 
9377 6910 9294 3380 
9382 6916 9300 3381 
9387 6920 9305 3387 
9393 6929 9310 3390 
9399 6938 9317 3393 
9405 6941 9322 3395 
9411 6947 9327 3400 
9414 6950 9330 3403 
9422 6957 9340 3405 
9425 6962 9348 3409 
9433 6967 9350 3412 
9437 6977 9354 3415 
9442 6981 9361 3416 
9446 6986 9365 3416 
9451 6989 9371 3419 
9453 6994 9378 3421 
9456 6999 9386 3422 
9461 7003 9388 3425 
9466 7004 9390 3426 
9472 7008 9394 3427 
9477 7014 9398 3430 
9481 7019 9402 3430 
9483 7024 9410 3432 
9491 7032 9419 3433 
9495 7040 9424 3435 
9501 7042 9430 3439 
9507 7050 9438 3439 
9513 7055 9444 3441 
9518 7061 9449 3445 
9520 7063 9454 3449 
9522 7069 9460 3451 
9533 7077 9469 3455 
9540 7083 9471 3458 
9546 7087 9476 3460 
9555 7091 9484 3462 
9561 7099 9485 3462 
9565 7102 9490 3465 
9569 7109 9495 3468 
9573 7112 9497 3469 
9583 7116 9504 3470 
9588 7120 9508 3471 
9596 7123 9514 3475 
9599 7127 9515 3475 
9604 7131 9517 3478 
9612 7134 9523 3480 
9614 7138 9530 3480 
9621 7142 9537 3484 
9623 7144 9543 3487 
9634 7148 9552 3489 
9640 7151 9555 3490 
9648 7154 9562 3495 
9655 7156 9567 3497 
9657 7162 9571 3497 
9661 7168 9575 3498 
9666 7171 9577 3500 
9668 7176 9582 3501 
9673 7181 9585 3504 
9675 7186 9593 3506 
9683 7189 9599 3507 
9684 7194 9604 3508 
9695 7197 9612 3508 
9700 7201 9621 3509 
9705 7208 9627 3510 
9712 7213 9633 3510 
9722 7219 9637 3512 
9729 7221 9650 3514 
9735 7227 9655 3515 
9741 7233 9660 3517 
9745 7236 9670 3520 
9752 7242 9677 3523 
9758 7248 9683 3525 
9765 7251 9689 3525 
9770 7255 9698 3530 
9776 7261 9708 3534 
9778 7268 9712 3538 
9783 7271 9718 3545 
9785 7274 9726 3547 
9788 7278 9729 3548 
9794 7280 9733 3550 
9801 7284 9738 3553 
9806 7287 9749 3553 
9809 7294 9758 3554 
9821 7296 9767 3555 
9831 7300 9772 3555 
9840 7305 9776 3561 
9846 7309 9781 3562 
9854 7311 9794 3567 
9860 7316 9798 3568 
9867 7323 9804 3569 
9870 7324 9813 3569 
9874 7331 9815 3571 
9878 7333 9818 3575 
9882 7336 9821 3576 
9890 7341 9828 3577 
9894 7342 9831 3577 
9900 7346 9837 3578 
9904 7350 9840 3579 
9907 7353 9851 3581 
9911 7355 9857 3582 
9917 7359 9864 3583 
9923 7363 9868 3584 
9932 7366 9872 3586 
9936 7370 9878 3588 
9939 7373 9882 3590 
9952 7375 9889 3591 
9956 7382 9895 3593 
9963 7387 9897 3595 
9969 7389 9901 3597 
9969 7391 9907 3598 
9970 7398 9911 3604 
9977 7402 9916 3604 
9984 7404 9918 3610 
9990 7411 9924 3611 
9995 7413 9931 3613 
10003 7421 9941 3615 
10015 7425 9946 3619 
10022 7431 9954 3621 
10027 7432 9962 3625 
10031 7436 9969 3628 
10032 7440 9976 3629 
10036 7447 9982 3631 
10043 7449 9983 3632 
10055 7454 9990 3635 
10062 7458 9994 3638 
10068 7463 10003 3641 
10074 7466 10009 3645 
10082 7470 10016 3647 
10085 7472 10023 3648 
10086 7475 10032 3651 
10093 7477 10033 3651 
10096 7481 10041 3651 
10102 7486 10043 3652 
10107 7493 10047 3656 
10111 7495 10050 3658 
10116 7498 10054 3660 
10121 7505 10057 3664 
10131 7509 10065 3666 
10137 7515 10070 3668 
10139 7517 10079 3670 
10142 7523 10086 3672 
10148 7527 10091 3674 
10151 7528 10094 3676 
10160 7534 10101 3677 
10169 7539 10110 3679 
10176 7543 10115 3682 
10182 7545 10117 3685 
10185 7550 10124 3686 
10189 7553 10130 3689 
10195 7560 10136 3694 
10203 7564 10140 3697 
10208 7566 10143 3700 
10211 7568 10146 3701 
10225 7576 10149 3704 
10233 7579 10153 3706 
10236 7583 10156 3707 
10240 7586 10161 3709 
10249 7590 10168 3709 
10254 7591 10174 3711 
10262 7593 10181 3714 
10267 7597 10184 3715 
10271 7597 10187 3716 
10279 7601 10193 3718 
10293 7604 10198 3720 
10299 7610 10209 3722 
10309 7614 10214 3724 
10316 7622 10221 3727 
10320 7625 10221 3729 
10327 7632 10225 3733 
10335 7637 10229 3733 
10340 7644 10232 3736 
10345 7648 10237 3737 
10349 7651 10241 3740 
10354 7655 10245 3741 
10356 7661 10250 3743 
10361 7662 10254 3743 
10366 7664 10257 3744 
10374 7673 10262 3748 
10384 7681 10267 3749 
10389 7688 10272 3751 
10397 7691 10276 3753 
10402 7696 10286 3757 
10404 7703 10293 3760 
10407 7705 10297 3762 
10416 7709 10303 3764 
10420 7714 10309 3765 
10426 7721 10310 3768 
10429 7723 10319 3768 
10435 7728 10328 3769 
10442 7730 10339 3770 
10446 7737 10347 3772 
10448 7740 10351 3775 
10456 7743 10356 3777 
10459 7748 10364 3778 
10467 7752 10369 3780 
10472 7753 10375 3780 
10477 7756 10379 3783 
10485 7758 10380 3784 
10490 7759 10386 3789 
10496 7764 10392 3793 
10500 7769 10400 3793 
10509 7775 10404 3795 
10514 7782 10413 3796 
10518 7786 10423 3796 
10524 7790 10426 3797 
10531 7795 10431 3799 
10536 7797 10432 3801 
10539 7800 10438 3804 
10548 7806 10440 3806 
10553 7808 10443 3807 
10557 7812 10448 3810 
10562 7817 10456 3813 
10571 7822 10461 3814 
10575 7826 10468 3817 
10580 7828 10475 3817 
10583 7830 10483 3821 
10584 7834 10496 3823 
10591 7836 10500 3827 
10599 7841 10504 3831 
10602 7843 10509 3832 
10607 7850 10516 3833 
10612 7856 10523 3833 
10617 7858 10528 3836 
10625 7863 10532 3839 
10629 7872 10541 3839 
10634 7876 10543 3840 
10637 7881 10549 3842 
10641 7884 10558 3843 
10647 7887 10564 3844 
10654 7895 10565 3845 
10659 7899 10574 3845 
10664 7905 10582 3846 
10668 7910 10585 3848 
10675 7917 10591 3849 
10687 7921 10593 3849 
10693 7925 10604 3850 
10697 7930 10605 3853 
10705 7932 10609 3853 
10706 7935 10615 3854 
10712 7939 10621 3856 
10713 7943 10627 3860 
10719 7943 10627 3862 
10721 7945 10632 3864 
10727 7948 10639 3867 
10730 7952 10653 3869 
10736 7955 10656 3869 
10743 7960 10661 3871 
10752 7963 10663 3871 
10758 7965 10670 3874 
10765 7970 10677 3875 
10773 7976 10680 3877 
10779 7980 10684 3877 
10786 7985 10690 3880 
10794 7988 10696 3880 
10800 7992 10699 3880 
10807 7998 10701 3881 
10811 8001 10708 3886 
10817 8005 10709 3887 
10826 8006 10712 3889 
10833 8013 10714 3891 
10838 8015 10716 3892 
10844 8021 10728 3895 
10848 8023 10735 3897 
10854 8026 10743 3899 
10857 8031 10749 3900 
10863 8034 10754 3901 
10871 8040 10760 3903 
10874 8043 10766 3908 
10882 8049 10774 3910 
10885 8052 10781 3910 
10889 8054 10789 3912 
10893 8057 10798 3915 
10900 8061 10803 3916 
10905 8068 10805 3918 
10909 8074 10810 3918 
10912 8078 10817 3919 
10916 8079 10820 3925 
10919 8086 10824 3929 
10922 8088 10833 3931 
10928 8093 10835 3932 
10933 8099 10839 3938 
10938 8102 10844 3941 
10945 8103 10849 3942 
10954 8106 10857 3942 
10958 8109 10864 3945 
10962 8114 10870 3947 
10967 8116 10875 3950 
10971 8124 10882 3954 
10976 8128 10888 3955 
10982 8132 10897 3958 
10987 8135 10906 3960 
10994 8139 10913 3961 
11001 8144 10917 3962 
11003 8148 10923 3964 
11010 8150 10929 3966 
11014 8153 10931 3972 
11021 8159 10937 3974 
11027 8166 10939 3976 
11034 8172 10946 3977 
11042 8174 10955 3979 
11053 8178 10958 3982 
11060 8181 10963 3983 
11062 8184 10969 3983 
11070 8188 10976 3985 
11080 8196 10979 3985 
11089 8198 10981 3987 
11097 8205 10988 3989 
11103 8212 10991 3990 
11107 8219 10997 3991 
11116 8225 11003 3992 
11120 8229 11007 3993 
11122 8232 11015 3995 
11129 8235 11021 3996 
11136 8240 11029 3999 
11143 8246 11033 4001 
11144 8254 11041 4002 
11152 8259 11048 4004 
11161 8262 11055 4005 
11168 8270 11064 4010 
11171 8271 11067 4011 
11176 8276 11074 4013 
11181 8280 11082 4016 
11186 8283 11086 4019 
11193 8285 11091 4021 
11200 8292 11094 4024 
11205 8298 11100 4027 
11210 8301 11107 4031 
11217 8303 11113 4033 
11224 8309 11118 4035 
11228 8315 11121 4038 
11233 8317 11127 4040 
11239 8320 11132 4043 
11243 8326 11136 4044 
11248 8331 11142 4045 
11255 8337 11148 4047 
11262 8345 11151 4049 
11266 8349 11154 4051 
11277 8356 11158 4057 
11284 8358 11160 4061 
11290 8365 11162 4065 
11296 8370 11168 4065 
11302 8373 11172 4068 
11304 8380 11176 4070 
11310 8382 11182 4074 
11315 8387 11192 4076 
11319 8391 11196 4078 
11325 8399 11202 4081 
11325 8400 11209 4082 
11329 8404 11211 4085 
11335 8406 11219 4089 
11343 8411 11229 4094 
11346 8416 11233 4097 
11352 8421 11236 4099 
11356 8424 11243 4101 
11364 8431 11249 4101 
11368 8437 11253 4101 
11372 8439 11260 4102 
11379 8441 11269 4107 
11382 8441 11274 4108 
11384 8446 11279 4109 
11389 8449 11284 4111 
11396 8453 11293 4111 
11402 8457 11299 4117 
11407 8464 11306 4119 
11410 8467 11314 4121 
11418 8470 11323 4123 
11427 8474 11330 4126 
11435 8480 11336 4127 
11438 8485 11343 4128 
11445 8490 11351 4132 
11449 8492 11358 4132 
11451 8498 11367 4133 
11457 8500 11376 4134 
11462 8503 11383 4136 
11469 8506 11385 4138 
11475 8509 11392 4141 
11479 8512 11395 4143 
11482 8519 11403 4143 
11495 8522 11411 4146 
11502 8525 11420 4151 
11506 8530 11429 4154 
11511 8534 11433 4155 
11515 8542 11437 4158 
11518 8544 11445 4159 
11525 8546 11453 4160 
11534 8550 11456 4163 
11541 8557 11464 4164 
11546 8558 11471 4167 
11549 8562 11477 4171 
11558 8564 11478 4172 
11563 8570 11482 4174 
11566 8575 11490 4175 
11572 8576 11492 4179 
11581 8581 11500 4180 
11584 8588 11503 4181 
11592 8595 11512 4182 
11600 8601 11519 4184 
11605 8604 11522 4184 
11613 8606 11528 4185 
11622 8608 11534 4187 
11625 8610 11540 4187 
11629 8613 11547 4188 
11634 8618 11552 4192 
11641 8619 11561 4194 
11648 8625 11570 4196 
11651 8630 11579 4196 
11657 8636 11586 4198 
11660 8640 11592 4200 
11668 8646 11595 4200 
11670 8649 11597 4202 
11675 8653 11598 4207 
11685 8655 11605 4209 
11692 8661 11611 4209 
11699 8665 11617 4211 
11707 8667 11626 4212 
11715 8673 11632 4214 
11722 8678 11640 4216 
11730 8684 11646 4221 
11735 8686 11653 4224 
11741 8690 11662 4226 
11748 8693 11673 4230 
11756 8696 11678 4236 
11763 8698 11686 4238 
11772 8700 11692 4240 
11779 8703 11698 4242 
11788 8714 11702 4246 
11793 8714 11711 4248 
11799 8722 11719 4250 
11804 8725 11723 4251 
11808 8730 11730 4252 
11810 8733 11733 4253 
11817 8740 11740 4253 
11822 8742 11743 4255 
11830 8748 11746 4255 
11834 8756 11753 4258 
11840 8762 11760 4259 
11848 8768 11765 4262 
11860 8776 11768 4265 
11868 8779 11771 4267 
11872 8780 11778 4268 
11879 8786 11783 4268 
11887 8791 11792 4269 
11893 8792 11801 4271 
11897 8796 11807 4272 
11902 8800 11814 4274 
11908 8803 11818 4279 
11913 8809 11822 4281 
11916 8812 11827 4284 
11924 8815 11838 4288 
11926 8818 11843 4289 
11929 8822 11850 4296 
11931 8825 11853 4299 
11935 8830 11857 4302 
11941 8836 11863 4306 
11948 8838 11871 4311 
11952 8847 11877 4312 
11958 8851 11882 4316 
11962 8858 11889 4316 
11964 8862 11891 4316 
11968 8866 11893 4317 
11973 8874 11897 4319 
11978 8879 11900 4325 
11984 8884 11901 4326 
11986 8887 11911 4330 
11994 8894 11918 4333 
11995 8898 11926 4335 
12003 8902 11932 4336 
12007 8906 11939 4338 
12013 8910 11942 4342 
12021 8913 11947 4345 
12026 8915 11950 4346 
12033 8918 11952 4349 
12033 8922 11955 4350 
12040 8927 11962 4351 
12047 8931 11966 4352 
12056 8934 11972 4352 
12059 8935 11979 4355 
12067 8939 11983 4356 
12071 8945 11989 4357 
12076 8947 11993 4358 
12083 8949 12002 4358 
12086 8952 12008 4358 
12091 8957 12011 4360 
12098 8966 12014 4364 
12102 8970 12016 4364 
12107 8975 12020 4368 
12114 8979 12027 4371 
12119 8986 12036 4371 
12124 8991 12039 4373 
12130 9000 12046 4376 
12133 9004 12055 4378 
12138 9005 12058 4382 
12143 9010 12064 4384 
12149 9013 12067 4386 
12153 9017 12071 4387 
12156 9019 12075 4387 
12161 9023 12079 4391 
12167 9029 12087 4396 
12172 9033 12091 4397 
12180 9036 12098 4399 
12187 9038 12102 4400 
12191 9040 12108 4402 
12199 9045 12115 4405 
12202 9050 12119 4406 
12209 9053 12127 4410 
12212 9055 12133 4414 
12216 9060 12139 4418 
12220 9064 12142 4423 
12230 9066 12148 4427 
12235 9069 12158 4430 
12237 9073 12162 4433 
12243 9080 12168 4434 
12250 9087 12175 4436 
12254 9096 12177 4437 
12260 9102 12185 4437 
12260 9104 12194 4439 
12265 9108 12197 4442 
12269 9112 12201 4445 
12273 9119 12215 4445 
12282 9121 12222 4447 
12288 9127 12226 4449 
12291 9131 12232 4449 
12297 9136 12238 4451 
12306 9137 12240 4452 
12309 9142 12245 4455 
12316 9147 12253 4456 
12322 9150 12258 4458 
12326 9156 12264 4460 
12332 9161 12272 4462 
12333 9166 12279 4463 
12339 9173 12285 4465 
12342 9174 12287 4467 
12350 9176 12299 4470 
12355 9181 12305 4470 
12364 9187 12310 4474 
12373 9191 12316 4475 
12380 9197 12322 4478 
12384 9203 12326 4478 
12390 9210 12333 4481 
12395 9217 12339 4483 
12402 9226 12343 4485 
12409 9229 12347 4491 
12416 9232 12354 4493 
12426 9235 12359 4494 
12434 9239 12363 4497 
12440 9241 12368 4498 
12443 9248 12372 4498 
12450 9252 12378 4500 
12455 9254 12387 4502 
12461 9256 12393 4504 
12467 9260 12401 4508 
12470 9262 12409 4509 
12475 9265 12413 4509 
12479 9272 12419 4514 
12485 9276 12423 4518 
12492 9279 12425 4520 
12495 9283 12429 4522 
12503 9288 12436 4522 
12508 9296 12443 4527 
12518 9302 12446 4529 
12525 9303 12453 4532 
12532 9305 12461 4533 
12535 9309 12466 4536 
12542 9311 12473 4538 
12545 9313 12479 4541 
12549 9316 12485 4544 
12553 9325 12490 4545 
12557 9328 12494 4548 
12565 9331 12502 4551 
12568 9333 12507 4553 
12578 9338 12512 4553 
12588 9341 12519 4556 
12596 9347 12524 4558 
12601 9353 12531 4559 
12608 9361 12534 4562 
12610 9367 12540 4563 
12617 9372 12545 4564 
12625 9377 12549 4564 
12636 9380 12555 4567 
12640 9385 12560 4571 
12644 9385 12566 4572 
12652 9386 12574 4575 
12654 9394 12580 4576 
12658 9399 12583 4580 
12665 9402 12587 4580 
12673 9406 12593 4582 
12680 9415 12602 4585 
12689 9418 12609 4586 
12694 9424 12611 4588 
12702 9426 12616 4591 
12706 9428 12619 4596 
12712 9430 12625 4599 
12714 9434 12626 4602 
12717 9435 12635 4604 
12728 9439 12639 4607 
12734 9441 12645 4609 
12742 9443 12652 4612 
12749 9446 12657 4614 
12754 9451 12666 4615 
12758 9454 12671 4616 
12765 9458 12678 4617 
12770 9461 12683 4618 
12779 9463 12689 4619 
12788 9465 12691 4620 
12791 9468 12697 4623 
12794 9469 12704 4625 
12798 9472 12712 4629 
12806 9475 12717 4629 
12813 9479 12722 4630 
12816 9484 12729 4633 
12820 9486 12735 4636 
12823 9490 12743 4636 
12830 9494 12749 4636 
12839 9498 12756 4636 
12841 9501 12760 4637 
12843 9505 12770 4638 
12851 9515 12774 4643 
12857 9520 12781 4645 
12865 9522 12785 4648 
12867 9525 12794 4652 
12872 9533 12800 4654 
12875 9536 12804 4657 
12884 9539 12811 4661 
12893 9541 12813 4661 
12897 9542 12825 4666 
12902 9543 12830 4667 
12910 9546 12834 4669 
12910 9551 12840 4670 
12913 9554 12846 4673 
12917 9559 12851 4674 
12924 9565 12855 4677 
12931 9568 12863 4678 
12936 9575 12866 4679 
12938 9577 12874 4679 
12948 9578 12881 4682 
12954 9580 12884 4682 
12957 9582 12891 4685 
12967 9588 12895 4686 
12974 9592 12898 4687 
12977 9597 12899 4689 
12982 9599 12908 4689 
12982 9606 12917 4690 
12989 9608 12921 4693 
12995 9613 12928 4695 
13003 9617 12934 4698 
13010 9620 12941 4701 
13018 9622 12948 4709 
13026 9626 12952 4710 
13032 9629 12959 4713 
13036 9635 12966 4715 
13038 9635 12972 4717 
13045 9640 12980 4721 
13053 9644 12987 4722 
13057 9646 12992 4725 
13060 9650 13002 4728 
13063 9654 13010 4729 
13069 9655 13014 4732 
13076 9658 13022 4733 
13083 9661 13033 4734 
13087 9664 13036 4736 
13091 9669 13040 4743 
13096 9672 13044 4747 
13099 9679 13051 4749 
13105 9686 13054 4752 
13107 9687 13060 4753 
13113 9692 13065 4756 
13115 9698 13070 4757 
13120 9702 13076 4757 
13129 9709 13080 4759 
13141 9713 13084 4760 
13143 9716 13088 4761 
13153 9720 13095 4766 
13161 9728 13100 4767 
13167 9732 13109 4772 
13174 9736 13113 4775 
13179 9740 13119 4777 
13183 9745 13123 4780 
13187 9749 13132 4782 
13192 9754 13138 4787 
13198 9758 13144 4789 
13200 9762 13148 4792 
13206 9765 13151 4792 
13213 9768 13154 4793 
13218 9772 13163 4794 
13226 9780 13166 4794 
13233 9785 13171 4795 
13240 9788 13175 4797 
13246 9792 13183 4799 
13250 9796 13188 4800 
13255 9800 13192 4802 
13262 9803 13199 4808 
13269 9812 13203 4810 
13277 9819 13215 4811 
13283 9826 13221 4814 
13290 9829 13226 4818 
13299 9832 13229 4818 
13307 9833 13237 4821 
13312 9841 13243 4825 
13314 9850 13250 4828 
13318 9854 13256 4830 
13326 9861 13262 4834 
13330 9866 13270 4836 
13338 9869 13276 4839 
13344 9873 13284 4842 
13349 9877 13288 4847 
13353 9881 13292 4851 
13360 9885 13295 4853 
13365 9891 13308 4858 
13371 9895 13313 4861 
13375 9896 13322 4867 
13379 9901 13328 4869 
13384 9903 13334 4872 
13388 9912 13341 4873 
13398 9918 13346 4874 
13403 9922 13351 4874 
13407 9924 13356 4876 
13409 9928 13362 4877 
13415 9931 13368 4879 
13418 9938 13375 4880 
13423 9942 13382 4882 
13428 9947 13390 4882 
13432 9950 13396 4885 
13439 9954 13399 4886 
13447 9959 13405 4889 
13455 9965 13409 4890 
13459 9970 13410 4891 
13464 9973 13417 4893 
13471 9976 13422 4894 
13478 9982 13430 4896 
13485 9986 13436 4901 
13486 9990 13444 4902 
13490 9993 13452 4904 
13494 10000 13460 4908 
13504 10004 13469 4911 
13510 10008 13475 4912 
13517 10010 13485 4913 
13522 10013 13491 4916 
13525 10017 13494 4919 
13531 10022 13498 4920 
13535 10026 13500 4920 
13536 10031 13509 4923 
13542 10032 13515 4924 
13545 10035 13523 4925 
13548 10039 13527 4926 
13553 10044 13539 4927 
13561 10047 13542 4933 
13566 10049 13550 4934 
13573 10055 13556 4934 
13577 10057 13562 4942 
13582 10061 13567 4944 
13591 10064 13576 4949 
13602 10072 13584 4950 
13604 10074 13589 4953 
13611 10077 13594 4955 
13616 10079 13602 4957 
13626 10085 13605 4959 
13632 10088 13610 4961 
13639 10091 13614 4963 
13645 10094 13619 4963 
13649 10097 13625 4967 
13652 10105 13630 4969 
13655 10110 13639 4973 
13663 10114 13647 4974 
13671 10119 13653 4978 
13677 10122 13657 4978 
13680 10130 13661 4979 
13688 10132 13665 4979 
13691 10142 13671 4981 
13694 10143 13674 4985 
13700 10146 13677 4987 
13705 10152 13685 4990 
13711 10158 13688 4997 
13719 10160 13693 5000 
13726 10162 13701 5001 
13730 10166 13705 5001 
13739 10171 13708 5006 
13743 10178 13713 5007 
13751 10183 13720 5009 
13759 10185 13726 5011 
13763 10193 13731 5015 
13766 10197 13735 5017 
13769 10204 13746 5019 
13774 10209 13753 5022 
13780 10212 13762 5027 
13784 10216 13764 5028 
13790 10223 13771 5035 
13797 10228 13779 5036 
13802 10230 13791 5036 
13805 10233 13801 5039 
13810 10238 13808 5040 
13815 10240 13814 5042 
13818 10244 13818 5044 
13822 10251 13823 5047 
13828 10254 13829 5049 
13832 10257 13836 5052 
13839 10260 13844 5053 
13845 10264 13850 5057 
13851 10267 13855 5059 
13859 10270 13858 5060 
13869 10273 13861 5064 
13878 10281 13865 5067 
13885 10283 13871 5071 
13889 10284 13877 5073 
13896 10286 13887 5074 
13908 10289 13891 5075 
13913 10295 13896 5076 
13917 10301 13902 5077 
13925 10308 13908 5080 
13931 10310 13916 5083 
13935 10312 13923 5085 
13943 10318 13932 5088 
13946 10324 13937 5090 
13954 10325 13946 5092 
13960 10327 13952 5093 
13962 10333 13957 5096 
13966 10337 13962 5097 
13968 10345 13971 5098 
13972 10350 13976 5099 
13974 10354 13984 5103 
13979 10358 13985 5106 
13988 10364 13994 5108 
14000 10367 13999 5110 
14003 10372 14003 5111 
14007 10380 14009 5115 
14010 10386 14015 5118 
14015 10393 14021 5123 
14017 10399 14027 5127 
14022 10406 14031 5129 
14030 10408 14035 5135 
14038 10410 14043 5138 
14046 10411 14046 5140 
14050 10418 14054 5141 
14060 10423 14059 5142 
14063 10427 14067 5145 
14066 10431 14073 5147 
14074 10437 14079 5150 
14083 10445 14086 5151 
14093 10454 14091 5153 
14098 10458 14094 5154 
14103 10460 14100 5154 
14111 10462 14107 5156 
14112 10464 14116 5156 
14119 10467 14120 5158 
14123 10472 14125 5159 
14127 10475 14132 5163 
14135 10479 14135 5166 
14142 10484 14140 5166 
14149 10486 14147 5167 
14158 10489 14150 5170 
14164 10496 14151 5172 
14168 10499 14158 5174 
14170 10500 14163 5179 
14175 10501 14166 5185 
14178 10506 14174 5189 
14185 10508 14183 5191 
14188 10509 14194 5192 
14190 10514 14196 5198 
14197 10518 14205 5200 
14200 10521 14208 5203 
14205 10528 14214 5206 
14211 10531 14217 5206 
14219 10535 14225 5207 
14229 10537 14227 5209 
14231 10542 14235 5209 
14236 10548 14239 5211 
14236 10550 14247 5211 
14244 10552 14252 5213 
14249 10553 14258 5217 
14256 10558 14261 5217 
14261 10562 14265 5219 
14269 10567 14269 5220 
14273 10569 14274 5222 
14282 10576 14281 5227 
14284 10578 14282 5229 
14288 10581 14284 5233 
14292 10585 14286 5234 
14295 10592 14295 5237 
14297 10595 14301 5238 
14303 10603 14308 5240 
14309 10607 14311 5243 
14314 10614 14317 5247 
14321 10619 14321 5248 
14331 10625 14329 5249 
14340 10628 14333 5251 
14344 10630 14340 5252 
14350 10634 14348 5253 
14357 10640 14356 5255 
14364 10647 14367 5256 
14370 10651 14377 5257 
14378 10655 14383 5261 
14383 10661 14389 5262 
14390 10663 14391 5263 
14396 10671 14401 5265 
14401 10675 14410 5270 
14405 10681 14414 5271 
14408 10685 14419 5272 
14414 10690 14423 5274 
14417 10699 14429 5275 
14426 10700 14431 5277 
14429 10705 14437 5278 
14437 10709 14440 5279 
14439 10713 14447 5281 
14447 10718 14457 5284 
14458 10723 14465 5288 
14461 10733 14469 5289 
14467 10737 14473 5292 
14474 10740 14481 5293 
14478 10744 14483 5296 
14484 10749 14488 5296 
14491 10756 14495 5298 
14499 10760 14501 5298 
14505 10762 14506 5301 
14506 10766 14510 5301 
14510 10769 14518 5305 
14514 10774 14522 5305 
14519 10779 14526 5307 
14522 10782 14536 5308 
14529 10786 14545 5308 
14536 10789 14552 5311 
14542 10792 14556 5313 
14550 10797 14562 5313 
14560 10801 14565 5315 
14561 10807 14569 5315 
14567 10813 14574 5317 
14570 10817 14576 5319 
14575 10819 14581 5320 
14579 10823 14587 5324 
14584 10828 14592 5324 
14589 10835 14597 5331 
14594 10838 14606 5332 
14599 10843 14609 5333 
14604 10846 14618 5337 
14611 10853 14624 5342 
14617 10859 14631 5343 
14626 10864 14641 5344 
14628 10867 14649 5346 
14636 10870 14655 5348 
14638 10875 14662 5353 
14640 10882 14674 5359 
14645 10885 14676 5362 
14649 10889 14681 5363 
14653 10892 14686 5364 
14659 10903 14693 5367 
14664 10909 14700 5370 
14668 10914 14705 5375 
14674 10918 14713 5379 
14679 10922 14718 5383 
14688 10928 14721 5385 
14693 10930 14728 5388 
14697 10938 14733 5389 
14704 10943 14739 5392 
14706 10947 14744 5392 
14713 10953 14749 5398 
14718 10957 14755 5398 
14723 10961 14760 5401 
14727 10967 14767 5404 
14731 10968 14772 5405 
14736 10975 14779 5409 
14737 10977 14786 5410 
14745 10983 14792 5411 
14749 10991 14797 5412 
14756 10993 14801 5413 
14761 10997 14811 5414 
14766 11000 14816 5416 
14771 11007 14820 5418 
14778 11010 14826 5420 
14786 11013 14831 5420 
14792 11018 14840 5422 
14796 11021 14847 5425 
14800 11026 14850 5427 
14803 11039 14859 5432 
14807 11044 14863 5435 
14811 11051 14870 5437 
14814 11056 14875 5439 
14819 11060 14884 5439 
14828 11064 14893 5444 
14834 11072 14898 5445 
14838 11077 14904 5448 
14842 11086 14908 5452 
14847 11090 14912 5454 
14852 11093 14914 5456 
14856 11095 14919 5458 
14861 11099 14924 5462 
14866 11103 14933 5463 
14871 11107 14937 5464 
14875 11114 14943 5467 
14879 11117 14950 5469 
14882 11122 14962 5473 
14889 11126 14967 5473 
14895 11130 14974 5477 
14902 11137 14979 5479 
14906 11141 14986 5479 
14910 11147 14995 5481 
14915 11154 15002 5486 
14920 11161 15003 5487 
14930 11165 15008 5493 
14935 11169 15020 5496 
14939 11172 15026 5497 
14944 11178 15031 5498 
14947 11182 15034 5500 
14953 11185 15039 5502 
14959 11191 15045 5504 
14968 11194 15045 5508 
14975 11202 15055 5508 
14982 11205 15060 5510 
14986 11209 15067 5512 
14990 11215 15070 5512 
14994 11218 15073 5513 
14999 11224 15075 5514 
15005 11229 15081 5517 
15010 11232 15089 5518 
15019 11236 15095 5521 
15028 11242 15098 5525 
15034 11245 15104 5527 
15038 11251 15108 5528 
15043 11253 15113 5530 
15051 11259 15116 5531 
15055 11263 15119 5534 
15061 11268 15122 5537 
15064 11274 15127 5539 
15069 11275 15130 5543 
15074 11280 15133 5544 
15078 11283 15139 5545 
15082 11291 15146 5547 
15090 11295 15148 5550 
15097 11302 15154 5551 
15106 11306 15159 5555 
15109 11312 15161 5557 
15115 11316 15169 5564 
15119 11322 15176 5564 
15125 11322 15178 5565 
15128 11328 15187 5567 
15135 11333 15195 5568 
15141 11339 15203 5569 
15144 11341 15208 5572 
15149 11344 15215 5573 
15153 11347 15218 5575 
15160 11353 15225 5576 
15163 11359 15230 5578 
15167 11364 15237 5583 
15172 11368 15246 5588 
15183 11372 15250 5589 
15190 11384 15256 5590 
15193 11386 15258 5594 
15200 11391 15263 5596 
15206 11397 15268 5597 
15211 11402 15277 5598 
15214 11404 15281 5600 
15215 11406 15286 5602 
15223 11412 15292 5602 
15230 11416 15294 5605 
15241 11419 15304 5608 
15244 11424 15311 5610 
15249 11425 15314 5611 
15252 11430 15321 5612 
15259 11436 15327 5614 
15262 11439 15332 5616 
15268 11444 15337 5622 
15269 11447 15343 5623 
15272 11449 15349 5627 
15279 11454 15351 5628 
15283 11458 15356 5629 
15291 11464 15361 5630 
15292 11468 15365 5636 
15298 11472 15370 5640 
15306 11478 15375 5644 
15311 11483 15382 5647 
15316 11488 15394 5653 
15322 11490 15403 5660 
15325 11496 15410 5664 
15329 11501 15417 5665 
15333 11506 15420 5670 
15340 11510 15423 5670 
15345 11511 15429 5671 
15352 11516 15436 5672 
15358 11523 15442 5675 
15364 11529 15447 5676 
15373 11534 15450 5677 
15382 11540 15454 5679 
15388 11546 15458 5680 
15393 11554 15467 5681 
15397 11559 15471 5683 
15405 11564 15478 5685 
15410 11569 15487 5685 
15416 11572 15491 5686 
15422 11574 15494 5686 
15430 11580 15501 5687 
15434 11582 15502 5689 
15437 11587 15507 5690 
15441 11589 15514 5693 
15445 11595 15520 5694 
15448 11602 15525 5696 
15453 11607 15528 5700 
15459 11615 15533 5700 
15464 11621 15537 5701 
15470 11626 15541 5706 
15475 11634 15547 5707 
15480 11639 15551 5708 
15487 11644 15558 5712 
15490 11647 15563 5715 
15495 11650 15568 5718 
15501 11657 15574 5719 
15511 11660 15582 5720 
15514 11666 15586 5722 
15518 11671 15593 5725 
15525 11675 15596 5727 
15527 11683 15606 5728 
15536 11687 15614 5730 
15542 11690 15623 5731 
15546 11695 15625 5732 
15549 11698 15631 5734 
15559 11703 15638 5735 
15568 11710 15641 5737 
15571 11711 15646 5739 
15574 11717 15653 5740 
15578 11722 15658 5743 
15586 11730 15662 5745 
15595 11735 15674 5748 
15605 11741 15683 5750 
15612 11747 15688 5752 
15618 11755 15693 5755 
15625 11761 15698 5757 
15629 11765 15706 5760 
15631 11767 15710 5760 
15639 11771 15718 5763 
15645 11778 15723 5765 
15647 11787 15724 5766 
15650 11793 15731 5767 
15653 11796 15736 5769 
15663 11802 15740 5771 
15672 11807 15745 5774 
15679 11816 15748 5776 
15682 11824 15755 5778 
15686 11830 15758 5781 
15695 11834 15765 5787 
15700 11839 15769 5794 
15705 11842 15773 5796 
15707 11847 15779 5798 
15713 11849 15780 5801 
15716 11852 15786 5804 
15719 11858 15789 5806 
15725 11862 15797 5808 
15735 11869 15804 5810 
15740 11870 15807 5813 
15750 11874 15813 5815 
15755 11880 15818 5819 
15761 11887 15830 5823 
15763 11896 15836 5824 
15768 11898 15839 5825 
15773 11900 15843 5830 
15782 11904 15846 5831 
15789 11907 15850 5832 
15792 11915 15856 5834 
15797 11923 15860 5838 
15802 11924 15869 5839 
15810 11933 15881 5842 
15814 11938 15893 5844 
15821 11941 15901 5844 
15825 11946 15911 5849 
15828 11950 15917 5853 
15834 11958 15922 5856 
15843 11963 15924 5857 
15851 11967 15929 5860 
15860 11971 15933 5860 
15868 11974 15937 5863 
15871 11977 15945 5863 
15875 11979 15951 5865 
15879 11984 15955 5867 
15887 11987 15961 5867 
15895 11990 15966 5870 
15901 11993 15970 5870 
15906 11996 15978 5874 
15910 11998 15987 5877 
15916 11999 15993 5878 
15920 12003 16000 5880 
15927 12009 16008 5881 
15930 12010 16015 5883 
15934 12014 16022 5884 
15938 12018 16026 5886 
15943 12026 16032 5888 
15946 12029 16036 5891 
15950 12035 16042 5896 
15955 12037 16046 5898 
15959 12039 16054 5901 
15962 12042 16059 5901 
15969 12045 16062 5905 
15976 12048 16067 5908 
15978 12049 16075 5910 
15982 12055 16080 5912 
15987 12059 16086 5914 
15996 12061 16094 5917 
16002 12069 16097 5920 
16009 12075 16101 5921 
16013 12081 16105 5925 
16019 12086 16113 5927 
16022 12092 16121 5929 
16023 12096 16124 5930 
16026 12101 16129 5934 
16030 12105 16135 5935 
16039 12112 16139 5936 
16048 12119 16147 5938 
16055 12122 16153 5938 
16057 12130 16158 5939 
16060 12133 16164 5939 
16066 12139 16172 5941 
16070 12146 16175 5942 
16081 12153 16181 5949 
16085 12156 16190 5950 
16088 12158 16198 5953 
16093 12159 16208 5958 
16099 12163 16215 5959 
16108 12166 16219 5962 
16114 12174 16226 5964 
16118 12177 16229 5965 
16127 12179 16235 5966 
16135 12183 16240 5966 
16142 12189 16246 5969 
16148 12197 16251 5970 
16152 12203 16254 5973 
16159 12209 16257 5975 
16162 12216 16263 5976 
16164 12222 16269 5983 
16173 12224 16272 5984 
16181 12230 16283 5990 
16186 12231 16287 5991 
16192 12240 16296 5992 
16198 12244 16303 5994 
16202 12250 16311 5995 
16207 12263 16316 6000 
16210 12268 16323 6005 
16218 12274 16333 6008 
16226 12279 16336 6012 
16230 12284 16340 6017 
16232 12288 16346 6020 
16238 12295 16353 6022 
16244 12297 16366 6023 
16250 12306 16373 6026 
16254 12313 16378 6026 
16258 12319 16384 6028 
16265 12323 16388 6029 
16273 12326 16395 6030 
16280 12332 16399 6031 
16286 12339 16400 6034 
16292 12342 16407 6038 
16299 12349 16408 6042 
16303 12353 16413 6044 
16313 12358 16416 6047 
16322 12364 16421 6049 
16326 12372 16427 6050 
16329 12376 16435 6053 
16335 12381 16445 6059 
16344 12383 16455 6061 
16351 12388 16459 6063 
16356 12390 16468 6066 
16366 12391 16473 6068 
16371 12399 16479 6068 
16376 12405 16487 6068 
16379 12407 16497 6070 
16391 12409 16506 6073 
16396 12414 16516 6073 
16400 12418 16520 6073 
16403 12424 16527 6074 
16406 12431 16530 6074 
16408 12435 16536 6075 
16411 12442 16541 6076 
16415 12448 16550 6078 
16425 12448 16560 6079 
16428 12451 16565 6082 
16437 12453 16573 6082 
16446 12459 16582 6084 
16452 12460 16588 6089 
16455 12469 16594 6090 
16462 12473 16604 6093 
16468 12478 16608 6096 
16475 12480 16611 6098 
16485 12484 16617 6104 
16487 12493 16623 6109 
16493 12499 16633 6113 
16498 12500 16641 6114 
16506 12506 16648 6118 
16509 12512 16651 6118 
16515 12520 16658 6122 
16521 12523 16663 6127 
16526 12528 16666 6131 
16532 12534 16672 6131 
16542 12541 16673 6133 
16547 12545 16679 6134 
16552 12549 16681 6135 
16558 12550 16683 6137 
16562 12554 16685 6137 
16571 12558 16691 6139 
16578 12558 16694 6139 
16584 12563 16698 6141 
16589 12567 16707 6141 
16595 12569 16715 6143 
16601 12575 16722 6145 
16609 12583 16728 6149 
16616 12584 16730 6151 
16622 12587 16740 6155 
16630 12590 16742 6158 
16636 12594 16755 6159 
16640 12597 16757 6159 
16645 12603 16765 6160 
16651 12605 16770 6160 
16657 12613 16771 6161 
16663 12616 16775 6163 
16667 12621 16777 6167 
16672 12621 16784 6169 
16684 12625 16788 6170 
16692 12630 16799 6171 
16699 12637 16804 6173 
16705 12643 16809 6174 
16710 12646 16816 6176 
16721 12649 16819 6178 
16726 12653 16825 6182 
16732 12659 16830 6189 
16739 12663 16835 6190 
16744 12666 16847 6192 
16750 12668 16855 6193 
16757 12671 16861 6196 
16763 12675 16864 6198 
16767 12679 16868 6201 
16774 12685 16875 6204 
16777 12690 16878 6209 
16783 12698 16884 6210 
16791 12701 16887 6213 
16794 12706 16896 6214 
16802 12712 16898 6215 
16803 12718 16904 6216 
16813 12722 16906 6221 
16821 12727 16915 6222 
16829 12731 16919 6223 
16833 12735 16924 6224 
16837 12737 16930 6227 
16845 12738 16937 6227 
16850 12743 16943 6228 
16856 12749 16948 6231 
16861 12755 16952 6234 
16868 12757 16956 6238 
16876 12766 16964 6238 
16883 12773 16972 6241 
16892 12778 16978 6245 
16893 12783 16986 6249 
16897 12788 16993 6253 
16906 12792 16999 6254 
16914 12796 17005 6256 
16917 12803 17008 6258 
16928 12810 17012 6259 
16936 12817 17018 6261 
16938 12821 17022 6261 
16944 12830 17029 6263 
16945 12834 17033 6264 
16950 12837 17039 6267 
16964 12842 17044 6267 
16974 12845 17054 6271 
16978 12850 17064 6275 
16981 12852 17068 6277 
16984 12856 17073 6279 
16988 12862 17075 6280 
16994 12865 17082 6281 
16999 12868 17086 6283 
17008 12870 17090 6284 
17013 12873 17096 6287 
17019 12875 17110 6290 
17022 12885 17117 6294 
17026 12888 17123 6296 
17028 12889 17131 6300 
17031 12893 17142 6302 
17036 12900 17148 6302 
17048 12907 17153 6306 
17059 12910 17158 6311 
17066 12917 17170 6314 
17071 12918 17179 6314 
17078 12927 17186 6316 
17085 12933 17189 6318 
17095 12936 17193 6318 
17099 12941 17200 6318 
17105 12948 17208 6319 
17109 12955 17211 6320 
17114 12957 17216 6321 
17123 12962 17224 6322 
17127 12966 17232 6323 
17136 12974 17232 6324 
17143 12981 17238 6325 
17153 12990 17241 6327 
17158 12991 17246 6328 
17165 12992 17254 6330 
17171 12998 17264 6331 
17179 13000 17269 6332 
17185 13006 17271 6336 
17195 13007 17277 6337 
17199 13010 17281 6338 
17208 13011 17285 6343 
17208 13013 17291 6346 
17212 13020 17296 6350 
17218 13026 17306 6350 
17229 13028 17314 6353 
17240 13036 17318 6355 
17249 13039 17328 6357 
17255 13041 17329 6361 
17261 13049 17336 6363 
17274 13054 17343 6367 
17280 13062 17350 6370 
17286 13069 17358 6374 
17294 13072 17366 6376 
17296 13078 17371 6379 
17301 13085 17376 6381 
17305 13087 17378 6383 
17310 13096 17378 6389 
17315 13103 17380 6391 
17321 13109 17388 6392 
17326 13116 17395 6395 
17330 13121 17396 6397 
17333 13125 17401 6399 
17338 13127 17402 6403 
17347 13129 17406 6404 
17354 13136 17408 6405 
17359 13140 17413 6409 
17363 13145 17421 6413 
17364 13148 17432 6415 
17369 13152 17441 6417 
17374 13157 17449 6418 
17380 13163 17455 6418 
17388 13168 17468 6421 
17392 13174 17480 6424 
17394 13179 17491 6426 
17399 13183 17497 6427 
17404 13189 17505 6430 
17410 13194 17511 6434 
17416 13200 17517 6438 
17418 13205 17527 6438 
17423 13209 17538 6442 
17430 13214 17545 6444 
17435 13216 17552 6445 
17444 13225 17557 6448 
17449 13226 17559 6453 
17455 13231 17565 6456 
17458 13235 17573 6458 
17463 13244 17575 6458 
17469 13249 17578 6461 
17474 13251 17583 6461 
17483 13253 17587 6463 
17489 13255 17595 6463 
17494 13259 17604 6463 
17501 13264 17615 6464 
17508 13268 17622 6471 
17513 13271 17628 6472 
17527 13275 17637 6478 
17534 13279 17643 6481 
17543 13283 17645 6484 
17550 13283 17648 6487 
17555 13285 17650 6489 
17563 13294 17656 6492 
17566 13300 17663 6496 
17573 13304 17668 6497 
17579 13310 17675 6500 
17588 13313 17681 6504 
17591 13317 17685 6508 
17594 13322 17690 6510 
17597 13328 17697 6510 
17601 13335 17704 6511 
17607 13336 17710 6512 
17612 13340 17717 6517 
17621 13345 17723 6521 
17625 13347 17728 6524 
17632 13351 17733 6526 
17637 13355 17738 6533 
17641 13361 17741 6534 
17645 13362 17748 6536 
17653 13367 17758 6539 
17664 13379 17763 6542 
17666 13384 17768 6543 
17672 13387 17773 6545 
17677 13395 17777 6550 
17683 13398 17789 6551 
17685 13406 17798 6556 
17689 13411 17803 6560 
17691 13413 17809 6562 
17699 13420 17815 6565 
17705 13422 17824 6570 
17709 13430 17833 6573 
17712 13434 17838 6574 
17714 13434 17844 6575 
17720 13439 17850 6577 
17727 13442 17857 6578 
17732 13447 17864 6580 
17737 13450 17871 6581 
17743 13457 17880 6581 
17744 13463 17881 6583 
17750 13468 17884 6585 
17756 13475 17890 6590 
17768 13477 17901 6593 
17775 13485 17909 6596 
17784 13489 17914 6597 
17789 13495 17919 6599 
17799 13501 17928 6602 
17806 13501 17934 6605 
17812 13503 17939 6607 
17819 13510 17948 6612 
17831 13514 17953 6616 
17838 13517 17960 6618 
17844 13521 17967 6618 
17850 13526 17974 6619 
17862 13534 17986 6620 
17867 13540 17997 6622 
17870 13544 18001 6623 
17877 13548 18008 6624 
17881 13550 18015 6625 
17886 13556 18020 6628 
17893 13561 18029 6632 
17900 13564 18035 6634 
17906 13573 18040 6636 
17911 13580 18046 6638 
17920 13589 18051 6638 
17925 13592 18055 6642 
17935 13595 18059 6644 
17942 13601 18067 6646 
17944 13607 18074 6648 
17950 13611 18080 6649 
17958 13613 18086 6651 
17965 13614 18094 6658 
17971 13619 18103 6663 
17977 13622 18109 6666 
17984 13626 18114 6667 
17992 13633 18120 6670 
17994 13645 18127 6670 
18004 13651 18133 6672 
18008 13655 18140 6674 
18016 13660 18145 6677 
18024 13664 18148 6679 
18027 13673 18152 6684 
18035 13682 18157 6687 
18045 13686 18164 6691 
18050 13692 18165 6697 
18051 13693 18174 6699 
18056 13696 18178 6702 
18059 13699 18183 6704 
18065 13702 18186 6704 
18069 13710 18194 6709 
18075 13714 18200 6710 
18081 13719 18203 6712 
18085 13721 18208 6715 
18090 13725 18214 6719 
18093 13730 18219 6721 
18099 13741 18226 6724 
18106 13746 18237 6725 
18110 13749 18243 6727 
18117 13756 18247 6727 
18121 13763 18250 6728 
18129 13766 18253 6731 
18131 13770 18261 6736 
18137 13778 18266 6737 
18146 13782 18269 6740 
18149 13787 18275 6744 
18153 13792 18280 6749 
18156 13796 18290 6750 
18168 13801 18292 6752 
18172 13804 18298 6753 
18177 13808 18302 6754 
18188 13811 18309 6756 
18192 13816 18315 6759 
18199 13822 18321 6760 
18204 13830 18327 6763 
18210 13835 18331 6764 
18215 13842 18337 6766 
18220 13845 18345 6768 
18226 13848 18352 6773 
18228 13852 18356 6776 
18237 13857 18359 6779 
18243 13861 18365 6782 
18247 13866 18376 6785 
18252 13871 18379 6786 
18257 13874 18385 6789 
18260 13880 18390 6791 
18267 13884 18395 6793 
18275 13893 18401 6796 
18283 13894 18410 6797 
18288 13898 18415 6799 
18296 13904 18421 6800 
18305 13913 18429 6801 
18311 13918 18436 6804 
18313 13926 18440 6804 
18322 13931 18442 6807 
18327 13931 18443 6810 
18334 13938 18448 6812 
18340 13940 18456 6816 
18343 13946 18459 6816 
18350 13949 18466 6818 
18358 13951 18473 6822 
18366 13958 18479 6825 
18369 13963 18485 6829 
18382 13964 18492 6832 
18387 13971 18497 6834 
18395 13975 18504 6834 
18399 13986 18513 6836 
18406 13993 18520 6839 
18411 13997 18524 6842 
18418 14004 18530 6845 
18424 14006 18536 6846 
18431 14011 18544 6846 
18440 14017 18551 6848 
18448 14021 18556 6850 
18455 14026 18564 6852 
18459 14034 18570 6852 
18462 14038 18579 6857 
18465 14041 18590 6859 
18471 14048 18593 6861 
18477 14052 18598 6862 
18487 14057 18601 6862 
18495 14059 18609 6865 
18501 14061 18614 6870 
18505 14064 18619 6870 
18506 14068 18626 6872 
18511 14074 18631 6874 
18514 14076 18636 6879 
18517 14081 18640 6879 
18519 14085 18644 6881 
18524 14090 18651 6883 
18527 14095 18661 6885 
18534 14098 18669 6889 
18538 14106 18676 6891 
18541 14112 18684 6892 
18546 14116 18689 6893 
18549 14121 18697 6896 
18556 14127 18700 6896 
18563 14132 18703 6896 
18570 14142 18712 6897 
18574 14150 18719 6900 
18585 14152 18726 6904 
18594 14156 18738 6909 
18599 14160 18742 6910 
18601 14166 18752 6912 
18604 14169 18760 6915 
18609 14169 18767 6918 
18612 14172 18773 6921 
18619 14177 18781 6923 
18624 14182 18789 6923 
18628 14185 18798 6924 
18633 14187 18807 6925 
18641 14192 18814 6927 
18645 14196 18821 6929 
18652 14201 18826 6931 
18657 14208 18831 6934 
18665 14209 18837 6939 
18667 14213 18844 6940 
18673 14218 18851 6941 
18681 14221 18859 6943 
18685 14226 18864 6943 
18690 14232 18874 6944 
18695 14234 18880 6948 
18699 14235 18888 6950 
18704 14241 18895 6952 
18709 14250 18901 6953 
18710 14253 18910 6958 
18716 14261 18915 6961 
18726 14268 18918 6965 
18734 14270 18924 6965 
18738 14276 18934 6965 
18749 14283 18938 6969 
18752 14285 18947 6970 
18757 14286 18954 6970 
18765 14289 18962 6970 
18772 14292 18964 6972 
18780 14298 18971 6973 
18782 14300 18981 6974 
18786 14301 18988 6975 
18794 14307 18992 6978 
18801 14313 18998 6979 
18809 14316 19004 6980 
18816 14323 19011 6983 
18827 14326 19013 6985 
18837 14329 19017 6990 
18840 14335 19026 6992 
18848 14339 19030 6995 
18852 14341 19037 6996 
18855 14345 19043 6997 
18863 14349 19051 6998 
18867 14352 19055 7001 
18871 14362 19064 7004 
18876 14368 19068 7005 
18880 14374 19078 7008 
18886 14379 19083 7011 
18891 14384 19088 7013 
18897 14388 19095 7015 
18902 14392 19102 7015 
18911 14396 19104 7018 
18917 14401 19110 7019 
18920 14403 19116 7021 
18926 14407 19121 7022 
18933 14410 19129 7026 
18940 14419 19134 7029 
18945 14423 19137 7030 
18950 14428 19141 7036 
18958 14436 19148 7037 
18968 14437 19153 7041 
18970 14444 19158 7043 
18973 14446 19161 7044 
18979 14452 19168 7046 
18980 14457 19173 7048 
18991 14460 19180 7049 
19001 14463 19184 7053 
19008 14469 19189 7055 
19015 14469 19198 7060 
19020 14472 19202 7062 
19021 14475 19207 7064 
19027 14481 19209 7064 
19030 14482 19217 7064 
19032 14486 19220 7065 
19041 14488 19227 7073 
19044 14492 19231 7075 
19051 14498 19238 7079 
19053 14503 19242 7083 
19059 14510 19251 7091 
19064 14514 19262 7091 
19068 14520 19268 7093 
19072 14527 19273 7094 
19078 14528 19278 7097 
19083 14534 19285 7099 
19087 14537 19290 7101 
19091 14542 19297 7103 
19094 14545 19305 7104 
19098 14550 19312 7104 
19105 14555 19322 7105 
19108 14557 19327 7108 
19111 14561 19334 7112 
19118 14571 19342 7113 
19122 14576 19346 7114 
19133 14579 19351 7115 
19142 14585 19355 7118 
19144 14591 19361 7121 
19147 14593 19370 7123 
19153 14596 19375 7123 
19159 14600 19380 7125 
19165 14606 19387 7125 
19169 14608 19393 7125 
19173 14612 19399 7127 
19178 14618 19407 7128 
19181 14621 19413 7131 
19185 14627 19421 7131 
19189 14633 19428 7131 
19197 14637 19436 7133 
19202 14643 19442 7134 
19209 14646 19446 7138 
19211 14651 19454 7140 
19218 14653 19462 7143 
19224 14662 19472 7145 
19232 14667 19477 7148 
19237 14669 19481 7152 
19240 14675 19491 7154 
19247 14679 19495 7156 
19252 14687 19503 7157 
19260 14692 19510 7158 
19266 14700 19514 7160 
19272 14706 19521 7162 
19277 14713 19527 7166 
19282 14716 19529 7169 
19293 14723 19534 7172 
19296 14730 19541 7173 
19302 14734 19546 7175 
19305 14741 19552 7178 
19310 14745 19561 7179 
19315 14751 19566 7181 
19323 14760 19570 7181 
19328 14765 19577 7182 
19335 14774 19581 7185 
19347 14779 19589 7186 
19350 14782 19596 7188 
19359 14788 19609 7189 
19371 14794 19618 7193 
19382 14800 19622 7196 
19390 14807 19628 7197 
19398 14809 19635 7197 
19404 14814 19642 7199 
19411 14818 19647 7202 
19416 14825 19657 7204 
19420 14828 19666 7206 
19425 14832 19673 7210 
19430 14834 19682 7213 
19437 14836 19692 7215 
19441 14842 19702 7217 
19446 14845 19709 7219 
19453 14850 19716 7222 
19458 14854 19720 7224 
19466 14857 19724 7224 
19472 14861 19730 7227 
19481 14866 19732 7228 
19485 14870 19738 7230 
19489 14875 19745 7234 
19494 14876 19751 7240 
19500 14883 19758 7240 
19504 14889 19761 7245 
19507 14896 19767 7246 
19510 14900 19773 7247 
19517 14903 19780 7252 
19526 14908 19788 7255 
19531 14912 19792 7257 
19537 14917 19796 7260 
19545 14923 19803 7260 
19551 14925 19807 7261 
19555 14933 19814 7266 
19562 14937 19821 7269 
19568 14942 19830 7273 
19570 14945 19836 7276 
19578 14952 19839 7278 
19581 14957 19844 7281 
19588 14962 19851 7284 
19597 14963 19860 7286 
19602 14966 19867 7287 
19605 14968 19869 7288 
19619 14975 19875 7290 
19622 14975 19879 7293 
19630 14980 19883 7298 
19636 14983 19892 7299 
19643 14988 19897 7299 
19648 14989 19901 7299 
19653 14993 19907 7303 
19657 14997 19910 7305 
19662 15002 19919 7306 
19665 15009 19923 7310 
19670 15017 19931 7312 
19676 15024 19937 7313 
19679 15030 19944 7314 
19685 15035 19954 7316 
19693 15040 19957 7318 
19696 15047 19964 7322 
19702 15055 19975 7327 
19705 15063 19985 7328 
19712 15072 19988 7329 
19716 15078 19996 7331 
19722 15081 20008 7334 
19729 15090 20015 7336 
19734 15095 20026 7338 
19741 15097 20033 7338 
19746 15100 20038 7339 
19753 15103 20044 7339 
19755 15110 20048 7340 
19761 15111 20050 7341 
19768 15116 20056 7345 
19778 15121 20064 7347 
19782 15128 20073 7348 
19785 15132 20081 7350 
19788 15134 20093 7352 
19796 15137 20104 7353 
19803 15142 20112 7355 
19806 15148 20119 7356 
19813 15150 20126 7356 
19821 15155 20132 7356 
19828 15159 20137 7358 
19839 15162 20147 7361 
19847 15168 20154 7367 
19853 15172 20158 7368 
19858 15178 20164 7369 
19860 15183 20172 7371 
19864 15187 20175 7376 
19870 15196 20179 7378 
19880 15196 20183 7382 
19883 15199 20187 7384 
19886 15205 20191 7385 
19888 15209 20199 7386 
19890 15216 20205 7390 
19896 15221 20211 7394 
19902 15228 20215 7398 
19906 15232 20220 7400 
19911 15235 20228 7404 
19913 15242 20239 7405 
19915 15250 20246 7410 
19916 15254 20251 7412 
19923 15259 20261 7412 
19934 15260 20264 7416 
19943 15265 20278 7418 
19944 15270 20285 7418 
19949 15277 20289 7420 
19955 15281 20297 7420 
19961 15282 20302 7426 
19967 15285 20311 7427 
19976 15291 20321 7431 
19983 15296 20327 7431 
19985 15301 20335 7433 
19993 15305 20340 7437 
19996 15308 20346 7439 
20000 15313 20352 7439 
20001 15321 20362 7444 
20007 15326 20367 7448 
20012 15328 20374 7448 
20018 15333 20378 7449 
20022 15338 20383 7452 
20027 15342 20387 7454 
20032 15350 20396 7456 
20037 15355 20400 7458 
20042 15361 20401 7462 
20047 15372 20405 7465 
20050 15375 20410 7465 
20060 15382 20414 7469 
20065 15390 20420 7473 
20073 15394 20428 7473 
20079 15399 20432 7473 
20085 15405 20439 7474 
20091 15411 20443 7477 
20096 15420 20450 7479 
20103 15428 20462 7482 
20115 15437 20469 7483 
20126 15439 20473 7484 
20135 15442 20478 7485 
20136 15450 20484 7486 
20145 15458 20492 7489 
20148 15461 20496 7492 
20152 15465 20502 7497 
20163 15470 20510 7501 
20167 15475 20514 7502 
20169 15482 20522 7504 
20178 15488 20526 7504 
20181 15493 20530 7505 
20187 15500 20534 7510 
20194 15505 20541 7510 
20201 15515 20546 7513 
20203 15522 20555 7515 
20207 15526 20565 7516 
20210 15532 20574 7518 
20212 15533 20578 7518 
20215 15538 20589 7520 
20226 15545 20592 7520 
20230 15551 20599 7522 
20236 15554 20602 7522 
20239 15558 20606 7525 
20245 15560 20617 7528 
20246 15564 20621 7531 
20249 15567 20629 7533 
20252 15573 20633 7536 
20256 15577 20640 7539 
20262 15583 20647 7542 
20270 15586 20650 7547 
20275 15589 20656 7550 
20281 15594 20663 7555 
20289 15597 20671 7558 
20295 15600 20677 7563 
20300 15603 20686 7568 
20304 15608 20692 7569 
20311 15619 20701 7570 
20318 15626 20708 7571 
20322 15629 20718 7573 
20324 15635 20730 7579 
20330 15641 20736 7580 
20335 15645 20740 7584 
20342 15649 20744 7585 
20351 15654 20754 7587 
20360 15662 20759 7587 
20365 15665 20766 7590 
20369 15670 20774 7590 
20375 15673 20783 7590 
20376 15678 20789 7591 
20388 15678 20796 7594 
20397 15682 20804 7596 
20401 15691 20814 7598 
20405 15697 20816 7602 
20410 15703 20822 7604 
20417 15707 20829 7609 
20420 15712 20836 7611 
20424 15716 20844 7613 
20433 15719 20845 7614 
20439 15725 20851 7617 
20444 15727 20856 7622 
20449 15733 20862 7624 
20454 15736 20868 7625 
20463 15741 20872 7626 
20475 15747 20875 7629 
20481 15750 20879 7631 
20486 15754 20885 7632 
20491 15759 20887 7635 
20492 15763 20898 7638 
20500 15767 20904 7639 
20512 15770 20909 7643 
20517 15773 20914 7647 
20522 15779 20918 7649 
20526 15784 20924 7650 
20531 15793 20929 7652 
20536 15797 20936 7653 
20544 15798 20941 7655 
20546 15803 20950 7655 
20552 15809 20959 7659 
20555 15814 20967 7660 
20558 15818 20974 7664 
20565 15822 20981 7667 
20568 15824 20991 7669 
20575 15827 20999 7679 
20582 15831 21007 7679 
20590 15832 21009 7686 
20596 15833 21016 7688 
20605 15840 21019 7689 
20611 15847 21026 7692 
20615 15852 21032 7697 
20617 15860 21038 7699 
20619 15866 21045 7703 
20622 15869 21057 7709 
20630 15876 21065 7712 
20634 15884 21069 7715 
20639 15888 21072 7717 
20651 15893 21084 7718 
20661 15897 21089 7721 
20672 15907 21095 7721 
20677 15910 21101 7721 
20683 15919 21107 7723 
20688 15924 21111 7724 
20691 15926 21116 7726 
20697 15930 21128 7729 
20702 15931 21130 7731 
20707 15941 21139 7735 
20711 15947 21144 7735 
20716 15951 21147 7737 
20719 15957 21152 7740 
20724 15963 21159 7744 
20730 15973 21165 7746 
20739 15981 21167 7747 
20745 15988 21175 7749 
20749 15991 21182 7751 
20755 15995 21189 7752 
20760 16000 21195 7756 
20769 16002 21201 7759 
20772 16005 21203 7763 
20774 16009 21210 7765 
20782 16012 21215 7767 
20787 16016 21218 7769 
20791 16024 21223 7773 
20799 16030 21230 7773 
20811 16033 21234 7776 
20819 16038 21240 7778 
20826 16041 21246 7778 
20831 16047 21253 7781 
20839 16053 21258 7783 
20846 16056 21268 7785 
20850 16060 21273 7788 
20859 16068 21277 7790 
20871 16071 21284 7792 
20876 16075 21290 7793 
20878 16082 21292 7797 
20888 16084 21300 7799 
20897 16089 21308 7801 
20903 16093 21320 7802 
20907 16099 21328 7802 
20910 16101 21336 7804 
20916 16110 21341 7807 
20923 16116 21352 7810 
20930 16124 21361 7813 
20935 16126 21367 7815 
20940 16129 21375 7815 
20949 16134 21383 7816 
20957 16139 21389 7820 
20964 16148 21393 7824 
20969 16151 21394 7825 
20974 16156 21399 7827 
20981 16159 21404 7830 
20987 16166 21415 7833 
20992 16174 21427 7834 
20998 16178 21433 7837 
21000 16182 21440 7838 
21007 16188 21447 7841 
21015 16190 21450 7845 
21021 16192 21455 7847 
21023 16195 21463 7848 
21031 16200 21468 7849 
21035 16206 21475 7852 
21046 16211 21478 7853 
21049 16217 21482 7854 
21057 16220 21489 7857 
21062 16227 21496 7857 
21066 16234 21511 7859 
21068 16240 21516 7860 
21077 16244 21520 7861 
21080 16247 21524 7861 
21087 16249 21529 7862 
21096 16253 21536 7866 
21101 16261 21547 7867 
21103 16264 21560 7870 
21110 16269 21565 7875 
21117 16277 21572 7879 
21127 16280 21582 7881 
21131 16290 21588 7882 
21138 16297 21595 7886 
21143 16303 21605 7888 
21148 16309 21619 7893 
21151 16317 21622 7896 
21156 16325 21628 7896 
21161 16334 21636 7899 
21167 16344 21638 7900 
21173 16348 21647 7908 
21181 16353 21654 7911 
21185 16357 21661 7914 
21190 16363 21668 7918 
21197 16368 21678 7919 
21206 16375 21683 7919 
21214 16379 21689 7925 
21221 16382 21699 7928 
21228 16386 21703 7933 
21235 16388 21708 7934 
21240 16395 21712 7936 
21246 16399 21719 7938 
21252 16405 21725 7940 
21261 16410 21733 7942 
21271 16415 21738 7943 
21277 16417 21746 7943 
21285 16422 21751 7948 
21287 16432 21757 7952 
21293 16439 21766 7957 
21301 16444 21777 7961 
21303 16448 21779 7962 
21308 16450 21781 7963 
21314 16454 21788 7970 
21315 16460 21790 7971 
21320 16466 21797 7973 
21328 16471 21807 7974 
21335 16473 21818 7975 
21337 16481 21822 7978 
21340 16487 21829 7979 
21343 16492 21834 7981 
21350 16498 21840 7983 
21356 16505 21847 7984 
21364 16512 21856 7987 
21370 16515 21861 7989 
21376 16520 21868 7990 
21379 16525 21871 7992 
21388 16533 21874 7999 
21391 16537 21878 8001 
21397 16542 21884 8002 
21404 16545 21889 8005 
21411 16548 21893 8008 
21419 16555 21900 8010 
21425 16558 21906 8011 
21433 16562 21913 8014 
21439 16566 21921 8016 
21445 16571 21927 8020 
21450 16574 21936 8022 
21453 16577 21945 8025 
21459 16581 21953 8029 
21468 16584 21960 8031 
21476 16590 21965 8033 
21486 16593 21973 8035 
21489 16598 21977 8037 
21492 16600 21983 8038 
21497 16600 21989 8041 
21498 16611 21992 8042 
21505 16617 21995 8046 
21513 16626 22003 8049 
21517 16632 22007 8049 
21522 16633 22015 8052 
21526 16637 22020 8054 
21533 16640 22028 8054 
21544 16646 22030 8058 
21548 16652 22036 8061 
21553 16657 22039 8062 
21563 16667 22044 8064 
21566 16671 22053 8067 
21570 16672 22060 8068 
21577 16675 22064 8071 
21584 16683 22071 8075 
21592 16684 22082 8078 
21596 16690 22091 8084 
21601 16693 22095 8085 
21606 16698 22101 8086 
21608 16702 22109 8089 
21615 16707 22115 8090 
21625 16709 22120 8092 
21630 16714 22130 8096 
21631 16720 22143 8097 
21635 16726 22147 8099 
21637 16730 22152 8100 
21643 16735 22160 8103 
21648 16736 22170 8106 
21653 16740 22181 8108 
21661 16744 22186 8109 
21664 16747 22189 8110 
21677 16752 22194 8113 
21682 16757 22199 8116 
21689 16765 22206 8117 
21693 16767 22209 8118 
21701 16776 22215 8119 
21710 16783 22222 8125 
21717 16790 22234 8126 
21721 16791 22238 8127 
21726 16795 22242 8128 
21732 16802 22242 8128 
21742 16810 22245 8132 
21748 16814 22248 8133 
21756 16821 22253 8136 
21763 16824 22260 8140 
21773 16831 22264 8145 
21777 16832 22268 8147 
21780 16839 22275 8152 
21790 16842 22282 8155 
21796 16846 22289 8160 
21804 16852 22298 8161 
21808 16860 22305 8164 
21818 16865 22313 8165 
21823 16870 22318 8165 
21828 16876 22324 8168 
21831 16881 22330 8169 
21836 16885 22339 8171 
21844 16890 22346 8173 
21848 16894 22351 8176 
21850 16897 22359 8178 
21854 16901 22364 8179 
21862 16905 22372 8181 
21866 16911 22376 8184 
21870 16914 22383 8185 
21877 16923 22390 8185 
21885 16928 22395 8186 
21890 16933 22399 8186 
21896 16940 22410 8187 
21903 16944 22414 8187 
21906 16950 22422 8190 
21910 16955 22427 8190 
21916 16959 22434 8191 
21924 16962 22437 8195 
21929 16968 22446 8197 
21931 16974 22449 8199 
21943 16977 22457 8200 
21951 16981 22466 8200 
21956 16994 22475 8204 
21962 16997 22486 8204 
21967 17002 22490 8208 
21974 17010 22501 8210 
21979 17017 22506 8210 
21989 17026 22513 8212 
21995 17031 22516 8218 
22002 17031 22522 8218 
22008 17036 22529 8222 
22015 17040 22538 8225 
22024 17042 22541 8230 
22026 17045 22550 8235 
22032 17051 22557 8235 
22037 17053 22562 8238 
22042 17058 22565 8239 
22048 17060 22571 8243 
22057 17067 22577 8245 
22061 17072 22588 8248 
22065 17077 22594 8250 
22072 17083 22599 8257 
22076 17089 22606 8260 
22083 17095 22618 8263 
22090 17102 22628 8264 
22096 17106 22632 8266 
22099 17109 22639 8270 
22104 17116 22649 8272 
22112 17121 22654 8274 
22116 17124 22654 8276 
22121 17129 22657 8279 
22127 17132 22661 8281 
22135 17137 22670 8283 
22140 17146 22679 8283 
22147 17149 22688 8285 
22152 17154 22695 8286 
22157 17160 22699 8289 
22164 17164 22705 8291 
22170 17171 22714 8294 
22179 17178 22724 8294 
22184 17180 22735 8295 
22189 17184 22743 8299 
22196 17189 22748 8300 
22206 17199 22753 8303 
22210 17203 22763 8306 
22214 17209 22772 8310 
22220 17219 22781 8314 
22224 17223 22785 8316 
22232 17227 22798 8320 
