0 0 0 0 
2 1 9 3 
7 3 14 5 
14 7 19 7 
20 9 23 10 
27 12 29 11 
34 17 34 11 
45 24 37 11 
53 30 40 14 
56 34 45 14 
61 39 52 15 
64 44 56 16 
71 49 61 18 
79 54 67 18 
87 62 75 18 
95 64 79 18 
102 69 85 18 
105 69 90 18 
110 74 93 21 
115 81 97 23 
129 82 107 26 
135 86 108 29 
144 90 111 30 
150 94 116 31 
158 94 122 33 
160 99 124 33 
168 103 129 33 
179 104 134 36 
184 108 141 39 
190 110 144 40 
194 117 150 41 
201 118 157 42 
214 120 161 43 
220 122 173 45 
225 126 183 48 
233 132 194 50 
238 133 200 52 
245 138 206 52 
245 138 208 52 
247 140 211 54 
254 144 215 56 
262 149 219 58 
267 151 226 61 
270 156 228 65 
274 160 229 67 
280 165 236 69 
287 167 239 72 
290 168 246 73 
293 170 254 76 
296 171 259 76 
303 175 266 77 
312 175 275 78 
318 181 279 82 
322 184 283 84 
326 187 287 85 
329 192 292 86 
340 197 296 88 
348 199 298 90 
349 208 305 91 
352 210 314 94 
360 213 322 95 
366 213 330 96 
372 215 334 99 
377 217 338 102 
381 219 344 104 
385 222 348 106 
390 225 352 108 
394 232 359 109 
400 233 365 114 
403 237 366 115 
404 241 373 117 
409 244 379 120 
413 245 383 121 
419 248 384 122 
425 253 390 123 
430 256 400 124 
435 262 408 124 
437 265 411 125 
441 268 414 127 
443 272 419 127 
453 277 421 129 
462 280 422 130 
466 283 429 132 
469 288 431 134 
476 291 438 137 
482 298 444 138 
490 300 451 141 
493 307 457 148 
496 308 464 149 
501 310 470 150 
507 312 477 152 
511 318 484 155 
517 321 486 160 
522 323 489 163 
531 327 492 164 
538 332 499 164 
544 335 503 165 
550 339 507 167 
554 344 511 170 
561 346 514 173 
567 351 516 174 
572 354 521 174 
575 361 521 175 
582 365 527 177 
587 368 533 177 
591 372 537 179 
596 375 544 181 
599 376 548 182 
604 382 554 182 
607 386 562 182 
609 391 569 184 
616 392 573 186 
621 394 577 188 
631 396 588 189 
638 400 596 191 
643 402 609 191 
651 402 612 192 
656 405 620 194 
664 408 628 195 
671 411 634 199 
676 412 636 201 
680 417 640 202 
685 422 645 204 
690 423 647 207 
696 428 649 210 
701 433 660 216 
708 437 664 218 
714 438 670 219 
722 445 676 220 
725 450 680 220 
728 451 687 222 
735 454 689 222 
735 457 695 224 
736 461 701 225 
741 463 704 228 
746 465 710 230 
753 470 712 232 
758 475 716 233 
761 476 719 234 
766 478 723 236 
767 483 731 237 
768 487 735 242 
777 491 740 244 
782 492 743 247 
790 498 752 248 
797 503 756 250 
799 507 761 252 
807 510 766 255 
814 515 767 256 
822 518 771 256 
826 519 776 259 
832 524 784 261 
837 527 788 261 
841 529 793 261 
846 532 796 266 
849 535 802 268 
852 538 807 269 
861 541 814 270 
868 546 819 270 
872 550 828 273 
876 552 832 276 
879 555 841 276 
886 561 848 278 
891 562 855 280 
895 567 857 283 
899 570 865 285 
908 575 866 285 
911 579 871 287 
924 584 873 289 
926 588 875 291 
931 590 881 292 
936 593 885 293 
941 595 894 297 
952 599 896 298 
958 601 901 299 
962 605 907 301 
969 608 912 302 
969 612 920 303 
970 615 926 303 
978 621 931 304 
983 624 934 307 
989 627 940 309 
995 630 943 311 
1002 637 947 311 
1007 640 955 314 
1011 642 966 316 
1018 649 970 317 
1021 650 978 319 
1025 651 982 320 
1033 658 987 320 
1040 662 991 320 
1046 664 996 323 
1051 668 1005 326 
1057 672 1011 327 
1067 674 1016 329 
1074 678 1018 330 
1079 687 1022 332 
1088 692 1029 334 
1092 695 1032 335 
1098 697 1037 335 
1103 699 1039 335 
1111 701 1041 338 
1114 707 1048 339 
1116 714 1050 340 
1121 718 1061 341 
1125 721 1063 343 
1133 725 1069 345 
1138 726 1072 346 
1145 729 1077 348 
1147 730 1086 349 
1150 734 1091 352 
1155 737 1095 355 
1158 740 1097 358 
1162 745 1101 358 
1169 751 1108 362 
1171 755 1111 364 
1174 758 1116 365 
1177 762 1122 366 
1182 764 1126 368 
1187 768 1132 371 
1197 774 1136 374 
1208 776 1143 376 
1213 783 1147 379 
1216 787 1152 381 
1221 790 1158 384 
1224 791 1164 386 
1237 793 1170 387 
1242 796 1179 388 
1247 799 1180 390 
1252 800 1183 393 
1260 800 1189 396 
1264 803 1195 397 
1270 806 1198 397 
1272 810 1210 401 
1278 816 1218 402 
1283 818 1224 404 
1289 820 1227 408 
1294 823 1233 410 
1297 830 1237 411 
1301 833 1241 411 
1308 839 1247 414 
1315 842 1251 418 
1320 843 1257 419 
1323 846 1260 421 
1327 850 1268 421 
1337 854 1276 426 
1343 858 1280 428 
1349 865 1283 429 
1356 866 1287 431 
1360 870 1293 435 
1368 871 1300 437 
1371 874 1302 437 
1376 880 1308 437 
1382 882 1312 437 
1383 884 1318 438 
1389 890 1323 439 
1394 896 1329 442 
1402 899 1336 447 
1408 902 1339 449 
1416 907 1344 450 
1418 909 1353 453 
1424 914 1356 458 
1429 923 1361 460 
1433 928 1362 462 
1438 931 1367 464 
1444 932 1374 467 
1446 937 1377 470 
1451 940 1380 476 
1458 944 1385 480 
1464 948 1388 483 
1472 953 1388 483 
1481 954 1391 485 
1487 955 1399 487 
1492 960 1406 488 
1498 962 1411 493 
1506 965 1421 495 
1513 967 1425 496 
1525 969 1427 498 
1533 973 1434 500 
1537 975 1437 500 
1544 978 1442 502 
1547 981 1446 507 
1551 984 1454 507 
1559 987 1459 511 
1565 990 1466 513 
1569 993 1475 514 
1575 997 1477 516 
1585 1001 1480 516 
1591 1007 1486 518 
1596 1009 1490 519 
1601 1013 1491 521 
1607 1017 1494 523 
1616 1019 1496 531 
1623 1023 1502 532 
1625 1026 1507 534 
1629 1033 1509 536 
1633 1035 1515 538 
1644 1042 1521 539 
1650 1044 1529 543 
1658 1049 1532 543 
1663 1050 1533 545 
1670 1054 1537 547 
1676 1057 1546 548 
1681 1065 1550 551 
1687 1070 1553 556 
1694 1073 1557 558 
1702 1076 1562 560 
1709 1080 1563 562 
1715 1087 1567 563 
1723 1091 1572 565 
1728 1092 1578 566 
1731 1097 1586 568 
1736 1101 1593 572 
1740 1105 1596 579 
1747 1108 1602 580 
1750 1117 1610 582 
1758 1122 1615 585 
1765 1125 1625 586 
1772 1129 1631 586 
1774 1132 1638 590 
1784 1136 1647 591 
1787 1142 1652 593 
1793 1145 1657 594 
1801 1150 1660 597 
1804 1156 1666 598 
1809 1158 1668 599 
1812 1165 1671 601 
1818 1169 1674 603 
1825 1173 1679 604 
1828 1177 1688 604 
1833 1184 1692 607 
1838 1186 1695 609 
1841 1190 1695 609 
1847 1192 1703 610 
1852 1196 1709 612 
1854 1203 1714 615 
1858 1208 1719 620 
1864 1214 1726 620 
1873 1222 1730 623 
1883 1226 1735 624 
1884 1228 1737 624 
1887 1232 1748 624 
1891 1234 1756 624 
1896 1239 1761 627 
1901 1243 1770 627 
1907 1247 1782 627 
1915 1250 1788 631 
1921 1256 1789 634 
1930 1264 1796 634 
1936 1266 1800 635 
1943 1270 1804 636 
1949 1273 1807 639 
1956 1275 1812 641 
1959 1277 1818 643 
1968 1280 1822 648 
1971 1289 1826 652 
1977 1296 1830 654 
1980 1301 1835 655 
1985 1304 1837 656 
1993 1304 1842 658 
2002 1307 1844 660 
2006 1310 1848 664 
2010 1311 1854 668 
2014 1315 1860 671 
2018 1323 1866 672 
2025 1327 1874 676 
2030 1332 1876 676 
2035 1335 1882 676 
2040 1343 1887 678 
2046 1347 1893 678 
2049 1352 1898 680 
2054 1357 1904 681 
2056 1361 1909 683 
2060 1366 1913 685 
2066 1371 1918 686 
2068 1375 1920 690 
2075 1375 1924 691 
2081 1381 1930 693 
2085 1384 1934 694 
2088 1384 1939 695 
2095 1390 1943 698 
2099 1393 1947 699 
2109 1397 1952 700 
2116 1401 1959 704 
2121 1404 1964 706 
2127 1410 1970 707 
2129 1413 1974 707 
2132 1414 1978 710 
2139 1421 1982 712 
2145 1425 1983 716 
2147 1428 1988 718 
2147 1432 1991 719 
2156 1439 1995 720 
2161 1439 1999 724 
2169 1443 2004 727 
2175 1446 2011 728 
2178 1451 2015 729 
2193 1455 2019 731 
2199 1456 2026 732 
2204 1459 2032 734 
2209 1463 2035 734 
2216 1470 2039 736 
2221 1470 2049 739 
2224 1474 2056 740 
2231 1479 2059 741 
2237 1481 2065 741 
2241 1484 2068 742 
2248 1487 2076 747 
2253 1489 2083 748 
2259 1495 2090 749 
2265 1504 2092 750 
2268 1509 2097 753 
2273 1510 2103 754 
2280 1514 2106 755 
2287 1520 2109 756 
2295 1523 2112 760 
2296 1532 2120 761 
2301 1534 2125 763 
2309 1535 2129 765 
2317 1538 2133 765 
2321 1542 2136 769 
2325 1548 2137 770 
2328 1553 2146 770 
2332 1556 2151 772 
2335 1557 2158 773 
2339 1558 2165 775 
2345 1566 2170 775 
2349 1568 2177 775 
2352 1572 2184 776 
2356 1576 2186 778 
2365 1581 2192 779 
2372 1585 2195 782 
2379 1592 2198 784 
2387 1596 2202 785 
2392 1597 2209 787 
2399 1600 2212 789 
2408 1603 2218 795 
2411 1606 2222 798 
2416 1610 2224 799 
2423 1616 2232 799 
2427 1620 2237 803 
2433 1622 2244 803 
2436 1625 2247 806 
2440 1629 2250 809 
2444 1633 2258 812 
2450 1639 2264 816 
2451 1647 2270 819 
2453 1649 2277 819 
2455 1657 2283 821 
2459 1659 2290 827 
2461 1662 2296 827 
2466 1665 2298 830 
2469 1669 2303 834 
2477 1672 2308 835 
2481 1674 2314 839 
2487 1678 2318 841 
2492 1686 2322 841 
2492 1691 2324 841 
2498 1695 2332 843 
2501 1698 2337 844 
2506 1703 2346 847 
2513 1706 2348 848 
2516 1710 2355 849 
2522 1712 2365 851 
2527 1717 2368 854 
2532 1719 2374 856 
2537 1722 2381 857 
2539 1724 2386 858 
2546 1728 2395 862 
2550 1729 2401 863 
2557 1731 2405 868 
2564 1733 2411 868 
2570 1738 2420 871 
2575 1745 2422 872 
2582 1748 2426 875 
2587 1752 2433 877 
2593 1756 2436 877 
2597 1758 2445 879 
2603 1762 2456 881 
2608 1768 2461 884 
2610 1771 2465 888 
2615 1776 2471 888 
2619 1778 2474 888 
2624 1782 2479 891 
2631 1783 2487 892 
2640 1784 2489 895 
2642 1789 2493 896 
2649 1791 2499 896 
2651 1791 2509 899 
2659 1795 2513 901 
2662 1798 2520 901 
2665 1803 2530 903 
2670 1807 2536 904 
2674 1810 2540 906 
2681 1813 2544 910 
2685 1819 2546 912 
2693 1825 2549 915 
2696 1825 2555 916 
2705 1835 2560 920 
2714 1838 2565 920 
2720 1842 2570 922 
2726 1842 2574 923 
2733 1845 2579 925 
2739 1847 2586 927 
2743 1850 2591 929 
2746 1858 2600 930 
2750 1861 2606 934 
2755 1864 2610 935 
2758 1869 2614 938 
2759 1872 2621 940 
2762 1874 2629 942 
2767 1876 2634 943 
2773 1878 2637 943 
2778 1881 2638 945 
2780 1888 2646 947 
2786 1890 2653 948 
2792 1893 2659 949 
2797 1897 2662 949 
2802 1901 2669 953 
2811 1905 2674 955 
2815 1909 2683 956 
2820 1910 2685 959 
2824 1914 2689 959 
2826 1917 2692 960 
2833 1920 2696 960 
2837 1922 2700 961 
2848 1926 2702 961 
2852 1932 2709 964 
2860 1936 2710 965 
2866 1941 2712 966 
2869 1946 2718 969 
2875 1948 2722 971 
2877 1951 2728 973 
2884 1957 2730 975 
2888 1957 2736 979 
2896 1963 2742 982 
2903 1967 2750 984 
2911 1968 2752 988 
2918 1970 2758 989 
2921 1974 2762 991 
2928 1977 2768 994 
2929 1981 2778 1000 
2934 1984 2781 1003 
2936 1987 2789 1004 
2946 1992 2794 1006 
2948 2000 2797 1007 
2954 2005 2800 1011 
2960 2013 2810 1012 
2965 2020 2813 1014 
2972 2026 2818 1015 
2979 2030 2820 1018 
2982 2034 2825 1018 
2990 2040 2826 1021 
2994 2045 2831 1024 
3000 2049 2832 1025 
3009 2053 2838 1030 
3013 2056 2843 1033 
3019 2058 2850 1035 
3026 2066 2855 1036 
3031 2069 2859 1040 
3035 2075 2865 1041 
3041 2078 2869 1044 
3044 2085 2871 1046 
3050 2088 2875 1049 
3058 2093 2882 1051 
3061 2095 2888 1053 
3064 2103 2892 1054 
3065 2106 2895 1056 
3070 2110 2900 1058 
3076 2111 2904 1063 
3085 2116 2914 1064 
3087 2124 2924 1065 
3095 2128 2932 1065 
3098 2134 2941 1065 
3103 2139 2945 1067 
3108 2145 2953 1069 
3109 2146 2960 1070 
3114 2152 2962 1075 
3119 2157 2963 1078 
3125 2162 2969 1081 
3127 2163 2972 1083 
3130 2166 2978 1087 
3136 2171 2980 1090 
3142 2174 2990 1093 
3147 2180 2990 1096 
3154 2186 2995 1097 
3161 2192 3003 1098 
3164 2196 3009 1101 
3166 2199 3017 1102 
3178 2202 3023 1103 
3180 2205 3028 1105 
3187 2209 3031 1108 
3192 2216 3033 1109 
3196 2219 3041 1110 
3203 2224 3049 1112 
3207 2227 3056 1114 
3212 2228 3062 1117 
3216 2231 3068 1121 
3223 2235 3073 1124 
3226 2238 3075 1128 
3235 2243 3081 1131 
3243 2247 3086 1133 
3244 2252 3091 1135 
3246 2255 3098 1140 
3251 2261 3102 1140 
3253 2264 3105 1142 
3255 2268 3110 1143 
3257 2271 3112 1144 
3264 2275 3120 1146 
3266 2278 3130 1146 
3271 2283 3135 1148 
3278 2289 3141 1149 
3282 2296 3147 1152 
3285 2300 3150 1154 
3290 2306 3153 1155 
3296 2310 3156 1155 
3304 2311 3161 1157 
3308 2320 3163 1159 
3313 2322 3171 1160 
3318 2326 3177 1161 
3324 2330 3183 1162 
3328 2336 3187 1162 
3336 2338 3191 1164 
3344 2342 3193 1165 
3346 2347 3196 1170 
3351 2352 3203 1170 
3358 2354 3210 1172 
3364 2358 3220 1173 
3369 2361 3226 1174 
3375 2364 3235 1176 
3377 2370 3244 1179 
3384 2373 3248 1180 
3387 2374 3249 1182 
3393 2378 3258 1183 
3397 2379 3265 1186 
3405 2383 3270 1187 
3412 2389 3276 1189 
3417 2393 3282 1193 
3422 2397 3288 1195 
3426 2404 3295 1198 
3432 2407 3303 1201 
3442 2408 3306 1203 
3446 2412 3312 1204 
3450 2413 3313 1204 
3460 2417 3319 1206 
3464 2420 3322 1207 
3473 2425 3330 1208 
3478 2429 3332 1210 
3482 2435 3336 1212 
3487 2438 3339 1213 
3492 2440 3346 1215 
3497 2450 3348 1218 
3503 2452 3356 1220 
3507 2456 3364 1220 
3516 2460 3369 1223 
3522 2461 3375 1224 
3527 2463 3380 1226 
3533 2465 3386 1231 
3540 2467 3390 1232 
3546 2472 3393 1233 
3551 2478 3399 1234 
3556 2480 3403 1236 
3559 2489 3409 1236 
3565 2491 3416 1240 
3572 2492 3421 1246 
3574 2494 3427 1248 
3582 2495 3431 1249 
3587 2501 3436 1252 
3594 2504 3439 1254 
3597 2508 3440 1256 
3603 2512 3446 1260 
3613 2518 3449 1260 
3618 2520 3452 1261 
3621 2525 3460 1264 
3626 2530 3463 1265 
3630 2533 3468 1267 
3633 2535 3475 1268 
3640 2542 3486 1270 
3643 2544 3493 1273 
3646 2547 3499 1273 
3657 2550 3502 1275 
3663 2555 3510 1276 
3666 2557 3514 1279 
3671 2558 3522 1280 
3676 2562 3530 1282 
3679 2565 3532 1283 
3687 2568 3536 1288 
3693 2571 3544 1290 
3694 2574 3549 1291 
3697 2578 3557 1292 
3701 2580 3562 1294 
3708 2585 3570 1297 
3715 2588 3575 1302 
3721 2595 3579 1304 
3728 2599 3585 1305 
3734 2601 3590 1306 
3736 2606 3598 1306 
3743 2610 3603 1309 
3747 2613 3611 1310 
3752 2618 3614 1312 
3753 2623 3622 1313 
3753 2624 3630 1313 
3762 2629 3634 1314 
3766 2632 3645 1318 
3769 2637 3650 1319 
3773 2642 3654 1319 
3778 2644 3655 1320 
3783 2647 3659 1322 
3792 2649 3662 1323 
3794 2651 3670 1324 
3801 2653 3672 1325 
3809 2655 3674 1327 
3812 2660 3679 1328 
3820 2663 3684 1331 
3827 2667 3685 1332 
3829 2669 3691 1332 
3836 2675 3699 1332 
3841 2677 3704 1334 
3847 2681 3707 1338 
3854 2686 3715 1339 
3856 2689 3722 1340 
3860 2693 3728 1341 
3867 2696 3731 1341 
3873 2700 3737 1342 
3878 2708 3743 1343 
3887 2712 3749 1344 
3893 2713 3754 1349 
3899 2714 3758 1350 
3901 2717 3761 1353 
3905 2722 3767 1354 
3909 2724 3772 1356 
3918 2730 3778 1357 
3922 2732 3784 1359 
3929 2735 3787 1364 
3933 2740 3790 1367 
3936 2745 3794 1369 
3940 2751 3802 1370 
3946 2753 3805 1375 
3954 2758 3810 1377 
3959 2760 3822 1380 
3970 2766 3828 1380 
3972 2771 3832 1382 
3975 2775 3841 1384 
3979 2781 3848 1386 
3980 2784 3857 1389 
3985 2786 3863 1390 
3989 2790 3868 1396 
3997 2793 3873 1396 
4000 2797 3877 1398 
4003 2805 3881 1399 
4012 2809 3885 1401 
4016 2810 3890 1402 
4022 2816 3894 1403 
4027 2816 3904 1405 
4031 2819 3909 1409 
4033 2824 3913 1414 
4040 2826 3920 1414 
4042 2829 3926 1416 
4048 2832 3931 1418 
4055 2836 3937 1419 
4058 2838 3945 1419 
4065 2844 3949 1421 
4074 2847 3955 1422 
4079 2853 3960 1422 
4082 2856 3968 1425 
4089 2861 3974 1427 
4099 2864 3976 1428 
4103 2867 3980 1432 
4104 2869 3987 1435 
4106 2873 3994 1438 
4109 2878 3999 1438 
4117 2881 4002 1438 
4119 2885 4009 1439 
4123 2890 4017 1441 
4130 2891 4022 1443 
4133 2894 4027 1443 
4141 2897 4036 1446 
4149 2902 4039 1450 
4154 2902 4043 1451 
4157 2908 4045 1454 
4159 2910 4050 1455 
4167 2913 4054 1457 
4171 2915 4061 1459 
4176 2918 4065 1459 
4181 2922 4069 1463 
4187 2922 4076 1465 
4193 2925 4082 1470 
4198 2928 4085 1472 
4203 2930 4095 1474 
4209 2936 4096 1474 
4215 2938 4105 1476 
4218 2945 4111 1477 
4220 2949 4115 1477 
4226 2956 4118 1479 
4230 2960 4128 1482 
4230 2960 4136 1483 
4234 2960 4145 1485 
4238 2965 4146 1490 
4247 2968 4153 1490 
4252 2973 4159 1493 
4255 2975 4167 1493 
4263 2975 4170 1495 
4268 2978 4182 1495 
4276 2982 4190 1500 
4281 2986 4195 1502 
4286 2989 4201 1505 
4289 2991 4207 1506 
4292 2993 4216 1510 
4299 2998 4218 1512 
4305 3004 4222 1514 
4314 3010 4226 1515 
4322 3016 4232 1519 
4328 3018 4235 1522 
4331 3022 4242 1526 
4336 3024 4246 1531 
4341 3026 4250 1532 
4346 3030 4255 1534 
4355 3031 4262 1535 
4357 3035 4267 1538 
4361 3037 4276 1540 
4367 3038 4280 1544 
4370 3040 4284 1545 
4375 3044 4288 1551 
4379 3049 4292 1555 
4387 3055 4293 1557 
4392 3058 4298 1560 
4396 3063 4302 1562 
4400 3069 4304 1564 
4407 3075 4314 1565 
4412 3076 4318 1565 
4415 3080 4325 1565 
4421 3083 4331 1566 
4424 3089 4334 1568 
4430 3095 4338 1570 
4437 3102 4344 1572 
4439 3111 4357 1576 
4446 3115 4359 1578 
4450 3121 4363 1578 
4452 3124 4370 1580 
4461 3128 4374 1580 
4463 3135 4375 1580 
4468 3137 4382 1581 
4476 3142 4386 1583 
4481 3144 4390 1583 
4484 3149 4398 1583 
4491 3153 4403 1584 
4496 3155 4407 1586 
4498 3157 4410 1587 
4501 3162 4415 1590 
4504 3165 4418 1592 
4512 3168 4420 1593 
4519 3169 4428 1594 
4527 3173 4433 1596 
4533 3177 4440 1598 
4539 3182 4449 1600 
4541 3191 4454 1600 
4545 3196 4457 1602 
4556 3200 4466 1605 
4561 3205 4470 1606 
4566 3210 4479 1606 
4569 3216 4483 1608 
4573 3221 4493 1609 
4576 3225 4496 1610 
4579 3231 4500 1611 
4588 3237 4502 1611 
4597 3241 4509 1613 
4600 3250 4513 1615 
4611 3253 4520 1617 
4615 3258 4523 1618 
4621 3262 4527 1618 
4625 3266 4531 1620 
4630 3267 4541 1624 
4635 3268 4546 1626 
4640 3269 4553 1629 
4644 3271 4559 1630 
4650 3273 4567 1633 
4657 3276 4574 1636 
4663 3282 4580 1639 
4668 3287 4584 1642 
4677 3288 4592 1643 
4681 3290 4598 1644 
4686 3295 4606 1645 
4692 3300 4610 1645 
4696 3304 4619 1648 
4697 3307 4622 1650 
4707 3310 4625 1650 
4709 3313 4629 1651 
4717 3318 4634 1653 
4719 3320 4640 1655 
4726 3325 4646 1658 
4730 3331 4650 1660 
4735 3332 4655 1665 
4744 3338 4656 1668 
4748 3340 4665 1668 
4751 3343 4673 1669 
4754 3349 4680 1672 
4764 3353 4682 1674 
4774 3358 4686 1674 
4779 3359 4691 1676 
4786 3366 4692 1677 
4794 3369 4696 1678 
4796 3372 4704 1679 
4802 3378 4711 1681 
4807 3382 4716 1684 
4815 3383 4721 1687 
4817 3385 4725 1689 
4819 3388 4732 1690 
4829 3394 4737 1693 
4835 3399 4740 1696 
4841 3406 4744 1697 
4846 3407 4749 1702 
4852 3408 4755 1702 
4855 3412 4760 1706 
4859 3418 4766 1707 
4865 3422 4773 1707 
4870 3427 4777 1710 
4872 3429 4782 1711 
4879 3433 4788 1713 
4882 3436 4791 1714 
4883 3438 4796 1715 
4885 3444 4799 1716 
4888 3447 4802 1718 
4896 3453 4805 1719 
4900 3461 4811 1721 
4903 3467 4815 1723 
4905 3471 4821 1725 
4907 3474 4825 1727 
4917 3479 4826 1727 
4923 3485 4835 1728 
4929 3488 4843 1730 
4933 3490 4850 1734 
4940 3492 4857 1738 
4946 3495 4861 1740 
4952 3496 4864 1741 
4957 3503 4873 1744 
4960 3508 4876 1745 
4970 3515 4886 1745 
4975 3517 4893 1745 
4983 3521 4894 1748 
4990 3523 4898 1750 
4995 3534 4903 1750 
4999 3538 4906 1752 
5005 3542 4912 1755 
5008 3547 4915 1755 
5013 3551 4920 1756 
5018 3553 4925 1758 
5028 3557 4931 1759 
5032 3559 4941 1760 
5037 3561 4949 1760 
5038 3564 4954 1760 
5041 3571 4955 1760 
5045 3578 4958 1760 
5050 3579 4963 1761 
5057 3584 4966 1764 
5060 3586 4970 1765 
5068 3588 4975 1767 
5074 3593 4981 1770 
5082 3599 4987 1772 
5091 3602 4993 1775 
5100 3603 4998 1780 
5103 3608 5005 1781 
5109 3609 5007 1785 
5114 3610 5009 1787 
5120 3615 5018 1788 
5123 3618 5026 1789 
5127 3622 5029 1789 
5135 3626 5033 1789 
5143 3629 5040 1791 
5154 3634 5042 1794 
5164 3637 5045 1794 
5166 3639 5051 1796 
5167 3641 5056 1798 
5172 3646 5065 1800 
5175 3651 5071 1803 
5181 3654 5078 1804 
5185 3655 5082 1805 
5188 3658 5091 1808 
5191 3662 5096 1811 
5198 3664 5099 1811 
5203 3669 5104 1812 
5210 3672 5109 1815 
5214 3674 5114 1816 
5220 3676 5120 1821 
5225 3677 5127 1824 
5231 3678 5134 1827 
5234 3679 5139 1830 
5242 3681 5146 1831 
5244 3684 5151 1833 
5250 3689 5155 1837 
5255 3693 5163 1839 
5258 3698 5171 1839 
5263 3699 5177 1843 
5267 3707 5181 1846 
5275 3709 5189 1848 
5284 3711 5194 1851 
5289 3715 5199 1852 
5290 3721 5203 1853 
5294 3724 5207 1856 
5298 3731 5212 1859 
5302 3738 5217 1859 
5312 3744 5223 1859 
5319 3746 5225 1864 
5323 3750 5235 1866 
5328 3753 5241 1869 
5335 3758 5250 1871 
5343 3763 5257 1872 
5348 3769 5262 1874 
5354 3775 5270 1876 
5357 3778 5279 1877 
5365 3781 5285 1881 
5369 3785 5289 1886 
5373 3791 5294 1888 
5376 3794 5302 1890 
5381 3800 5306 1892 
5386 3803 5312 1894 
5392 3807 5314 1894 
5395 3809 5321 1895 
5398 3810 5326 1898 
5401 3813 5333 1900 
5409 3818 5334 1902 
5418 3822 5340 1902 
5422 3825 5346 1903 
5426 3828 5353 1905 
5431 3832 5358 1909 
5438 3837 5360 1911 
5445 3837 5367 1914 
5450 3841 5377 1916 
5452 3844 5381 1920 
5461 3847 5384 1920 
5470 3849 5389 1920 
5475 3852 5390 1923 
5481 3858 5396 1925 
5485 3863 5403 1927 
5493 3867 5407 1928 
5498 3870 5415 1929 
5503 3871 5418 1930 
5508 3875 5425 1930 
5510 3879 5432 1931 
5518 3882 5435 1932 
5522 3883 5440 1934 
5530 3884 5444 1938 
5533 3886 5449 1941 
5536 3894 5454 1945 
5541 3898 5460 1949 
5545 3902 5463 1950 
5551 3905 5466 1953 
5559 3909 5469 1953 
5565 3910 5474 1955 
5576 3916 5478 1958 
5585 3919 5484 1959 
5594 3922 5490 1963 
5599 3927 5495 1963 
5599 3934 5500 1963 
5606 3939 5507 1966 
5607 3943 5512 1969 
5613 3947 5514 1972 
5616 3948 5521 1976 
5618 3952 5522 1978 
5629 3958 5531 1979 
5636 3961 5534 1980 
5645 3964 5539 1982 
5653 3970 5544 1984 
5658 3970 5549 1985 
5665 3975 5555 1986 
5670 3978 5560 1986 
5673 3986 5564 1987 
5678 3989 5568 1988 
5678 3993 5573 1989 
5682 3995 5577 1989 
5688 3999 5584 1992 
5695 4003 5588 1993 
5698 4006 5593 1996 
5703 4009 5597 1998 
5711 4011 5604 1999 
5716 4018 5610 1999 
5718 4022 5615 2001 
5721 4028 5619 2003 
5724 4028 5629 2005 
5729 4029 5633 2008 
5736 4033 5642 2010 
5741 4037 5648 2011 
5745 4039 5650 2012 
5758 4042 5656 2013 
5762 4048 5661 2016 
5767 4052 5667 2018 
5773 4059 5674 2020 
5777 4062 5676 2020 
5780 4064 5681 2022 
5787 4067 5685 2023 
5789 4069 5687 2023 
5794 4071 5691 2027 
5798 4076 5699 2029 
5801 4082 5705 2033 
5807 4085 5708 2034 
5811 4087 5710 2035 
5814 4093 5715 2038 
5818 4096 5719 2039 
5823 4099 5722 2039 
5828 4100 5726 2042 
5833 4103 5732 2044 
5836 4106 5738 2045 
5840 4111 5745 2046 
5843 4112 5753 2048 
5850 4115 5759 2048 
5855 4117 5767 2050 
5858 4124 5770 2051 
5863 4127 5775 2053 
5867 4134 5783 2056 
5874 4143 5787 2058 
5877 4150 5797 2060 
5880 4152 5802 2062 
5881 4154 5806 2064 
5890 4156 5808 2066 
5893 4161 5815 2069 
5897 4167 5824 2071 
5904 4171 5828 2077 
5909 4176 5834 2077 
5917 4183 5840 2079 
5924 4191 5843 2080 
5932 4194 5846 2083 
5939 4197 5850 2084 
5944 4202 5855 2086 
5949 4204 5860 2086 
5955 4204 5866 2089 
5964 4205 5872 2089 
5970 4208 5875 2091 
5973 4213 5881 2091 
5981 4214 5885 2095 
5989 4216 5889 2097 
5996 4218 5894 2098 
6004 4225 5901 2100 
6010 4228 5908 2103 
6011 4233 5916 2107 
6015 4233 5923 2107 
6019 4234 5931 2108 
6020 4239 5936 2109 
6030 4242 5939 2112 
6039 4245 5945 2114 
6046 4249 5952 2117 
6050 4254 5963 2119 
6055 4257 5969 2122 
6060 4259 5977 2122 
6067 4259 5981 2122 
6072 4263 5985 2123 
6081 4265 5989 2124 
6086 4268 5997 2125 
6092 4273 6004 2127 
6097 4274 6008 2129 
6103 4278 6015 2132 
6109 4280 6021 2135 
6116 4282 6026 2137 
6117 4287 6033 2137 
6120 4291 6042 2140 
6128 4291 6048 2143 
6131 4294 6052 2146 
6134 4303 6062 2148 
6140 4307 6066 2150 
6148 4312 6071 2153 
6154 4317 6075 2154 
6157 4322 6075 2155 
6163 4323 6082 2155 
6167 4328 6086 2157 
6171 4331 6091 2160 
6177 4339 6098 2161 
6180 4342 6105 2161 
6190 4344 6110 2164 
6192 4348 6115 2166 
6195 4353 6123 2167 
6202 4361 6125 2171 
6206 4363 6132 2171 
6209 4367 6137 2174 
6214 4368 6144 2174 
6218 4368 6151 2175 
6221 4373 6156 2178 
6230 4375 6165 2178 
6237 4380 6167 2181 
6243 4384 6174 2182 
6248 4388 6179 2185 
6249 4390 6181 2189 
6255 4394 6188 2192 
6260 4400 6191 2193 
6268 4402 6195 2194 
6271 4407 6202 2194 
6274 4412 6207 2195 
6284 4416 6212 2196 
6288 4418 6217 2199 
6297 4424 6219 2202 
6301 4427 6226 2203 
6305 4428 6231 2205 
6314 4431 6236 2205 
6321 4434 6239 2207 
6326 4438 6243 2209 
6333 4442 6247 2213 
6340 4446 6250 2214 
6345 4449 6259 2215 
6351 4457 6265 2216 
6362 4460 6270 2217 
6371 4464 6280 2218 
6377 4465 6287 2220 
6382 4473 6295 2221 
6389 4477 6298 2225 
6392 4477 6304 2227 
6393 4483 6305 2228 
6398 4488 6310 2230 
6408 4491 6315 2230 
6413 4493 6322 2230 
6415 4498 6329 2230 
6420 4499 6330 2230 
6423 4504 6337 2232 
6430 4506 6342 2236 
6435 4509 6348 2240 
6446 4514 6357 2242 
6452 4518 6361 2245 
6455 4521 6366 2247 
6457 4528 6373 2252 
6461 4532 6381 2254 
6472 4537 6385 2254 
6479 4539 6388 2255 
6487 4545 6392 2257 
6493 4548 6398 2260 
6502 4556 6403 2260 
6507 4559 6410 2260 
6514 4563 6413 2262 
6518 4566 6424 2266 
6523 4569 6428 2267 
6534 4573 6429 2270 
6541 4578 6434 2273 
6552 4581 6438 2274 
6560 4584 6443 2274 
6562 4589 6453 2277 
6565 4593 6460 2281 
6569 4596 6465 2282 
6575 4603 6469 2286 
6578 4605 6480 2288 
6588 4605 6486 2291 
6598 4607 6491 2295 
6603 4610 6495 2296 
6606 4613 6500 2298 
6612 4616 6505 2299 
6615 4620 6506 2301 
6626 4620 6512 2302 
6632 4624 6517 2304 
6636 4629 6520 2307 
6639 4632 6525 2312 
6650 4638 6530 2314 
6655 4643 6532 2315 
6662 4646 6533 2316 
6668 4650 6545 2317 
6671 4656 6550 2320 
6679 4659 6559 2321 
6682 4664 6566 2324 
6688 4671 6573 2326 
6692 4674 6577 2327 
6698 4676 6578 2329 
6704 4682 6584 2331 
6713 4682 6590 2331 
6719 4690 6592 2334 
6722 4695 6597 2338 
6732 4700 6609 2340 
6741 4705 6618 2341 
6744 4709 6622 2345 
6748 4712 6629 2347 
6755 4719 6635 2348 
6760 4725 6640 2350 
6766 4729 6643 2351 
6768 4731 6647 2354 
6771 4741 6654 2357 
6778 4747 6659 2361 
6784 4751 6668 2362 
6785 4754 6669 2367 
6789 4756 6675 2369 
6795 4761 6677 2372 
6799 4768 6681 2374 
6807 4771 6682 2375 
6809 4774 6689 2377 
6815 4779 6695 2378 
6818 4784 6699 2380 
6822 4786 6707 2383 
6826 4792 6712 2384 
6828 4797 6716 2386 
6833 4802 6721 2387 
6837 4804 6724 2388 
6844 4806 6728 2391 
6848 4808 6733 2393 
6857 4810 6745 2394 
6866 4818 6747 2396 
6871 4821 6754 2397 
6874 4825 6764 2401 
6875 4832 6768 2403 
6883 4836 6772 2403 
6886 4842 6775 2405 
6890 4846 6779 2407 
6896 4850 6783 2408 
6898 4858 6792 2409 
6906 4862 6797 2412 
6910 4865 6806 2413 
6916 4872 6816 2415 
6926 4875 6822 2419 
6933 4880 6825 2423 
6939 4886 6828 2425 
6942 4891 6832 2428 
6951 4892 6835 2430 
6956 4895 6837 2431 
6961 4903 6841 2432 
6971 4904 6849 2433 
6976 4907 6852 2433 
6979 4908 6858 2435 
6985 4913 6863 2436 
6990 4915 6870 2438 
6995 4920 6875 2441 
6999 4926 6882 2442 
7003 4929 6887 2445 
7009 4932 6891 2449 
7016 4935 6894 2451 
7018 4941 6899 2453 
7021 4947 6904 2458 
7024 4953 6916 2461 
7028 4957 6920 2462 
7033 4963 6924 2467 
7040 4968 6927 2468 
7043 4976 6935 2469 
7046 4980 6941 2472 
7049 4982 6947 2475 
7053 4986 6953 2477 
7059 4995 6958 2482 
7063 4998 6966 2486 
7070 5005 6974 2488 
7074 5008 6983 2491 
7076 5010 6989 2494 
7083 5012 6990 2495 
7087 5017 6992 2497 
7095 5020 6995 2500 
7100 5023 7000 2502 
7104 5026 7005 2506 
7107 5031 7011 2506 
7113 5036 7017 2510 
7118 5044 7026 2511 
7121 5051 7031 2513 
7132 5052 7039 2514 
7136 5055 7045 2515 
7141 5060 7048 2516 
7145 5065 7052 2519 
7149 5067 7054 2519 
7154 5071 7055 2519 
7161 5075 7061 2522 
7166 5077 7068 2525 
7174 5078 7072 2528 
7181 5080 7075 2531 
7186 5086 7081 2534 
7194 5090 7085 2535 
7196 5093 7089 2537 
7206 5103 7096 2538 
7213 5106 7104 2539 
7216 5113 7108 2540 
7222 5115 7111 2542 
7227 5121 7114 2543 
7235 5125 7120 2546 
7243 5130 7127 2548 
7252 5132 7134 2549 
7255 5135 7140 2550 
7262 5140 7147 2555 
7268 5145 7151 2556 
7272 5147 7158 2558 
7277 5155 7164 2559 
7281 5161 7166 2561 
7287 5165 7181 2562 
7294 5166 7189 2565 
7303 5170 7192 2567 
7306 5177 7198 2568 
7309 5183 7203 2570 
7312 5185 7210 2570 
7317 5192 7218 2571 
7322 5198 7221 2572 
7329 5201 7228 2576 
7336 5208 7234 2579 
7342 5211 7237 2584 
7346 5215 7244 2584 
7349 5220 7250 2584 
7352 5226 7259 2588 
7356 5228 7267 2590 
7360 5231 7273 2591 
7368 5234 7278 2591 
7371 5240 7282 2591 
7373 5244 7291 2593 
7380 5247 7292 2594 
7387 5254 7302 2599 
7394 5257 7307 2601 
7397 5262 7314 2602 
7406 5264 7318 2606 
7412 5267 7325 2611 
7413 5273 7325 2613 
7418 5277 7331 2619 
7420 5285 7335 2620 
7427 5292 7338 2623 
7432 5299 7346 2625 
7440 5304 7350 2625 
7444 5309 7353 2627 
7453 5311 7356 2630 
7462 5321 7365 2631 
7470 5322 7370 2633 
7472 5325 7375 2633 
7484 5327 7382 2633 
7486 5333 7386 2634 
7491 5338 7389 2637 
7496 5344 7393 2639 
7500 5348 7397 2639 
7503 5355 7404 2642 
7510 5360 7408 2643 
7510 5365 7414 2645 
7517 5368 7423 2647 
7522 5370 7432 2649 
7523 5376 7437 2649 
7525 5379 7446 2652 
7533 5381 7452 2655 
7543 5383 7452 2660 
7544 5391 7456 2660 
7544 5396 7461 2662 
7548 5401 7468 2663 
7552 5405 7475 2667 
7554 5409 7483 2668 
7560 5414 7490 2672 
7564 5417 7494 2674 
7569 5420 7502 2674 
7573 5425 7510 2676 
7582 5428 7514 2678 
7593 5433 7518 2681 
7599 5435 7528 2681 
7606 5443 7538 2683 
7607 5446 7550 2685 
7616 5448 7552 2685 
7623 5450 7561 2686 
7631 5457 7568 2690 
7635 5461 7572 2690 
7640 5463 7576 2693 
7647 5465 7580 2696 
7650 5468 7588 2699 
7652 5469 7594 2699 
7655 5472 7601 2703 
7663 5475 7604 2706 
7671 5476 7610 2710 
7678 5481 7617 2713 
7681 5485 7625 2716 
7684 5494 7632 2718 
7690 5496 7637 2721 
7697 5499 7643 2722 
7704 5504 7649 2723 
7710 5507 7657 2723 
7714 5513 7664 2727 
7722 5521 7669 2728 
7728 5528 7675 2730 
7740 5529 7676 2731 
7741 5531 7677 2732 
7744 5535 7682 2735 
7745 5539 7689 2738 
7750 5544 7694 2740 
7762 5547 7702 2742 
7767 5554 7706 2745 
7771 5556 7711 2746 
7775 5560 7717 2747 
7779 5561 7721 2750 
7782 5561 7726 2752 
7786 5564 7727 2754 
7792 5569 7738 2755 
7798 5574 7747 2758 
7799 5574 7752 2762 
7803 5575 7754 2765 
7808 5583 7758 2769 
7814 5586 7761 2771 
7821 5589 7765 2777 
7824 5589 7768 2779 
7829 5591 7774 2780 
7832 5593 7780 2782 
7837 5597 7784 2784 
7847 5601 7791 2784 
7852 5605 7794 2786 
7859 5610 7796 2787 
7864 5611 7801 2788 
7873 5614 7804 2789 
7875 5618 7806 2790 
7883 5623 7814 2790 
7888 5629 7818 2790 
7894 5635 7824 2790 
7895 5638 7831 2791 
7901 5644 7836 2793 
7907 5652 7842 2794 
7913 5654 7855 2796 
7918 5656 7863 2798 
7921 5660 7870 2800 
7927 5664 7878 2800 
7933 5666 7882 2802 
7943 5672 7890 2803 
7950 5678 7898 2805 
7960 5683 7903 2806 
7964 5689 7907 2808 
7966 5700 7914 2808 
7972 5707 7926 2809 
7982 5712 7932 2811 
7989 5716 7941 2812 
7994 5721 7947 2815 
7999 5724 7953 2816 
8004 5728 7961 2818 
8007 5731 7966 2818 
8011 5736 7970 2819 
8018 5742 7975 2820 
8023 5747 7983 2822 
8028 5752 7992 2823 
8039 5758 7997 2825 
8046 5761 8005 2826 
8055 5764 8007 2830 
8061 5771 8016 2831 
8064 5773 8022 2834 
8068 5777 8027 2838 
8072 5781 8033 2840 
8078 5790 8036 2841 
8084 5796 8042 2843 
8093 5801 8049 2843 
8099 5809 8052 2845 
8103 5814 8059 2846 
8112 5819 8063 2848 
8115 5824 8072 2850 
8119 5828 8079 2850 
8124 5833 8082 2853 
8128 5837 8088 2855 
8137 5842 8091 2857 
8143 5845 8097 2861 
8145 5849 8104 2865 
8150 5852 8109 2868 
8156 5856 8112 2872 
8161 5861 8115 2875 
8172 5866 8123 2877 
8174 5868 8130 2881 
8183 5873 8137 2885 
8186 5879 8146 2885 
8193 5884 8148 2887 
8202 5887 8154 2891 
8205 5893 8158 2893 
8214 5897 8166 2895 
8219 5899 8174 2895 
8226 5903 8177 2895 
8235 5906 8180 2899 
8239 5910 8188 2901 
8245 5914 8195 2902 
8254 5917 8200 2904 
8257 5922 8207 2905 
8266 5925 8210 2909 
8268 5928 8216 2909 
8272 5930 8224 2909 
8275 5934 8231 2911 
8278 5939 8235 2913 
8282 5942 8240 2915 
8286 5946 8246 2917 
8291 5955 8250 2920 
8292 5957 8256 2920 
8299 5960 8259 2923 
8307 5963 8266 2925 
8312 5965 8273 2926 
8314 5969 8275 2930 
8324 5975 8280 2931 
8324 5978 8285 2935 
8335 5981 8294 2936 
8342 5985 8299 2938 
8349 5988 8305 2940 
8350 5993 8308 2942 
8357 5996 8311 2945 
8365 5996 8320 2951 
8374 5998 8328 2952 
8383 5998 8332 2953 
8387 6004 8340 2956 
8391 6011 8344 2960 
8396 6017 8355 2961 
8404 6019 8358 2961 
8408 6023 8363 2964 
8414 6033 8370 2966 
8417 6037 8376 2968 
8422 6039 8382 2973 
8427 6042 8390 2974 
8431 6045 8393 2979 
8437 6051 8398 2980 
8442 6053 8403 2981 
8449 6059 8409 2983 
8457 6063 8413 2983 
8464 6069 8417 2986 
8473 6074 8418 2987 
8481 6078 8426 2992 
8489 6080 8433 2994 
8497 6083 8440 2995 
8501 6089 8450 2996 
8506 6095 8455 2996 
8510 6101 8462 2998 
8512 6105 8470 3002 
8523 6108 8477 3005 
8528 6116 8481 3006 
8534 6123 8484 3006 
8539 6125 8487 3008 
8542 6127 8492 3012 
8545 6129 8498 3012 
8552 6134 8500 3015 
8555 6138 8504 3020 
8556 6140 8509 3022 
8560 6141 8515 3023 
8565 6141 8522 3025 
8568 6146 8528 3028 
8578 6148 8531 3029 
8584 6155 8540 3030 
8589 6157 8550 3030 
8593 6167 8562 3032 
8600 6170 8568 3034 
8607 6175 8570 3035 
8617 6181 8577 3036 
8622 6187 8581 3036 
8624 6191 8590 3038 
8631 6198 8595 3039 
8637 6200 8599 3044 
8642 6207 8606 3044 
8649 6212 8612 3045 
8656 6215 8618 3046 
8657 6221 8624 3049 
8667 6227 8630 3049 
8674 6233 8635 3050 
8678 6235 8642 3052 
8683 6242 8648 3054 
8686 6244 8656 3055 
8695 6248 8661 3057 
8701 6250 8665 3059 
8706 6257 8672 3060 
8713 6261 8678 3061 
8718 6270 8681 3063 
8724 6273 8686 3065 
8727 6280 8694 3066 
8733 6283 8700 3067 
8741 6288 8702 3070 
8745 6296 8710 3073 
8751 6302 8717 3075 
8756 6305 8721 3075 
8765 6308 8725 3078 
8767 6312 8728 3082 
8770 6321 8732 3084 
8780 6324 8737 3087 
8786 6329 8742 3088 
8795 6334 8745 3092 
8800 6338 8750 3095 
8803 6342 8755 3097 
8814 6346 8761 3099 
8821 6351 8768 3099 
8826 6356 8772 3103 
8831 6358 8778 3105 
8839 6362 8783 3107 
8846 6367 8790 3110 
8854 6369 8799 3111 
8859 6373 8810 3114 
8868 6374 8813 3116 
8874 6381 8819 3117 
8878 6382 8823 3120 
8885 6386 8831 3123 
8892 6387 8841 3127 
8899 6392 8848 3128 
8905 6397 8854 3129 
8913 6401 8860 3132 
8917 6408 8862 3132 
8923 6418 8871 3133 
8932 6422 8878 3134 
8937 6423 8883 3136 
8942 6427 8884 3137 
8949 6431 8888 3139 
8954 6435 8894 3143 
8959 6440 8901 3144 
8964 6446 8906 3146 
8967 6449 8911 3148 
8971 6455 8927 3149 
8975 6459 8937 3151 
8982 6462 8944 3151 
8988 6464 8949 3153 
8995 6470 8956 3156 
9006 6471 8962 3160 
9008 6475 8966 3163 
9013 6477 8969 3165 
9019 6480 8972 3166 
9021 6487 8981 3166 
9028 6492 8988 3168 
9034 6500 8992 3170 
9039 6503 9000 3171 
9041 6511 9007 3173 
9047 6517 9010 3175 
9054 6518 9015 3178 
9059 6523 9020 3179 
9065 6525 9025 3180 
9068 6528 9031 3182 
9072 6529 9036 3183 
9080 6534 9046 3183 
9085 6538 9051 3189 
9090 6540 9053 3193 
9096 6546 9059 3194 
9100 6548 9065 3197 
9104 6548 9070 3198 
9108 6552 9078 3200 
9111 6560 9084 3202 
9115 6567 9088 3202 
9120 6571 9095 3204 
9123 6571 9101 3206 
9127 6577 9105 3206 
9135 6583 9108 3209 
9137 6587 9111 3211 
9143 6590 9117 3212 
9148 6592 9120 3214 
9157 6599 9127 3218 
9165 6603 9131 3221 
9171 6608 9136 3221 
9177 6615 9143 3222 
9183 6618 9150 3225 
9185 6622 9157 3225 
9193 6624 9163 3227 
9196 6624 9166 3229 
9199 6631 9171 3231 
9206 6632 9176 3233 
9210 6636 9178 3236 
9216 6641 9182 3236 
9223 6648 9183 3240 
9228 6652 9194 3244 
9233 6657 9200 3245 
9235 6659 9202 3249 
9239 6662 9206 3249 
9245 6671 9209 3252 
9250 6673 9212 3253 
9252 6679 9220 3255 
9257 6686 9228 3256 
9262 6690 9237 3257 
9272 6693 9244 3259 
9277 6700 9246 3260 
9283 6710 9248 3262 
9286 6715 9252 3267 
9293 6719 9258 3272 
9299 6722 9264 3273 
9303 6728 9271 3275 
9306 6731 9277 3276 
9309 6735 9280 3280 
9312 6744 9283 3280 
9323 6747 9291 3284 
9330 6755 9297 3286 
9334 6761 9303 3288 
9338 6765 9306 3290 
9342 6767 9310 3290 
9350 6772 9311 3292 
9353 6780 9313 3294 
9361 6783 9316 3300 
9368 6786 9325 3302 
9369 6791 9337 3303 
9375 6794 9340 3304 
9384 6798 9343 3306 
9389 6802 9349 3307 
9397 6809 9361 3309 
9400 6812 9368 3311 
9404 6815 9376 3311 
9409 6817 9382 3313 
9415 6819 9386 3319 
9417 6821 9394 3320 
9424 6824 9398 3323 
9434 6827 9399 3325 
9440 6831 9403 3328 
9448 6833 9415 3328 
9453 6835 9421 3332 
9458 6840 9426 3333 
9462 6843 9434 3335 
9465 6846 9442 3336 
9469 6849 9445 3340 
9475 6856 9453 3341 
9480 6860 9456 3344 
9482 6864 9460 3345 
9488 6868 9464 3345 
9490 6871 9471 3347 
9495 6877 9478 3347 
9498 6885 9483 3350 
9507 6890 9489 3351 
9511 6897 9491 3352 
9516 6900 9495 3355 
9520 6905 9502 3357 
9525 6906 9506 3360 
9529 6909 9509 3360 
9538 6914 9514 3360 
9548 6921 9519 3365 
9553 6926 9522 3367 
9559 6931 9527 3372 
9567 6932 9534 3375 
9579 6935 9542 3375 
9582 6938 9547 3376 
9590 6940 9555 3379 
9596 6944 9560 3384 
9601 6949 9565 3389 
9605 6954 9566 3393 
9611 6961 9574 3396 
9616 6966 9579 3397 
9623 6970 9582 3398 
9625 6974 9587 3400 
9630 6976 9592 3401 
9639 6981 9599 3402 
9644 6985 9604 3402 
9649 6991 9610 3403 
9658 6993 9614 3406 
9666 6998 9620 3407 
9669 7002 9625 3408 
9672 7007 9631 3412 
9676 7010 9636 3413 
9680 7012 9640 3415 
9686 7012 9645 3417 
9688 7016 9648 3419 
9696 7023 9653 3419 
9701 7027 9663 3424 
9705 7032 9672 3426 
9711 7034 9676 3429 
9714 7041 9683 3429 
9718 7044 9689 3432 
9724 7050 9692 3433 
9729 7052 9698 3435 
9735 7059 9704 3438 
9742 7062 9707 3442 
9746 7071 9712 3447 
9751 7077 9717 3449 
9754 7078 9720 3452 
9757 7082 9726 3453 
9762 7084 9734 3454 
9771 7091 9738 3456 
9777 7095 9747 3458 
9789 7100 9752 3461 
9793 7103 9758 3461 
9799 7107 9763 3463 
9805 7109 9773 3463 
9812 7112 9782 3465 
9813 7115 9789 3467 
9815 7121 9792 3468 
9825 7122 9795 3470 
9830 7126 9796 3471 
9838 7131 9798 3472 
9844 7138 9802 3475 
9850 7142 9808 3475 
9855 7145 9813 3476 
9859 7152 9817 3477 
9862 7154 9822 3481 
9866 7155 9824 3483 
9873 7159 9831 3484 
9880 7164 9837 3485 
9883 7168 9841 3487 
9890 7171 9845 3489 
9896 7175 9851 3491 
9905 7180 9856 3493 
9909 7183 9863 3495 
9914 7186 9873 3499 
9922 7190 9880 3501 
9930 7192 9887 3503 
9937 7198 9890 3504 
9939 7202 9894 3507 
9945 7205 9898 3508 
9951 7211 9905 3509 
9955 7215 9911 3512 
9960 7217 9920 3512 
9964 7224 9923 3512 
9970 7229 9930 3514 
9976 7229 9938 3514 
9982 7235 9944 3514 
9989 7240 9950 3517 
9994 7245 9956 3518 
10000 7247 9960 3520 
10008 7250 9963 3522 
10010 7254 9969 3523 
10011 7258 9978 3523 
10017 7263 9983 3525 
10021 7271 9986 3527 
10029 7275 9988 3530 
10032 7280 9994 3531 
10040 7287 10001 3535 
10047 7289 10005 3536 
10051 7293 10007 3536 
10058 7296 10012 3539 
10062 7300 10017 3541 
10071 7304 10027 3542 
10078 7311 10029 3543 
10083 7315 10039 3549 
10087 7315 10043 3555 
10094 7318 10046 3559 
10098 7322 10051 3562 
10103 7326 10059 3565 
10109 7327 10060 3566 
10114 7332 10068 3567 
10121 7336 10076 3567 
10128 7341 10078 3567 
10134 7348 10080 3572 
10144 7354 10086 3573 
10151 7359 10094 3574 
10159 7365 10101 3575 
10160 7370 10107 3577 
10165 7373 10116 3579 
10173 7379 10123 3579 
10179 7384 10129 3580 
10183 7393 10132 3581 
10189 7396 10136 3587 
10195 7400 10143 3587 
10199 7403 10143 3587 
10207 7407 10154 3589 
10209 7410 10162 3590 
10213 7414 10170 3595 
10216 7418 10172 3595 
10218 7424 10180 3597 
10224 7428 10185 3601 
10236 7429 10192 3605 
10243 7431 10196 3606 
10247 7432 10205 3606 
10255 7443 10210 3608 
10258 7445 10218 3612 
10259 7450 10220 3612 
10267 7454 10225 3613 
10271 7457 10231 3617 
10277 7458 10240 3621 
10282 7462 10246 3623 
10287 7465 10254 3624 
10295 7467 10262 3630 
10299 7468 10266 3631 
10305 7474 10267 3631 
10311 7477 10275 3633 
10320 7479 10281 3634 
10324 7482 10285 3636 
10332 7486 10290 3637 
10335 7491 10297 3638 
10342 7497 10302 3639 
10347 7500 10305 3641 
10351 7505 10313 3643 
10354 7510 10314 3649 
10355 7512 10321 3651 
10360 7521 10325 3655 
10366 7529 10332 3656 
10377 7533 10335 3660 
10380 7537 10344 3662 
10382 7541 10345 3665 
10386 7546 10353 3668 
10390 7548 10355 3671 
10395 7550 10359 3673 
10404 7555 10366 3676 
10406 7561 10370 3677 
10412 7566 10375 3678 
10416 7570 10379 3680 
10418 7575 10384 3683 
10419 7582 10386 3686 
10424 7586 10387 3687 
10428 7592 10394 3689 
10430 7595 10404 3691 
10431 7599 10411 3692 
10433 7605 10421 3693 
10441 7609 10431 3693 
10446 7618 10435 3698 
10452 7619 10442 3698 
10458 7625 10444 3702 
10463 7628 10447 3703 
10470 7635 10454 3704 
10477 7640 10459 3708 
10479 7642 10462 3708 
10482 7647 10469 3710 
10490 7649 10475 3711 
10499 7654 10482 3712 
10505 7657 10486 3713 
10512 7660 10492 3715 
10516 7662 10496 3717 
10527 7664 10499 3721 
10534 7665 10507 3721 
10542 7666 10511 3721 
10548 7671 10519 3722 
10559 7678 10524 3723 
10566 7683 10535 3727 
10575 7686 10541 3732 
10579 7689 10544 3733 
10584 7694 10548 3734 
10589 7699 10551 3736 
10594 7702 10556 3737 
10599 7705 10567 3742 
10607 7712 10576 3748 
10612 7715 10582 3753 
10620 7718 10588 3754 
10627 7726 10594 3756 
10632 7733 10601 3758 
10637 7738 10609 3762 
10642 7739 10617 3766 
10649 7741 10622 3771 
10657 7746 10627 3774 
10660 7751 10634 3776 
10667 7757 10639 3779 
10669 7757 10644 3781 
10673 7759 10651 3783 
10676 7761 10655 3786 
10683 7765 10657 3789 
10685 7768 10661 3791 
10691 7774 10665 3796 
10694 7775 10669 3798 
10700 7781 10681 3798 
10705 7787 10687 3798 
10712 7792 10692 3800 
10717 7797 10697 3801 
10723 7802 10702 3802 
10731 7807 10708 3804 
10733 7812 10713 3804 
10739 7816 10724 3805 
10743 7818 10727 3806 
10747 7822 10733 3808 
10750 7830 10738 3811 
10759 7835 10742 3813 
10767 7842 10749 3815 
10776 7844 10753 3815 
10783 7848 10760 3818 
10791 7852 10775 3820 
10800 7855 10779 3822 
10808 7859 10786 3825 
10811 7861 10794 3827 
10814 7865 10800 3827 
10819 7868 10810 3828 
10825 7872 10819 3831 
10829 7875 10821 3834 
10835 7882 10826 3837 
10844 7886 10831 3839 
10849 7889 10834 3841 
10854 7893 10843 3842 
10865 7895 10852 3842 
10866 7897 10856 3845 
10868 7903 10860 3849 
10873 7908 10867 3852 
10881 7911 10876 3855 
10887 7916 10883 3856 
10892 7921 10888 3857 
10892 7926 10892 3858 
10895 7931 10900 3861 
10901 7938 10905 3861 
10905 7944 10910 3863 
10910 7948 10915 3867 
10915 7952 10919 3868 
10917 7956 10925 3870 
10928 7961 10931 3872 
10936 7964 10939 3875 
10938 7972 10948 3877 
10945 7978 10951 3880 
10949 7983 10960 3882 
10954 7986 10965 3884 
10959 7990 10971 3885 
10966 7992 10977 3885 
10972 7997 10979 3888 
10978 8001 10986 3888 
10982 8001 10991 3890 
10987 8003 10996 3891 
10990 8007 11001 3894 
10997 8008 11009 3898 
11005 8013 11016 3899 
11011 8019 11021 3900 
11014 8026 11025 3903 
11018 8031 11027 3906 
11021 8033 11035 3907 
11029 8036 11039 3907 
11034 8040 11042 3909 
11038 8043 11043 3911 
11044 8048 11049 3912 
11048 8050 11057 3916 
11055 8051 11062 3918 
11058 8058 11065 3920 
11063 8060 11072 3921 
11065 8068 11077 3922 
11070 8068 11081 3923 
11074 8073 11085 3926 
11079 8080 11097 3927 
11088 8089 11101 3927 
11096 8091 11104 3929 
11104 8095 11112 3929 
11109 8097 11118 3931 
11114 8101 11125 3934 
11120 8105 11130 3935 
11121 8109 11138 3936 
11128 8116 11147 3939 
11133 8118 11154 3939 
11138 8122 11162 3940 
11145 8128 11166 3944 
11149 8134 11169 3948 
11154 8136 11179 3953 
11159 8138 11188 3956 
11165 8142 11190 3956 
11170 8147 11199 3957 
11176 8149 11204 3959 
11181 8158 11210 3959 
11189 8163 11219 3962 
11193 8168 11224 3964 
11200 8174 11238 3966 
11204 8179 11248 3967 
11214 8180 11256 3970 
11216 8183 11261 3972 
11219 8186 11265 3975 
11223 8189 11268 3975 
11225 8195 11274 3976 
11228 8200 11280 3979 
11230 8203 11281 3980 
11235 8208 11289 3983 
11237 8215 11291 3986 
11247 8216 11297 3992 
11251 8221 11299 3993 
11255 8223 11309 3994 
11263 8230 11313 3995 
11268 8237 11320 3995 
11277 8243 11328 3997 
11283 8251 11331 4001 
11292 8253 11335 4005 
11293 8254 11341 4008 
11297 8258 11346 4011 
11300 8266 11353 4016 
11306 8270 11354 4017 
11312 8274 11361 4019 
11319 8279 11370 4023 
11324 8282 11375 4024 
11333 8284 11381 4027 
11342 8288 11388 4029 
11347 8292 11391 4032 
11353 8295 11397 4035 
11356 8302 11405 4035 
11365 8306 11406 4037 
11372 8312 11412 4040 
11375 8313 11415 4041 
11380 8316 11423 4042 
11385 8317 11425 4045 
11391 8324 11430 4047 
11395 8329 11436 4048 
11399 8332 11445 4049 
11403 8338 11453 4050 
11406 8341 11459 4051 
11413 8344 11465 4053 
11418 8345 11470 4054 
11421 8351 11472 4057 
11429 8355 11476 4059 
11435 8360 11478 4059 
11439 8367 11485 4059 
11444 8371 11489 4062 
11452 8372 11499 4064 
11461 8377 11514 4066 
11466 8383 11521 4069 
11479 8385 11523 4071 
11484 8388 11528 4074 
11489 8392 11531 4076 
11495 8397 11534 4077 
11499 8402 11537 4079 
11507 8404 11539 4081 
11513 8408 11543 4083 
11516 8412 11547 4086 
11522 8416 11554 4086 
11527 8421 11563 4086 
11530 8423 11569 4087 
11539 8432 11572 4089 
11542 8436 11578 4096 
11548 8438 11588 4099 
11553 8439 11596 4102 
11556 8444 11600 4106 
11563 8447 11604 4108 
11566 8453 11610 4114 
11569 8460 11615 4115 
11574 8464 11624 4117 
11578 8465 11634 4119 
11581 8468 11642 4121 
11585 8471 11648 4123 
11595 8473 11654 4124 
11601 8477 11657 4126 
11606 8481 11668 4127 
11611 8486 11676 4132 
11613 8491 11681 4134 
11618 8495 11687 4136 
11622 8502 11696 4141 
11627 8508 11703 4142 
11633 8513 11707 4144 
11638 8517 11717 4148 
11644 8523 11724 4149 
11649 8527 11728 4151 
11655 8528 11736 4154 
11660 8533 11742 4154 
11665 8537 11746 4156 
11669 8540 11753 4159 
11674 8541 11757 4160 
11678 8546 11766 4161 
11679 8550 11771 4163 
11684 8555 11774 4166 
11689 8559 11778 4167 
11697 8564 11783 4168 
11703 8567 11787 4169 
11709 8572 11795 4170 
11714 8573 11800 4173 
11717 8578 11804 4173 
11721 8586 11811 4174 
11729 8592 11816 4176 
11737 8602 11820 4177 
11743 8606 11826 4178 
11750 8610 11832 4179 
11755 8616 11838 4180 
11758 8621 11845 4182 
11764 8627 11852 4184 
11771 8631 11858 4186 
11773 8636 11869 4188 
11781 8641 11873 4191 
11786 8643 11877 4194 
11791 8647 11878 4198 
11797 8649 11884 4198 
11803 8649 11889 4200 
11807 8652 11897 4201 
11810 8656 11900 4207 
11814 8659 11904 4210 
11820 8664 11907 4211 
11824 8669 11919 4213 
11826 8674 11926 4214 
11835 8680 11934 4218 
11841 8684 11945 4221 
11844 8690 11951 4221 
11850 8697 11957 4221 
11854 8703 11962 4225 
11863 8708 11967 4227 
11872 8709 11970 4229 
11877 8713 11975 4230 
11880 8719 11981 4231 
11888 8725 11984 4233 
11895 8727 11987 4235 
11901 8734 11994 4237 
11905 8739 11998 4242 
11910 8747 12006 4245 
11920 8750 12009 4247 
11925 8756 12012 4248 
11934 8760 12016 4250 
11942 8765 12019 4252 
11946 8770 12025 4252 
11953 8776 12029 4255 
11959 8782 12031 4257 
11966 8785 12035 4260 
11972 8787 12040 4263 
11972 8791 12045 4265 
11978 8797 12053 4265 
11983 8806 12059 4267 
11989 8809 12069 4267 
11995 8811 12073 4269 
11999 8816 12078 4275 
12008 8817 12085 4278 
12009 8822 12088 4282 
12013 8824 12094 4284 
12018 8828 12100 4285 
12024 8830 12103 4287 
12034 8835 12110 4288 
12037 8839 12117 4291 
12040 8844 12122 4292 
12046 8846 12128 4295 
12056 8852 12136 4296 
12058 8855 12146 4299 
12060 8860 12150 4299 
12071 8865 12157 4300 
12075 8872 12162 4302 
12081 8877 12168 4307 
12091 8880 12172 4310 
12097 8884 12182 4311 
12102 8889 12190 4314 
12103 8898 12194 4316 
12112 8902 12197 4323 
12116 8909 12199 4324 
12121 8912 12207 4329 
12125 8919 12213 4332 
12127 8922 12216 4334 
12133 8934 12224 4336 
12139 8939 12234 4339 
12143 8940 12239 4343 
12148 8946 12246 4346 
12156 8949 12250 4350 
12162 8954 12254 4351 
12170 8961 12262 4353 
12171 8961 12267 4354 
12177 8966 12268 4354 
12186 8974 12270 4355 
12193 8977 12274 4361 
12197 8981 12278 4363 
12202 8988 12285 4365 
12207 8989 12288 4367 
12211 8995 12296 4369 
12215 8996 12305 4371 
12216 8998 12310 4373 
12222 9004 12320 4375 
12227 9008 12324 4378 
12232 9012 12332 4382 
12236 9015 12339 4384 
12242 9019 12344 4385 
12250 9022 12353 4387 
12256 9028 12362 4391 
12263 9034 12373 4391 
12266 9041 12382 4394 
12272 9045 12383 4394 
12280 9048 12388 4397 
12283 9052 12395 4400 
12287 9054 12403 4401 
12295 9057 12409 4402 
12304 9061 12415 4403 
12306 9064 12421 4408 
12310 9069 12427 4412 
12316 9072 12430 4413 
12318 9076 12439 4415 
12323 9078 12446 4418 
12329 9084 12447 4421 
12333 9090 12451 4422 
12338 9095 12455 4424 
12343 9096 12458 4424 
12350 9101 12463 4426 
12357 9105 12472 4429 
12363 9110 12479 4432 
12369 9115 12483 4432 
12372 9121 12488 4435 
12379 9128 12500 4438 
12385 9134 12506 4438 
12388 9139 12511 4439 
12393 9144 12517 4441 
12400 9147 12521 4443 
12406 9155 12527 4445 
12411 9160 12527 4446 
12418 9169 12531 4448 
12423 9172 12537 4450 
12429 9176 12547 4451 
12434 9179 12560 4454 
12440 9181 12565 4456 
12448 9187 12572 4458 
12460 9190 12581 4460 
12467 9193 12588 4463 
12475 9196 12590 4466 
12484 9203 12598 4469 
12491 9208 12601 4471 
12497 9213 12605 4472 
12501 9219 12611 4477 
12506 9220 12617 4481 
12509 9227 12620 4484 
12514 9232 12623 4487 
12522 9237 12633 4488 
12528 9240 12639 4488 
12530 9243 12644 4491 
12535 9244 12649 4492 
12540 9247 12651 4492 
12546 9254 12660 4495 
12549 9258 12669 4498 
12554 9259 12677 4500 
12562 9262 12688 4502 
12567 9269 12694 4505 
12574 9275 12698 4509 
12579 9283 12704 4513 
12586 9288 12711 4515 
12587 9292 12717 4516 
12594 9295 12721 4518 
12601 9299 12729 4519 
12607 9305 12736 4525 
12611 9312 12743 4527 
12617 9316 12747 4529 
12623 9320 12753 4533 
12627 9323 12757 4537 
12631 9328 12763 4538 
12638 9331 12768 4540 
12642 9333 12778 4546 
12646 9339 12782 4550 
12653 9343 12784 4554 
12660 9351 12791 4555 
12665 9356 12802 4557 
12668 9361 12806 4558 
12673 9364 12811 4558 
12678 9372 12816 4560 
12683 9374 12819 4564 
12688 9381 12825 4565 
12690 9386 12832 4567 
12692 9390 12841 4569 
12698 9394 12846 4574 
12703 9398 12848 4574 
12708 9404 12854 4576 
12714 9410 12860 4576 
12721 9418 12867 4579 
12723 9423 12875 4583 
12727 9425 12878 4585 
12735 9434 12888 4587 
12739 9436 12890 4590 
12746 9438 12896 4592 
12750 9441 12907 4592 
12756 9445 12914 4594 
12762 9453 12920 4596 
12768 9458 12925 4598 
12774 9463 12931 4600 
12776 9466 12935 4604 
12785 9474 12941 4607 
12790 9476 12946 4610 
12794 9481 12949 4613 
12801 9484 12955 4613 
12805 9493 12958 4619 
12810 9496 12964 4619 
12816 9501 12971 4621 
12820 9505 12975 4622 
12823 9506 12978 4624 
12832 9511 12984 4627 
12838 9520 12987 4631 
12849 9527 12993 4637 
12854 9532 12996 4638 
12857 9537 13000 4641 
12863 9543 13005 4642 
12869 9547 13013 4646 
12875 9552 13018 4650 
12883 9558 13021 4653 
12887 9562 13026 4656 
12896 9564 13039 4662 
12898 9568 13048 4664 
12905 9572 13055 4665 
12907 9576 13057 4667 
12912 9582 13060 4671 
12919 9588 13067 4671 
12926 9595 13075 4673 
12929 9600 13082 4677 
12934 9606 13087 4680 
12943 9610 13093 4682 
12945 9613 13098 4686 
12954 9619 13108 4688 
12966 9625 13113 4691 
12969 9630 13117 4691 
12974 9635 13121 4691 
12979 9638 13123 4694 
12984 9643 13128 4695 
12989 9648 13134 4696 
12993 9651 13138 4700 
12998 9658 13143 4701 
13002 9661 13148 4702 
13004 9662 13155 4704 
13009 9668 13161 4705 
13023 9672 13168 4707 
13027 9676 13173 4711 
13028 9681 13179 4712 
13039 9683 13185 4713 
13043 9688 13193 4713 
13044 9690 13195 4715 
13046 9690 13202 4719 
13051 9694 13206 4722 
13057 9697 13208 4723 
13058 9703 13214 4725 
13059 9707 13220 4727 
13067 9709 13224 4729 
13073 9717 13232 4730 
13076 9722 13238 4731 
13082 9725 13244 4736 
13087 9728 13250 4738 
13095 9734 13253 4739 
13101 9737 13257 4741 
13110 9743 13262 4743 
13114 9743 13268 4746 
13122 9748 13274 4746 
13128 9752 13277 4748 
13132 9755 13280 4750 
13138 9760 13286 4751 
13141 9763 13290 4751 
13145 9767 13303 4754 
13149 9769 13307 4756 
13157 9771 13312 4759 
13162 9776 13320 4759 
13169 9780 13325 4760 
13173 9787 13328 4761 
13178 9791 13334 4765 
13187 9792 13342 4768 
13195 9793 13345 4773 
13197 9797 13348 4775 
13199 9804 13357 4777 
13202 9810 13365 4779 
13204 9813 13370 4781 
13209 9818 13375 4781 
13211 9821 13380 4781 
13215 9827 13384 4783 
13220 9828 13392 4785 
13224 9829 13396 4787 
13231 9834 13403 4789 
13236 9838 13409 4792 
13244 9842 13415 4794 
13248 9847 13423 4795 
13258 9852 13427 4797 
13262 9857 13431 4799 
13265 9858 13437 4801 
13269 9864 13443 4802 
13273 9870 13448 4806 
13279 9871 13456 4809 
13284 9876 13461 4811 
13290 9879 13464 4813 
13294 9885 13468 4815 
13297 9889 13477 4818 
13305 9894 13486 4821 
13309 9896 13492 4822 
13318 9901 13496 4824 
13325 9902 13507 4826 
13331 9908 13515 4829 
13340 9913 13525 4831 
13344 9917 13528 4834 
13348 9921 13535 4836 
13353 9925 13545 4837 
13358 9929 13550 4839 
13360 9933 13558 4841 
13366 9936 13563 4843 
13370 9939 13572 4846 
13375 9943 13581 4851 
13378 9953 13586 4853 
13382 9956 13591 4853 
13389 9960 13594 4853 
13394 9967 13601 4857 
13400 9970 13604 4859 
13409 9976 13611 4861 
13415 9979 13618 4865 
13418 9980 13624 4869 
13421 9984 13631 4870 
13427 9989 13633 4871 
13435 9992 13639 4874 
13439 9995 13650 4876 
13440 10002 13654 4879 
13443 10009 13662 4880 
13448 10015 13669 4882 
13452 10017 13674 4882 
13455 10021 13679 4884 
13463 10029 13682 4890 
13470 10034 13687 4891 
13477 10039 13693 4892 
13479 10044 13699 4892 
13487 10050 13702 4895 
13495 10056 13708 4897 
13497 10062 13713 4901 
13502 10068 13719 4904 
13505 10072 13723 4905 
13512 10073 13728 4909 
13519 10078 13735 4911 
13525 10088 13738 4914 
13530 10092 13743 4917 
13537 10095 13747 4918 
13543 10101 13757 4918 
13548 10103 13765 4920 
13552 10107 13770 4920 
13559 10108 13773 4921 
13563 10111 13781 4924 
13570 10117 13785 4925 
13574 10118 13793 4925 
13582 10121 13801 4926 
13585 10127 13803 4926 
13589 10130 13814 4926 
13594 10131 13823 4927 
13603 10139 13834 4929 
13604 10143 13839 4931 
13607 10145 13845 4934 
13613 10146 13851 4935 
13622 10151 13857 4937 
13629 10155 13864 4939 
13634 10157 13866 4941 
13639 10163 13873 4944 
13644 10170 13882 4946 
13648 10173 13886 4948 
13656 10177 13892 4951 
13663 10180 13895 4953 
13668 10183 13903 4954 
13674 10188 13909 4955 
13678 10190 13915 4958 
13684 10196 13921 4960 
13695 10196 13926 4962 
13706 10199 13931 4963 
13713 10203 13936 4964 
13720 10207 13947 4966 
13729 10214 13952 4971 
13734 10219 13960 4973 
13736 10225 13967 4974 
13743 10228 13973 4974 
13748 10228 13980 4978 
13755 10232 13991 4979 
13761 10233 13995 4979 
13767 10239 14002 4981 
13771 10247 14007 4983 
13777 10250 14015 4987 
13785 10254 14021 4988 
13792 10258 14028 4990 
13796 10260 14034 4990 
13803 10264 14041 4992 
13817 10267 14046 4994 
13824 10272 14050 4995 
13828 10275 14055 4995 
13834 10280 14059 4997 
13839 10287 14068 4997 
13849 10290 14071 4997 
13856 10293 14076 4999 
13859 10301 14078 5001 
13863 10312 14082 5003 
13872 10318 14090 5003 
13874 10326 14097 5005 
13879 10331 14100 5005 
13883 10336 14108 5007 
13887 10341 14112 5010 
13891 10346 14118 5011 
13901 10350 14129 5015 
13911 10354 14141 5015 
13912 10355 14143 5018 
13919 10361 14149 5019 
13925 10362 14152 5019 
13928 10366 14156 5019 
13930 10370 14159 5021 
13937 10373 14165 5021 
13945 10376 14174 5022 
13951 10383 14183 5023 
13958 10387 14196 5024 
13959 10389 14204 5027 
13965 10391 14212 5031 
13970 10394 14221 5034 
13981 10396 14227 5037 
13988 10403 14239 5040 
13995 10406 14249 5041 
13999 10411 14253 5043 
14004 10413 14260 5046 
14012 10418 14264 5051 
14018 10426 14268 5055 
14024 10430 14274 5058 
14028 10433 14282 5059 
14034 10438 14289 5062 
14040 10443 14298 5066 
14048 10444 14308 5068 
14055 10447 14314 5070 
14059 10449 14316 5073 
14062 10452 14321 5075 
14069 10464 14325 5075 
14073 10469 14334 5077 
14080 10477 14337 5077 
14085 10483 14341 5078 
14094 10489 14350 5079 
14103 10491 14356 5080 
14107 10494 14361 5081 
14114 10498 14367 5083 
14117 10503 14370 5087 
14121 10509 14375 5088 
14128 10515 14380 5089 
14135 10517 14387 5091 
14139 10522 14395 5093 
14146 10526 14403 5096 
14152 10531 14406 5097 
14157 10536 14410 5101 
14162 10539 14422 5106 
14168 10546 14430 5111 
14178 10550 14434 5114 
14182 10551 14441 5115 
14186 10562 14445 5118 
14197 10567 14453 5121 
14203 10571 14457 5122 
14208 10575 14462 5124 
14216 10579 14467 5125 
14221 10589 14471 5125 
14223 10592 14478 5125 
14234 10600 14481 5126 
14244 10606 14488 5127 
14251 10612 14493 5129 
14260 10619 14500 5132 
14264 10624 14508 5134 
14270 10626 14510 5136 
14272 10628 14514 5140 
14279 10630 14519 5143 
14286 10637 14523 5145 
14293 10641 14528 5149 
14298 10646 14535 5150 
14308 10650 14538 5151 
14314 10661 14542 5153 
14325 10663 14548 5157 
14334 10663 14556 5158 
14345 10666 14561 5160 
14350 10668 14565 5160 
14359 10671 14571 5163 
14368 10677 14579 5164 
14370 10684 14587 5170 
14376 10688 14596 5175 
14384 10691 14608 5177 
14390 10695 14615 5180 
14394 10699 14620 5180 
14399 10704 14624 5184 
14400 10707 14633 5184 
14405 10713 14637 5189 
14406 10721 14643 5192 
14411 10724 14654 5194 
14417 10728 14661 5196 
14422 10733 14663 5198 
14424 10735 14666 5200 
14427 10737 14672 5202 
14432 10746 14678 5208 
14437 10751 14689 5210 
14439 10757 14691 5212 
14447 10760 14696 5216 
14450 10764 14707 5218 
14452 10768 14712 5219 
14456 10772 14718 5221 
14459 10774 14728 5223 
14465 10780 14736 5225 
14467 10787 14741 5225 
14473 10791 14748 5226 
14474 10794 14754 5228 
14480 10799 14757 5231 
14485 10802 14763 5233 
14488 10804 14775 5234 
14494 10813 14780 5235 
14498 10816 14786 5240 
14502 10822 14795 5242 
14508 10836 14803 5244 
14513 10839 14807 5245 
14518 10847 14812 5247 
14525 10851 14817 5249 
14529 10855 14823 5251 
14534 10857 14834 5252 
14542 10861 14841 5253 
14543 10866 14850 5253 
14551 10872 14853 5254 
14556 10877 14858 5255 
14559 10883 14859 5256 
14563 10889 14863 5259 
14569 10892 14871 5260 
14578 10901 14875 5262 
14582 10905 14881 5267 
14590 10907 14887 5267 
14593 10913 14890 5273 
14596 10922 14898 5274 
14601 10927 14903 5279 
14604 10930 14906 5284 
14609 10938 14913 5287 
14615 10941 14915 5290 
14619 10947 14919 5291 
14623 10950 14924 5295 
14626 10956 14933 5299 
14633 10963 14942 5302 
14635 10968 14949 5303 
14641 10972 14952 5305 
14642 10978 14959 5307 
14648 10983 14964 5309 
14652 10987 14980 5311 
14657 10988 14982 5314 
14663 10992 14987 5316 
14668 10994 14989 5316 
14676 11001 14996 5316 
14681 11004 15008 5318 
14686 11007 15019 5319 
14691 11010 15025 5320 
14699 11010 15026 5324 
14708 11014 15034 5324 
14711 11019 15044 5324 
14716 11025 15053 5326 
14718 11028 15058 5328 
14724 11031 15074 5331 
14729 11036 15083 5331 
14737 11038 15088 5331 
14744 11045 15093 5333 
14750 11046 15097 5334 
14756 11052 15102 5337 
14760 11055 15110 5338 
14761 11060 15117 5338 
14769 11065 15121 5339 
14778 11071 15131 5339 
14784 11075 15139 5340 
14792 11080 15143 5343 
14800 11085 15149 5346 
14808 11089 15153 5353 
14817 11093 15161 5357 
14823 11100 15171 5363 
14832 11104 15178 5365 
14839 11107 15187 5367 
14844 11114 15193 5367 
14849 11123 15201 5367 
14856 11135 15206 5370 
14861 11141 15213 5371 
14866 11145 15218 5372 
14873 11151 15225 5374 
14876 11155 15228 5378 
14883 11158 15235 5380 
14890 11159 15238 5382 
14897 11168 15242 5385 
14907 11172 15250 5385 
14911 11173 15255 5385 
14916 11176 15262 5386 
14925 11178 15274 5390 
14929 11182 15282 5392 
14934 11186 15291 5394 
14939 11189 15299 5398 
14946 11194 15306 5401 
14953 11198 15309 5408 
14959 11202 15311 5410 
14966 11206 15318 5413 
14969 11212 15328 5417 
14975 11213 15337 5417 
14981 11216 15339 5419 
14986 11221 15347 5421 
14990 11225 15356 5421 
14997 11228 15359 5424 
14997 11232 15368 5425 
15004 11236 15374 5426 
15008 11239 15381 5427 
15014 11247 15386 5429 
15020 11252 15393 5429 
15029 11253 15405 5429 
15036 11257 15413 5432 
15038 11260 15419 5432 
15042 11266 15422 5436 
15053 11271 15429 5437 
15057 11278 15435 5438 
15061 11281 15440 5441 
15067 11284 15447 5443 
15071 11286 15451 5444 
15075 11293 15457 5450 
15077 11297 15463 5452 
15085 11299 15467 5455 
15089 11301 15474 5457 
15092 11308 15478 5459 
15095 11312 15484 5461 
15100 11314 15491 5464 
15105 11320 15494 5465 
15113 11327 15500 5468 
15121 11330 15506 5469 
15125 11332 15513 5474 
15125 11335 15519 5476 
15130 11341 15523 5478 
15135 11343 15529 5479 
15141 11349 15535 5481 
15145 11353 15542 5483 
15147 11359 15548 5483 
15153 11363 15553 5486 
15158 11368 15559 5487 
15164 11371 15569 5489 
15171 11377 15576 5490 
15174 11379 15581 5493 
15179 11384 15584 5494 
15185 11388 15591 5496 
15191 11391 15602 5499 
15198 11393 15613 5501 
15200 11398 15616 5501 
15206 11405 15620 5502 
15208 11412 15625 5504 
15214 11418 15629 5508 
15221 11421 15640 5511 
15224 11426 15646 5512 
15230 11433 15653 5513 
15233 11434 15658 5513 
15241 11440 15667 5513 
15247 11442 15672 5515 
15254 11449 15684 5519 
15257 11452 15693 5519 
15261 11456 15703 5521 
15273 11457 15707 5523 
15276 11460 15714 5526 
15285 11464 15726 5526 
15288 11468 15728 5528 
15293 11471 15733 5529 
15298 11477 15739 5533 
15301 11481 15746 5537 
15306 11487 15752 5537 
15309 11492 15758 5538 
15317 11494 15761 5538 
15320 11497 15766 5539 
15328 11499 15770 5541 
15333 11504 15775 5542 
15343 11509 15781 5543 
15345 11514 15791 5544 
15348 11517 15798 5547 
15354 11523 15803 5548 
15357 11530 15810 5553 
15360 11532 15818 5555 
15371 11535 15823 5557 
15383 11540 15828 5561 
15387 11543 15836 5564 
15393 11546 15842 5564 
15398 11550 15848 5568 
15402 11552 15853 5573 
15405 11553 15864 5575 
15409 11554 15871 5577 
15415 11559 15878 5578 
15420 11567 15883 5581 
15425 11572 15887 5584 
15434 11573 15892 5586 
15438 11578 15897 5586 
15445 11581 15904 5587 
15454 11587 15906 5591 
15458 11593 15911 5593 
15464 11598 15916 5593 
15468 11605 15923 5594 
15476 11611 15931 5594 
15480 11614 15939 5594 
15483 11618 15945 5598 
15489 11627 15952 5599 
15498 11631 15959 5600 
15504 11636 15963 5600 
15506 11639 15973 5601 
15510 11642 15977 5602 
15514 11648 15988 5604 
15519 11649 15998 5607 
15528 11652 16001 5608 
15533 11659 16008 5610 
15538 11665 16013 5611 
15542 11668 16021 5614 
15551 11672 16023 5616 
15555 11676 16028 5617 
15560 11681 16039 5617 
15564 11683 16044 5619 
15569 11688 16051 5622 
15575 11690 16063 5625 
15585 11694 16067 5627 
15588 11698 16072 5629 
15594 11700 16079 5629 
15600 11705 16088 5630 
15608 11708 16096 5632 
15614 11717 16107 5632 
15626 11722 16110 5633 
15629 11724 16121 5636 
15634 11731 16127 5637 
15635 11736 16127 5639 
15642 11740 16134 5641 
15650 11748 16139 5645 
15657 11754 16143 5646 
15663 11762 16152 5651 
15665 11765 16158 5651 
15673 11770 16165 5652 
15678 11773 16168 5655 
15684 11776 16171 5660 
15693 11781 16176 5661 
15702 11784 16182 5664 
15706 11787 16187 5665 
15714 11790 16196 5668 
15718 11796 16206 5670 
15726 11801 16212 5671 
15732 11805 16221 5672 
15737 11808 16231 5674 
15743 11813 16242 5674 
15748 11817 16247 5674 
15760 11820 16253 5675 
15766 11825 16260 5677 
15775 11831 16266 5679 
15780 11837 16268 5684 
15784 11840 16275 5689 
15785 11842 16279 5690 
15791 11847 16281 5693 
15797 11849 16288 5694 
15804 11854 16295 5695 
15812 11858 16297 5697 
15817 11865 16300 5697 
15823 11869 16307 5700 
15829 11873 16313 5702 
15832 11875 16319 5704 
15838 11878 16324 5706 
15843 11884 16332 5707 
15852 11889 16339 5709 
15861 11894 16344 5709 
15866 11898 16351 5711 
15869 11905 16358 5713 
15875 11908 16367 5714 
15879 11911 16370 5717 
15881 11914 16378 5718 
15884 11919 16379 5721 
15886 11927 16384 5723 
15895 11931 16392 5725 
15900 11936 16401 5729 
15908 11938 16409 5733 
15910 11944 16411 5734 
15917 11947 16415 5738 
15922 11952 16424 5739 
15927 11955 16429 5744 
15933 11960 16438 5745 
15934 11962 16442 5746 
15940 11966 16450 5750 
15946 11972 16455 5752 
15951 11979 16457 5753 
15960 11982 16462 5754 
15964 11986 16468 5756 
15969 11991 16473 5757 
15979 11995 16479 5759 
15989 12002 16484 5764 
15999 12004 16488 5766 
16001 12008 16491 5768 
16003 12016 16493 5772 
16005 12021 16500 5776 
16011 12024 16506 5777 
16014 12026 16512 5779 
16017 12027 16518 5784 
16019 12028 16522 5785 
16027 12032 16532 5786 
16029 12039 16538 5787 
16034 12043 16544 5789 
16041 12047 16547 5791 
16048 12053 16555 5794 
16050 12057 16566 5797 
16056 12060 16573 5802 
16059 12068 16576 5802 
16064 12078 16580 5807 
16071 12080 16584 5809 
16076 12085 16593 5809 
16078 12088 16603 5811 
16090 12093 16611 5812 
16092 12099 16617 5813 
16095 12104 16624 5815 
16099 12110 16629 5816 
16103 12115 16632 5820 
16112 12121 16634 5820 
16122 12122 16642 5822 
16127 12125 16646 5825 
16132 12131 16654 5829 
16136 12138 16660 5831 
16138 12139 16666 5833 
16141 12145 16678 5837 
16152 12147 16689 5838 
16156 12149 16694 5839 
16165 12154 16706 5839 
16172 12157 16711 5839 
16175 12161 16717 5841 
16181 12163 16721 5845 
16188 12172 16725 5848 
16192 12178 16730 5848 
16195 12183 16734 5850 
16199 12187 16737 5850 
16207 12190 16744 5853 
16212 12194 16751 5853 
16219 12195 16754 5855 
16224 12197 16757 5857 
16227 12199 16762 5858 
16234 12204 16769 5860 
16239 12212 16771 5861 
16246 12217 16777 5862 
16251 12221 16783 5864 
16258 12227 16787 5865 
16261 12235 16790 5871 
16265 12240 16795 5873 
16269 12246 16799 5874 
16278 12249 16807 5878 
16285 12254 16808 5878 
16291 12259 16815 5881 
16297 12266 16823 5882 
16302 12273 16830 5882 
16308 12279 16830 5883 
16313 12287 16836 5884 
16320 12290 16844 5885 
16324 12298 16848 5886 
16329 12301 16854 5887 
16336 12304 16861 5887 
16337 12309 16868 5888 
16344 12314 16873 5889 
16350 12317 16879 5891 
16359 12323 16880 5895 
16365 12333 16884 5897 
16375 12338 16887 5899 
16384 12341 16896 5902 
16390 12342 16902 5903 
16398 12346 16908 5904 
16407 12349 16913 5904 
16411 12350 16917 5907 
16418 12354 16923 5907 
16419 12361 16928 5909 
16424 12365 16935 5912 
16430 12368 16937 5916 
16433 12372 16940 5918 
16441 12376 16947 5921 
16445 12377 16955 5926 
16448 12384 16960 5928 
16453 12389 16964 5931 
16458 12395 16967 5933 
16461 12399 16974 5935 
16466 12405 16982 5938 
16471 12406 16990 5942 
16474 12415 16997 5944 
16478 12420 17006 5947 
16484 12421 17007 5948 
16488 12427 17012 5951 
16492 12430 17020 5953 
16497 12434 17027 5953 
16501 12438 17036 5956 
16503 12443 17038 5958 
16512 12451 17042 5959 
16516 12455 17047 5963 
16524 12461 17055 5963 
16530 12465 17061 5965 
16536 12472 17068 5968 
16540 12475 17073 5973 
16546 12482 17079 5977 
16549 12487 17084 5979 
16554 12491 17090 5982 
16559 12493 17097 5983 
16566 12500 17102 5983 
16571 12506 17116 5986 
16578 12516 17118 5989 
16587 12520 17124 5992 
16589 12524 17128 5996 
16592 12528 17138 5999 
16602 12533 17143 6002 
16607 12535 17152 6004 
16617 12539 17157 6006 
16624 12541 17163 6007 
16629 12545 17169 6007 
16636 12553 17178 6009 
16644 12560 17182 6013 
16646 12565 17190 6016 
16648 12570 17194 6020 
16655 12575 17199 6025 
16660 12586 17204 6026 
16662 12588 17207 6027 
16669 12597 17212 6028 
16675 12606 17216 6032 
16681 12609 17220 6035 
16689 12614 17230 6037 
16695 12617 17237 6039 
16700 12622 17241 6040 
16705 12626 17246 6041 
16710 12631 17253 6044 
16718 12638 17260 6047 
16723 12646 17264 6051 
16727 12649 17271 6052 
16736 12653 17278 6052 
16741 12654 17290 6055 
16749 12662 17302 6057 
16752 12664 17305 6059 
16759 12670 17311 6059 
16763 12671 17320 6059 
16766 12676 17328 6060 
16773 12683 17337 6062 
16778 12688 17342 6066 
16785 12692 17344 6068 
16790 12699 17350 6070 
16793 12703 17353 6071 
16795 12709 17357 6076 
16804 12714 17365 6079 
16806 12719 17368 6080 
16810 12722 17377 6082 
16815 12733 17382 6084 
16823 12739 17385 6087 
16831 12742 17391 6088 
16839 12750 17401 6091 
16847 12754 17407 6093 
16852 12757 17412 6095 
16858 12761 17420 6097 
16867 12766 17427 6097 
16875 12769 17432 6097 
16878 12775 17440 6100 
16886 12779 17446 6100 
16893 12784 17455 6101 
16898 12792 17463 6101 
16904 12795 17468 6103 
16909 12800 17469 6105 
16912 12804 17474 6105 
16920 12807 17483 6108 
16923 12812 17488 6110 
16927 12816 17491 6114 
16937 12821 17501 6115 
16945 12827 17508 6118 
16950 12830 17514 6119 
16955 12837 17522 6120 
16960 12845 17526 6121 
16966 12848 17531 6122 
16970 12850 17535 6123 
16974 12858 17538 6124 
16977 12864 17547 6124 
16985 12869 17554 6125 
16990 12873 17561 6129 
16993 12877 17567 6134 
16997 12885 17572 6136 
17000 12893 17577 6138 
17009 12897 17580 6139 
17017 12904 17583 6141 
17021 12909 17592 6142 
17027 12913 17601 6146 
17032 12917 17607 6146 
17041 12919 17617 6147 
17046 12921 17621 6154 
17052 12924 17626 6155 
17062 12928 17634 6158 
17069 12932 17641 6160 
17074 12937 17650 6161 
17078 12943 17653 6164 
17086 12946 17661 6166 
17091 12949 17667 6167 
17098 12955 17675 6168 
17105 12961 17677 6169 
17111 12966 17681 6174 
17121 12969 17691 6175 
17129 12974 17694 6177 
17138 12978 17704 6178 
17147 12980 17706 6179 
17156 12982 17714 6183 
17162 12990 17718 6184 
17170 12996 17729 6188 
17182 12999 17732 6189 
17190 13004 17734 6192 
17198 13012 17741 6192 
17206 13016 17748 6195 
17211 13016 17752 6195 
17216 13020 17760 6200 
17230 13031 17766 6201 
17234 13032 17772 6203 
17241 13038 17778 6205 
17245 13039 17787 6207 
17251 13041 17791 6209 
17259 13047 17794 6211 
17261 13050 17799 6212 
17265 13052 17807 6216 
17276 13055 17810 6218 
17283 13063 17815 6218 
17286 13069 17818 6221 
17295 13075 17826 6224 
17301 13082 17831 6228 
17308 13085 17841 6232 
17313 13095 17847 6237 
17320 13100 17852 6240 
17321 13106 17855 6242 
17327 13113 17871 6243 
17336 13117 17879 6247 
17340 13124 17884 6249 
17345 13131 17889 6250 
17349 13133 17891 6253 
17354 13137 17896 6254 
17359 13140 17902 6257 
17362 13146 17909 6263 
17374 13152 17918 6264 
17383 13155 17922 6269 
17384 13162 17927 6271 
17394 13167 17935 6275 
17401 13170 17937 6277 
17403 13177 17944 6280 
17408 13183 17950 6281 
17413 13187 17955 6286 
17418 13190 17960 6290 
17427 13196 17967 6291 
17432 13201 17971 6292 
17439 13205 17978 6293 
17447 13211 17985 6294 
17462 13214 17993 6295 
17466 13218 17997 6295 
17473 13221 18004 6295 
17478 13225 18011 6296 
17482 13228 18017 6299 
17486 13232 18026 6304 
17490 13237 18033 6308 
17496 13239 18038 6308 
17501 13244 18041 6310 
17504 13247 18045 6310 
17515 13250 18047 6311 
17520 13253 18052 6312 
17528 13260 18054 6313 
17534 13266 18061 6313 
17538 13275 18063 6314 
17542 13282 18068 6322 
17548 13286 18071 6323 
17555 13290 18077 6325 
17563 13296 18081 6326 
17569 13301 18090 6328 
17574 13307 18101 6328 
17576 13311 18109 6328 
17584 13313 18116 6330 
17592 13316 18119 6331 
17604 13320 18124 6335 
17610 13326 18125 6337 
17617 13329 18132 6340 
17623 13334 18136 6341 
17629 13340 18143 6344 
17636 13347 18149 6345 
17643 13349 18155 6346 
17651 13355 18164 6346 
17660 13357 18173 6346 
17664 13366 18177 6350 
17674 13370 18182 6350 
17680 13373 18190 6350 
17686 13382 18192 6351 
17693 13388 18198 6351 
17698 13391 18200 6354 
17704 13395 18206 6355 
17718 13399 18214 6356 
17723 13407 18220 6358 
17730 13407 18226 6360 
17736 13411 18232 6361 
17742 13416 18238 6363 
17743 13421 18246 6366 
17747 13423 18254 6370 
17754 13429 18265 6373 
17761 13435 18269 6375 
17764 13440 18275 6378 
17767 13442 18284 6383 
17779 13447 18292 6385 
17784 13450 18297 6386 
17792 13453 18302 6388 
17797 13456 18307 6390 
17807 13463 18316 6393 
17817 13471 18320 6397 
17829 13481 18328 6400 
17839 13486 18334 6403 
17840 13494 18339 6404 
17845 13494 18344 6405 
17849 13505 18348 6407 
17853 13511 18352 6411 
17859 13513 18363 6418 
17863 13517 18371 6422 
17868 13519 18379 6424 
17872 13526 18381 6427 
17877 13533 18387 6427 
17884 13535 18395 6430 
17888 13538 18401 6431 
17895 13542 18408 6435 
17897 13546 18415 6437 
17901 13548 18421 6442 
17905 13551 18426 6444 
17912 13554 18429 6445 
17914 13558 18431 6450 
17917 13559 18437 6451 
17922 13564 18444 6454 
17927 13568 18446 6456 
17936 13573 18450 6460 
17949 13580 18455 6461 
17951 13587 18461 6462 
17958 13592 18472 6463 
17962 13594 18476 6465 
17975 13596 18483 6466 
17979 13602 18491 6468 
17986 13606 18499 6468 
17990 13609 18504 6468 
17992 13612 18510 6469 
17998 13615 18514 6471 
18003 13625 18520 6473 
18007 13631 18525 6476 
18011 13640 18531 6480 
18020 13644 18536 6481 
18027 13651 18541 6482 
18034 13655 18549 6488 
18038 13662 18559 6489 
18044 13666 18569 6491 
18050 13667 18580 6494 
18055 13670 18589 6498 
18060 13675 18595 6499 
18069 13676 18603 6501 
18070 13682 18607 6503 
18074 13687 18618 6509 
18080 13693 18622 6510 
18087 13697 18625 6512 
18095 13702 18630 6513 
18101 13708 18638 6515 
18107 13714 18646 6517 
18114 13720 18650 6519 
18121 13725 18654 6523 
18133 13727 18664 6526 
18138 13736 18671 6528 
18142 13744 18674 6531 
18154 13753 18683 6532 
18159 13757 18686 6535 
18164 13758 18693 6538 
18171 13760 18700 6540 
18177 13766 18709 6541 
18182 13774 18719 6545 
18188 13776 18725 6546 
18196 13778 18733 6550 
18202 13783 18738 6550 
18204 13789 18746 6551 
18211 13794 18751 6552 
18215 13799 18754 6552 
18223 13804 18759 6555 
18228 13810 18769 6556 
18230 13810 18772 6559 
18238 13819 18776 6561 
18246 13825 18780 6561 
18256 13828 18785 6562 
18263 13834 18786 6565 
18267 13838 18790 6569 
18277 13845 18794 6572 
18283 13849 18804 6575 
18292 13859 18808 6575 
18297 13869 18815 6577 
18305 13875 18823 6581 
18311 13882 18833 6583 
18319 13888 18840 6587 
18321 13899 18845 6588 
18329 13903 18853 6591 
18331 13909 18865 6592 
18334 13914 18869 6594 
18340 13916 18876 6596 
18346 13923 18883 6603 
18351 13927 18891 6604 
18360 13933 18896 6607 
18374 13938 18901 6609 
18379 13939 18907 6612 
18389 13946 18917 6612 
18395 13952 18921 6615 
18401 13952 18926 6617 
18410 13956 18932 6617 
18416 13970 18935 6619 
18422 13974 18942 6626 
18428 13980 18949 6631 
18432 13982 18956 6635 
18440 13993 18962 6636 
18446 13999 18964 6641 
18452 14007 18970 6646 
18456 14012 18973 6648 
18463 14015 18978 6652 
18470 14021 18982 6652 
18473 14031 18985 6654 
18480 14038 18991 6655 
18484 14040 18995 6656 
18492 14043 19001 6660 
18503 14045 19006 6662 
18507 14049 19014 6663 
18509 14052 19021 6665 
18515 14054 19024 6668 
18526 14058 19031 6669 
18529 14066 19039 6674 
18537 14069 19047 6674 
18540 14075 19055 6676 
18551 14082 19061 6679 
18560 14087 19069 6681 
18563 14095 19073 6683 
18567 14100 19077 6684 
18571 14109 19078 6688 
18576 14115 19089 6695 
18582 14117 19092 6698 
18588 14123 19101 6699 
18590 14132 19109 6701 
18595 14137 19116 6703 
18600 14140 19125 6706 
18604 14144 19132 6707 
18613 14146 19133 6709 
18621 14151 19140 6711 
18624 14155 19145 6713 
18631 14158 19148 6716 
18633 14162 19156 6717 
18637 14169 19159 6721 
18642 14173 19164 6725 
18646 14181 19173 6727 
18656 14183 19177 6728 
18670 14187 19183 6731 
18677 14191 19190 6732 
18681 14197 19196 6734 
18687 14203 19201 6740 
18692 14209 19206 6740 
18700 14211 19210 6741 
18708 14214 19223 6741 
18716 14219 19231 6750 
18722 14220 19236 6751 
18728 14226 19241 6752 
18734 14232 19253 6755 
18740 14238 19259 6756 
18748 14247 19268 6759 
18756 14253 19275 6762 
18760 14259 19283 6765 
18768 14262 19287 6768 
18774 14268 19292 6771 
18778 14275 19297 6773 
18784 14279 19303 6776 
18790 14284 19308 6778 
18795 14288 19315 6781 
18803 14292 19320 6785 
18810 14297 19327 6786 
18818 14308 19331 6786 
18827 14310 19343 6789 
18833 14311 19350 6790 
18842 14314 19354 6792 
18850 14316 19357 6795 
18856 14321 19362 6796 
18862 14326 19372 6799 
18870 14333 19376 6802 
18877 14338 19382 6806 
18880 14343 19387 6809 
18888 14346 19393 6811 
18893 14354 19402 6812 
18899 14365 19414 6817 
18901 14369 19419 6819 
18904 14374 19426 6822 
18914 14376 19437 6825 
18916 14382 19446 6830 
18927 14389 19449 6833 
18927 14394 19452 6834 
18932 14399 19460 6835 
18936 14400 19462 6840 
18938 14402 19471 6844 
18946 14407 19474 6844 
18953 14412 19482 6846 
18957 14414 19489 6849 
18961 14422 19493 6851 
18969 14427 19495 6853 
18974 14430 19503 6854 
18978 14437 19512 6855 
18984 14441 19522 6857 
18992 14445 19526 6858 
18999 14453 19533 6858 
19007 14460 19540 6859 
19013 14462 19545 6861 
19017 14468 19550 6864 
19023 14472 19555 6869 
19031 14476 19557 6871 
19035 14480 19564 6875 
19040 14484 19572 6879 
19046 14490 19579 6883 
19053 14495 19585 6885 
19057 14502 19591 6888 
19061 14507 19602 6893 
19066 14516 19610 6896 
19072 14519 19616 6900 
19078 14522 19627 6904 
19083 14525 19635 6904 
19089 14529 19643 6906 
19092 14532 19650 6908 
19097 14537 19653 6909 
19107 14538 19661 6911 
19111 14542 19666 6914 
19116 14550 19668 6914 
19125 14556 19670 6915 
19130 14562 19682 6916 
19133 14567 19685 6918 
19135 14571 19693 6919 
19140 14577 19695 6922 
19146 14582 19703 6923 
19148 14587 19708 6925 
19151 14592 19714 6928 
19159 14595 19722 6931 
19165 14596 19730 6934 
19174 14601 19737 6934 
19180 14604 19742 6935 
19185 14608 19751 6938 
19192 14610 19762 6939 
19202 14612 19764 6940 
19211 14618 19775 6940 
19220 14625 19782 6943 
19223 14629 19786 6947 
19229 14634 19788 6949 
19234 14640 19789 6952 
19235 14644 19798 6954 
19239 14648 19801 6957 
19248 14651 19809 6960 
19251 14657 19814 6963 
19252 14657 19822 6966 
19258 14660 19829 6971 
19265 14666 19840 6973 
19276 14674 19849 6976 
19284 14680 19856 6979 
19294 14686 19861 6980 
19297 14692 19865 6983 
19303 14700 19867 6985 
19305 14707 19873 6987 
19311 14713 19879 6989 
19316 14715 19885 6992 
19318 14721 19891 6996 
19323 14728 19896 6998 
19329 14730 19905 7002 
19331 14733 19913 7006 
19336 14738 19923 7009 
19341 14740 19925 7013 
19351 14745 19932 7014 
19359 14749 19944 7015 
19365 14756 19949 7016 
19371 14760 19955 7019 
19376 14763 19958 7020 
19378 14771 19963 7021 
19383 14776 19968 7024 
19389 14780 19977 7026 
19397 14784 19989 7027 
19404 14789 19993 7027 
19407 14795 19999 7028 
19412 14797 20007 7030 
19415 14804 20015 7033 
19420 14807 20021 7037 
19426 14814 20026 7038 
19433 14814 20035 7040 
19436 14823 20039 7041 
19441 14827 20046 7043 
19444 14831 20049 7045 
19454 14833 20053 7049 
19457 14841 20058 7050 
19461 14848 20065 7051 
19472 14852 20068 7052 
19475 14854 20072 7053 
19481 14859 20077 7055 
19488 14865 20079 7058 
19490 14872 20082 7065 
19499 14877 20092 7067 
19503 14883 20101 7070 
19505 14886 20108 7072 
19509 14891 20113 7076 
19515 14896 20119 7079 
19522 14897 20128 7080 
19526 14901 20135 7087 
19533 14908 20145 7090 
19540 14911 20157 7091 
19543 14915 20164 7095 
19549 14918 20171 7098 
19554 14921 20180 7101 
19559 14929 20191 7103 
19565 14931 20194 7105 
19571 14933 20197 7107 
19577 14942 20203 7108 
19580 14945 20208 7112 
19587 14951 20211 7116 
19593 14952 20219 7119 
19595 14960 20223 7121 
19603 14966 20230 7124 
19612 14969 20237 7124 
19619 14975 20245 7128 
19622 14979 20254 7132 
19625 14981 20260 7133 
19632 14988 20268 7139 
19637 14995 20273 7141 
19641 14999 20282 7143 
19647 15005 20291 7144 
19652 15012 20298 7146 
19656 15019 20311 7150 
19663 15022 20317 7150 
19669 15026 20323 7153 
19675 15029 20329 7157 
19680 15034 20335 7158 
19684 15040 20342 7159 
19691 15042 20348 7163 
19700 15045 20357 7163 
19705 15049 20365 7163 
19712 15054 20371 7164 
19714 15055 20374 7167 
19720 15058 20382 7169 
19730 15061 20394 7170 
19735 15065 20401 7174 
19741 15073 20406 7174 
19751 15075 20409 7176 
19757 15077 20413 7179 
19763 15080 20420 7182 
19767 15084 20426 7185 
19773 15089 20436 7186 
19779 15095 20444 7187 
19787 15103 20455 7188 
19791 15108 20461 7191 
19797 15109 20467 7193 
19806 15111 20475 7194 
19811 15114 20481 7197 
19817 15117 20482 7200 
19819 15121 20488 7202 
19824 15122 20498 7206 
19827 15125 20508 7207 
19837 15127 20511 7210 
19843 15131 20517 7211 
19852 15137 20528 7212 
19860 15141 20536 7216 
19869 15144 20544 7217 
19874 15147 20555 7218 
19877 15150 20559 7224 
19881 15155 20566 7226 
19888 15162 20573 7227 
19891 15164 20579 7230 
19898 15173 20590 7230 
19908 15175 20604 7231 
19911 15182 20610 7234 
19918 15190 20618 7237 
19921 15196 20622 7242 
19930 15202 20625 7243 
19937 15211 20632 7246 
19941 15214 20644 7249 
19948 15218 20649 7250 
19956 15222 20656 7254 
19960 15227 20663 7254 
19969 15233 20667 7257 
19971 15240 20672 7258 
19973 15247 20683 7258 
19980 15251 20686 7260 
19989 15252 20693 7261 
19995 15255 20698 7262 
20001 15259 20702 7267 
20006 15262 20709 7271 
20011 15267 20718 7273 
20019 15271 20725 7275 
20024 15278 20729 7280 
20030 15284 20735 7284 
20039 15292 20743 7287 
20048 15295 20751 7289 
20052 15299 20755 7291 
20058 15302 20764 7294 
20065 15305 20770 7297 
20073 15310 20777 7301 
20078 15312 20784 7304 
20080 15319 20791 7306 
20090 15322 20802 7307 
20094 15325 20809 7312 
20099 15332 20817 7315 
20101 15335 20828 7316 
20109 15336 20837 7318 
20117 15340 20842 7318 
20118 15346 20845 7322 
20122 15351 20853 7323 
20130 15358 20863 7326 
20135 15367 20870 7326 
20142 15373 20881 7327 
20144 15376 20885 7328 
20150 15378 20893 7329 
20162 15384 20899 7333 
20165 15386 20910 7334 
20170 15390 20920 7334 
20173 15396 20928 7335 
20177 15400 20929 7336 
20183 15406 20935 7339 
20190 15409 20939 7341 
20199 15414 20941 7342 
20207 15417 20951 7345 
20212 15421 20958 7347 
20218 15429 20962 7349 
20222 15430 20964 7350 
20230 15437 20969 7352 
20235 15442 20975 7353 
20239 15445 20982 7355 
20246 15448 20987 7358 
20254 15454 20996 7360 
20260 15455 21001 7361 
20271 15459 21007 7365 
20276 15462 21018 7367 
20279 15471 21027 7368 
20283 15479 21034 7368 
20288 15482 21041 7370 
20293 15486 21049 7371 
20299 15491 21054 7373 
20306 15497 21060 7377 
20311 15500 21066 7377 
20315 15504 21072 7381 
20320 15509 21078 7382 
20323 15514 21085 7385 
20326 15516 21092 7387 
20329 15522 21098 7389 
20332 15526 21106 7392 
20345 15532 21112 7393 
20353 15538 21120 7395 
20354 15543 21124 7398 
20357 15551 21129 7403 
20363 15558 21135 7403 
20369 15566 21141 7405 
20383 15570 21146 7407 
20387 15571 21150 7409 
20400 15575 21159 7409 
20402 15585 21169 7411 
20411 15589 21176 7412 
20416 15590 21182 7416 
20421 15592 21187 7420 
20426 15600 21196 7422 
20433 15603 21201 7422 
20437 15608 21208 7423 
20447 15610 21210 7425 
20450 15616 21214 7428 
20460 15623 21226 7431 
20466 15630 21234 7431 
20469 15635 21244 7433 
20479 15643 21251 7435 
20487 15646 21257 7438 
20488 15647 21261 7441 
20494 15650 21269 7443 
20500 15653 21280 7444 
20508 15659 21286 7446 
20516 15663 21289 7449 
20521 15668 21297 7451 
20523 15676 21303 7453 
20530 15681 21310 7454 
20539 15692 21316 7455 
20545 15700 21320 7455 
20552 15705 21330 7457 
20559 15713 21340 7458 
20565 15716 21345 7460 
20572 15726 21353 7465 
20579 15733 21358 7465 
20583 15738 21364 7466 
20590 15740 21372 7468 
20599 15742 21376 7470 
20604 15745 21378 7474 
20611 15748 21383 7477 
20618 15756 21389 7479 
20623 15757 21393 7481 
20630 15764 21401 7485 
20640 15767 21410 7487 
20644 15770 21416 7489 
20651 15775 21425 7493 
20657 15779 21432 7493 
20664 15783 21440 7495 
20669 15790 21446 7497 
20681 15795 21453 7502 
20682 15801 21461 7503 
20686 15804 21471 7504 
20690 15808 21476 7506 
20694 15811 21484 7507 
20699 15817 21490 7510 
20708 15821 21492 7518 
20715 15828 21500 7520 
20722 15833 21503 7520 
20725 15839 21508 7524 
20731 15843 21513 7524 
20740 15851 21516 7525 
20743 15853 21520 7527 
20754 15861 21523 7529 
20759 15867 21528 7532 
20766 15877 21530 7533 
20771 15881 21535 7536 
20777 15886 21539 7538 
20782 15889 21546 7540 
20791 15898 21554 7541 
20801 15903 21560 7542 
20806 15909 21570 7545 
20815 15914 21573 7547 
20817 15918 21581 7550 
20827 15923 21588 7551 
20844 15928 21595 7554 
20851 15932 21599 7555 
20859 15935 21602 7556 
20862 15941 21608 7559 
20865 15943 21614 7562 
20869 15949 21620 7564 
20872 15954 21628 7566 
20878 15957 21634 7567 
20884 15960 21642 7568 
20889 15966 21651 7573 
20895 15971 21657 7577 
20899 15976 21662 7578 
20901 15979 21671 7581 
20912 15981 21677 7582 
20921 15982 21685 7585 
20925 15990 21692 7587 
20932 15992 21697 7591 
20941 15995 21704 7591 
20951 15998 21714 7594 
20961 16001 21724 7596 
20972 16007 21730 7598 
20977 16009 21734 7600 
20982 16013 21739 7604 
20986 16017 21747 7605 
20993 16022 21752 7606 
21001 16027 21759 7607 
21009 16028 21763 7609 
21020 16030 21774 7610 
21030 16039 21780 7611 
21038 16044 21785 7613 
21044 16050 21793 7616 
21048 16053 21799 7620 
21057 16056 21805 7622 
21063 16063 21814 7625 
21069 16066 21824 7627 
21071 16076 21834 7627 
21076 16080 21841 7628 
21083 16085 21847 7629 
21087 16087 21853 7633 
21090 16090 21859 7634 
21095 16095 21869 7637 
21100 16098 21873 7638 
21104 16101 21881 7639 
21110 16104 21884 7644 
21120 16109 21890 7644 
21127 16110 21899 7644 
21132 16115 21902 7649 
21141 16120 21909 7650 
21147 16123 21913 7650 
21149 16126 21921 7651 
21157 16131 21926 7655 
21158 16135 21929 7655 
21165 16139 21933 7658 
21171 16146 21938 7661 
21179 16149 21943 7663 
21185 16154 21948 7666 
21188 16162 21958 7668 
21193 16166 21961 7671 
21196 16170 21965 7672 
21201 16175 21970 7675 
21208 16181 21975 7677 
21211 16189 21987 7679 
21221 16190 21994 7682 
21228 16192 22000 7685 
21236 16196 22004 7686 
21244 16201 22015 7689 
21252 16208 22019 7691 
21260 16214 22023 7693 
21265 16218 22029 7693 
21269 16222 22036 7696 
21276 16230 22042 7698 
21282 16233 22050 7702 
21293 16245 22054 7702 
21302 16247 22060 7703 
21307 16252 22066 7704 
21312 16258 22073 7707 
21316 16264 22077 7711 
21319 16273 22086 7712 
21327 16277 22094 7715 
21332 16281 22103 7716 
21336 16287 22111 7719 
21340 16291 22119 7721 
21345 16299 22124 7722 
21352 16304 22129 7725 
21360 16311 22133 7726 
21366 16315 22139 7729 
21371 16324 22142 7731 
21378 16332 22149 7733 
21385 16337 22152 7737 
21393 16344 22160 7740 
21399 16347 22166 7743 
21411 16351 22171 7747 
21419 16355 22175 7750 
21424 16357 22181 7751 
21432 16362 22191 7753 
21436 16364 22197 7756 
21440 16370 22204 7757 
21448 16374 22209 7760 
21453 16383 22212 7763 
21460 16386 22217 7766 
21464 16394 22225 7769 
21472 16396 22231 7770 
21478 16398 22236 7772 
21484 16410 22245 7775 
21490 16414 22253 7777 
21499 16421 22259 7778 
21507 16423 22263 7781 
21511 16426 22269 7783 
21517 16433 22277 7785 
21521 16436 22278 7788 
21528 16440 22284 7790 
21531 16445 22287 7792 
21536 16450 22294 7795 
21542 16458 22301 7797 
21545 16462 22304 7801 
21546 16468 22313 7801 
21555 16477 22322 7803 
21560 16484 22327 7805 
21569 16488 22334 7805 
21578 16495 22342 7806 
21585 16499 22349 7809 
21595 16502 22356 7810 
21601 16504 22362 7812 
21613 16507 22366 7812 
21624 16514 22372 7817 
21629 16518 22377 7818 
21633 16522 22382 7819 
21643 16525 22385 7823 
21647 16531 22388 7823 
21650 16532 22392 7823 
21656 16536 22399 7828 
21667 16541 22404 7828 
21673 16545 22407 7831 
21679 16550 22412 7833 
21689 16555 22418 7836 
21695 16560 22424 7838 
21707 16563 22430 7840 
21715 16572 22433 7841 
21721 16575 22443 7845 
21725 16583 22448 7847 
21729 16589 22456 7850 
21733 16593 22459 7853 
21737 16601 22465 7857 
21747 16608 22473 7860 
21752 16616 22481 7862 
21757 16620 22485 7862 
21761 16623 22489 7863 
21765 16628 22495 7869 
21775 16637 22499 7870 
21779 16644 22506 7873 
21788 16649 22512 7877 
21789 16654 22518 7879 
21796 16658 22526 7881 
21806 16664 22535 7882 
21812 16664 22543 7886 
21816 16669 22547 7887 
21824 16674 22558 7890 
21829 16678 22569 7893 
21835 16681 22572 7894 
21839 16686 22581 7896 
21846 16694 22587 7903 
21851 16699 22595 7905 
21856 16705 22606 7906 
21864 16714 22615 7910 
21869 16719 22621 7912 
21873 16724 22625 7917 
21881 16727 22631 7918 
21887 16731 22635 7920 
21889 16735 22643 7922 
21895 16739 22649 7923 
21901 16747 22657 7925 
21912 16751 22662 7927 
21918 16761 22664 7927 
21924 16768 22671 7930 
21928 16773 22678 7931 
21936 16781 22684 7932 
21940 16785 22694 7933 
21949 16796 22703 7935 
21957 16802 22708 7938 
21965 16804 22713 7941 
21969 16807 22720 7941 
21975 16811 22729 7943 
21979 16816 22735 7944 
21983 16819 22746 7945 
21987 16825 22751 7949 
21995 16828 22756 7950 
21997 16830 22763 7953 
22004 16841 22770 7955 
22010 16842 22776 7955 
22014 16847 22783 7956 
22023 16849 22790 7957 
22034 16852 22804 7958 
22040 16854 22808 7960 
22046 16859 22813 7964 
22046 16867 22823 7967 
22054 16873 22828 7969 
22060 16877 22834 7972 
22063 16879 22837 7973 
22066 16887 22846 7977 
22068 16889 22850 7981 
22077 16894 22853 7982 
22082 16900 22863 7983 
22086 16905 22867 7984 
22098 16910 22876 7986 
22099 16915 22881 7988 
22112 16917 22887 7990 
22115 16923 22892 7994 
22119 16928 22898 7999 
22129 16934 22901 8002 
22136 16937 22905 8003 
22145 16944 22911 8006 
22150 16947 22914 8008 
22152 16950 22923 8009 
22163 16953 22929 8012 
22163 16955 22934 8013 
22170 16959 22941 8015 
22178 16963 22947 8018 
22185 16968 22953 8018 
22190 16973 22959 8019 
22196 16974 22967 8022 
22203 16978 22978 8023 
22207 16983 22985 8025 
22217 16994 22993 8029 
22225 16998 22999 8034 
22227 17003 23006 8035 
22235 17005 23013 8035 
22242 17009 23020 8040 
