0 0 0 0 
5 4 3 0 
8 6 4 1 
12 14 9 2 
18 17 16 4 
22 19 18 6 
28 23 23 8 
33 28 31 10 
36 32 42 14 
43 34 48 14 
52 37 54 17 
58 40 60 17 
70 41 66 18 
79 45 69 20 
85 49 74 21 
88 56 81 22 
92 59 84 24 
94 60 88 25 
96 63 91 28 
100 67 97 30 
107 70 107 32 
113 72 116 35 
116 75 120 38 
121 80 131 39 
131 87 140 43 
135 91 143 44 
141 95 149 46 
152 99 151 48 
157 102 153 48 
164 105 159 49 
170 108 166 51 
175 109 173 52 
184 114 180 53 
185 115 186 57 
196 118 191 63 
201 123 199 64 
208 131 202 65 
214 134 209 67 
223 138 213 70 
228 142 217 72 
243 144 221 74 
250 150 231 74 
260 151 234 76 
270 156 242 76 
274 162 245 76 
282 164 249 77 
289 167 258 79 
296 171 262 79 
306 175 268 80 
315 178 276 82 
321 181 279 84 
326 186 280 86 
334 187 285 89 
339 188 290 92 
344 192 294 94 
347 197 300 94 
348 200 306 94 
354 204 310 94 
363 211 316 96 
367 214 317 99 
374 222 322 101 
379 226 330 104 
381 228 335 108 
389 229 340 110 
390 231 348 110 
397 233 354 110 
399 236 361 110 
403 238 367 112 
409 241 371 114 
417 247 375 115 
423 251 379 118 
428 258 386 121 
436 262 392 121 
439 264 399 124 
446 267 408 125 
450 268 413 127 
457 270 418 130 
460 274 423 132 
463 282 426 135 
468 291 432 137 
474 293 437 140 
479 296 444 140 
487 300 447 141 
494 302 450 142 
499 306 455 143 
508 309 459 144 
512 310 463 147 
519 312 474 148 
527 315 481 151 
533 321 486 152 
541 322 492 153 
544 327 496 158 
547 328 498 160 
554 330 503 163 
563 334 506 165 
569 335 509 166 
574 340 510 169 
585 344 519 170 
591 345 522 171 
599 347 528 172 
603 348 535 173 
608 352 541 177 
614 355 542 178 
620 360 551 178 
625 365 556 178 
630 369 558 180 
638 373 564 180 
640 380 571 181 
646 383 577 182 
651 385 588 186 
657 393 595 186 
660 400 598 186 
668 401 604 189 
673 404 608 192 
680 408 613 192 
686 411 619 194 
688 415 629 197 
692 420 631 197 
700 424 637 198 
704 428 645 199 
709 432 652 202 
715 436 655 202 
719 440 660 202 
721 443 664 203 
727 443 668 204 
733 445 672 204 
737 446 676 204 
741 449 680 207 
745 451 687 210 
749 455 693 212 
752 458 697 213 
760 463 701 215 
763 467 705 217 
767 471 714 219 
773 471 716 220 
777 472 721 222 
781 475 725 224 
787 478 731 225 
792 483 738 226 
796 487 747 227 
804 489 752 228 
810 490 760 230 
819 492 764 232 
826 496 769 237 
836 503 774 239 
841 505 778 242 
847 511 782 244 
853 514 784 245 
858 520 791 248 
863 523 796 250 
867 524 802 250 
869 530 808 250 
874 534 811 252 
879 540 812 255 
888 545 815 258 
893 548 822 261 
900 555 828 264 
908 557 831 267 
917 560 833 269 
925 564 839 274 
931 567 843 276 
939 568 847 277 
943 570 856 279 
949 575 858 284 
953 581 860 288 
961 590 863 289 
966 596 868 291 
970 597 876 294 
979 602 878 295 
983 603 881 297 
988 609 885 299 
993 613 890 300 
997 618 897 304 
1002 624 903 310 
1005 629 909 310 
1012 635 919 312 
1018 637 921 314 
1022 641 928 315 
1026 647 933 316 
1028 649 938 317 
1033 653 943 318 
1038 656 949 318 
1045 660 957 318 
1053 663 964 321 
1058 667 971 321 
1061 669 974 323 
1064 671 983 324 
1072 673 990 325 
1076 676 998 325 
1079 681 1006 326 
1085 686 1013 330 
1095 688 1015 333 
1101 691 1021 336 
1105 698 1027 339 
1110 701 1028 341 
1113 704 1036 343 
1115 707 1040 346 
1121 712 1049 348 
1128 715 1054 350 
1129 719 1060 352 
1131 721 1067 355 
1136 725 1072 359 
1142 727 1081 363 
1148 732 1086 365 
1152 735 1089 365 
1159 741 1099 367 
1162 744 1106 369 
1165 748 1108 371 
1168 754 1113 374 
1172 757 1118 374 
1178 761 1121 379 
1184 766 1127 380 
1191 769 1131 382 
1200 776 1138 384 
1205 778 1145 387 
1208 783 1149 388 
1216 789 1153 388 
1221 792 1159 390 
1230 798 1163 391 
1235 800 1166 392 
1243 804 1175 393 
1244 811 1178 394 
1250 814 1182 396 
1256 817 1186 396 
1268 821 1191 398 
1271 823 1196 400 
1276 826 1201 402 
1281 828 1207 405 
1289 831 1214 408 
1292 836 1219 410 
1295 837 1225 411 
1305 842 1231 417 
1308 845 1237 421 
1315 850 1246 423 
1319 853 1248 425 
1322 858 1251 428 
1327 862 1257 430 
1329 865 1261 432 
1335 866 1265 435 
1339 868 1268 436 
1348 872 1275 436 
1353 880 1277 436 
1361 883 1281 439 
1366 883 1289 440 
1368 886 1294 440 
1375 890 1302 441 
1380 895 1304 444 
1383 899 1306 448 
1387 903 1311 451 
1391 906 1315 452 
1399 908 1316 455 
1403 912 1326 457 
1410 918 1336 459 
1416 922 1338 460 
1420 925 1346 461 
1428 930 1350 464 
1436 936 1357 468 
1444 938 1366 470 
1446 942 1370 470 
1451 945 1374 471 
1454 947 1378 472 
1459 949 1383 474 
1462 953 1388 475 
1464 957 1394 476 
1474 958 1404 478 
1482 963 1406 481 
1487 969 1412 482 
1494 972 1414 484 
1497 976 1417 484 
1501 979 1421 485 
1504 983 1424 486 
1509 984 1432 487 
1516 985 1435 488 
1523 989 1440 488 
1528 991 1446 489 
1540 998 1450 489 
1543 1004 1452 490 
1545 1006 1458 491 
1552 1011 1464 493 
1556 1015 1471 494 
1559 1021 1477 498 
1567 1027 1481 500 
1572 1028 1488 503 
1576 1034 1493 503 
1583 1038 1496 503 
1585 1044 1502 506 
1592 1049 1510 507 
1598 1051 1514 507 
1602 1051 1519 508 
1606 1057 1522 510 
1609 1059 1524 512 
1618 1063 1530 512 
1628 1065 1533 516 
1635 1070 1540 517 
1643 1074 1546 519 
1644 1080 1549 520 
1648 1082 1556 521 
1651 1087 1557 522 
1656 1092 1561 524 
1662 1096 1565 528 
1669 1101 1571 531 
1679 1105 1580 531 
1688 1107 1584 533 
1692 1111 1590 534 
1697 1114 1596 537 
1705 1118 1601 541 
1710 1122 1607 546 
1713 1125 1609 548 
1719 1129 1614 549 
1725 1130 1620 550 
1730 1133 1626 552 
1735 1137 1632 554 
1742 1142 1635 554 
1746 1143 1639 555 
1753 1147 1648 556 
1757 1150 1654 559 
1760 1157 1657 559 
1764 1161 1662 563 
1772 1163 1671 563 
1778 1167 1675 566 
1785 1168 1677 568 
1792 1172 1681 570 
1797 1176 1689 575 
1799 1178 1691 576 
1807 1184 1698 580 
1813 1192 1703 581 
1818 1196 1707 581 
1827 1201 1710 582 
1836 1205 1712 588 
1843 1209 1715 589 
1848 1212 1721 591 
1855 1217 1728 595 
1865 1220 1736 596 
1869 1222 1740 596 
1871 1222 1745 598 
1875 1225 1749 598 
1881 1227 1757 602 
1887 1229 1762 604 
1895 1231 1766 606 
1900 1232 1776 609 
1904 1233 1779 612 
1910 1236 1789 614 
1917 1243 1793 615 
1926 1249 1801 617 
1930 1252 1811 620 
1938 1256 1816 621 
1942 1259 1821 623 
1947 1260 1828 623 
1952 1264 1833 625 
1959 1271 1840 629 
1966 1275 1848 631 
1971 1281 1855 632 
1978 1285 1861 633 
1982 1292 1864 635 
1992 1294 1871 637 
2000 1302 1874 637 
2007 1307 1879 640 
2012 1311 1880 642 
2015 1316 1886 643 
2019 1320 1892 647 
2025 1327 1900 650 
2037 1330 1906 651 
2040 1333 1909 654 
2050 1336 1910 654 
2057 1344 1913 657 
2060 1347 1916 661 
2069 1351 1919 661 
2074 1355 1922 662 
2076 1362 1926 664 
2078 1367 1932 667 
2083 1371 1937 670 
2088 1376 1945 671 
2098 1378 1948 674 
2100 1383 1956 674 
2105 1385 1959 674 
2108 1389 1963 677 
2112 1392 1971 679 
2115 1393 1977 684 
2120 1396 1985 686 
2124 1398 1988 689 
2128 1401 1995 692 
2132 1405 2003 694 
2137 1408 2010 694 
2143 1413 2017 694 
2150 1421 2024 696 
2153 1425 2028 698 
2158 1429 2034 701 
2161 1433 2038 702 
2173 1434 2044 703 
2176 1436 2050 704 
2185 1438 2058 704 
2191 1440 2065 706 
2194 1443 2070 706 
2199 1449 2076 708 
2201 1451 2082 709 
2210 1455 2094 710 
2211 1458 2099 711 
2214 1461 2101 712 
2221 1464 2104 714 
2228 1466 2107 716 
2237 1468 2110 718 
2242 1470 2114 719 
2246 1476 2119 721 
2252 1481 2123 722 
2259 1485 2125 725 
2268 1486 2130 729 
2269 1492 2139 733 
2275 1494 2146 736 
2283 1498 2150 737 
2288 1500 2159 737 
2293 1504 2167 738 
2297 1512 2167 738 
2301 1513 2171 740 
2305 1518 2179 743 
2309 1521 2187 748 
2313 1527 2191 749 
2319 1530 2191 749 
2326 1537 2194 750 
2330 1542 2199 751 
2335 1544 2203 752 
2339 1547 2208 753 
2343 1550 2212 755 
2351 1552 2217 758 
2353 1557 2220 760 
2358 1561 2226 761 
2364 1566 2233 762 
2370 1570 2238 764 
2376 1576 2244 766 
2387 1582 2247 769 
2393 1585 2255 770 
2402 1586 2264 770 
2405 1590 2267 770 
2406 1592 2274 774 
2413 1595 2278 778 
2416 1599 2280 781 
2420 1605 2282 784 
2423 1607 2289 787 
2435 1610 2296 790 
2441 1615 2297 790 
2447 1622 2300 793 
2455 1627 2306 795 
2462 1631 2314 796 
2466 1633 2320 798 
2468 1638 2325 798 
2476 1641 2330 805 
2483 1645 2334 806 
2489 1649 2338 808 
2497 1653 2340 811 
2499 1660 2345 812 
2509 1663 2354 814 
2516 1666 2356 816 
2521 1676 2360 819 
2527 1676 2364 819 
2530 1678 2373 822 
2532 1681 2378 826 
2537 1682 2384 826 
2542 1687 2394 827 
2549 1690 2402 827 
2561 1695 2409 831 
2568 1699 2420 833 
2571 1703 2424 837 
2575 1704 2431 837 
2581 1712 2433 839 
2584 1714 2438 843 
2590 1719 2441 843 
2594 1723 2447 845 
2599 1729 2454 848 
2604 1731 2461 851 
2609 1735 2466 853 
2615 1737 2469 855 
2618 1741 2472 855 
2624 1746 2477 860 
2624 1749 2480 860 
2627 1752 2484 862 
2633 1754 2487 864 
2642 1759 2490 867 
2646 1765 2494 867 
2651 1765 2503 869 
2656 1769 2507 870 
2656 1773 2512 870 
2666 1778 2519 872 
2669 1781 2524 873 
2672 1790 2526 874 
2680 1795 2527 875 
2687 1799 2532 877 
2693 1801 2537 879 
2702 1804 2538 881 
2706 1809 2542 885 
2710 1812 2546 889 
2715 1815 2550 893 
2721 1819 2552 895 
2731 1824 2560 896 
2739 1828 2563 896 
2745 1832 2564 897 
2753 1839 2569 901 
2759 1842 2575 902 
2769 1846 2579 902 
2777 1846 2584 902 
2783 1847 2589 902 
2787 1852 2594 903 
2793 1854 2597 906 
2798 1863 2606 910 
2802 1866 2609 912 
2810 1869 2613 913 
2811 1872 2620 914 
2816 1876 2626 917 
2821 1883 2630 917 
2827 1888 2633 917 
2833 1891 2637 918 
2837 1896 2643 918 
2841 1900 2650 924 
2844 1907 2657 927 
2852 1913 2660 929 
2854 1916 2667 931 
2861 1919 2672 935 
2866 1925 2680 937 
2869 1930 2686 937 
2873 1935 2690 938 
2882 1936 2697 940 
2891 1939 2701 943 
2895 1943 2703 946 
2904 1950 2704 947 
2907 1953 2707 949 
2910 1955 2708 951 
2914 1958 2712 953 
2917 1962 2715 955 
2921 1963 2723 959 
2924 1966 2729 960 
2930 1972 2737 962 
2934 1975 2745 965 
2940 1976 2749 966 
2941 1983 2755 969 
2951 1989 2756 969 
2954 1991 2759 970 
2961 1997 2765 971 
2967 2008 2772 972 
2972 2012 2777 975 
2977 2014 2779 976 
2981 2017 2786 978 
2983 2021 2790 981 
2987 2025 2794 984 
2995 2028 2804 984 
3001 2031 2811 987 
3007 2036 2813 988 
3008 2040 2816 989 
3012 2040 2819 990 
3018 2045 2824 992 
3021 2050 2826 993 
3025 2056 2831 994 
3035 2057 2838 997 
3037 2061 2846 1001 
3046 2061 2848 1003 
3053 2066 2855 1006 
3056 2069 2862 1007 
3063 2073 2866 1010 
3071 2074 2877 1012 
3077 2076 2883 1013 
3080 2081 2889 1014 
3086 2082 2893 1016 
3092 2088 2896 1018 
3098 2090 2902 1019 
3101 2094 2908 1019 
3113 2100 2911 1019 
3116 2104 2912 1020 
3123 2107 2916 1021 
3128 2109 2920 1023 
3133 2113 2923 1027 
3137 2120 2924 1029 
3144 2127 2928 1029 
3148 2129 2931 1034 
3150 2133 2941 1034 
3155 2135 2947 1034 
3163 2138 2953 1036 
3164 2141 2957 1039 
3166 2147 2962 1040 
3169 2150 2968 1040 
3175 2154 2974 1041 
3179 2160 2977 1044 
3183 2164 2981 1044 
3189 2170 2989 1048 
3196 2174 2995 1048 
3198 2179 3002 1048 
3201 2182 3007 1050 
3206 2188 3011 1050 
3209 2190 3016 1051 
3217 2194 3019 1055 
3219 2199 3024 1058 
3227 2202 3029 1063 
3232 2204 3033 1064 
3234 2210 3037 1066 
3241 2215 3043 1066 
3246 2222 3048 1068 
3248 2225 3052 1068 
3253 2226 3056 1070 
3256 2231 3061 1071 
3260 2235 3068 1072 
3268 2240 3076 1074 
3272 2241 3079 1076 
3275 2244 3085 1079 
3278 2248 3090 1081 
3284 2253 3099 1081 
3284 2260 3104 1084 
3290 2262 3110 1085 
3298 2267 3117 1085 
3298 2270 3122 1088 
3305 2273 3125 1088 
3307 2275 3129 1090 
3310 2277 3135 1094 
3314 2281 3143 1096 
3320 2282 3150 1098 
3324 2285 3154 1101 
3331 2289 3157 1102 
3339 2295 3163 1105 
3341 2299 3168 1107 
3349 2303 3173 1109 
3350 2307 3179 1111 
3355 2312 3183 1115 
3358 2316 3193 1116 
3363 2319 3195 1119 
3368 2322 3199 1120 
3373 2332 3206 1124 
3376 2336 3219 1126 
3383 2341 3223 1128 
3386 2344 3228 1128 
3389 2346 3233 1130 
3395 2350 3236 1134 
3399 2354 3244 1135 
3407 2356 3250 1135 
3414 2359 3252 1135 
3417 2361 3262 1136 
3421 2364 3269 1137 
3427 2365 3275 1138 
3429 2367 3283 1142 
3432 2374 3286 1144 
3436 2380 3290 1146 
3445 2382 3296 1148 
3452 2386 3306 1148 
3458 2387 3309 1150 
3461 2391 3320 1151 
3463 2396 3323 1152 
3474 2397 3329 1152 
3483 2402 3333 1154 
3490 2405 3335 1154 
3497 2409 3340 1156 
3505 2411 3345 1156 
3509 2415 3350 1157 
3513 2419 3360 1157 
3517 2423 3365 1159 
3522 2427 3372 1160 
3528 2431 3376 1162 
3533 2432 3381 1163 
3535 2433 3387 1163 
3539 2438 3392 1164 
3548 2441 3398 1167 
3553 2443 3402 1170 
3562 2446 3411 1171 
3568 2451 3415 1172 
3571 2455 3421 1176 
3576 2457 3428 1176 
3583 2460 3432 1177 
3587 2465 3439 1178 
3596 2469 3448 1182 
3598 2475 3455 1184 
3603 2478 3459 1184 
3609 2484 3464 1185 
3614 2489 3475 1185 
3617 2491 3480 1187 
3619 2492 3483 1189 
3626 2495 3488 1192 
3635 2497 3492 1192 
3642 2501 3500 1194 
3648 2508 3506 1197 
3655 2511 3515 1197 
3659 2515 3521 1200 
3663 2517 3525 1202 
3670 2518 3530 1205 
3677 2521 3537 1206 
3684 2524 3542 1208 
3689 2527 3543 1209 
3694 2531 3550 1211 
3699 2535 3555 1212 
3706 2540 3557 1213 
3711 2542 3561 1218 
3711 2548 3566 1220 
3720 2551 3572 1222 
3726 2555 3579 1223 
3731 2559 3579 1224 
3737 2565 3583 1225 
3741 2567 3587 1226 
3742 2571 3591 1228 
3745 2574 3599 1229 
3750 2576 3604 1230 
3757 2581 3612 1232 
3760 2586 3615 1233 
3767 2592 3619 1234 
3778 2597 3627 1237 
3784 2602 3634 1237 
3791 2606 3642 1238 
3795 2609 3653 1241 
3798 2612 3660 1243 
3802 2612 3665 1244 
3803 2615 3669 1246 
3811 2619 3671 1249 
3815 2624 3678 1252 
3822 2628 3682 1253 
3828 2631 3687 1253 
3834 2632 3692 1254 
3839 2635 3696 1255 
3844 2637 3699 1258 
3851 2639 3705 1262 
3854 2644 3707 1266 
3860 2648 3711 1270 
3864 2654 3716 1273 
3867 2659 3722 1275 
3873 2665 3728 1276 
3881 2673 3731 1278 
3882 2679 3744 1281 
3894 2682 3747 1282 
3898 2686 3756 1284 
3900 2691 3760 1286 
3908 2695 3765 1287 
3915 2699 3771 1289 
3919 2700 3776 1292 
3927 2706 3781 1292 
3937 2710 3788 1295 
3942 2712 3797 1296 
3944 2716 3802 1298 
3951 2721 3809 1299 
3954 2724 3817 1301 
3957 2725 3822 1304 
3962 2727 3827 1305 
3969 2729 3832 1306 
3975 2733 3833 1313 
3979 2736 3839 1316 
3985 2736 3848 1317 
3992 2740 3851 1321 
3993 2745 3855 1323 
3999 2745 3861 1325 
4005 2748 3866 1326 
4011 2754 3871 1327 
4016 2759 3878 1333 
4019 2762 3882 1333 
4023 2766 3890 1333 
4033 2769 3898 1334 
4037 2773 3903 1336 
4044 2779 3905 1336 
4047 2781 3914 1337 
4050 2783 3919 1338 
4057 2785 3923 1342 
4060 2788 3925 1345 
4062 2796 3931 1346 
4070 2801 3937 1348 
4076 2804 3944 1349 
4081 2811 3946 1349 
4082 2817 3950 1351 
4084 2820 3960 1352 
4093 2824 3966 1355 
4098 2828 3969 1356 
4100 2831 3974 1361 
4106 2835 3982 1365 
4114 2839 3986 1366 
4122 2843 3989 1369 
4128 2847 3996 1370 
4129 2850 4001 1373 
4132 2850 4005 1374 
4139 2852 4012 1375 
4143 2856 4017 1377 
4145 2859 4020 1378 
4148 2862 4023 1380 
4152 2869 4031 1385 
4158 2878 4032 1385 
4164 2885 4040 1388 
4170 2892 4045 1390 
4175 2898 4052 1392 
4179 2902 4058 1392 
4190 2903 4061 1392 
4197 2906 4070 1392 
4205 2910 4074 1396 
4210 2915 4078 1396 
4215 2916 4084 1396 
4218 2919 4087 1396 
4225 2923 4095 1397 
4230 2928 4109 1397 
4234 2934 4123 1397 
4243 2939 4126 1402 
4247 2943 4133 1402 
4251 2948 4141 1404 
4255 2952 4145 1408 
4257 2958 4152 1409 
4259 2961 4161 1412 
4264 2967 4171 1415 
4268 2970 4178 1416 
4279 2975 4183 1418 
4284 2976 4190 1421 
4290 2982 4195 1424 
4299 2987 4200 1425 
4305 2989 4204 1426 
4310 2994 4205 1426 
4316 3000 4209 1426 
4321 3004 4217 1426 
4330 3007 4223 1427 
4341 3010 4225 1431 
4344 3016 4228 1433 
4351 3018 4233 1435 
4354 3022 4238 1437 
4361 3023 4248 1439 
4369 3026 4254 1440 
4374 3029 4258 1443 
4381 3036 4262 1443 
4388 3040 4264 1444 
4392 3043 4268 1448 
4397 3049 4273 1448 
4400 3054 4279 1450 
4406 3056 4286 1454 
4415 3060 4296 1454 
4422 3063 4303 1455 
4427 3068 4306 1456 
4431 3071 4310 1457 
4437 3076 4316 1459 
4443 3084 4320 1460 
4447 3087 4325 1462 
4451 3088 4333 1463 
4457 3090 4338 1464 
4463 3092 4342 1466 
4471 3094 4346 1468 
4475 3097 4351 1470 
4480 3102 4354 1470 
4490 3106 4356 1472 
4497 3113 4361 1474 
4504 3116 4367 1478 
4511 3123 4375 1479 
4516 3128 4380 1481 
4529 3131 4386 1482 
4532 3136 4389 1485 
4537 3144 4394 1487 
4541 3149 4395 1487 
4547 3153 4401 1488 
4552 3157 4409 1489 
4556 3161 4417 1490 
4560 3165 4424 1491 
4565 3170 4427 1491 
4570 3173 4436 1493 
4572 3177 4440 1496 
4579 3179 4447 1497 
4583 3182 4453 1500 
4589 3183 4463 1501 
4594 3190 4469 1504 
4607 3195 4476 1507 
4609 3200 4482 1507 
4613 3202 4486 1508 
4618 3208 4494 1513 
4619 3209 4498 1515 
4621 3211 4504 1518 
4627 3215 4506 1519 
4636 3219 4512 1519 
4641 3219 4522 1521 
4645 3224 4527 1524 
4653 3228 4533 1525 
4662 3228 4543 1528 
4668 3232 4550 1530 
4675 3235 4553 1532 
4678 3236 4563 1533 
4686 3238 4568 1534 
4693 3242 4575 1538 
4694 3247 4578 1540 
4700 3249 4585 1540 
4704 3254 4589 1540 
4713 3255 4595 1542 
4719 3260 4600 1543 
4724 3268 4603 1545 
4729 3274 4607 1548 
4734 3277 4608 1551 
4743 3280 4615 1553 
4749 3288 4621 1555 
4756 3294 4627 1559 
4761 3298 4631 1564 
4768 3302 4639 1571 
4774 3303 4649 1573 
4781 3306 4658 1574 
4791 3308 4665 1577 
4793 3311 4668 1577 
4797 3315 4673 1579 
4805 3318 4681 1583 
4812 3322 4686 1584 
4816 3327 4687 1585 
4819 3331 4694 1586 
4825 3333 4695 1588 
4830 3336 4700 1588 
4833 3339 4706 1591 
4838 3343 4713 1592 
4843 3351 4720 1594 
4845 3353 4723 1596 
4851 3356 4724 1600 
4854 3363 4730 1602 
4863 3365 4732 1606 
4870 3369 4737 1610 
4874 3373 4741 1610 
4879 3382 4747 1610 
4884 3386 4754 1612 
4888 3393 4761 1615 
4893 3401 4765 1620 
4902 3407 4767 1623 
4910 3411 4768 1627 
4912 3414 4775 1627 
4914 3417 4782 1630 
4923 3420 4788 1630 
4932 3425 4795 1633 
4936 3435 4800 1634 
4940 3435 4802 1635 
4942 3437 4806 1637 
4949 3441 4810 1639 
4951 3450 4816 1642 
4958 3452 4820 1644 
4965 3460 4822 1645 
4972 3464 4830 1650 
4979 3467 4837 1654 
4989 3471 4843 1655 
4993 3474 4848 1655 
4998 3480 4851 1659 
5007 3482 4856 1661 
5014 3486 4861 1664 
5019 3488 4864 1667 
5024 3489 4869 1668 
5029 3492 4873 1670 
5037 3496 4883 1673 
5043 3498 4884 1674 
5044 3501 4889 1676 
5050 3504 4893 1680 
5052 3508 4896 1680 
5054 3510 4905 1681 
5058 3515 4910 1682 
5065 3516 4914 1684 
5069 3521 4919 1686 
5073 3532 4923 1687 
5076 3538 4933 1691 
5086 3540 4939 1692 
5093 3546 4945 1694 
5099 3552 4948 1699 
5104 3560 4951 1702 
5109 3565 4954 1704 
5118 3575 4956 1707 
5125 3581 4958 1710 
5130 3587 4965 1711 
5134 3591 4975 1711 
5141 3594 4981 1713 
5146 3595 4987 1716 
5154 3599 4990 1718 
5159 3602 4998 1718 
5167 3607 5003 1721 
5171 3613 5010 1723 
5176 3615 5013 1726 
5182 3619 5013 1731 
5189 3624 5016 1732 
5196 3627 5026 1734 
5202 3632 5031 1734 
5206 3636 5034 1735 
5210 3640 5040 1738 
5220 3642 5046 1741 
5226 3645 5050 1743 
5231 3649 5055 1745 
5238 3655 5058 1748 
5243 3659 5066 1751 
5246 3663 5075 1754 
5256 3666 5082 1756 
5262 3671 5085 1756 
5265 3675 5093 1760 
5268 3678 5096 1762 
5269 3680 5101 1764 
5276 3694 5113 1764 
5282 3697 5119 1766 
5287 3701 5128 1766 
5292 3703 5135 1768 
5296 3705 5143 1769 
5303 3710 5146 1772 
5306 3716 5151 1773 
5314 3722 5156 1773 
5320 3726 5159 1775 
5325 3731 5164 1776 
5329 3734 5170 1777 
5330 3737 5174 1778 
5339 3739 5177 1779 
5344 3746 5183 1782 
5355 3750 5186 1784 
5361 3754 5191 1785 
5369 3762 5196 1787 
5373 3763 5200 1790 
5377 3765 5203 1791 
5383 3767 5216 1792 
5388 3771 5225 1793 
5395 3777 5228 1794 
5400 3778 5231 1794 
5403 3786 5236 1798 
5406 3790 5242 1803 
5410 3792 5245 1804 
5419 3795 5250 1806 
5423 3800 5256 1808 
5427 3808 5262 1809 
5431 3811 5268 1810 
5434 3819 5275 1812 
5437 3821 5279 1815 
5441 3825 5287 1818 
5446 3829 5295 1819 
5449 3834 5303 1819 
5456 3839 5305 1819 
5458 3845 5308 1821 
5462 3851 5311 1822 
5463 3854 5321 1822 
5469 3859 5328 1823 
5472 3866 5338 1825 
5479 3870 5341 1825 
5487 3876 5344 1827 
5492 3878 5347 1828 
5497 3881 5352 1830 
5502 3887 5359 1832 
5504 3890 5363 1834 
5510 3894 5369 1836 
5513 3900 5373 1836 
5515 3903 5375 1837 
5519 3907 5379 1839 
5529 3908 5382 1841 
5534 3913 5390 1844 
5535 3921 5397 1847 
5543 3923 5404 1849 
5549 3930 5407 1850 
5555 3936 5412 1852 
5559 3943 5417 1855 
5567 3947 5421 1859 
5572 3953 5426 1861 
5577 3955 5430 1861 
5584 3959 5434 1862 
5592 3964 5440 1862 
5602 3967 5450 1865 
5603 3969 5458 1868 
5608 3974 5461 1870 
5614 3978 5467 1874 
5619 3980 5471 1875 
5626 3986 5475 1877 
5630 3993 5479 1880 
5633 3997 5484 1882 
5638 4002 5492 1888 
5646 4002 5495 1891 
5652 4002 5503 1893 
5658 4005 5511 1893 
5660 4011 5515 1894 
5663 4013 5522 1900 
5666 4019 5529 1900 
5673 4022 5535 1903 
5681 4026 5545 1907 
5690 4030 5555 1909 
5697 4033 5561 1910 
5698 4040 5565 1913 
5703 4044 5569 1914 
5708 4055 5571 1915 
5717 4060 5580 1917 
5723 4063 5588 1920 
5730 4068 5593 1923 
5734 4074 5596 1926 
5739 4081 5599 1927 
5745 4086 5602 1929 
5750 4088 5606 1930 
5757 4091 5611 1933 
5763 4098 5617 1936 
5767 4106 5619 1937 
5773 4111 5624 1940 
5780 4114 5631 1941 
5786 4121 5637 1942 
5794 4125 5643 1945 
5797 4129 5653 1947 
5802 4132 5661 1948 
5803 4137 5666 1950 
5805 4140 5673 1955 
5812 4144 5676 1957 
5815 4146 5681 1957 
5820 4153 5688 1960 
5822 4160 5692 1963 
5827 4164 5701 1967 
5832 4168 5706 1972 
5839 4172 5711 1974 
5841 4174 5714 1976 
5845 4178 5716 1978 
5851 4182 5724 1979 
5856 4186 5727 1981 
5860 4191 5731 1983 
5863 4197 5732 1983 
5867 4199 5737 1984 
5877 4200 5740 1985 
5885 4201 5747 1987 
5887 4205 5752 1987 
5891 4209 5757 1991 
5894 4214 5763 1992 
5901 4216 5769 1994 
5907 4216 5775 1996 
5912 4220 5784 1996 
5914 4222 5787 1999 
5920 4228 5795 2000 
5929 4233 5799 2000 
5932 4240 5806 2001 
5935 4246 5809 2003 
5941 4250 5811 2004 
5946 4255 5817 2007 
5951 4257 5824 2011 
5955 4261 5830 2013 
5959 4266 5832 2013 
5964 4271 5839 2014 
5968 4276 5846 2016 
5979 4278 5852 2018 
5983 4279 5857 2019 
5989 4281 5862 2021 
5992 4284 5865 2022 
5998 4290 5868 2023 
6005 4297 5876 2024 
6009 4299 5879 2026 
6012 4301 5890 2028 
6023 4303 5896 2028 
6028 4306 5901 2028 
6031 4308 5910 2030 
6038 4313 5912 2031 
6041 4315 5916 2032 
6047 4321 5923 2035 
6052 4326 5930 2037 
6055 4333 5937 2037 
6060 4340 5944 2039 
6066 4344 5946 2040 
6073 4347 5950 2042 
6076 4347 5957 2042 
6078 4349 5962 2047 
6087 4349 5969 2050 
6094 4351 5972 2052 
6100 4353 5976 2052 
6104 4356 5982 2055 
6108 4365 5988 2057 
6115 4369 5995 2057 
6122 4376 6007 2061 
6133 4381 6011 2063 
6140 4387 6019 2064 
6145 4394 6020 2066 
6149 4399 6023 2069 
6154 4409 6027 2070 
6164 4412 6037 2073 
6167 4417 6045 2073 
6172 4421 6052 2076 
6178 4423 6054 2077 
6183 4429 6060 2078 
6187 4430 6067 2079 
6192 4434 6076 2080 
6196 4436 6081 2082 
6202 4438 6084 2085 
6209 4444 6089 2088 
6216 4447 6091 2091 
6222 4453 6098 2093 
6228 4455 6102 2094 
6232 4458 6106 2095 
6238 4465 6112 2096 
6245 4469 6116 2098 
6250 4476 6120 2100 
6258 4478 6125 2101 
6262 4485 6135 2103 
6271 4489 6140 2105 
6276 4493 6143 2106 
6290 4498 6147 2110 
6294 4500 6154 2111 
6299 4506 6158 2113 
6302 4511 6163 2116 
6308 4513 6170 2117 
6311 4514 6177 2119 
6318 4521 6182 2119 
6321 4522 6186 2119 
6329 4528 6189 2121 
6333 4530 6195 2123 
6339 4534 6203 2124 
6344 4540 6205 2126 
6347 4543 6211 2132 
6353 4546 6215 2134 
6356 4550 6216 2135 
6362 4555 6223 2135 
6367 4557 6231 2136 
6369 4563 6233 2139 
6373 4567 6244 2143 
6381 4572 6248 2147 
6382 4577 6254 2147 
6388 4579 6259 2148 
6394 4583 6264 2150 
6399 4586 6268 2151 
6404 4589 6277 2156 
6408 4596 6280 2159 
6415 4602 6286 2160 
6422 4605 6292 2164 
6426 4607 6296 2166 
6430 4610 6301 2167 
6435 4613 6307 2169 
6441 4619 6312 2169 
6446 4622 6317 2171 
6457 4624 6317 2174 
6465 4630 6322 2176 
6473 4631 6329 2178 
6480 4636 6338 2183 
6484 4641 6346 2187 
6487 4647 6350 2190 
6488 4648 6351 2191 
6498 4651 6356 2191 
6503 4653 6360 2192 
6505 4660 6363 2197 
6508 4660 6364 2200 
6513 4665 6368 2201 
6518 4667 6369 2203 
6525 4668 6374 2205 
6532 4674 6379 2206 
6537 4681 6385 2208 
6542 4683 6395 2209 
6547 4686 6403 2212 
6553 4688 6412 2215 
6561 4693 6415 2217 
6567 4696 6419 2218 
6568 4700 6425 2220 
6576 4706 6431 2222 
6581 4710 6432 2223 
6585 4715 6439 2224 
6592 4721 6443 2225 
6595 4725 6445 2226 
6598 4730 6450 2228 
6603 4734 6460 2229 
6606 4737 6466 2231 
6611 4742 6468 2235 
6617 4749 6476 2237 
6621 4756 6479 2239 
6624 4760 6486 2241 
6627 4762 6489 2243 
6628 4765 6491 2246 
6631 4770 6498 2246 
6638 4774 6500 2249 
6644 4779 6502 2250 
6653 4785 6506 2252 
6658 4788 6510 2254 
6667 4794 6519 2259 
6673 4800 6526 2262 
6679 4801 6527 2263 
6687 4804 6529 2265 
6696 4808 6534 2266 
6704 4814 6541 2267 
6713 4817 6544 2270 
6714 4819 6553 2272 
6718 4821 6554 2274 
6725 4826 6559 2277 
6729 4830 6566 2280 
6736 4835 6569 2281 
6737 4835 6571 2283 
6743 4842 6573 2284 
6747 4847 6582 2288 
6751 4850 6586 2289 
6756 4856 6589 2290 
6761 4861 6592 2291 
6768 4865 6599 2292 
6771 4869 6602 2294 
6776 4874 6608 2295 
6782 4878 6613 2296 
6783 4882 6616 2299 
6785 4884 6624 2303 
6788 4886 6629 2306 
6795 4891 6634 2308 
6799 4897 6642 2310 
6803 4905 6647 2312 
6812 4913 6652 2315 
6816 4922 6657 2316 
6818 4927 6665 2317 
6824 4932 6670 2320 
6836 4932 6671 2320 
6845 4935 6677 2324 
6853 4938 6683 2326 
6857 4942 6686 2326 
6863 4946 6691 2328 
6865 4951 6696 2332 
6870 4953 6704 2336 
6872 4961 6706 2338 
6879 4963 6715 2341 
6881 4963 6719 2342 
6885 4965 6731 2343 
6890 4970 6742 2345 
6897 4973 6749 2349 
6902 4977 6752 2353 
6906 4980 6759 2356 
6912 4982 6762 2358 
6915 4987 6768 2359 
6919 4989 6774 2362 
6923 4993 6777 2366 
6929 5001 6782 2368 
6935 5003 6788 2372 
6942 5005 6790 2375 
6949 5006 6795 2377 
6954 5009 6799 2377 
6955 5012 6803 2379 
6957 5017 6810 2380 
6962 5022 6812 2383 
6965 5025 6816 2384 
6973 5030 6819 2392 
6978 5035 6823 2394 
6984 5038 6829 2396 
6987 5044 6836 2398 
6990 5046 6844 2398 
6995 5051 6847 2399 
6998 5056 6857 2403 
7006 5060 6865 2403 
7010 5063 6871 2404 
7019 5064 6875 2405 
7028 5065 6878 2405 
7034 5068 6882 2406 
7038 5071 6888 2406 
7043 5075 6895 2407 
7047 5080 6901 2407 
7052 5085 6906 2410 
7058 5087 6911 2412 
7064 5091 6915 2412 
7069 5098 6922 2413 
7075 5100 6927 2415 
7080 5104 6930 2416 
7082 5107 6937 2419 
7087 5111 6947 2421 
7093 5115 6950 2422 
7102 5117 6960 2423 
7106 5123 6964 2424 
7114 5131 6971 2425 
7120 5136 6978 2428 
7126 5139 6984 2429 
7129 5144 6988 2430 
7137 5146 6994 2430 
7138 5149 7003 2431 
7143 5152 7007 2435 
7146 5157 7017 2439 
7148 5161 7023 2443 
7151 5163 7027 2443 
7154 5169 7029 2443 
7163 5175 7034 2443 
7165 5177 7036 2443 
7174 5181 7038 2444 
7177 5184 7043 2445 
7184 5189 7049 2447 
7187 5190 7056 2449 
7193 5193 7063 2453 
7194 5196 7065 2455 
7195 5200 7068 2456 
7199 5205 7074 2458 
7208 5209 7083 2461 
7215 5213 7085 2461 
7223 5216 7089 2465 
7226 5221 7092 2468 
7231 5221 7097 2470 
7244 5225 7100 2473 
7249 5229 7102 2474 
7255 5231 7107 2475 
7256 5233 7112 2477 
7259 5237 7116 2480 
7268 5240 7124 2482 
7274 5245 7127 2487 
7281 5247 7132 2489 
7284 5255 7139 2491 
7290 5256 7147 2493 
7296 5262 7147 2494 
7297 5263 7149 2498 
7304 5270 7154 2499 
7307 5273 7160 2500 
7312 5281 7163 2501 
7317 5287 7171 2507 
7319 5290 7175 2509 
7328 5294 7183 2514 
7334 5297 7189 2515 
7341 5303 7200 2516 
7344 5308 7203 2517 
7344 5315 7208 2518 
7352 5316 7214 2518 
7357 5320 7224 2523 
7361 5325 7230 2523 
7371 5329 7237 2526 
7372 5332 7239 2526 
7377 5336 7247 2532 
7381 5340 7253 2533 
7387 5346 7258 2533 
7394 5348 7270 2536 
7399 5354 7275 2539 
7399 5359 7279 2542 
7407 5361 7281 2544 
7412 5366 7286 2544 
7418 5368 7289 2545 
7423 5371 7294 2548 
7429 5376 7298 2553 
7435 5382 7299 2554 
7438 5386 7306 2556 
7444 5389 7309 2559 
7445 5391 7318 2564 
7448 5397 7323 2565 
7452 5400 7331 2566 
7455 5403 7335 2566 
7461 5409 7339 2568 
7464 5412 7346 2570 
7472 5414 7350 2572 
7476 5417 7351 2574 
7482 5427 7358 2577 
7492 5436 7363 2577 
7495 5441 7368 2579 
7502 5445 7377 2583 
7508 5451 7382 2584 
7513 5453 7386 2587 
7517 5455 7392 2589 
7525 5462 7400 2590 
7532 5466 7402 2593 
7537 5468 7413 2593 
7542 5474 7420 2596 
7549 5478 7425 2597 
7554 5484 7428 2602 
7561 5487 7434 2603 
7562 5491 7441 2603 
7566 5493 7448 2603 
7572 5495 7454 2603 
7576 5502 7463 2605 
7580 5505 7472 2605 
7583 5508 7476 2605 
7587 5512 7480 2609 
7594 5518 7485 2613 
7596 5523 7496 2613 
7603 5529 7503 2614 
7605 5533 7507 2616 
7609 5541 7513 2617 
7614 5544 7522 2617 
7617 5546 7526 2618 
7624 5551 7531 2618 
7627 5557 7534 2619 
7632 5561 7539 2624 
7637 5564 7544 2626 
7640 5566 7546 2627 
7644 5570 7552 2627 
7648 5572 7561 2630 
7651 5577 7564 2634 
7659 5582 7570 2637 
7662 5588 7574 2640 
7669 5590 7580 2642 
7673 5603 7585 2646 
7677 5604 7588 2650 
7682 5606 7595 2652 
7691 5610 7603 2655 
7696 5612 7607 2657 
7698 5617 7611 2658 
7703 5625 7615 2658 
7708 5632 7618 2660 
7713 5634 7622 2661 
7718 5634 7625 2663 
7722 5637 7630 2664 
7730 5640 7632 2666 
7736 5645 7636 2668 
7739 5648 7639 2669 
7741 5653 7646 2672 
7752 5662 7649 2673 
7756 5667 7656 2680 
7759 5672 7662 2683 
7761 5675 7669 2683 
7764 5677 7674 2686 
7770 5680 7681 2688 
7776 5683 7692 2689 
7782 5685 7695 2690 
7788 5689 7697 2690 
7795 5694 7702 2693 
7797 5700 7705 2695 
7800 5702 7712 2696 
7806 5707 7716 2698 
7813 5712 7724 2703 
7819 5715 7729 2705 
7823 5719 7731 2708 
7825 5720 7733 2711 
7828 5724 7739 2713 
7837 5727 7749 2714 
7843 5732 7758 2717 
7848 5737 7768 2718 
7860 5741 7773 2719 
7865 5744 7780 2722 
7871 5749 7785 2724 
7878 5752 7795 2724 
7883 5760 7798 2726 
7887 5765 7806 2728 
7891 5771 7810 2731 
7898 5776 7814 2731 
7909 5781 7818 2732 
7913 5789 7823 2734 
7918 5793 7826 2736 
7923 5794 7832 2738 
7930 5796 7838 2740 
7935 5798 7841 2742 
7942 5802 7850 2744 
7950 5808 7857 2750 
7953 5816 7864 2751 
7957 5822 7868 2754 
7965 5828 7876 2755 
7969 5830 7886 2759 
7974 5835 7892 2760 
7978 5837 7902 2762 
7984 5843 7908 2763 
7991 5847 7913 2763 
7999 5854 7916 2766 
8005 5859 7926 2767 
8011 5863 7932 2768 
8017 5869 7939 2770 
8020 5873 7943 2773 
8026 5876 7946 2774 
8029 5879 7957 2775 
8034 5887 7965 2775 
8038 5891 7971 2775 
8050 5895 7974 2777 
8060 5899 7984 2778 
8066 5901 7991 2779 
8073 5906 7995 2785 
8083 5916 8003 2788 
8085 5920 8006 2790 
8093 5923 8013 2791 
8100 5927 8024 2794 
8104 5931 8026 2795 
8108 5936 8029 2796 
8112 5939 8032 2796 
8121 5942 8033 2796 
8123 5944 8039 2798 
8125 5950 8043 2802 
8132 5952 8046 2804 
8141 5959 8048 2805 
8151 5964 8055 2808 
8153 5968 8063 2811 
8159 5970 8069 2814 
8166 5972 8075 2815 
8172 5973 8083 2817 
8177 5977 8088 2820 
8180 5983 8094 2821 
8188 5987 8100 2825 
8192 5990 8106 2825 
8199 5998 8112 2825 
8210 6001 8118 2825 
8216 6010 8119 2826 
8222 6013 8127 2827 
8226 6022 8131 2829 
8233 6027 8131 2830 
8239 6035 8136 2834 
8246 6038 8138 2836 
8248 6045 8146 2836 
8256 6050 8151 2841 
8262 6055 8160 2842 
8268 6059 8168 2843 
8272 6061 8171 2845 
8274 6064 8173 2848 
8283 6069 8175 2851 
8286 6074 8179 2852 
8289 6075 8183 2855 
8294 6081 8190 2859 
8297 6087 8196 2859 
8305 6087 8199 2859 
8314 6090 8206 2862 
8317 6094 8209 2863 
8324 6099 8215 2867 
8332 6101 8220 2870 
8337 6104 8227 2871 
8343 6107 8231 2872 
8353 6112 8236 2873 
8360 6118 8238 2874 
8366 6123 8239 2876 
8374 6129 8247 2876 
8378 6133 8252 2877 
8384 6137 8259 2879 
8391 6139 8261 2880 
8395 6146 8266 2882 
8404 6149 8272 2886 
8410 6151 8281 2889 
8417 6154 8282 2889 
8430 6155 8290 2890 
8436 6162 8294 2892 
8440 6168 8296 2894 
8444 6173 8303 2897 
8453 6176 8309 2899 
8461 6177 8315 2900 
8466 6181 8327 2903 
8473 6186 8333 2906 
8476 6188 8337 2908 
8479 6192 8343 2913 
8482 6199 8351 2914 
8488 6207 8357 2916 
8495 6209 8363 2919 
8500 6212 8371 2920 
8505 6218 8375 2921 
8512 6224 8382 2924 
8517 6226 8387 2925 
8522 6232 8390 2927 
8527 6237 8399 2928 
8534 6240 8409 2929 
8542 6241 8415 2932 
8547 6243 8418 2934 
8550 6246 8421 2936 
8553 6248 8427 2937 
8559 6249 8437 2940 
8563 6254 8443 2945 
8567 6257 8445 2945 
8574 6265 8456 2949 
8585 6267 8459 2950 
8588 6274 8464 2952 
8595 6280 8465 2952 
8600 6286 8467 2957 
8605 6290 8470 2957 
8612 6292 8476 2960 
8617 6294 8482 2960 
8621 6299 8485 2961 
8628 6306 8494 2963 
8640 6309 8502 2963 
8650 6311 8512 2964 
8657 6317 8516 2966 
8662 6320 8520 2967 
8668 6324 8525 2969 
8676 6326 8532 2972 
8683 6332 8540 2973 
8689 6334 8550 2974 
8697 6340 8558 2974 
8706 6344 8562 2975 
8711 6347 8563 2978 
8718 6352 8565 2978 
8722 6355 8570 2980 
8729 6357 8573 2984 
8734 6365 8577 2984 
8743 6370 8581 2988 
8749 6372 8591 2989 
8753 6378 8599 2989 
8763 6384 8604 2991 
8773 6387 8606 2991 
8780 6388 8613 2994 
8784 6391 8619 2999 
8791 6401 8623 3001 
8798 6404 8630 3005 
8805 6408 8634 3009 
8808 6414 8637 3011 
8815 6420 8641 3015 
8821 6424 8644 3018 
8827 6429 8649 3019 
8837 6432 8656 3021 
8840 6433 8661 3023 
8842 6438 8670 3026 
8851 6444 8680 3027 
8859 6448 8683 3028 
8863 6455 8691 3029 
8870 6462 8694 3030 
8881 6464 8700 3030 
8890 6469 8702 3031 
8894 6472 8705 3033 
8898 6475 8713 3035 
8907 6480 8719 3037 
8911 6484 8728 3038 
8915 6489 8735 3040 
8920 6497 8741 3044 
8932 6504 8745 3045 
8935 6514 8751 3047 
8938 6521 8759 3050 
8941 6528 8766 3054 
8943 6530 8773 3060 
8946 6536 8779 3063 
8949 6538 8785 3067 
8952 6545 8790 3071 
8958 6548 8797 3073 
8960 6551 8802 3076 
8967 6556 8806 3078 
8972 6560 8814 3078 
8979 6563 8822 3078 
8986 6566 8824 3079 
8994 6571 8834 3083 
9003 6574 8835 3085 
9008 6580 8845 3087 
9014 6584 8849 3088 
9023 6591 8852 3090 
9029 6592 8856 3092 
9032 6597 8860 3096 
9040 6604 8864 3099 
9043 6608 8867 3103 
9051 6610 8870 3105 
9056 6610 8873 3106 
9062 6613 8879 3109 
9067 6617 8883 3111 
9074 6618 8890 3111 
9077 6620 8894 3114 
9082 6628 8898 3116 
9086 6636 8902 3119 
9091 6642 8905 3120 
9094 6647 8912 3121 
9099 6650 8915 3124 
9105 6659 8920 3124 
9110 6664 8931 3126 
9116 6669 8939 3127 
9118 6672 8946 3129 
9120 6678 8951 3134 
9130 6683 8953 3139 
9132 6688 8959 3141 
9139 6693 8969 3143 
9146 6698 8972 3143 
9156 6702 8979 3147 
9166 6705 8987 3149 
9170 6709 8993 3150 
9176 6712 8998 3152 
9178 6718 9005 3153 
9183 6724 9012 3157 
9188 6727 9016 3161 
9193 6731 9028 3162 
9197 6734 9035 3163 
9205 6737 9043 3163 
9213 6743 9051 3164 
9220 6747 9053 3167 
9226 6751 9058 3168 
9230 6756 9061 3171 
9234 6760 9066 3172 
9238 6761 9075 3173 
9244 6766 9079 3175 
9248 6770 9084 3177 
9254 6779 9089 3181 
9257 6785 9092 3183 
9267 6789 9097 3185 
9273 6791 9106 3186 
9278 6794 9111 3187 
9283 6799 9113 3188 
9292 6804 9121 3189 
9299 6805 9129 3190 
9302 6805 9132 3192 
9314 6812 9138 3192 
9318 6817 9142 3194 
9325 6823 9147 3196 
9333 6828 9153 3198 
9339 6833 9161 3201 
9350 6837 9167 3201 
9352 6840 9172 3205 
9354 6840 9174 3207 
9360 6842 9181 3210 
9362 6846 9188 3213 
9371 6853 9194 3215 
9377 6857 9195 3219 
9384 6859 9203 3219 
9392 6863 9209 3219 
9399 6871 9213 3222 
9402 6873 9217 3224 
9405 6875 9225 3225 
9414 6882 9231 3226 
9422 6888 9243 3227 
9427 6894 9248 3228 
9433 6900 9255 3231 
9437 6902 9258 3232 
9442 6905 9260 3233 
9447 6906 9270 3234 
9456 6911 9276 3237 
9461 6914 9282 3239 
9464 6919 9290 3240 
9468 6929 9295 3243 
9473 6932 9303 3245 
9483 6937 9313 3246 
9486 6942 9318 3249 
9489 6943 9320 3250 
9490 6946 9330 3251 
9494 6948 9338 3251 
9496 6949 9346 3252 
9503 6957 9349 3256 
9512 6962 9353 3258 
9515 6969 9360 3260 
9522 6973 9367 3262 
9525 6976 9377 3267 
9532 6978 9384 3270 
9542 6979 9389 3270 
9548 6982 9394 3272 
9554 6987 9402 3275 
9562 6995 9408 3277 
9569 7001 9412 3280 
9573 7012 9420 3283 
9575 7015 9422 3284 
9584 7024 9427 3287 
9590 7029 9431 3290 
9593 7032 9435 3294 
9598 7036 9440 3296 
9603 7039 9447 3297 
9608 7044 9450 3299 
9612 7049 9454 3300 
9617 7052 9458 3304 
9621 7057 9462 3309 
9628 7060 9466 3314 
9632 7062 9474 3315 
9639 7065 9478 3316 
9647 7069 9481 3319 
9656 7071 9486 3319 
9661 7075 9491 3322 
9669 7077 9498 3323 
9674 7083 9505 3324 
9680 7089 9510 3326 
9684 7092 9514 3329 
9689 7096 9526 3331 
9692 7100 9528 3333 
9697 7103 9536 3335 
9701 7109 9546 3338 
9704 7112 9549 3341 
9708 7118 9556 3342 
9715 7121 9564 3345 
9727 7125 9570 3347 
9734 7131 9578 3349 
9738 7133 9583 3353 
9741 7136 9591 3356 
9745 7144 9602 3358 
9751 7146 9608 3358 
9756 7148 9617 3360 
9763 7153 9626 3360 
9765 7158 9634 3362 
9775 7166 9641 3363 
9778 7168 9646 3365 
9780 7172 9652 3365 
9783 7174 9657 3368 
9785 7177 9664 3369 
9788 7179 9672 3372 
9799 7182 9678 3373 
9803 7188 9686 3375 
9811 7191 9690 3376 
9813 7194 9694 3379 
9822 7200 9703 3381 
9827 7204 9708 3384 
9829 7209 9712 3386 
9837 7214 9717 3387 
9844 7218 9727 3388 
9849 7223 9732 3389 
9853 7229 9737 3390 
9860 7231 9742 3393 
9864 7236 9743 3394 
9868 7239 9748 3396 
9870 7248 9755 3398 
9878 7250 9764 3400 
9884 7253 9773 3403 
9888 7261 9781 3405 
9889 7263 9787 3408 
9895 7266 9794 3409 
9902 7270 9799 3411 
9908 7273 9801 3415 
9912 7277 9804 3418 
9916 7286 9811 3419 
9921 7289 9816 3420 
9926 7290 9819 3422 
9931 7293 9825 3424 
9935 7299 9834 3424 
9938 7302 9839 3428 
9944 7307 9843 3430 
9948 7312 9847 3432 
9954 7315 9848 3433 
9956 7318 9854 3435 
9964 7323 9857 3437 
9966 7326 9863 3439 
9972 7331 9870 3440 
9982 7335 9874 3442 
9989 7337 9882 3446 
9999 7339 9887 3449 
10006 7343 9891 3450 
10011 7347 9897 3453 
10021 7352 9906 3454 
10028 7360 9909 3456 
10032 7364 9916 3459 
10037 7368 9921 3462 
10046 7371 9926 3465 
10050 7377 9931 3468 
10053 7381 9939 3470 
10055 7385 9947 3473 
10062 7389 9955 3474 
10066 7392 9960 3478 
10070 7397 9964 3480 
10075 7400 9967 3481 
10080 7403 9972 3484 
10085 7406 9979 3484 
10091 7412 9985 3488 
10093 7416 9990 3490 
10100 7419 9994 3492 
10106 7421 10001 3492 
10110 7426 10009 3494 
10116 7432 10016 3494 
10119 7438 10023 3495 
10126 7443 10028 3495 
10138 7447 10032 3499 
10142 7453 10034 3502 
10149 7459 10036 3504 
10154 7464 10039 3507 
10157 7468 10044 3510 
10162 7470 10049 3510 
10167 7472 10052 3512 
10174 7480 10059 3513 
10178 7487 10065 3514 
10181 7492 10069 3514 
10190 7497 10080 3515 
10194 7500 10085 3515 
10196 7505 10089 3517 
10201 7510 10093 3518 
10206 7516 10100 3521 
10212 7518 10104 3522 
10214 7519 10109 3523 
10220 7527 10116 3527 
10224 7531 10124 3527 
10233 7534 10129 3532 
10236 7540 10136 3535 
10241 7542 10141 3537 
10246 7549 10144 3537 
10251 7552 10149 3541 
10259 7554 10153 3542 
10262 7556 10161 3544 
10272 7561 10170 3546 
10282 7567 10172 3548 
10293 7568 10179 3552 
10297 7572 10187 3552 
10302 7575 10194 3553 
10305 7583 10198 3558 
10311 7585 10203 3563 
10315 7586 10209 3565 
10316 7589 10213 3565 
10321 7595 10215 3567 
10331 7601 10218 3568 
10336 7607 10225 3571 
10341 7613 10229 3572 
10345 7621 10232 3574 
10354 7628 10238 3576 
10359 7629 10243 3578 
10363 7634 10250 3579 
10368 7639 10254 3581 
10374 7646 10257 3584 
10381 7653 10261 3587 
10392 7655 10266 3588 
10396 7657 10273 3590 
10399 7660 10275 3591 
10403 7664 10279 3594 
10408 7667 10290 3596 
10414 7670 10291 3596 
10416 7671 10296 3597 
10421 7680 10299 3598 
10429 7686 10302 3600 
10432 7692 10311 3603 
10438 7700 10316 3608 
10449 7701 10320 3608 
10454 7705 10325 3612 
10459 7708 10333 3614 
10466 7710 10341 3616 
10475 7714 10346 3620 
10485 7718 10351 3622 
10487 7721 10358 3623 
10493 7723 10363 3623 
10502 7728 10366 3624 
10504 7735 10372 3624 
10512 7738 10376 3626 
10515 7741 10386 3626 
10525 7747 10392 3628 
10531 7751 10401 3629 
10536 7755 10405 3631 
10540 7756 10412 3632 
10550 7760 10418 3636 
10555 7763 10425 3638 
10567 7768 10431 3639 
10573 7772 10438 3640 
10579 7778 10443 3644 
10580 7785 10447 3646 
10585 7788 10453 3648 
10591 7794 10461 3653 
10601 7800 10467 3655 
10604 7803 10471 3655 
10610 7807 10477 3657 
10616 7811 10481 3658 
10620 7815 10486 3660 
10626 7824 10487 3663 
10632 7828 10497 3664 
10634 7830 10503 3666 
10637 7835 10511 3667 
10645 7839 10520 3670 
10649 7844 10533 3672 
10651 7849 10539 3674 
10656 7858 10545 3674 
10664 7862 10547 3677 
10670 7865 10556 3679 
10677 7870 10561 3680 
10683 7874 10569 3680 
10687 7880 10576 3682 
10696 7888 10582 3684 
10697 7892 10584 3685 
10702 7898 10590 3690 
10708 7904 10597 3691 
10714 7909 10604 3693 
10718 7913 10610 3693 
10721 7915 10616 3694 
10723 7921 10621 3697 
10726 7924 10630 3699 
10735 7926 10637 3703 
10736 7931 10641 3705 
10739 7933 10645 3708 
10741 7936 10651 3709 
10749 7938 10657 3711 
10754 7941 10666 3712 
10760 7943 10674 3713 
10766 7947 10682 3714 
10771 7950 10688 3718 
10775 7958 10695 3721 
10777 7965 10700 3722 
10781 7970 10702 3725 
10791 7974 10711 3726 
10795 7978 10716 3729 
10799 7982 10722 3732 
10802 7986 10727 3733 
10809 7993 10735 3734 
10815 7997 10740 3736 
10820 8001 10746 3737 
10825 8008 10753 3738 
10834 8011 10761 3739 
10842 8014 10764 3740 
10850 8019 10772 3741 
10857 8025 10782 3743 
10864 8027 10791 3744 
10867 8033 10797 3745 
10870 8038 10808 3746 
10879 8043 10813 3749 
10886 8050 10816 3749 
10893 8052 10820 3749 
10899 8057 10826 3750 
10907 8060 10831 3751 
10909 8063 10835 3753 
10914 8066 10842 3755 
10919 8070 10850 3756 
10924 8073 10853 3759 
10927 8078 10862 3761 
10933 8084 10866 3763 
10942 8087 10871 3767 
10951 8091 10881 3768 
10958 8096 10890 3770 
10965 8103 10895 3772 
10972 8110 10898 3778 
10976 8113 10904 3778 
10980 8119 10909 3778 
10987 8123 10915 3778 
10991 8125 10922 3779 
10995 8127 10923 3780 
11002 8132 10928 3785 
11007 8137 10936 3788 
11016 8141 10945 3789 
11022 8148 10952 3790 
11024 8152 10961 3791 
11030 8156 10965 3795 
11037 8160 10972 3800 
11047 8162 10978 3802 
11047 8163 10983 3804 
11052 8167 10990 3805 
11056 8172 10997 3807 
11066 8173 11006 3808 
11073 8182 11013 3810 
11079 8191 11021 3814 
11085 8194 11024 3816 
11088 8197 11034 3819 
11092 8199 11039 3822 
11096 8204 11041 3827 
11105 8205 11045 3828 
11112 8211 11053 3828 
11118 8214 11056 3830 
11123 8218 11061 3833 
11127 8222 11064 3835 
11130 8228 11070 3835 
11137 8231 11072 3839 
11143 8234 11076 3842 
11147 8239 11081 3845 
11151 8246 11089 3847 
11157 8252 11093 3848 
11164 8256 11098 3849 
11170 8258 11102 3851 
11178 8263 11108 3854 
11183 8269 11117 3857 
11186 8275 11120 3858 
11188 8276 11126 3858 
11195 8280 11134 3861 
11198 8288 11138 3862 
11201 8292 11142 3865 
11204 8298 11148 3867 
11209 8305 11153 3868 
11213 8315 11165 3870 
11219 8318 11172 3871 
11221 8321 11177 3871 
11228 8328 11185 3872 
11231 8331 11189 3874 
11236 8336 11198 3877 
11242 8339 11203 3878 
11244 8342 11211 3881 
11248 8350 11214 3881 
11256 8355 11220 3882 
11261 8358 11225 3884 
11266 8361 11230 3884 
11270 8364 11235 3885 
11275 8370 11240 3887 
11280 8377 11246 3889 
11284 8381 11252 3890 
11288 8385 11260 3891 
11298 8390 11269 3892 
11302 8393 11279 3895 
11308 8399 11290 3896 
11314 8403 11294 3898 
11320 8407 11300 3901 
11324 8411 11304 3901 
11328 8415 11306 3904 
11337 8422 11313 3905 
11341 8426 11318 3908 
11343 8427 11324 3908 
11349 8433 11329 3910 
11356 8440 11335 3912 
11360 8442 11341 3914 
11364 8445 11347 3917 
11365 8454 11353 3918 
11370 8460 11359 3918 
11373 8462 11364 3919 
11377 8464 11368 3921 
11384 8468 11374 3923 
11387 8475 11379 3925 
11391 8479 11383 3930 
11396 8487 11386 3934 
11402 8491 11389 3937 
11407 8497 11393 3939 
11411 8499 11399 3943 
11412 8503 11403 3945 
11420 8509 11408 3948 
11426 8514 11414 3950 
11436 8519 11418 3951 
11438 8522 11423 3951 
11442 8524 11427 3951 
11449 8530 11432 3952 
11452 8540 11441 3953 
11456 8541 11447 3955 
11460 8544 11452 3958 
11466 8551 11457 3960 
11473 8558 11466 3961 
11477 8562 11474 3964 
11482 8567 11482 3964 
11489 8572 11490 3965 
11495 8575 11501 3966 
11498 8582 11506 3970 
11505 8585 11512 3972 
11510 8589 11517 3974 
11515 8594 11527 3979 
11521 8599 11533 3980 
11525 8604 11538 3987 
11528 8609 11540 3989 
11531 8613 11543 3991 
11536 8617 11551 3991 
11538 8621 11555 3992 
11542 8629 11559 3992 
11547 8634 11571 3993 
11552 8640 11575 3995 
11560 8640 11576 3997 
11566 8645 11582 3997 
11568 8648 11591 4001 
11573 8652 11597 4001 
11579 8658 11603 4005 
11581 8661 11607 4006 
11588 8664 11611 4007 
11596 8669 11619 4008 
11598 8671 11620 4008 
11612 8676 11624 4010 
11622 8683 11629 4011 
11628 8685 11632 4011 
11630 8694 11643 4013 
11640 8696 11648 4017 
11646 8704 11656 4017 
11652 8708 11662 4020 
11656 8709 11665 4023 
11661 8713 11676 4024 
11664 8718 11686 4028 
11667 8725 11694 4032 
11670 8732 11699 4033 
11673 8738 11704 4037 
11679 8744 11709 4037 
11680 8748 11713 4038 
11685 8753 11719 4039 
11692 8757 11725 4042 
11697 8764 11729 4042 
11702 8768 11735 4043 
11706 8773 11750 4045 
11712 8780 11754 4049 
11716 8785 11758 4053 
11723 8792 11766 4054 
11731 8793 11773 4055 
11741 8795 11780 4056 
11746 8797 11785 4059 
11753 8800 11791 4059 
11757 8802 11796 4060 
11762 8807 11802 4063 
11764 8809 11809 4067 
11770 8814 11816 4071 
11777 8816 11824 4073 
11779 8819 11828 4073 
11783 8824 11832 4075 
11788 8829 11838 4077 
11792 8835 11844 4078 
11798 8837 11850 4079 
11805 8841 11856 4083 
11810 8847 11864 4086 
11814 8853 11867 4091 
11817 8856 11874 4095 
11828 8858 11884 4100 
11837 8861 11887 4100 
11842 8862 11893 4106 
11847 8863 11896 4109 
11851 8866 11902 4112 
11855 8870 11906 4112 
11863 8877 11910 4112 
11872 8887 11917 4113 
11879 8890 11925 4114 
11885 8895 11933 4119 
11887 8900 11938 4121 
11896 8903 11946 4125 
11902 8908 11955 4126 
11911 8916 11961 4128 
11913 8923 11964 4129 
11914 8928 11971 4131 
11921 8934 11976 4137 
11929 8939 11983 4137 
11932 8946 11988 4137 
11939 8950 11994 4139 
11943 8957 11999 4141 
11954 8957 12003 4142 
11957 8961 12005 4146 
11963 8964 12009 4147 
11970 8968 12018 4152 
11977 8970 12021 4154 
11984 8973 12027 4157 
11988 8977 12034 4159 
11994 8983 12039 4163 
12001 8989 12047 4164 
12007 8996 12054 4167 
12014 8998 12061 4168 
12016 9004 12066 4170 
12024 9008 12073 4171 
12033 9012 12083 4174 
12038 9014 12090 4176 
12045 9018 12093 4178 
12057 9022 12093 4179 
12066 9028 12098 4185 
12067 9033 12100 4186 
12079 9040 12103 4187 
12083 9043 12106 4189 
12089 9052 12112 4190 
12092 9054 12113 4194 
12099 9059 12119 4194 
12103 9063 12120 4195 
12111 9069 12124 4196 
12115 9072 12128 4199 
12118 9077 12133 4201 
12120 9083 12134 4205 
12127 9087 12139 4208 
12135 9091 12148 4209 
12142 9095 12156 4210 
12146 9097 12162 4210 
12149 9098 12166 4214 
12159 9106 12172 4218 
12164 9107 12175 4219 
12171 9111 12184 4219 
12176 9117 12186 4220 
12186 9121 12191 4222 
12194 9126 12200 4223 
12199 9135 12206 4226 
12205 9143 12209 4227 
12220 9146 12214 4229 
12229 9152 12219 4232 
12233 9158 12225 4232 
12236 9161 12235 4234 
12238 9165 12241 4236 
12242 9169 12245 4239 
12249 9175 12251 4240 
12251 9181 12259 4241 
12259 9182 12267 4244 
12264 9186 12271 4246 
12267 9191 12276 4249 
12273 9202 12279 4250 
12282 9210 12282 4252 
12288 9214 12286 4255 
12294 9221 12292 4259 
12304 9225 12301 4262 
12309 9229 12304 4262 
12313 9233 12312 4263 
12321 9239 12317 4264 
12322 9241 12321 4266 
12329 9244 12326 4267 
12338 9249 12332 4267 
12345 9255 12342 4267 
12348 9264 12347 4269 
12356 9266 12351 4273 
12362 9270 12360 4275 
12362 9277 12361 4279 
12370 9287 12365 4281 
12377 9295 12372 4284 
12385 9300 12382 4287 
12391 9305 12387 4288 
12399 9310 12395 4290 
12403 9311 12397 4291 
12409 9318 12401 4293 
12416 9320 12411 4294 
12420 9326 12415 4298 
12423 9328 12421 4302 
12427 9332 12429 4308 
12435 9335 12436 4308 
12442 9340 12443 4309 
12448 9343 12453 4312 
12454 9344 12459 4315 
12460 9346 12468 4317 
12469 9352 12472 4318 
12477 9358 12475 4319 
12481 9359 12487 4323 
12489 9365 12490 4326 
12499 9372 12493 4327 
12503 9376 12500 4329 
12510 9385 12505 4331 
12512 9393 12512 4332 
12517 9399 12515 4335 
12520 9405 12518 4341 
12525 9409 12523 4342 
12529 9414 12531 4347 
12534 9417 12534 4349 
12538 9426 12538 4350 
12543 9431 12549 4351 
12549 9438 12552 4353 
12556 9445 12555 4354 
12561 9447 12564 4358 
12563 9452 12566 4361 
12569 9460 12571 4363 
12574 9461 12578 4363 
12578 9468 12582 4366 
12578 9472 12588 4369 
12580 9473 12593 4374 
12584 9480 12596 4374 
12590 9484 12605 4374 
12595 9489 12615 4374 
12599 9493 12621 4376 
12603 9498 12624 4378 
12608 9503 12629 4380 
12612 9507 12632 4383 
12615 9511 12641 4385 
12624 9514 12647 4385 
12627 9521 12653 4388 
12633 9524 12658 4393 
12637 9530 12660 4393 
12639 9531 12665 4394 
12645 9532 12670 4394 
12647 9533 12674 4395 
12657 9537 12682 4397 
12662 9539 12686 4400 
12664 9543 12692 4403 
12669 9546 12698 4405 
12677 9550 12700 4408 
12686 9554 12705 4414 
12688 9557 12715 4415 
12698 9562 12729 4415 
12704 9564 12737 4417 
12709 9571 12739 4418 
12717 9575 12749 4420 
12723 9579 12750 4422 
12730 9583 12756 4424 
12732 9590 12768 4426 
12733 9597 12772 4426 
12737 9603 12778 4427 
12738 9607 12782 4429 
12743 9611 12789 4432 
12744 9614 12794 4434 
12749 9619 12804 4438 
12755 9626 12812 4441 
12760 9628 12820 4443 
12764 9633 12827 4446 
12769 9641 12832 4449 
12771 9646 12835 4452 
12775 9650 12838 4455 
12786 9651 12845 4457 
12795 9654 12853 4460 
12802 9654 12861 4463 
12805 9658 12867 4466 
12814 9664 12873 4467 
12821 9670 12875 4469 
12823 9672 12880 4470 
12825 9677 12885 4471 
12833 9682 12893 4473 
12840 9690 12900 4474 
12845 9692 12902 4474 
12851 9695 12910 4475 
12859 9696 12919 4476 
12865 9706 12923 4479 
12869 9711 12931 4480 
12876 9716 12937 4482 
12882 9719 12946 4486 
12890 9725 12951 4488 
12901 9732 12957 4492 
12907 9734 12966 4493 
12911 9740 12972 4494 
12914 9746 12980 4494 
12922 9753 12991 4495 
12927 9756 12999 4499 
12933 9759 13008 4501 
12940 9763 13012 4506 
12947 9767 13019 4510 
12951 9769 13024 4513 
12956 9775 13029 4515 
12963 9780 13034 4516 
12967 9783 13043 4518 
12970 9785 13049 4521 
12972 9790 13056 4522 
12979 9793 13062 4525 
12987 9799 13073 4526 
12990 9805 13080 4527 
12998 9808 13088 4527 
13006 9811 13092 4528 
13013 9818 13095 4529 
13018 9821 13100 4529 
13021 9825 13109 4533 
13029 9833 13111 4534 
13032 9835 13118 4538 
13036 9838 13119 4542 
13043 9840 13125 4545 
13050 9844 13132 4548 
13054 9849 13137 4553 
13059 9854 13142 4556 
13066 9862 13145 4558 
13072 9868 13149 4560 
13080 9874 13155 4563 
13084 9878 13162 4567 
13091 9881 13165 4568 
13095 9886 13177 4574 
13100 9887 13184 4576 
13105 9891 13193 4580 
13110 9896 13199 4582 
13114 9901 13203 4586 
13120 9905 13211 4586 
13124 9908 13222 4589 
13129 9912 13226 4592 
13134 9913 13233 4595 
13135 9922 13239 4598 
13139 9928 13248 4601 
13144 9933 13257 4603 
13148 9938 13261 4605 
13156 9941 13269 4606 
13159 9946 13275 4607 
13169 9950 13278 4608 
13173 9954 13285 4614 
13176 9957 13290 4617 
13180 9962 13296 4620 
13187 9965 13304 4620 
13190 9970 13310 4624 
13200 9975 13315 4624 
13205 9979 13322 4624 
13208 9986 13327 4627 
13218 9990 13336 4629 
13222 9992 13345 4631 
13228 9997 13350 4631 
13236 9999 13352 4634 
13239 10004 13356 4636 
13245 10007 13362 4638 
13249 10011 13365 4640 
13256 10016 13368 4643 
13263 10023 13373 4643 
13267 10029 13378 4645 
13270 10034 13386 4648 
13277 10044 13391 4651 
13282 10050 13397 4653 
13285 10057 13402 4654 
13292 10061 13410 4656 
13299 10068 13420 4658 
13303 10076 13423 4660 
13309 10080 13428 4662 
13314 10084 13432 4665 
13319 10094 13439 4667 
13328 10098 13443 4669 
13331 10102 13446 4672 
13338 10107 13455 4674 
13345 10110 13461 4677 
13347 10113 13463 4682 
13354 10120 13469 4687 
13358 10123 13473 4690 
13359 10128 13485 4693 
13362 10130 13491 4696 
13369 10136 13499 4698 
13377 10141 13504 4700 
13379 10143 13512 4701 
13384 10147 13516 4702 
13389 10151 13523 4702 
13398 10158 13527 4702 
13405 10160 13532 4704 
13409 10163 13538 4707 
13418 10170 13546 4708 
13421 10174 13553 4709 
13425 10178 13560 4711 
13428 10180 13567 4713 
13433 10183 13574 4714 
13440 10188 13577 4717 
13445 10193 13582 4720 
13452 10197 13587 4722 
13459 10202 13595 4723 
13463 10206 13599 4725 
13471 10208 13609 4726 
13474 10211 13612 4729 
13480 10213 13615 4733 
13488 10223 13624 4734 
13495 10230 13629 4737 
13502 10234 13638 4737 
13509 10242 13642 4740 
13514 10245 13645 4742 
13519 10251 13651 4748 
13523 10256 13659 4749 
13526 10260 13665 4750 
13534 10264 13668 4750 
13538 10269 13676 4750 
13540 10273 13677 4753 
13549 10276 13679 4753 
13553 10278 13686 4757 
13557 10283 13697 4761 
13563 10287 13707 4761 
13571 10288 13711 4762 
13576 10294 13718 4766 
13580 10297 13722 4768 
13586 10302 13728 4769 
13588 10313 13734 4772 
13594 10316 13738 4772 
13600 10323 13743 4774 
13600 10328 13746 4777 
13608 10333 13749 4778 
13615 10336 13759 4780 
13621 10343 13768 4781 
13624 10350 13776 4786 
13628 10354 13781 4788 
13634 10361 13790 4792 
13642 10364 13795 4792 
13647 10368 13804 4793 
13652 10372 13808 4795 
13657 10373 13817 4799 
13663 10376 13821 4800 
13669 10381 13829 4802 
13674 10386 13833 4804 
13679 10391 13835 4807 
13687 10396 13841 4810 
13688 10400 13847 4812 
13694 10403 13849 4812 
13701 10404 13858 4813 
13704 10407 13862 4814 
13706 10415 13870 4818 
13711 10417 13874 4820 
13719 10423 13878 4821 
13725 10431 13882 4822 
13729 10437 13886 4822 
13733 10438 13889 4825 
13737 10445 13896 4825 
13740 10447 13903 4828 
13743 10452 13908 4830 
13746 10457 13913 4834 
13757 10461 13923 4838 
13761 10467 13931 4842 
13769 10471 13938 4844 
13772 10478 13941 4844 
13781 10483 13943 4845 
13790 10487 13947 4848 
13794 10492 13953 4849 
13796 10499 13958 4850 
13798 10502 13965 4852 
13802 10507 13971 4854 
13806 10511 13980 4856 
13812 10514 13985 4857 
13818 10519 13993 4858 
13821 10524 14004 4859 
13826 10527 14009 4865 
13834 10531 14020 4868 
13836 10535 14025 4872 
13839 10539 14028 4876 
13844 10545 14033 4880 
13849 10550 14037 4885 
13855 10555 14044 4889 
13861 10558 14049 4891 
13868 10562 14056 4892 
13875 10566 14063 4894 
13880 10570 14069 4895 
13889 10571 14072 4899 
13892 10577 14076 4902 
13901 10580 14083 4906 
13903 10586 14087 4909 
13912 10592 14093 4909 
13918 10595 14100 4911 
13921 10597 14106 4913 
13926 10602 14110 4914 
13929 10604 14116 4914 
13933 10608 14120 4917 
13936 10612 14126 4920 
13943 10614 14131 4920 
13949 10617 14138 4922 
13956 10623 14143 4923 
13960 10633 14150 4924 
13966 10640 14161 4927 
13971 10643 14167 4929 
13974 10645 14173 4931 
13979 10650 14180 4935 
13984 10653 14184 4937 
13991 10658 14194 4938 
13993 10661 14197 4941 
14002 10666 14202 4947 
14008 10671 14205 4949 
14016 10680 14216 4950 
14022 10687 14226 4953 
14025 10690 14230 4956 
14030 10694 14232 4957 
14035 10701 14233 4959 
14042 10710 14234 4959 
14051 10713 14243 4961 
14060 10715 14246 4962 
14066 10721 14253 4964 
14069 10726 14257 4969 
14073 10730 14261 4972 
14078 10732 14264 4976 
14091 10738 14270 4977 
14098 10740 14281 4980 
14103 10746 14287 4982 
14109 10749 14296 4985 
14119 10752 14304 4988 
14126 10761 14310 4988 
14127 10764 14314 4990 
14133 10772 14321 4993 
14137 10777 14326 4996 
14141 10785 14330 4998 
14151 10791 14340 5002 
14156 10795 14348 5006 
14159 10797 14352 5008 
14164 10801 14357 5010 
14170 10803 14365 5013 
14177 10810 14374 5016 
14186 10813 14379 5017 
14195 10817 14386 5018 
14199 10823 14388 5020 
14209 10824 14395 5021 
14213 10832 14401 5022 
14218 10837 14404 5023 
14222 10842 14414 5025 
14228 10844 14419 5028 
14230 10848 14428 5029 
14236 10854 14437 5031 
14242 10860 14445 5033 
14253 10869 14459 5038 
14258 10872 14465 5040 
14265 10876 14471 5041 
14269 10878 14479 5045 
14273 10884 14487 5046 
14278 10885 14492 5048 
14280 10886 14495 5050 
14288 10889 14501 5053 
14291 10896 14505 5057 
14295 10907 14510 5058 
14297 10912 14514 5060 
14303 10918 14522 5061 
14309 10923 14525 5061 
14315 10928 14533 5063 
14322 10933 14538 5063 
14330 10937 14546 5064 
14335 10939 14550 5068 
14339 10942 14558 5073 
14346 10945 14567 5077 
14354 10952 14574 5079 
14357 10955 14580 5079 
14361 10959 14585 5080 
14370 10960 14591 5080 
14376 10963 14594 5081 
14379 10968 14599 5086 
14385 10971 14602 5087 
14394 10974 14603 5090 
14397 10979 14610 5090 
14404 10981 14617 5093 
14412 10982 14625 5095 
14416 10988 14627 5096 
14422 10993 14630 5098 
14430 10998 14638 5099 
14435 11002 14647 5101 
14443 11006 14655 5101 
14452 11007 14663 5103 
14459 11013 14671 5105 
14462 11015 14681 5107 
14467 11023 14686 5109 
14473 11027 14695 5110 
14479 11032 14704 5111 
14487 11034 14711 5112 
14493 11040 14718 5114 
14498 11048 14730 5115 
14502 11050 14738 5115 
14512 11054 14751 5116 
14520 11059 14755 5119 
14528 11063 14763 5121 
14533 11070 14766 5122 
14539 11076 14769 5123 
14546 11081 14777 5126 
14552 11081 14783 5130 
14555 11085 14790 5135 
14560 11087 14798 5136 
14569 11092 14802 5138 
14573 11098 14812 5140 
14580 11101 14816 5141 
14586 11103 14820 5141 
14592 11107 14826 5144 
14603 11112 14828 5144 
14609 11115 14836 5147 
14617 11117 14841 5149 
14619 11125 14845 5152 
14625 11131 14849 5153 
14628 11138 14857 5157 
14634 11142 14867 5158 
14638 11146 14872 5159 
14645 11150 14876 5162 
14648 11152 14878 5167 
14651 11159 14889 5171 
14656 11166 14901 5173 
14661 11171 14907 5177 
14675 11175 14916 5179 
14681 11180 14921 5180 
14685 11182 14921 5185 
14688 11183 14928 5188 
14692 11191 14931 5189 
14698 11196 14935 5193 
14707 11201 14938 5198 
14710 11207 14943 5201 
14713 11210 14951 5204 
14718 11213 14956 5205 
14725 11218 14963 5208 
14729 11222 14970 5211 
14739 11225 14981 5213 
14749 11228 14989 5219 
14755 11230 14997 5220 
14760 11234 15002 5223 
14764 11237 15013 5226 
14769 11242 15025 5229 
14773 11243 15030 5232 
14785 11247 15037 5233 
14791 11251 15040 5233 
14796 11256 15045 5234 
14801 11263 15050 5237 
14806 11270 15053 5242 
14810 11276 15061 5243 
14819 11285 15065 5245 
14825 11287 15070 5246 
14830 11292 15076 5251 
14836 11296 15084 5251 
14842 11301 15092 5255 
14850 11304 15094 5256 
14862 11307 15098 5257 
14868 11311 15101 5259 
14873 11315 15106 5260 
14879 11319 15112 5261 
14886 11323 15118 5263 
14894 11329 15122 5265 
14900 11333 15132 5266 
14906 11340 15135 5268 
14913 11342 15143 5268 
14917 11349 15148 5271 
14924 11354 15154 5273 
14928 11357 15162 5274 
14932 11362 15170 5278 
14936 11365 15179 5282 
14945 11369 15191 5282 
14950 11373 15194 5284 
14954 11377 15199 5285 
14961 11384 15204 5288 
14973 11390 15212 5288 
14979 11393 15217 5289 
14984 11396 15224 5291 
14992 11401 15227 5295 
15003 11406 15231 5297 
15008 11416 15237 5298 
15013 11423 15244 5300 
15016 11427 15250 5304 
15020 11428 15257 5305 
15024 11430 15267 5308 
15033 11433 15272 5309 
15036 11439 15285 5311 
15039 11443 15290 5311 
15045 11450 15294 5312 
15055 11453 15302 5314 
15063 11455 15310 5318 
15074 11460 15320 5320 
15079 11466 15326 5323 
15084 11469 15332 5325 
15093 11473 15340 5328 
15097 11475 15344 5329 
15105 11483 15350 5331 
15112 11489 15356 5331 
15117 11493 15358 5332 
15122 11499 15362 5333 
15129 11504 15373 5333 
15135 11509 15380 5333 
15138 11513 15390 5335 
15145 11515 15396 5337 
15152 11522 15399 5342 
15153 11528 15403 5344 
15158 11530 15411 5345 
15160 11532 15416 5349 
15166 11536 15427 5349 
15170 11538 15432 5349 
15178 11543 15441 5354 
15182 11546 15443 5354 
15187 11549 15448 5356 
15197 11559 15455 5359 
15203 11566 15462 5361 
15208 11566 15466 5366 
15214 11571 15473 5372 
15219 11575 15483 5373 
15227 11579 15494 5376 
15232 11585 15500 5377 
15234 11591 15507 5381 
15239 11594 15516 5381 
15246 11600 15518 5382 
15248 11603 15525 5385 
15255 11606 15531 5388 
15263 11617 15541 5390 
15267 11624 15545 5392 
15271 11628 15551 5393 
15276 11631 15561 5396 
15280 11638 15566 5399 
15286 11644 15575 5405 
15292 11647 15582 5407 
15297 11656 15589 5408 
15304 11661 15595 5412 
15310 11670 15596 5413 
15314 11673 15601 5417 
15317 11676 15606 5420 
15325 11680 15612 5421 
15332 11687 15622 5423 
15339 11694 15626 5427 
15342 11696 15632 5428 
15350 11700 15635 5430 
15354 11705 15642 5435 
15359 11708 15652 5436 
15362 11715 15657 5439 
15369 11721 15662 5440 
15370 11724 15669 5441 
15371 11727 15675 5445 
15381 11731 15684 5446 
15387 11734 15689 5448 
15391 11737 15697 5450 
15392 11743 15707 5452 
15396 11752 15712 5455 
15402 11752 15719 5457 
15406 11759 15723 5460 
15409 11767 15729 5461 
15415 11769 15739 5464 
15423 11776 15749 5466 
15430 11780 15754 5467 
15436 11789 15760 5471 
15442 11793 15765 5473 
15448 11796 15772 5476 
15456 11799 15779 5478 
15465 11806 15784 5480 
15470 11808 15795 5482 
15479 11819 15802 5485 
15483 11827 15806 5490 
15485 11832 15812 5492 
15492 11832 15815 5494 
15500 11842 15818 5497 
15507 11848 15827 5503 
15516 11852 15831 5508 
15520 11861 15840 5511 
15526 11869 15846 5514 
15530 11875 15856 5515 
15535 11877 15864 5515 
15543 11881 15873 5516 
15547 11884 15882 5519 
15549 11886 15888 5521 
15559 11889 15891 5524 
15564 11892 15900 5527 
15569 11897 15908 5527 
15577 11903 15914 5529 
15585 11906 15921 5531 
15593 11913 15930 5534 
15597 11917 15939 5535 
15602 11921 15947 5538 
15613 11925 15954 5540 
15616 11927 15960 5542 
15620 11933 15967 5544 
15627 11937 15975 5545 
15633 11938 15979 5545 
15637 11939 15985 5547 
15643 11943 15990 5548 
15650 11945 15999 5554 
15655 11946 16001 5556 
15663 11950 16013 5556 
15672 11957 16016 5558 
15678 11964 16023 5561 
15686 11970 16029 5564 
15693 11972 16035 5570 
15704 11977 16040 5570 
15710 11983 16044 5570 
15714 11987 16049 5573 
15723 11993 16055 5575 
15731 11998 16064 5577 
15737 12004 16068 5577 
15745 12009 16076 5580 
15752 12013 16082 5584 
15760 12016 16092 5588 
15762 12020 16102 5591 
15766 12022 16113 5592 
15771 12029 16118 5598 
15782 12031 16125 5599 
15786 12034 16134 5601 
15789 12038 16141 5602 
15795 12047 16147 5604 
15801 12052 16152 5606 
15808 12056 16160 5608 
15812 12061 16165 5612 
15818 12064 16171 5613 
15825 12069 16174 5616 
15828 12073 16181 5618 
15833 12077 16189 5619 
15837 12079 16197 5619 
15839 12082 16204 5622 
15846 12089 16211 5624 
15848 12089 16216 5628 
15853 12093 16221 5629 
15862 12097 16228 5629 
15866 12101 16231 5633 
15869 12107 16237 5635 
15875 12110 16240 5638 
15883 12114 16245 5641 
15887 12126 16252 5645 
15891 12130 16259 5648 
15894 12137 16267 5650 
15896 12149 16274 5652 
15902 12152 16277 5654 
15903 12158 16283 5657 
15908 12162 16288 5659 
15913 12163 16299 5660 
15917 12166 16307 5662 
15925 12169 16312 5664 
15929 12171 16317 5665 
15932 12178 16323 5665 
15938 12184 16328 5666 
15944 12188 16335 5668 
15950 12194 16344 5670 
15954 12200 16351 5674 
15961 12204 16359 5678 
15970 12211 16364 5681 
15976 12214 16369 5682 
15983 12219 16374 5684 
15991 12221 16380 5686 
15996 12224 16385 5690 
16004 12231 16396 5690 
16008 12233 16407 5692 
16013 12237 16415 5694 
16020 12243 16422 5697 
16026 12245 16429 5699 
16032 12249 16436 5702 
16037 12254 16442 5703 
16043 12260 16445 5704 
16045 12262 16449 5706 
16049 12267 16459 5708 
16054 12272 16465 5709 
16060 12275 16469 5712 
16064 12280 16475 5714 
16071 12287 16480 5715 
16074 12289 16487 5715 
16076 12292 16493 5715 
16083 12296 16498 5716 
16088 12299 16504 5720 
16102 12302 16506 5723 
16109 12305 16516 5725 
16112 12309 16526 5726 
16114 12311 16528 5728 
16119 12314 16535 5731 
16124 12317 16542 5732 
16130 12322 16548 5735 
16135 12326 16562 5736 
16141 12327 16568 5737 
16144 12329 16574 5740 
16150 12334 16581 5744 
16154 12339 16589 5748 
16159 12342 16596 5750 
16164 12350 16600 5754 
16169 12355 16609 5759 
16177 12356 16615 5760 
16184 12364 16622 5763 
16190 12368 16631 5767 
16192 12371 16636 5770 
16196 12378 16638 5773 
16205 12381 16647 5777 
16212 12385 16654 5777 
16218 12385 16657 5777 
16221 12393 16661 5778 
16227 12397 16675 5780 
16230 12405 16680 5780 
16233 12406 16685 5786 
16241 12413 16687 5787 
16244 12414 16697 5790 
16248 12416 16700 5792 
16253 12421 16708 5793 
16260 12427 16711 5795 
16264 12432 16714 5797 
16270 12438 16719 5799 
16280 12442 16729 5801 
16287 12444 16733 5802 
16296 12449 16739 5806 
16306 12455 16744 5809 
16315 12460 16751 5811 
16321 12469 16760 5812 
16327 12480 16765 5816 
16336 12485 16767 5818 
16347 12491 16774 5820 
16353 12497 16778 5822 
16358 12501 16785 5825 
16365 12506 16791 5826 
16372 12515 16800 5829 
16375 12519 16812 5829 
16383 12522 16826 5832 
16389 12531 16835 5833 
16393 12536 16842 5834 
16397 12539 16848 5835 
16398 12543 16855 5837 
16404 12549 16863 5839 
16410 12555 16870 5841 
16415 12563 16872 5841 
16420 12566 16881 5841 
16430 12568 16887 5842 
16436 12573 16894 5842 
16441 12580 16899 5847 
16447 12584 16906 5850 
16449 12587 16914 5852 
16454 12590 16921 5854 
16466 12595 16930 5855 
16473 12600 16933 5858 
16477 12604 16940 5859 
16481 12611 16944 5862 
16485 12614 16949 5867 
16489 12616 16958 5869 
16497 12622 16963 5871 
16506 12627 16969 5872 
16514 12630 16973 5873 
16520 12634 16977 5877 
16527 12636 16983 5882 
16528 12644 16989 5885 
16535 12653 16991 5887 
16540 12659 16996 5893 
16546 12668 17002 5899 
16552 12672 17006 5901 
16558 12677 17011 5902 
16562 12680 17020 5902 
16568 12686 17026 5906 
16573 12691 17034 5909 
16581 12697 17040 5913 
16588 12702 17045 5914 
16592 12702 17050 5915 
16596 12705 17058 5917 
16602 12713 17061 5921 
16614 12719 17068 5924 
16617 12724 17073 5924 
16622 12726 17081 5924 
16624 12734 17082 5927 
16626 12740 17088 5928 
16629 12744 17095 5930 
16632 12749 17101 5930 
16637 12752 17108 5932 
16647 12759 17113 5936 
16654 12764 17120 5936 
16660 12767 17130 5937 
16668 12773 17133 5939 
16669 12780 17138 5941 
16674 12782 17149 5945 
16679 12786 17158 5948 
16682 12792 17165 5950 
16690 12801 17171 5951 
16693 12806 17174 5952 
16699 12812 17182 5955 
16704 12817 17190 5958 
16707 12821 17196 5960 
16713 12826 17201 5964 
16718 12827 17204 5967 
16727 12831 17210 5970 
16731 12835 17211 5972 
16734 12838 17216 5975 
16739 12841 17227 5976 
16746 12848 17231 5977 
16752 12853 17234 5980 
16758 12855 17242 5980 
16765 12861 17249 5981 
16766 12865 17261 5983 
16774 12866 17269 5987 
16778 12875 17271 5990 
16782 12882 17279 5995 
16789 12886 17284 5996 
16792 12891 17292 5998 
16794 12895 17297 6002 
16803 12902 17302 6003 
16813 12905 17309 6006 
16817 12908 17315 6006 
16827 12911 17321 6007 
16829 12917 17328 6008 
16835 12918 17336 6012 
16844 12920 17340 6014 
16855 12926 17345 6016 
16856 12931 17350 6017 
16859 12934 17352 6022 
16861 12938 17355 6024 
16864 12943 17358 6028 
16870 12944 17365 6034 
16877 12953 17373 6036 
16882 12959 17381 6036 
16886 12962 17390 6040 
16892 12969 17399 6040 
16903 12974 17408 6042 
16906 12975 17411 6043 
16911 12977 17420 6044 
16918 12982 17425 6047 
16927 12988 17431 6049 
16936 12995 17437 6055 
16940 12996 17440 6058 
16945 13002 17442 6059 
16949 13008 17446 6060 
16956 13009 17456 6061 
16959 13015 17462 6063 
16963 13023 17469 6066 
16968 13027 17478 6070 
16973 13033 17483 6071 
16978 13038 17492 6073 
16985 13045 17499 6075 
16988 13052 17509 6078 
16997 13058 17521 6082 
17003 13062 17527 6084 
17006 13066 17533 6085 
17014 13071 17537 6086 
17019 13074 17543 6087 
17025 13078 17546 6087 
17032 13083 17552 6090 
17034 13092 17555 6095 
17035 13095 17564 6098 
17042 13101 17565 6100 
17045 13108 17569 6102 
17049 13111 17579 6107 
17055 13113 17585 6110 
17060 13121 17593 6112 
17069 13122 17600 6113 
17076 13127 17606 6119 
17086 13128 17612 6121 
17090 13131 17615 6123 
17096 13136 17619 6125 
17105 13138 17625 6128 
17109 13144 17629 6130 
17117 13148 17640 6131 
17120 13152 17652 6132 
17122 13156 17662 6132 
17129 13158 17666 6135 
17132 13163 17674 6137 
17136 13168 17678 6139 
17141 13170 17690 6139 
17153 13173 17693 6140 
17162 13175 17698 6140 
17170 13177 17708 6143 
17177 13181 17712 6144 
17182 13187 17719 6148 
17189 13193 17725 6150 
17194 13198 17729 6152 
17197 13209 17734 6153 
17200 13213 17740 6153 
17205 13215 17742 6159 
17214 13219 17751 6162 
17221 13228 17760 6164 
17226 13233 17762 6167 
17229 13234 17768 6169 
17233 13239 17775 6171 
17237 13242 17780 6172 
17245 13245 17785 6172 
17253 13247 17794 6173 
17261 13254 17797 6175 
17265 13257 17805 6178 
17271 13261 17812 6180 
17275 13265 17821 6183 
17280 13271 17830 6188 
17290 13276 17833 6190 
17294 13279 17840 6195 
17301 13283 17852 6201 
17305 13290 17857 6205 
17311 13293 17863 6206 
17313 13295 17871 6210 
17323 13301 17880 6212 
17328 13303 17885 6216 
17335 13306 17888 6220 
17339 13310 17895 6223 
17346 13311 17901 6224 
17353 13315 17909 6227 
17360 13322 17913 6229 
17364 13325 17921 6230 
17366 13333 17926 6232 
17372 13337 17934 6235 
17375 13341 17939 6236 
17381 13348 17944 6239 
17386 13351 17954 6240 
17393 13356 17957 6241 
17396 13363 17959 6241 
17401 13366 17964 6243 
17409 13370 17971 6245 
17416 13376 17975 6250 
17420 13380 17980 6252 
17423 13385 17983 6254 
17425 13390 17988 6256 
17434 13395 17992 6258 
17439 13399 18000 6263 
17447 13406 18008 6263 
17451 13411 18014 6264 
17459 13420 18021 6266 
17468 13424 18029 6267 
17475 13432 18041 6269 
17485 13438 18049 6271 
17488 13442 18057 6274 
17491 13446 18064 6277 
17493 13451 18070 6280 
17499 13454 18075 6282 
17502 13459 18081 6284 
17512 13464 18088 6287 
17519 13473 18096 6288 
17526 13478 18104 6291 
17531 13481 18114 6294 
17533 13486 18117 6296 
17541 13492 18122 6298 
17552 13498 18129 6300 
17561 13499 18137 6304 
17563 13500 18142 6306 
17567 13504 18145 6308 
17573 13512 18150 6311 
17576 13517 18157 6313 
17582 13520 18165 6315 
17585 13526 18175 6320 
17595 13530 18181 6320 
17602 13533 18189 6320 
17607 13540 18196 6321 
17611 13546 18202 6324 
17621 13548 18208 6325 
17627 13550 18211 6328 
17631 13553 18216 6330 
17636 13557 18220 6334 
17641 13559 18223 6335 
17650 13564 18229 6336 
17659 13568 18236 6337 
17668 13571 18250 6337 
17672 13576 18262 6339 
17676 13583 18265 6340 
17682 13588 18270 6343 
17689 13591 18280 6344 
17693 13593 18287 6349 
17699 13596 18293 6351 
17705 13599 18303 6353 
17717 13604 18307 6355 
17719 13608 18312 6358 
17724 13611 18319 6361 
17731 13615 18323 6362 
17735 13619 18327 6364 
17740 13630 18332 6366 
17745 13633 18338 6369 
17753 13636 18345 6373 
17761 13649 18354 6377 
17773 13652 18357 6380 
17778 13659 18360 6380 
17785 13665 18367 6380 
17789 13671 18378 6387 
17796 13674 18385 6387 
17801 13677 18389 6388 
17804 13685 18397 6389 
17809 13689 18408 6390 
17812 13693 18414 6394 
17815 13694 18420 6395 
17818 13697 18425 6397 
17828 13702 18435 6399 
17831 13705 18441 6402 
17833 13707 18446 6406 
17839 13711 18454 6409 
17842 13719 18462 6412 
17847 13724 18468 6413 
17856 13731 18477 6415 
17864 13735 18481 6418 
17869 13746 18488 6421 
17871 13750 18495 6422 
17877 13758 18497 6422 
17881 13762 18505 6426 
17886 13767 18513 6426 
17890 13774 18516 6429 
17894 13776 18527 6429 
17903 13782 18532 6432 
17908 13787 18540 6433 
17912 13788 18546 6435 
17919 13792 18550 6436 
17925 13797 18555 6437 
17930 13804 18559 6441 
17936 13808 18566 6444 
17941 13813 18576 6446 
17946 13818 18583 6447 
17952 13819 18587 6447 
17956 13825 18591 6448 
17962 13828 18595 6451 
17965 13832 18602 6453 
17967 13835 18613 6453 
17972 13843 18615 6455 
17977 13850 18627 6457 
17981 13858 18632 6461 
17986 13865 18638 6462 
17994 13870 18641 6466 
17998 13875 18648 6467 
18002 13881 18652 6469 
18008 13884 18659 6471 
18014 13886 18666 6471 
18018 13892 18675 6475 
18025 13896 18684 6478 
18032 13901 18690 6482 
18039 13908 18697 6487 
18043 13912 18703 6489 
18047 13917 18707 6491 
18053 13921 18714 6492 
18059 13925 18720 6496 
18066 13928 18727 6497 
18070 13931 18736 6500 
18078 13935 18742 6502 
18082 13942 18749 6503 
18091 13948 18759 6506 
18096 13951 18772 6510 
18098 13956 18777 6514 
18103 13960 18783 6517 
18106 13968 18793 6519 
18115 13972 18799 6521 
18124 13976 18807 6522 
18130 13979 18813 6525 
18137 13986 18817 6526 
18144 13988 18821 6527 
18151 13993 18830 6527 
18155 13999 18835 6532 
18160 14008 18840 6534 
18168 14015 18842 6536 
18172 14018 18852 6538 
18181 14021 18857 6541 
18194 14024 18864 6544 
18203 14027 18877 6545 
18206 14033 18890 6547 
18217 14038 18893 6548 
18226 14042 18901 6549 
18231 14046 18911 6551 
18238 14053 18917 6553 
18240 14056 18925 6554 
18245 14059 18928 6554 
18248 14065 18932 6558 
18253 14075 18940 6560 
18260 14083 18942 6565 
18267 14086 18944 6569 
18272 14089 18946 6573 
18277 14093 18949 6579 
18285 14097 18956 6579 
18295 14103 18961 6583 
18303 14110 18967 6588 
18311 14112 18973 6589 
18321 14115 18980 6593 
18324 14118 18983 6595 
18329 14124 18990 6596 
18332 14129 18997 6597 
18338 14133 19005 6600 
18347 14136 19011 6604 
18350 14145 19017 6607 
18353 14149 19023 6607 
18356 14156 19030 6609 
18359 14159 19033 6611 
18366 14161 19039 6613 
18371 14167 19047 6616 
18377 14171 19052 6617 
18382 14172 19061 6619 
18387 14175 19068 6620 
18394 14178 19076 6623 
18401 14181 19084 6624 
18410 14182 19095 6627 
18413 14184 19100 6629 
18417 14186 19113 6629 
18423 14189 19118 6629 
18427 14196 19128 6633 
18434 14202 19131 6636 
18437 14207 19136 6636 
18447 14213 19142 6637 
18452 14216 19142 6639 
18456 14221 19151 6641 
18462 14228 19155 6643 
18469 14233 19161 6647 
18476 14237 19168 6647 
18483 14240 19176 6649 
18486 14246 19181 6652 
18494 14247 19184 6655 
18500 14250 19196 6655 
18506 14256 19203 6658 
18508 14260 19210 6659 
18513 14263 19211 6662 
18520 14270 19216 6662 
18525 14273 19224 6668 
18528 14278 19232 6670 
18537 14281 19242 6671 
18540 14282 19249 6672 
18543 14287 19261 6673 
18554 14294 19266 6675 
18557 14299 19271 6680 
18566 14304 19278 6682 
18575 14311 19283 6683 
18579 14317 19287 6687 
18585 14323 19292 6687 
18592 14329 19298 6690 
18598 14332 19306 6690 
18603 14335 19310 6693 
18607 14341 19318 6695 
18612 14343 19326 6696 
18618 14344 19331 6697 
18623 14347 19336 6699 
18629 14353 19341 6700 
18636 14361 19348 6702 
18645 14368 19357 6702 
18656 14374 19362 6705 
18662 14378 19371 6710 
18673 14383 19376 6714 
18678 14389 19385 6716 
18687 14392 19390 6719 
18691 14398 19396 6719 
18696 14403 19405 6723 
18706 14406 19413 6723 
18708 14410 19423 6727 
18718 14417 19424 6727 
18719 14422 19429 6731 
18722 14425 19433 6733 
18732 14431 19437 6738 
18740 14440 19440 6740 
18748 14443 19444 6741 
18759 14448 19450 6746 
18763 14454 19458 6749 
18772 14462 19463 6750 
18774 14464 19471 6752 
18779 14465 19476 6755 
18787 14473 19481 6759 
18795 14476 19493 6764 
18802 14480 19498 6768 
18806 14488 19510 6769 
18813 14494 19514 6769 
18818 14498 19529 6771 
18829 14505 19540 6773 
18836 14506 19543 6776 
18842 14509 19549 6777 
18848 14513 19555 6778 
18851 14518 19562 6779 
18857 14523 19566 6783 
18860 14526 19575 6784 
18867 14534 19575 6788 
18873 14540 19586 6789 
18877 14546 19596 6794 
18884 14550 19599 6796 
18890 14555 19606 6798 
18895 14563 19614 6800 
18897 14567 19624 6800 
18903 14572 19628 6800 
18908 14578 19633 6802 
18916 14583 19637 6803 
18923 14585 19643 6804 
18925 14591 19648 6806 
18930 14599 19651 6807 
18939 14600 19655 6809 
18946 14603 19658 6813 
18952 14606 19660 6814 
18956 14612 19668 6817 
18961 14613 19672 6820 
18967 14617 19680 6822 
18970 14620 19683 6822 
18978 14626 19690 6825 
18985 14632 19702 6827 
18993 14637 19707 6827 
19006 14644 19708 6830 
19012 14651 19718 6836 
19020 14654 19727 6840 
19022 14662 19736 6843 
19024 14666 19743 6843 
19025 14673 19749 6847 
19031 14677 19756 6848 
19040 14684 19759 6851 
19044 14688 19765 6851 
19048 14695 19770 6852 
19049 14703 19779 6854 
19058 14709 19786 6856 
19064 14719 19791 6862 
19070 14721 19803 6863 
19077 14723 19813 6864 
19082 14725 19816 6866 
19087 14727 19822 6872 
19092 14732 19833 6876 
19096 14737 19837 6876 
19098 14743 19845 6879 
19100 14748 19848 6883 
19106 14750 19854 6883 
19113 14755 19864 6884 
19117 14761 19872 6887 
19125 14766 19876 6888 
19130 14769 19879 6892 
19138 14778 19885 6892 
19143 14788 19888 6895 
19151 14793 19890 6898 
19160 14795 19896 6898 
19168 14801 19902 6898 
19170 14808 19904 6902 
19175 14810 19910 6905 
19185 14817 19916 6906 
19195 14821 19924 6908 
19198 14824 19927 6910 
19209 14832 19928 6911 
19215 14837 19935 6914 
19221 14845 19939 6916 
19229 14851 19946 6919 
19237 14854 19953 6924 
19245 14855 19958 6926 
19246 14860 19963 6926 
19250 14862 19966 6928 
19256 14863 19969 6929 
19258 14872 19978 6930 
19266 14873 19987 6930 
19268 14880 19993 6934 
19273 14882 19999 6937 
19284 14885 20005 6938 
19289 14889 20012 6939 
19297 14892 20020 6941 
19303 14901 20026 6943 
19311 14909 20034 6946 
19315 14917 20040 6948 
19320 14922 20046 6948 
19324 14929 20052 6952 
19334 14935 20061 6954 
19343 14936 20070 6956 
19347 14940 20077 6960 
19355 14947 20084 6960 
19356 14949 20091 6963 
19361 14954 20099 6965 
19365 14959 20106 6967 
19371 14968 20108 6968 
19380 14975 20118 6970 
19385 14977 20123 6970 
19392 14988 20128 6973 
19397 14994 20132 6975 
19403 15001 20136 6977 
19411 15006 20137 6979 
19417 15007 20145 6981 
19421 15012 20154 6983 
19427 15016 20161 6986 
19439 15025 20165 6989 
19447 15030 20173 6991 
19452 15036 20175 6993 
19462 15041 20178 6995 
19466 15044 20182 6997 
19469 15048 20188 6997 
19476 15053 20191 6997 
19482 15060 20197 7003 
19487 15065 20204 7006 
19495 15075 20208 7006 
19504 15077 20213 7006 
19512 15082 20219 7009 
19517 15089 20227 7010 
19524 15096 20233 7012 
19530 15100 20240 7012 
19534 15107 20245 7012 
19538 15109 20250 7021 
19544 15114 20260 7022 
19550 15119 20267 7024 
19555 15123 20275 7028 
19559 15127 20280 7029 
19567 15132 20286 7031 
19572 15138 20290 7033 
19579 15143 20292 7036 
19582 15146 20301 7040 
19589 15151 20310 7043 
19593 15153 20317 7044 
19602 15158 20319 7046 
19610 15161 20325 7046 
19614 15162 20334 7049 
19620 15166 20339 7051 
19624 15176 20349 7054 
19630 15181 20355 7054 
19639 15184 20364 7056 
19641 15187 20366 7058 
19648 15194 20378 7058 
19656 15199 20384 7061 
19662 15207 20389 7064 
19667 15213 20394 7066 
19672 15221 20403 7069 
19680 15227 20404 7071 
19687 15232 20409 7071 
19691 15239 20421 7071 
19698 15243 20427 7077 
19705 15248 20437 7079 
19709 15255 20444 7083 
19719 15258 20453 7083 
19724 15262 20459 7088 
19732 15268 20468 7089 
19738 15273 20477 7090 
19741 15279 20483 7094 
19748 15283 20490 7097 
19750 15285 20494 7100 
19755 15288 20496 7100 
19762 15292 20507 7105 
19768 15301 20511 7110 
19776 15306 20519 7112 
19785 15307 20526 7115 
19791 15311 20529 7120 
19796 15313 20534 7126 
19801 15317 20544 7128 
19806 15322 20550 7130 
19813 15332 20554 7133 
19819 15336 20558 7137 
19822 15344 20567 7138 
19826 15351 20571 7142 
19831 15355 20579 7143 
19835 15357 20583 7143 
19838 15357 20595 7144 
19844 15358 20597 7146 
19850 15364 20604 7148 
19854 15373 20612 7152 
19863 15378 20617 7154 
19869 15382 20628 7155 
19878 15392 20630 7160 
19884 15397 20635 7162 
19894 15401 20643 7162 
19897 15407 20648 7166 
19901 15412 20654 7166 
19906 15419 20661 7167 
19911 15423 20669 7167 
19918 15427 20672 7168 
19924 15434 20677 7174 
19928 15440 20687 7177 
19937 15446 20696 7179 
19943 15452 20701 7182 
19953 15466 20706 7186 
19961 15469 20714 7188 
19967 15472 20718 7189 
19975 15475 20725 7191 
19982 15479 20730 7195 
19987 15485 20737 7195 
19997 15492 20744 7201 
20003 15498 20750 7202 
20007 15500 20756 7204 
20011 15502 20763 7204 
20015 15504 20773 7205 
20019 15508 20779 7208 
20026 15512 20785 7209 
20031 15519 20798 7210 
20037 15524 20811 7212 
20044 15526 20820 7216 
20046 15529 20828 7220 
20053 15533 20833 7223 
20058 15537 20840 7225 
20066 15544 20845 7227 
20072 15549 20851 7232 
20076 15556 20853 7235 
20083 15560 20857 7235 
20085 15565 20865 7235 
20092 15569 20868 7237 
20096 15574 20877 7240 
20100 15578 20883 7242 
20104 15584 20891 7243 
20110 15589 20899 7245 
20112 15594 20901 7246 
20117 15599 20904 7248 
20121 15607 20909 7249 
20131 15611 20916 7251 
20141 15615 20924 7252 
20148 15619 20928 7252 
20151 15625 20934 7256 
20159 15628 20938 7259 
20159 15631 20943 7262 
20165 15633 20948 7263 
20170 15638 20959 7265 
20174 15647 20969 7268 
20178 15654 20981 7270 
20183 15658 20994 7271 
20190 15665 20999 7274 
20200 15673 21005 7277 
20205 15676 21011 7280 
20211 15683 21015 7283 
20222 15689 21021 7283 
20226 15694 21027 7290 
20229 15698 21032 7293 
20236 15700 21041 7298 
20245 15706 21048 7300 
20252 15711 21055 7303 
20254 15715 21063 7307 
20258 15723 21066 7307 
20260 15729 21072 7307 
20265 15733 21076 7308 
20269 15735 21080 7311 
20278 15741 21087 7314 
20287 15747 21096 7316 
20296 15750 21099 7326 
20299 15758 21103 7330 
20309 15761 21109 7334 
20313 15771 21121 7335 
20319 15775 21126 7336 
20322 15778 21133 7340 
20329 15779 21138 7343 
20334 15784 21144 7347 
20339 15794 21146 7352 
20345 15798 21151 7353 
20351 15803 21163 7354 
20359 15804 21169 7355 
20369 15812 21178 7356 
20375 15818 21188 7359 
20383 15821 21196 7360 
20389 15826 21199 7360 
20394 15831 21213 7361 
20403 15837 21220 7363 
20407 15840 21231 7367 
20410 15843 21238 7367 
20413 15848 21249 7371 
20420 15851 21259 7374 
20425 15857 21270 7378 
20429 15863 21278 7379 
20433 15866 21285 7381 
20437 15871 21292 7386 
20441 15880 21299 7391 
20444 15882 21303 7393 
20452 15888 21307 7395 
20459 15891 21319 7400 
20465 15901 21324 7401 
20476 15907 21332 7407 
20484 15912 21337 7410 
20488 15918 21343 7413 
20495 15921 21350 7417 
20496 15927 21356 7419 
20499 15930 21359 7421 
20506 15935 21368 7422 
20511 15938 21377 7426 
20524 15947 21383 7426 
20532 15948 21390 7432 
20536 15948 21395 7436 
20545 15954 21403 7436 
20550 15957 21407 7437 
20556 15962 21414 7439 
20559 15964 21426 7440 
20562 15973 21433 7443 
20566 15974 21441 7444 
20576 15980 21447 7447 
20582 15988 21455 7447 
20589 15991 21462 7449 
20596 15998 21473 7449 
20605 16003 21479 7452 
20610 16008 21486 7455 
20613 16016 21491 7459 
20620 16023 21498 7460 
20624 16025 21505 7463 
20628 16031 21514 7463 
20641 16035 21520 7466 
20651 16040 21526 7468 
20656 16044 21536 7474 
20660 16048 21545 7475 
20669 16051 21552 7476 
20677 16060 21559 7478 
20682 16065 21570 7479 
20688 16070 21575 7481 
20694 16075 21582 7482 
20699 16079 21587 7482 
20707 16087 21591 7485 
20712 16094 21595 7488 
20722 16099 21601 7491 
20728 16102 21606 7494 
20732 16108 21614 7497 
20742 16114 21617 7499 
20748 16120 21623 7501 
20752 16123 21630 7505 
20759 16127 21642 7506 
20761 16132 21651 7506 
20769 16134 21659 7507 
20776 16141 21666 7510 
20785 16145 21672 7511 
20789 16153 21674 7516 
20793 16156 21682 7519 
20797 16159 21687 7521 
20804 16166 21690 7522 
20808 16171 21697 7525 
20811 16175 21703 7527 
20815 16185 21707 7530 
20819 16188 21711 7532 
20825 16196 21714 7535 
20831 16198 21720 7540 
20834 16207 21729 7544 
20840 16213 21739 7548 
20846 16219 21742 7551 
20854 16225 21743 7552 
20865 16232 21751 7557 
20870 16237 21764 7560 
20878 16241 21772 7566 
20883 16245 21778 7568 
20892 16249 21788 7570 
20895 16256 21792 7571 
20897 16257 21795 7571 
20899 16260 21800 7571 
20905 16267 21808 7580 
20910 16270 21812 7585 
20922 16274 21816 7587 
20929 16282 21826 7589 
20933 16289 21832 7591 
20941 16294 21841 7595 
20948 16297 21849 7597 
20959 16300 21856 7601 
20969 16307 21861 7604 
20977 16312 21864 7604 
20979 16319 21872 7607 
20984 16321 21877 7611 
20993 16325 21885 7613 
20997 16327 21890 7614 
21003 16333 21895 7617 
21007 16337 21898 7618 
21015 16341 21900 7621 
21023 16343 21908 7624 
21028 16345 21915 7627 
21035 16350 21923 7628 
21040 16353 21936 7628 
21049 16359 21940 7630 
21054 16368 21945 7631 
21059 16371 21959 7636 
21066 16372 21961 7638 
21072 16378 21969 7639 
21076 16384 21974 7640 
21085 16393 21978 7641 
21091 16398 21988 7642 
21097 16405 21992 7644 
21101 16410 21999 7646 
21108 16416 22006 7649 
21115 16421 22011 7651 
21124 16427 22016 7652 
21135 16431 22022 7652 
21142 16440 22030 7653 
21149 16449 22032 7655 
21155 16455 22035 7656 
21163 16457 22038 7659 
21173 16463 22043 7660 
21178 16470 22049 7662 
21183 16475 22055 7664 
21189 16478 22063 7664 
21198 16482 22071 7665 
21204 16486 22075 7666 
21210 16491 22080 7667 
21217 16495 22086 7669 
21226 16505 22089 7674 
21230 16508 22098 7678 
21234 16512 22103 7682 
21242 16521 22107 7684 
21250 16527 22109 7689 
21257 16532 22116 7691 
21267 16535 22119 7696 
21273 16540 22126 7698 
21276 16547 22129 7698 
21284 16550 22136 7700 
21290 16555 22144 7702 
21295 16560 22149 7702 
21305 16566 22155 7704 
21309 16571 22156 7707 
21316 16577 22163 7708 
21321 16581 22165 7711 
21332 16585 22171 7716 
21341 16586 22177 7723 
21351 16590 22183 7723 
21357 16594 22191 7723 
21361 16597 22194 7725 
21366 16602 22204 7727 
21369 16607 22207 7729 
21372 16615 22212 7730 
21380 16621 22218 7735 
21386 16631 22223 7736 
21396 16634 22228 7739 
21403 16641 22233 7742 
21408 16644 22243 7743 
21413 16652 22252 7743 
21423 16655 22254 7743 
21429 16662 22262 7746 
21432 16668 22270 7749 
21439 16671 22275 7752 
21444 16678 22285 7754 
21455 16683 22288 7755 
21459 16688 22299 7758 
21462 16691 22306 7762 
21467 16696 22312 7766 
21474 16698 22319 7769 
21481 16702 22329 7770 
21484 16704 22339 7771 
21490 16708 22347 7775 
21496 16715 22350 7775 
21506 16720 22355 7777 
21511 16722 22362 7779 
21517 16726 22366 7782 
21522 16733 22372 7785 
21526 16738 22379 7787 
21531 16745 22385 7790 
21535 16750 22393 7792 
21545 16759 22400 7793 
21553 16763 22403 7794 
21564 16768 22407 7795 
21570 16775 22410 7796 
21573 16778 22417 7797 
21579 16781 22424 7799 
21588 16788 22432 7801 
21593 16793 22440 7803 
21602 16803 22447 7806 
21611 16809 22454 7807 
21618 16813 22459 7813 
21623 16820 22465 7818 
21628 16827 22474 7819 
21632 16836 22486 7820 
21641 16846 22492 7820 
21652 16853 22502 7821 
21657 16854 22506 7825 
21668 16860 22511 7828 
21676 16863 22522 7829 
21685 16867 22531 7829 
21691 16872 22537 7832 
21696 16876 22545 7834 
21701 16881 22548 7838 
21708 16889 22561 7842 
21717 16897 22566 7844 
21724 16901 22577 7848 
21730 16909 22582 7851 
21735 16912 22590 7852 
21740 16914 22594 7858 
21744 16920 22598 7860 
21755 16925 22603 7863 
21757 16929 22614 7864 
21762 16931 22617 7867 
21770 16938 22620 7870 
21777 16941 22626 7872 
21785 16945 22635 7878 
21792 16948 22639 7880 
21793 16956 22642 7883 
21798 16961 22650 7888 
21803 16965 22657 7889 
21804 16969 22663 7891 
21807 16972 22676 7895 
21817 16978 22682 7900 
21824 16987 22688 7901 
21829 16988 22696 7902 
21833 16990 22700 7903 
21841 16992 22705 7906 
21847 16993 22713 7908 
21849 16999 22716 7910 
21859 17003 22723 7914 
21868 17010 22731 7916 
21874 17015 22736 7918 
21881 17017 22741 7922 
21888 17024 22745 7927 
21893 17031 22754 7930 
21901 17035 22762 7934 
21907 17041 22770 7938 
21917 17046 22776 7939 
21922 17046 22783 7944 
21929 17049 22787 7946 
21936 17050 22792 7948 
21937 17054 22798 7951 
21945 17059 22804 7952 
21947 17063 22809 7952 
21950 17069 22814 7955 
21955 17074 22819 7957 
21960 17079 22828 7958 
21966 17083 22838 7961 
21975 17088 22845 7964 
21980 17094 22850 7964 
21983 17096 22854 7967 
21993 17098 22859 7970 
22002 17102 22864 7975 
22010 17105 22872 7976 
22019 17114 22882 7977 
22024 17120 22889 7977 
22029 17126 22892 7980 
22036 17129 22897 7983 
22039 17131 22902 7987 
22048 17135 22906 7991 
22055 17140 22909 7991 
22063 17141 22916 7991 
22068 17151 22921 7996 
22072 17159 22927 7999 
22077 17168 22934 8000 
22080 17176 22943 8002 
22087 17185 22948 8004 
22092 17193 22955 8012 
22101 17197 22963 8015 
22108 17204 22967 8018 
22109 17213 22974 8021 
22123 17222 22982 8021 
22129 17227 22989 8022 
22133 17237 22994 8026 
22139 17241 23001 8030 
22142 17242 23007 8031 
22148 17245 23013 8032 
22156 17251 23023 8036 
22162 17254 23033 8038 
22167 17259 23047 8040 
22171 17265 23053 8041 
22177 17271 23059 8044 
22185 17274 23062 8045 
22189 17277 23070 8048 
22194 17280 23077 8055 
22203 17291 23089 8057 
22215 17298 23093 8059 
22219 17302 23100 8062 
22227 17309 23104 8067 
22235 17313 23110 8071 
22241 17316 23118 8072 
22246 17320 23126 8075 
22252 17325 23127 8077 
22259 17329 23134 8077 
22265 17333 23143 8078 
22272 17340 23150 8081 
22280 17347 23158 8083 
22282 17352 23165 8085 
22288 17356 23176 8086 
22291 17359 23183 8089 
22298 17363 23194 8090 
22305 17365 23200 8095 
22309 17368 23209 8096 
22318 17371 23218 8098 
22321 17378 23221 8101 
22326 17387 23226 8104 
22335 17391 23229 8105 
22340 17395 23235 8107 
22348 17404 23241 8109 
22350 17410 23246 8110 
22353 17417 23248 8114 
22359 17421 23254 8120 
22370 17427 23262 8124 
