0 0 0 0 
3 5 4 1 
12 11 7 3 
21 15 12 3 
25 18 13 4 
27 21 17 6 
31 22 21 9 
37 24 27 12 
40 28 33 14 
45 29 38 14 
53 33 43 18 
57 36 50 21 
67 37 58 26 
73 42 62 27 
80 47 72 30 
89 48 80 32 
94 49 85 32 
100 53 87 36 
103 58 89 38 
108 66 93 38 
111 68 98 40 
116 75 107 41 
123 80 118 42 
127 82 124 44 
133 87 127 44 
137 96 130 46 
150 98 137 47 
157 103 140 49 
163 111 148 50 
169 114 151 53 
171 115 155 54 
174 117 166 57 
179 119 171 60 
185 122 177 63 
192 130 187 68 
196 137 191 70 
201 143 198 73 
212 147 200 76 
216 150 211 77 
224 151 214 77 
228 155 218 78 
234 157 228 79 
237 161 231 81 
239 166 234 81 
243 172 238 81 
252 176 240 82 
256 179 247 82 
261 185 257 85 
264 189 259 86 
271 192 266 87 
278 198 268 90 
287 202 272 91 
293 205 276 93 
298 209 280 95 
303 216 288 95 
304 218 292 96 
305 225 298 97 
315 232 299 99 
321 234 304 100 
325 237 308 101 
334 240 315 103 
341 241 320 105 
344 244 328 108 
350 247 332 111 
356 252 336 115 
362 258 338 120 
369 260 343 123 
377 264 351 128 
385 267 358 130 
389 271 360 132 
394 272 367 134 
398 273 372 136 
404 276 377 138 
410 281 380 139 
414 283 387 140 
419 285 392 141 
421 291 397 143 
426 295 402 145 
434 299 405 148 
436 304 410 151 
438 306 414 152 
442 309 418 152 
449 319 425 154 
459 327 431 158 
464 329 435 161 
471 333 440 164 
473 335 446 165 
478 340 453 165 
482 343 456 167 
485 346 462 168 
494 347 465 172 
500 349 469 174 
506 352 476 177 
511 353 481 177 
517 354 487 179 
519 358 491 180 
526 361 496 182 
530 364 498 184 
536 366 506 185 
544 369 511 186 
551 375 519 187 
556 377 524 189 
561 381 530 191 
566 385 538 192 
570 394 544 192 
576 400 551 193 
580 402 554 193 
584 404 558 194 
593 407 561 195 
598 409 570 197 
605 410 574 200 
610 412 578 202 
613 414 581 206 
619 418 588 206 
621 424 590 208 
631 427 593 208 
638 429 599 213 
645 434 606 216 
659 438 609 218 
664 443 616 219 
674 450 623 219 
675 454 627 220 
680 456 630 221 
684 459 635 224 
688 461 640 226 
692 463 642 229 
697 466 651 232 
700 468 655 233 
708 469 658 233 
712 472 664 233 
715 474 667 236 
723 476 675 237 
727 480 682 239 
739 481 689 243 
749 485 699 246 
756 488 706 248 
762 492 712 248 
772 496 716 248 
776 501 722 249 
780 502 725 254 
787 504 730 258 
794 508 735 261 
801 509 737 261 
805 510 745 263 
814 516 749 266 
821 518 750 269 
828 522 755 270 
836 525 763 272 
842 531 768 275 
845 536 768 276 
848 538 774 278 
855 542 780 280 
859 545 786 282 
864 549 792 286 
868 555 796 287 
874 556 803 288 
877 560 808 290 
880 563 811 291 
891 566 818 292 
897 568 825 293 
900 571 830 294 
907 578 835 295 
914 583 844 299 
920 588 844 300 
926 592 847 302 
931 595 850 302 
933 597 853 302 
940 601 855 303 
947 604 860 304 
954 606 865 305 
966 608 873 307 
973 611 883 310 
977 613 885 310 
984 614 889 312 
990 618 893 314 
997 622 897 314 
1005 625 901 314 
1007 627 904 316 
1012 631 911 316 
1017 636 914 318 
1024 639 919 319 
1030 645 921 319 
1036 649 925 323 
1042 655 925 326 
1044 657 931 327 
1046 660 934 329 
1055 661 936 332 
1063 668 942 332 
1069 671 946 334 
1075 674 948 335 
1080 675 951 337 
1084 678 958 338 
1091 682 963 339 
1096 686 968 340 
1099 691 973 342 
1101 696 979 342 
1104 703 987 342 
1106 706 991 343 
1112 708 995 345 
1118 714 998 347 
1121 717 1003 349 
1124 720 1009 349 
1134 724 1016 354 
1137 733 1020 355 
1144 737 1023 356 
1149 743 1028 359 
1161 749 1031 359 
1165 755 1037 360 
1170 762 1044 362 
1176 763 1052 366 
1184 766 1056 367 
1188 772 1063 371 
1191 774 1067 371 
1197 779 1074 373 
1201 783 1081 374 
1204 792 1084 374 
1214 797 1092 375 
1218 799 1097 376 
1221 799 1098 379 
1223 801 1103 381 
1231 804 1109 382 
1234 804 1116 384 
1244 806 1119 385 
1252 811 1124 387 
1259 815 1130 388 
1270 819 1132 390 
1277 822 1139 392 
1280 827 1147 397 
1282 833 1154 399 
1287 836 1159 399 
1291 841 1164 401 
1293 841 1171 402 
1297 846 1178 405 
1302 849 1184 405 
1310 852 1190 405 
1316 855 1197 405 
1323 859 1202 407 
1328 862 1209 408 
1335 866 1214 408 
1339 867 1218 410 
1343 872 1221 411 
1349 875 1227 413 
1353 880 1232 415 
1358 883 1241 418 
1362 885 1247 420 
1366 889 1250 425 
1373 893 1257 428 
1380 898 1260 429 
1386 898 1267 431 
1393 904 1273 432 
1397 910 1275 432 
1399 915 1280 434 
1407 916 1287 436 
1414 919 1289 438 
1421 922 1296 439 
1421 926 1300 440 
1426 928 1306 440 
1429 929 1312 440 
1435 936 1316 442 
1443 943 1324 443 
1446 945 1332 443 
1452 949 1337 445 
1460 951 1350 447 
1465 958 1354 447 
1470 963 1361 447 
1477 965 1363 448 
1485 969 1370 449 
1492 973 1374 450 
1494 978 1376 454 
1499 985 1379 457 
1508 988 1389 465 
1513 989 1395 468 
1515 992 1403 468 
1523 999 1406 469 
1527 1003 1410 471 
1534 1005 1416 474 
1542 1011 1423 476 
1546 1014 1424 477 
1552 1019 1433 477 
1554 1024 1436 479 
1559 1026 1441 481 
1565 1028 1445 483 
1572 1031 1452 486 
1577 1034 1456 489 
1583 1040 1461 489 
1590 1043 1464 491 
1597 1048 1471 492 
1603 1052 1473 493 
1605 1054 1480 496 
1610 1057 1487 496 
1614 1059 1490 498 
1619 1062 1497 499 
1627 1067 1501 501 
1636 1074 1507 501 
1641 1081 1514 504 
1648 1083 1519 506 
1652 1089 1526 506 
1658 1094 1535 508 
1663 1097 1540 512 
1664 1099 1545 515 
1667 1102 1551 517 
1672 1104 1553 518 
1675 1109 1558 520 
1678 1110 1562 523 
1683 1114 1567 524 
1689 1122 1569 525 
1697 1125 1576 525 
1705 1133 1578 526 
1709 1136 1583 526 
1712 1145 1585 528 
1717 1151 1587 529 
1721 1154 1590 531 
1727 1158 1597 532 
1731 1161 1601 535 
1741 1167 1604 536 
1746 1172 1606 539 
1751 1173 1609 540 
1758 1177 1614 543 
1765 1180 1621 544 
1768 1182 1622 545 
1782 1192 1625 547 
1783 1195 1628 548 
1791 1198 1635 550 
1797 1200 1640 553 
1802 1205 1642 555 
1812 1208 1648 558 
1820 1211 1654 559 
1826 1216 1659 563 
1831 1219 1663 564 
1834 1221 1668 565 
1839 1223 1670 566 
1845 1231 1677 567 
1852 1239 1682 570 
1861 1243 1685 573 
1866 1244 1689 575 
1870 1246 1694 575 
1875 1248 1698 576 
1880 1252 1701 576 
1887 1257 1708 581 
1892 1260 1713 581 
1897 1263 1715 581 
1905 1264 1726 582 
1908 1268 1729 583 
1912 1271 1737 583 
1918 1274 1746 584 
1923 1277 1753 588 
1930 1282 1754 589 
1936 1286 1758 591 
1943 1291 1761 592 
1949 1296 1766 596 
1951 1300 1769 596 
1953 1303 1775 597 
1962 1306 1779 598 
1968 1308 1782 599 
1977 1310 1788 600 
1985 1314 1796 600 
1990 1320 1800 603 
1996 1321 1805 607 
2001 1323 1810 607 
2006 1328 1814 607 
2011 1329 1818 610 
2015 1333 1822 612 
2023 1334 1826 616 
2031 1336 1834 617 
2038 1341 1839 619 
2044 1345 1844 619 
2053 1350 1849 620 
2061 1351 1852 620 
2062 1353 1859 620 
2066 1356 1864 624 
2071 1357 1869 626 
2075 1361 1873 627 
2085 1362 1879 630 
2088 1366 1885 630 
2091 1369 1893 632 
2099 1372 1900 633 
2104 1374 1906 633 
2108 1378 1910 634 
2113 1381 1913 634 
2118 1386 1920 636 
2121 1388 1927 638 
2128 1394 1932 640 
2131 1401 1937 641 
2137 1404 1942 642 
2141 1411 1949 645 
2144 1417 1953 647 
2150 1418 1960 647 
2156 1421 1966 650 
2160 1426 1969 650 
2162 1431 1977 651 
2167 1439 1980 653 
2170 1443 1986 654 
2175 1445 1992 655 
2178 1447 1999 660 
2185 1447 2002 662 
2191 1451 2008 663 
2196 1455 2015 664 
2200 1457 2017 666 
2205 1462 2022 667 
2209 1466 2028 669 
2214 1468 2032 670 
2219 1470 2037 671 
2224 1473 2042 672 
2227 1478 2050 672 
2233 1483 2057 674 
2241 1486 2062 676 
2243 1490 2066 677 
2251 1496 2072 678 
2256 1498 2076 679 
2259 1498 2079 680 
2264 1502 2088 680 
2270 1503 2099 680 
2273 1507 2104 684 
2280 1511 2109 687 
2283 1516 2113 689 
2287 1521 2120 690 
2291 1523 2126 693 
2296 1526 2129 695 
2302 1534 2134 698 
2307 1534 2139 701 
2309 1538 2147 704 
2316 1545 2155 706 
2320 1551 2158 707 
2331 1554 2166 711 
2333 1557 2170 713 
2340 1561 2173 714 
2345 1565 2178 714 
2349 1568 2182 717 
2357 1575 2190 719 
2362 1580 2194 720 
2372 1582 2201 722 
2380 1586 2206 724 
2385 1590 2213 725 
2392 1591 2219 726 
2395 1592 2219 727 
2398 1598 2224 729 
2406 1602 2227 730 
2409 1606 2230 730 
2414 1610 2237 733 
2423 1613 2242 735 
2427 1616 2248 736 
2435 1623 2254 744 
2443 1628 2259 748 
2450 1631 2263 750 
2462 1636 2272 750 
2468 1640 2277 751 
2475 1648 2282 751 
2480 1651 2284 752 
2483 1653 2287 755 
2488 1657 2291 759 
2492 1659 2300 760 
2501 1660 2305 760 
2504 1663 2312 764 
2507 1667 2315 764 
2516 1669 2323 766 
2521 1673 2331 766 
2524 1679 2340 767 
2529 1683 2343 768 
2533 1691 2347 772 
2539 1695 2352 775 
2543 1699 2354 777 
2547 1704 2364 780 
2552 1709 2372 781 
2560 1714 2379 782 
2561 1718 2384 783 
2566 1724 2389 787 
2570 1728 2397 787 
2574 1732 2403 790 
2583 1733 2407 792 
2591 1735 2413 793 
2595 1739 2418 795 
2607 1745 2424 799 
2611 1754 2431 799 
2612 1757 2436 800 
2620 1763 2442 803 
2625 1765 2444 804 
2627 1768 2446 806 
2632 1771 2452 806 
2639 1779 2457 812 
2647 1779 2464 814 
2651 1783 2470 819 
2657 1785 2475 822 
2664 1789 2479 825 
2670 1791 2484 828 
2675 1796 2491 828 
2683 1798 2495 830 
2688 1801 2497 831 
2694 1807 2505 834 
2700 1809 2510 836 
2702 1814 2513 839 
2706 1815 2516 839 
2712 1819 2522 842 
2715 1826 2529 842 
2721 1830 2534 844 
2726 1834 2534 845 
2732 1837 2542 845 
2736 1840 2545 846 
2743 1847 2548 846 
2750 1849 2555 848 
2753 1853 2558 851 
2758 1855 2562 855 
2762 1855 2573 857 
2767 1858 2579 857 
2770 1860 2584 858 
2775 1866 2587 859 
2783 1868 2590 859 
2792 1878 2598 860 
2793 1886 2602 864 
2797 1890 2604 866 
2803 1893 2609 869 
2804 1897 2612 870 
2813 1902 2617 872 
2818 1903 2624 875 
2822 1906 2628 876 
2827 1908 2632 878 
2827 1914 2637 880 
2830 1917 2640 882 
2840 1923 2644 885 
2850 1924 2652 890 
2854 1929 2658 892 
2864 1935 2668 895 
2867 1938 2671 898 
2873 1943 2676 899 
2879 1945 2683 899 
2888 1946 2689 903 
2893 1949 2697 904 
2896 1957 2701 904 
2903 1959 2708 905 
2908 1962 2712 908 
2908 1965 2716 908 
2914 1970 2722 909 
2918 1976 2728 910 
2918 1978 2734 911 
2925 1979 2738 913 
2927 1985 2744 914 
2929 1994 2750 915 
2934 1999 2759 916 
2936 2003 2764 916 
2941 2010 2769 918 
2945 2016 2772 920 
2949 2022 2779 922 
2954 2023 2783 924 
2955 2028 2786 925 
2963 2033 2794 926 
2968 2038 2803 926 
2977 2038 2810 930 
2983 2040 2815 932 
2988 2045 2816 935 
2995 2049 2820 935 
3000 2056 2830 936 
3005 2057 2833 938 
3006 2059 2838 940 
3010 2063 2845 942 
3014 2069 2849 943 
3024 2069 2854 945 
3032 2076 2855 947 
3037 2081 2860 948 
3044 2086 2862 949 
3045 2091 2868 951 
3058 2096 2869 952 
3060 2099 2872 955 
3063 2106 2876 955 
3067 2110 2881 957 
3070 2114 2885 959 
3074 2116 2891 961 
3081 2122 2899 963 
3089 2126 2903 966 
3098 2127 2910 968 
3104 2131 2917 969 
3107 2135 2920 975 
3112 2139 2926 977 
3118 2142 2934 979 
3122 2147 2937 982 
3128 2148 2941 986 
3132 2154 2943 987 
3137 2159 2946 987 
3140 2162 2953 987 
3144 2165 2960 988 
3151 2166 2962 991 
3155 2171 2972 996 
3158 2176 2981 999 
3163 2183 2986 1000 
3167 2187 2992 1001 
3170 2189 3000 1006 
3175 2192 3006 1007 
3179 2198 3008 1011 
3183 2200 3013 1011 
3187 2202 3016 1014 
3193 2209 3018 1015 
3195 2212 3025 1016 
3198 2217 3029 1018 
3201 2219 3035 1018 
3209 2226 3041 1021 
3216 2229 3046 1022 
3220 2231 3057 1022 
3223 2237 3064 1024 
3229 2241 3067 1027 
3234 2247 3070 1028 
3239 2251 3073 1030 
3246 2255 3079 1031 
3252 2262 3083 1032 
3257 2270 3086 1034 
3262 2280 3088 1034 
3266 2284 3094 1038 
3269 2291 3098 1039 
3274 2295 3105 1039 
3279 2298 3111 1042 
3286 2305 3119 1042 
3290 2309 3126 1043 
3297 2312 3132 1045 
3297 2314 3138 1045 
3302 2316 3143 1047 
3308 2318 3145 1047 
3311 2319 3150 1050 
3312 2321 3153 1052 
3316 2324 3157 1053 
3323 2327 3162 1055 
3332 2330 3172 1057 
3338 2337 3176 1062 
3342 2343 3184 1062 
3345 2347 3189 1064 
3347 2349 3197 1064 
3353 2357 3203 1066 
3361 2361 3208 1069 
3364 2365 3212 1069 
3371 2368 3215 1072 
3377 2371 3221 1072 
3382 2374 3226 1072 
3386 2378 3235 1074 
3388 2378 3243 1078 
3393 2382 3251 1083 
3397 2390 3258 1085 
3404 2397 3260 1087 
3411 2403 3265 1091 
3415 2408 3268 1093 
3420 2412 3272 1096 
3423 2413 3279 1099 
3429 2416 3284 1100 
3434 2420 3290 1101 
3442 2420 3298 1102 
3447 2423 3302 1102 
3451 2428 3308 1104 
3458 2432 3315 1106 
3461 2435 3319 1108 
3473 2439 3324 1110 
3476 2441 3332 1112 
3482 2449 3336 1113 
3485 2452 3337 1115 
3488 2454 3341 1118 
3495 2459 3348 1119 
3500 2467 3352 1121 
3506 2473 3354 1122 
3514 2478 3357 1122 
3516 2479 3362 1123 
3523 2486 3369 1126 
3527 2492 3379 1127 
3530 2494 3387 1128 
3534 2495 3394 1130 
3538 2498 3402 1131 
3540 2505 3412 1132 
3542 2509 3417 1134 
3549 2513 3424 1137 
3552 2520 3426 1141 
3558 2525 3433 1147 
3561 2530 3436 1148 
3565 2534 3442 1149 
3566 2536 3447 1150 
3571 2537 3452 1150 
3579 2539 3461 1150 
3583 2541 3467 1151 
3587 2545 3467 1154 
3592 2548 3473 1159 
3600 2556 3477 1160 
3606 2557 3480 1161 
3609 2562 3485 1163 
3614 2566 3492 1164 
3615 2569 3494 1164 
3620 2571 3496 1167 
3622 2576 3502 1170 
3625 2580 3504 1173 
3629 2582 3508 1176 
3635 2584 3517 1178 
3641 2592 3524 1178 
3648 2596 3530 1181 
3654 2599 3536 1185 
3659 2605 3539 1187 
3666 2606 3545 1188 
3669 2610 3550 1188 
3672 2613 3554 1191 
3680 2620 3562 1193 
3684 2622 3569 1194 
3689 2626 3576 1199 
3699 2629 3583 1201 
3705 2634 3587 1203 
3711 2642 3592 1203 
3713 2642 3597 1204 
3718 2644 3602 1205 
3719 2648 3608 1205 
3727 2651 3614 1207 
3736 2654 3616 1210 
3745 2657 3624 1211 
3749 2661 3631 1211 
3759 2664 3637 1213 
3764 2668 3645 1220 
3771 2674 3648 1222 
3777 2677 3654 1224 
3781 2681 3662 1226 
3784 2683 3669 1228 
3785 2685 3674 1230 
3790 2687 3678 1231 
3791 2695 3682 1233 
3796 2700 3687 1235 
3803 2703 3694 1236 
3806 2707 3697 1237 
3813 2712 3702 1238 
3817 2715 3707 1240 
3820 2720 3712 1244 
3831 2723 3724 1245 
3835 2727 3731 1246 
3840 2734 3738 1249 
3845 2735 3744 1251 
3852 2738 3747 1255 
3858 2741 3755 1256 
3865 2746 3764 1257 
3874 2751 3770 1260 
3875 2757 3775 1262 
3882 2762 3781 1263 
3886 2767 3787 1264 
3889 2772 3790 1267 
3893 2775 3796 1271 
3897 2777 3801 1272 
3901 2779 3803 1273 
3904 2782 3806 1276 
3908 2790 3811 1276 
3917 2794 3817 1278 
3922 2800 3826 1285 
3924 2803 3831 1286 
3931 2807 3837 1286 
3938 2809 3841 1287 
3946 2811 3846 1290 
3953 2814 3852 1290 
3959 2818 3857 1291 
3963 2820 3862 1294 
3966 2821 3865 1294 
3975 2828 3873 1295 
3979 2828 3879 1295 
3984 2834 3885 1298 
3987 2838 3888 1299 
3997 2839 3895 1301 
4002 2844 3903 1302 
4009 2850 3906 1303 
4014 2855 3910 1307 
4021 2865 3918 1309 
4024 2871 3921 1310 
4028 2874 3924 1314 
4035 2875 3928 1316 
4039 2880 3933 1321 
4047 2885 3935 1323 
4049 2887 3941 1326 
4050 2889 3949 1327 
4055 2890 3954 1332 
4062 2894 3960 1334 
4070 2899 3968 1334 
4079 2902 3972 1334 
4083 2907 3974 1336 
4085 2909 3978 1338 
4090 2912 3984 1338 
4098 2918 3989 1340 
4104 2918 3996 1342 
4105 2920 4001 1343 
4106 2926 4006 1344 
4113 2931 4009 1345 
4119 2937 4013 1348 
4125 2940 4017 1351 
4132 2945 4023 1353 
4139 2951 4027 1354 
4146 2956 4030 1354 
4157 2958 4034 1359 
4161 2964 4041 1361 
4169 2969 4047 1363 
4172 2971 4050 1366 
4177 2973 4055 1366 
4182 2977 4062 1368 
4184 2982 4067 1369 
4191 2985 4072 1370 
4193 2991 4079 1374 
4197 2996 4087 1377 
4207 3002 4095 1377 
4212 3005 4099 1379 
4213 3007 4107 1382 
4220 3011 4112 1382 
4223 3014 4118 1384 
4226 3021 4128 1386 
4229 3025 4139 1388 
4233 3029 4142 1389 
4239 3034 4152 1391 
4247 3042 4158 1394 
4253 3049 4163 1398 
4256 3051 4167 1399 
4260 3055 4170 1401 
4265 3064 4179 1402 
4269 3072 4186 1403 
4273 3074 4189 1403 
4279 3077 4194 1406 
4288 3082 4195 1408 
4294 3087 4196 1410 
4307 3090 4202 1413 
4313 3090 4206 1413 
4319 3092 4210 1414 
4322 3096 4212 1415 
4326 3104 4218 1416 
4330 3106 4226 1419 
4339 3107 4231 1424 
4348 3114 4236 1426 
4352 3116 4243 1428 
4355 3119 4251 1432 
4356 3122 4259 1433 
4360 3128 4262 1436 
4366 3131 4268 1437 
4376 3132 4271 1437 
4383 3133 4277 1443 
4389 3135 4285 1444 
4391 3139 4288 1446 
4395 3145 4296 1448 
4399 3152 4302 1452 
4401 3156 4308 1453 
4407 3159 4314 1454 
4409 3163 4320 1456 
4415 3167 4330 1457 
4422 3168 4337 1459 
4427 3174 4340 1462 
4432 3181 4344 1464 
4435 3185 4353 1466 
4440 3186 4356 1466 
4445 3188 4363 1469 
4451 3192 4369 1473 
4452 3196 4372 1476 
4456 3201 4376 1476 
4460 3206 4383 1479 
4467 3213 4388 1480 
4471 3218 4392 1480 
4476 3222 4395 1483 
4483 3228 4402 1490 
4492 3232 4406 1493 
4495 3234 4410 1495 
4499 3237 4411 1496 
4501 3244 4416 1499 
4506 3249 4420 1500 
4509 3256 4432 1502 
4513 3263 4436 1505 
4517 3268 4441 1508 
4524 3271 4447 1508 
4526 3277 4452 1511 
4532 3282 4458 1511 
4540 3286 4468 1514 
4550 3289 4480 1517 
4553 3292 4488 1518 
4561 3298 4493 1518 
4565 3301 4498 1519 
4569 3306 4506 1522 
4575 3310 4507 1526 
4582 3314 4512 1528 
4588 3317 4515 1528 
4596 3321 4517 1529 
4602 3324 4522 1532 
4609 3328 4527 1534 
4613 3336 4536 1535 
4619 3338 4540 1539 
4623 3343 4545 1540 
4627 3346 4552 1542 
4632 3349 4553 1546 
4637 3352 4560 1548 
4639 3354 4567 1550 
4643 3364 4572 1552 
4645 3367 4581 1555 
4650 3370 4586 1558 
4656 3371 4591 1558 
4658 3373 4595 1560 
4665 3378 4603 1563 
4671 3381 4611 1565 
4678 3384 4616 1565 
4681 3389 4623 1566 
4690 3395 4628 1566 
4696 3398 4635 1568 
4706 3400 4641 1568 
4712 3402 4649 1570 
4718 3407 4652 1570 
4725 3410 4661 1572 
4730 3416 4666 1575 
4735 3419 4674 1579 
4739 3420 4683 1580 
4742 3422 4690 1581 
4749 3426 4696 1582 
4758 3429 4700 1582 
4768 3433 4707 1585 
4773 3437 4714 1587 
4779 3440 4718 1590 
4785 3442 4724 1590 
4793 3443 4727 1594 
4802 3446 4736 1594 
4809 3451 4738 1596 
4819 3453 4741 1598 
4820 3461 4744 1599 
4824 3463 4749 1601 
4824 3467 4754 1605 
4832 3473 4760 1607 
4838 3479 4767 1609 
4840 3484 4772 1610 
4847 3488 4774 1611 
4847 3490 4777 1612 
4854 3495 4786 1616 
4861 3498 4791 1617 
4866 3500 4798 1619 
4870 3504 4801 1622 
4872 3507 4808 1624 
4876 3508 4813 1626 
4878 3512 4818 1627 
4884 3519 4822 1629 
4891 3523 4827 1632 
4895 3525 4832 1632 
4903 3528 4835 1633 
4911 3532 4838 1634 
4916 3535 4844 1635 
4924 3548 4848 1636 
4930 3552 4856 1639 
4936 3557 4863 1641 
4941 3560 4869 1643 
4947 3565 4870 1645 
4949 3567 4875 1645 
4954 3572 4880 1648 
4958 3572 4890 1650 
4960 3577 4895 1657 
4966 3581 4898 1661 
4980 3588 4902 1661 
4987 3593 4913 1662 
4994 3595 4916 1666 
4998 3596 4924 1668 
5001 3600 4930 1670 
5007 3608 4935 1674 
5010 3615 4940 1676 
5019 3617 4943 1680 
5025 3620 4949 1682 
5030 3620 4955 1682 
5040 3625 4961 1682 
5046 3628 4968 1683 
5051 3634 4974 1685 
5057 3640 4977 1686 
5064 3648 4981 1687 
5067 3649 4985 1688 
5076 3655 4989 1689 
5080 3657 4994 1691 
5085 3662 4996 1692 
5091 3666 5001 1693 
5097 3668 5005 1696 
5104 3673 5012 1702 
5109 3676 5018 1702 
5114 3678 5021 1703 
5114 3682 5024 1705 
5117 3687 5027 1707 
5122 3693 5033 1708 
5130 3700 5036 1712 
5137 3703 5042 1713 
5141 3710 5047 1714 
5148 3716 5056 1716 
5158 3720 5063 1717 
5162 3730 5072 1717 
5166 3738 5076 1717 
5169 3744 5085 1720 
5179 3748 5089 1720 
5188 3750 5092 1722 
5197 3753 5096 1722 
5200 3760 5098 1726 
5207 3763 5102 1728 
5215 3767 5108 1731 
5221 3770 5111 1732 
5223 3775 5114 1734 
5232 3777 5121 1735 
5238 3779 5129 1738 
5245 3780 5136 1742 
5250 3786 5142 1743 
5254 3788 5154 1745 
5264 3796 5161 1747 
5268 3802 5164 1748 
5272 3802 5170 1750 
5280 3806 5175 1753 
5284 3810 5183 1757 
5287 3814 5190 1758 
5289 3818 5196 1760 
5298 3822 5202 1761 
5299 3826 5206 1769 
5304 3831 5213 1772 
5308 3831 5218 1773 
5313 3836 5225 1773 
5320 3840 5228 1775 
5327 3843 5234 1775 
5334 3850 5238 1776 
5339 3855 5248 1778 
5341 3859 5252 1781 
5352 3862 5260 1782 
5357 3865 5265 1784 
5364 3866 5270 1786 
5372 3871 5276 1788 
5376 3872 5281 1791 
5387 3877 5285 1794 
5392 3881 5291 1798 
5402 3884 5299 1799 
5407 3887 5308 1800 
5413 3890 5311 1800 
5418 3894 5320 1802 
5424 3900 5325 1803 
5429 3903 5326 1808 
5435 3910 5333 1811 
5442 3915 5336 1814 
5452 3919 5341 1816 
5459 3921 5344 1818 
5463 3924 5346 1819 
5468 3930 5351 1820 
5475 3937 5357 1823 
5481 3943 5362 1828 
5489 3947 5366 1830 
5498 3947 5372 1832 
5503 3951 5376 1835 
5509 3960 5380 1837 
5512 3961 5384 1839 
5516 3971 5388 1839 
5524 3979 5395 1843 
5528 3981 5400 1844 
5531 3981 5407 1846 
5537 3985 5410 1848 
5541 3989 5412 1851 
5544 3990 5416 1852 
5549 3995 5424 1857 
5550 4003 5429 1859 
5558 4008 5433 1859 
5563 4009 5438 1861 
5568 4016 5443 1862 
5572 4022 5447 1863 
5576 4025 5450 1866 
5580 4029 5458 1867 
5588 4033 5464 1870 
5592 4038 5471 1871 
5600 4045 5479 1874 
5606 4048 5489 1875 
5609 4059 5494 1876 
5614 4063 5501 1879 
5619 4067 5508 1880 
5625 4068 5511 1881 
5635 4071 5515 1882 
5640 4079 5524 1884 
5646 4085 5525 1886 
5655 4088 5530 1888 
5662 4092 5539 1892 
5666 4094 5547 1892 
5675 4096 5549 1893 
5682 4098 5554 1894 
5685 4102 5555 1897 
5688 4106 5560 1901 
5695 4107 5562 1902 
5700 4114 5572 1905 
5704 4117 5578 1907 
5709 4120 5585 1910 
5713 4124 5592 1911 
5716 4131 5593 1913 
5722 4137 5598 1914 
5727 4144 5603 1916 
5732 4150 5609 1918 
5740 4150 5616 1918 
5746 4153 5625 1920 
5752 4155 5632 1920 
5762 4158 5633 1923 
5765 4162 5640 1925 
5771 4169 5641 1926 
5772 4171 5648 1927 
5779 4175 5656 1928 
5785 4181 5661 1931 
5786 4184 5663 1932 
5792 4187 5671 1932 
5797 4190 5676 1932 
5800 4195 5682 1933 
5806 4198 5685 1936 
5814 4199 5689 1938 
5821 4206 5695 1938 
5828 4211 5698 1941 
5830 4218 5703 1943 
5835 4221 5708 1945 
5840 4227 5712 1947 
5846 4232 5718 1947 
5855 4235 5726 1949 
5860 4239 5732 1953 
5864 4244 5734 1955 
5867 4249 5744 1958 
5871 4251 5748 1958 
5876 4257 5753 1959 
5877 4261 5760 1962 
5880 4263 5764 1965 
5888 4266 5767 1968 
5890 4269 5770 1972 
5895 4272 5779 1975 
5900 4276 5785 1976 
5907 4279 5789 1977 
5914 4281 5791 1979 
5919 4284 5795 1982 
5923 4286 5797 1983 
5926 4289 5804 1984 
5936 4298 5810 1986 
5941 4302 5815 1987 
5946 4304 5819 1989 
5950 4311 5825 1989 
5955 4317 5831 1991 
5963 4321 5836 1992 
5967 4322 5848 1993 
5972 4326 5851 1995 
5976 4329 5855 1998 
5979 4335 5865 1999 
5986 4340 5874 2001 
5990 4342 5875 2001 
5993 4345 5884 2003 
6000 4351 5888 2004 
6010 4353 5894 2008 
6015 4355 5899 2011 
6019 4359 5903 2013 
6026 4365 5906 2014 
6030 4368 5908 2016 
6034 4371 5912 2017 
6040 4379 5917 2019 
6049 4383 5922 2021 
6051 4385 5927 2025 
6056 4390 5933 2028 
6059 4399 5941 2030 
6070 4405 5945 2031 
6075 4410 5954 2033 
6081 4415 5959 2034 
6088 4420 5961 2035 
6092 4423 5967 2038 
6096 4428 5971 2044 
6103 4432 5981 2045 
6111 4437 5990 2047 
6119 4441 5996 2049 
6124 4444 6002 2050 
6129 4447 6008 2052 
6136 4447 6013 2053 
6146 4451 6018 2057 
6149 4451 6023 2062 
6154 4454 6031 2064 
6158 4458 6033 2068 
6165 4465 6041 2070 
6171 4468 6046 2072 
6181 4470 6049 2073 
6184 4477 6057 2076 
6189 4481 6060 2080 
6196 4483 6064 2082 
6200 4489 6068 2084 
6201 4491 6073 2085 
6205 4494 6079 2088 
6211 4498 6088 2089 
6213 4498 6097 2094 
6217 4499 6102 2095 
6222 4500 6110 2096 
6226 4504 6112 2098 
6228 4512 6118 2099 
6233 4515 6121 2099 
6239 4520 6127 2101 
6242 4524 6129 2102 
6249 4529 6133 2104 
6260 4533 6138 2105 
6271 4539 6146 2106 
6276 4545 6153 2106 
6284 4548 6158 2110 
6287 4552 6164 2113 
6294 4557 6168 2114 
6304 4559 6172 2114 
6312 4562 6178 2116 
6313 4565 6180 2119 
6317 4566 6183 2122 
6318 4569 6195 2123 
6327 4571 6205 2123 
6332 4578 6213 2125 
6336 4581 6216 2126 
6340 4584 6218 2126 
6343 4588 6224 2129 
6352 4595 6234 2130 
6360 4600 6242 2130 
6369 4602 6250 2133 
6372 4606 6258 2133 
6377 4610 6267 2134 
6381 4613 6272 2135 
6388 4619 6281 2136 
6392 4624 6288 2138 
6397 4626 6292 2141 
6404 4632 6295 2142 
6411 4639 6301 2142 
6415 4646 6308 2143 
6420 4656 6320 2144 
6425 4662 6327 2146 
6433 4664 6333 2148 
6437 4669 6337 2151 
6443 4675 6342 2154 
6450 4678 6348 2157 
6455 4680 6353 2160 
6458 4683 6359 2163 
6461 4688 6368 2164 
6464 4690 6376 2166 
6468 4692 6383 2167 
6477 4696 6390 2169 
6482 4698 6396 2173 
6488 4702 6402 2175 
6490 4704 6406 2180 
6494 4709 6410 2180 
6498 4714 6415 2182 
6505 4721 6421 2183 
6507 4727 6428 2183 
6512 4728 6431 2183 
6519 4735 6439 2184 
6527 4739 6444 2185 
6536 4747 6452 2189 
6542 4750 6462 2190 
6548 4754 6466 2192 
6553 4757 6470 2194 
6558 4762 6475 2195 
6566 4768 6480 2200 
6571 4771 6484 2203 
6577 4776 6494 2204 
6579 4782 6501 2204 
6583 4789 6510 2207 
6587 4793 6516 2212 
6590 4796 6523 2214 
6597 4801 6530 2217 
6600 4805 6533 2217 
6608 4810 6537 2218 
6614 4814 6542 2220 
6619 4820 6544 2220 
6626 4826 6548 2224 
6628 4830 6553 2226 
6630 4832 6555 2228 
6636 4837 6558 2231 
6643 4841 6568 2233 
6649 4843 6575 2234 
6652 4847 6580 2237 
6655 4849 6584 2237 
6656 4852 6589 2242 
6661 4853 6595 2242 
6667 4857 6603 2245 
6672 4865 6608 2247 
6676 4870 6618 2248 
6687 4873 6623 2248 
6694 4878 6629 2249 
6699 4881 6638 2250 
6703 4884 6643 2250 
6706 4888 6648 2252 
6713 4891 6654 2253 
6723 4898 6661 2256 
6729 4904 6668 2257 
6736 4908 6670 2260 
6743 4910 6678 2262 
6746 4916 6689 2263 
6751 4920 6698 2265 
6752 4924 6700 2265 
6757 4932 6705 2266 
6764 4933 6710 2266 
6770 4937 6717 2270 
6775 4943 6721 2274 
6783 4949 6729 2276 
6788 4951 6733 2279 
6790 4953 6738 2281 
6793 4958 6746 2281 
6796 4962 6756 2281 
6802 4969 6762 2284 
6807 4974 6768 2289 
6816 4978 6774 2292 
6819 4981 6780 2296 
6823 4988 6781 2301 
6829 4990 6784 2302 
6837 4996 6790 2307 
6842 5003 6796 2307 
6852 5009 6798 2308 
6858 5013 6802 2309 
6863 5016 6809 2311 
6867 5020 6812 2311 
6868 5027 6822 2313 
6873 5030 6825 2313 
6875 5036 6827 2314 
6883 5041 6830 2318 
6888 5045 6838 2318 
6891 5049 6840 2320 
6896 5056 6847 2325 
6903 5062 6852 2329 
6905 5064 6857 2330 
6910 5067 6861 2334 
6912 5070 6864 2334 
6918 5073 6875 2337 
6922 5079 6884 2338 
6929 5082 6887 2340 
6933 5087 6889 2340 
6941 5094 6897 2346 
6946 5095 6898 2347 
6948 5101 6904 2349 
6954 5110 6911 2351 
6956 5115 6912 2353 
6960 5122 6922 2353 
6963 5130 6929 2354 
6966 5136 6930 2358 
6977 5142 6933 2359 
6980 5146 6937 2361 
6984 5148 6941 2364 
6994 5151 6947 2366 
7000 5155 6958 2367 
7007 5159 6962 2370 
7013 5166 6964 2371 
7016 5171 6970 2375 
7023 5175 6972 2377 
7029 5181 6977 2380 
7033 5184 6987 2382 
7037 5185 6990 2384 
7040 5186 6993 2386 
7051 5188 6996 2388 
7061 5192 7002 2389 
7065 5198 7007 2389 
7072 5208 7013 2390 
7081 5209 7022 2393 
7087 5214 7028 2394 
7095 5219 7032 2401 
7101 5222 7036 2403 
7107 5228 7041 2406 
7113 5231 7050 2410 
7122 5237 7054 2411 
7130 5240 7063 2413 
7139 5242 7069 2416 
7145 5247 7074 2418 
7149 5252 7078 2420 
7155 5257 7088 2423 
7157 5260 7093 2427 
7162 5261 7102 2431 
7168 5264 7103 2434 
7172 5265 7110 2437 
7177 5272 7114 2438 
7181 5277 7114 2441 
7189 5280 7121 2448 
7197 5284 7124 2448 
7204 5288 7130 2450 
7212 5294 7136 2451 
7219 5294 7140 2454 
7227 5298 7146 2456 
7231 5300 7152 2459 
7233 5303 7160 2462 
7241 5306 7167 2463 
7242 5312 7172 2464 
7248 5322 7179 2466 
7252 5330 7185 2468 
7257 5332 7192 2469 
7261 5335 7198 2470 
7268 5338 7205 2472 
7273 5344 7214 2473 
7281 5348 7219 2474 
7289 5350 7224 2477 
7294 5353 7227 2481 
7300 5354 7235 2486 
7308 5356 7238 2487 
7314 5361 7241 2488 
7317 5366 7248 2489 
7321 5370 7253 2496 
7327 5373 7258 2496 
7329 5376 7263 2497 
7332 5379 7269 2498 
7337 5386 7274 2500 
7346 5389 7281 2503 
7355 5394 7289 2506 
7358 5399 7292 2509 
7362 5405 7300 2512 
7369 5412 7302 2513 
7373 5415 7310 2516 
7380 5423 7316 2518 
7387 5429 7319 2519 
7393 5432 7323 2521 
7397 5435 7327 2524 
7403 5435 7331 2525 
7409 5442 7337 2527 
7411 5446 7343 2529 
7416 5449 7353 2529 
7419 5454 7361 2534 
7427 5458 7365 2535 
7436 5459 7370 2538 
7446 5464 7377 2539 
7450 5467 7379 2539 
7456 5472 7381 2542 
7460 5474 7386 2544 
7467 5479 7391 2545 
7471 5482 7400 2547 
7475 5488 7405 2551 
7482 5491 7411 2555 
7490 5497 7417 2559 
7497 5501 7422 2562 
7507 5508 7432 2563 
7510 5515 7441 2563 
7516 5518 7445 2565 
7520 5520 7449 2568 
7526 5523 7456 2568 
7529 5528 7461 2571 
7531 5534 7465 2572 
7538 5537 7473 2574 
7543 5540 7476 2577 
7549 5545 7481 2579 
7556 5547 7487 2580 
7563 5552 7490 2580 
7571 5555 7494 2583 
7575 5560 7499 2585 
7579 5563 7506 2588 
7582 5566 7510 2590 
7591 5571 7517 2591 
7594 5574 7519 2593 
7597 5578 7523 2593 
7604 5579 7529 2595 
7614 5580 7533 2597 
7619 5583 7540 2598 
7623 5588 7546 2601 
7633 5590 7550 2603 
7637 5596 7552 2604 
7640 5600 7560 2606 
7645 5605 7563 2608 
7649 5608 7568 2609 
7654 5610 7576 2609 
7661 5614 7581 2611 
7666 5618 7584 2613 
7669 5619 7592 2615 
7670 5621 7601 2617 
7678 5625 7607 2620 
7688 5628 7614 2622 
7689 5631 7623 2626 
7696 5633 7628 2628 
7699 5635 7635 2632 
7707 5641 7642 2633 
7718 5647 7651 2634 
7724 5651 7657 2635 
7728 5658 7663 2639 
7731 5667 7670 2641 
7736 5670 7683 2644 
7741 5675 7688 2645 
7744 5682 7695 2647 
7747 5685 7696 2650 
7753 5688 7698 2652 
7758 5689 7706 2652 
7762 5694 7709 2656 
7765 5698 7717 2656 
7769 5704 7721 2659 
7771 5712 7726 2660 
7774 5715 7729 2662 
7782 5719 7738 2662 
7787 5724 7740 2664 
7793 5730 7748 2664 
7796 5734 7758 2665 
7800 5738 7764 2668 
7804 5742 7772 2669 
7807 5744 7777 2671 
7811 5747 7781 2671 
7816 5752 7789 2671 
7823 5754 7792 2673 
7829 5759 7795 2674 
7835 5765 7798 2675 
7841 5767 7803 2675 
7849 5772 7813 2676 
7853 5775 7821 2678 
7858 5780 7827 2682 
7865 5783 7832 2687 
7873 5784 7836 2691 
7876 5791 7840 2692 
7889 5794 7847 2696 
7898 5799 7857 2698 
7902 5805 7861 2703 
7907 5811 7865 2704 
7909 5816 7873 2706 
7913 5823 7874 2709 
7920 5830 7884 2712 
7925 5837 7894 2715 
7931 5841 7902 2715 
7935 5844 7907 2718 
7941 5849 7912 2720 
7950 5855 7917 2721 
7957 5859 7922 2721 
7965 5861 7928 2723 
7972 5865 7933 2725 
7977 5868 7936 2728 
7982 5871 7949 2729 
7985 5877 7953 2731 
7990 5880 7957 2733 
7993 5884 7962 2735 
7995 5884 7973 2738 
8004 5888 7978 2738 
8010 5889 7987 2739 
8013 5894 7992 2739 
8018 5896 7997 2739 
8022 5899 8004 2741 
8026 5906 8008 2742 
8036 5909 8014 2744 
8046 5917 8019 2744 
8049 5922 8028 2745 
8056 5925 8033 2748 
8062 5928 8040 2749 
8072 5929 8040 2753 
8080 5936 8048 2754 
8083 5940 8053 2754 
8089 5945 8059 2756 
8094 5949 8065 2759 
8098 5958 8071 2761 
8104 5959 8074 2768 
8106 5964 8081 2770 
8115 5971 8085 2772 
8119 5978 8090 2773 
8123 5985 8093 2774 
8129 5988 8097 2777 
8134 5989 8105 2778 
8140 5997 8106 2779 
8145 6003 8108 2781 
8150 6009 8114 2781 
8151 6012 8122 2781 
8154 6014 8129 2783 
8158 6015 8132 2788 
8165 6019 8135 2792 
8169 6023 8143 2794 
8175 6026 8151 2797 
8179 6028 8157 2799 
8179 6035 8160 2799 
8183 6041 8165 2802 
8189 6044 8171 2805 
8191 6048 8176 2806 
8196 6056 8182 2811 
8203 6058 8186 2813 
8210 6061 8189 2815 
8221 6065 8191 2816 
8226 6068 8198 2818 
8237 6075 8200 2821 
8241 6079 8204 2822 
8258 6082 8210 2824 
8264 6083 8217 2826 
8271 6087 8222 2827 
8277 6095 8231 2827 
8283 6096 8237 2828 
8287 6100 8243 2831 
8292 6105 8248 2834 
8294 6111 8252 2835 
8302 6113 8257 2835 
8305 6118 8259 2837 
8309 6123 8265 2838 
8310 6127 8272 2838 
8316 6132 8275 2838 
8326 6132 8279 2841 
8330 6140 8282 2842 
8336 6144 8287 2843 
8339 6147 8293 2844 
8345 6151 8296 2847 
8347 6158 8303 2851 
8352 6161 8305 2854 
8360 6169 8312 2855 
8365 6171 8319 2857 
8375 6174 8324 2861 
8380 6178 8327 2862 
8385 6183 8335 2862 
8388 6185 8342 2864 
8392 6192 8350 2867 
8396 6195 8357 2873 
8400 6197 8363 2877 
8406 6200 8366 2881 
8409 6207 8369 2882 
8420 6211 8377 2884 
8425 6215 8383 2884 
8435 6218 8388 2888 
8446 6223 8397 2888 
8451 6227 8399 2889 
8458 6234 8402 2894 
8461 6237 8408 2895 
8464 6240 8418 2898 
8474 6242 8426 2899 
8483 6250 8432 2900 
8487 6252 8439 2905 
8493 6256 8441 2906 
8500 6262 8448 2907 
8504 6267 8455 2910 
8511 6274 8469 2916 
8515 6278 8469 2917 
8521 6282 8475 2920 
8524 6284 8480 2921 
8527 6285 8485 2923 
8531 6288 8488 2923 
8539 6295 8493 2925 
8541 6297 8499 2927 
8546 6304 8502 2928 
8552 6310 8506 2928 
8555 6316 8512 2928 
8558 6321 8515 2931 
8562 6324 8519 2934 
8563 6334 8522 2935 
8567 6337 8526 2935 
8573 6345 8534 2936 
8579 6349 8542 2942 
8584 6351 8548 2944 
8589 6355 8552 2946 
8595 6359 8554 2951 
8603 6361 8563 2951 
8611 6365 8569 2954 
8612 6369 8573 2955 
8617 6373 8581 2957 
8619 6377 8590 2958 
8626 6380 8594 2958 
8629 6384 8602 2960 
8637 6387 8606 2963 
8642 6391 8611 2964 
8647 6394 8614 2965 
8653 6402 8620 2965 
8660 6404 8625 2969 
8667 6410 8632 2969 
8669 6415 8634 2970 
8676 6420 8640 2974 
8681 6421 8645 2974 
8688 6423 8650 2975 
8695 6426 8656 2977 
8703 6432 8665 2978 
8707 6437 8669 2979 
8711 6440 8674 2981 
8713 6440 8679 2985 
8719 6442 8685 2985 
8726 6446 8688 2987 
8731 6450 8695 2989 
8736 6456 8706 2993 
8739 6464 8713 2994 
8746 6470 8715 2997 
8748 6476 8720 3000 
8758 6482 8731 3002 
8761 6487 8736 3003 
8767 6495 8740 3005 
8771 6498 8752 3007 
8782 6501 8759 3008 
8784 6507 8764 3008 
8791 6513 8772 3009 
8794 6519 8776 3012 
8796 6522 8781 3012 
8804 6528 8784 3013 
8813 6531 8788 3015 
8820 6532 8795 3016 
8822 6537 8799 3017 
8827 6544 8806 3019 
8830 6546 8811 3020 
8838 6547 8823 3021 
8846 6553 8827 3024 
8854 6558 8832 3026 
8858 6568 8840 3029 
8862 6572 8843 3029 
8864 6576 8847 3032 
8870 6577 8853 3032 
8875 6579 8864 3036 
8876 6583 8867 3036 
8885 6585 8874 3038 
8890 6587 8880 3040 
8899 6593 8885 3042 
8906 6597 8891 3043 
8912 6600 8898 3043 
8916 6602 8903 3045 
8917 6608 8909 3048 
8922 6615 8914 3052 
8929 6618 8921 3053 
8930 6623 8927 3058 
8938 6627 8934 3059 
8941 6633 8939 3060 
8946 6636 8945 3064 
8952 6642 8950 3066 
8957 6647 8954 3066 
8963 6652 8963 3070 
8968 6657 8967 3070 
8972 6659 8969 3071 
8975 6664 8970 3071 
8980 6671 8975 3075 
8983 6674 8980 3076 
8988 6679 8987 3079 
8998 6685 8990 3083 
9000 6691 8994 3083 
9005 6694 8998 3084 
9009 6699 9009 3085 
9017 6702 9019 3087 
9025 6706 9026 3087 
9027 6709 9035 3088 
9034 6710 9043 3092 
9037 6716 9051 3095 
9042 6719 9060 3098 
9046 6723 9069 3100 
9050 6727 9072 3103 
9057 6732 9077 3106 
9059 6739 9087 3107 
9063 6741 9092 3108 
9069 6745 9098 3110 
9072 6749 9112 3110 
9078 6750 9115 3113 
9081 6754 9123 3117 
9087 6759 9132 3119 
9092 6761 9134 3122 
9102 6765 9143 3125 
9108 6772 9148 3127 
9112 6778 9154 3130 
9118 6781 9161 3132 
9125 6784 9165 3134 
9131 6789 9174 3137 
9139 6792 9178 3139 
9143 6795 9187 3141 
9148 6803 9191 3143 
9150 6807 9202 3144 
9155 6814 9205 3149 
9158 6819 9210 3150 
9163 6821 9216 3151 
9169 6826 9222 3153 
9177 6827 9229 3154 
9183 6832 9234 3157 
9186 6833 9236 3161 
9191 6839 9240 3162 
9199 6843 9247 3164 
9201 6847 9253 3165 
9204 6850 9254 3168 
9209 6853 9263 3171 
9214 6857 9269 3173 
9220 6860 9280 3175 
9228 6865 9285 3176 
9234 6870 9290 3177 
9238 6875 9293 3179 
9241 6879 9296 3180 
9248 6882 9304 3183 
9252 6886 9308 3183 
9262 6891 9313 3185 
9270 6893 9318 3186 
9273 6900 9322 3189 
9279 6902 9331 3191 
9285 6904 9338 3193 
9290 6907 9346 3194 
9295 6907 9347 3196 
9300 6912 9354 3199 
9306 6915 9361 3201 
9310 6919 9370 3203 
9313 6920 9378 3204 
9320 6925 9383 3206 
9327 6934 9386 3206 
9331 6940 9393 3208 
9336 6943 9401 3210 
9339 6948 9407 3212 
9342 6952 9415 3212 
9348 6960 9427 3212 
9353 6965 9431 3219 
9359 6971 9436 3221 
9360 6977 9441 3224 
9363 6981 9447 3224 
9372 6984 9452 3225 
9376 6990 9460 3226 
9380 6995 9464 3228 
9385 6996 9468 3228 
9388 6999 9478 3231 
9394 7001 9479 3236 
9399 7003 9484 3238 
9406 7006 9487 3240 
9413 7007 9492 3243 
9420 7008 9496 3244 
9426 7015 9498 3245 
9431 7018 9502 3246 
9442 7022 9509 3251 
9450 7024 9519 3254 
9453 7028 9523 3256 
9456 7031 9529 3257 
9465 7035 9533 3258 
9469 7038 9539 3259 
9478 7041 9545 3260 
9485 7045 9551 3265 
9486 7048 9553 3269 
9491 7050 9559 3270 
9492 7053 9567 3271 
9497 7057 9574 3273 
9503 7061 9575 3275 
9508 7067 9577 3278 
9511 7071 9584 3280 
9515 7075 9587 3281 
9519 7080 9596 3283 
9522 7082 9604 3284 
9523 7088 9606 3286 
9530 7092 9610 3289 
9536 7095 9617 3291 
9540 7100 9621 3293 
9541 7104 9625 3295 
9547 7105 9632 3297 
9556 7113 9637 3301 
9560 7121 9639 3303 
9563 7128 9644 3308 
9570 7131 9650 3310 
9577 7137 9655 3315 
9583 7138 9660 3316 
9590 7142 9667 3317 
9596 7147 9670 3321 
9600 7154 9675 3324 
9605 7156 9684 3324 
9613 7160 9691 3326 
9615 7166 9698 3328 
9620 7169 9705 3330 
9625 7179 9711 3330 
9635 7181 9719 3331 
9639 7182 9723 3331 
9642 7186 9726 3335 
9646 7191 9730 3337 
9653 7194 9737 3341 
9655 7198 9745 3343 
9658 7201 9755 3344 
9665 7206 9761 3346 
9666 7213 9766 3349 
9674 7216 9771 3351 
9683 7220 9777 3352 
9690 7224 9782 3354 
9697 7227 9786 3355 
9702 7233 9788 3356 
9706 7238 9793 3358 
9710 7240 9800 3361 
9716 7246 9805 3362 
9722 7248 9817 3365 
9729 7249 9825 3366 
9734 7253 9831 3367 
9736 7256 9836 3372 
9742 7259 9842 3372 
9749 7261 9847 3372 
9751 7265 9850 3372 
9757 7271 9854 3376 
9761 7277 9861 3377 
9765 7282 9869 3378 
9769 7288 9875 3380 
9773 7293 9879 3381 
9779 7294 9887 3382 
9785 7296 9894 3384 
9791 7300 9898 3387 
9797 7304 9903 3387 
9801 7312 9906 3389 
9811 7320 9912 3391 
9814 7322 9921 3392 
9820 7323 9925 3393 
9825 7328 9932 3396 
9829 7329 9934 3398 
9837 7330 9938 3399 
9844 7334 9952 3401 
9847 7339 9961 3401 
9852 7342 9966 3405 
9856 7347 9975 3408 
9864 7354 9983 3410 
9869 7356 9987 3412 
9873 7358 9989 3415 
9879 7364 9991 3418 
9883 7365 9999 3422 
9888 7373 10003 3424 
9894 7379 10005 3428 
9900 7382 10010 3429 
9905 7384 10015 3431 
9911 7389 10018 3435 
9917 7394 10026 3440 
9920 7396 10034 3442 
9921 7399 10037 3444 
9928 7405 10038 3450 
9935 7413 10044 3452 
9939 7419 10048 3452 
9943 7424 10052 3452 
9950 7428 10057 3454 
9960 7430 10061 3455 
9966 7434 10065 3457 
9970 7443 10072 3459 
9977 7449 10075 3461 
9982 7455 10079 3465 
9987 7455 10084 3469 
9992 7465 10089 3473 
9995 7469 10094 3477 
9997 7472 10099 3481 
9998 7476 10103 3487 
10002 7477 10106 3487 
10006 7481 10112 3489 
10011 7485 10118 3489 
10020 7488 10126 3494 
10027 7495 10137 3495 
10033 7500 10143 3496 
10039 7507 10151 3498 
10048 7511 10154 3500 
10053 7518 10158 3502 
10057 7523 10161 3505 
10063 7524 10169 3508 
10069 7530 10173 3508 
10071 7537 10181 3510 
10077 7542 10185 3511 
10082 7546 10191 3512 
10092 7548 10195 3514 
10099 7553 10204 3519 
10102 7557 10207 3519 
10109 7562 10214 3521 
10114 7570 10219 3522 
10119 7572 10229 3525 
10124 7574 10234 3525 
10127 7579 10238 3526 
10130 7582 10244 3529 
10133 7586 10248 3531 
10141 7592 10250 3532 
10148 7598 10254 3534 
10152 7602 10256 3535 
10162 7606 10264 3536 
10173 7610 10269 3539 
10180 7615 10273 3540 
10184 7620 10280 3541 
10188 7622 10286 3542 
10195 7625 10291 3543 
10199 7631 10300 3546 
10208 7635 10306 3548 
10212 7639 10311 3550 
10217 7640 10315 3552 
10221 7645 10319 3552 
10227 7648 10323 3553 
10230 7652 10330 3553 
10233 7656 10333 3554 
10240 7665 10335 3556 
10244 7668 10341 3556 
10251 7672 10346 3557 
10255 7677 10350 3559 
10262 7684 10352 3561 
10268 7686 10358 3564 
10273 7690 10364 3565 
10278 7695 10371 3567 
10284 7703 10375 3569 
10294 7713 10380 3571 
10304 7719 10387 3575 
10306 7721 10394 3578 
10310 7727 10400 3583 
10315 7735 10401 3585 
10315 7740 10411 3587 
10324 7746 10415 3589 
10330 7748 10418 3591 
10337 7751 10424 3595 
10341 7756 10430 3597 
10348 7760 10438 3599 
10352 7763 10443 3602 
10360 7769 10448 3605 
10364 7772 10453 3605 
10369 7780 10458 3607 
10374 7785 10463 3608 
10381 7791 10466 3612 
10386 7796 10476 3614 
10390 7801 10483 3617 
10395 7803 10487 3619 
10397 7809 10495 3620 
10401 7814 10497 3625 
10407 7818 10500 3626 
10410 7828 10505 3628 
10415 7832 10511 3630 
10419 7840 10519 3631 
10425 7845 10529 3634 
10430 7849 10539 3635 
10435 7851 10542 3639 
10440 7853 10547 3645 
10445 7856 10550 3649 
10452 7858 10559 3649 
10456 7861 10567 3650 
10459 7864 10572 3652 
10465 7866 10579 3653 
10465 7874 10588 3653 
10468 7881 10590 3655 
10474 7884 10596 3656 
10481 7888 10601 3656 
10489 7890 10611 3658 
10492 7890 10617 3662 
10498 7892 10623 3664 
10506 7895 10629 3665 
10511 7896 10632 3668 
10515 7906 10643 3668 
10521 7908 10651 3669 
10524 7915 10657 3670 
10530 7917 10660 3676 
10535 7923 10665 3680 
10538 7928 10668 3680 
10544 7930 10671 3681 
10552 7932 10672 3684 
10555 7933 10677 3687 
10563 7939 10684 3687 
10568 7940 10687 3689 
10575 7942 10691 3690 
10581 7948 10698 3693 
10592 7953 10699 3694 
10597 7957 10702 3696 
10601 7962 10707 3700 
10605 7970 10714 3701 
10613 7975 10719 3703 
10618 7980 10725 3709 
10626 7984 10727 3712 
10633 7986 10735 3712 
10640 7993 10740 3714 
10645 7996 10753 3714 
10649 8001 10757 3715 
10653 8005 10760 3718 
10660 8008 10765 3718 
10666 8011 10772 3724 
10674 8016 10780 3728 
10680 8019 10789 3733 
10681 8021 10796 3737 
10685 8025 10800 3737 
10690 8027 10808 3737 
10695 8030 10815 3738 
10703 8036 10820 3741 
10709 8040 10824 3742 
10715 8047 10830 3744 
10726 8052 10837 3748 
10734 8054 10847 3750 
10737 8061 10850 3752 
10740 8066 10854 3753 
10746 8070 10859 3755 
10755 8072 10860 3756 
10760 8078 10870 3756 
10764 8087 10873 3760 
10770 8091 10877 3760 
10774 8097 10883 3762 
10783 8105 10890 3765 
10788 8112 10898 3766 
10798 8114 10902 3766 
10800 8120 10911 3769 
10806 8124 10921 3770 
10810 8126 10928 3771 
10814 8127 10936 3771 
10823 8129 10942 3774 
10831 8132 10953 3779 
10839 8135 10960 3781 
10843 8138 10968 3781 
10848 8141 10972 3784 
10853 8147 10983 3786 
10857 8152 10985 3787 
10862 8155 10989 3791 
10868 8158 10995 3793 
10877 8161 11000 3795 
10883 8163 11002 3797 
10887 8171 11005 3798 
10895 8175 11011 3798 
10899 8178 11014 3799 
10903 8185 11023 3801 
10911 8187 11032 3802 
10918 8194 11036 3806 
10925 8200 11042 3807 
10930 8205 11047 3809 
10938 8210 11052 3810 
10945 8216 11059 3813 
10949 8222 11063 3816 
10956 8228 11068 3817 
10965 8233 11069 3821 
10970 8242 11071 3821 
10975 8245 11078 3824 
10984 8252 11080 3828 
10992 8257 11084 3830 
10996 8264 11094 3831 
11004 8269 11100 3832 
11010 8274 11103 3834 
11013 8279 11109 3837 
11021 8283 11114 3839 
11025 8287 11120 3840 
11027 8290 11125 3840 
11031 8295 11129 3843 
11034 8304 11132 3844 
11048 8308 11136 3846 
11054 8314 11139 3846 
11064 8316 11144 3849 
11069 8322 11147 3851 
11076 8324 11152 3852 
11080 8326 11156 3855 
11083 8331 11164 3857 
11085 8332 11174 3858 
11092 8334 11179 3859 
11097 8336 11187 3862 
11105 8337 11193 3863 
11109 8338 11199 3868 
11114 8340 11205 3868 
11122 8342 11209 3870 
11126 8343 11220 3871 
11132 8347 11226 3873 
11137 8350 11227 3873 
11145 8353 11230 3877 
11150 8355 11237 3877 
11155 8366 11242 3880 
11162 8371 11247 3885 
11169 8377 11252 3885 
11174 8381 11260 3886 
11176 8385 11263 3890 
11181 8388 11270 3893 
11189 8391 11272 3894 
11198 8396 11277 3896 
11204 8397 11281 3899 
11212 8401 11282 3902 
11217 8404 11288 3904 
11229 8410 11294 3906 
11234 8417 11296 3909 
11238 8426 11303 3911 
11240 8432 11310 3913 
11243 8437 11320 3918 
11248 8445 11327 3919 
11255 8447 11332 3920 
11258 8450 11340 3923 
11263 8450 11348 3925 
11271 8454 11354 3925 
11278 8457 11362 3927 
11281 8465 11367 3927 
11285 8468 11369 3930 
11293 8471 11373 3931 
11302 8476 11378 3933 
11313 8478 11382 3934 
11316 8483 11389 3935 
11320 8486 11396 3935 
11322 8490 11403 3937 
11326 8491 11411 3938 
11329 8497 11418 3940 
11332 8500 11424 3944 
11341 8505 11429 3950 
11346 8511 11433 3951 
11355 8516 11435 3952 
11360 8518 11436 3952 
11366 8527 11442 3955 
11376 8532 11449 3958 
11379 8536 11458 3959 
11381 8542 11468 3960 
11386 8543 11473 3960 
11396 8545 11478 3962 
11406 8550 11484 3964 
11408 8559 11488 3967 
11411 8562 11497 3969 
11419 8568 11502 3972 
11425 8576 11511 3973 
11429 8578 11516 3974 
11435 8579 11527 3976 
11439 8584 11532 3978 
11447 8591 11541 3982 
11451 8594 11544 3982 
11456 8598 11554 3987 
11462 8600 11560 3990 
11468 8604 11566 3990 
11474 8606 11572 3994 
11481 8613 11576 3997 
11486 8615 11579 4002 
11495 8622 11587 4005 
11504 8629 11591 4006 
11510 8631 11597 4008 
11517 8635 11602 4009 
11523 8637 11611 4010 
11530 8643 11616 4010 
11537 8647 11620 4011 
11540 8653 11625 4011 
11545 8655 11629 4012 
11550 8659 11637 4014 
11554 8664 11645 4018 
11561 8666 11653 4020 
11564 8670 11664 4022 
11567 8675 11673 4026 
11574 8683 11679 4028 
11577 8687 11690 4031 
11583 8692 11694 4032 
11586 8697 11701 4036 
11586 8702 11706 4040 
11592 8707 11712 4042 
11598 8712 11718 4044 
11603 8717 11728 4045 
11610 8719 11734 4046 
11613 8726 11743 4049 
11620 8727 11751 4050 
11629 8732 11756 4052 
11635 8738 11757 4056 
11641 8747 11765 4059 
11647 8754 11769 4061 
11656 8757 11774 4062 
11661 8764 11777 4062 
11666 8769 11782 4064 
11672 8776 11788 4065 
11676 8783 11792 4068 
11682 8785 11796 4070 
11688 8786 11800 4074 
11690 8791 11815 4075 
11697 8796 11824 4076 
11698 8800 11833 4076 
11701 8804 11839 4077 
11707 8808 11846 4080 
11712 8812 11852 4080 
11717 8819 11858 4083 
11719 8824 11868 4084 
11725 8828 11871 4086 
11731 8836 11875 4089 
11736 8840 11886 4090 
11742 8843 11889 4091 
11750 8846 11897 4093 
11757 8849 11908 4096 
11760 8854 11915 4097 
11769 8860 11922 4101 
11777 8865 11927 4101 
11785 8871 11933 4101 
11790 8876 11939 4103 
11797 8880 11946 4110 
11802 8883 11952 4111 
11807 8888 11954 4113 
11812 8895 11958 4117 
11817 8898 11965 4120 
11824 8901 11968 4121 
11829 8907 11970 4124 
11838 8911 11972 4126 
11844 8915 11976 4127 
11846 8921 11987 4128 
11851 8923 11993 4135 
11858 8925 11998 4137 
11862 8928 12002 4138 
11865 8937 12003 4142 
11873 8942 12008 4143 
11879 8945 12017 4144 
11887 8947 12019 4146 
11891 8954 12028 4148 
11896 8960 12036 4150 
11900 8966 12045 4154 
11905 8970 12051 4156 
11906 8974 12057 4157 
11914 8982 12061 4158 
11921 8986 12070 4162 
11930 8989 12077 4162 
11934 8997 12087 4165 
11935 9001 12092 4169 
11941 9004 12099 4169 
11945 9005 12106 4170 
11950 9011 12112 4172 
11956 9018 12118 4174 
11961 9027 12122 4176 
11964 9031 12131 4179 
11969 9034 12137 4180 
11973 9036 12142 4181 
11978 9045 12148 4182 
11981 9047 12153 4184 
11985 9050 12159 4187 
11993 9054 12163 4188 
11997 9057 12168 4191 
12003 9063 12174 4191 
12009 9069 12180 4192 
12017 9073 12187 4193 
12021 9075 12190 4195 
12028 9078 12194 4197 
12029 9080 12206 4200 
12037 9086 12214 4202 
12043 9092 12220 4204 
12046 9102 12228 4208 
12052 9108 12231 4210 
12057 9113 12240 4210 
12059 9117 12245 4212 
12064 9121 12252 4215 
12070 9127 12263 4216 
12076 9133 12274 4218 
12085 9135 12280 4221 
12088 9139 12286 4222 
12095 9144 12287 4225 
12102 9148 12292 4228 
12113 9155 12295 4230 
12116 9160 12295 4232 
12119 9164 12301 4234 
12121 9166 12305 4237 
12130 9172 12312 4238 
12138 9184 12316 4240 
12141 9193 12317 4242 
12147 9197 12322 4243 
12151 9197 12331 4243 
12156 9206 12337 4248 
12163 9210 12345 4249 
12173 9214 12354 4251 
12180 9219 12358 4253 
12188 9221 12365 4254 
12193 9227 12373 4255 
12201 9229 12378 4259 
12203 9232 12384 4260 
12208 9234 12390 4263 
12213 9244 12395 4263 
12220 9250 12402 4267 
12227 9251 12409 4268 
12237 9257 12416 4270 
12242 9261 12425 4274 
12246 9264 12435 4277 
12249 9272 12440 4282 
12256 9273 12450 4283 
12260 9276 12455 4284 
12270 9280 12460 4286 
12279 9286 12465 4286 
12284 9290 12470 4291 
12289 9293 12472 4292 
12300 9294 12475 4298 
12305 9299 12476 4304 
12311 9302 12481 4305 
12323 9308 12484 4305 
12326 9314 12496 4308 
12334 9319 12502 4309 
12342 9322 12504 4310 
12352 9328 12508 4312 
12357 9334 12515 4314 
12364 9339 12518 4316 
12368 9343 12524 4321 
12372 9348 12529 4323 
12379 9351 12532 4324 
12386 9356 12537 4328 
12390 9363 12539 4332 
12396 9365 12548 4334 
12402 9368 12555 4335 
12406 9373 12564 4340 
12418 9381 12570 4340 
12427 9384 12574 4343 
12436 9388 12577 4346 
12440 9393 12580 4348 
12446 9399 12588 4352 
12453 9406 12593 4353 
12458 9410 12599 4356 
12463 9413 12608 4357 
12465 9418 12611 4358 
12470 9420 12620 4361 
12473 9424 12627 4366 
12481 9429 12632 4367 
12485 9435 12640 4369 
12488 9439 12642 4371 
12492 9440 12650 4371 
12497 9446 12656 4375 
12503 9446 12662 4378 
12512 9449 12670 4381 
12515 9455 12674 4384 
12520 9460 12684 4385 
12526 9464 12691 4389 
12533 9466 12697 4390 
12538 9467 12704 4392 
12542 9474 12709 4393 
12547 9476 12717 4393 
12556 9478 12721 4394 
12563 9487 12728 4398 
12566 9487 12735 4399 
12569 9494 12737 4400 
12572 9495 12742 4401 
12581 9498 12754 4402 
12586 9503 12760 4404 
12593 9508 12767 4407 
12600 9514 12774 4411 
12603 9518 12782 4414 
12608 9527 12788 4419 
12612 9535 12795 4419 
12615 9538 12799 4421 
12622 9544 12805 4421 
12623 9550 12814 4423 
12628 9553 12815 4423 
12634 9556 12820 4423 
12643 9562 12823 4424 
12649 9567 12829 4426 
12654 9572 12835 4428 
12661 9575 12844 4429 
12663 9583 12848 4435 
12669 9591 12856 4439 
12678 9593 12860 4442 
12685 9598 12868 4443 
12690 9602 12876 4445 
12698 9608 12879 4446 
12702 9614 12884 4447 
12707 9624 12889 4451 
12712 9626 12895 4453 
12716 9630 12899 4454 
12719 9635 12905 4456 
12726 9637 12912 4459 
12730 9645 12915 4460 
12737 9649 12924 4462 
12741 9654 12928 4463 
12745 9658 12933 4467 
12748 9662 12938 4468 
12749 9668 12949 4470 
12752 9676 12950 4473 
12755 9678 12954 4474 
12766 9687 12965 4477 
12771 9691 12969 4479 
12777 9693 12976 4479 
12784 9697 12986 4479 
12786 9701 12995 4481 
12791 9707 13004 4483 
12796 9714 13009 4484 
12800 9720 13013 4484 
12805 9725 13018 4487 
12811 9728 13025 4487 
12820 9730 13032 4488 
12828 9734 13037 4489 
12832 9741 13041 4492 
12838 9745 13052 4493 
12845 9749 13062 4499 
12853 9757 13067 4501 
12857 9759 13076 4504 
12864 9765 13081 4506 
12866 9770 13083 4509 
12871 9773 13085 4511 
12878 9776 13091 4513 
12887 9782 13099 4514 
12891 9786 13107 4516 
12895 9793 13111 4518 
12899 9799 13117 4522 
12904 9805 13122 4522 
12910 9809 13132 4525 
12915 9817 13136 4525 
12920 9818 13139 4526 
12923 9824 13146 4528 
12926 9828 13154 4534 
12931 9834 13159 4539 
12941 9838 13168 4541 
12949 9841 13175 4542 
12956 9848 13181 4542 
12964 9853 13189 4545 
12966 9855 13190 4547 
12970 9862 13201 4548 
12979 9870 13207 4551 
12986 9871 13218 4554 
12989 9880 13227 4555 
12996 9883 13229 4557 
13004 9886 13236 4560 
13008 9888 13242 4562 
13013 9894 13252 4564 
13024 9900 13257 4567 
13031 9904 13262 4570 
13038 9906 13267 4571 
13043 9911 13273 4573 
13047 9916 13278 4573 
13051 9922 13281 4573 
13060 9924 13283 4575 
13071 9932 13293 4579 
13076 9939 13298 4581 
13082 9946 13303 4582 
13090 9948 13311 4584 
13100 9952 13318 4585 
13105 9957 13327 4586 
13108 9958 13333 4586 
13114 9965 13340 4589 
13117 9971 13347 4592 
13124 9976 13355 4595 
13129 9982 13363 4596 
13135 9986 13369 4600 
13139 9990 13376 4602 
13143 9996 13383 4603 
13146 10000 13391 4605 
13154 10004 13395 4606 
13159 10008 13405 4609 
13168 10015 13418 4610 
13174 10022 13419 4611 
13183 10024 13425 4612 
13191 10027 13428 4613 
13202 10031 13435 4615 
13207 10037 13445 4616 
13213 10040 13450 4617 
13221 10046 13455 4617 
13225 10047 13463 4617 
13228 10053 13468 4621 
13232 10059 13473 4621 
13241 10063 13477 4621 
13251 10067 13482 4623 
13257 10076 13490 4626 
13261 10080 13497 4627 
13265 10085 13503 4628 
13272 10090 13512 4631 
13275 10091 13519 4634 
13279 10092 13525 4634 
13287 10095 13529 4638 
13290 10097 13534 4640 
13294 10101 13542 4642 
13299 10106 13543 4644 
13306 10111 13549 4645 
13311 10115 13559 4646 
13315 10120 13567 4647 
13321 10126 13572 4649 
13326 10134 13579 4653 
13332 10139 13583 4656 
13339 10147 13589 4657 
13345 10153 13594 4658 
13354 10155 13598 4659 
13365 10160 13604 4661 
13370 10164 13612 4663 
13372 10166 13620 4665 
13377 10166 13626 4668 
13383 10171 13632 4671 
13389 10174 13636 4674 
13393 10179 13645 4676 
13406 10181 13650 4679 
13410 10184 13659 4682 
13415 10191 13665 4683 
13421 10199 13672 4685 
13426 10202 13675 4687 
13435 10207 13681 4692 
13446 10211 13691 4694 
13451 10216 13701 4694 
13459 10221 13706 4697 
13467 10229 13711 4699 
13472 10232 13717 4701 
13479 10242 13720 4702 
13486 10248 13727 4704 
13495 10252 13734 4708 
13500 10255 13738 4708 
13504 10258 13743 4710 
13510 10261 13745 4712 
13516 10266 13747 4716 
13516 10269 13752 4717 
13521 10273 13758 4719 
13530 10275 13765 4722 
13535 10279 13774 4723 
13542 10286 13779 4724 
13547 10292 13782 4726 
13551 10298 13787 4730 
13553 10300 13791 4731 
13556 10305 13794 4732 
13565 10307 13800 4733 
13571 10310 13805 4737 
13579 10314 13815 4740 
13584 10321 13823 4742 
13586 10323 13829 4747 
13593 10330 13837 4751 
13600 10336 13843 4754 
13606 10343 13846 4757 
13614 10346 13850 4757 
13618 10351 13856 4759 
13623 10356 13863 4762 
13627 10358 13870 4765 
13636 10363 13877 4766 
13641 10367 13884 4767 
13646 10373 13887 4772 
13648 10384 13892 4775 
13654 10390 13898 4775 
13660 10390 13902 4775 
13667 10396 13911 4775 
13676 10399 13913 4777 
13680 10405 13919 4778 
13688 10408 13924 4778 
13697 10412 13931 4779 
13700 10415 13932 4781 
13703 10415 13940 4784 
13709 10417 13944 4786 
13720 10423 13949 4787 
13727 10428 13956 4788 
13733 10432 13962 4791 
13740 10436 13972 4795 
13747 10444 13977 4796 
13754 10445 13982 4798 
13766 10447 13988 4802 
13772 10450 13992 4804 
13774 10454 13997 4804 
13779 10460 14002 4806 
13783 10464 14007 4810 
13790 10472 14013 4812 
13796 10476 14020 4816 
13800 10481 14027 4817 
13800 10484 14034 4821 
13804 10490 14038 4823 
13811 10496 14041 4825 
13814 10498 14051 4829 
13824 10501 14061 4832 
13828 10506 14066 4836 
13832 10514 14074 4837 
13837 10516 14078 4838 
13841 10520 14083 4840 
13845 10525 14091 4843 
13854 10526 14095 4847 
13856 10531 14099 4851 
13866 10536 14106 4854 
13868 10543 14114 4856 
13878 10544 14115 4859 
13880 10552 14124 4862 
13883 10553 14128 4862 
13889 10558 14132 4863 
13896 10568 14138 4865 
13903 10571 14143 4866 
13907 10575 14150 4867 
13910 10579 14154 4871 
13912 10582 14161 4874 
13917 10591 14174 4876 
13922 10596 14183 4878 
13931 10601 14189 4883 
13939 10604 14193 4884 
13944 10607 14201 4887 
13954 10610 14207 4888 
13965 10618 14213 4891 
13969 10623 14219 4895 
13979 10631 14224 4896 
13986 10635 14234 4899 
13992 10637 14239 4904 
13999 10638 14244 4905 
14003 10646 14251 4909 
14007 10654 14258 4910 
14013 10661 14268 4911 
14018 10668 14271 4911 
14021 10673 14273 4913 
14031 10678 14275 4916 
14033 10680 14283 4916 
14039 10686 14289 4917 
14039 10692 14298 4918 
14042 10701 14303 4921 
14047 10706 14308 4922 
14053 10712 14313 4925 
14058 10717 14320 4925 
14063 10721 14325 4931 
14069 10731 14332 4931 
14076 10735 14335 4933 
14085 10738 14338 4936 
14089 10742 14344 4939 
14091 10747 14350 4941 
14099 10752 14365 4943 
14105 10756 14371 4947 
14108 10765 14382 4950 
14111 10766 14390 4953 
14114 10770 14398 4953 
14119 10772 14403 4953 
14124 10777 14407 4955 
14129 10781 14413 4958 
14135 10784 14415 4959 
14140 10792 14420 4959 
14143 10794 14425 4961 
14152 10803 14430 4963 
14153 10811 14436 4964 
14156 10813 14442 4966 
14159 10823 14450 4968 
14163 10829 14458 4970 
14169 10838 14467 4972 
14177 10842 14473 4975 
14184 10848 14477 4976 
14188 10852 14487 4977 
14193 10855 14495 4982 
14194 10860 14500 4985 
14197 10865 14503 4988 
14201 10868 14506 4990 
14204 10871 14514 4994 
14209 10874 14520 4995 
14214 10877 14528 4996 
14218 10883 14535 5001 
14226 10885 14541 5002 
14230 10885 14554 5005 
14232 10890 14564 5005 
14235 10891 14570 5008 
14240 10895 14573 5011 
14245 10900 14579 5015 
14246 10903 14590 5017 
14251 10908 14595 5019 
14254 10910 14605 5021 
14259 10915 14607 5025 
14265 10918 14613 5028 
14274 10920 14616 5031 
14276 10929 14621 5034 
14281 10933 14626 5036 
14286 10937 14635 5038 
14291 10941 14644 5039 
14301 10946 14647 5039 
14306 10951 14652 5040 
14310 10955 14658 5041 
14314 10957 14661 5041 
14320 10963 14668 5043 
14323 10965 14674 5049 
14332 10968 14685 5054 
14340 10975 14688 5056 
14346 10979 14695 5057 
14350 10983 14699 5062 
14353 10992 14708 5067 
14358 10996 14714 5069 
14363 11001 14721 5072 
14370 11005 14726 5073 
14380 11008 14731 5079 
14383 11015 14736 5083 
14386 11017 14742 5086 
14392 11026 14749 5089 
14401 11030 14754 5092 
14414 11036 14765 5094 
14419 11039 14774 5097 
14422 11047 14781 5103 
14431 11050 14781 5106 
14437 11056 14787 5107 
14445 11061 14788 5111 
14448 11069 14797 5112 
14458 11073 14804 5113 
14461 11075 14812 5115 
14471 11081 14818 5116 
14474 11090 14826 5118 
14480 11091 14838 5121 
14487 11094 14846 5124 
14495 11099 14855 5127 
14499 11102 14858 5131 
14505 11111 14866 5133 
14510 11113 14869 5134 
14517 11118 14870 5134 
14524 11122 14877 5135 
14528 11128 14888 5136 
14531 11129 14895 5138 
14534 11135 14901 5139 
14539 11137 14905 5139 
14543 11141 14913 5141 
14553 11147 14921 5143 
14557 11151 14931 5146 
14569 11154 14934 5149 
14576 11161 14942 5152 
14576 11167 14950 5153 
14581 11176 14953 5158 
14592 11181 14964 5160 
14600 11185 14972 5161 
14606 11189 14977 5163 
14612 11193 14986 5168 
14621 11197 14990 5169 
14630 11199 14995 5170 
14635 11200 14999 5173 
14644 11204 15006 5174 
14649 11210 15013 5176 
14652 11216 15019 5182 
14657 11218 15029 5187 
14660 11221 15035 5190 
14667 11226 15043 5194 
14678 11229 15050 5194 
14681 11232 15054 5195 
14684 11238 15062 5199 
14692 11243 15067 5201 
14696 11244 15077 5203 
14701 11250 15086 5204 
14708 11254 15095 5207 
14713 11257 15101 5210 
14719 11258 15105 5212 
14725 11263 15110 5213 
14725 11268 15116 5215 
14735 11271 15121 5218 
14741 11271 15125 5224 
14746 11275 15131 5224 
14754 11278 15137 5226 
14757 11280 15142 5228 
14762 11286 15148 5229 
14766 11290 15154 5231 
14771 11293 15159 5233 
14777 11295 15163 5235 
14784 11298 15168 5236 
14792 11301 15176 5237 
14794 11305 15183 5242 
14800 11313 15188 5243 
14805 11314 15193 5243 
14809 11318 15198 5246 
14814 11321 15203 5247 
14817 11324 15208 5249 
14825 11326 15213 5250 
14829 11328 15221 5253 
14833 11330 15225 5257 
14843 11332 15230 5258 
14853 11336 15237 5258 
14855 11342 15242 5261 
14863 11347 15249 5263 
14868 11354 15255 5264 
14873 11357 15259 5266 
14878 11360 15263 5270 
14886 11368 15266 5272 
14895 11372 15267 5277 
14906 11375 15271 5278 
14912 11378 15278 5279 
14919 11381 15286 5281 
14923 11386 15295 5288 
14928 11389 15304 5291 
14935 11398 15308 5293 
14942 11405 15321 5295 
14946 11411 15329 5298 
14950 11421 15335 5300 
14955 11422 15339 5301 
14960 11426 15344 5303 
14961 11431 15354 5303 
14966 11435 15356 5308 
14975 11442 15365 5309 
14982 11449 15369 5311 
14989 11453 15374 5316 
14992 11454 15378 5317 
14999 11457 15386 5319 
15005 11463 15390 5321 
15013 11466 15402 5321 
15018 11471 15404 5321 
15025 11475 15413 5322 
15030 11480 15418 5325 
15034 11483 15426 5327 
15037 11488 15435 5329 
15040 11492 15440 5334 
15043 11496 15445 5336 
15045 11498 15446 5338 
15049 11503 15451 5340 
15058 11506 15459 5342 
15066 11510 15462 5344 
15075 11512 15467 5345 
15080 11514 15474 5347 
15090 11515 15480 5350 
15101 11518 15486 5353 
15109 11522 15490 5357 
15112 11527 15498 5361 
15118 11530 15500 5363 
15126 11537 15510 5367 
15132 11541 15522 5367 
15138 11547 15525 5369 
15142 11552 15532 5372 
15150 11555 15538 5373 
15155 11558 15544 5375 
15160 11562 15550 5379 
15170 11564 15555 5382 
15175 11570 15563 5384 
15178 11581 15567 5384 
15182 11588 15574 5385 
15188 11590 15578 5386 
15189 11595 15583 5389 
15198 11603 15589 5391 
15198 11604 15602 5393 
15205 11608 15608 5394 
15214 11610 15618 5398 
15216 11613 15623 5403 
15218 11616 15623 5404 
15222 11620 15630 5406 
15232 11623 15634 5407 
15236 11624 15639 5411 
15243 11627 15642 5412 
15251 11629 15645 5414 
15258 11632 15648 5416 
15263 11638 15655 5419 
15268 11640 15663 5420 
15276 11647 15672 5421 
15277 11654 15677 5423 
15282 11656 15684 5426 
15290 11662 15688 5428 
15300 11666 15691 5428 
15304 11667 15697 5429 
15309 11670 15705 5432 
15315 11671 15713 5434 
15319 11675 15716 5436 
15322 11679 15723 5438 
15328 11684 15725 5439 
15335 11689 15730 5442 
15341 11695 15734 5447 
15344 11700 15738 5453 
15352 11706 15745 5456 
15355 11717 15755 5460 
15362 11721 15760 5464 
15370 11725 15765 5468 
15379 11730 15773 5472 
15384 11732 15778 5473 
15389 11739 15785 5475 
15394 11742 15790 5476 
15404 11743 15800 5480 
15409 11748 15803 5482 
15412 11750 15814 5485 
15419 11755 15822 5488 
15428 11759 15827 5489 
15430 11764 15830 5494 
15433 11768 15837 5495 
15437 11770 15844 5498 
15444 11775 15851 5498 
15449 11777 15861 5498 
15457 11779 15870 5501 
15464 11784 15881 5502 
15469 11786 15889 5504 
15480 11795 15896 5507 
15486 11800 15902 5510 
15491 11805 15911 5512 
15499 11813 15916 5517 
15507 11818 15925 5521 
15512 11821 15932 5524 
15518 11827 15935 5526 
15524 11829 15943 5531 
15530 11831 15953 5533 
15535 11835 15961 5533 
15541 11842 15964 5536 
15549 11846 15966 5539 
15554 11850 15973 5543 
15560 11854 15981 5545 
15568 11859 15996 5548 
15572 11861 16005 5551 
15577 11865 16011 5554 
15578 11869 16018 5555 
15583 11874 16026 5558 
15589 11880 16030 5563 
15596 11881 16041 5565 
15600 11883 16048 5568 
15608 11886 16061 5569 
15612 11890 16070 5570 
15618 11895 16075 5570 
15625 11898 16080 5571 
15632 11905 16088 5574 
15641 11910 16096 5577 
15644 11916 16104 5579 
15648 11918 16115 5580 
15654 11920 16123 5583 
15663 11924 16128 5587 
15669 11930 16132 5588 
15670 11933 16140 5589 
15677 11937 16145 5592 
15682 11942 16152 5593 
15683 11944 16157 5597 
15691 11947 16160 5600 
15694 11951 16168 5602 
15696 11957 16172 5604 
15701 11962 16177 5605 
15709 11968 16186 5606 
15714 11973 16191 5609 
15715 11978 16198 5609 
15722 11984 16204 5611 
15724 11988 16210 5612 
15730 11993 16218 5614 
15737 11999 16227 5615 
15740 12003 16233 5619 
15744 12007 16240 5622 
15747 12018 16243 5626 
15754 12021 16246 5627 
15758 12027 16255 5632 
15762 12033 16256 5632 
15769 12036 16264 5633 
15775 12041 16272 5635 
15783 12050 16274 5637 
15786 12057 16276 5640 
15794 12062 16284 5642 
15801 12069 16295 5644 
15803 12076 16299 5645 
15809 12081 16307 5648 
15815 12088 16313 5649 
15821 12088 16317 5651 
15826 12092 16324 5653 
15829 12095 16330 5656 
15830 12098 16341 5659 
15835 12104 16346 5660 
15838 12113 16352 5663 
15845 12118 16360 5664 
15852 12120 16365 5667 
15858 12124 16377 5671 
15860 12130 16382 5677 
15866 12137 16388 5678 
15872 12139 16395 5681 
15880 12142 16399 5684 
15883 12147 16409 5685 
15889 12153 16412 5689 
15896 12157 16418 5691 
15902 12166 16431 5696 
15906 12170 16435 5699 
15913 12175 16436 5700 
15922 12180 16441 5701 
15925 12186 16448 5704 
15934 12194 16450 5706 
15944 12200 16455 5710 
15947 12205 16464 5713 
15950 12211 16475 5714 
15954 12214 16485 5715 
15966 12219 16490 5719 
15972 12225 16497 5721 
15975 12228 16508 5721 
15979 12235 16510 5726 
15984 12239 16518 5728 
15994 12244 16529 5730 
15999 12252 16534 5732 
16002 12255 16539 5733 
16007 12260 16551 5733 
16011 12264 16558 5734 
16017 12271 16564 5737 
16019 12273 16569 5740 
16023 12279 16574 5741 
16028 12289 16580 5743 
16034 12296 16582 5747 
16037 12303 16586 5752 
16038 12305 16588 5755 
16043 12312 16594 5759 
16049 12315 16597 5763 
16054 12319 16603 5766 
16059 12325 16616 5769 
16065 12330 16620 5769 
16068 12336 16623 5770 
16074 12339 16626 5772 
16082 12346 16633 5773 
16087 12351 16637 5778 
16093 12355 16643 5778 
16095 12361 16650 5783 
16103 12364 16654 5786 
16105 12366 16663 5786 
16109 12370 16668 5790 
16114 12375 16674 5791 
16118 12383 16677 5792 
16127 12393 16679 5794 
16130 12396 16682 5795 
16139 12398 16688 5796 
16143 12404 16694 5800 
16149 12404 16700 5804 
16152 12409 16706 5807 
16157 12416 16712 5809 
16168 12421 16720 5812 
16169 12425 16726 5818 
16175 12429 16736 5823 
16184 12430 16746 5825 
16191 12435 16751 5828 
16195 12436 16757 5831 
16203 12443 16760 5834 
16209 12446 16770 5835 
16213 12448 16777 5837 
16219 12454 16783 5838 
16225 12458 16790 5840 
16236 12464 16792 5843 
16240 12473 16796 5846 
16244 12476 16807 5847 
16251 12477 16811 5847 
16256 12479 16819 5848 
16263 12484 16825 5849 
16270 12487 16830 5850 
16276 12490 16837 5852 
16285 12497 16850 5854 
16293 12502 16854 5856 
16298 12510 16858 5857 
16302 12512 16863 5861 
16305 12514 16874 5867 
16312 12520 16881 5869 
16318 12521 16885 5869 
16324 12529 16891 5869 
16331 12533 16896 5870 
16336 12538 16905 5870 
16340 12547 16909 5873 
16343 12551 16917 5874 
16347 12554 16925 5876 
16352 12556 16932 5877 
16356 12559 16941 5879 
16363 12562 16946 5882 
16366 12566 16956 5885 
16370 12569 16962 5892 
16372 12573 16970 5893 
16375 12575 16976 5893 
16378 12578 16987 5896 
16383 12583 16992 5897 
16388 12586 16999 5901 
16394 12586 17003 5902 
16401 12589 17011 5904 
16403 12593 17015 5910 
16412 12603 17024 5912 
16417 12609 17028 5913 
16425 12616 17034 5916 
16432 12620 17039 5920 
16435 12630 17045 5923 
16439 12634 17051 5924 
16445 12641 17056 5926 
16454 12642 17063 5930 
16462 12650 17072 5933 
16466 12654 17078 5936 
16468 12658 17083 5936 
16475 12664 17087 5941 
16480 12666 17094 5943 
16483 12670 17106 5944 
16488 12675 17109 5946 
16492 12685 17116 5947 
16501 12690 17122 5949 
16510 12694 17129 5953 
16512 12697 17134 5956 
16518 12702 17141 5957 
16524 12705 17147 5957 
16529 12713 17152 5960 
16534 12718 17161 5963 
16545 12723 17166 5965 
16554 12725 17168 5967 
16560 12727 17174 5970 
16565 12730 17180 5972 
16569 12734 17187 5974 
16576 12741 17195 5976 
16585 12745 17201 5976 
16590 12749 17208 5978 
16597 12752 17216 5979 
16602 12760 17217 5982 
16609 12764 17225 5985 
16619 12770 17231 5989 
16623 12777 17239 5990 
16626 12780 17245 5992 
16630 12783 17250 5994 
16639 12786 17259 5998 
16645 12788 17271 5999 
16652 12793 17278 6000 
16661 12801 17284 6002 
16665 12809 17287 6003 
16667 12815 17291 6007 
16673 12819 17297 6007 
16675 12826 17305 6013 
16683 12833 17311 6015 
16687 12836 17319 6017 
16691 12841 17320 6017 
16699 12848 17324 6018 
16703 12855 17328 6020 
16706 12857 17333 6024 
16710 12862 17338 6026 
16714 12866 17345 6028 
16720 12868 17349 6030 
16722 12872 17354 6033 
16731 12874 17361 6037 
16740 12876 17365 6039 
16749 12883 17371 6042 
16753 12885 17378 6045 
16759 12893 17381 6046 
16767 12895 17385 6050 
16771 12899 17393 6052 
16775 12907 17398 6055 
16782 12916 17401 6057 
16787 12919 17409 6060 
16793 12922 17418 6061 
16797 12926 17425 6065 
16804 12930 17432 6067 
16809 12936 17436 6071 
16818 12937 17446 6074 
16822 12943 17455 6077 
16828 12948 17462 6080 
16831 12952 17471 6080 
16837 12958 17474 6082 
16841 12962 17482 6083 
16850 12968 17492 6087 
16860 12973 17497 6089 
16866 12978 17501 6091 
16873 12983 17504 6093 
16878 12985 17505 6095 
16883 12990 17507 6097 
16894 12994 17515 6100 
16899 12999 17522 6103 
16907 13003 17523 6103 
16919 13008 17531 6105 
16922 13011 17539 6108 
16931 13015 17543 6111 
16936 13020 17550 6115 
16944 13021 17561 6118 
16950 13023 17568 6119 
16957 13028 17574 6124 
16960 13034 17578 6127 
16969 13040 17585 6128 
16978 13045 17597 6132 
16983 13053 17604 6133 
16990 13058 17614 6136 
16999 13064 17626 6137 
17003 13068 17628 6137 
17005 13072 17633 6138 
17009 13078 17636 6144 
17010 13081 17644 6148 
17014 13083 17652 6149 
17017 13090 17660 6151 
17020 13092 17668 6153 
17026 13097 17673 6153 
17031 13104 17678 6156 
17036 13109 17683 6159 
17044 13112 17688 6162 
17050 13116 17697 6164 
17052 13119 17698 6166 
17054 13124 17699 6166 
17062 13128 17703 6170 
17068 13129 17713 6172 
17073 13135 17720 6173 
17081 13139 17728 6177 
17086 13146 17737 6179 
17093 13149 17742 6179 
17098 13155 17748 6182 
17109 13159 17755 6184 
17111 13166 17763 6185 
17117 13173 17768 6186 
17120 13177 17771 6188 
17130 13181 17775 6190 
17135 13183 17780 6191 
17142 13191 17783 6196 
17147 13199 17792 6199 
17156 13203 17799 6202 
17160 13206 17805 6203 
17168 13211 17811 6208 
17175 13217 17819 6214 
17180 13220 17828 6215 
17190 13230 17834 6217 
17201 13237 17843 6217 
17205 13241 17849 6223 
17209 13245 17854 6231 
17215 13249 17866 6232 
17219 13255 17873 6235 
17226 13256 17885 6237 
17229 13264 17888 6237 
17235 13267 17894 6240 
17240 13271 17898 6244 
17244 13276 17908 6245 
17250 13280 17909 6245 
17257 13286 17912 6249 
17260 13289 17918 6252 
17266 13294 17927 6256 
17273 13297 17935 6258 
17275 13303 17944 6259 
17285 13306 17947 6261 
17287 13311 17952 6264 
17292 13316 17960 6265 
17297 13318 17968 6266 
17304 13323 17980 6269 
17307 13329 17988 6269 
17314 13332 17996 6272 
17323 13337 18000 6274 
17330 13340 18011 6276 
17337 13344 18015 6278 
17344 13351 18024 6280 
17349 13351 18032 6283 
17354 13358 18042 6284 
17365 13362 18050 6289 
17374 13367 18060 6291 
17380 13372 18071 6295 
17388 13378 18076 6296 
17395 13383 18084 6300 
17401 13388 18091 6302 
17409 13392 18101 6305 
17417 13393 18104 6309 
17421 13401 18111 6311 
17425 13406 18112 6313 
17430 13408 18119 6315 
17434 13413 18123 6316 
17443 13421 18128 6318 
17448 13426 18135 6318 
17452 13433 18141 6319 
17453 13439 18144 6322 
17458 13443 18153 6326 
17464 13446 18159 6326 
17471 13451 18166 6327 
17478 13457 18168 6329 
17485 13466 18173 6332 
17490 13470 18176 6333 
17496 13474 18185 6335 
17503 13482 18188 6335 
17508 13487 18196 6338 
17512 13495 18201 6341 
17520 13498 18208 6346 
17523 13505 18213 6348 
17529 13508 18217 6348 
17531 13513 18220 6350 
17538 13517 18226 6352 
17544 13520 18238 6353 
17551 13529 18244 6354 
17554 13535 18251 6357 
17560 13537 18259 6361 
17570 13538 18265 6362 
17572 13542 18272 6367 
17578 13544 18281 6368 
17586 13548 18289 6373 
17589 13551 18298 6377 
17592 13553 18301 6378 
17599 13556 18307 6379 
17609 13566 18314 6382 
17617 13570 18324 6384 
17622 13572 18328 6385 
17627 13575 18332 6386 
17638 13582 18339 6387 
17646 13588 18345 6390 
17649 13596 18351 6390 
17652 13603 18358 6391 
17656 13607 18365 6393 
17661 13613 18372 6395 
17670 13618 18380 6398 
17675 13623 18385 6400 
17682 13630 18391 6402 
17686 13637 18394 6403 
17687 13639 18402 6405 
17697 13644 18408 6408 
17700 13649 18416 6418 
17703 13654 18422 6423 
17714 13662 18423 6426 
17720 13669 18428 6431 
17724 13674 18437 6434 
17729 13679 18442 6434 
17732 13683 18453 6435 
17738 13689 18462 6438 
17749 13694 18465 6440 
17754 13697 18471 6444 
17762 13704 18476 6447 
17767 13710 18483 6449 
17770 13711 18488 6450 
17776 13713 18499 6455 
17780 13717 18506 6459 
17785 13722 18508 6463 
17787 13727 18516 6465 
17793 13731 18525 6466 
17804 13736 18529 6467 
17810 13739 18534 6467 
17817 13744 18544 6471 
17823 13750 18551 6473 
17828 13754 18558 6473 
17837 13757 18563 6473 
17844 13763 18570 6476 
17848 13768 18576 6476 
17855 13776 18580 6480 
17858 13780 18584 6480 
17863 13785 18595 6482 
17868 13790 18603 6484 
17877 13795 18605 6485 
17882 13798 18620 6486 
17887 13799 18625 6487 
17896 13802 18630 6489 
17900 13808 18634 6491 
17909 13810 18639 6493 
17915 13818 18643 6497 
17923 13824 18652 6497 
17927 13828 18658 6498 
17933 13834 18671 6503 
17940 13839 18678 6503 
17943 13845 18687 6505 
17948 13850 18690 6510 
17955 13854 18696 6512 
17961 13855 18702 6514 
17967 13857 18706 6515 
17973 13864 18710 6516 
17981 13871 18716 6522 
17987 13875 18720 6523 
17988 13881 18724 6524 
17995 13887 18731 6525 
18004 13890 18739 6527 
18010 13894 18746 6529 
18020 13899 18748 6531 
18028 13904 18752 6536 
18033 13910 18756 6538 
18041 13915 18763 6541 
18043 13919 18766 6545 
18050 13922 18773 6547 
18057 13924 18776 6548 
18063 13933 18783 6549 
18068 13935 18791 6554 
18072 13942 18799 6558 
18074 13945 18803 6558 
18078 13951 18809 6561 
18087 13954 18816 6561 
18092 13957 18822 6563 
18098 13964 18826 6565 
18107 13968 18835 6567 
18117 13973 18840 6569 
18122 13981 18842 6572 
18131 13990 18850 6574 
18138 13990 18859 6576 
18147 13994 18863 6581 
18155 13998 18870 6586 
18157 14000 18872 6588 
18163 14008 18883 6591 
18171 14009 18887 6592 
18182 14013 18899 6592 
18187 14013 18902 6594 
18195 14020 18909 6596 
18200 14024 18915 6598 
18207 14025 18920 6599 
18211 14027 18926 6602 
18214 14032 18934 6602 
18215 14033 18940 6605 
18222 14036 18948 6606 
18228 14038 18954 6608 
18239 14045 18962 6610 
18247 14052 18968 6613 
18255 14056 18978 6614 
18260 14061 18982 6616 
18269 14065 18991 6617 
18275 14069 18995 6617 
18284 14071 19000 6618 
18286 14075 19005 6618 
18293 14079 19011 6621 
18298 14084 19016 6624 
18304 14088 19022 6630 
18315 14096 19028 6632 
18323 14101 19033 6637 
18330 14105 19037 6640 
18335 14110 19041 6642 
18341 14113 19047 6645 
18343 14117 19055 6645 
18350 14118 19064 6645 
18359 14124 19068 6645 
18364 14129 19073 6645 
18372 14133 19076 6645 
18382 14138 19080 6650 
18385 14145 19086 6652 
18390 14148 19096 6654 
18393 14152 19102 6655 
18406 14156 19106 6656 
18414 14157 19112 6656 
18417 14163 19120 6657 
18418 14168 19126 6659 
18423 14170 19133 6662 
18428 14177 19139 6663 
18433 14186 19148 6666 
18436 14188 19156 6668 
18439 14190 19165 6669 
18444 14192 19170 6671 
18447 14200 19174 6672 
18452 14210 19180 6674 
18457 14214 19189 6675 
18464 14218 19198 6678 
18467 14225 19208 6681 
18472 14230 19218 6683 
18479 14236 19224 6686 
18486 14250 19230 6687 
18499 14255 19235 6689 
18502 14259 19241 6690 
18508 14265 19246 6694 
18511 14271 19254 6694 
18516 14276 19258 6695 
18525 14278 19267 6696 
18532 14283 19272 6702 
18541 14286 19275 6706 
18547 14292 19280 6707 
18556 14296 19285 6710 
18563 14304 19289 6712 
18568 14310 19295 6714 
18574 14318 19305 6716 
18576 14320 19311 6718 
18583 14323 19320 6718 
18586 14330 19327 6719 
18592 14337 19334 6720 
18599 14338 19341 6720 
18605 14341 19347 6722 
18611 14344 19356 6724 
18616 14348 19361 6727 
18620 14352 19365 6728 
18626 14356 19369 6732 
18633 14367 19373 6734 
18642 14369 19379 6736 
18645 14374 19388 6740 
18652 14378 19396 6740 
18658 14390 19406 6742 
18667 14394 19413 6743 
18672 14396 19421 6745 
18681 14404 19429 6745 
18685 14411 19442 6746 
18694 14420 19449 6747 
18697 14421 19457 6753 
18702 14426 19463 6756 
18708 14434 19471 6758 
18713 14437 19478 6758 
18719 14443 19481 6764 
18725 14452 19486 6766 
18730 14459 19489 6766 
18734 14467 19496 6773 
18744 14473 19505 6777 
18747 14478 19510 6779 
18752 14481 19517 6780 
18761 14482 19523 6782 
18765 14484 19528 6783 
18771 14490 19533 6783 
18776 14492 19537 6785 
18783 14496 19545 6786 
18789 14498 19558 6789 
18795 14505 19571 6789 
18801 14506 19580 6792 
18805 14509 19590 6794 
18811 14515 19599 6801 
18822 14521 19603 6802 
18832 14526 19604 6803 
18836 14530 19612 6804 
18841 14533 19617 6804 
18845 14539 19622 6805 
18848 14543 19629 6808 
18853 14549 19634 6809 
18857 14549 19642 6811 
18862 14557 19650 6811 
18866 14564 19652 6811 
18878 14568 19658 6812 
18888 14574 19664 6812 
18893 14579 19668 6813 
18898 14580 19675 6816 
18904 14585 19680 6817 
18914 14590 19687 6819 
18921 14598 19692 6826 
18929 14601 19699 6828 
18934 14604 19708 6828 
18939 14609 19716 6831 
18946 14614 19719 6835 
18955 14620 19724 6838 
18958 14627 19735 6840 
18964 14634 19741 6843 
18969 14638 19750 6844 
18976 14644 19756 6845 
18980 14651 19761 6846 
18986 14655 19768 6846 
18995 14661 19772 6847 
18998 14661 19773 6849 
19003 14662 19781 6851 
19009 14669 19786 6852 
19013 14673 19794 6855 
19018 14678 19799 6855 
19023 14681 19805 6857 
19026 14684 19811 6860 
19032 14686 19819 6865 
19042 14692 19824 6866 
19047 14694 19827 6870 
19051 14702 19833 6873 
19056 14706 19838 6874 
19061 14710 19843 6874 
19067 14713 19849 6874 
19080 14718 19857 6876 
19089 14721 19863 6878 
19094 14728 19870 6878 
19100 14732 19882 6880 
19104 14737 19890 6880 
19107 14741 19897 6882 
19112 14743 19898 6885 
19118 14747 19902 6890 
19125 14754 19904 6895 
19133 14758 19909 6899 
19144 14760 19916 6903 
19151 14764 19924 6903 
19160 14767 19928 6908 
19166 14770 19933 6909 
19173 14777 19936 6909 
19177 14783 19942 6912 
19186 14789 19953 6914 
19190 14796 19959 6919 
19196 14800 19963 6921 
19204 14807 19975 6925 
19211 14811 19981 6927 
19219 14817 19987 6930 
19223 14824 19997 6934 
19231 14830 20003 6936 
19235 14833 20010 6937 
19240 14835 20019 6939 
19246 14839 20026 6942 
19252 14840 20031 6943 
19257 14843 20035 6946 
19263 14847 20039 6949 
19264 14854 20044 6950 
19268 14860 20052 6953 
19273 14863 20060 6954 
19279 14864 20064 6957 
19284 14867 20069 6964 
19292 14875 20076 6965 
19300 14878 20081 6967 
19306 14882 20087 6970 
19312 14888 20094 6971 
19312 14893 20105 6972 
19317 14897 20117 6975 
19324 14905 20125 6977 
19327 14912 20132 6980 
19332 14915 20136 6982 
19336 14923 20142 6984 
19342 14928 20152 6986 
19346 14935 20158 6988 
19350 14937 20163 6991 
19352 14949 20171 6994 
19356 14954 20181 6996 
19359 14964 20183 7002 
19365 14970 20192 7004 
19369 14974 20198 7007 
19373 14977 20202 7009 
19383 14980 20206 7010 
19387 14985 20213 7013 
19394 14988 20218 7017 
19398 14993 20226 7022 
19407 14997 20234 7025 
19416 15000 20241 7029 
19423 15004 20251 7033 
19426 15008 20259 7036 
19431 15012 20266 7038 
19435 15016 20270 7038 
19441 15019 20280 7041 
19445 15022 20288 7042 
19454 15025 20294 7046 
19463 15027 20299 7047 
19470 15031 20304 7048 
19480 15036 20316 7055 
19485 15041 20319 7059 
19493 15043 20333 7063 
19501 15049 20345 7068 
19508 15056 20351 7071 
19510 15059 20361 7074 
19515 15060 20371 7077 
19525 15063 20378 7080 
19531 15066 20385 7085 
19532 15070 20390 7088 
19538 15075 20394 7089 
19542 15076 20398 7090 
19547 15078 20405 7092 
19550 15085 20410 7097 
19555 15089 20415 7101 
19557 15092 20426 7105 
19564 15096 20433 7107 
19572 15097 20443 7109 
19580 15103 20451 7110 
19583 15106 20461 7110 
19592 15107 20466 7110 
19596 15113 20472 7113 
19605 15117 20478 7117 
19609 15123 20482 7122 
19617 15126 20487 7127 
19619 15131 20491 7133 
19622 15134 20495 7134 
19628 15140 20497 7137 
19636 15141 20505 7138 
19640 15146 20511 7140 
19646 15150 20517 7140 
19650 15152 20526 7142 
19660 15155 20536 7143 
19665 15160 20542 7145 
19669 15163 20551 7146 
19672 15165 20555 7147 
19674 15173 20564 7150 
19677 15175 20571 7153 
19684 15179 20580 7156 
19694 15189 20586 7158 
19698 15193 20591 7159 
19703 15200 20599 7162 
19709 15206 20609 7165 
19715 15212 20616 7166 
19722 15214 20620 7170 
19726 15219 20624 7174 
19734 15225 20629 7175 
19740 15231 20636 7175 
19749 15237 20645 7176 
19756 15241 20656 7179 
19758 15253 20659 7179 
19763 15256 20665 7180 
19773 15261 20671 7183 
19776 15268 20681 7185 
19781 15271 20686 7189 
19783 15276 20692 7192 
19792 15277 20694 7194 
19802 15281 20702 7195 
19805 15283 20705 7196 
19809 15284 20715 7198 
19814 15291 20723 7201 
19820 15295 20726 7206 
19823 15305 20732 7208 
19829 15309 20741 7210 
19838 15313 20750 7212 
19845 15317 20760 7214 
19850 15321 20766 7216 
19856 15328 20779 7220 
19862 15333 20785 7222 
19865 15338 20788 7222 
19874 15344 20794 7226 
19882 15348 20802 7228 
19887 15354 20811 7229 
19892 15361 20817 7230 
19899 15364 20821 7233 
19902 15370 20829 7238 
19909 15376 20832 7238 
19914 15382 20838 7240 
19918 15391 20844 7241 
19926 15394 20853 7243 
19932 15395 20859 7244 
19937 15399 20867 7248 
19939 15405 20873 7249 
19949 15409 20878 7249 
19954 15414 20881 7251 
19960 15419 20887 7254 
19964 15424 20893 7254 
19974 15428 20904 7257 
19983 15435 20909 7258 
19988 15448 20916 7262 
19991 15453 20924 7268 
19993 15454 20931 7270 
19997 15455 20940 7274 
20003 15462 20951 7278 
20007 15465 20957 7281 
20011 15472 20963 7285 
20016 15474 20974 7285 
20024 15479 20979 7289 
20030 15483 20981 7289 
20035 15486 20986 7292 
20038 15492 20992 7296 
20045 15498 20995 7297 
20053 15503 21006 7298 
20057 15504 21014 7300 
20064 15505 21021 7302 
20072 15513 21027 7304 
20079 15518 21033 7308 
20081 15524 21038 7313 
20087 15529 21040 7314 
20089 15532 21048 7317 
20095 15538 21053 7319 
20105 15545 21062 7321 
20111 15550 21069 7323 
20120 15555 21072 7326 
20124 15555 21076 7326 
20125 15562 21083 7329 
20133 15568 21088 7331 
20135 15570 21099 7332 
20144 15578 21103 7334 
20155 15580 21113 7337 
20161 15582 21117 7337 
20168 15587 21123 7339 
20174 15591 21128 7342 
20180 15598 21136 7344 
20184 15604 21141 7348 
20189 15610 21145 7351 
20199 15614 21153 7356 
20204 15618 21160 7357 
20207 15626 21170 7360 
20213 15629 21176 7364 
20216 15632 21181 7365 
20223 15635 21188 7368 
20227 15640 21200 7369 
20232 15644 21209 7371 
20237 15649 21212 7373 
20243 15654 21221 7374 
20252 15657 21230 7378 
20260 15660 21236 7381 
20268 15663 21242 7381 
20275 15667 21248 7387 
20279 15675 21255 7388 
20283 15678 21262 7390 
20291 15683 21266 7392 
20298 15690 21270 7396 
20304 15698 21271 7398 
20311 15700 21281 7399 
20317 15708 21288 7403 
20323 15713 21296 7405 
20332 15718 21304 7406 
20342 15723 21313 7407 
20348 15728 21315 7410 
20351 15732 21320 7410 
20360 15735 21326 7414 
20368 15742 21333 7418 
20373 15749 21336 7418 
20378 15754 21348 7418 
20385 15757 21355 7418 
20390 15761 21369 7419 
20394 15764 21372 7421 
20396 15768 21380 7423 
20400 15772 21392 7423 
20407 15775 21398 7427 
20415 15779 21405 7431 
20421 15784 21415 7433 
20427 15788 21422 7436 
20438 15792 21429 7439 
20441 15800 21433 7440 
20445 15806 21436 7443 
20452 15813 21443 7447 
20455 15822 21452 7447 
20460 15826 21460 7451 
20466 15832 21468 7456 
20471 15834 21476 7459 
20479 15842 21482 7461 
20487 15847 21496 7463 
20494 15850 21503 7467 
20497 15855 21508 7468 
20502 15860 21522 7470 
20507 15863 21528 7475 
20510 15866 21534 7477 
20519 15874 21541 7480 
20523 15879 21548 7484 
20530 15885 21555 7486 
20535 15886 21566 7489 
20543 15889 21575 7492 
20549 15898 21581 7494 
20560 15900 21588 7498 
20569 15908 21592 7502 
20575 15916 21598 7507 
20585 15921 21611 7508 
20589 15926 21614 7509 
20593 15930 21621 7513 
20598 15936 21625 7513 
20604 15943 21635 7514 
20606 15949 21641 7516 
20615 15956 21641 7519 
20622 15965 21649 7524 
20628 15968 21657 7528 
20630 15973 21664 7530 
20632 15975 21669 7532 
20638 15975 21678 7534 
20642 15978 21683 7534 
20646 15986 21690 7535 
20655 15994 21694 7536 
20660 16002 21700 7536 
20667 16008 21704 7542 
20676 16015 21710 7544 
20683 16017 21719 7547 
20688 16024 21729 7549 
20694 16026 21742 7549 
20701 16034 21749 7550 
20707 16039 21752 7552 
20712 16049 21763 7557 
20715 16054 21770 7558 
20720 16058 21779 7560 
20728 16064 21783 7562 
20732 16067 21789 7567 
20734 16076 21791 7569 
20740 16080 21802 7574 
20746 16081 21811 7577 
20751 16091 21820 7578 
20756 16098 21827 7579 
20763 16100 21833 7583 
20768 16105 21837 7583 
20773 16108 21845 7585 
20778 16115 21857 7589 
20787 16120 21865 7591 
20795 16126 21872 7592 
20804 16129 21877 7595 
20809 16131 21882 7596 
20815 16132 21885 7598 
20823 16137 21891 7600 
20829 16142 21897 7601 
20834 16147 21902 7603 
20840 16149 21911 7604 
20847 16157 21917 7607 
20849 16162 21926 7609 
20859 16169 21933 7610 
20865 16174 21936 7610 
20870 16180 21949 7610 
20879 16184 21954 7611 
20888 16192 21963 7612 
20896 16194 21970 7615 
20905 16200 21978 7619 
20909 16204 21986 7623 
20914 16208 21988 7623 
20922 16212 21992 7625 
20931 16219 21995 7627 
20935 16223 22004 7628 
20944 16230 22014 7630 
20950 16236 22019 7632 
20951 16247 22022 7633 
20958 16252 22028 7634 
20965 16257 22036 7636 
20976 16262 22042 7638 
20978 16267 22048 7641 
20981 16271 22061 7642 
20989 16276 22068 7644 
20993 16280 22076 7646 
20995 16287 22086 7650 
21001 16291 22092 7655 
21009 16296 22098 7659 
21011 16302 22100 7663 
21017 16306 22104 7664 
21021 16308 22110 7667 
21026 16309 22116 7669 
21028 16314 22123 7672 
21036 16318 22134 7674 
21043 16320 22142 7674 
21047 16322 22152 7675 
21056 16329 22156 7676 
21064 16334 22160 7678 
21072 16340 22169 7678 
21079 16344 22178 7683 
21084 16350 22181 7687 
21095 16357 22187 7688 
21099 16362 22192 7692 
21106 16368 22203 7695 
21113 16371 22209 7698 
21118 16378 22212 7699 
21121 16381 22222 7700 
21130 16388 22226 7704 
21137 16394 22231 7707 
21142 16399 22242 7710 
21151 16406 22250 7713 
21160 16411 22256 7718 
21167 16416 22266 7722 
21173 16420 22273 7723 
21175 16425 22281 7725 
21185 16427 22288 7730 
21188 16430 22294 7730 
21191 16437 22303 7732 
21200 16441 22310 7732 
21204 16446 22318 7734 
21209 16455 22324 7738 
21216 16462 22334 7740 
21219 16466 22339 7741 
21229 16469 22350 7742 
21233 16475 22355 7745 
21241 16480 22362 7747 
21249 16486 22369 7751 
21254 16493 22377 7754 
21267 16498 22383 7755 
21275 16504 22388 7757 
21278 16511 22395 7760 
21285 16515 22404 7763 
21293 16515 22412 7766 
21301 16520 22422 7767 
21307 16525 22428 7768 
21318 16533 22432 7770 
21323 16541 22439 7779 
21330 16544 22446 7782 
21340 16550 22458 7785 
21342 16555 22463 7788 
21349 16559 22468 7790 
21352 16561 22472 7792 
21358 16564 22475 7796 
21366 16567 22483 7798 
21375 16571 22484 7799 
21380 16575 22488 7800 
21383 16579 22495 7802 
21392 16583 22501 7803 
21395 16588 22504 7810 
21401 16595 22508 7813 
21409 16601 22513 7814 
21412 16612 22520 7815 
21420 16616 22524 7817 
21425 16622 22530 7820 
21433 16630 22532 7823 
21438 16633 22537 7826 
21439 16639 22543 7829 
21448 16643 22552 7831 
21452 16651 22562 7835 
21457 16655 22572 7835 
21462 16658 22576 7835 
21469 16668 22581 7836 
21479 16671 22586 7837 
21483 16676 22592 7838 
21487 16680 22598 7840 
21489 16685 22606 7846 
21495 16687 22614 7848 
21503 16692 22621 7850 
21512 16698 22631 7852 
21517 16703 22636 7855 
21522 16711 22641 7860 
21530 16715 22644 7862 
21536 16718 22656 7863 
21544 16723 22664 7866 
21545 16732 22669 7867 
21554 16735 22674 7870 
21561 16739 22679 7873 
21567 16743 22685 7874 
21572 16750 22687 7876 
21577 16755 22695 7878 
21583 16760 22704 7879 
21594 16772 22709 7882 
21602 16774 22715 7883 
21609 16778 22720 7888 
21610 16787 22725 7889 
21615 16788 22732 7892 
21618 16791 22739 7896 
21620 16795 22746 7899 
21624 16797 22757 7900 
21628 16806 22766 7904 
21632 16809 22773 7908 
21638 16818 22781 7910 
21643 16822 22796 7911 
21653 16825 22804 7911 
21664 16829 22810 7911 
21667 16832 22818 7913 
21673 16840 22825 7917 
21683 16844 22831 7919 
21687 16847 22835 7920 
21693 16853 22842 7924 
21699 16855 22846 7926 
21707 16860 22854 7932 
21716 16866 22861 7936 
21722 16870 22870 7938 
21727 16877 22875 7940 
21736 16884 22882 7943 
21738 16890 22892 7946 
21745 16895 22895 7947 
21755 16900 22904 7950 
21768 16904 22913 7954 
21772 16909 22915 7955 
21781 16911 22919 7956 
21786 16921 22925 7957 
21795 16922 22930 7961 
21802 16926 22937 7961 
21811 16930 22947 7962 
21817 16937 22956 7963 
21822 16946 22964 7967 
21827 16956 22972 7969 
21832 16961 22980 7971 
21837 16967 22993 7973 
21842 16970 22998 7977 
21847 16977 23004 7980 
21857 16984 23013 7981 
21859 16991 23016 7982 
21866 16994 23023 7985 
21871 16997 23032 7989 
21874 17000 23038 7991 
21877 17004 23046 7994 
21884 17008 23052 8000 
21894 17013 23059 8001 
21896 17019 23064 8003 
21905 17026 23070 8004 
21908 17029 23080 8006 
21916 17036 23089 8009 
21920 17041 23095 8012 
21925 17046 23103 8012 
21929 17058 23110 8015 
21934 17063 23115 8015 
21942 17065 23119 8017 
21945 17069 23123 8021 
21958 17073 23129 8024 
21966 17079 23138 8025 
21973 17084 23144 8027 
21980 17091 23147 8032 
21982 17094 23153 8033 
21991 17098 23159 8035 
21995 17103 23164 8036 
22002 17108 23168 8036 
22009 17110 23176 8038 
22018 17118 23179 8041 
22025 17125 23183 8043 
22035 17129 23188 8043 
22041 17135 23192 8046 
22047 17141 23199 8048 
22052 17147 23201 8049 
22058 17152 23212 8051 
22064 17159 23219 8054 
22074 17163 23222 8056 
22078 17166 23232 8057 
22083 17173 23239 8060 
22093 17181 23247 8063 
22095 17191 23256 8066 
22101 17195 23261 8068 
22109 17199 23268 8071 
22115 17203 23272 8071 
22118 17204 23283 8074 
22124 17205 23285 8076 
22138 17211 23295 8078 
22143 17217 23302 8085 
22154 17222 23308 8088 
22157 17223 23314 8091 
22164 17229 23322 8095 
22172 17233 23329 8096 
22180 17237 23338 8097 
22182 17239 23344 8098 
22188 17243 23348 8100 
22195 17251 23355 8101 
22208 17253 23361 8106 
22217 17256 23367 8109 
22222 17267 23369 8114 
22228 17273 23374 8114 
22232 17278 23385 8117 
22236 17285 23391 8119 
22240 17289 23401 8123 
22248 17293 23415 8125 
22254 17295 23421 8126 
22258 17299 23426 8131 
22265 17302 23430 8131 
22268 17314 23441 8131 
22274 17317 23443 8131 
22279 17317 23453 8132 
22286 17319 23459 8136 
22291 17324 23464 8137 
22298 17331 23468 8141 
22306 17337 23476 8146 
22311 17338 23480 8147 
22317 17341 23485 8148 
22326 17348 23494 8149 
22333 17354 23501 8151 
22339 17358 23503 8154 
22349 17362 23512 8155 
22354 17367 23522 8157 
