0 0 0 0 
8 1 5 1 
11 3 7 3 
14 5 9 4 
19 12 14 5 
27 19 16 6 
30 23 20 7 
36 26 28 8 
42 28 28 9 
43 30 31 11 
48 32 37 13 
55 34 40 17 
61 36 46 18 
65 38 49 19 
70 41 57 22 
79 45 62 24 
84 48 67 27 
97 53 73 30 
103 56 76 30 
105 58 81 33 
108 58 84 33 
114 59 89 34 
122 62 91 34 
128 65 98 35 
137 70 103 39 
139 75 110 40 
146 76 114 47 
149 80 121 47 
155 86 125 48 
157 89 131 49 
164 93 136 50 
173 96 142 50 
178 103 147 53 
184 108 150 57 
190 113 156 57 
194 118 164 57 
205 125 167 60 
210 131 171 62 
217 134 177 65 
221 137 180 67 
227 137 183 67 
229 143 187 68 
234 144 191 72 
243 148 195 75 
250 154 198 77 
253 156 205 77 
259 159 210 80 
262 163 214 83 
266 168 221 83 
273 176 225 85 
273 177 231 90 
277 181 235 91 
286 184 240 94 
290 187 246 97 
298 193 247 98 
306 194 250 99 
315 199 252 102 
319 202 257 102 
324 204 260 104 
327 208 267 107 
329 209 269 110 
339 214 274 110 
339 218 282 113 
341 223 287 114 
347 230 290 117 
352 236 296 119 
359 239 300 120 
363 247 307 121 
368 250 309 126 
372 252 312 127 
378 253 314 128 
384 255 317 131 
388 259 321 132 
391 263 329 135 
398 268 332 140 
403 274 337 145 
412 275 340 147 
417 277 344 149 
421 280 351 150 
425 283 354 151 
429 288 355 152 
436 290 363 152 
440 297 371 154 
447 301 375 156 
452 305 382 157 
461 308 386 157 
465 310 390 159 
477 312 392 161 
481 314 397 163 
486 319 400 164 
492 322 406 165 
496 323 408 165 
500 325 412 165 
503 330 413 169 
506 333 418 172 
513 335 420 175 
518 338 425 177 
524 343 431 177 
526 347 433 177 
530 347 439 179 
539 349 441 179 
546 354 448 180 
549 358 457 180 
560 360 462 181 
565 360 470 183 
568 360 474 185 
574 367 478 187 
578 370 484 188 
582 375 493 190 
585 377 496 191 
589 382 499 192 
592 386 505 193 
593 388 507 195 
599 391 510 198 
603 396 512 201 
608 399 515 201 
613 404 515 202 
617 407 522 202 
621 409 525 205 
625 413 526 206 
629 418 531 208 
634 420 535 209 
642 425 539 214 
649 427 543 215 
653 429 547 216 
659 432 553 217 
663 435 559 217 
667 438 565 219 
675 442 569 219 
681 446 573 220 
686 449 577 223 
692 459 581 225 
698 463 585 225 
701 466 589 225 
707 468 595 227 
708 471 601 231 
712 476 607 232 
720 482 613 236 
728 486 615 239 
734 494 621 244 
745 500 624 246 
751 502 631 249 
753 505 636 252 
759 506 639 254 
764 510 644 256 
767 515 647 256 
770 517 648 258 
776 519 652 258 
779 521 658 259 
782 524 664 259 
786 528 670 260 
793 529 675 262 
797 536 686 265 
800 539 691 267 
808 540 698 270 
815 546 706 271 
820 550 708 271 
823 556 711 277 
828 559 714 277 
834 565 725 279 
841 566 730 283 
843 569 733 284 
846 572 735 287 
848 575 741 289 
853 580 746 291 
860 582 749 294 
867 584 753 299 
872 589 764 301 
880 593 765 303 
883 595 772 304 
887 597 779 306 
895 601 785 307 
898 605 789 310 
900 606 796 311 
904 611 797 311 
906 618 804 313 
912 620 808 314 
917 622 815 317 
923 628 822 318 
928 633 828 321 
934 639 833 322 
937 640 833 327 
938 642 837 329 
940 646 839 332 
946 648 843 333 
950 652 851 334 
958 659 856 335 
960 664 861 339 
967 667 868 340 
972 672 875 342 
979 675 879 343 
987 678 884 344 
991 682 887 344 
995 685 890 345 
1000 687 893 348 
1004 691 899 350 
1009 695 906 352 
1020 700 911 354 
1026 703 918 360 
1031 706 923 361 
1036 710 932 363 
1041 711 933 365 
1047 713 942 369 
1056 718 950 370 
1061 718 951 370 
1064 723 954 371 
1068 727 959 371 
1075 731 963 375 
1080 737 968 377 
1086 740 971 378 
1092 743 978 380 
1094 746 985 381 
1101 749 986 382 
1108 751 992 385 
1112 752 997 387 
1119 753 1001 391 
1123 755 1007 392 
1132 762 1014 392 
1134 767 1016 394 
1136 771 1021 396 
1142 776 1024 399 
1146 779 1035 400 
1156 784 1041 402 
1162 784 1044 404 
1166 787 1048 407 
1172 793 1051 408 
1176 795 1055 409 
1181 795 1058 410 
1192 800 1062 412 
1196 803 1068 415 
1201 808 1073 416 
1207 811 1076 418 
1217 815 1082 420 
1218 817 1088 424 
1220 822 1095 428 
1225 825 1099 430 
1230 828 1105 433 
1236 832 1114 435 
1242 835 1122 437 
1249 838 1126 439 
1252 842 1132 441 
1259 847 1140 443 
1264 850 1149 444 
1268 854 1153 444 
1274 855 1155 450 
1284 859 1157 451 
1290 862 1158 451 
1295 865 1164 452 
1300 871 1173 452 
1305 873 1178 452 
1310 878 1180 452 
1315 885 1191 453 
1320 886 1197 453 
1324 888 1204 454 
1328 892 1210 454 
1334 900 1214 456 
1343 904 1218 459 
1346 906 1222 460 
1354 910 1228 461 
1359 912 1235 465 
1364 916 1240 467 
1370 918 1247 467 
1379 921 1253 470 
1387 923 1259 473 
1395 930 1266 475 
1399 935 1272 476 
1405 938 1280 478 
1415 942 1283 480 
1424 951 1289 483 
1432 955 1295 485 
1436 956 1300 489 
1443 964 1303 490 
1445 965 1307 493 
1448 969 1311 498 
1453 972 1322 500 
1458 977 1324 500 
1463 982 1334 502 
1466 988 1343 504 
1472 993 1350 507 
1473 996 1354 509 
1484 1002 1360 510 
1491 1007 1370 513 
1499 1011 1376 513 
1503 1018 1380 515 
1506 1020 1387 517 
1508 1024 1398 519 
1511 1025 1404 521 
1515 1035 1405 523 
1520 1039 1411 523 
1522 1045 1418 527 
1529 1049 1428 529 
1534 1055 1433 530 
1542 1059 1440 532 
1548 1062 1448 534 
1554 1063 1450 534 
1560 1067 1452 536 
1567 1072 1458 538 
1574 1074 1465 540 
1576 1077 1471 541 
1585 1080 1478 544 
1588 1084 1487 546 
1594 1087 1495 547 
1599 1092 1499 548 
1606 1097 1505 550 
1610 1101 1514 554 
1614 1104 1519 556 
1617 1107 1527 558 
1628 1111 1530 560 
1637 1115 1531 562 
1640 1116 1540 562 
1648 1117 1546 564 
1654 1120 1552 565 
1661 1125 1559 567 
1669 1127 1562 569 
1674 1130 1568 570 
1679 1132 1575 571 
1682 1133 1580 571 
1696 1137 1588 572 
1702 1143 1593 575 
1706 1148 1601 576 
1709 1152 1608 578 
1716 1153 1612 581 
1722 1155 1617 583 
1724 1155 1624 586 
1729 1160 1627 587 
1735 1163 1631 587 
1747 1166 1639 591 
1749 1169 1644 593 
1756 1173 1650 593 
1763 1180 1653 594 
1770 1184 1656 596 
1773 1187 1663 597 
1784 1189 1669 599 
1788 1192 1674 599 
1796 1196 1679 599 
1805 1200 1685 599 
1811 1203 1688 602 
1815 1210 1693 602 
1819 1213 1698 606 
1822 1215 1700 607 
1826 1217 1709 611 
1835 1221 1717 613 
1840 1223 1721 616 
1846 1225 1724 618 
1850 1229 1728 620 
1855 1230 1733 621 
1862 1232 1738 621 
1865 1234 1746 625 
1874 1238 1749 627 
1878 1238 1757 629 
1884 1246 1762 632 
1891 1248 1768 633 
1897 1252 1770 636 
1901 1254 1771 637 
1906 1259 1779 638 
1915 1266 1786 638 
1920 1273 1790 639 
1923 1276 1795 640 
1930 1281 1799 641 
1938 1281 1802 641 
1942 1284 1805 644 
1949 1289 1809 645 
1957 1293 1815 646 
1961 1300 1819 648 
1963 1304 1827 648 
1967 1309 1831 649 
1977 1312 1834 650 
1980 1316 1842 650 
1988 1321 1846 653 
1993 1323 1853 656 
2000 1327 1860 658 
2002 1331 1862 659 
2011 1334 1868 662 
2016 1334 1872 663 
2021 1336 1882 665 
2031 1339 1884 665 
2039 1342 1888 668 
2043 1345 1891 668 
2047 1350 1898 671 
2050 1357 1905 675 
2056 1361 1913 677 
2058 1363 1917 678 
2062 1367 1924 678 
2066 1368 1928 681 
2075 1369 1931 685 
2085 1374 1934 690 
2088 1380 1939 691 
2093 1381 1945 691 
2099 1383 1949 693 
2106 1386 1953 693 
2109 1390 1955 696 
2116 1395 1957 697 
2122 1398 1962 699 
2125 1401 1964 701 
2126 1401 1971 705 
2134 1407 1979 708 
2138 1410 1982 710 
2144 1410 1985 711 
2148 1413 1994 712 
2156 1418 2001 714 
2160 1424 2007 716 
2163 1428 2011 717 
2175 1436 2018 721 
2183 1442 2023 722 
2187 1444 2033 724 
2193 1446 2041 726 
2200 1449 2045 727 
2204 1454 2051 728 
2208 1458 2059 733 
2214 1461 2062 737 
2216 1464 2070 741 
2223 1467 2075 744 
2228 1469 2078 746 
2236 1470 2080 749 
2243 1473 2090 752 
2245 1476 2098 753 
2251 1478 2104 753 
2255 1482 2105 759 
2265 1484 2108 760 
2271 1488 2113 763 
2281 1491 2115 766 
2288 1493 2127 769 
2290 1498 2129 770 
2293 1505 2133 772 
2297 1508 2138 773 
2301 1511 2145 776 
2307 1518 2151 777 
2312 1518 2151 778 
2317 1521 2156 778 
2324 1527 2164 780 
2328 1534 2166 783 
2332 1539 2174 787 
2339 1542 2181 788 
2340 1543 2186 790 
2345 1546 2190 791 
2353 1549 2198 791 
2362 1551 2201 795 
2369 1557 2209 796 
2371 1560 2216 798 
2378 1562 2225 803 
2384 1562 2228 806 
2389 1565 2233 807 
2396 1569 2235 809 
2401 1574 2241 811 
2410 1575 2250 813 
2419 1577 2253 817 
2423 1577 2260 821 
2425 1579 2267 824 
2429 1583 2273 825 
2437 1587 2282 830 
2442 1593 2288 833 
2445 1599 2292 834 
2450 1600 2297 837 
2453 1606 2305 839 
2458 1610 2309 840 
2462 1616 2313 841 
2471 1624 2323 843 
2475 1628 2325 843 
2482 1630 2332 847 
2486 1634 2335 847 
2489 1637 2341 848 
2494 1639 2347 851 
2500 1643 2350 854 
2507 1650 2352 856 
2516 1656 2359 856 
2519 1657 2366 857 
2525 1658 2377 858 
2532 1661 2382 859 
2538 1665 2386 861 
2543 1671 2394 863 
2547 1673 2400 866 
2555 1682 2408 870 
2558 1684 2415 872 
2565 1684 2423 874 
2569 1692 2427 874 
2573 1698 2433 877 
2582 1701 2439 878 
2585 1702 2443 880 
2592 1704 2448 883 
2599 1705 2458 885 
2607 1711 2463 888 
2612 1713 2467 890 
2616 1716 2475 891 
2621 1717 2482 896 
2625 1723 2485 897 
2627 1728 2490 898 
2633 1731 2496 899 
2640 1735 2501 901 
2646 1740 2510 904 
2654 1745 2513 907 
2663 1749 2519 908 
2666 1755 2525 909 
2671 1756 2533 909 
2674 1759 2538 912 
2680 1761 2542 916 
2683 1765 2545 919 
2687 1771 2551 920 
2694 1775 2559 921 
2697 1780 2566 924 
2704 1783 2571 925 
2710 1788 2573 927 
2715 1793 2580 928 
2720 1795 2584 930 
2728 1798 2590 932 
2732 1802 2592 935 
2743 1803 2594 937 
2747 1805 2601 940 
2750 1811 2605 942 
2753 1811 2612 943 
2757 1815 2615 944 
2761 1817 2620 947 
2763 1819 2623 950 
2768 1826 2631 951 
2776 1833 2635 951 
2784 1838 2640 954 
2787 1840 2645 955 
2790 1844 2655 957 
2796 1849 2661 958 
2802 1857 2666 960 
2809 1860 2670 961 
2820 1863 2676 968 
2827 1868 2683 971 
2835 1872 2685 974 
2841 1876 2691 977 
2845 1880 2694 977 
2849 1885 2696 979 
2853 1889 2701 980 
2860 1896 2710 983 
2866 1903 2718 986 
2874 1906 2720 986 
2879 1910 2724 986 
2884 1913 2726 987 
2893 1915 2732 989 
2898 1920 2736 991 
2903 1923 2742 992 
2905 1923 2748 992 
2908 1927 2754 995 
2912 1928 2765 996 
2919 1930 2768 996 
2925 1935 2773 996 
2928 1940 2785 998 
2933 1947 2788 999 
2937 1947 2792 1001 
2942 1953 2798 1001 
2945 1956 2802 1003 
2957 1959 2811 1004 
2959 1964 2814 1005 
2967 1969 2816 1006 
2969 1973 2820 1007 
2974 1975 2826 1008 
2980 1979 2830 1009 
2983 1984 2840 1013 
2987 1990 2847 1015 
2991 1996 2853 1017 
2992 1998 2858 1020 
2994 2001 2864 1025 
2999 2004 2866 1028 
3003 2009 2869 1029 
3007 2011 2876 1029 
3012 2014 2884 1031 
3015 2018 2888 1032 
3021 2023 2890 1034 
3025 2027 2894 1036 
3028 2031 2900 1037 
3032 2037 2905 1040 
3034 2044 2908 1040 
3040 2048 2914 1041 
3047 2050 2918 1042 
3054 2051 2923 1045 
3056 2056 2926 1046 
3061 2062 2932 1046 
3070 2062 2937 1048 
3077 2070 2938 1052 
3083 2072 2944 1053 
3085 2076 2947 1058 
3093 2082 2956 1058 
3098 2083 2962 1061 
3104 2090 2967 1065 
3107 2096 2971 1067 
3110 2100 2974 1068 
3115 2102 2979 1069 
3120 2106 2983 1072 
3123 2111 2987 1075 
3127 2113 2988 1080 
3132 2116 2997 1080 
3137 2117 3000 1081 
3139 2119 3005 1083 
3146 2120 3013 1088 
3149 2124 3017 1089 
3151 2132 3023 1089 
3157 2138 3026 1092 
3161 2145 3032 1094 
3166 2146 3035 1095 
3169 2149 3042 1096 
3175 2157 3050 1098 
3184 2161 3058 1099 
3188 2166 3062 1101 
3192 2167 3065 1106 
3198 2174 3069 1107 
3202 2181 3071 1108 
3208 2185 3077 1111 
3214 2187 3086 1111 
3217 2189 3092 1112 
3222 2193 3099 1119 
3228 2197 3104 1120 
3234 2199 3110 1122 
3239 2203 3117 1123 
3244 2203 3125 1125 
3248 2207 3131 1126 
3254 2214 3137 1126 
3259 2216 3145 1128 
3260 2222 3147 1128 
3266 2228 3160 1130 
3269 2233 3163 1133 
3273 2235 3167 1134 
3278 2237 3172 1135 
3284 2237 3178 1139 
3285 2244 3182 1139 
3292 2248 3185 1139 
3299 2252 3186 1141 
3305 2255 3189 1141 
3311 2256 3195 1141 
3317 2259 3199 1144 
3320 2264 3206 1145 
3327 2267 3210 1146 
3334 2273 3217 1148 
3343 2278 3225 1149 
3350 2284 3230 1152 
3358 2286 3233 1153 
3365 2289 3242 1155 
3372 2293 3246 1155 
3375 2296 3253 1156 
3380 2299 3259 1158 
3382 2301 3264 1160 
3387 2307 3267 1161 
3393 2312 3274 1163 
3400 2315 3277 1164 
3402 2316 3286 1166 
3408 2324 3293 1169 
3412 2329 3295 1170 
3416 2331 3299 1173 
3425 2335 3303 1175 
3429 2345 3311 1178 
3439 2350 3316 1179 
3444 2358 3323 1181 
3447 2360 3328 1183 
3452 2365 3330 1184 
3457 2368 3340 1187 
3463 2370 3342 1189 
3465 2374 3346 1190 
3470 2381 3349 1191 
3476 2384 3351 1191 
3481 2391 3356 1191 
3486 2395 3361 1192 
3493 2399 3368 1196 
3499 2405 3375 1197 
3502 2409 3381 1200 
3507 2413 3391 1202 
3512 2417 3396 1202 
3516 2421 3405 1203 
3525 2422 3408 1203 
3529 2426 3412 1204 
3532 2429 3419 1208 
3538 2433 3425 1209 
3543 2436 3429 1211 
3550 2444 3437 1213 
3553 2447 3439 1217 
3559 2451 3441 1220 
3566 2452 3448 1224 
3569 2455 3451 1224 
3571 2461 3459 1225 
3574 2463 3465 1226 
3582 2467 3470 1228 
3587 2470 3483 1228 
3592 2472 3492 1231 
3599 2475 3501 1235 
3605 2480 3508 1236 
3609 2485 3513 1237 
3613 2489 3518 1240 
3619 2496 3525 1242 
3626 2502 3531 1242 
3637 2508 3537 1244 
3644 2511 3543 1245 
3651 2511 3551 1248 
3655 2512 3552 1249 
3659 2519 3557 1251 
3664 2522 3564 1254 
3670 2527 3574 1258 
3674 2530 3580 1259 
3681 2537 3589 1261 
3689 2541 3596 1261 
3691 2544 3603 1264 
3699 2544 3608 1267 
3703 2549 3609 1271 
3710 2551 3615 1272 
3716 2554 3617 1274 
3726 2558 3625 1274 
3732 2563 3633 1277 
3738 2571 3636 1279 
3743 2574 3641 1282 
3747 2575 3645 1283 
3753 2580 3646 1284 
3755 2581 3651 1287 
3758 2584 3654 1290 
3761 2591 3659 1292 
3766 2599 3664 1293 
3773 2603 3667 1296 
3777 2607 3670 1301 
3786 2611 3674 1304 
3791 2613 3679 1307 
3796 2616 3684 1311 
3799 2619 3688 1312 
3804 2625 3696 1316 
3811 2627 3698 1316 
3815 2630 3702 1318 
3819 2633 3710 1319 
3824 2637 3713 1321 
3833 2639 3721 1324 
3838 2642 3724 1329 
3843 2648 3732 1330 
3847 2651 3735 1332 
3850 2656 3738 1332 
3853 2659 3745 1332 
3858 2661 3750 1335 
3863 2666 3758 1336 
3866 2672 3765 1338 
3871 2673 3770 1338 
3878 2676 3773 1338 
3884 2681 3782 1340 
3890 2686 3785 1341 
3896 2690 3791 1343 
3900 2691 3793 1347 
3907 2699 3800 1349 
3911 2701 3809 1350 
3913 2707 3820 1352 
3919 2710 3827 1353 
3925 2715 3835 1356 
3930 2719 3844 1358 
3935 2722 3852 1360 
3939 2731 3862 1361 
3943 2736 3866 1362 
3947 2743 3870 1364 
3954 2746 3877 1364 
3963 2754 3885 1365 
3969 2757 3889 1366 
3975 2760 3899 1367 
3978 2764 3909 1369 
3983 2769 3914 1371 
3988 2776 3921 1372 
3994 2785 3927 1373 
3996 2788 3933 1375 
4001 2793 3939 1375 
4008 2798 3947 1375 
4017 2799 3952 1377 
4020 2803 3956 1378 
4027 2804 3963 1381 
4032 2804 3966 1382 
4036 2808 3970 1382 
4043 2814 3974 1384 
4049 2815 3979 1386 
4053 2820 3986 1387 
4059 2823 3991 1389 
4065 2826 3996 1390 
4071 2830 4000 1392 
4076 2832 4004 1392 
4081 2835 4011 1394 
4085 2838 4018 1394 
4091 2839 4025 1394 
4093 2845 4026 1397 
4098 2849 4029 1398 
4104 2855 4036 1399 
4107 2859 4040 1399 
4112 2861 4051 1400 
4117 2864 4053 1406 
4122 2867 4058 1408 
4123 2871 4063 1409 
4127 2877 4066 1412 
4131 2882 4073 1413 
4133 2885 4076 1416 
4136 2887 4081 1417 
4144 2891 4085 1420 
4151 2893 4087 1424 
4156 2894 4092 1426 
4163 2895 4096 1429 
4166 2901 4102 1430 
4169 2903 4108 1430 
4172 2904 4110 1432 
4179 2907 4117 1433 
4181 2910 4121 1436 
4184 2913 4126 1438 
4193 2918 4129 1440 
4202 2920 4131 1446 
4211 2924 4135 1447 
4221 2928 4139 1448 
4227 2933 4149 1450 
4231 2935 4157 1450 
4234 2941 4167 1454 
4239 2943 4173 1457 
4245 2948 4175 1458 
4253 2951 4181 1459 
4261 2956 4187 1460 
4274 2961 4191 1461 
4278 2966 4197 1463 
4283 2971 4202 1465 
4291 2976 4206 1468 
4293 2978 4215 1469 
4301 2981 4221 1470 
4305 2985 4226 1472 
4311 2988 4231 1477 
4314 2991 4235 1478 
4321 2996 4241 1480 
4323 3003 4248 1482 
4328 3005 4254 1485 
4333 3008 4262 1489 
4342 3013 4268 1493 
4349 3019 4271 1493 
4355 3025 4273 1495 
4365 3027 4283 1496 
4368 3031 4286 1499 
4373 3033 4292 1500 
4374 3040 4306 1502 
4380 3041 4309 1504 
4385 3048 4314 1507 
4388 3052 4317 1507 
4390 3057 4322 1509 
4395 3060 4330 1511 
4399 3065 4338 1513 
4403 3070 4344 1514 
4407 3070 4346 1515 
4413 3074 4353 1516 
4417 3076 4356 1517 
4428 3077 4363 1520 
4436 3081 4369 1522 
4439 3086 4372 1523 
4441 3089 4376 1524 
4447 3093 4380 1526 
4455 3099 4386 1528 
4456 3105 4393 1532 
4463 3108 4398 1533 
4467 3111 4402 1536 
4471 3111 4410 1538 
4475 3114 4419 1539 
4483 3117 4425 1540 
4488 3120 4428 1543 
4490 3122 4430 1545 
4495 3126 4434 1549 
4500 3133 4440 1550 
4502 3137 4443 1551 
4507 3139 4447 1553 
4513 3143 4449 1554 
4517 3148 4455 1559 
4520 3156 4460 1561 
4529 3159 4468 1562 
4534 3163 4473 1562 
4541 3167 4479 1566 
4547 3171 4484 1568 
4552 3174 4494 1568 
4560 3177 4499 1572 
4568 3184 4501 1574 
4573 3187 4506 1576 
4578 3188 4513 1580 
4584 3191 4518 1581 
4589 3191 4522 1585 
4594 3197 4530 1585 
4599 3199 4538 1587 
4606 3202 4543 1589 
4614 3203 4550 1593 
4617 3212 4555 1595 
4621 3217 4560 1597 
4626 3221 4565 1600 
4629 3228 4570 1602 
4641 3229 4573 1602 
4648 3234 4580 1605 
4652 3239 4587 1607 
4656 3241 4594 1609 
4665 3244 4601 1609 
4670 3246 4605 1610 
4676 3247 4611 1612 
4677 3253 4616 1613 
4684 3253 4624 1615 
4692 3257 4629 1619 
4697 3259 4635 1620 
4703 3266 4644 1623 
4708 3268 4650 1626 
4712 3271 4651 1628 
4719 3274 4656 1630 
4722 3275 4662 1632 
4729 3279 4669 1632 
4735 3283 4675 1633 
4745 3286 4680 1634 
4751 3292 4686 1635 
4754 3294 4689 1640 
4762 3300 4700 1641 
4766 3304 4703 1645 
4768 3307 4708 1649 
4774 3311 4713 1650 
4778 3317 4714 1653 
4783 3323 4717 1655 
4786 3326 4719 1662 
4791 3329 4721 1663 
4795 3334 4725 1664 
4801 3343 4729 1667 
4806 3346 4739 1669 
4815 3347 4748 1670 
4821 3351 4753 1672 
4827 3359 4759 1672 
4833 3361 4766 1676 
4837 3362 4769 1677 
4839 3370 4774 1680 
4845 3376 4780 1681 
4850 3380 4785 1683 
4855 3382 4792 1685 
4857 3384 4796 1686 
4864 3387 4801 1686 
4869 3388 4809 1688 
4872 3391 4814 1689 
4878 3393 4821 1691 
4881 3397 4826 1694 
4891 3401 4832 1698 
4895 3404 4834 1700 
4903 3412 4841 1703 
4911 3416 4847 1704 
4915 3419 4853 1706 
4919 3421 4856 1709 
4927 3428 4861 1711 
4929 3432 4869 1712 
4934 3436 4874 1713 
4941 3442 4877 1714 
4945 3447 4881 1715 
4951 3454 4886 1718 
4955 3459 4891 1721 
4964 3463 4894 1724 
4971 3467 4901 1728 
4974 3472 4903 1730 
4978 3476 4910 1731 
4984 3479 4914 1733 
4987 3482 4920 1736 
4991 3483 4926 1741 
4994 3492 4931 1744 
4997 3498 4935 1744 
5000 3501 4940 1748 
5007 3504 4945 1749 
5011 3507 4948 1749 
5016 3515 4950 1750 
5024 3521 4956 1753 
5027 3523 4961 1756 
5030 3526 4967 1756 
5037 3529 4972 1758 
5044 3532 4977 1761 
5046 3536 4986 1764 
5051 3541 4993 1768 
5055 3546 4999 1769 
5063 3551 5005 1771 
5065 3554 5012 1775 
5070 3559 5019 1777 
5075 3560 5026 1778 
5087 3564 5029 1779 
5095 3568 5034 1781 
5097 3577 5035 1782 
5106 3578 5042 1783 
5117 3581 5046 1785 
5128 3586 5049 1786 
5134 3592 5059 1790 
5140 3594 5063 1794 
5147 3598 5067 1795 
5150 3606 5072 1796 
5153 3610 5085 1796 
5154 3614 5090 1799 
5157 3618 5094 1803 
5168 3618 5096 1807 
5172 3620 5103 1809 
5179 3622 5108 1813 
5185 3624 5113 1815 
5187 3631 5117 1818 
5194 3637 5125 1821 
5199 3639 5128 1822 
5205 3643 5132 1825 
5213 3646 5142 1828 
5218 3653 5146 1831 
5226 3655 5149 1832 
5230 3663 5156 1834 
5233 3664 5162 1837 
5239 3669 5168 1838 
5244 3674 5173 1842 
5250 3679 5178 1843 
5251 3684 5181 1845 
5255 3687 5184 1848 
5261 3695 5187 1848 
5267 3696 5195 1849 
5271 3701 5197 1853 
5276 3702 5199 1856 
5284 3705 5201 1858 
5289 3711 5206 1862 
5290 3711 5215 1864 
5297 3718 5219 1865 
5302 3724 5225 1868 
5308 3729 5230 1872 
5314 3733 5233 1874 
5320 3737 5237 1876 
5325 3742 5244 1876 
5327 3746 5252 1877 
5330 3750 5259 1879 
5333 3753 5270 1880 
5334 3754 5273 1882 
5344 3761 5279 1885 
5346 3768 5286 1885 
5348 3769 5291 1886 
5355 3773 5298 1887 
5361 3777 5303 1888 
5363 3783 5312 1890 
5368 3786 5314 1891 
5373 3789 5323 1892 
5377 3792 5327 1893 
5380 3792 5331 1895 
5383 3796 5334 1895 
5390 3800 5338 1897 
5394 3805 5340 1898 
5400 3807 5347 1900 
5405 3809 5350 1901 
5412 3812 5356 1901 
5420 3815 5365 1904 
5426 3818 5374 1906 
5430 3825 5380 1907 
5436 3831 5385 1910 
5443 3838 5394 1911 
5448 3844 5399 1913 
5452 3844 5412 1913 
5455 3847 5421 1915 
5461 3850 5426 1916 
5469 3853 5429 1918 
5475 3856 5434 1919 
5484 3861 5437 1922 
5488 3866 5442 1924 
5491 3872 5445 1925 
5496 3876 5450 1927 
5501 3882 5452 1928 
5506 3887 5454 1929 
5510 3888 5458 1929 
5517 3893 5462 1929 
5520 3896 5467 1932 
5526 3897 5475 1936 
5530 3901 5478 1940 
5538 3908 5486 1943 
5542 3910 5489 1943 
5551 3913 5494 1943 
5553 3914 5501 1945 
5561 3919 5508 1948 
5563 3927 5511 1951 
5566 3930 5515 1955 
5571 3936 5521 1956 
5575 3936 5529 1960 
5585 3939 5538 1963 
5590 3942 5544 1965 
5598 3948 5550 1965 
5600 3953 5556 1966 
5607 3954 5561 1972 
5610 3959 5565 1978 
5614 3959 5570 1979 
5618 3962 5574 1980 
5622 3967 5579 1983 
5626 3972 5587 1988 
5628 3979 5593 1991 
5632 3981 5598 1993 
5637 3983 5601 1994 
5643 3986 5606 1997 
5649 3989 5611 2000 
5661 3996 5617 2002 
5667 4003 5621 2002 
5671 4005 5627 2006 
5677 4007 5633 2010 
5682 4015 5641 2011 
5688 4020 5643 2012 
5695 4024 5648 2015 
5700 4029 5653 2018 
5704 4031 5659 2022 
5708 4034 5665 2024 
5712 4038 5671 2025 
5716 4042 5676 2029 
5723 4042 5681 2030 
5727 4045 5689 2031 
5738 4049 5693 2031 
5749 4052 5697 2032 
5756 4065 5701 2033 
5760 4071 5707 2036 
5767 4075 5715 2039 
5770 4080 5720 2039 
5775 4084 5727 2041 
5777 4090 5734 2041 
5781 4094 5738 2044 
5783 4099 5741 2046 
5788 4105 5746 2047 
5792 4112 5749 2050 
5798 4116 5754 2051 
5807 4119 5758 2054 
5816 4124 5763 2058 
5819 4127 5768 2060 
5825 4131 5772 2066 
5828 4137 5776 2067 
5837 4144 5785 2069 
5845 4151 5790 2074 
5852 4154 5793 2077 
5856 4156 5801 2077 
5864 4160 5805 2080 
5865 4164 5809 2082 
5871 4168 5814 2086 
5876 4171 5823 2092 
5881 4176 5827 2092 
5887 4178 5830 2095 
5895 4180 5835 2098 
5899 4185 5841 2099 
5905 4185 5847 2102 
5913 4190 5854 2102 
5918 4194 5862 2105 
5923 4199 5873 2111 
5928 4204 5878 2114 
5929 4206 5883 2115 
5931 4210 5887 2119 
5937 4215 5891 2122 
5945 4219 5899 2122 
5951 4225 5901 2126 
5955 4231 5905 2128 
5961 4232 5910 2129 
5965 4237 5919 2129 
5969 4240 5923 2132 
5972 4242 5929 2139 
5978 4248 5936 2143 
5983 4250 5940 2144 
5989 4254 5942 2149 
5994 4260 5948 2152 
5999 4267 5958 2154 
6002 4278 5965 2156 
6007 4281 5975 2158 
6012 4285 5983 2161 
6017 4293 5989 2165 
6025 4297 5995 2169 
6034 4302 6003 2172 
6037 4303 6008 2172 
6043 4311 6009 2173 
6046 4316 6013 2175 
6050 4323 6017 2178 
6055 4323 6028 2181 
6059 4325 6029 2181 
6062 4326 6038 2182 
6064 4329 6042 2187 
6073 4331 6046 2190 
6080 4337 6053 2191 
6088 4340 6056 2192 
6094 4343 6063 2194 
6097 4344 6065 2195 
6101 4347 6072 2195 
6107 4349 6077 2199 
6115 4353 6078 2200 
6119 4355 6083 2206 
6124 4363 6087 2206 
6127 4365 6093 2209 
6131 4369 6098 2209 
6134 4372 6104 2210 
6137 4375 6108 2213 
6142 4382 6110 2214 
6151 4383 6118 2214 
6160 4386 6125 2214 
6162 4389 6130 2218 
6168 4392 6139 2221 
6172 4399 6145 2224 
6176 4405 6145 2224 
6180 4406 6148 2224 
6184 4411 6154 2226 
6198 4417 6158 2231 
6205 4423 6161 2233 
6214 4427 6167 2235 
6216 4433 6170 2235 
6222 4438 6174 2239 
6235 4442 6179 2239 
6242 4445 6185 2243 
6242 4448 6192 2244 
6248 4448 6196 2248 
6253 4453 6203 2250 
6259 4461 6211 2252 
6263 4468 6218 2255 
6270 4472 6225 2255 
6272 4476 6229 2257 
6273 4485 6236 2259 
6279 4488 6238 2263 
6284 4490 6246 2267 
6290 4492 6254 2267 
6298 4500 6263 2269 
6302 4505 6267 2272 
6305 4508 6268 2275 
6309 4511 6276 2281 
6318 4515 6280 2284 
6323 4521 6288 2285 
6327 4523 6295 2290 
6334 4524 6301 2290 
6341 4527 6307 2292 
6344 4531 6312 2293 
6350 4535 6320 2296 
6355 4542 6322 2296 
6361 4549 6326 2296 
6364 4553 6333 2297 
6373 4557 6337 2299 
6377 4562 6341 2301 
6384 4566 6344 2302 
6389 4569 6354 2305 
6394 4572 6363 2305 
6401 4576 6372 2307 
6408 4580 6378 2308 
6411 4580 6384 2310 
6415 4586 6390 2313 
6419 4594 6398 2316 
6421 4601 6406 2317 
6424 4608 6414 2318 
6429 4611 6419 2320 
6437 4615 6424 2322 
6440 4618 6429 2322 
6445 4621 6438 2323 
6448 4622 6446 2324 
6456 4627 6450 2325 
6459 4632 6453 2325 
6467 4635 6458 2326 
6471 4639 6465 2327 
6479 4652 6470 2327 
6486 4660 6477 2327 
6490 4662 6478 2329 
6495 4666 6483 2330 
6502 4671 6485 2333 
6506 4673 6488 2333 
6511 4675 6492 2335 
6515 4680 6503 2337 
6519 4682 6507 2338 
6525 4684 6514 2338 
6534 4692 6520 2343 
6541 4697 6530 2345 
6549 4699 6531 2347 
6554 4702 6535 2347 
6558 4704 6540 2348 
6566 4708 6546 2350 
6573 4713 6555 2351 
6579 4718 6562 2352 
6583 4723 6571 2354 
6589 4726 6575 2355 
6594 4729 6581 2356 
6599 4734 6584 2359 
6604 4737 6593 2359 
6612 4740 6598 2360 
6616 4744 6603 2361 
6620 4747 6607 2361 
6626 4749 6615 2363 
6629 4754 6622 2364 
6633 4758 6628 2365 
6640 4763 6634 2366 
6651 4768 6637 2371 
6659 4770 6643 2374 
6665 4775 6650 2375 
6671 4778 6654 2377 
6674 4779 6659 2378 
6679 4783 6666 2379 
6687 4786 6673 2381 
6692 4788 6678 2382 
6695 4791 6686 2383 
6705 4794 6692 2387 
6714 4798 6695 2391 
6719 4799 6697 2392 
6721 4804 6700 2397 
6726 4809 6703 2399 
6730 4809 6709 2401 
6736 4813 6713 2402 
6742 4821 6715 2403 
6750 4824 6721 2406 
6753 4825 6728 2408 
6760 4830 6729 2410 
6764 4833 6731 2413 
6769 4838 6734 2416 
6773 4840 6737 2419 
6776 4843 6744 2420 
6782 4850 6751 2422 
6789 4857 6754 2426 
6793 4858 6759 2426 
6802 4861 6769 2428 
6809 4865 6771 2431 
6812 4867 6778 2434 
6817 4873 6782 2437 
6821 4879 6789 2437 
6827 4882 6793 2437 
6831 4884 6800 2441 
6836 4890 6806 2446 
6840 4893 6811 2446 
6846 4896 6816 2449 
6850 4901 6826 2453 
6855 4908 6831 2457 
6860 4908 6834 2459 
6865 4908 6842 2463 
6874 4912 6851 2465 
6878 4914 6856 2467 
6885 4918 6864 2469 
6885 4927 6870 2469 
6889 4932 6875 2474 
6895 4937 6882 2474 
6903 4940 6887 2476 
6905 4943 6897 2477 
6910 4948 6903 2479 
6914 4954 6910 2481 
6920 4956 6913 2485 
6927 4962 6917 2486 
6932 4965 6926 2487 
6936 4970 6931 2490 
6944 4971 6934 2491 
6948 4974 6944 2495 
6951 4981 6953 2496 
6955 4985 6955 2496 
6963 4991 6961 2498 
6970 4997 6969 2499 
6973 5005 6975 2502 
6981 5013 6983 2503 
6994 5017 6986 2503 
7000 5020 6988 2503 
7003 5024 6992 2506 
7008 5029 7000 2506 
7016 5032 7007 2509 
7020 5034 7009 2510 
7025 5040 7015 2515 
7028 5047 7018 2519 
7029 5048 7025 2520 
7034 5052 7036 2522 
7042 5055 7039 2523 
7047 5058 7047 2525 
7051 5061 7049 2528 
7055 5066 7055 2529 
7060 5068 7060 2531 
7070 5071 7069 2532 
7071 5072 7075 2534 
7078 5076 7082 2536 
7084 5078 7086 2539 
7087 5080 7090 2542 
7095 5084 7093 2542 
7101 5086 7097 2548 
7103 5089 7104 2548 
7108 5090 7109 2552 
7112 5090 7115 2554 
7115 5093 7120 2558 
7121 5099 7124 2559 
7125 5102 7130 2561 
7131 5105 7137 2565 
7139 5109 7144 2565 
7144 5114 7149 2565 
7149 5117 7156 2566 
7153 5122 7160 2568 
7157 5123 7166 2570 
7160 5131 7170 2571 
7168 5134 7177 2573 
7175 5136 7185 2575 
7181 5143 7189 2576 
7186 5146 7195 2578 
7195 5150 7203 2580 
7200 5157 7208 2582 
7205 5161 7211 2583 
7209 5168 7215 2585 
7215 5177 7220 2589 
7217 5181 7228 2590 
7221 5183 7233 2591 
7226 5188 7238 2596 
7231 5191 7243 2598 
7240 5198 7249 2602 
7248 5205 7253 2606 
7249 5211 7257 2606 
7256 5213 7264 2607 
7258 5215 7268 2608 
7264 5221 7271 2609 
7274 5224 7274 2611 
7281 5227 7278 2613 
7285 5230 7284 2616 
7292 5233 7290 2619 
7294 5239 7295 2621 
7299 5243 7302 2622 
7308 5249 7306 2622 
7313 5252 7312 2623 
7321 5259 7319 2625 
7326 5261 7326 2628 
7334 5265 7331 2629 
7337 5269 7335 2630 
7339 5274 7341 2631 
7340 5281 7347 2633 
7344 5284 7351 2634 
7349 5288 7355 2634 
7357 5295 7360 2636 
7360 5303 7368 2639 
7367 5308 7375 2640 
7371 5314 7383 2642 
7382 5322 7389 2646 
7386 5325 7396 2647 
7390 5328 7402 2649 
7399 5329 7413 2649 
7407 5332 7419 2650 
7410 5337 7423 2650 
7412 5338 7427 2655 
7417 5338 7434 2659 
7420 5342 7441 2659 
7429 5347 7448 2661 
7432 5353 7453 2662 
7444 5358 7460 2662 
7455 5361 7465 2663 
7461 5364 7468 2663 
7465 5366 7473 2664 
7473 5370 7477 2665 
7481 5374 7481 2666 
7484 5376 7488 2669 
7487 5379 7497 2673 
7495 5384 7505 2675 
7499 5390 7509 2675 
7506 5394 7513 2677 
7513 5397 7518 2679 
7519 5401 7526 2679 
7525 5406 7536 2679 
7528 5408 7543 2680 
7531 5411 7551 2680 
7534 5416 7558 2683 
7539 5417 7561 2684 
7545 5421 7568 2686 
7549 5425 7573 2689 
7553 5430 7580 2691 
7563 5436 7584 2696 
7567 5444 7589 2698 
7569 5446 7597 2702 
7573 5448 7600 2704 
7577 5458 7605 2705 
7582 5461 7607 2707 
7584 5462 7612 2710 
7588 5465 7617 2710 
7590 5468 7622 2716 
7598 5471 7632 2718 
7601 5476 7637 2718 
7605 5481 7640 2721 
7613 5489 7649 2721 
7617 5490 7655 2722 
7622 5491 7660 2724 
7625 5500 7664 2726 
7632 5504 7669 2730 
7637 5506 7674 2731 
7641 5512 7678 2735 
7642 5512 7686 2738 
7648 5514 7688 2738 
7651 5516 7692 2739 
7656 5521 7696 2740 
7665 5525 7701 2741 
7669 5530 7706 2745 
7677 5534 7716 2746 
7679 5537 7721 2750 
7682 5542 7729 2754 
7688 5545 7733 2757 
7693 5550 7735 2758 
7700 5553 7738 2759 
7707 5562 7740 2760 
7710 5568 7748 2762 
7716 5571 7753 2764 
7724 5578 7759 2765 
7729 5581 7764 2767 
7732 5585 7765 2769 
7738 5588 7772 2772 
7743 5592 7775 2773 
7755 5594 7780 2775 
7764 5598 7786 2777 
7768 5602 7793 2781 
7772 5605 7800 2781 
7777 5608 7808 2783 
7779 5610 7817 2787 
7784 5616 7820 2787 
7789 5618 7821 2788 
7795 5624 7832 2791 
7797 5632 7837 2793 
7801 5636 7844 2794 
7806 5641 7854 2795 
7812 5648 7861 2797 
7817 5655 7869 2802 
7818 5662 7876 2805 
7827 5669 7881 2809 
7834 5673 7883 2811 
7838 5674 7892 2815 
7844 5680 7895 2820 
7853 5681 7901 2821 
7855 5685 7912 2824 
7861 5689 7919 2826 
7864 5690 7927 2827 
7868 5693 7933 2830 
7877 5695 7935 2834 
7887 5698 7942 2835 
7891 5702 7950 2838 
7895 5708 7956 2841 
7904 5712 7960 2843 
7910 5713 7963 2847 
7918 5717 7969 2849 
7925 5722 7975 2854 
7929 5727 7981 2856 
7938 5730 7985 2858 
7942 5735 7990 2860 
7948 5736 7998 2863 
7957 5741 8000 2865 
7960 5743 8008 2867 
7962 5745 8010 2869 
7969 5749 8018 2870 
7976 5757 8022 2872 
7983 5760 8029 2873 
7990 5766 8039 2874 
7992 5767 8045 2876 
7997 5770 8049 2878 
8006 5774 8057 2880 
8011 5778 8063 2880 
8013 5783 8067 2883 
8018 5790 8072 2885 
8022 5793 8077 2889 
8026 5799 8079 2892 
8034 5801 8082 2896 
8038 5807 8088 2900 
8042 5814 8090 2900 
8050 5819 8092 2904 
8055 5823 8094 2907 
8062 5827 8103 2909 
8071 5830 8110 2912 
8080 5833 8114 2913 
8083 5834 8120 2914 
8091 5839 8122 2914 
8098 5841 8132 2914 
8107 5846 8135 2914 
8113 5850 8138 2917 
8119 5855 8145 2919 
8124 5859 8149 2920 
8131 5864 8154 2923 
8133 5866 8161 2926 
8135 5866 8169 2930 
8142 5875 8176 2931 
8149 5879 8182 2933 
8157 5884 8189 2933 
8167 5885 8196 2935 
8175 5889 8196 2937 
8182 5891 8204 2939 
8189 5897 8211 2944 
8191 5905 8215 2946 
8198 5908 8218 2948 
8207 5912 8223 2951 
8211 5916 8228 2952 
8216 5919 8234 2953 
8220 5922 8238 2955 
8223 5928 8248 2957 
8231 5934 8253 2958 
8239 5936 8261 2959 
8246 5939 8265 2961 
8249 5946 8268 2961 
8253 5950 8273 2964 
8262 5954 8275 2966 
8268 5958 8281 2969 
8272 5965 8287 2969 
8278 5969 8291 2972 
8284 5975 8296 2975 
8290 5978 8304 2978 
8295 5981 8309 2979 
8298 5991 8313 2981 
8302 5993 8319 2981 
8306 5997 8324 2986 
8310 6001 8330 2987 
8312 6005 8337 2988 
8318 6010 8342 2991 
8322 6010 8347 2991 
8328 6013 8350 2993 
8331 6018 8353 2994 
8336 6022 8361 2999 
8345 6024 8368 3000 
8351 6027 8372 3001 
8361 6034 8376 3003 
8363 6036 8380 3004 
8367 6039 8384 3004 
8374 6042 8384 3004 
8380 6043 8390 3005 
8384 6045 8396 3006 
8391 6047 8404 3007 
8395 6052 8412 3007 
8401 6057 8415 3008 
8411 6062 8420 3014 
8418 6065 8428 3017 
8428 6068 8435 3017 
8433 6074 8439 3018 
8434 6078 8448 3020 
8438 6083 8455 3023 
8441 6087 8461 3025 
8444 6091 8466 3027 
8449 6095 8471 3028 
8450 6098 8477 3031 
8454 6100 8482 3032 
8460 6103 8486 3033 
8469 6108 8495 3034 
8476 6112 8501 3037 
8481 6116 8509 3039 
8484 6119 8512 3039 
8489 6123 8516 3039 
8495 6126 8522 3044 
8500 6134 8525 3045 
8503 6141 8530 3045 
8505 6147 8533 3047 
8513 6153 8538 3049 
8517 6157 8542 3052 
8519 6162 8547 3052 
8523 6167 8553 3055 
8525 6176 8554 3055 
8527 6179 8561 3059 
8534 6188 8563 3060 
8540 6192 8570 3062 
8542 6196 8577 3065 
8546 6201 8580 3067 
8550 6206 8583 3070 
8552 6208 8589 3072 
8557 6210 8594 3074 
8561 6214 8600 3077 
8563 6214 8608 3078 
8569 6219 8609 3081 
8576 6224 8617 3082 
8580 6229 8623 3084 
8584 6232 8632 3085 
8591 6233 8638 3086 
8594 6236 8644 3089 
8602 6243 8655 3091 
8611 6255 8659 3094 
8614 6260 8669 3096 
8616 6263 8678 3098 
8623 6270 8682 3098 
8630 6273 8685 3102 
8636 6274 8692 3102 
8642 6278 8695 3102 
8647 6280 8701 3106 
8652 6286 8710 3109 
8657 6288 8712 3110 
8664 6293 8719 3111 
8669 6296 8727 3115 
8674 6298 8734 3118 
8683 6306 8744 3119 
8687 6312 8750 3119 
8690 6319 8756 3121 
8696 6322 8763 3122 
8704 6322 8771 3126 
8710 6325 8775 3128 
8714 6327 8784 3131 
8717 6329 8792 3133 
8722 6335 8796 3137 
8728 6340 8799 3142 
8731 6342 8807 3145 
8737 6347 8813 3146 
8743 6349 8817 3147 
8745 6356 8822 3151 
8747 6366 8824 3152 
8751 6370 8831 3155 
8753 6373 8834 3158 
8759 6376 8842 3161 
8766 6378 8846 3165 
8769 6381 8851 3169 
8772 6385 8860 3169 
8776 6391 8872 3171 
8781 6395 8877 3174 
8787 6403 8880 3178 
8790 6404 8886 3180 
8794 6407 8892 3182 
8802 6413 8902 3182 
8804 6416 8906 3184 
8809 6420 8919 3185 
8815 6423 8928 3186 
8823 6426 8931 3188 
8825 6428 8935 3191 
8829 6428 8939 3192 
8832 6432 8945 3194 
8835 6438 8947 3194 
8839 6445 8953 3196 
8842 6449 8957 3198 
8846 6450 8964 3199 
8847 6455 8970 3203 
8851 6459 8977 3203 
8857 6462 8983 3203 
8864 6464 8986 3204 
8872 6468 8989 3207 
8877 6471 8998 3209 
8882 6472 9006 3209 
8888 6474 9015 3212 
8893 6481 9020 3214 
8896 6483 9026 3215 
8901 6489 9033 3217 
8905 6491 9041 3218 
8912 6493 9047 3221 
8917 6498 9053 3224 
8920 6500 9059 3227 
8926 6503 9065 3228 
8934 6509 9069 3232 
8937 6516 9074 3234 
8945 6516 9079 3234 
8951 6520 9082 3237 
8956 6524 9089 3239 
8963 6529 9090 3241 
8968 6533 9093 3243 
8974 6537 9099 3244 
8978 6542 9105 3244 
8982 6547 9109 3247 
8987 6551 9113 3247 
8994 6554 9119 3250 
8999 6560 9123 3252 
9010 6562 9128 3252 
9018 6566 9137 3254 
9023 6567 9142 3254 
9032 6573 9146 3255 
9038 6577 9149 3256 
9044 6581 9156 3256 
9047 6586 9159 3256 
9049 6590 9164 3258 
9053 6594 9173 3262 
9061 6599 9180 3264 
9068 6599 9188 3267 
9073 6605 9193 3270 
9078 6606 9200 3271 
9081 6607 9206 3274 
9083 6609 9210 3275 
9091 6613 9214 3279 
9094 6617 9218 3280 
9101 6621 9224 3282 
9106 6623 9232 3283 
9108 6628 9237 3284 
9113 6637 9242 3286 
9115 6641 9245 3290 
9126 6647 9245 3290 
9131 6650 9248 3294 
9139 6655 9252 3294 
9142 6660 9256 3296 
9150 6662 9260 3298 
9152 6669 9267 3299 
9157 6671 9277 3299 
9164 6675 9282 3303 
9168 6676 9285 3305 
9174 6680 9291 3308 
9178 6686 9293 3310 
9188 6688 9299 3313 
9196 6693 9303 3315 
9200 6697 9309 3317 
9206 6700 9312 3319 
9208 6704 9315 3319 
9218 6709 9319 3320 
9225 6712 9323 3321 
9230 6716 9325 3321 
9234 6722 9331 3322 
9241 6724 9333 3324 
9248 6728 9341 3326 
9254 6735 9349 3328 
9261 6737 9354 3328 
9263 6744 9363 3330 
9270 6750 9369 3331 
9275 6755 9383 3333 
9281 6761 9391 3335 
9290 6765 9396 3337 
9294 6769 9401 3340 
9300 6776 9405 3340 
9306 6779 9410 3346 
9307 6783 9412 3348 
9318 6788 9417 3348 
9322 6794 9424 3349 
9326 6802 9427 3351 
9339 6805 9431 3354 
9345 6810 9438 3356 
9354 6814 9443 3357 
9359 6817 9448 3358 
9364 6823 9457 3361 
9372 6826 9464 3361 
9378 6830 9471 3364 
9386 6834 9475 3366 
9389 6838 9481 3371 
9392 6843 9488 3372 
9396 6847 9492 3373 
9406 6850 9497 3373 
9413 6853 9504 3373 
9419 6855 9513 3373 
9424 6857 9521 3374 
9433 6861 9526 3375 
9439 6864 9528 3380 
9444 6869 9531 3383 
9447 6872 9537 3384 
9452 6880 9540 3385 
9457 6883 9549 3386 
9463 6889 9555 3388 
9469 6894 9560 3388 
9476 6902 9569 3392 
9485 6906 9573 3394 
9490 6915 9575 3396 
9496 6920 9582 3398 
9504 6926 9586 3400 
9508 6931 9594 3401 
9511 6936 9604 3404 
9517 6941 9611 3404 
9523 6945 9615 3408 
9529 6953 9618 3411 
9537 6961 9626 3412 
9541 6971 9632 3414 
9545 6977 9635 3416 
9547 6980 9646 3418 
9552 6985 9650 3421 
9557 6993 9655 3423 
9558 6997 9664 3425 
9561 6998 9670 3427 
9570 7003 9675 3429 
9573 7006 9676 3432 
9578 7015 9677 3433 
9587 7020 9681 3435 
9592 7023 9683 3437 
9600 7025 9689 3439 
9602 7028 9694 3439 
9610 7031 9697 3442 
9614 7036 9705 3443 
9620 7037 9711 3444 
9627 7042 9713 3449 
9636 7049 9719 3453 
9638 7051 9724 3456 
9644 7056 9733 3456 
9651 7063 9742 3456 
9658 7066 9743 3458 
9661 7068 9750 3458 
9667 7072 9756 3458 
9671 7075 9766 3460 
9676 7078 9773 3465 
9680 7082 9779 3465 
9683 7087 9783 3468 
9688 7094 9788 3470 
9695 7104 9789 3472 
9700 7109 9789 3475 
9706 7110 9793 3478 
9712 7112 9798 3479 
9722 7116 9801 3481 
9729 7120 9806 3482 
9734 7123 9809 3486 
9740 7129 9814 3488 
9745 7131 9819 3489 
9749 7136 9824 3492 
9751 7139 9830 3494 
9760 7142 9838 3494 
9766 7146 9841 3495 
9774 7150 9849 3495 
9779 7153 9855 3495 
9779 7158 9861 3496 
9789 7159 9867 3496 
9797 7162 9871 3498 
9800 7165 9876 3500 
9804 7168 9881 3503 
9809 7171 9890 3506 
9815 7173 9897 3510 
9821 7176 9903 3511 
9825 7184 9905 3513 
9828 7188 9910 3514 
9835 7195 9916 3514 
9840 7202 9922 3516 
9842 7208 9933 3517 
9846 7215 9942 3519 
9851 7218 9947 3524 
9861 7220 9953 3529 
9864 7225 9956 3532 
9866 7230 9962 3534 
9871 7232 9967 3537 
9876 7235 9971 3541 
9879 7238 9974 3544 
9885 7240 9978 3545 
9889 7246 9984 3548 
9896 7252 9987 3549 
9898 7257 9992 3550 
9904 7259 10000 3553 
9909 7263 10004 3557 
9912 7272 10007 3559 
9917 7278 10014 3562 
9923 7282 10022 3562 
9925 7287 10035 3564 
9928 7291 10045 3566 
9931 7293 10053 3568 
9937 7299 10057 3571 
9940 7300 10063 3571 
9944 7305 10065 3573 
9951 7307 10067 3576 
9956 7311 10073 3576 
9962 7316 10077 3576 
9968 7321 10087 3577 
9970 7323 10095 3580 
9973 7328 10104 3583 
9977 7331 10109 3584 
9982 7337 10113 3584 
9988 7343 10119 3586 
9993 7346 10127 3587 
9999 7351 10131 3591 
10004 7361 10138 3593 
10010 7361 10145 3595 
10019 7367 10154 3596 
10026 7370 10160 3598 
10029 7375 10169 3602 
10032 7379 10173 3603 
10035 7385 10175 3605 
10040 7393 10181 3609 
10043 7398 10192 3612 
10047 7403 10198 3613 
10050 7407 10205 3617 
10058 7412 10213 3621 
10058 7417 10215 3623 
10062 7423 10222 3624 
10066 7426 10226 3625 
10073 7434 10232 3629 
10080 7438 10238 3630 
10087 7442 10239 3632 
10093 7444 10243 3635 
10099 7450 10248 3636 
10109 7453 10255 3637 
10114 7455 10257 3639 
10116 7462 10264 3641 
10120 7466 10267 3644 
10123 7474 10273 3647 
10125 7477 10276 3649 
10129 7481 10289 3650 
10132 7486 10295 3651 
10142 7494 10304 3655 
10150 7495 10313 3658 
10151 7498 10320 3660 
10158 7503 10321 3663 
10170 7506 10323 3663 
10174 7511 10331 3664 
10180 7517 10341 3667 
10184 7520 10343 3670 
10188 7521 10347 3672 
10194 7524 10350 3675 
10200 7528 10358 3679 
10203 7532 10365 3681 
10208 7539 10368 3682 
10217 7548 10374 3686 
10221 7556 10380 3687 
10224 7561 10385 3690 
10230 7568 10394 3691 
10236 7574 10399 3694 
10239 7577 10407 3695 
10243 7581 10418 3696 
10246 7586 10425 3697 
10262 7593 10427 3698 
10272 7596 10432 3698 
10277 7597 10440 3698 
10282 7599 10445 3698 
10287 7602 10450 3701 
10292 7606 10454 3705 
10298 7610 10463 3707 
10301 7617 10472 3710 
10302 7620 10476 3711 
10310 7621 10478 3712 
10314 7624 10487 3714 
10317 7628 10495 3715 
10323 7629 10504 3717 
10338 7634 10510 3717 
10345 7637 10515 3718 
10351 7644 10516 3719 
10357 7647 10524 3721 
10363 7650 10525 3723 
10367 7658 10533 3729 
10371 7665 10534 3733 
10375 7667 10537 3736 
10376 7673 10541 3737 
10377 7676 10550 3738 
10384 7678 10557 3741 
10391 7681 10561 3744 
10399 7685 10569 3745 
10400 7693 10575 3746 
10405 7699 10581 3747 
10407 7705 10588 3748 
10411 7711 10597 3748 
10416 7714 10603 3751 
10425 7717 10608 3754 
10436 7723 10616 3758 
10444 7727 10623 3761 
10449 7733 10630 3765 
10456 7735 10635 3769 
10464 7738 10643 3771 
10467 7739 10645 3773 
10471 7742 10653 3773 
10474 7745 10654 3773 
10482 7747 10656 3774 
10489 7755 10662 3774 
10497 7760 10667 3778 
10504 7761 10677 3781 
10509 7763 10684 3782 
10516 7767 10691 3785 
10523 7772 10695 3785 
10532 7777 10698 3788 
10540 7778 10709 3789 
10545 7786 10717 3792 
10549 7789 10726 3795 
10555 7798 10734 3796 
10562 7805 10741 3796 
10573 7812 10750 3797 
10575 7817 10755 3798 
10580 7821 10760 3801 
10581 7827 10764 3803 
10588 7830 10772 3805 
10591 7832 10776 3808 
10598 7832 10778 3811 
10604 7837 10785 3811 
10608 7842 10791 3815 
10613 7845 10801 3820 
10620 7855 10814 3823 
10625 7858 10820 3827 
10629 7864 10826 3827 
10633 7868 10833 3829 
10636 7874 10836 3833 
10643 7879 10847 3838 
10646 7886 10854 3839 
10650 7892 10861 3843 
10660 7894 10865 3845 
10664 7897 10871 3845 
10666 7901 10878 3847 
10672 7905 10885 3849 
10678 7910 10890 3850 
10682 7912 10895 3852 
10686 7914 10904 3854 
10688 7921 10909 3854 
10695 7925 10909 3858 
10701 7932 10913 3859 
10707 7936 10919 3860 
10713 7940 10926 3864 
10720 7945 10928 3866 
10728 7951 10932 3870 
10732 7956 10935 3872 
10738 7959 10939 3874 
10743 7965 10942 3874 
10748 7971 10948 3877 
10755 7973 10953 3879 
10763 7979 10957 3880 
10766 7984 10963 3881 
10771 7989 10968 3883 
10773 7992 10972 3884 
10780 7998 10979 3884 
10784 8000 10988 3885 
10789 8002 11002 3886 
10793 8007 11004 3890 
10795 8014 11007 3891 
10799 8016 11012 3893 
10801 8020 11020 3897 
10809 8025 11027 3900 
10817 8027 11035 3901 
10824 8028 11042 3902 
10830 8033 11047 3904 
10834 8037 11052 3905 
10842 8039 11053 3906 
10854 8043 11057 3907 
10856 8045 11062 3911 
10862 8051 11070 3916 
10868 8053 11077 3918 
10873 8061 11083 3919 
10874 8064 11086 3921 
10879 8067 11091 3922 
10886 8075 11098 3925 
10897 8075 11105 3930 
10901 8078 11112 3933 
10906 8084 11116 3936 
10915 8089 11120 3937 
10925 8091 11125 3941 
10928 8096 11130 3942 
10941 8101 11137 3944 
10945 8110 11147 3947 
10952 8112 11156 3948 
10958 8121 11161 3952 
10960 8124 11170 3954 
10967 8130 11174 3954 
10971 8133 11179 3957 
10974 8138 11187 3958 
10984 8140 11190 3961 
10987 8143 11195 3963 
10996 8146 11199 3964 
11002 8151 11205 3966 
11008 8160 11211 3969 
11017 8164 11222 3972 
11021 8167 11231 3972 
11024 8176 11237 3974 
11031 8180 11245 3975 
11039 8184 11257 3981 
11047 8195 11263 3983 
11052 8200 11267 3984 
11058 8204 11271 3986 
11066 8210 11275 3989 
11073 8216 11281 3991 
11080 8221 11288 3993 
11085 8223 11292 3994 
11089 8228 11298 3995 
11098 8232 11306 3996 
11107 8234 11311 3997 
11118 8238 11316 3998 
11124 8246 11319 4000 
11133 8250 11324 4004 
11136 8257 11328 4005 
11138 8262 11333 4009 
11144 8271 11337 4009 
11152 8275 11343 4010 
11161 8279 11349 4013 
11166 8284 11357 4017 
11172 8287 11361 4017 
11177 8292 11368 4018 
11184 8294 11373 4019 
11186 8301 11377 4023 
11195 8304 11382 4026 
11199 8307 11386 4027 
11205 8311 11391 4028 
11214 8314 11399 4031 
11216 8323 11403 4033 
11220 8327 11410 4036 
11222 8332 11421 4038 
11228 8339 11425 4040 
11237 8343 11432 4042 
11242 8348 11436 4044 
11249 8353 11439 4047 
11251 8358 11446 4047 
11256 8362 11453 4049 
11263 8367 11459 4050 
11268 8373 11465 4051 
11272 8377 11473 4052 
11274 8380 11478 4053 
11280 8389 11485 4056 
11287 8395 11491 4057 
11294 8400 11498 4057 
11298 8402 11503 4058 
11305 8406 11507 4058 
11315 8414 11511 4060 
11317 8418 11518 4060 
11325 8424 11523 4061 
11331 8428 11529 4065 
11333 8436 11533 4067 
11339 8438 11539 4067 
11346 8444 11543 4071 
11349 8452 11550 4074 
11354 8455 11554 4077 
11356 8460 11559 4078 
11364 8461 11567 4084 
11370 8466 11570 4084 
11376 8471 11573 4084 
11385 8474 11578 4086 
11392 8482 11584 4088 
11399 8492 11589 4090 
11406 8494 11595 4092 
11410 8496 11598 4093 
11412 8502 11606 4093 
11420 8505 11613 4094 
11424 8512 11617 4097 
11426 8515 11621 4098 
11440 8520 11623 4102 
11447 8523 11627 4105 
11454 8529 11634 4110 
11460 8533 11642 4111 
11466 8536 11648 4112 
11473 8538 11655 4113 
11487 8543 11663 4115 
11490 8545 11668 4116 
11491 8549 11673 4118 
11499 8553 11678 4123 
11508 8559 11685 4127 
11512 8565 11691 4130 
11516 8571 11696 4131 
11522 8575 11705 4136 
11525 8577 11708 4139 
11533 8581 11713 4140 
11534 8584 11718 4141 
11539 8587 11722 4146 
11546 8589 11727 4149 
11550 8589 11732 4151 
11556 8591 11741 4152 
11561 8597 11749 4154 
11566 8602 11757 4157 
11576 8605 11760 4158 
11579 8611 11764 4159 
11584 8614 11775 4161 
11593 8614 11782 4164 
11596 8621 11786 4165 
11601 8627 11793 4167 
11610 8630 11799 4168 
11615 8630 11801 4171 
11619 8635 11807 4173 
11624 8640 11810 4174 
11632 8641 11812 4176 
11635 8643 11823 4177 
11639 8646 11829 4178 
11645 8651 11829 4179 
11651 8655 11833 4184 
11656 8661 11837 4187 
11660 8667 11844 4188 
11667 8669 11851 4189 
11671 8675 11857 4192 
11678 8683 11864 4192 
11685 8688 11869 4196 
11690 8692 11874 4196 
11693 8695 11879 4197 
11695 8696 11885 4199 
11703 8703 11891 4200 
11710 8711 11897 4202 
11718 8717 11906 4205 
11721 8721 11916 4206 
11728 8725 11926 4210 
11734 8732 11929 4210 
11738 8739 11935 4212 
11740 8744 11943 4215 
11743 8751 11949 4219 
11749 8757 11952 4220 
11752 8762 11957 4221 
11759 8766 11958 4221 
11764 8768 11966 4225 
11769 8772 11972 4226 
11777 8776 11977 4228 
11781 8781 11982 4231 
11787 8784 11988 4232 
11794 8789 11994 4235 
11799 8795 11999 4239 
11803 8798 12005 4239 
11807 8800 12009 4240 
11811 8804 12014 4242 
11819 8807 12021 4244 
11828 8810 12026 4246 
11829 8816 12031 4249 
11836 8821 12039 4252 
11841 8826 12044 4254 
11849 8834 12049 4256 
11856 8837 12054 4259 
11860 8840 12063 4260 
11868 8843 12069 4266 
11872 8847 12073 4269 
11879 8849 12080 4271 
11885 8851 12083 4275 
11886 8856 12088 4277 
11890 8858 12094 4277 
11893 8863 12105 4279 
11899 8866 12110 4282 
11905 8873 12121 4286 
11914 8876 12126 4289 
11920 8880 12134 4293 
11925 8886 12138 4294 
11928 8888 12142 4295 
11930 8891 12147 4296 
11937 8891 12152 4302 
11943 8894 12160 4303 
11949 8897 12165 4305 
11953 8905 12172 4307 
11960 8910 12182 4310 
11968 8915 12187 4312 
11975 8923 12194 4314 
11976 8929 12198 4317 
11982 8933 12205 4318 
11985 8937 12212 4319 
11988 8941 12216 4321 
11992 8946 12224 4322 
11998 8947 12225 4325 
12001 8952 12230 4327 
12011 8957 12234 4328 
12019 8965 12236 4328 
12023 8971 12244 4331 
12025 8980 12250 4331 
12031 8984 12256 4336 
12036 8990 12261 4340 
12041 8993 12268 4341 
12051 8998 12273 4343 
12056 9001 12278 4349 
12058 9003 12284 4353 
12060 9010 12289 4356 
12068 9014 12300 4356 
12072 9020 12307 4362 
12083 9026 12311 4364 
12085 9030 12322 4365 
12090 9035 12332 4367 
12094 9041 12342 4368 
12098 9043 12352 4369 
12102 9047 12355 4369 
12107 9050 12361 4371 
12112 9054 12368 4374 
12116 9063 12374 4375 
12119 9067 12381 4378 
12126 9069 12383 4380 
12133 9073 12385 4382 
12141 9076 12391 4383 
12148 9078 12397 4385 
12152 9085 12405 4387 
12157 9089 12415 4391 
12164 9095 12423 4394 
12168 9102 12431 4395 
12178 9107 12434 4396 
12183 9110 12438 4397 
12188 9114 12444 4400 
12195 9115 12451 4402 
12200 9120 12461 4407 
12205 9122 12470 4408 
12208 9131 12478 4409 
12212 9138 12483 4410 
12218 9139 12485 4411 
12226 9145 12489 4414 
12229 9148 12494 4416 
12234 9151 12498 4416 
12244 9158 12504 4417 
12252 9164 12514 4423 
12258 9167 12523 4424 
12260 9173 12533 4427 
12260 9178 12533 4427 
12267 9180 12539 4427 
12272 9186 12541 4430 
12276 9190 12553 4433 
12283 9195 12560 4436 
12289 9199 12569 4439 
12298 9202 12575 4441 
12304 9206 12583 4442 
12306 9210 12588 4444 
12309 9219 12594 4449 
12313 9223 12602 4453 
12315 9229 12610 4454 
12317 9232 12616 4458 
12323 9235 12620 4462 
12327 9243 12628 4465 
12331 9254 12639 4468 
12339 9258 12646 4469 
12344 9261 12649 4470 
12347 9266 12653 4473 
12353 9269 12657 4474 
12362 9276 12665 4477 
12366 9282 12672 4479 
12373 9287 12677 4481 
12378 9292 12683 4484 
12383 9295 12688 4484 
12389 9298 12695 4485 
12396 9305 12700 4488 
12406 9307 12703 4488 
12416 9314 12710 4490 
12422 9323 12713 4495 
12429 9329 12716 4497 
12435 9332 12722 4499 
12442 9336 12726 4500 
12447 9339 12732 4501 
12450 9343 12733 4504 
12460 9346 12739 4506 
12463 9351 12744 4506 
12471 9353 12753 4508 
12475 9362 12762 4509 
12483 9370 12764 4510 
12487 9374 12772 4511 
12496 9377 12780 4514 
12504 9382 12788 4518 
12507 9388 12795 4519 
12513 9392 12806 4522 
12519 9402 12812 4523 
12524 9407 12816 4524 
12526 9408 12824 4525 
12532 9414 12830 4528 
12541 9420 12839 4530 
12546 9423 12843 4533 
12552 9430 12848 4534 
12558 9436 12856 4535 
12564 9442 12863 4539 
12568 9451 12870 4541 
12573 9455 12874 4542 
12577 9460 12882 4543 
12584 9463 12892 4546 
12593 9465 12899 4550 
12605 9466 12905 4552 
12609 9469 12913 4555 
12612 9474 12920 4560 
12616 9483 12923 4563 
12621 9486 12927 4566 
12631 9490 12934 4567 
12635 9495 12942 4570 
12639 9496 12944 4573 
12648 9501 12950 4576 
12651 9503 12955 4581 
12653 9508 12959 4584 
12657 9512 12967 4586 
12664 9513 12975 4589 
12674 9517 12978 4592 
12676 9522 12985 4596 
12686 9526 12990 4597 
12691 9530 12995 4602 
12693 9535 13004 4602 
12704 9539 13007 4602 
12711 9539 13014 4604 
12715 9542 13017 4608 
12720 9543 13027 4609 
12728 9551 13032 4610 
12734 9559 13038 4611 
12742 9563 13039 4613 
12746 9565 13044 4614 
12753 9567 13051 4615 
12757 9573 13055 4616 
12765 9577 13057 4619 
12772 9579 13062 4622 
12779 9583 13071 4623 
12785 9586 13077 4626 
12786 9590 13082 4628 
12791 9593 13088 4629 
12798 9596 13094 4632 
12804 9599 13096 4634 
12810 9602 13102 4636 
12812 9604 13108 4636 
12819 9607 13112 4637 
12824 9610 13119 4637 
12828 9614 13123 4640 
12832 9616 13127 4643 
12839 9619 13134 4647 
12844 9622 13136 4650 
12852 9625 13139 4651 
12857 9632 13152 4655 
12865 9639 13156 4655 
12871 9645 13161 4657 
12878 9649 13163 4658 
12883 9650 13165 4660 
12888 9654 13171 4662 
12896 9659 13173 4667 
12903 9664 13178 4669 
12910 9666 13184 4670 
12918 9672 13193 4673 
12926 9679 13199 4675 
12931 9682 13205 4676 
12934 9688 13211 4676 
12940 9696 13217 4676 
12944 9699 13221 4680 
12951 9704 13227 4682 
12959 9710 13230 4685 
12963 9717 13234 4686 
12968 9722 13240 4688 
12972 9730 13248 4691 
12976 9737 13256 4693 
12982 9740 13261 4693 
12987 9744 13265 4694 
12991 9745 13271 4695 
12992 9749 13277 4696 
12997 9757 13281 4696 
13003 9758 13289 4697 
13007 9761 13296 4699 
13010 9770 13298 4700 
13012 9779 13306 4701 
13018 9786 13309 4702 
13023 9788 13312 4707 
13027 9792 13320 4708 
13028 9797 13327 4710 
13035 9801 13333 4713 
13042 9806 13337 4714 
13049 9810 13342 4715 
13056 9814 13347 4716 
13063 9816 13352 4719 
13068 9819 13360 4720 
13076 9823 13367 4722 
13082 9831 13371 4724 
13089 9834 13374 4725 
13094 9837 13378 4725 
13096 9846 13382 4729 
13102 9851 13387 4730 
13108 9854 13391 4733 
13116 9861 13397 4735 
13119 9866 13403 4738 
13125 9871 13409 4743 
13132 9873 13411 4745 
13143 9881 13420 4745 
13146 9885 13428 4746 
13151 9889 13433 4747 
13158 9894 13434 4750 
13165 9900 13446 4753 
13174 9902 13453 4753 
13177 9910 13456 4754 
13179 9915 13462 4757 
13191 9918 13469 4761 
13195 9924 13476 4763 
13203 9930 13480 4764 
13210 9937 13487 4767 
13215 9945 13497 4769 
13220 9949 13504 4769 
13226 9953 13509 4769 
13230 9960 13519 4770 
13239 9972 13522 4773 
13245 9976 13533 4774 
13248 9981 13542 4775 
13253 9985 13548 4778 
13263 9991 13556 4779 
13271 9996 13565 4782 
13273 9997 13571 4785 
13279 10002 13580 4785 
13285 10006 13583 4791 
13290 10011 13592 4793 
13295 10019 13593 4793 
13302 10023 13596 4794 
13306 10025 13602 4796 
13311 10027 13607 4797 
13318 10030 13613 4798 
13322 10033 13623 4798 
13330 10035 13629 4801 
13333 10041 13637 4804 
13341 10045 13643 4808 
13347 10046 13649 4811 
13353 10053 13655 4812 
13360 10054 13659 4814 
13362 10057 13661 4815 
13366 10058 13666 4818 
13371 10061 13673 4820 
13373 10072 13679 4823 
13377 10076 13683 4825 
13379 10081 13690 4828 
13384 10084 13694 4829 
13388 10088 13701 4830 
13394 10092 13706 4831 
13398 10100 13713 4832 
13405 10109 13723 4833 
13411 10113 13731 4834 
13415 10117 13739 4835 
13420 10118 13741 4838 
13427 10123 13744 4842 
13431 10125 13753 4844 
13436 10128 13759 4847 
13440 10134 13762 4847 
13444 10140 13768 4848 
13453 10145 13776 4849 
13458 10147 13781 4850 
13467 10154 13788 4854 
13475 10160 13794 4858 
13479 10165 13799 4859 
13483 10174 13805 4860 
13487 10176 13811 4861 
13492 10183 13820 4861 
13500 10186 13827 4867 
13506 10191 13829 4867 
13514 10198 13835 4873 
13523 10204 13841 4873 
13528 10206 13848 4874 
13535 10210 13852 4874 
13541 10219 13861 4876 
13546 10224 13862 4876 
13552 10228 13867 4877 
13556 10232 13876 4878 
13560 10234 13886 4882 
13566 10241 13892 4882 
13570 10248 13894 4885 
13570 10252 13903 4886 
13577 10255 13906 4887 
13579 10262 13910 4891 
13583 10266 13911 4892 
13587 10268 13918 4894 
13592 10273 13928 4897 
13597 10277 13931 4899 
13600 10281 13939 4902 
13607 10283 13944 4903 
13610 10285 13948 4906 
13616 10287 13956 4908 
13619 10293 13964 4910 
13623 10297 13974 4913 
13631 10309 13978 4915 
13633 10317 13984 4916 
13639 10322 13993 4918 
13645 10324 13997 4918 
13651 10328 14000 4922 
13656 10331 14005 4924 
13665 10333 14011 4928 
13670 10337 14020 4929 
13677 10341 14027 4932 
13680 10349 14033 4934 
13686 10353 14039 4936 
13693 10353 14048 4936 
13700 10356 14052 4937 
13708 10362 14056 4944 
13717 10367 14066 4946 
13721 10377 14071 4951 
13729 10381 14077 4952 
13739 10386 14078 4953 
13747 10397 14085 4959 
13753 10401 14088 4962 
13759 10407 14098 4964 
13761 10411 14103 4964 
13763 10413 14106 4969 
13771 10419 14110 4971 
13774 10422 14116 4974 
13781 10425 14119 4978 
13786 10430 14128 4978 
13790 10436 14133 4981 
13799 10440 14135 4983 
13808 10444 14144 4984 
13814 10451 14150 4984 
13819 10459 14154 4986 
13825 10462 14158 4989 
13829 10470 14168 4989 
13833 10477 14175 4991 
13841 10483 14181 4994 
13841 10491 14185 4996 
13847 10494 14192 4996 
13854 10497 14195 4998 
13860 10502 14202 4998 
13869 10506 14204 5002 
13871 10511 14208 5007 
13875 10516 14214 5007 
13880 10520 14221 5010 
13884 10526 14230 5011 
13887 10529 14237 5015 
13893 10534 14247 5018 
13899 10538 14251 5023 
13905 10541 14256 5024 
13910 10545 14262 5024 
13917 10554 14271 5025 
13919 10563 14275 5027 
13925 10564 14283 5029 
13933 10567 14292 5029 
13940 10573 14300 5033 
13943 10575 14306 5034 
13948 10579 14310 5035 
13953 10586 14315 5038 
13964 10592 14320 5039 
13966 10596 14325 5041 
13974 10600 14332 5042 
13985 10605 14341 5042 
13992 10606 14347 5042 
14003 10610 14352 5042 
14007 10612 14355 5044 
14012 10617 14356 5045 
14015 10620 14359 5047 
14018 10624 14367 5047 
14020 10628 14377 5051 
14033 10631 14387 5053 
14040 10636 14395 5059 
14043 10640 14399 5059 
14053 10641 14407 5061 
14060 10644 14420 5063 
14070 10651 14428 5065 
14077 10658 14431 5066 
14085 10663 14438 5066 
14094 10669 14441 5068 
14100 10675 14450 5068 
14106 10677 14455 5074 
14110 10683 14462 5075 
14113 10685 14471 5078 
14116 10687 14476 5080 
14122 10690 14480 5083 
14126 10692 14484 5086 
14129 10698 14485 5086 
14133 10704 14488 5089 
14139 10709 14491 5092 
14147 10712 14492 5092 
14149 10720 14499 5095 
14158 10722 14505 5097 
14163 10727 14511 5098 
14170 10734 14520 5099 
14179 10735 14527 5101 
14183 10738 14532 5104 
14191 10743 14537 5108 
14196 10752 14538 5109 
14200 10757 14546 5111 
14206 10758 14550 5114 
14216 10762 14557 5115 
14220 10767 14565 5116 
14224 10774 14570 5118 
14230 10782 14580 5119 
14239 10788 14591 5121 
14246 10793 14598 5126 
14249 10798 14601 5129 
14253 10801 14607 5129 
14255 10804 14617 5129 
14261 10808 14625 5130 
14266 10811 14631 5132 
14269 10818 14647 5135 
14275 10821 14651 5138 
14280 10824 14656 5140 
14289 10832 14667 5142 
14302 10836 14670 5144 
14308 10837 14675 5145 
14315 10842 14678 5147 
14318 10853 14682 5151 
14327 10858 14687 5154 
14331 10862 14692 5156 
14336 10864 14701 5162 
14340 10869 14708 5162 
14345 10872 14716 5164 
14349 10878 14721 5166 
14355 10881 14729 5168 
14358 10885 14737 5168 
14369 10892 14741 5169 
14372 10893 14746 5170 
14387 10896 14752 5172 
14390 10902 14755 5176 
14393 10906 14758 5179 
14401 10910 14766 5182 
14406 10917 14776 5183 
14409 10925 14783 5183 
14416 10930 14787 5185 
14420 10938 14798 5186 
14425 10942 14807 5189 
14433 10946 14817 5191 
14436 10952 14824 5193 
14440 10957 14833 5198 
14444 10960 14844 5203 
14448 10965 14847 5207 
14455 10969 14855 5209 
14458 10973 14858 5210 
14465 10973 14867 5210 
14469 10979 14874 5211 
14478 10984 14885 5214 
14480 10990 14889 5216 
14486 10995 14896 5219 
14493 10997 14904 5223 
14501 11004 14909 5226 
14508 11009 14913 5228 
14515 11012 14920 5229 
14523 11017 14927 5230 
14530 11020 14936 5233 
14536 11028 14941 5235 
14540 11036 14949 5237 
14549 11042 14951 5240 
14553 11046 14959 5243 
14559 11053 14964 5244 
14564 11055 14972 5249 
14571 11059 14978 5252 
14577 11064 14980 5254 
14584 11065 14985 5254 
14589 11072 14990 5258 
14590 11078 14997 5260 
14593 11086 14999 5261 
14599 11092 15000 5262 
14605 11098 15009 5267 
14609 11103 15015 5268 
14619 11107 15022 5268 
14626 11109 15029 5271 
14633 11113 15032 5273 
14636 11118 15038 5276 
14644 11120 15040 5279 
14647 11122 15046 5280 
14655 11125 15051 5281 
14661 11127 15056 5283 
14664 11128 15066 5285 
14672 11132 15069 5288 
14680 11135 15081 5290 
14686 11144 15084 5294 
14694 11149 15089 5296 
14700 11154 15099 5298 
14706 11157 15104 5300 
14708 11159 15111 5305 
14712 11164 15118 5307 
14720 11167 15123 5310 
14723 11170 15132 5313 
14726 11176 15141 5315 
14735 11182 15146 5315 
14742 11185 15152 5317 
14745 11189 15157 5320 
14745 11192 15162 5322 
14752 11198 15165 5326 
14759 11200 15169 5328 
14767 11204 15172 5328 
14772 11209 15177 5330 
14780 11211 15182 5333 
14787 11214 15186 5336 
14795 11218 15190 5338 
14803 11222 15194 5340 
14807 11227 15202 5342 
14812 11229 15208 5345 
14820 11233 15215 5349 
14826 11233 15224 5352 
14830 11238 15228 5354 
14834 11240 15233 5356 
14836 11242 15241 5362 
14845 11245 15244 5363 
14849 11252 15253 5366 
14851 11255 15258 5369 
14856 11260 15261 5371 
14860 11268 15269 5373 
14864 11271 15278 5375 
14874 11272 15279 5375 
14877 11278 15283 5379 
14881 11281 15290 5380 
14885 11286 15298 5382 
14892 11291 15302 5385 
14897 11292 15307 5388 
14904 11299 15311 5392 
14907 11304 15314 5392 
14911 11309 15321 5396 
14917 11313 15326 5399 
14930 11314 15330 5400 
14935 11322 15336 5400 
14938 11323 15340 5401 
14945 11327 15348 5402 
14949 11331 15355 5403 
14954 11335 15357 5404 
14958 11338 15363 5406 
14969 11342 15369 5407 
14975 11343 15374 5408 
14982 11350 15379 5410 
14985 11356 15388 5414 
14992 11360 15394 5414 
14995 11367 15403 5416 
14996 11373 15410 5417 
15003 11374 15414 5418 
15011 11378 15422 5421 
15018 11382 15424 5424 
15025 11384 15434 5425 
15029 11392 15439 5428 
15038 11395 15446 5429 
15045 11397 15462 5432 
15050 11404 15468 5433 
15050 11405 15473 5436 
15055 11410 15483 5440 
15061 11414 15486 5443 
15068 11418 15493 5444 
15076 11423 15502 5449 
15081 11429 15506 5450 
15088 11433 15510 5452 
15100 11439 15522 5454 
15107 11445 15526 5458 
15111 11450 15535 5458 
15117 11453 15544 5459 
15120 11460 15550 5463 
15127 11462 15551 5464 
15133 11466 15556 5465 
15136 11470 15562 5467 
15142 11475 15568 5467 
15145 11479 15573 5468 
15147 11482 15576 5471 
15152 11489 15577 5472 
15161 11496 15585 5477 
15164 11497 15591 5479 
15175 11502 15594 5482 
15181 11505 15601 5485 
15187 11512 15603 5487 
15192 11516 15612 5489 
15198 11520 15619 5493 
15203 11522 15627 5494 
15206 11525 15636 5495 
15211 11528 15640 5496 
15216 11534 15648 5496 
15219 11536 15658 5496 
15222 11538 15665 5498 
15229 11543 15671 5500 
15234 11547 15675 5505 
15238 11549 15683 5507 
15241 11553 15691 5509 
15247 11559 15700 5511 
15254 11561 15708 5517 
15259 11563 15712 5517 
15268 11572 15717 5517 
15274 11579 15723 5520 
15283 11584 15732 5522 
15289 11586 15735 5526 
15292 11590 15746 5528 
15297 11594 15753 5531 
15299 11600 15758 5531 
15305 11611 15763 5531 
15308 11615 15770 5532 
15313 11625 15779 5533 
15319 11628 15787 5536 
15326 11629 15793 5540 
15332 11634 15795 5540 
15338 11638 15800 5545 
15343 11644 15806 5548 
15352 11648 15814 5548 
15358 11650 15819 5549 
15365 11652 15823 5550 
15372 11653 15829 5550 
15377 11660 15832 5554 
15387 11665 15843 5557 
15390 11670 15848 5560 
15397 11673 15852 5563 
15403 11675 15858 5563 
15407 11679 15864 5567 
15413 11689 15874 5569 
15423 11693 15878 5573 
15430 11703 15883 5575 
15440 11705 15889 5577 
15446 11708 15900 5579 
15450 11712 15906 5581 
15453 11716 15913 5583 
15460 11722 15918 5585 
15468 11730 15922 5586 
15473 11735 15927 5588 
15477 11737 15931 5588 
15481 11744 15935 5590 
15482 11751 15938 5594 
15487 11754 15945 5596 
15495 11760 15951 5600 
15503 11766 15955 5603 
15510 11768 15962 5608 
15517 11771 15966 5609 
15523 11772 15975 5613 
15529 11778 15981 5614 
15534 11782 15986 5615 
15537 11786 15992 5616 
15546 11790 16000 5618 
15553 11794 16005 5619 
15559 11798 16008 5620 
15564 11801 16016 5620 
15571 11804 16023 5622 
15578 11810 16027 5627 
15584 11817 16035 5629 
15592 11823 16042 5633 
15596 11834 16051 5635 
15599 11841 16058 5636 
15606 11843 16062 5638 
15608 11852 16075 5643 
15612 11856 16080 5644 
15617 11863 16089 5646 
15621 11871 16093 5649 
15633 11875 16101 5650 
15641 11879 16111 5651 
15647 11882 16121 5655 
15654 11886 16124 5656 
15658 11889 16131 5660 
15662 11892 16138 5664 
15666 11897 16144 5668 
15671 11899 16153 5668 
15676 11901 16163 5671 
15684 11905 16171 5672 
15687 11911 16180 5674 
15696 11914 16185 5677 
15700 11921 16191 5682 
15707 11924 16200 5684 
15711 11928 16204 5687 
15713 11937 16209 5689 
15716 11941 16214 5692 
15718 11947 16218 5693 
15727 11956 16226 5697 
15733 11959 16230 5698 
15738 11961 16236 5701 
15741 11964 16249 5706 
15747 11969 16253 5708 
15751 11972 16259 5709 
15756 11976 16263 5710 
15764 11980 16265 5711 
15772 11989 16275 5711 
15778 11996 16280 5716 
15781 12001 16289 5719 
15790 12007 16295 5721 
15792 12014 16302 5724 
15796 12019 16307 5724 
15801 12023 16310 5726 
15812 12028 16319 5728 
15817 12032 16326 5730 
15831 12034 16336 5731 
15837 12037 16341 5732 
15841 12044 16344 5735 
15851 12049 16347 5740 
15858 12053 16355 5742 
15861 12058 16361 5747 
15863 12064 16368 5749 
15871 12065 16381 5749 
15876 12071 16387 5752 
15891 12080 16392 5752 
15894 12085 16397 5755 
15903 12089 16401 5755 
15913 12091 16411 5759 
15922 12093 16415 5764 
15927 12100 16417 5766 
15934 12105 16427 5768 
15940 12111 16431 5768 
15947 12119 16436 5773 
15951 12123 16443 5775 
15955 12128 16451 5777 
15957 12138 16458 5780 
15965 12141 16466 5781 
15974 12146 16475 5781 
15983 12148 16481 5781 
15989 12149 16488 5784 
15997 12155 16492 5786 
16004 12163 16498 5790 
16010 12172 16507 5793 
16016 12177 16510 5795 
16020 12179 16521 5799 
16026 12182 16533 5799 
16028 12186 16543 5801 
16037 12192 16546 5803 
16043 12192 16549 5807 
16049 12194 16558 5809 
16055 12203 16560 5811 
16061 12210 16563 5813 
16065 12211 16567 5816 
16072 12212 16570 5817 
16077 12215 16575 5820 
16086 12217 16583 5821 
16093 12220 16590 5824 
16101 12226 16596 5826 
16108 12232 16605 5826 
16113 12241 16613 5829 
16121 12249 16617 5830 
16130 12252 16621 5831 
16138 12258 16626 5831 
16146 12262 16629 5834 
16153 12269 16634 5840 
16160 12271 16636 5843 
16167 12274 16640 5844 
16173 12278 16652 5846 
16179 12285 16657 5851 
16187 12287 16662 5856 
16193 12294 16668 5856 
16196 12297 16677 5860 
16200 12303 16681 5862 
16206 12308 16691 5862 
16211 12311 16696 5863 
16215 12316 16705 5866 
16218 12322 16710 5866 
16227 12326 16718 5869 
16233 12329 16722 5870 
16241 12334 16724 5871 
16244 12341 16730 5876 
16254 12345 16736 5878 
16258 12349 16740 5882 
16268 12357 16749 5883 
16276 12360 16755 5885 
16279 12364 16761 5887 
16283 12372 16770 5888 
16289 12379 16772 5891 
16295 12382 16777 5895 
16298 12383 16785 5900 
16305 12387 16788 5902 
16310 12390 16793 5904 
16313 12401 16798 5906 
16316 12410 16805 5909 
16320 12412 16811 5910 
16330 12412 16817 5913 
16335 12416 16821 5914 
16338 12424 16829 5917 
16344 12428 16837 5917 
16349 12434 16845 5921 
16354 12438 16850 5923 
16363 12442 16853 5923 
16371 12447 16856 5924 
16376 12452 16862 5930 
16383 12455 16867 5933 
16388 12465 16872 5934 
16395 12467 16875 5938 
16399 12471 16883 5941 
16403 12474 16893 5942 
16409 12479 16900 5945 
16415 12488 16907 5946 
16417 12495 16911 5948 
16423 12501 16912 5949 
16432 12506 16920 5950 
16435 12511 16921 5951 
16441 12512 16923 5951 
16450 12518 16931 5951 
16454 12525 16936 5952 
16460 12531 16939 5953 
16468 12537 16946 5954 
16475 12540 16957 5958 
16484 12543 16963 5961 
16488 12549 16975 5964 
16494 12553 16983 5966 
16499 12557 16992 5968 
16502 12563 17001 5970 
16507 12568 17005 5972 
16507 12569 17014 5973 
16512 12575 17017 5976 
16519 12577 17021 5978 
16528 12580 17023 5980 
16534 12584 17031 5981 
16539 12592 17032 5985 
16548 12596 17035 5987 
16552 12604 17039 5990 
16554 12607 17049 5991 
16559 12611 17057 5992 
16565 12617 17063 5995 
16566 12623 17071 5996 
16570 12625 17078 5997 
16573 12631 17086 5999 
16580 12637 17093 6002 
16583 12644 17102 6004 
16590 12652 17106 6006 
16592 12652 17113 6007 
16603 12654 17119 6009 
16608 12660 17128 6012 
16611 12664 17137 6013 
16619 12672 17144 6016 
16624 12675 17147 6019 
16628 12683 17153 6025 
16635 12686 17157 6026 
16637 12690 17162 6028 
16644 12698 17172 6032 
16652 12703 17177 6034 
16656 12709 17179 6036 
16663 12710 17185 6037 
16668 12715 17192 6038 
16672 12719 17200 6040 
16676 12724 17208 6042 
16680 12729 17217 6043 
16688 12731 17224 6045 
16694 12738 17228 6048 
16704 12747 17234 6050 
16706 12751 17237 6051 
16712 12754 17244 6054 
16723 12761 17247 6056 
16730 12768 17254 6060 
16735 12775 17258 6061 
16744 12783 17263 6064 
16749 12790 17266 6065 
16753 12794 17271 6066 
16758 12801 17279 6068 
16763 12804 17282 6070 
16769 12807 17287 6072 
16775 12812 17295 6075 
16781 12819 17303 6078 
16783 12822 17312 6081 
16789 12828 17316 6084 
16792 12834 17328 6085 
16796 12838 17331 6087 
16802 12844 17339 6087 
16810 12850 17345 6090 
16815 12855 17354 6091 
16818 12864 17357 6092 
16827 12866 17363 6097 
16833 12872 17369 6097 
16836 12877 17374 6100 
16845 12882 17379 6100 
16848 12889 17385 6102 
16852 12894 17394 6104 
16856 12896 17400 6105 
16863 12900 17409 6105 
16867 12905 17415 6106 
16873 12912 17419 6107 
16874 12914 17427 6109 
16881 12917 17432 6112 
16885 12920 17438 6116 
16890 12923 17450 6119 
16894 12928 17454 6122 
16898 12932 17456 6122 
16905 12933 17467 6124 
16915 12938 17478 6125 
16920 12943 17482 6126 
16928 12948 17489 6129 
16935 12952 17497 6130 
16944 12958 17501 6131 
16946 12962 17512 6132 
16951 12969 17521 6133 
16955 12976 17527 6136 
16964 12979 17529 6140 
16969 12981 17533 6142 
16974 12987 17541 6147 
16981 12993 17544 6150 
16985 12996 17550 6154 
16989 13000 17555 6155 
16995 13002 17561 6158 
16998 13002 17568 6159 
17004 13008 17574 6161 
17008 13012 17580 6162 
17014 13018 17590 6163 
17019 13025 17592 6166 
17022 13029 17599 6167 
17027 13034 17603 6169 
17032 13039 17609 6173 
17039 13042 17615 6173 
17045 13046 17626 6177 
17052 13052 17630 6182 
17061 13053 17635 6184 
17066 13059 17638 6186 
17067 13065 17643 6187 
17071 13070 17654 6188 
17077 13079 17656 6190 
17084 13079 17660 6192 
17086 13086 17667 6193 
17090 13089 17672 6195 
17099 13091 17676 6198 
17106 13093 17684 6199 
17112 13098 17689 6200 
17113 13099 17691 6203 
17121 13102 17694 6204 
17123 13111 17699 6207 
17130 13117 17705 6208 
17137 13124 17710 6209 
17140 13128 17711 6212 
17145 13133 17722 6213 
17151 13140 17724 6214 
17156 13143 17733 6219 
17158 13146 17738 6220 
17165 13150 17741 6221 
17173 13151 17750 6223 
17179 13153 17753 6228 
17183 13155 17768 6228 
17188 13161 17771 6231 
17192 13167 17775 6232 
17198 13173 17784 6236 
17201 13179 17793 6239 
17207 13183 17799 6241 
17211 13188 17801 6245 
17216 13190 17808 6247 
17218 13193 17815 6251 
17224 13198 17820 6254 
17233 13202 17824 6258 
17236 13204 17831 6258 
17245 13208 17837 6259 
17251 13211 17841 6259 
17257 13213 17844 6260 
17263 13220 17852 6261 
17275 13224 17860 6265 
17282 13231 17865 6268 
17288 13236 17871 6273 
17295 13242 17875 6276 
17301 13246 17882 6276 
17309 13248 17892 6278 
17315 13252 17900 6280 
17326 13256 17906 6282 
17336 13262 17911 6284 
17340 13265 17915 6288 
17344 13272 17926 6289 
17348 13277 17929 6290 
17352 13280 17940 6291 
17358 13284 17944 6293 
17362 13289 17949 6295 
17366 13295 17957 6295 
17372 13303 17968 6296 
17377 13310 17969 6301 
17387 13314 17974 6306 
17393 13317 17978 6309 
17396 13321 17985 6312 
17401 13327 17994 6314 
17410 13332 17999 6315 
17412 13338 18007 6316 
17418 13339 18023 6317 
17427 13344 18029 6318 
17433 13351 18037 6322 
17437 13356 18038 6327 
17443 13360 18045 6329 
17445 13365 18049 6332 
17447 13368 18055 6335 
17454 13369 18062 6340 
17462 13372 18063 6343 
17472 13374 18071 6344 
17477 13378 18077 6347 
17481 13383 18084 6349 
17486 13391 18091 6349 
17490 13400 18099 6349 
17498 13404 18107 6352 
17506 13405 18112 6354 
17511 13411 18117 6358 
17517 13418 18122 6359 
17525 13429 18125 6361 
17535 13433 18129 6361 
17540 13439 18136 6363 
17547 13441 18142 6365 
17549 13443 18152 6367 
17554 13445 18157 6368 
17561 13447 18163 6370 
17563 13451 18171 6370 
17570 13454 18179 6372 
17582 13456 18185 6373 
17597 13457 18191 6376 
17602 13457 18199 6379 
17609 13459 18202 6380 
17618 13465 18207 6381 
17624 13467 18213 6383 
17627 13469 18219 6383 
17635 13475 18222 6383 
17640 13481 18224 6384 
17647 13484 18233 6387 
17651 13491 18238 6390 
17657 13496 18245 6395 
17660 13501 18247 6401 
17668 13506 18251 6401 
17673 13508 18252 6403 
17677 13512 18256 6406 
17683 13517 18268 6408 
17690 13523 18273 6412 
17696 13532 18280 6412 
17703 13538 18283 6415 
17707 13543 18285 6415 
17714 13545 18291 6418 
17728 13550 18294 6418 
17732 13553 18301 6420 
17738 13560 18311 6422 
17742 13565 18316 6425 
17749 13574 18322 6426 
17753 13576 18331 6427 
17757 13584 18339 6427 
17765 13585 18346 6429 
17771 13586 18349 6432 
17778 13592 18358 6435 
17784 13599 18366 6436 
17793 13603 18375 6439 
17797 13609 18385 6440 
17804 13610 18391 6443 
17811 13615 18395 6446 
17814 13622 18400 6447 
17822 13624 18404 6448 
17830 13630 18411 6450 
17835 13637 18415 6451 
17843 13645 18425 6454 
17849 13649 18432 6456 
17852 13654 18438 6457 
17857 13660 18448 6463 
17868 13662 18455 6467 
17870 13666 18460 6471 
17874 13670 18466 6474 
17877 13676 18469 6475 
17883 13678 18473 6478 
17888 13681 18476 6483 
17894 13688 18487 6486 
17900 13690 18493 6488 
17906 13695 18499 6491 
17913 13697 18505 6492 
17917 13702 18514 6494 
17923 13706 18520 6495 
17927 13713 18527 6496 
17936 13716 18528 6497 
17943 13718 18535 6499 
17951 13721 18545 6500 
17956 13725 18549 6503 
17963 13733 18560 6508 
17972 13736 18569 6512 
17974 13738 18576 6513 
17978 13744 18580 6513 
17985 13747 18588 6518 
17993 13747 18595 6520 
17998 13752 18604 6522 
18000 13759 18611 6524 
18002 13761 18616 6524 
18007 13765 18622 6525 
18012 13770 18627 6526 
18015 13773 18633 6529 
18017 13780 18637 6534 
18021 13781 18638 6535 
18025 13786 18643 6537 
18032 13789 18650 6538 
18038 13793 18656 6539 
18043 13798 18662 6540 
18046 13805 18672 6541 
18052 13805 18679 6544 
18058 13809 18686 6546 
18062 13814 18693 6549 
18070 13816 18697 6549 
18076 13821 18706 6551 
18082 13827 18713 6552 
18086 13829 18715 6553 
18098 13833 18720 6555 
18103 13838 18724 6555 
18113 13842 18733 6555 
18117 13846 18742 6557 
18123 13851 18749 6560 
18129 13857 18758 6565 
18139 13862 18761 6565 
18143 13867 18770 6567 
18145 13870 18778 6569 
18153 13874 18783 6570 
18156 13879 18789 6570 
18166 13888 18792 6572 
18172 13892 18802 6574 
18172 13897 18809 6575 
18179 13903 18814 6578 
18186 13908 18820 6581 
18191 13909 18824 6584 
18195 13913 18828 6584 
18199 13917 18835 6584 
18203 13920 18845 6586 
18208 13924 18852 6591 
18213 13926 18855 6592 
18214 13932 18860 6593 
18217 13937 18869 6594 
18220 13943 18874 6595 
18228 13950 18879 6598 
18233 13956 18885 6600 
18235 13964 18891 6601 
18243 13969 18899 6602 
18249 13971 18904 6605 
18256 13976 18914 6607 
18261 13983 18924 6608 
18268 13986 18927 6611 
18278 13992 18929 6615 
18283 13997 18935 6615 
18284 14003 18940 6617 
18287 14008 18947 6619 
18293 14013 18954 6621 
18297 14020 18960 6625 
18300 14025 18967 6627 
18306 14028 18974 6628 
18312 14036 18980 6631 
18316 14042 18985 6632 
18326 14044 18988 6634 
18336 14048 18993 6637 
18343 14054 18997 6641 
18348 14057 19001 6644 
18359 14059 19012 6644 
18365 14063 19014 6647 
18369 14065 19021 6648 
18382 14070 19032 6650 
18388 14074 19039 6652 
18395 14079 19043 6654 
18402 14083 19054 6656 
18409 14087 19062 6659 
18410 14093 19068 6659 
18416 14097 19072 6661 
18424 14103 19076 6664 
18432 14107 19081 6665 
18436 14115 19086 6672 
18439 14126 19091 6672 
18442 14129 19103 6676 
18451 14132 19107 6680 
18459 14135 19112 6683 
18465 14141 19116 6685 
18468 14143 19123 6685 
18475 14148 19127 6689 
18482 14154 19134 6692 
18488 14159 19139 6693 
18491 14165 19144 6697 
18501 14170 19150 6700 
18505 14173 19154 6704 
18510 14175 19160 6709 
18517 14180 19168 6710 
18530 14187 19175 6712 
18537 14191 19184 6715 
18545 14198 19188 6717 
18550 14201 19193 6723 
18558 14204 19198 6724 
18565 14208 19202 6725 
18575 14216 19213 6728 
18580 14223 19222 6731 
18584 14227 19224 6733 
18588 14230 19231 6737 
18592 14235 19235 6739 
18598 14237 19239 6741 
18606 14243 19245 6745 
18610 14247 19250 6747 
18624 14255 19254 6749 
18628 14259 19259 6750 
18634 14261 19264 6754 
18641 14267 19271 6758 
18647 14273 19280 6759 
18655 14277 19283 6763 
18657 14284 19292 6765 
18660 14292 19300 6767 
18663 14297 19306 6767 
18669 14305 19314 6767 
18675 14313 19324 6770 
18682 14319 19329 6772 
18692 14321 19338 6773 
18698 14325 19345 6777 
18709 14329 19347 6780 
18716 14333 19350 6783 
18722 14341 19358 6784 
18727 14344 19361 6787 
18733 14352 19371 6787 
18741 14354 19378 6789 
18751 14357 19383 6790 
18759 14359 19391 6792 
18764 14364 19399 6793 
18770 14366 19408 6793 
18776 14373 19414 6795 
18782 14380 19417 6798 
18788 14382 19422 6800 
18796 14387 19432 6803 
18804 14391 19436 6804 
18814 14396 19443 6809 
18822 14401 19452 6811 
18828 14406 19460 6814 
18835 14414 19464 6815 
18843 14420 19468 6819 
18849 14427 19476 6821 
18855 14434 19484 6824 
18859 14436 19491 6827 
18867 14441 19498 6829 
18877 14444 19504 6831 
18883 14450 19509 6835 
18886 14456 19515 6836 
18889 14461 19521 6837 
18896 14467 19528 6839 
18902 14471 19537 6843 
18908 14477 19542 6844 
18911 14480 19552 6846 
18915 14485 19561 6846 
18926 14489 19567 6848 
18934 14493 19568 6852 
18939 14499 19574 6855 
18946 14503 19580 6857 
18951 14511 19585 6861 
18954 14516 19592 6863 
18959 14521 19605 6863 
18966 14523 19613 6864 
18972 14531 19625 6870 
18978 14534 19632 6873 
18986 14537 19645 6877 
18992 14541 19649 6880 
18996 14545 19653 6884 
18999 14550 19658 6885 
19007 14556 19660 6886 
19012 14562 19667 6889 
19013 14567 19675 6891 
19018 14573 19683 6892 
19028 14578 19691 6892 
19029 14583 19699 6893 
19032 14588 19704 6896 
19037 14590 19713 6898 
19047 14595 19717 6900 
19056 14601 19725 6903 
19062 14605 19728 6904 
19070 14612 19739 6907 
19075 14620 19749 6908 
19081 14623 19755 6909 
19083 14627 19762 6909 
19088 14633 19773 6912 
19094 14639 19778 6912 
19098 14642 19785 6916 
19106 14651 19792 6921 
19118 14658 19797 6927 
19123 14659 19808 6928 
19131 14664 19810 6933 
19137 14666 19815 6934 
19142 14670 19817 6935 
19149 14673 19824 6939 
19159 14678 19833 6943 
19165 14680 19840 6946 
19173 14681 19842 6950 
19178 14689 19845 6953 
19182 14693 19854 6954 
19189 14700 19857 6957 
19198 14703 19865 6959 
19205 14705 19874 6960 
19213 14708 19882 6963 
19216 14711 19889 6967 
19221 14715 19895 6971 
19232 14722 19898 6973 
19237 14727 19904 6974 
19241 14735 19907 6974 
19247 14739 19912 6974 
19255 14746 19917 6975 
19261 14751 19928 6977 
19265 14758 19934 6978 
19272 14767 19939 6981 
19278 14771 19942 6983 
19285 14775 19950 6984 
19290 14778 19956 6987 
19295 14779 19965 6988 
19308 14785 19972 6991 
19315 14791 19975 6995 
19318 14791 19980 6999 
19323 14795 19983 7000 
19331 14801 19988 7001 
19336 14805 19998 7007 
19342 14806 20005 7009 
19350 14810 20009 7013 
19356 14814 20014 7014 
19364 14816 20018 7017 
19372 14820 20025 7021 
19383 14826 20030 7021 
19387 14832 20036 7023 
19394 14841 20043 7029 
19400 14843 20049 7031 
19404 14848 20061 7034 
19410 14855 20069 7035 
19414 14859 20075 7036 
19420 14859 20077 7039 
19425 14863 20082 7039 
19432 14866 20093 7039 
19442 14872 20101 7043 
19447 14881 20105 7045 
19452 14884 20113 7048 
19456 14888 20121 7051 
19462 14895 20127 7053 
19468 14899 20136 7055 
19471 14902 20146 7057 
19481 14905 20153 7062 
19488 14911 20161 7063 
19493 14914 20166 7064 
19497 14917 20168 7065 
19500 14918 20175 7069 
19508 14919 20182 7071 
19514 14920 20186 7072 
19518 14925 20189 7073 
19523 14928 20190 7077 
19530 14932 20200 7079 
19537 14938 20209 7080 
19547 14947 20218 7080 
19554 14957 20221 7083 
19562 14963 20229 7085 
19571 14965 20238 7087 
19576 14967 20244 7090 
19585 14974 20253 7090 
19593 14984 20261 7090 
19594 14991 20271 7091 
19595 14992 20276 7092 
19600 14995 20283 7094 
19606 14999 20290 7098 
19611 15009 20300 7101 
19621 15020 20308 7103 
19626 15023 20312 7104 
19633 15027 20320 7108 
19643 15036 20333 7110 
19649 15044 20338 7113 
19657 15051 20345 7116 
19662 15054 20351 7118 
19671 15059 20357 7119 
19678 15066 20366 7124 
19681 15070 20374 7125 
19688 15072 20378 7125 
19701 15076 20387 7126 
19706 15079 20395 7131 
19711 15085 20400 7131 
19719 15091 20412 7133 
19728 15097 20421 7135 
19736 15101 20425 7136 
19746 15105 20431 7137 
19755 15113 20439 7140 
19764 15121 20448 7146 
19770 15125 20458 7147 
19774 15126 20467 7149 
19778 15131 20472 7149 
19784 15138 20481 7153 
19786 15143 20492 7156 
19794 15151 20500 7157 
19802 15154 20508 7163 
19811 15157 20515 7165 
19815 15161 20520 7167 
19820 15166 20524 7169 
19826 15170 20532 7174 
19831 15177 20540 7177 
19835 15183 20543 7180 
19839 15186 20548 7181 
19844 15192 20555 7183 
19856 15200 20564 7186 
19867 15208 20568 7188 
19873 15211 20575 7189 
19879 15215 20580 7191 
19884 15218 20588 7191 
19889 15222 20592 7193 
19894 15230 20598 7196 
19900 15233 20604 7198 
19904 15240 20611 7200 
19912 15248 20620 7203 
19913 15253 20627 7203 
19916 15261 20632 7206 
19919 15263 20637 7209 
19923 15266 20644 7213 
19928 15273 20649 7216 
19935 15274 20655 7219 
19938 15279 20662 7223 
19950 15287 20666 7223 
19957 15292 20672 7226 
19961 15294 20676 7228 
19966 15298 20682 7228 
19972 15304 20689 7231 
19976 15308 20696 7235 
19987 15315 20707 7238 
19997 15320 20714 7238 
20002 15325 20718 7239 
20010 15326 20728 7240 
20015 15330 20733 7244 
20019 15335 20739 7245 
20022 15338 20742 7246 
20026 15343 20750 7250 
20030 15351 20758 7251 
20037 15352 20764 7256 
20046 15360 20771 7257 
20053 15365 20775 7257 
20058 15369 20784 7257 
20065 15371 20787 7259 
20072 15373 20794 7262 
20079 15381 20806 7262 
20084 15384 20811 7267 
20091 15386 20813 7267 
20097 15393 20817 7269 
20103 15397 20820 7271 
20113 15400 20828 7273 
20116 15411 20832 7273 
20120 15415 20840 7275 
20124 15421 20844 7279 
20135 15423 20853 7280 
20138 15427 20856 7281 
20146 15432 20865 7284 
20153 15440 20875 7285 
20161 15447 20880 7288 
20164 15455 20884 7290 
20168 15463 20890 7291 
20170 15464 20898 7293 
20178 15468 20909 7297 
20181 15471 20922 7299 
20187 15477 20927 7300 
20188 15486 20936 7303 
20191 15491 20942 7306 
20198 15495 20948 7308 
20202 15497 20951 7310 
20209 15501 20956 7311 
20215 15506 20957 7315 
20222 15512 20964 7319 
20229 15516 20971 7321 
20235 15523 20975 7325 
20242 15527 20988 7328 
20255 15532 20995 7331 
20256 15538 21006 7335 
20261 15544 21015 7339 
20264 15547 21019 7342 
20273 15556 21026 7344 
20282 15559 21032 7346 
20288 15565 21042 7349 
20294 15573 21048 7354 
20296 15579 21052 7357 
20300 15582 21060 7360 
20306 15586 21064 7365 
20316 15592 21075 7366 
20320 15597 21081 7366 
20331 15598 21093 7369 
20337 15605 21100 7369 
20340 15609 21106 7370 
20344 15612 21117 7373 
20352 15616 21125 7376 
20355 15621 21134 7379 
20365 15631 21142 7380 
20374 15639 21146 7383 
20378 15645 21154 7385 
20383 15651 21162 7388 
20386 15653 21165 7389 
20392 15656 21175 7390 
20397 15660 21179 7393 
20404 15663 21183 7395 
20411 15668 21190 7397 
20413 15673 21194 7401 
20419 15680 21198 7401 
20423 15689 21203 7404 
20428 15694 21206 7408 
20433 15700 21214 7409 
20446 15706 21218 7413 
20454 15710 21223 7414 
20459 15712 21229 7415 
20465 15714 21238 7416 
20474 15719 21244 7416 
20486 15723 21251 7419 
20496 15727 21258 7420 
20506 15732 21263 7422 
20510 15737 21274 7424 
20521 15741 21283 7428 
20527 15750 21284 7428 
20535 15753 21286 7430 
20539 15757 21298 7433 
20550 15758 21302 7435 
20554 15768 21312 7436 
20561 15772 21321 7437 
20568 15776 21329 7437 
20571 15783 21333 7441 
20574 15787 21339 7446 
20586 15792 21345 7451 
20593 15797 21353 7453 
20597 15800 21359 7456 
20604 15806 21362 7459 
20611 15809 21370 7460 
20616 15817 21375 7461 
20623 15823 21383 7465 
20630 15825 21388 7469 
20635 15830 21400 7471 
20638 15835 21409 7471 
20641 15838 21414 7474 
20646 15843 21421 7477 
20653 15849 21431 7479 
20664 15854 21438 7480 
20674 15858 21449 7486 
20679 15862 21455 7489 
20679 15867 21460 7489 
20685 15870 21467 7490 
20694 15873 21472 7494 
20703 15876 21481 7497 
20714 15879 21489 7498 
20719 15884 21493 7501 
20724 15888 21503 7501 
20729 15890 21507 7501 
20736 15892 21517 7504 
20740 15902 21522 7506 
20746 15904 21532 7508 
20747 15910 21539 7510 
20748 15913 21543 7513 
20750 15918 21552 7515 
20760 15922 21555 7521 
20767 15924 21561 7525 
20773 15929 21564 7526 
20778 15932 21574 7529 
20782 15935 21583 7530 
20787 15942 21586 7531 
20795 15944 21593 7535 
20806 15948 21599 7540 
20811 15952 21603 7542 
20815 15960 21607 7545 
20825 15967 21609 7547 
20833 15972 21612 7548 
20841 15976 21619 7549 
20848 15980 21627 7549 
20852 15982 21636 7550 
20859 15987 21642 7552 
20861 15990 21646 7553 
20864 15994 21660 7555 
20866 15999 21665 7560 
20875 16002 21670 7561 
20882 16003 21677 7563 
20888 16008 21685 7567 
20892 16012 21690 7571 
20898 16018 21697 7572 
20904 16020 21703 7572 
20912 16021 21708 7575 
20921 16023 21715 7578 
20928 16030 21721 7579 
20932 16037 21726 7580 
20938 16039 21734 7581 
20945 16043 21744 7583 
20948 16048 21750 7584 
20954 16055 21754 7587 
20959 16062 21759 7589 
20963 16070 21762 7591 
20971 16073 21770 7591 
20977 16079 21773 7592 
20981 16089 21783 7593 
20987 16099 21786 7595 
20992 16101 21791 7597 
20998 16105 21796 7602 
21009 16106 21803 7607 
21017 16111 21810 7609 
21024 16117 21819 7611 
21026 16123 21824 7613 
21029 16132 21830 7614 
21034 16136 21837 7620 
21040 16143 21847 7621 
21046 16148 21854 7624 
21055 16153 21859 7626 
21060 16159 21864 7628 
21065 16161 21869 7629 
21069 16163 21873 7630 
21075 16168 21879 7633 
21084 16174 21887 7637 
21089 16176 21898 7637 
21093 16179 21904 7644 
21098 16185 21913 7648 
21106 16188 21922 7650 
21108 16191 21925 7650 
21113 16194 21932 7651 
21118 16199 21945 7653 
21124 16211 21954 7657 
21133 16213 21965 7660 
21138 16215 21970 7665 
21143 16221 21975 7666 
21152 16225 21983 7667 
21155 16228 21986 7669 
21159 16234 21992 7669 
21162 16239 21998 7671 
21168 16244 22005 7671 
21177 16251 22012 7674 
21179 16256 22019 7675 
21186 16265 22025 7679 
21190 16267 22031 7680 
21197 16276 22041 7681 
21205 16281 22047 7681 
21210 16286 22052 7682 
21213 16289 22054 7682 
21216 16294 22058 7683 
21224 16298 22064 7684 
21229 16304 22074 7686 
21232 16309 22081 7687 
21237 16312 22088 7690 
21245 16322 22094 7692 
21250 16327 22099 7697 
21256 16329 22101 7698 
21264 16332 22105 7700 
21270 16335 22112 7701 
21275 16339 22123 7702 
21279 16344 22129 7702 
21283 16347 22136 7702 
21288 16356 22140 7704 
21293 16358 22146 7706 
21298 16364 22154 7707 
21302 16373 22160 7712 
21305 16378 22165 7715 
21312 16384 22177 7716 
21314 16389 22183 7717 
21319 16393 22188 7719 
21327 16396 22195 7721 
21329 16401 22199 7721 
21339 16404 22206 7723 
21344 16409 22214 7726 
21348 16414 22221 7728 
21354 16423 22226 7730 
21361 16427 22232 7731 
21364 16434 22236 7734 
21368 16439 22244 7739 
21374 16446 22258 7741 
21378 16449 22267 7746 
21382 16451 22269 7747 
21387 16455 22273 7747 
21393 16456 22278 7751 
21400 16460 22287 7755 
21408 16467 22293 7757 
21413 16471 22298 7759 
21425 16476 22304 7762 
21429 16481 22312 7762 
21438 16487 22319 7765 
21441 16490 22330 7767 
21447 16493 22337 7769 
21453 16499 22344 7770 
21461 16505 22349 7774 
21468 16511 22352 7775 
21477 16514 22361 7777 
21481 16517 22365 7781 
21486 16519 22368 7783 
21491 16525 22380 7785 
21496 16530 22392 7788 
21506 16535 22401 7789 
21510 16539 22406 7789 
21514 16543 22416 7792 
21521 16548 22422 7793 
21527 16553 22424 7794 
21531 16557 22433 7795 
21542 16560 22438 7801 
21546 16565 22450 7804 
21553 16568 22453 7806 
21560 16574 22460 7810 
21567 16579 22465 7813 
21571 16585 22474 7819 
21578 16589 22478 7822 
21591 16593 22487 7826 
21595 16596 22497 7829 
21601 16603 22503 7829 
21607 16613 22510 7831 
21614 16618 22517 7833 
21619 16625 22523 7836 
21624 16634 22527 7837 
21628 16640 22533 7840 
21637 16647 22538 7841 
21640 16648 22544 7843 
21646 16653 22557 7846 
21649 16659 22566 7847 
21658 16662 22571 7849 
21665 16672 22577 7849 
21673 16680 22583 7851 
21679 16690 22589 7852 
21688 16694 22598 7855 
21696 16699 22603 7855 
21701 16706 22607 7857 
21708 16713 22614 7862 
21718 16720 22623 7862 
21721 16723 22631 7867 
21730 16725 22635 7871 
21733 16729 22638 7871 
21739 16732 22644 7873 
21745 16736 22648 7876 
21749 16743 22654 7878 
21754 16749 22661 7882 
21764 16754 22668 7882 
21771 16759 22676 7885 
21774 16762 22684 7890 
21781 16765 22689 7892 
21785 16767 22696 7894 
21789 16774 22701 7897 
21795 16777 22715 7898 
21800 16780 22720 7898 
21804 16784 22727 7900 
21810 16789 22735 7901 
21816 16794 22738 7905 
21821 16801 22740 7906 
21826 16807 22747 7910 
21829 16816 22751 7912 
21834 16817 22756 7917 
21847 16822 22758 7919 
21853 16828 22765 7922 
21859 16833 22770 7925 
21867 16841 22774 7931 
21874 16851 22775 7933 
21879 16854 22782 7938 
21888 16857 22786 7942 
21893 16860 22790 7947 
21896 16864 22795 7949 
21902 16867 22802 7952 
21912 16871 22812 7954 
21915 16876 22818 7956 
21920 16880 22824 7959 
21926 16890 22831 7962 
21930 16894 22836 7964 
21937 16898 22844 7965 
21942 16905 22849 7967 
21951 16911 22855 7970 
21956 16920 22865 7974 
21962 16923 22875 7975 
21971 16928 22882 7975 
21974 16932 22891 7979 
21979 16941 22899 7981 
21982 16947 22908 7983 
21989 16951 22915 7986 
22001 16959 22921 7987 
22006 16964 22933 7988 
22019 16968 22940 7990 
22024 16975 22946 7992 
22033 16979 22952 7997 
22036 16982 22957 7998 
22042 16985 22965 8000 
22049 16992 22969 8003 
22055 16993 22978 8007 
22060 16997 22987 8011 
22072 17001 22992 8021 
22080 17005 22996 8023 
22086 17007 23001 8027 
22095 17016 23006 8034 
22100 17020 23013 8037 
22104 17027 23025 8041 
22107 17035 23027 8042 
22112 17038 23035 8045 
22115 17044 23040 8048 
22125 17053 23044 8049 
22133 17058 23054 8049 
22139 17061 23058 8050 
22146 17069 23070 8056 
22156 17073 23077 8058 
22161 17079 23083 8061 
22165 17083 23092 8062 
22169 17088 23103 8062 
22170 17093 23108 8065 
22175 17096 23120 8069 
22179 17099 23126 8072 
22185 17104 23135 8076 
22189 17109 23143 8080 
22198 17114 23148 8080 
22207 17121 23150 8084 
22217 17124 23160 8086 
22222 17129 23170 8088 
22228 17130 23178 8088 
22232 17136 23183 8090 
22239 17140 23189 8095 
22242 17144 23192 8098 
22248 17147 23200 8101 
22257 17154 23205 8105 
22261 17157 23210 8108 
22269 17160 23214 8110 
22276 17164 23217 8111 
22279 17166 23228 8113 
22287 17171 23239 8116 
