0 0 0 0 
8 0 6 2 
18 3 11 3 
23 6 16 6 
31 9 22 11 
41 13 25 12 
47 15 28 15 
52 19 36 17 
59 20 40 20 
69 23 44 22 
74 25 49 22 
80 31 52 24 
83 34 57 25 
92 37 57 26 
101 39 63 27 
110 42 69 28 
116 45 73 31 
121 47 77 34 
129 51 85 37 
134 57 90 39 
140 60 92 41 
143 64 99 44 
151 66 103 48 
156 72 110 49 
164 74 115 50 
168 78 123 51 
172 82 128 54 
178 86 135 55 
181 90 142 59 
189 91 146 62 
194 98 152 65 
197 102 161 65 
204 108 165 67 
208 113 169 68 
211 119 172 71 
219 127 176 74 
226 127 179 75 
234 132 181 76 
236 136 189 81 
240 141 196 84 
243 144 199 86 
247 148 205 87 
254 150 207 88 
256 155 211 90 
260 160 214 91 
265 161 218 92 
270 164 222 93 
276 166 230 94 
279 170 236 95 
283 172 239 95 
289 174 244 97 
292 176 247 97 
297 177 250 98 
305 184 254 99 
311 188 262 99 
315 192 265 101 
322 199 268 102 
329 206 269 104 
333 208 275 110 
339 217 282 111 
346 219 287 112 
353 220 289 118 
358 222 299 119 
363 226 301 120 
371 230 305 123 
376 237 307 124 
382 243 310 124 
387 251 314 129 
395 254 319 131 
401 256 323 133 
408 262 326 136 
413 263 332 137 
419 266 334 137 
425 269 337 137 
431 273 346 137 
435 276 347 138 
436 280 349 140 
440 283 354 144 
443 289 362 145 
446 291 369 146 
450 293 374 148 
455 294 382 151 
458 298 384 154 
466 298 387 157 
469 302 390 158 
480 305 396 164 
486 310 403 165 
490 316 410 166 
498 319 413 167 
503 324 418 168 
512 327 422 171 
516 334 427 177 
524 338 431 179 
531 341 437 180 
535 342 442 181 
549 343 448 184 
551 345 452 184 
554 349 454 186 
561 352 463 189 
563 356 465 192 
572 359 471 195 
581 363 472 200 
583 364 481 202 
588 368 485 206 
591 371 488 207 
598 373 497 208 
604 376 501 208 
611 379 505 209 
621 382 506 212 
628 388 508 213 
635 392 511 216 
638 394 515 216 
648 401 517 217 
651 403 524 220 
662 405 529 222 
666 407 533 225 
672 410 542 230 
676 410 546 234 
681 412 550 236 
683 416 556 239 
686 421 561 241 
694 422 566 242 
697 426 569 242 
697 432 572 244 
698 434 576 247 
704 435 582 249 
708 439 588 253 
712 442 594 256 
721 445 596 258 
729 447 602 259 
738 453 603 261 
746 456 614 263 
749 460 618 263 
751 464 620 263 
757 466 629 264 
760 470 634 266 
770 473 644 269 
776 475 651 270 
779 478 659 272 
785 480 663 272 
790 484 667 275 
793 485 674 276 
797 487 677 280 
803 492 683 280 
806 496 686 280 
815 497 692 281 
818 500 699 282 
821 505 708 283 
822 506 710 284 
828 510 717 285 
834 512 723 285 
844 514 726 287 
851 515 729 289 
857 520 735 289 
863 523 740 292 
867 524 742 294 
872 528 745 297 
876 533 752 298 
881 540 759 299 
884 543 762 300 
887 544 766 300 
892 550 773 301 
897 553 777 302 
905 558 781 303 
916 560 787 304 
925 564 794 304 
934 570 798 304 
942 576 805 308 
950 581 810 308 
953 583 811 310 
960 588 813 311 
968 589 818 311 
971 595 824 312 
980 598 828 313 
985 605 831 314 
991 607 834 317 
994 611 842 319 
996 612 848 321 
999 619 853 323 
1004 625 860 324 
1011 628 863 326 
1017 631 875 327 
1027 636 880 330 
1029 641 888 332 
1035 641 892 333 
1043 642 902 336 
1046 643 908 339 
1050 648 911 340 
1055 652 912 340 
1065 653 918 341 
1069 655 923 342 
1076 657 926 344 
1081 665 931 344 
1088 671 936 348 
1092 674 944 349 
1095 680 954 352 
1102 683 960 354 
1107 687 967 356 
1114 691 975 359 
1121 697 978 361 
1125 703 982 362 
1126 706 987 365 
1129 712 991 367 
1132 716 993 368 
1136 718 1000 369 
1144 726 1003 369 
1150 730 1008 370 
1160 732 1011 374 
1167 736 1019 376 
1176 739 1025 377 
1182 740 1031 379 
1190 741 1037 380 
1196 743 1041 382 
1200 746 1045 383 
1209 751 1049 386 
1216 752 1057 386 
1221 757 1065 387 
1227 763 1072 388 
1231 767 1076 388 
1237 770 1078 389 
1245 772 1084 389 
1251 774 1091 389 
1255 779 1097 390 
1262 785 1105 390 
1265 787 1109 390 
1268 791 1111 391 
1279 796 1120 392 
1286 797 1122 392 
1291 799 1125 396 
1294 805 1130 396 
1296 808 1139 398 
1300 809 1145 400 
1305 812 1148 401 
1308 816 1152 404 
1314 819 1156 405 
1319 821 1162 405 
1326 822 1169 406 
1332 827 1170 409 
1337 833 1175 409 
1343 837 1180 410 
1344 841 1183 412 
1349 843 1187 414 
1353 848 1192 415 
1360 849 1197 415 
1364 854 1199 416 
1369 858 1206 419 
1387 864 1210 421 
1393 866 1219 422 
1396 868 1221 426 
1399 871 1226 426 
1404 876 1231 426 
1410 878 1235 428 
1420 881 1237 431 
1425 882 1240 434 
1430 884 1242 435 
1440 888 1246 437 
1443 889 1250 439 
1447 892 1257 440 
1451 899 1260 442 
1457 902 1263 442 
1462 906 1269 442 
1466 907 1276 446 
1476 910 1280 448 
1480 911 1286 448 
1487 914 1290 449 
1491 920 1293 453 
1498 922 1295 455 
1499 927 1301 458 
1506 929 1306 460 
1509 932 1315 463 
1512 940 1320 466 
1518 943 1328 468 
1521 947 1332 469 
1524 951 1335 472 
1526 956 1339 472 
1535 957 1344 473 
1543 960 1347 474 
1549 967 1358 477 
1553 970 1364 477 
1558 977 1371 480 
1560 980 1373 483 
1564 980 1375 484 
1574 985 1382 485 
1579 989 1388 485 
1582 995 1391 485 
1588 998 1399 488 
1592 1004 1404 490 
1595 1008 1410 490 
1599 1012 1417 492 
1604 1015 1419 492 
1608 1020 1425 494 
1611 1024 1434 494 
1616 1027 1439 497 
1619 1030 1444 501 
1625 1034 1446 504 
1630 1037 1457 504 
1632 1039 1459 507 
1636 1043 1462 508 
1645 1046 1466 510 
1653 1049 1471 513 
1661 1052 1474 516 
1668 1058 1481 519 
1673 1062 1488 521 
1677 1066 1495 524 
1683 1073 1500 528 
1689 1075 1509 529 
1696 1078 1516 531 
1703 1081 1521 532 
1707 1084 1531 533 
1709 1087 1534 537 
1712 1093 1540 538 
1713 1099 1546 540 
1716 1102 1550 541 
1722 1110 1553 541 
1731 1116 1559 543 
1735 1121 1565 545 
1737 1132 1569 545 
1743 1134 1570 548 
1748 1138 1576 549 
1752 1140 1578 553 
1757 1143 1581 556 
1764 1147 1586 556 
1769 1154 1595 558 
1776 1157 1600 559 
1781 1158 1606 562 
1786 1160 1610 565 
1792 1164 1612 567 
1799 1168 1619 568 
1804 1170 1624 571 
1812 1173 1626 571 
1819 1178 1633 573 
1820 1180 1635 573 
1826 1183 1640 574 
1836 1186 1646 576 
1841 1187 1648 578 
1846 1193 1651 580 
1849 1199 1660 580 
1858 1203 1664 582 
1859 1209 1670 583 
1866 1214 1672 585 
1868 1221 1677 587 
1873 1228 1686 588 
1875 1234 1691 588 
1883 1238 1696 591 
1885 1245 1701 595 
1893 1248 1705 595 
1897 1253 1707 596 
1901 1259 1710 597 
1908 1264 1712 599 
1910 1270 1718 603 
1913 1273 1726 604 
1918 1280 1732 608 
1923 1282 1739 610 
1927 1282 1746 611 
1931 1285 1750 612 
1937 1289 1754 613 
1943 1291 1762 613 
1944 1292 1765 616 
1949 1299 1768 617 
1955 1303 1772 617 
1962 1310 1778 619 
1968 1315 1779 622 
1976 1319 1780 625 
1980 1324 1787 627 
1984 1327 1789 629 
1989 1330 1794 629 
1993 1337 1802 630 
2002 1340 1809 632 
2004 1346 1818 635 
2009 1350 1823 637 
2014 1355 1827 643 
2021 1362 1838 647 
2025 1366 1841 649 
2032 1369 1849 651 
2038 1375 1854 654 
2044 1383 1861 655 
2050 1386 1867 657 
2054 1390 1868 659 
2060 1393 1874 661 
2067 1398 1881 663 
2072 1403 1886 665 
2077 1408 1888 666 
2090 1413 1890 670 
2097 1419 1894 674 
2106 1422 1900 679 
2110 1427 1910 683 
2114 1434 1914 685 
2121 1436 1919 685 
2127 1439 1922 690 
2134 1443 1927 690 
2139 1447 1935 693 
2142 1453 1940 695 
2149 1456 1945 698 
2156 1458 1946 700 
2157 1462 1955 701 
2162 1464 1959 701 
2167 1467 1967 702 
2173 1471 1971 703 
2175 1472 1976 704 
2184 1477 1980 707 
2189 1483 1983 710 
2193 1485 1987 712 
2198 1492 1992 713 
2203 1494 1998 715 
2212 1497 2001 717 
2217 1501 2003 718 
2222 1505 2006 719 
2226 1509 2007 720 
2233 1513 2014 723 
2246 1515 2017 727 
2249 1520 2023 731 
2253 1521 2028 734 
2258 1526 2032 735 
2266 1532 2036 735 
2272 1535 2038 736 
2277 1539 2046 739 
2281 1545 2051 741 
2287 1548 2060 744 
2292 1558 2066 748 
2297 1564 2069 750 
2300 1565 2076 750 
2305 1566 2080 753 
2312 1569 2089 758 
2316 1571 2090 760 
2320 1574 2098 762 
2330 1579 2103 763 
2335 1582 2109 763 
2339 1583 2113 763 
2349 1591 2118 764 
2351 1594 2126 767 
2355 1599 2132 770 
2359 1604 2136 771 
2364 1608 2138 772 
2369 1609 2143 772 
2380 1613 2148 776 
2384 1616 2151 777 
2390 1622 2159 779 
2400 1623 2166 783 
2403 1626 2172 783 
2412 1630 2173 784 
2416 1637 2182 784 
2421 1640 2188 785 
2428 1644 2193 787 
2434 1647 2197 789 
2439 1649 2202 790 
2448 1655 2209 791 
2451 1662 2213 791 
2456 1664 2216 793 
2459 1671 2224 796 
2462 1672 2233 799 
2467 1677 2241 801 
2471 1679 2245 806 
2474 1682 2247 809 
2477 1687 2258 810 
2481 1688 2264 811 
2484 1693 2267 814 
2489 1701 2271 815 
2493 1704 2279 820 
2499 1707 2282 820 
2502 1709 2290 823 
2506 1714 2297 826 
2514 1718 2300 829 
2519 1719 2303 831 
2525 1724 2308 834 
2531 1728 2314 836 
2539 1730 2322 837 
2545 1731 2325 837 
2549 1737 2333 838 
2551 1742 2338 838 
2553 1745 2345 841 
2558 1746 2351 841 
2559 1753 2357 843 
2566 1757 2364 843 
2571 1763 2373 845 
2577 1764 2380 847 
2587 1768 2385 851 
2591 1769 2393 853 
2595 1775 2395 854 
2602 1779 2402 855 
2611 1781 2411 858 
2615 1784 2416 860 
2622 1788 2418 861 
2626 1792 2422 863 
2632 1799 2430 868 
2639 1806 2433 869 
2647 1808 2436 871 
2653 1813 2442 872 
2658 1814 2446 872 
2665 1819 2447 873 
2671 1821 2451 875 
2676 1824 2458 876 
2678 1828 2463 877 
2683 1834 2471 880 
2691 1835 2476 880 
2695 1840 2482 881 
2700 1843 2484 884 
2702 1846 2489 888 
2705 1851 2496 893 
2715 1855 2501 893 
2720 1856 2505 893 
2729 1862 2515 896 
2733 1866 2520 897 
2734 1870 2526 899 
2741 1872 2529 900 
2748 1874 2530 902 
2752 1877 2534 905 
2756 1885 2537 905 
2759 1888 2543 907 
2770 1891 2551 910 
2777 1896 2556 914 
2780 1900 2561 917 
2786 1903 2562 920 
2792 1904 2567 921 
2796 1909 2571 924 
2804 1911 2579 927 
2812 1913 2582 928 
2814 1914 2584 931 
2819 1921 2591 935 
2826 1923 2597 937 
2832 1930 2602 938 
2837 1935 2608 938 
2847 1941 2611 943 
2852 1945 2615 945 
2857 1952 2621 945 
2863 1953 2623 948 
2871 1956 2626 952 
2878 1957 2630 952 
2883 1960 2637 955 
2890 1962 2644 956 
2895 1965 2648 958 
2899 1969 2652 959 
2904 1972 2656 963 
2912 1974 2661 965 
2915 1978 2669 968 
2919 1983 2675 970 
2930 1987 2682 975 
2935 1990 2688 976 
2937 1992 2691 976 
2944 1994 2695 979 
2954 1998 2699 982 
2961 2002 2701 984 
2970 2007 2703 986 
2979 2009 2705 990 
2984 2012 2710 992 
2991 2014 2713 992 
2994 2018 2724 996 
2998 2025 2728 1000 
3003 2033 2732 1001 
3008 2036 2733 1002 
3012 2040 2735 1004 
3014 2046 2738 1005 
3018 2047 2743 1008 
3025 2050 2750 1010 
3031 2053 2757 1012 
3039 2056 2762 1014 
3047 2058 2763 1015 
3049 2061 2776 1017 
3056 2065 2782 1018 
3061 2068 2791 1020 
3063 2070 2799 1021 
3067 2076 2802 1022 
3073 2079 2804 1022 
3079 2084 2807 1025 
3087 2088 2811 1026 
3097 2091 2812 1026 
3101 2096 2818 1026 
3105 2102 2827 1027 
3107 2107 2832 1031 
3114 2111 2838 1033 
3122 2114 2844 1036 
3130 2117 2850 1037 
3135 2122 2853 1040 
3141 2125 2857 1043 
3151 2131 2862 1046 
3156 2134 2869 1048 
3163 2142 2875 1050 
3170 2146 2882 1051 
3177 2155 2885 1054 
3177 2157 2888 1056 
3177 2158 2894 1058 
3184 2160 2900 1061 
3187 2163 2909 1062 
3194 2169 2916 1063 
3195 2174 2923 1066 
3202 2180 2933 1068 
3205 2186 2937 1069 
3209 2188 2940 1069 
3215 2193 2947 1073 
3221 2198 2951 1078 
3227 2201 2962 1081 
3233 2208 2968 1082 
3236 2209 2974 1085 
3239 2211 2982 1086 
3247 2213 2984 1089 
3254 2221 2994 1091 
3256 2224 2997 1094 
3264 2226 3003 1096 
3267 2227 3007 1098 
3274 2231 3012 1100 
3281 2237 3016 1102 
3283 2241 3020 1102 
3289 2245 3023 1103 
3295 2246 3028 1105 
3303 2250 3034 1106 
3309 2254 3037 1106 
3313 2255 3045 1107 
3318 2258 3047 1108 
3319 2263 3053 1108 
3328 2267 3060 1108 
3339 2269 3065 1110 
3341 2274 3071 1110 
3344 2276 3077 1112 
3353 2280 3083 1113 
3358 2283 3088 1115 
3363 2285 3094 1116 
3368 2288 3098 1117 
3372 2294 3104 1118 
3378 2297 3108 1118 
3384 2301 3112 1118 
3391 2302 3116 1121 
3398 2307 3118 1127 
3404 2310 3126 1127 
3408 2314 3128 1129 
3415 2317 3137 1130 
3420 2320 3146 1134 
3425 2321 3153 1134 
3430 2328 3158 1135 
3434 2331 3166 1137 
3443 2336 3171 1139 
3448 2338 3177 1139 
3452 2341 3180 1140 
3457 2345 3184 1140 
3467 2348 3186 1142 
3474 2348 3192 1145 
3477 2349 3195 1148 
3483 2354 3197 1151 
3485 2357 3202 1152 
3491 2362 3209 1154 
3500 2366 3218 1156 
3503 2371 3223 1160 
3509 2373 3232 1163 
3517 2380 3234 1165 
3524 2387 3239 1167 
3531 2391 3247 1169 
3539 2397 3253 1172 
3544 2401 3256 1173 
3549 2406 3259 1174 
3559 2408 3262 1176 
3564 2411 3270 1178 
3568 2413 3276 1180 
3574 2417 3278 1181 
3578 2418 3282 1185 
3585 2421 3285 1191 
3588 2423 3294 1192 
3591 2427 3299 1196 
3597 2431 3303 1197 
3600 2435 3308 1197 
3604 2438 3318 1201 
3612 2442 3325 1203 
3619 2447 3329 1205 
3626 2453 3335 1206 
3633 2458 3337 1208 
3635 2463 3344 1209 
3638 2470 3354 1210 
3644 2474 3359 1211 
3650 2475 3361 1216 
3656 2479 3366 1218 
3662 2485 3370 1220 
3669 2489 3376 1222 
3676 2493 3385 1223 
3683 2498 3390 1224 
3688 2503 3394 1228 
3695 2505 3400 1229 
3699 2508 3407 1229 
3702 2511 3409 1229 
3704 2513 3413 1231 
3707 2517 3417 1235 
3710 2522 3423 1237 
3715 2530 3426 1237 
3721 2535 3435 1237 
3731 2538 3438 1240 
3741 2542 3443 1243 
3748 2550 3449 1245 
3751 2554 3453 1247 
3756 2560 3457 1250 
3758 2562 3462 1253 
3768 2566 3469 1254 
3773 2569 3475 1254 
3779 2575 3478 1255 
3782 2578 3484 1259 
3787 2580 3491 1261 
3794 2584 3497 1263 
3800 2588 3502 1265 
3804 2592 3508 1267 
3807 2597 3512 1269 
3810 2603 3516 1271 
3813 2608 3525 1274 
3819 2612 3528 1276 
3829 2615 3534 1276 
3835 2616 3543 1278 
3840 2622 3547 1279 
3844 2624 3552 1283 
3846 2626 3556 1283 
3850 2627 3562 1286 
3855 2630 3566 1286 
3863 2636 3569 1287 
3868 2642 3573 1289 
3873 2646 3578 1292 
3879 2653 3581 1292 
3883 2662 3587 1293 
3885 2666 3590 1296 
3889 2668 3594 1296 
3891 2670 3595 1297 
3902 2673 3597 1298 
3908 2677 3605 1299 
3914 2678 3611 1302 
3915 2683 3616 1305 
3916 2689 3623 1307 
3923 2693 3634 1308 
3928 2694 3639 1309 
3933 2696 3644 1309 
3939 2699 3652 1311 
3945 2703 3655 1314 
3951 2708 3659 1316 
3957 2713 3661 1317 
3963 2718 3664 1318 
3973 2721 3668 1320 
3978 2725 3673 1321 
3980 2730 3679 1321 
3983 2734 3686 1327 
3990 2735 3689 1329 
3999 2737 3695 1333 
4008 2742 3703 1334 
4015 2745 3709 1336 
4018 2747 3715 1339 
4024 2749 3723 1340 
4032 2757 3728 1342 
4035 2762 3732 1346 
4038 2767 3738 1348 
4046 2772 3743 1351 
4055 2774 3747 1352 
4062 2780 3749 1354 
4065 2786 3756 1356 
4070 2792 3760 1358 
4076 2798 3767 1360 
4079 2801 3775 1362 
4085 2808 3779 1363 
4095 2812 3784 1363 
4096 2818 3790 1366 
4100 2823 3796 1366 
4105 2826 3809 1368 
4114 2831 3814 1371 
4116 2834 3816 1374 
4118 2838 3820 1375 
4123 2842 3827 1377 
4128 2843 3834 1378 
4135 2846 3837 1381 
4145 2850 3840 1384 
4151 2854 3840 1387 
4159 2855 3844 1388 
4160 2860 3845 1389 
4166 2860 3849 1389 
4169 2865 3852 1392 
4174 2867 3860 1392 
4180 2872 3864 1393 
4184 2878 3871 1398 
4189 2883 3879 1399 
4194 2885 3882 1401 
4196 2894 3891 1406 
4202 2899 3898 1408 
4208 2905 3907 1410 
4216 2905 3915 1412 
4221 2906 3923 1415 
4228 2910 3926 1417 
4231 2917 3928 1419 
4232 2920 3932 1422 
4236 2927 3937 1423 
4242 2932 3941 1424 
4245 2936 3942 1425 
4251 2942 3950 1426 
4258 2948 3955 1426 
4266 2951 3961 1426 
4275 2956 3969 1426 
4281 2957 3973 1428 
4286 2959 3978 1431 
4293 2964 3984 1433 
4297 2968 3990 1433 
4301 2969 3994 1434 
4302 2974 4002 1439 
4304 2976 4010 1440 
4307 2977 4015 1441 
4312 2985 4016 1442 
4318 2991 4021 1447 
4327 2999 4026 1447 
4328 3001 4029 1448 
4331 3003 4031 1449 
4333 3009 4035 1452 
4335 3011 4043 1452 
4340 3012 4051 1452 
4347 3018 4058 1452 
4350 3022 4062 1455 
4354 3029 4069 1457 
4360 3032 4075 1460 
4362 3034 4082 1460 
4367 3039 4089 1462 
4375 3046 4093 1462 
4385 3053 4099 1463 
4395 3056 4103 1463 
4397 3058 4113 1465 
4403 3060 4118 1465 
4412 3067 4121 1465 
4414 3070 4127 1468 
4420 3078 4134 1471 
4428 3082 4139 1474 
4433 3083 4143 1475 
4440 3087 4151 1477 
4444 3088 4154 1478 
4451 3089 4157 1480 
4455 3096 4161 1482 
4461 3101 4167 1484 
4465 3106 4172 1486 
4470 3109 4179 1487 
4476 3111 4182 1490 
4485 3115 4187 1493 
4491 3121 4195 1495 
4498 3127 4200 1496 
4500 3132 4208 1498 
4505 3140 4213 1502 
4510 3145 4215 1503 
4514 3149 4221 1505 
4521 3153 4232 1508 
4527 3158 4235 1510 
4531 3161 4243 1513 
4535 3163 4246 1516 
4537 3168 4249 1517 
4544 3175 4257 1519 
4553 3178 4264 1520 
4564 3178 4271 1520 
4570 3180 4277 1521 
4579 3182 4281 1523 
4583 3188 4286 1525 
4588 3192 4292 1528 
4593 3199 4298 1530 
4597 3203 4305 1532 
4603 3207 4309 1533 
4609 3211 4311 1533 
4614 3216 4323 1534 
4618 3221 4329 1535 
4622 3223 4334 1535 
4624 3227 4337 1537 
4633 3230 4340 1538 
4634 3237 4343 1541 
4640 3240 4344 1541 
4644 3245 4351 1545 
4649 3247 4356 1549 
4659 3247 4361 1549 
4663 3252 4368 1551 
4674 3253 4372 1552 
4680 3257 4375 1552 
4685 3259 4381 1553 
4689 3263 4384 1556 
4694 3266 4392 1556 
4697 3268 4399 1558 
4703 3272 4403 1559 
4707 3275 4411 1562 
4714 3278 4414 1565 
4721 3280 4416 1570 
4725 3283 4422 1572 
4731 3288 4429 1573 
4740 3293 4433 1575 
4748 3296 4442 1577 
4755 3298 4447 1579 
4761 3301 4453 1586 
4765 3308 4460 1586 
4772 3313 4467 1589 
4776 3318 4474 1590 
4780 3323 4482 1591 
4781 3329 4487 1591 
4786 3334 4489 1592 
4794 3336 4497 1594 
4800 3338 4504 1598 
4806 3343 4510 1601 
4813 3350 4511 1602 
4819 3353 4516 1604 
4824 3357 4521 1605 
4828 3358 4526 1607 
4834 3363 4530 1610 
4840 3369 4538 1610 
4846 3372 4540 1612 
4851 3377 4548 1614 
4854 3378 4553 1615 
4862 3383 4560 1615 
4869 3389 4568 1617 
4874 3395 4570 1621 
4880 3400 4574 1622 
4883 3407 4581 1628 
4891 3412 4585 1629 
4893 3419 4587 1632 
4895 3419 4592 1633 
4902 3420 4597 1636 
4905 3424 4605 1637 
4908 3427 4608 1641 
4913 3434 4611 1644 
4921 3436 4616 1645 
4925 3438 4620 1648 
4934 3444 4626 1651 
4939 3448 4632 1657 
4945 3453 4640 1659 
4955 3458 4648 1661 
4960 3460 4651 1665 
4967 3465 4653 1667 
4974 3468 4660 1667 
4977 3471 4667 1667 
4983 3476 4670 1668 
4994 3479 4678 1671 
5000 3481 4685 1677 
5007 3483 4689 1677 
5011 3487 4697 1679 
5011 3494 4700 1681 
5015 3503 4709 1684 
5021 3506 4718 1687 
5025 3511 4721 1689 
5031 3515 4725 1691 
5037 3519 4730 1696 
5042 3525 4734 1698 
5047 3527 4738 1699 
5052 3531 4745 1703 
5057 3535 4754 1705 
5065 3544 4760 1708 
5070 3546 4763 1709 
5080 3555 4768 1711 
5084 3558 4770 1715 
5087 3564 4777 1717 
5089 3568 4780 1719 
5091 3574 4784 1720 
5097 3578 4792 1720 
5106 3581 4797 1721 
5111 3586 4803 1721 
5115 3589 4806 1721 
5122 3592 4818 1725 
5126 3594 4826 1727 
5133 3598 4828 1729 
5140 3602 4833 1730 
5146 3605 4840 1733 
5150 3606 4842 1734 
5153 3607 4848 1734 
5161 3608 4851 1737 
5164 3613 4860 1738 
5169 3618 4865 1743 
5172 3619 4872 1746 
5176 3626 4878 1747 
5183 3629 4883 1749 
5189 3634 4892 1754 
5197 3636 4896 1757 
5199 3637 4902 1759 
5202 3640 4908 1764 
5207 3648 4914 1766 
5214 3653 4919 1767 
5222 3655 4927 1771 
5227 3660 4933 1774 
5232 3664 4937 1776 
5239 3667 4944 1778 
5248 3672 4953 1783 
5257 3674 4959 1784 
5264 3677 4963 1786 
5271 3681 4968 1786 
5275 3684 4973 1786 
5284 3687 4975 1789 
5291 3693 4983 1792 
5297 3696 4987 1792 
5304 3699 4993 1795 
5316 3703 4997 1796 
5321 3706 5001 1798 
5330 3711 5008 1801 
5336 3714 5012 1806 
5341 3719 5019 1808 
5344 3723 5026 1810 
5348 3726 5030 1812 
5357 3726 5034 1813 
5363 3729 5037 1813 
5369 3730 5041 1816 
5378 3733 5047 1817 
5385 3737 5055 1819 
5389 3742 5058 1820 
5391 3744 5064 1824 
5397 3746 5072 1826 
5402 3748 5075 1828 
5404 3750 5081 1829 
5408 3754 5084 1832 
5412 3758 5092 1833 
5415 3760 5096 1834 
5422 3762 5102 1837 
5427 3764 5105 1838 
5429 3768 5109 1838 
5430 3772 5121 1840 
5439 3775 5126 1843 
5442 3778 5130 1843 
5443 3779 5135 1844 
5449 3781 5138 1844 
5451 3786 5140 1845 
5456 3789 5146 1846 
5462 3793 5151 1848 
5465 3795 5162 1852 
5469 3798 5172 1856 
5477 3806 5177 1860 
5481 3811 5181 1862 
5484 3816 5188 1866 
5486 3817 5192 1867 
5489 3820 5198 1868 
5491 3822 5205 1871 
5497 3823 5209 1873 
5502 3830 5215 1875 
5509 3835 5222 1877 
5516 3837 5226 1879 
5521 3837 5230 1880 
5522 3841 5236 1880 
5530 3845 5241 1883 
5535 3847 5246 1883 
5544 3852 5250 1883 
5551 3856 5254 1884 
5557 3861 5256 1886 
5562 3868 5261 1887 
5566 3870 5265 1888 
5573 3876 5272 1891 
5581 3878 5275 1892 
5588 3886 5280 1895 
5598 3890 5286 1897 
5601 3891 5294 1898 
5608 3897 5298 1900 
5612 3899 5308 1903 
5618 3904 5315 1907 
5619 3907 5321 1909 
5623 3915 5328 1911 
5629 3918 5337 1911 
5633 3922 5341 1913 
5637 3925 5342 1914 
5643 3929 5347 1916 
5649 3929 5351 1917 
5654 3938 5356 1919 
5661 3943 5362 1924 
5666 3947 5369 1927 
5675 3948 5371 1928 
5681 3950 5374 1929 
5686 3954 5379 1929 
5689 3957 5381 1930 
5696 3964 5388 1934 
5701 3968 5392 1936 
5710 3973 5396 1936 
5717 3979 5399 1941 
5722 3982 5403 1942 
5728 3987 5406 1942 
5735 3994 5415 1942 
5743 3998 5421 1943 
5748 4001 5425 1945 
5756 4002 5434 1948 
5772 4011 5439 1948 
5775 4014 5443 1948 
5782 4015 5445 1950 
5787 4018 5455 1952 
5795 4025 5464 1953 
5799 4027 5469 1955 
5805 4035 5473 1957 
5810 4037 5480 1957 
5812 4039 5486 1963 
5817 4042 5494 1964 
5823 4044 5499 1965 
5831 4049 5502 1968 
5837 4052 5510 1968 
5840 4056 5519 1972 
5845 4061 5520 1974 
5849 4065 5526 1977 
5853 4070 5529 1978 
5858 4074 5535 1978 
5864 4077 5540 1980 
5872 4083 5545 1983 
5876 4090 5547 1985 
5878 4093 5553 1990 
5882 4098 5556 1990 
5889 4102 5562 1995 
5900 4106 5571 1998 
5907 4106 5575 2000 
5913 4108 5584 2001 
5919 4112 5587 2003 
5923 4113 5597 2007 
5926 4120 5606 2009 
5932 4121 5618 2010 
5939 4125 5626 2015 
5944 4128 5632 2016 
5946 4131 5634 2016 
5950 4135 5636 2018 
5955 4136 5639 2020 
5962 4140 5643 2024 
5963 4144 5650 2026 
5963 4148 5658 2028 
5971 4154 5662 2030 
5973 4161 5666 2034 
5976 4166 5675 2036 
5980 4172 5681 2039 
5983 4176 5688 2041 
5988 4178 5694 2041 
5993 4185 5697 2042 
5996 4189 5701 2048 
6007 4195 5703 2051 
6014 4199 5707 2054 
6022 4203 5716 2054 
6024 4211 5718 2054 
6026 4214 5724 2056 
6028 4220 5725 2057 
6036 4225 5731 2057 
6042 4228 5742 2058 
6048 4233 5746 2060 
6052 4234 5752 2062 
6057 4237 5755 2064 
6060 4243 5758 2066 
6064 4246 5762 2067 
6069 4251 5767 2068 
6072 4254 5778 2069 
6078 4263 5783 2070 
6082 4263 5789 2070 
6090 4266 5791 2071 
6096 4271 5794 2072 
6099 4274 5804 2076 
6108 4277 5808 2077 
6114 4280 5811 2077 
6121 4284 5821 2081 
6130 4289 5828 2082 
6132 4290 5831 2083 
6136 4297 5835 2085 
6143 4299 5837 2090 
6150 4302 5842 2092 
6157 4303 5845 2095 
6166 4304 5849 2098 
6175 4310 5860 2101 
6177 4313 5863 2103 
6180 4315 5871 2104 
6186 4321 5876 2108 
6191 4323 5880 2108 
6194 4326 5882 2110 
6199 4330 5888 2110 
6203 4333 5890 2114 
6213 4336 5892 2115 
6218 4339 5897 2115 
6225 4345 5901 2117 
6227 4345 5904 2120 
6232 4350 5906 2123 
6237 4356 5913 2125 
6239 4360 5920 2127 
6244 4368 5923 2130 
6251 4371 5926 2135 
6256 4375 5934 2137 
6265 4378 5937 2137 
6268 4380 5944 2141 
6270 4384 5952 2141 
6274 4388 5955 2142 
6278 4394 5965 2145 
6288 4397 5967 2154 
6296 4402 5971 2155 
6301 4409 5975 2156 
6304 4414 5984 2159 
6307 4415 5988 2161 
6311 4420 5991 2163 
6315 4424 5999 2164 
6319 4427 6006 2165 
6322 4432 6008 2167 
6329 4437 6015 2170 
6332 4441 6018 2172 
6335 4446 6026 2174 
6343 4449 6031 2175 
6347 4453 6040 2175 
6351 4456 6044 2177 
6355 4463 6047 2179 
6360 4466 6050 2179 
6361 4470 6059 2180 
6368 4474 6062 2182 
6373 4481 6070 2184 
6376 4482 6073 2189 
6380 4484 6079 2192 
6386 4491 6083 2197 
6391 4496 6089 2197 
6397 4499 6095 2200 
6404 4504 6103 2200 
6407 4507 6108 2200 
6413 4511 6111 2203 
6418 4516 6115 2206 
6424 4519 6120 2208 
6434 4524 6122 2209 
6440 4528 6127 2210 
6443 4532 6131 2212 
6449 4536 6139 2217 
6455 4543 6144 2217 
6461 4549 6149 2219 
6465 4550 6155 2221 
6470 4552 6162 2222 
6474 4560 6166 2224 
6477 4566 6170 2227 
6481 4571 6174 2228 
6490 4575 6181 2231 
6497 4577 6185 2231 
6504 4585 6195 2234 
6510 4592 6205 2236 
6515 4597 6210 2239 
6519 4598 6219 2241 
6526 4604 6221 2242 
6533 4608 6230 2242 
6540 4610 6235 2244 
6546 4617 6239 2246 
6556 4620 6245 2250 
6561 4623 6252 2251 
6566 4627 6257 2253 
6571 4635 6258 2254 
6575 4637 6264 2258 
6580 4644 6270 2261 
6589 4653 6276 2265 
6595 4658 6288 2268 
6600 4659 6292 2270 
6608 4664 6299 2277 
6613 4671 6306 2282 
6619 4675 6313 2283 
6626 4677 6317 2285 
6631 4682 6320 2288 
6635 4688 6322 2290 
6640 4697 6326 2291 
6644 4704 6332 2292 
6649 4707 6337 2292 
6650 4710 6343 2293 
6655 4713 6347 2294 
6659 4715 6353 2296 
6662 4717 6357 2296 
6670 4721 6362 2297 
6676 4725 6365 2297 
6678 4732 6370 2298 
6683 4736 6376 2300 
6689 4736 6384 2301 
6692 4739 6389 2305 
6700 4741 6392 2307 
6704 4744 6398 2311 
6705 4749 6407 2311 
6712 4757 6413 2315 
6716 4757 6419 2317 
6722 4764 6424 2317 
6729 4769 6427 2319 
6733 4774 6434 2320 
6734 4775 6439 2324 
6740 4782 6443 2328 
6745 4785 6446 2330 
6750 4787 6449 2333 
6754 4792 6450 2334 
6757 4801 6460 2337 
6767 4804 6466 2339 
6772 4809 6475 2341 
6776 4811 6477 2344 
6778 4819 6479 2347 
6787 4823 6485 2349 
6789 4830 6492 2352 
6791 4835 6496 2354 
6793 4837 6500 2358 
6801 4842 6504 2358 
6809 4844 6510 2360 
6815 4848 6518 2361 
6820 4853 6520 2362 
6821 4858 6526 2364 
6826 4866 6535 2366 
6829 4869 6540 2368 
6836 4870 6544 2370 
6844 4874 6548 2374 
6846 4874 6555 2375 
6854 4879 6558 2375 
6861 4884 6562 2376 
6867 4890 6567 2378 
6870 4898 6574 2382 
6872 4908 6579 2382 
6876 4913 6584 2384 
6881 4915 6590 2385 
6886 4917 6601 2389 
6888 4919 6603 2389 
6894 4923 6608 2394 
6897 4929 6610 2395 
6900 4937 6614 2398 
6905 4938 6620 2402 
6910 4943 6628 2405 
6913 4948 6633 2406 
6920 4951 6639 2407 
6925 4957 6650 2410 
6932 4961 6659 2411 
6938 4964 6663 2412 
6941 4967 6668 2415 
6947 4973 6674 2417 
6955 4975 6680 2417 
6961 4978 6686 2418 
6970 4981 6692 2422 
6979 4991 6702 2425 
6985 4996 6707 2427 
6990 5001 6712 2432 
6997 5005 6719 2435 
7000 5010 6727 2437 
7008 5012 6730 2439 
7010 5016 6740 2442 
7011 5021 6747 2444 
7013 5023 6753 2446 
7018 5024 6760 2447 
7021 5029 6765 2449 
7025 5032 6769 2452 
7032 5033 6773 2454 
7041 5038 6778 2457 
7045 5042 6781 2458 
7048 5046 6790 2460 
7050 5051 6799 2461 
7058 5052 6805 2464 
7062 5057 6808 2465 
7067 5060 6814 2468 
7073 5066 6819 2471 
7075 5068 6824 2474 
7085 5070 6827 2475 
7088 5077 6832 2477 
7090 5080 6837 2479 
7095 5085 6848 2480 
7099 5088 6852 2481 
7101 5092 6863 2481 
7105 5097 6872 2484 
7109 5098 6880 2485 
7114 5100 6881 2491 
7120 5103 6886 2492 
7126 5112 6889 2493 
7131 5119 6895 2493 
7135 5121 6898 2496 
7140 5126 6900 2497 
7146 5126 6907 2499 
7152 5128 6917 2501 
7153 5137 6921 2504 
7158 5139 6929 2506 
7165 5143 6936 2507 
7172 5144 6942 2508 
7180 5147 6946 2509 
7184 5150 6952 2511 
7192 5153 6956 2513 
7199 5160 6962 2517 
7204 5165 6967 2520 
7209 5168 6971 2524 
7214 5171 6976 2525 
7217 5175 6981 2527 
7220 5179 6989 2528 
7224 5183 7001 2530 
7232 5189 7009 2534 
7237 5195 7010 2538 
7245 5200 7020 2539 
7252 5204 7022 2540 
7255 5208 7026 2544 
7262 5214 7031 2544 
7266 5216 7038 2545 
7271 5220 7046 2546 
7279 5223 7052 2548 
7283 5224 7058 2550 
7290 5232 7067 2552 
7292 5232 7071 2554 
7300 5234 7077 2554 
7307 5238 7081 2560 
7313 5243 7090 2561 
7323 5246 7097 2564 
7334 5248 7102 2566 
7337 5253 7105 2567 
7342 5257 7110 2569 
7348 5264 7115 2571 
7352 5272 7123 2572 
7359 5275 7127 2574 
7366 5279 7134 2576 
7374 5280 7140 2576 
7379 5284 7143 2577 
7383 5287 7148 2581 
7390 5292 7150 2583 
7391 5295 7154 2586 
7396 5299 7161 2586 
7400 5301 7165 2588 
7405 5307 7171 2590 
7407 5310 7174 2591 
7410 5314 7179 2591 
7416 5323 7182 2592 
7424 5327 7190 2592 
7429 5332 7193 2595 
7437 5334 7200 2599 
7443 5340 7203 2600 
7449 5343 7214 2601 
7454 5346 7221 2605 
7458 5352 7225 2606 
7463 5359 7228 2608 
7467 5362 7234 2608 
7470 5367 7236 2608 
7475 5374 7244 2611 
7479 5377 7251 2614 
7482 5380 7257 2615 
7485 5384 7261 2617 
7492 5391 7266 2617 
7497 5395 7271 2618 
7499 5402 7275 2621 
7505 5404 7280 2623 
7511 5413 7285 2623 
7517 5417 7291 2623 
7523 5422 7295 2626 
7528 5428 7298 2626 
7533 5430 7300 2629 
7540 5431 7306 2631 
7545 5436 7314 2635 
7549 5438 7327 2635 
7555 5442 7331 2636 
7560 5447 7341 2637 
7564 5454 7348 2640 
7567 5459 7352 2641 
7571 5461 7356 2642 
7575 5464 7358 2642 
7586 5468 7366 2644 
7593 5471 7377 2646 
7604 5473 7380 2648 
7607 5474 7385 2651 
7612 5476 7393 2656 
7618 5480 7405 2657 
7623 5483 7409 2662 
7628 5489 7412 2665 
7632 5495 7418 2667 
7636 5498 7427 2673 
7643 5501 7431 2675 
7647 5504 7439 2679 
7651 5507 7446 2680 
7657 5510 7459 2681 
7661 5516 7467 2684 
7668 5521 7469 2686 
7676 5527 7473 2688 
7681 5534 7479 2690 
7689 5538 7484 2691 
7691 5542 7491 2691 
7697 5549 7497 2691 
7700 5551 7502 2691 
7704 5552 7510 2692 
7705 5555 7513 2694 
7707 5557 7519 2695 
7710 5561 7524 2699 
7718 5567 7532 2699 
7723 5572 7536 2701 
7728 5576 7541 2703 
7736 5581 7547 2704 
7740 5586 7554 2706 
7751 5593 7564 2706 
7755 5596 7571 2711 
7762 5599 7578 2712 
7770 5605 7583 2712 
7775 5609 7587 2713 
7781 5615 7592 2716 
7790 5618 7594 2723 
7792 5619 7600 2728 
7798 5624 7603 2730 
7805 5626 7607 2732 
7809 5630 7612 2733 
7817 5632 7617 2733 
7821 5637 7625 2735 
7829 5640 7630 2735 
7832 5645 7637 2738 
7838 5650 7646 2740 
7845 5654 7650 2740 
7846 5659 7656 2743 
7854 5663 7664 2745 
7860 5663 7668 2747 
7864 5666 7672 2748 
7872 5672 7677 2750 
7875 5678 7682 2751 
7876 5681 7693 2753 
7880 5684 7698 2753 
7892 5685 7703 2754 
7903 5692 7707 2756 
7910 5698 7717 2757 
7911 5706 7723 2760 
7915 5709 7730 2764 
7918 5712 7733 2766 
7924 5718 7737 2768 
7928 5723 7743 2772 
7936 5727 7750 2773 
7940 5734 7753 2777 
7946 5741 7758 2783 
7950 5744 7761 2785 
7955 5750 7766 2790 
7960 5755 7772 2792 
7964 5762 7777 2794 
7970 5765 7781 2795 
7975 5766 7788 2799 
7982 5771 7791 2800 
7985 5773 7797 2802 
7991 5777 7803 2804 
7996 5781 7805 2806 
8000 5786 7815 2807 
8003 5789 7818 2809 
8005 5794 7824 2810 
8011 5801 7832 2813 
8018 5805 7840 2813 
8026 5808 7845 2814 
8032 5814 7847 2815 
8039 5818 7853 2816 
8044 5820 7856 2818 
8049 5825 7862 2820 
8057 5827 7868 2821 
8060 5833 7873 2822 
8066 5834 7875 2823 
8069 5835 7878 2826 
8076 5838 7882 2828 
8083 5838 7887 2829 
8088 5840 7891 2830 
8088 5849 7898 2833 
8093 5854 7903 2834 
8100 5863 7907 2834 
8103 5869 7911 2836 
8110 5871 7914 2839 
8121 5876 7920 2840 
8130 5882 7930 2841 
8133 5886 7934 2843 
8139 5889 7935 2844 
8142 5891 7940 2847 
8149 5895 7945 2848 
8153 5902 7949 2851 
8157 5910 7951 2856 
8161 5916 7955 2856 
8167 5919 7958 2856 
8172 5923 7959 2858 
8179 5925 7963 2861 
8180 5928 7968 2863 
8187 5933 7974 2866 
8188 5941 7982 2866 
8193 5946 7989 2868 
8197 5950 7995 2872 
8199 5957 8000 2875 
8203 5959 8006 2877 
8208 5960 8011 2878 
8215 5964 8019 2878 
8220 5969 8024 2881 
8228 5971 8027 2885 
8235 5974 8034 2885 
8241 5980 8037 2886 
8247 5987 8046 2889 
8253 5993 8054 2892 
8256 5996 8061 2893 
8261 6001 8067 2896 
8267 6009 8072 2896 
8272 6012 8080 2898 
8282 6015 8088 2902 
8291 6018 8098 2907 
8293 6019 8103 2910 
8296 6020 8106 2913 
8299 6026 8109 2918 
8301 6029 8113 2921 
8309 6030 8116 2926 
8318 6033 8121 2931 
8324 6037 8124 2931 
8325 6042 8130 2932 
8332 6042 8135 2936 
8336 6049 8144 2938 
8341 6051 8152 2939 
8344 6056 8157 2941 
8349 6059 8163 2943 
8352 6065 8167 2943 
8360 6069 8171 2943 
8366 6074 8175 2947 
8373 6077 8181 2949 
8378 6079 8186 2952 
8382 6081 8191 2953 
8386 6081 8197 2959 
8392 6087 8201 2960 
8398 6095 8203 2961 
8405 6098 8206 2963 
8410 6103 8212 2965 
8413 6107 8215 2965 
8418 6112 8220 2968 
8424 6117 8230 2970 
8427 6120 8231 2973 
8435 6122 8235 2975 
8439 6125 8241 2976 
8449 6134 8246 2978 
8453 6139 8252 2981 
8458 6145 8256 2985 
8460 6152 8259 2986 
8466 6154 8267 2990 
8472 6162 8272 2994 
8476 6170 8276 2997 
8479 6174 8280 2997 
8482 6176 8287 2997 
8486 6180 8293 2999 
8491 6181 8294 3001 
8497 6183 8302 3004 
8507 6188 8307 3005 
8515 6193 8314 3006 
8521 6198 8318 3010 
8527 6203 8325 3015 
8531 6206 8331 3015 
8536 6210 8336 3016 
8539 6212 8343 3018 
8543 6216 8352 3020 
8546 6219 8360 3023 
8556 6221 8363 3023 
8561 6226 8366 3024 
8565 6233 8373 3025 
8574 6235 8377 3026 
8576 6238 8380 3028 
8580 6244 8388 3029 
8588 6244 8404 3031 
8594 6253 8410 3033 
8599 6257 8412 3035 
8605 6260 8422 3037 
8610 6265 8426 3039 
8618 6273 8431 3042 
8624 6276 8441 3044 
8629 6285 8450 3046 
8640 6289 8454 3049 
8645 6290 8458 3049 
8648 6293 8463 3050 
8653 6295 8465 3051 
8660 6300 8472 3055 
8662 6306 8482 3058 
8672 6310 8486 3061 
8679 6315 8491 3063 
8682 6318 8495 3064 
8686 6321 8498 3066 
8692 6330 8504 3072 
8697 6337 8509 3076 
8702 6338 8513 3078 
8709 6339 8518 3079 
8717 6344 8523 3079 
8723 6348 8532 3081 
8730 6351 8541 3083 
8735 6352 8548 3085 
8744 6355 8552 3086 
8749 6359 8555 3088 
8755 6364 8564 3089 
8762 6369 8569 3090 
8766 6373 8574 3092 
8774 6378 8575 3094 
8779 6384 8583 3094 
8785 6388 8587 3095 
8791 6394 8593 3097 
8794 6395 8598 3098 
8801 6398 8604 3101 
8807 6402 8614 3104 
8811 6405 8621 3108 
8820 6409 8624 3113 
8828 6414 8632 3114 
8830 6420 8638 3117 
8835 6423 8644 3120 
8839 6430 8650 3124 
8841 6432 8660 3125 
8843 6434 8670 3126 
8848 6439 8676 3126 
8857 6443 8683 3129 
8866 6449 8689 3132 
8871 6453 8697 3132 
8876 6461 8700 3136 
8880 6466 8711 3139 
8887 6469 8717 3141 
8894 6475 8725 3142 
8900 6478 8728 3143 
8904 6478 8734 3147 
8910 6479 8741 3148 
8918 6483 8748 3148 
8923 6488 8754 3151 
8929 6495 8762 3153 
8933 6500 8766 3155 
8938 6507 8773 3155 
8944 6513 8777 3159 
8951 6519 8788 3160 
8958 6521 8797 3162 
8964 6527 8802 3163 
8967 6530 8806 3165 
8981 6535 8809 3166 
8988 6539 8816 3168 
8996 6545 8818 3172 
8998 6551 8821 3175 
9002 6554 8828 3176 
9008 6558 8834 3178 
9014 6561 8843 3179 
9019 6566 8848 3180 
9022 6567 8855 3183 
9028 6569 8855 3187 
9035 6572 8859 3189 
9043 6573 8868 3190 
9049 6580 8872 3191 
9054 6587 8877 3194 
9057 6591 8880 3196 
9062 6595 8883 3196 
9066 6599 8889 3199 
9068 6603 8899 3200 
9073 6604 8902 3201 
9078 6610 8910 3203 
9081 6613 8915 3205 
9086 6616 8920 3205 
9087 6621 8926 3206 
9093 6626 8932 3208 
9102 6629 8939 3209 
9105 6630 8947 3209 
9109 6632 8948 3214 
9112 6638 8958 3214 
9121 6646 8962 3217 
9130 6654 8971 3222 
9136 6659 8976 3224 
9139 6661 8984 3224 
9145 6665 8988 3226 
9150 6666 8995 3228 
9157 6672 9001 3233 
9162 6679 9006 3233 
9172 6683 9013 3235 
9181 6684 9020 3237 
9185 6693 9031 3239 
9192 6698 9035 3242 
9195 6700 9039 3243 
9199 6701 9040 3243 
9205 6704 9047 3244 
9212 6709 9053 3244 
9215 6713 9060 3249 
9224 6716 9064 3251 
9230 6721 9071 3253 
9236 6724 9072 3255 
9238 6726 9074 3257 
9244 6728 9080 3257 
9254 6733 9086 3258 
9261 6737 9089 3260 
9269 6743 9092 3262 
9274 6744 9098 3265 
9283 6750 9104 3268 
9287 6755 9111 3272 
9297 6759 9121 3275 
9299 6763 9130 3276 
9304 6765 9139 3277 
9308 6771 9145 3279 
9314 6777 9149 3284 
9323 6781 9151 3285 
9333 6789 9160 3286 
9344 6796 9166 3288 
9347 6797 9171 3290 
9353 6798 9174 3292 
9358 6804 9176 3294 
9367 6809 9176 3295 
9371 6814 9182 3299 
9379 6817 9187 3300 
9388 6819 9193 3302 
9396 6825 9198 3304 
9400 6827 9199 3306 
9403 6832 9206 3310 
9408 6833 9210 3311 
9412 6836 9216 3312 
9419 6843 9222 3314 
9425 6852 9227 3316 
9434 6858 9230 3316 
9436 6860 9234 3317 
9440 6863 9238 3319 
9444 6863 9244 3324 
9454 6870 9247 3327 
9459 6877 9253 3330 
9461 6879 9259 3332 
9466 6884 9267 3332 
9473 6892 9272 3332 
9477 6898 9279 3334 
9485 6905 9287 3336 
9493 6908 9292 3338 
9500 6915 9303 3342 
9507 6917 9306 3345 
9509 6917 9311 3345 
9512 6920 9318 3347 
9517 6927 9321 3349 
9521 6931 9327 3349 
9525 6934 9332 3349 
9534 6936 9338 3352 
9542 6943 9347 3357 
9543 6951 9353 3359 
9549 6954 9355 3359 
9554 6957 9359 3363 
9560 6964 9364 3365 
9562 6969 9367 3367 
9567 6971 9372 3369 
9572 6974 9377 3370 
9580 6978 9380 3373 
9586 6983 9388 3375 
9588 6990 9392 3380 
9593 6994 9398 3382 
9596 6999 9406 3382 
9608 7002 9411 3385 
9612 7007 9418 3387 
9617 7010 9424 3390 
9621 7011 9433 3391 
9626 7015 9434 3394 
9635 7020 9437 3394 
9640 7024 9445 3395 
9649 7025 9452 3395 
9652 7027 9456 3395 
9656 7034 9462 3397 
9664 7039 9466 3398 
9668 7044 9474 3398 
9673 7047 9480 3400 
9679 7055 9484 3403 
9682 7062 9488 3403 
9688 7067 9498 3405 
9692 7070 9503 3405 
9698 7073 9506 3405 
9705 7076 9508 3408 
9711 7081 9512 3409 
9717 7086 9524 3412 
9719 7089 9532 3415 
9727 7092 9535 3417 
9732 7098 9542 3420 
9736 7104 9543 3421 
9738 7107 9547 3425 
9742 7113 9554 3426 
9744 7117 9558 3427 
9749 7122 9564 3429 
9755 7126 9565 3432 
9759 7128 9568 3438 
9764 7129 9572 3438 
9770 7136 9579 3442 
9775 7140 9588 3446 
9783 7146 9592 3449 
9786 7151 9593 3452 
9796 7155 9603 3454 
9800 7159 9609 3456 
9805 7167 9617 3457 
9811 7168 9619 3458 
9820 7173 9624 3458 
9826 7177 9629 3462 
9829 7178 9637 3463 
9834 7180 9644 3465 
9839 7184 9647 3468 
9848 7192 9648 3472 
9852 7195 9651 3474 
9855 7202 9658 3477 
9863 7206 9660 3483 
9868 7211 9665 3484 
9870 7215 9672 3485 
9876 7219 9678 3487 
9882 7225 9681 3491 
9886 7230 9690 3493 
9893 7234 9692 3497 
9897 7239 9700 3499 
9905 7241 9706 3503 
9908 7245 9706 3506 
9914 7250 9709 3508 
9923 7255 9715 3510 
9928 7259 9724 3513 
9934 7265 9734 3514 
9943 7272 9740 3517 
9948 7280 9748 3518 
9954 7284 9749 3521 
9960 7288 9752 3527 
9964 7291 9760 3530 
9970 7296 9767 3531 
9976 7298 9775 3532 
9981 7302 9782 3533 
9993 7306 9787 3538 
9997 7309 9790 3541 
10002 7316 9795 3543 
10010 7320 9800 3543 
10017 7321 9806 3546 
10023 7327 9810 3546 
10026 7332 9818 3552 
10035 7335 9824 3552 
10041 7338 9832 3554 
10048 7344 9836 3557 
10059 7346 9843 3559 
10069 7350 9847 3563 
10072 7355 9853 3565 
10079 7360 9860 3567 
10084 7364 9864 3569 
10089 7374 9873 3570 
10093 7377 9877 3572 
10101 7381 9883 3574 
10108 7384 9887 3575 
10116 7385 9894 3578 
10118 7387 9902 3581 
10126 7390 9909 3582 
10131 7395 9913 3583 
10135 7400 9918 3583 
10140 7405 9925 3586 
10145 7411 9933 3586 
10148 7416 9942 3586 
10154 7417 9947 3586 
10159 7420 9953 3587 
10166 7423 9958 3590 
10172 7426 9962 3591 
10179 7435 9970 3592 
10184 7436 9976 3593 
10189 7439 9981 3594 
10197 7443 9984 3596 
10201 7446 9991 3598 
10206 7450 9999 3601 
10212 7454 10006 3602 
10220 7459 10014 3604 
10224 7463 10020 3604 
10230 7468 10030 3607 
10234 7471 10033 3608 
10240 7477 10039 3610 
10244 7479 10042 3612 
10253 7482 10046 3615 
10261 7483 10051 3615 
10271 7484 10057 3616 
10276 7488 10063 3618 
10286 7494 10075 3621 
10289 7497 10083 3624 
10292 7504 10085 3625 
10296 7506 10088 3627 
10300 7510 10093 3629 
10305 7514 10096 3630 
10311 7518 10101 3631 
10315 7524 10105 3631 
10324 7527 10111 3634 
10333 7531 10117 3636 
10343 7534 10123 3638 
10349 7542 10129 3640 
10354 7548 10135 3647 
10357 7554 10143 3647 
10363 7559 10152 3649 
10370 7563 10158 3650 
10373 7564 10163 3655 
10378 7564 10167 3657 
10382 7568 10173 3660 
10392 7572 10176 3661 
10393 7574 10178 3663 
10398 7578 10183 3667 
10401 7585 10185 3668 
10403 7588 10189 3668 
10405 7592 10198 3669 
10413 7595 10206 3670 
10418 7605 10210 3673 
10421 7609 10213 3674 
10430 7614 10214 3677 
10434 7618 10220 3678 
10441 7622 10223 3680 
10445 7631 10228 3682 
10447 7634 10234 3682 
10451 7638 10240 3683 
10452 7638 10249 3684 
10455 7647 10253 3684 
10460 7650 10259 3685 
10463 7657 10265 3686 
10466 7660 10272 3686 
10473 7662 10279 3686 
10476 7663 10284 3688 
10479 7667 10295 3689 
10485 7669 10303 3689 
10489 7670 10307 3693 
10494 7677 10310 3695 
10499 7681 10317 3698 
10503 7683 10323 3703 
10505 7690 10325 3706 
10510 7696 10334 3707 
10517 7697 10341 3709 
10526 7702 10349 3711 
10528 7706 10355 3712 
10535 7712 10361 3712 
10537 7717 10367 3715 
10540 7725 10374 3717 
10544 7727 10376 3718 
10548 7732 10384 3720 
10551 7735 10388 3725 
10555 7740 10391 3725 
10563 7747 10396 3728 
10570 7754 10400 3729 
10575 7757 10406 3735 
10579 7759 10416 3739 
10586 7763 10426 3745 
10593 7765 10433 3747 
10602 7771 10435 3750 
10604 7774 10438 3751 
10606 7777 10444 3754 
10618 7784 10449 3756 
10621 7794 10453 3758 
10628 7796 10460 3761 
10636 7804 10464 3762 
10641 7809 10469 3764 
10643 7812 10474 3766 
10653 7813 10476 3767 
10656 7816 10479 3772 
10662 7818 10487 3773 
10666 7821 10490 3778 
10674 7824 10497 3781 
10677 7828 10500 3785 
10679 7832 10506 3787 
10683 7835 10513 3788 
10692 7838 10519 3790 
10698 7842 10522 3792 
10703 7846 10525 3793 
10706 7849 10534 3793 
10712 7856 10542 3794 
10716 7858 10549 3795 
10721 7866 10552 3795 
10724 7868 10558 3797 
10730 7874 10568 3797 
10730 7879 10577 3799 
10731 7886 10589 3800 
10738 7890 10595 3802 
10743 7898 10598 3803 
10751 7900 10602 3804 
10757 7908 10604 3806 
10759 7910 10608 3809 
10764 7912 10612 3812 
10768 7916 10619 3815 
10775 7920 10627 3817 
10778 7926 10630 3817 
10785 7934 10635 3820 
10791 7937 10639 3823 
10795 7942 10648 3825 
10798 7947 10655 3826 
10801 7951 10662 3826 
10806 7954 10665 3830 
10809 7961 10670 3833 
10813 7970 10672 3835 
10820 7970 10681 3840 
10824 7972 10692 3843 
10831 7978 10699 3845 
10839 7982 10704 3847 
10846 7990 10711 3849 
10851 7995 10720 3850 
10855 8002 10725 3854 
10857 8007 10728 3854 
10861 8013 10732 3854 
10869 8016 10739 3856 
10873 8024 10744 3858 
10879 8028 10749 3860 
10888 8030 10757 3860 
10895 8034 10765 3860 
10902 8040 10772 3863 
10907 8044 10780 3864 
10909 8045 10780 3867 
10914 8051 10785 3870 
10920 8056 10786 3873 
10930 8057 10790 3874 
10934 8064 10797 3878 
10940 8066 10799 3879 
10949 8068 10803 3879 
10952 8073 10809 3883 
10960 8075 10824 3884 
10971 8078 10830 3885 
10977 8085 10834 3888 
10982 8090 10846 3892 
10986 8092 10855 3896 
10988 8097 10861 3898 
10990 8104 10867 3899 
10995 8107 10873 3903 
11003 8114 10878 3906 
11006 8117 10886 3909 
11013 8122 10893 3910 
11017 8126 10898 3910 
11025 8130 10902 3912 
11032 8136 10910 3914 
11038 8139 10914 3918 
11044 8142 10918 3920 
11049 8146 10925 3924 
11053 8154 10929 3927 
11058 8157 10936 3927 
11059 8159 10946 3929 
11062 8165 10949 3930 
11068 8168 10953 3933 
11072 8172 10958 3936 
11077 8178 10963 3937 
11081 8187 10968 3938 
11087 8190 10973 3943 
11093 8196 10979 3946 
11103 8199 10987 3947 
11109 8200 10993 3948 
11115 8210 11001 3950 
11123 8214 11007 3952 
11128 8221 11011 3956 
11133 8223 11018 3957 
11139 8226 11024 3958 
11141 8228 11031 3961 
11148 8234 11037 3962 
11156 8238 11042 3965 
11159 8243 11052 3968 
11172 8250 11061 3969 
11179 8256 11071 3971 
11183 8259 11075 3972 
11187 8262 11081 3974 
11192 8264 11085 3976 
11200 8270 11092 3978 
11203 8273 11099 3979 
11210 8278 11103 3979 
11214 8281 11111 3981 
11219 8283 11121 3984 
11222 8286 11129 3987 
11225 8294 11135 3994 
11227 8302 11138 3995 
11232 8305 11144 3996 
11239 8308 11148 3996 
11245 8310 11151 4000 
11252 8312 11162 4002 
11255 8316 11165 4003 
11259 8324 11168 4003 
11263 8328 11176 4003 
11270 8332 11181 4003 
11274 8334 11185 4004 
11278 8337 11189 4007 
11280 8340 11192 4011 
11283 8341 11201 4012 
11286 8343 11206 4014 
11289 8348 11214 4015 
11292 8352 11223 4016 
11299 8356 11228 4020 
11305 8365 11234 4020 
11309 8370 11241 4020 
11314 8375 11248 4022 
11324 8381 11254 4024 
11336 8382 11260 4024 
11339 8389 11265 4026 
11344 8396 11267 4028 
11352 8402 11270 4033 
11361 8407 11277 4035 
11364 8418 11286 4037 
11370 8421 11290 4039 
11374 8423 11294 4041 
11380 8429 11300 4041 
11383 8431 11307 4043 
11387 8434 11313 4044 
11391 8437 11318 4048 
11399 8440 11324 4052 
11403 8442 11329 4052 
11407 8448 11331 4054 
11415 8451 11336 4059 
11419 8453 11343 4059 
11421 8457 11348 4062 
11425 8463 11354 4065 
11431 8467 11359 4068 
11436 8471 11364 4069 
11443 8476 11369 4072 
11445 8480 11376 4074 
11448 8484 11383 4079 
11451 8489 11390 4080 
11466 8492 11396 4082 
11472 8495 11401 4083 
11473 8499 11407 4084 
11476 8502 11410 4085 
11479 8507 11416 4086 
11485 8511 11420 4087 
11489 8513 11424 4089 
11494 8520 11433 4092 
11501 8525 11438 4094 
11505 8528 11445 4096 
11506 8532 11454 4096 
11509 8537 11462 4098 
11517 8541 11467 4100 
11523 8542 11470 4103 
11529 8546 11476 4103 
11535 8549 11481 4105 
11542 8556 11483 4110 
11547 8558 11491 4110 
11552 8559 11500 4113 
11557 8563 11508 4117 
11561 8566 11512 4118 
11565 8568 11515 4121 
11569 8569 11524 4123 
11578 8575 11529 4124 
11582 8579 11534 4125 
11584 8583 11538 4125 
11586 8585 11545 4127 
11594 8589 11554 4129 
11595 8594 11562 4132 
11598 8599 11571 4136 
11600 8602 11580 4137 
11604 8610 11583 4141 
11613 8618 11595 4143 
11617 8620 11599 4144 
11620 8623 11603 4145 
11626 8624 11615 4147 
11632 8629 11623 4148 
11636 8635 11633 4152 
11649 8637 11644 4152 
11654 8640 11652 4154 
11660 8644 11657 4156 
11667 8645 11663 4158 
11675 8649 11669 4160 
11679 8653 11672 4161 
11688 8657 11677 4163 
11695 8666 11685 4166 
11697 8669 11688 4167 
11710 8671 11692 4168 
11714 8678 11697 4171 
11717 8682 11702 4173 
11724 8684 11704 4178 
11725 8689 11709 4179 
11731 8692 11714 4182 
11736 8695 11718 4185 
11741 8701 11724 4187 
11745 8704 11727 4190 
11752 8708 11737 4191 
11758 8713 11743 4193 
11765 8720 11751 4197 
11767 8725 11758 4201 
11773 8729 11762 4202 
11781 8735 11767 4204 
11791 8743 11774 4207 
11795 8750 11780 4208 
11798 8757 11785 4208 
11802 8763 11793 4212 
11804 8765 11800 4213 
11808 8767 11802 4216 
11810 8776 11806 4217 
11818 8778 11815 4218 
11821 8782 11819 4223 
11825 8788 11824 4224 
11829 8790 11829 4225 
11834 8797 11839 4227 
11847 8803 11843 4230 
11857 8805 11850 4230 
11863 8808 11851 4231 
11871 8813 11856 4231 
11873 8819 11862 4233 
11874 8822 11866 4236 
11882 8826 11871 4237 
11890 8829 11873 4239 
11895 8837 11879 4243 
11902 8844 11888 4245 
11907 8847 11890 4247 
11911 8849 11898 4248 
11920 8858 11901 4253 
11924 8862 11906 4255 
11928 8867 11910 4256 
11933 8871 11913 4258 
11941 8875 11919 4258 
11945 8879 11926 4260 
11953 8882 11933 4262 
11960 8886 11939 4263 
11966 8892 11950 4263 
11974 8895 11955 4265 
11980 8899 11961 4266 
11983 8903 11965 4267 
11990 8910 11971 4269 
11993 8916 11977 4272 
12000 8920 11983 4275 
12004 8923 11986 4276 
12007 8924 11997 4277 
12018 8925 11999 4277 
12023 8929 12007 4279 
12026 8931 12009 4282 
12029 8936 12013 4283 
12039 8939 12016 4284 
12043 8945 12020 4287 
12049 8954 12025 4287 
12057 8957 12027 4290 
12061 8961 12033 4294 
12069 8965 12041 4296 
12072 8971 12049 4299 
12083 8979 12058 4302 
12087 8987 12064 4302 
12093 8994 12071 4304 
12096 8998 12079 4306 
12103 9007 12087 4308 
12107 9011 12090 4310 
12114 9016 12096 4313 
12120 9018 12101 4315 
12123 9021 12105 4317 
12131 9026 12113 4318 
12134 9027 12120 4319 
12139 9032 12124 4321 
12147 9036 12126 4324 
12150 9037 12129 4325 
12157 9039 12140 4327 
12165 9044 12144 4328 
12168 9048 12151 4331 
12172 9056 12155 4336 
12177 9056 12157 4337 
12182 9061 12162 4338 
12187 9069 12169 4340 
12195 9073 12176 4342 
12199 9075 12182 4345 
12203 9079 12187 4348 
12208 9083 12194 4349 
12213 9084 12201 4353 
12219 9089 12207 4354 
12227 9093 12211 4354 
12230 9096 12213 4354 
12240 9098 12215 4355 
12245 9102 12219 4356 
12249 9106 12229 4358 
12254 9112 12233 4363 
12255 9118 12236 4365 
12258 9126 12241 4370 
12261 9128 12246 4371 
12266 9133 12254 4371 
12276 9139 12257 4373 
12281 9142 12264 4375 
12286 9150 12269 4376 
12290 9153 12271 4379 
12299 9153 12277 4379 
12306 9160 12283 4384 
12311 9166 12288 4385 
12317 9174 12292 4388 
12323 9177 12298 4389 
12328 9181 12307 4390 
12335 9188 12315 4391 
12339 9191 12321 4392 
12343 9196 12325 4393 
12350 9201 12335 4395 
12356 9209 12339 4397 
12361 9213 12346 4400 
12363 9220 12354 4402 
12369 9223 12359 4403 
12375 9228 12371 4405 
12379 9232 12375 4407 
12385 9236 12377 4409 
12389 9241 12381 4412 
12391 9244 12382 4414 
12400 9246 12387 4416 
12404 9251 12392 4419 
12410 9256 12399 4419 
12414 9263 12400 4419 
12420 9266 12408 4420 
12426 9269 12412 4423 
12431 9275 12418 4424 
12434 9276 12429 4426 
12439 9279 12439 4428 
12442 9282 12441 4431 
12448 9289 12446 4431 
12453 9290 12451 4432 
12459 9294 12458 4432 
12461 9299 12468 4434 
12465 9302 12473 4435 
12467 9306 12478 4436 
12474 9312 12487 4438 
12480 9313 12493 4441 
12485 9318 12499 4444 
12489 9323 12506 4447 
12493 9328 12510 4448 
12498 9336 12519 4449 
12500 9340 12524 4449 
12513 9344 12534 4451 
12517 9350 12539 4451 
12521 9357 12544 4454 
12526 9365 12553 4458 
12533 9372 12556 4460 
12535 9380 12559 4465 
12540 9384 12563 4470 
12546 9390 12566 4471 
12549 9395 12574 4473 
12550 9401 12583 4476 
12553 9411 12587 4479 
12559 9415 12591 4481 
12568 9419 12598 4481 
12570 9426 12605 4486 
12575 9430 12613 4488 
12578 9433 12615 4490 
12586 9436 12619 4492 
12591 9442 12628 4495 
12595 9448 12634 4498 
12599 9458 12638 4500 
12603 9462 12645 4501 
12610 9466 12649 4502 
12615 9469 12657 4503 
12620 9470 12666 4506 
12626 9477 12675 4512 
12633 9477 12680 4515 
12635 9482 12688 4516 
12640 9485 12693 4519 
12647 9487 12698 4523 
12657 9489 12700 4525 
12664 9490 12712 4528 
12669 9496 12715 4529 
12678 9503 12724 4532 
12683 9507 12728 4535 
12687 9511 12734 4536 
12693 9513 12740 4538 
12699 9520 12753 4539 
12702 9523 12758 4542 
12709 9524 12763 4544 
12716 9532 12770 4546 
12720 9534 12775 4548 
12728 9537 12779 4549 
12738 9543 12786 4550 
12740 9546 12793 4553 
12745 9555 12800 4558 
12747 9561 12801 4560 
12750 9565 12805 4564 
12754 9568 12808 4566 
12762 9569 12810 4570 
12769 9573 12816 4572 
12775 9580 12821 4576 
12781 9583 12824 4577 
12790 9588 12833 4578 
12798 9595 12846 4579 
12804 9596 12848 4580 
12809 9601 12858 4582 
12812 9606 12866 4583 
12818 9610 12875 4587 
12824 9615 12880 4591 
12828 9616 12888 4594 
12835 9622 12892 4598 
12839 9630 12900 4599 
12847 9632 12905 4602 
12853 9634 12910 4604 
12859 9636 12916 4607 
12866 9638 12921 4608 
12874 9643 12928 4610 
12882 9652 12937 4612 
12886 9654 12941 4613 
12890 9656 12948 4615 
12900 9662 12955 4617 
12911 9666 12964 4621 
12914 9674 12971 4621 
12915 9678 12979 4621 
12916 9680 12988 4624 
12917 9685 12990 4624 
12920 9687 12998 4626 
12929 9692 13003 4628 
12935 9692 13007 4629 
12939 9698 13015 4632 
12944 9702 13021 4632 
12948 9703 13027 4633 
12954 9710 13032 4633 
12956 9714 13037 4636 
12960 9717 13043 4637 
12964 9721 13047 4637 
12969 9722 13051 4639 
12974 9731 13059 4641 
12981 9736 13067 4648 
12986 9746 13071 4652 
12992 9749 13076 4654 
12996 9757 13082 4656 
12997 9762 13086 4659 
13000 9766 13091 4659 
13006 9768 13095 4663 
13011 9774 13103 4666 
13014 9777 13107 4669 
13019 9783 13110 4672 
13025 9790 13118 4674 
13029 9792 13124 4675 
13034 9794 13132 4676 
13039 9797 13141 4677 
13047 9800 13144 4679 
13050 9804 13151 4680 
13058 9807 13161 4685 
13066 9810 13165 4689 
13071 9813 13176 4692 
13080 9818 13181 4693 
13085 9824 13187 4697 
13089 9827 13190 4698 
13099 9829 13199 4703 
13113 9831 13204 4705 
13119 9831 13206 4707 
13124 9835 13213 4711 
13130 9838 13221 4713 
13140 9841 13227 4714 
13145 9847 13236 4714 
13150 9852 13241 4716 
13154 9863 13247 4718 
13157 9869 13253 4721 
13167 9870 13257 4721 
13175 9871 13262 4724 
13179 9879 13269 4725 
13185 9881 13275 4727 
13187 9884 13282 4729 
13193 9887 13287 4731 
13198 9890 13295 4731 
13202 9897 13301 4731 
13204 9899 13314 4732 
13210 9903 13319 4734 
13215 9909 13327 4737 
13221 9918 13335 4738 
13226 9921 13338 4742 
13236 9923 13339 4742 
13241 9931 13344 4743 
13244 9935 13353 4747 
13250 9939 13357 4748 
13256 9946 13360 4750 
13259 9954 13363 4751 
13264 9960 13369 4754 
13279 9962 13379 4755 
13286 9964 13386 4757 
13292 9967 13389 4757 
13297 9976 13398 4760 
13301 9985 13403 4760 
13310 9989 13408 4763 
13314 9995 13415 4766 
13322 9997 13421 4768 
13325 10001 13426 4769 
13330 10003 13433 4774 
13336 10010 13438 4776 
13342 10015 13443 4778 
13345 10016 13450 4779 
13349 10023 13454 4781 
13354 10029 13463 4781 
13362 10036 13471 4781 
13366 10038 13475 4782 
13373 10048 13480 4783 
13378 10057 13485 4786 
13380 10065 13495 4788 
13387 10070 13501 4788 
13396 10074 13503 4791 
13397 10076 13509 4794 
13402 10077 13512 4796 
13413 10082 13517 4800 
13419 10083 13527 4802 
13427 10092 13533 4803 
13434 10096 13536 4805 
13439 10098 13543 4806 
13443 10102 13550 4810 
13447 10114 13558 4812 
13454 10117 13561 4813 
13461 10121 13568 4815 
13469 10124 13577 4818 
13476 10126 13585 4818 
13479 10131 13590 4821 
13485 10135 13597 4821 
13487 10138 13602 4824 
13495 10140 13609 4826 
13501 10144 13615 4827 
13504 10147 13620 4829 
13510 10154 13627 4832 
13516 10157 13636 4835 
13519 10160 13642 4837 
13528 10162 13645 4838 
13533 10164 13651 4838 
13540 10168 13655 4840 
13543 10175 13658 4841 
13545 10180 13665 4843 
13548 10187 13677 4845 
13549 10192 13681 4848 
13556 10193 13690 4848 
13562 10195 13694 4849 
13568 10197 13702 4851 
13571 10203 13709 4853 
13580 10211 13711 4856 
13585 10216 13715 4858 
13593 10220 13719 4861 
13600 10224 13726 4863 
13608 10229 13729 4865 
13611 10231 13738 4867 
13617 10234 13743 4869 
13621 10241 13756 4870 
13626 10242 13765 4871 
13633 10247 13768 4874 
13636 10248 13773 4876 
13642 10256 13778 4879 
13647 10258 13784 4883 
13651 10262 13788 4883 
13659 10263 13794 4883 
13663 10264 13800 4885 
13668 10268 13812 4890 
13672 10274 13817 4891 
13675 10276 13824 4893 
13681 10278 13830 4894 
13683 10281 13839 4896 
13690 10284 13846 4896 
13695 10289 13853 4900 
13700 10292 13862 4904 
13705 10296 13867 4908 
13713 10300 13869 4911 
13717 10302 13876 4915 
13719 10307 13878 4919 
13724 10310 13884 4919 
13731 10315 13890 4927 
13735 10317 13896 4929 
13741 10321 13907 4930 
13748 10325 13912 4930 
13759 10330 13915 4931 
13764 10336 13922 4935 
13767 10340 13929 4938 
13772 10345 13939 4942 
13774 10349 13945 4948 
13778 10354 13953 4948 
13782 10364 13956 4949 
13791 10370 13963 4950 
13797 10372 13972 4956 
13805 10375 13977 4957 
13813 10378 13982 4960 
13821 10380 13984 4965 
13827 10384 13987 4966 
13831 10389 13992 4969 
13833 10391 13997 4971 
13843 10397 14004 4972 
13848 10405 14009 4973 
13850 10408 14015 4974 
13856 10413 14019 4976 
13860 10419 14025 4980 
13863 10421 14034 4982 
13871 10423 14045 4983 
13873 10429 14057 4984 
13881 10430 14062 4991 
13891 10434 14067 4994 
13899 10437 14074 4997 
13906 10440 14077 4999 
13907 10448 14085 5002 
13911 10459 14088 5005 
13913 10466 14093 5007 
13916 10468 14101 5008 
13924 10469 14108 5012 
13929 10474 14114 5012 
13935 10476 14123 5015 
13938 10482 14126 5015 
13940 10488 14132 5019 
13946 10492 14140 5020 
13955 10501 14145 5023 
13960 10502 14149 5023 
13965 10506 14155 5024 
13969 10514 14160 5025 
13974 10519 14166 5025 
13976 10523 14170 5026 
13983 10526 14176 5030 
13987 10530 14180 5032 
13992 10534 14184 5032 
14000 10541 14190 5035 
14009 10544 14198 5037 
14013 10545 14202 5041 
14021 10550 14207 5044 
14027 10557 14215 5046 
14032 10563 14227 5050 
14038 10566 14231 5052 
14045 10568 14236 5058 
14053 10571 14243 5061 
14057 10574 14249 5061 
14061 10576 14259 5064 
14069 10577 14268 5066 
14072 10579 14269 5066 
14075 10584 14274 5070 
14082 10589 14279 5070 
14092 10596 14289 5071 
14102 10600 14294 5074 
14110 10602 14301 5075 
14115 10609 14306 5077 
14123 10613 14315 5079 
14126 10616 14325 5082 
14128 10622 14328 5085 
14136 10627 14335 5088 
14139 10631 14341 5090 
14145 10637 14342 5094 
14147 10640 14346 5097 
14149 10643 14355 5098 
14153 10649 14361 5101 
14160 10653 14367 5103 
14160 10658 14370 5106 
14162 10661 14378 5108 
14169 10664 14382 5110 
14178 10668 14386 5113 
14187 10673 14394 5116 
14191 10677 14398 5118 
14196 10684 14406 5120 
14201 10690 14408 5123 
14206 10696 14414 5126 
14210 10704 14422 5129 
14216 10711 14429 5130 
14222 10720 14438 5132 
14227 10725 14447 5132 
14231 10731 14452 5133 
14235 10733 14456 5134 
14239 10738 14466 5137 
14246 10741 14478 5139 
14253 10746 14483 5142 
14260 10750 14487 5145 
14265 10752 14490 5150 
14266 10754 14495 5152 
14269 10756 14496 5154 
14277 10763 14500 5159 
14280 10766 14505 5160 
14288 10773 14510 5161 
14293 10780 14517 5161 
14299 10785 14523 5163 
14302 10788 14528 5166 
14305 10794 14536 5168 
14313 10797 14540 5171 
14317 10799 14542 5174 
14324 10803 14545 5176 
14331 10809 14550 5176 
14337 10814 14556 5179 
14342 10821 14562 5180 
14348 10826 14569 5184 
14354 10831 14573 5185 
14359 10834 14582 5185 
14366 10838 14585 5185 
14371 10842 14591 5187 
14377 10844 14597 5188 
14386 10849 14601 5189 
14387 10858 14605 5194 
14394 10864 14610 5196 
14396 10869 14615 5197 
14400 10877 14623 5198 
14407 10881 14629 5201 
14412 10883 14637 5203 
14422 10892 14643 5204 
14423 10896 14647 5206 
14426 10898 14655 5208 
14431 10900 14660 5208 
14434 10908 14668 5211 
14441 10916 14674 5211 
14448 10923 14682 5212 
14455 10929 14687 5214 
14463 10940 14696 5217 
14468 10943 14700 5221 
14468 10949 14704 5222 
14478 10952 14713 5223 
14485 10957 14720 5226 
14490 10960 14727 5226 
14496 10969 14731 5230 
14502 10975 14736 5231 
14506 10977 14746 5232 
14510 10980 14751 5234 
14516 10985 14760 5234 
14524 10991 14764 5237 
14525 10994 14773 5239 
14531 10999 14780 5240 
14535 11003 14787 5241 
14536 11009 14793 5243 
14543 11013 14801 5244 
14551 11016 14813 5244 
14555 11023 14822 5246 
14559 11030 14829 5247 
14561 11035 14836 5249 
14568 11039 14843 5252 
14574 11043 14850 5253 
14579 11046 14856 5255 
14585 11053 14860 5256 
14589 11055 14868 5259 
14596 11058 14874 5261 
14601 11062 14877 5263 
14606 11065 14884 5265 
14613 11073 14890 5272 
14618 11081 14899 5275 
14623 11087 14904 5276 
14630 11091 14916 5277 
14634 11100 14931 5280 
14636 11103 14940 5283 
14644 11104 14951 5284 
14650 11107 14952 5287 
14656 11112 14956 5287 
14663 11116 14960 5289 
14673 11119 14965 5293 
14679 11122 14971 5295 
14683 11125 14984 5296 
14690 11132 14993 5297 
14693 11135 14996 5298 
14699 11141 15006 5300 
14707 11146 15012 5303 
14711 11150 15022 5305 
14717 11152 15028 5305 
14720 11153 15032 5307 
14732 11158 15037 5309 
14733 11160 15040 5309 
14741 11164 15048 5310 
14751 11171 15057 5313 
14760 11176 15066 5315 
14764 11177 15072 5319 
14768 11180 15078 5319 
14772 11186 15086 5323 
14778 11189 15091 5325 
14783 11196 15097 5329 
14786 11198 15105 5329 
14790 11204 15110 5331 
14794 11206 15113 5331 
14795 11211 15122 5333 
14800 11216 15124 5333 
14805 11222 15131 5334 
14808 11226 15141 5335 
14813 11228 15148 5338 
14815 11235 15151 5342 
14820 11241 15157 5342 
14824 11242 15160 5345 
14829 11244 15164 5346 
14838 11249 15171 5347 
14844 11252 15177 5347 
14850 11254 15181 5349 
14856 11260 15188 5351 
14862 11265 15191 5353 
14864 11271 15198 5353 
14868 11273 15200 5353 
14876 11277 15204 5355 
14882 11284 15208 5358 
14888 11285 15214 5359 
14892 11288 15228 5360 
14895 11289 15229 5362 
14898 11293 15238 5368 
14904 11300 15249 5372 
14908 11305 15254 5375 
14913 11308 15258 5376 
14920 11314 15269 5377 
14929 11319 15274 5381 
14936 11321 15283 5382 
14944 11327 15290 5383 
14946 11338 15299 5384 
14955 11344 15306 5385 
14959 11349 15309 5388 
14963 11351 15317 5391 
14969 11353 15326 5395 
14977 11360 15331 5395 
14983 11362 15338 5396 
14991 11368 15345 5398 
14999 11371 15352 5401 
15002 11375 15357 5401 
15006 11379 15365 5404 
15008 11382 15371 5406 
15014 11388 15378 5406 
15016 11392 15386 5408 
15021 11398 15389 5409 
15028 11402 15395 5411 
15034 11405 15403 5412 
15039 11409 15414 5415 
15042 11411 15420 5417 
15049 11415 15424 5419 
15057 11418 15432 5421 
15061 11422 15437 5425 
15063 11424 15444 5426 
15067 11433 15454 5427 
15075 11438 15460 5428 
15079 11444 15460 5428 
15089 11446 15463 5431 
15093 11453 15470 5436 
15097 11458 15473 5439 
15099 11464 15483 5442 
15100 11465 15490 5442 
15102 11471 15496 5444 
15108 11474 15505 5446 
15115 11476 15514 5446 
15123 11484 15516 5448 
15129 11485 15523 5449 
15136 11490 15529 5452 
15139 11496 15534 5456 
15144 11498 15537 5457 
15147 11500 15544 5458 
15150 11506 15550 5461 
15151 11508 15559 5464 
15161 11514 15564 5468 
15169 11517 15572 5470 
15174 11524 15576 5472 
15183 11531 15581 5473 
15190 11534 15586 5475 
15196 11539 15592 5475 
15200 11543 15595 5475 
15210 11546 15596 5478 
15218 11551 15601 5480 
15225 11553 15608 5482 
15233 11556 15612 5482 
15238 11560 15615 5485 
15245 11562 15627 5487 
15251 11568 15630 5488 
15258 11571 15635 5489 
15260 11573 15639 5491 
15265 11577 15646 5494 
15272 11585 15654 5495 
15278 11589 15664 5497 
15287 11596 15668 5498 
15293 11600 15673 5499 
15293 11606 15679 5500 
15296 11613 15686 5501 
15302 11618 15689 5501 
15304 11621 15697 5503 
15310 11625 15707 5506 
15314 11626 15719 5510 
15324 11636 15724 5513 
15330 11641 15730 5515 
15337 11647 15734 5517 
15343 11650 15740 5517 
15349 11653 15746 5520 
15353 11658 15751 5523 
15363 11664 15753 5527 
15368 11667 15763 5533 
15377 11669 15768 5533 
15382 11672 15773 5535 
15387 11678 15777 5537 
15390 11681 15783 5539 
15395 11684 15786 5540 
15402 11696 15791 5541 
15407 11701 15798 5542 
15408 11706 15805 5545 
15419 11707 15815 5546 
15424 11713 15821 5547 
15431 11723 15826 5549 
15436 11726 15832 5551 
15439 11730 15836 5551 
15448 11733 15846 5554 
15452 11744 15851 5555 
15465 11751 15856 5555 
15471 11757 15860 5557 
15474 11762 15867 5559 
15475 11768 15871 5561 
15481 11771 15876 5565 
15487 11774 15882 5568 
15491 11780 15885 5572 
15502 11784 15891 5574 
15505 11789 15896 5577 
15509 11791 15908 5580 
15515 11794 15915 5582 
15524 11798 15920 5582 
15533 11803 15926 5583 
15535 11808 15929 5585 
15539 11811 15936 5586 
15544 11814 15945 5586 
15552 11822 15953 5587 
15559 11828 15958 5588 
15565 11828 15966 5589 
15571 11830 15973 5590 
15578 11837 15980 5592 
15580 11845 15982 5593 
15587 11852 15990 5595 
15592 11855 15993 5598 
15600 11862 15998 5602 
15604 11866 16005 5608 
15614 11871 16015 5611 
15619 11874 16018 5612 
15624 11876 16027 5615 
15629 11883 16030 5616 
15636 11889 16035 5617 
15644 11890 16040 5619 
15651 11892 16048 5620 
15660 11896 16051 5621 
15668 11897 16053 5623 
15676 11901 16061 5625 
15677 11907 16069 5627 
15686 11909 16072 5629 
15692 11914 16074 5629 
15703 11918 16079 5631 
15711 11921 16085 5635 
15721 11926 16091 5636 
15723 11930 16094 5636 
15728 11936 16100 5639 
15736 11943 16110 5639 
15742 11947 16119 5639 
15747 11948 16133 5640 
15751 11951 16140 5644 
15757 11955 16145 5645 
15764 11958 16152 5647 
15771 11964 16159 5649 
15778 11968 16167 5650 
15783 11971 16173 5653 
15788 11975 16179 5656 
15794 11981 16185 5658 
15796 11983 16195 5659 
15799 11987 16199 5661 
15805 11991 16207 5665 
15812 11998 16216 5668 
15819 12001 16223 5670 
15827 12004 16228 5673 
15831 12007 16232 5675 
15838 12011 16238 5678 
15846 12014 16243 5680 
15853 12019 16248 5681 
15858 12027 16251 5684 
15865 12032 16259 5684 
15870 12037 16269 5687 
15879 12043 16271 5688 
15885 12051 16274 5691 
15888 12059 16285 5694 
15892 12064 16287 5697 
15897 12068 16293 5698 
15904 12072 16296 5700 
15909 12074 16299 5704 
15917 12076 16310 5706 
15922 12087 16315 5710 
15927 12092 16319 5713 
15933 12098 16326 5715 
15936 12106 16330 5718 
15941 12107 16338 5719 
15953 12112 16345 5720 
15956 12117 16350 5722 
15964 12121 16353 5727 
15972 12124 16360 5729 
15981 12131 16365 5729 
15985 12133 16372 5731 
15991 12137 16373 5735 
15998 12141 16382 5737 
16004 12145 16394 5742 
16005 12148 16403 5745 
16007 12151 16410 5748 
16010 12154 16413 5750 
16019 12159 16421 5751 
16026 12164 16433 5754 
16032 12167 16437 5754 
16036 12173 16446 5755 
16042 12178 16450 5758 
16045 12180 16456 5759 
16052 12182 16465 5762 
16058 12187 16474 5763 
16075 12189 16487 5763 
16081 12192 16492 5767 
16084 12195 16498 5770 
16093 12200 16503 5771 
16097 12205 16505 5772 
16108 12210 16509 5775 
16113 12213 16513 5779 
16120 12218 16522 5781 
16124 12225 16528 5784 
16130 12231 16535 5787 
16133 12237 16544 5790 
16136 12239 16548 5793 
16142 12241 16552 5795 
16148 12242 16561 5797 
16152 12244 16571 5800 
16163 12248 16577 5803 
16171 12255 16583 5806 
16175 12259 16591 5808 
16179 12264 16599 5809 
16182 12268 16606 5812 
16190 12273 16615 5815 
16194 12277 16624 5821 
16198 12283 16640 5822 
16203 12287 16645 5824 
16211 12292 16653 5826 
16214 12301 16658 5827 
16218 12308 16661 5830 
16225 12313 16666 5831 
16227 12319 16671 5834 
16231 12323 16677 5841 
16242 12326 16687 5842 
16252 12331 16692 5844 
16255 12334 16697 5844 
16259 12337 16702 5848 
16268 12342 16705 5850 
16272 12350 16718 5850 
16279 12357 16727 5850 
16290 12363 16737 5852 
16298 12365 16744 5854 
16302 12369 16749 5857 
16307 12377 16754 5859 
16311 12383 16759 5861 
16314 12387 16761 5865 
16321 12395 16769 5867 
16327 12399 16775 5867 
16332 12401 16781 5873 
16335 12408 16789 5874 
16340 12411 16798 5875 
16344 12413 16811 5877 
16353 12417 16825 5877 
16365 12420 16830 5877 
16371 12423 16835 5877 
16375 12431 16839 5879 
16380 12439 16845 5883 
16388 12443 16849 5884 
16391 12447 16853 5889 
16395 12451 16855 5892 
16398 12455 16862 5895 
16405 12460 16868 5896 
16415 12465 16872 5897 
16424 12469 16880 5901 
16430 12473 16888 5902 
16433 12476 16896 5903 
16439 12484 16904 5905 
16445 12488 16913 5907 
16452 12490 16921 5909 
16456 12492 16929 5909 
16460 12502 16939 5911 
16465 12506 16942 5916 
16468 12509 16950 5919 
16472 12514 16954 5923 
16479 12515 16959 5924 
16482 12519 16964 5925 
16484 12522 16968 5927 
16488 12526 16976 5931 
16494 12534 16981 5933 
16503 12542 16985 5934 
16506 12548 16993 5935 
16515 12552 16999 5938 
16524 12562 17003 5940 
16530 12567 17012 5942 
16536 12570 17019 5942 
16538 12579 17021 5947 
16545 12582 17026 5948 
16554 12587 17029 5948 
16559 12591 17036 5950 
16563 12602 17040 5954 
16567 12604 17046 5960 
16576 12606 17050 5961 
16582 12611 17053 5964 
16585 12614 17062 5964 
16592 12621 17065 5968 
16598 12623 17069 5972 
16607 12626 17075 5975 
16612 12627 17077 5979 
16616 12634 17081 5980 
16627 12639 17088 5981 
16629 12645 17094 5984 
16635 12650 17102 5986 
16640 12655 17107 5987 
16643 12660 17111 5989 
16649 12664 17121 5992 
16655 12669 17127 5996 
16659 12674 17136 5998 
16662 12680 17141 5999 
16672 12685 17148 6002 
16676 12693 17153 6004 
16682 12696 17160 6005 
16688 12699 17168 6007 
16693 12704 17168 6007 
16696 12708 17177 6010 
16705 12711 17184 6011 
16713 12715 17189 6013 
16719 12722 17194 6015 
16726 12731 17199 6015 
16732 12733 17200 6016 
16735 12739 17206 6018 
16738 12743 17210 6020 
16741 12748 17218 6022 
16748 12754 17225 6026 
16760 12760 17232 6028 
16765 12762 17234 6028 
16768 12767 17244 6031 
16775 12771 17250 6035 
16780 12774 17260 6035 
16789 12781 17267 6039 
16797 12787 17276 6041 
16805 12792 17283 6042 
16807 12796 17287 6044 
16810 12803 17294 6048 
16817 12807 17301 6049 
16828 12812 17306 6050 
16833 12817 17316 6051 
16839 12820 17320 6055 
16846 12827 17327 6058 
16851 12831 17334 6059 
16857 12836 17340 6061 
16860 12842 17343 6063 
16866 12848 17348 6064 
16868 12851 17354 6064 
16872 12856 17361 6066 
16880 12860 17368 6067 
16882 12865 17375 6068 
16888 12869 17380 6070 
16891 12873 17384 6073 
16896 12877 17391 6073 
16900 12880 17393 6075 
16908 12885 17405 6076 
16910 12892 17413 6077 
16917 12894 17425 6079 
16921 12899 17433 6080 
16923 12904 17438 6083 
16929 12910 17444 6085 
16933 12918 17447 6088 
16940 12922 17456 6091 
16942 12926 17460 6095 
16948 12931 17464 6096 
16958 12936 17470 6097 
16961 12938 17479 6099 
16970 12945 17487 6100 
16972 12951 17493 6104 
16976 12957 17496 6107 
16980 12962 17512 6110 
16986 12970 17515 6114 
16996 12976 17518 6116 
17005 12979 17524 6117 
17008 12985 17527 6117 
17015 12989 17533 6118 
17019 12994 17539 6119 
17026 13003 17546 6123 
17031 13005 17556 6123 
17036 13006 17559 6127 
17041 13008 17570 6129 
17049 13017 17573 6131 
17055 13022 17578 6135 
17066 13025 17582 6136 
17075 13028 17588 6137 
17085 13033 17594 6137 
17096 13040 17603 6140 
17099 13044 17610 6144 
17104 13051 17617 6145 
17105 13056 17622 6147 
17111 13059 17628 6149 
17116 13062 17630 6151 
17120 13068 17634 6152 
17128 13072 17646 6155 
17135 13079 17651 6159 
17140 13082 17655 6159 
17145 13084 17658 6163 
17149 13085 17663 6163 
17152 13093 17667 6167 
17157 13097 17676 6169 
17163 13101 17680 6172 
17169 13106 17685 6175 
17177 13110 17688 6175 
17185 13119 17696 6178 
17192 13121 17701 6183 
17195 13123 17707 6183 
17203 13128 17712 6184 
17208 13133 17718 6186 
17212 13138 17722 6190 
17216 13144 17726 6192 
17221 13149 17734 6196 
17225 13157 17738 6197 
17232 13165 17747 6199 
17238 13168 17752 6202 
17245 13172 17757 6204 
17254 13174 17761 6206 
17259 13179 17766 6207 
17263 13183 17770 6207 
17270 13189 17778 6210 
17279 13192 17790 6214 
17284 13199 17795 6217 
17293 13204 17801 6220 
17297 13207 17806 6223 
17301 13211 17811 6225 
17307 13214 17818 6228 
17317 13219 17828 6232 
17323 13221 17832 6233 
17328 13225 17840 6234 
17336 13227 17847 6235 
17340 13230 17854 6235 
17343 13234 17858 6238 
17351 13241 17866 6239 
17355 13243 17871 6242 
17367 13245 17879 6244 
17371 13248 17887 6245 
17374 13252 17890 6250 
17384 13260 17896 6254 
17395 13266 17899 6255 
17405 13268 17907 6258 
17416 13269 17912 6262 
17425 13276 17916 6266 
17437 13279 17920 6267 
17448 13283 17922 6270 
17456 13292 17924 6275 
17467 13299 17931 6275 
17475 13303 17937 6276 
17477 13305 17944 6279 
17484 13310 17953 6280 
17488 13315 17962 6284 
17494 13319 17966 6287 
17499 13325 17975 6289 
17503 13330 17981 6289 
17508 13337 17988 6298 
17517 13339 17994 6299 
17524 13343 18002 6300 
17535 13352 18006 6305 
17539 13358 18016 6306 
17544 13363 18020 6308 
17549 13371 18023 6308 
17554 13373 18029 6311 
17564 13376 18034 6312 
17568 13382 18039 6314 
17571 13384 18052 6315 
17573 13389 18057 6319 
17576 13394 18060 6320 
17581 13399 18066 6321 
17586 13402 18069 6323 
17591 13407 18079 6325 
17591 13409 18085 6327 
17602 13417 18090 6328 
17611 13421 18097 6333 
17612 13427 18106 6336 
17617 13431 18116 6342 
17622 13434 18124 6345 
17634 13437 18130 6349 
17640 13440 18132 6351 
17647 13445 18137 6354 
17651 13453 18143 6355 
17659 13463 18151 6356 
17668 13464 18159 6359 
17671 13470 18167 6362 
17679 13473 18178 6367 
17681 13478 18180 6367 
17688 13486 18187 6367 
17692 13490 18192 6370 
17697 13496 18195 6373 
17700 13501 18199 6375 
17705 13507 18206 6378 
17710 13512 18210 6379 
17716 13513 18216 6381 
17719 13520 18219 6384 
17728 13522 18222 6386 
17734 13526 18227 6389 
17742 13530 18232 6393 
17751 13535 18238 6394 
17758 13539 18243 6398 
17765 13547 18246 6399 
17776 13550 18247 6403 
17779 13554 18253 6404 
17785 13557 18256 6406 
17792 13561 18262 6408 
17797 13567 18267 6411 
17802 13572 18271 6413 
17808 13575 18278 6415 
17816 13583 18289 6416 
17824 13588 18297 6418 
17828 13591 18303 6419 
17831 13595 18305 6419 
17841 13601 18308 6423 
17847 13603 18317 6426 
17852 13607 18323 6426 
17854 13614 18329 6428 
17860 13620 18338 6429 
17862 13623 18342 6430 
17870 13630 18347 6431 
17875 13634 18354 6431 
17882 13638 18355 6433 
17886 13650 18364 6434 
17897 13655 18374 6438 
17904 13657 18377 6442 
17913 13662 18383 6446 
17917 13667 18387 6452 
17922 13670 18393 6452 
17925 13674 18398 6455 
17929 13677 18406 6456 
17932 13679 18413 6458 
17938 13685 18420 6461 
17943 13690 18426 6463 
17946 13694 18436 6469 
17954 13698 18443 6474 
17961 13703 18450 6476 
17968 13711 18457 6478 
17976 13715 18465 6481 
17983 13720 18473 6482 
17987 13727 18482 6484 
17991 13731 18489 6484 
18001 13735 18497 6485 
18004 13738 18503 6487 
18009 13740 18511 6490 
18017 13746 18516 6493 
18021 13751 18522 6500 
18028 13756 18530 6504 
18033 13763 18540 6504 
18040 13767 18546 6507 
18045 13769 18550 6511 
18049 13770 18554 6512 
18053 13776 18560 6514 
18059 13780 18563 6516 
18063 13783 18566 6517 
18068 13788 18578 6519 
18071 13790 18585 6520 
18075 13793 18589 6523 
18082 13797 18595 6529 
18086 13799 18600 6533 
18090 13803 18607 6536 
18092 13809 18613 6536 
18099 13816 18618 6539 
18111 13820 18622 6543 
18123 13825 18624 6546 
18128 13829 18630 6548 
18137 13836 18638 6552 
18143 13838 18646 6555 
18152 13845 18650 6558 
18154 13851 18656 6560 
18161 13853 18663 6561 
18166 13857 18669 6561 
18170 13860 18673 6563 
18175 13864 18679 6565 
18180 13865 18684 6573 
18186 13874 18691 6574 
18188 13879 18695 6574 
18194 13883 18704 6575 
18201 13886 18707 6578 
18206 13891 18713 6581 
18208 13896 18720 6581 
18211 13901 18722 6586 
18219 13909 18725 6588 
18226 13913 18731 6591 
18236 13919 18735 6593 
18242 13928 18743 6594 
18245 13934 18749 6595 
18250 13938 18755 6596 
18258 13939 18760 6598 
18265 13943 18766 6599 
18270 13950 18774 6603 
18277 13957 18783 6604 
18279 13962 18789 6606 
18288 13967 18794 6609 
18291 13969 18799 6610 
18296 13971 18805 6610 
18303 13975 18815 6613 
18308 13977 18820 6613 
18312 13984 18823 6616 
18318 13986 18830 6616 
18321 13991 18834 6616 
18324 13992 18838 6617 
18327 13997 18845 6621 
18330 14002 18851 6622 
18340 14007 18855 6623 
18345 14011 18861 6624 
18351 14016 18864 6627 
18359 14021 18872 6630 
18366 14028 18877 6631 
18374 14030 18882 6635 
18379 14033 18889 6636 
18388 14037 18899 6638 
18397 14039 18910 6639 
18407 14044 18914 6642 
18412 14053 18919 6644 
18421 14063 18924 6647 
18427 14066 18928 6650 
18434 14070 18935 6651 
18442 14074 18939 6653 
18451 14077 18948 6653 
18457 14081 18957 6654 
18465 14084 18964 6656 
18468 14087 18970 6661 
18473 14093 18972 6661 
18481 14102 18977 6661 
18486 14110 18985 6661 
18490 14116 18991 6662 
18495 14121 18997 6663 
18507 14126 19000 6665 
18512 14129 19007 6669 
18516 14136 19014 6671 
18521 14140 19021 6673 
18530 14142 19027 6674 
18533 14149 19032 6677 
18539 14156 19040 6681 
18541 14160 19047 6682 
18546 14166 19054 6685 
18557 14170 19062 6687 
18565 14173 19067 6691 
18571 14178 19073 6693 
18576 14182 19081 6693 
18579 14185 19096 6695 
18585 14190 19099 6698 
18588 14192 19103 6699 
18591 14194 19106 6704 
18594 14200 19113 6705 
18599 14204 19119 6705 
18605 14207 19129 6707 
18611 14209 19133 6707 
18616 14211 19140 6709 
18624 14218 19145 6711 
18633 14220 19152 6713 
18637 14225 19160 6714 
18638 14237 19168 6714 
18645 14241 19174 6716 
18647 14249 19184 6720 
18650 14262 19191 6722 
18653 14273 19196 6726 
18662 14277 19200 6730 
18666 14281 19207 6731 
18670 14283 19215 6732 
18673 14285 19218 6735 
18680 14291 19227 6739 
18688 14293 19235 6743 
18695 14297 19239 6747 
18700 14301 19246 6751 
18705 14303 19249 6751 
18708 14308 19253 6756 
18712 14317 19257 6758 
18714 14320 19262 6760 
18725 14326 19265 6761 
18730 14328 19271 6762 
18732 14335 19274 6762 
18736 14336 19284 6765 
18740 14341 19300 6766 
18747 14348 19307 6766 
18756 14350 19313 6767 
18766 14355 19322 6769 
18774 14358 19331 6769 
18781 14364 19337 6769 
18786 14372 19340 6772 
18795 14377 19347 6772 
18797 14384 19350 6773 
18802 14388 19356 6778 
18807 14388 19363 6779 
18810 14393 19367 6783 
18813 14401 19375 6784 
18819 14404 19384 6786 
18822 14408 19390 6789 
18826 14415 19394 6793 
18833 14421 19400 6794 
18837 14423 19408 6795 
18838 14429 19412 6798 
18842 14435 19417 6801 
18848 14441 19425 6805 
18856 14444 19431 6806 
18862 14448 19435 6808 
18871 14451 19438 6812 
18875 14455 19442 6814 
18879 14461 19447 6815 
18882 14467 19452 6819 
18891 14474 19453 6819 
18898 14476 19459 6822 
18902 14481 19466 6827 
18907 14484 19477 6832 
18913 14492 19482 6834 
18922 14493 19491 6835 
18929 14496 19495 6837 
18941 14502 19498 6840 
18949 14510 19504 6842 
18960 14515 19512 6842 
18968 14517 19519 6843 
18974 14521 19525 6845 
18980 14523 19535 6848 
18989 14526 19543 6848 
18992 14531 19550 6851 
18999 14536 19558 6852 
19005 14543 19564 6854 
19011 14545 19570 6859 
19020 14546 19580 6859 
19025 14551 19587 6865 
19035 14559 19595 6866 
19043 14562 19599 6869 
19049 14564 19608 6871 
19056 14569 19612 6873 
19061 14572 19619 6874 
19069 14578 19626 6876 
19074 14585 19633 6877 
19080 14592 19640 6880 
19085 14597 19649 6882 
19090 14601 19653 6884 
19095 14603 19660 6884 
19100 14609 19668 6886 
19109 14614 19674 6889 
19112 14622 19683 6890 
19119 14629 19685 6890 
19127 14633 19694 6891 
19133 14637 19699 6892 
19140 14644 19703 6893 
19143 14646 19710 6895 
19150 14648 19717 6897 
19154 14651 19721 6897 
19158 14653 19734 6900 
19168 14659 19739 6901 
19176 14664 19745 6903 
19186 14668 19752 6905 
19194 14671 19761 6906 
19198 14676 19762 6907 
19203 14680 19774 6910 
19206 14682 19780 6912 
19211 14684 19789 6917 
19217 14688 19795 6918 
19224 14694 19801 6921 
19233 14699 19804 6921 
19242 14703 19808 6923 
19247 14708 19815 6924 
19256 14715 19822 6925 
19261 14716 19827 6925 
19267 14720 19833 6928 
19271 14726 19843 6928 
19279 14730 19850 6929 
19284 14734 19855 6930 
19294 14738 19863 6936 
19301 14745 19872 6939 
19302 14750 19878 6942 
19309 14753 19883 6946 
19314 14759 19887 6947 
19319 14764 19891 6949 
19323 14769 19894 6952 
19327 14773 19898 6954 
19332 14781 19903 6957 
19337 14792 19907 6959 
19346 14797 19913 6960 
19355 14803 19922 6961 
19364 14807 19932 6964 
19373 14814 19940 6966 
19377 14816 19943 6967 
19387 14820 19956 6970 
19396 14823 19962 6971 
19401 14828 19971 6972 
19405 14831 19976 6975 
19410 14834 19980 6979 
19418 14839 19991 6982 
19426 14844 19997 6984 
19430 14848 20003 6985 
19434 14854 20013 6988 
19438 14860 20023 6990 
19445 14869 20029 6991 
19453 14871 20037 6992 
19455 14875 20044 6995 
19462 14880 20054 6996 
19472 14882 20061 6999 
19479 14885 20064 7000 
19482 14888 20070 7003 
19485 14895 20082 7003 
19487 14898 20090 7006 
19492 14901 20093 7007 
19496 14909 20097 7012 
19504 14916 20106 7012 
19511 14923 20111 7016 
19515 14928 20117 7016 
19520 14934 20122 7022 
19524 14939 20129 7028 
19532 14948 20137 7029 
19538 14953 20141 7032 
19545 14957 20150 7035 
19552 14962 20157 7036 
19557 14968 20162 7036 
19563 14968 20170 7038 
19567 14968 20176 7041 
19575 14978 20189 7047 
19583 14983 20196 7047 
19589 14987 20204 7048 
19594 14992 20212 7050 
19598 14996 20216 7052 
19602 15002 20222 7055 
19609 15011 20229 7058 
19616 15015 20234 7058 
19621 15020 20238 7060 
19627 15026 20249 7061 
19636 15030 20260 7063 
19644 15036 20265 7064 
19647 15042 20273 7067 
19657 15047 20279 7070 
19668 15049 20285 7070 
19672 15052 20291 7071 
19675 15058 20294 7071 
19684 15065 20297 7072 
19689 15075 20306 7074 
19697 15081 20317 7076 
19703 15084 20324 7078 
19709 15089 20326 7082 
19710 15093 20337 7083 
19716 15094 20345 7083 
19721 15097 20349 7086 
19730 15105 20358 7090 
19737 15112 20365 7093 
19743 15116 20373 7095 
19753 15117 20380 7099 
19758 15126 20385 7099 
19770 15130 20394 7100 
19773 15132 20397 7101 
19778 15139 20401 7101 
19785 15145 20408 7105 
19790 15151 20413 7106 
19792 15153 20427 7107 
19798 15157 20434 7107 
19806 15162 20441 7109 
19814 15164 20447 7110 
19819 15168 20451 7112 
19825 15176 20457 7114 
19830 15181 20464 7118 
19834 15184 20469 7121 
19838 15193 20471 7123 
19845 15200 20484 7123 
19855 15208 20490 7125 
19864 15209 20497 7128 
19868 15213 20503 7129 
19877 15217 20507 7130 
19882 15225 20515 7132 
19887 15231 20522 7134 
19895 15235 20529 7135 
19901 15241 20532 7137 
19913 15245 20541 7139 
19920 15252 20551 7143 
19926 15258 20558 7148 
19927 15261 20563 7151 
19938 15266 20569 7153 
19943 15267 20575 7154 
19947 15270 20582 7157 
19954 15274 20590 7159 
19959 15287 20593 7162 
19966 15290 20596 7164 
19972 15293 20602 7165 
19982 15302 20609 7168 
19990 15305 20613 7171 
19996 15312 20619 7171 
19999 15314 20623 7172 
20001 15318 20634 7175 
20010 15321 20642 7175 
20015 15325 20649 7180 
20022 15328 20651 7184 
20028 15334 20656 7186 
20034 15337 20664 7189 
20039 15344 20668 7192 
20044 15346 20675 7193 
20051 15349 20681 7197 
20055 15358 20688 7198 
20064 15363 20698 7200 
20073 15367 20705 7202 
20081 15369 20710 7203 
20085 15373 20720 7206 
20093 15376 20729 7207 
20101 15378 20730 7210 
20105 15384 20735 7213 
20109 15390 20743 7215 
20117 15392 20748 7216 
20122 15397 20754 7217 
20128 15401 20758 7219 
20137 15405 20762 7221 
20144 15408 20768 7222 
20150 15415 20778 7223 
20157 15424 20781 7227 
20164 15427 20785 7231 
20169 15429 20790 7233 
20179 15437 20798 7234 
20186 15439 20808 7236 
20190 15443 20818 7237 
20195 15448 20828 7237 
20202 15452 20835 7240 
20206 15458 20845 7243 
20216 15466 20857 7245 
20228 15470 20863 7246 
20231 15474 20867 7249 
20235 15483 20879 7252 
20241 15485 20886 7253 
20250 15491 20891 7256 
20255 15499 20896 7263 
20263 15506 20907 7265 
20273 15509 20914 7269 
20276 15513 20922 7270 
20280 15515 20924 7272 
20290 15520 20930 7273 
20299 15525 20943 7276 
20306 15529 20950 7276 
20312 15534 20954 7280 
20318 15539 20962 7282 
20329 15546 20968 7282 
20336 15548 20977 7284 
20342 15553 20983 7284 
20348 15561 20989 7287 
20357 15566 20996 7290 
20362 15573 21001 7291 
20367 15576 21007 7293 
20370 15579 21008 7297 
20375 15582 21013 7299 
20381 15587 21018 7305 
20391 15591 21026 7308 
20397 15595 21037 7311 
20403 15597 21041 7312 
20409 15602 21047 7312 
20417 15610 21055 7312 
20424 15614 21067 7316 
20428 15621 21075 7320 
20437 15634 21083 7323 
20441 15638 21092 7324 
20447 15647 21101 7325 
20451 15651 21107 7327 
20454 15651 21115 7328 
20462 15656 21120 7331 
20468 15665 21127 7333 
20474 15672 21129 7337 
20480 15679 21136 7344 
20484 15683 21141 7347 
20491 15687 21145 7349 
20496 15692 21150 7351 
20504 15698 21154 7352 
20511 15703 21158 7356 
20518 15707 21163 7359 
20527 15714 21171 7359 
20535 15721 21177 7363 
20539 15725 21182 7370 
20550 15730 21187 7375 
20554 15735 21191 7376 
20558 15740 21196 7378 
20568 15751 21202 7383 
20574 15757 21211 7383 
20579 15765 21224 7384 
20587 15772 21229 7386 
20588 15779 21233 7390 
20598 15782 21242 7392 
20601 15788 21245 7392 
20604 15797 21252 7394 
20612 15803 21260 7395 
20619 15805 21266 7397 
20626 15807 21272 7399 
20634 15811 21280 7401 
20637 15816 21289 7403 
20640 15821 21297 7406 
20644 15829 21301 7409 
20648 15832 21308 7411 
20653 15835 21312 7412 
20660 15842 21319 7413 
20663 15848 21331 7415 
20666 15851 21333 7418 
20669 15858 21338 7419 
20675 15862 21344 7421 
20681 15871 21348 7424 
20687 15873 21356 7424 
20695 15876 21364 7428 
20704 15881 21371 7432 
20709 15888 21379 7434 
20714 15893 21386 7439 
20721 15896 21391 7440 
20725 15898 21395 7444 
20730 15906 21403 7446 
20736 15910 21408 7448 
20741 15917 21417 7450 
20742 15920 21431 7457 
20747 15926 21437 7457 
20752 15928 21445 7460 
20759 15930 21456 7461 
20767 15932 21467 7464 
20775 15937 21472 7469 
20781 15943 21473 7470 
20790 15948 21484 7471 
20796 15953 21489 7474 
20800 15960 21494 7476 
20806 15967 21503 7477 
20809 15971 21511 7477 
20814 15974 21519 7479 
20822 15979 21524 7481 
20827 15984 21529 7485 
20835 15985 21535 7488 
20843 15991 21541 7489 
20849 15995 21550 7490 
20854 15999 21554 7494 
20859 16005 21561 7496 
20864 16014 21569 7497 
20871 16016 21574 7498 
20878 16023 21579 7502 
20886 16030 21587 7503 
20891 16034 21596 7507 
20895 16037 21602 7511 
20901 16042 21607 7511 
20910 16046 21621 7512 
20918 16053 21624 7515 
20919 16058 21631 7516 
20924 16063 21637 7518 
20931 16067 21647 7520 
20939 16075 21652 7522 
20953 16079 21663 7522 
20960 16084 21664 7524 
20962 16087 21670 7527 
20970 16094 21672 7531 
20975 16096 21678 7534 
20979 16104 21688 7535 
20984 16113 21696 7536 
20986 16118 21702 7538 
20993 16119 21706 7540 
20996 16124 21711 7541 
21008 16130 21723 7543 
21013 16133 21730 7547 
21015 16137 21737 7550 
21022 16144 21746 7553 
21029 16152 21751 7556 
21035 16157 21757 7557 
21046 16164 21765 7558 
21055 16169 21766 7559 
21060 16173 21772 7560 
21064 16177 21776 7561 
21069 16180 21786 7564 
21077 16182 21789 7568 
21079 16185 21797 7571 
21081 16187 21801 7572 
21089 16189 21810 7574 
21092 16195 21813 7577 
21097 16201 21820 7578 
21103 16210 21829 7579 
21107 16214 21838 7583 
21117 16217 21846 7585 
21124 16221 21858 7586 
21130 16223 21863 7588 
21134 16226 21866 7588 
21140 16233 21873 7591 
21149 16236 21881 7593 
21157 16242 21886 7595 
21167 16251 21893 7596 
21174 16259 21899 7601 
21178 16263 21908 7603 
21184 16265 21913 7604 
21185 16272 21915 7608 
21187 16274 21923 7610 
21197 16275 21932 7612 
21202 16277 21938 7615 
21208 16285 21942 7617 
21211 16288 21948 7618 
21215 16290 21955 7623 
21223 16298 21964 7629 
21231 16303 21969 7632 
21233 16304 21973 7632 
21237 16305 21978 7634 
21244 16311 21985 7637 
21247 16313 21990 7638 
21250 16317 21995 7638 
21253 16326 22002 7639 
21264 16328 22010 7641 
21269 16333 22016 7642 
21272 16338 22024 7644 
21281 16342 22036 7647 
21284 16348 22042 7647 
21288 16355 22048 7651 
21291 16358 22057 7652 
21294 16363 22065 7656 
21300 16374 22071 7660 
21305 16381 22080 7662 
21314 16385 22089 7663 
21320 16387 22099 7665 
21325 16392 22108 7666 
21331 16395 22117 7668 
21336 16402 22121 7674 
21343 16406 22128 7677 
21348 16409 22136 7681 
21350 16410 22148 7681 
21358 16416 22152 7685 
21361 16423 22157 7688 
21370 16429 22168 7693 
21378 16433 22176 7693 
21383 16438 22183 7695 
21388 16442 22189 7700 
21393 16450 22194 7702 
21403 16455 22200 7704 
21405 16463 22202 7706 
21409 16469 22205 7709 
21416 16471 22209 7711 
21423 16477 22213 7714 
21432 16484 22222 7717 
21434 16487 22229 7720 
21437 16489 22236 7721 
21441 16494 22245 7723 
21445 16498 22249 7726 
21449 16501 22256 7729 
21452 16501 22262 7731 
21457 16511 22267 7732 
21464 16516 22271 7735 
21465 16518 22274 7735 
21469 16525 22279 7741 
21477 16531 22285 7747 
21484 16535 22291 7749 
21488 16541 22298 7751 
21490 16549 22301 7753 
21495 16557 22306 7755 
21502 16562 22313 7758 
21506 16567 22320 7762 
21511 16573 22327 7765 
21516 16581 22333 7767 
21522 16584 22339 7769 
21527 16586 22340 7772 
21529 16589 22346 7772 
21542 16595 22356 7773 
21545 16602 22360 7777 
21552 16607 22367 7778 
21559 16610 22373 7778 
21564 16616 22378 7779 
21573 16620 22382 7782 
21581 16623 22390 7783 
21587 16632 22398 7784 
21593 16637 22403 7790 
21600 16641 22409 7793 
21606 16644 22413 7797 
21609 16648 22420 7800 
21615 16652 22427 7801 
21627 16661 22431 7803 
21634 16665 22436 7804 
21636 16670 22443 7804 
21640 16676 22452 7806 
21649 16681 22464 7809 
21654 16684 22473 7812 
21665 16691 22476 7815 
21666 16698 22482 7821 
21674 16702 22490 7825 
21676 16707 22493 7827 
21683 16712 22501 7828 
21698 16717 22508 7829 
21702 16721 22512 7830 
21706 16723 22521 7830 
21714 16728 22528 7834 
21720 16733 22534 7836 
21726 16738 22538 7837 
21726 16748 22543 7838 
21730 16755 22548 7841 
21734 16757 22558 7844 
21738 16762 22573 7844 
21740 16765 22578 7848 
21747 16766 22585 7850 
21754 16774 22594 7850 
21755 16778 22598 7850 
21759 16782 22604 7853 
21765 16787 22611 7853 
21775 16791 22614 7854 
21782 16796 22620 7855 
21791 16800 22627 7855 
21797 16808 22632 7855 
21801 16813 22636 7856 
21810 16818 22644 7857 
21817 16823 22648 7859 
21820 16828 22652 7864 
21827 16832 22656 7866 
21833 16836 22659 7867 
21839 16842 22662 7872 
21843 16848 22669 7873 
21854 16851 22677 7875 
21858 16856 22685 7876 
21862 16859 22690 7879 
21865 16861 22700 7882 
21870 16864 22706 7883 
21879 16870 22714 7885 
21884 16875 22724 7889 
21889 16877 22730 7890 
21896 16883 22739 7891 
21904 16886 22746 7896 
21908 16892 22753 7896 
21918 16897 22761 7899 
21923 16904 22772 7900 
21926 16905 22781 7902 
21936 16915 22787 7905 
21943 16918 22792 7906 
21947 16926 22796 7910 
21949 16930 22802 7915 
21954 16932 22809 7918 
21961 16939 22815 7918 
21968 16949 22822 7919 
21972 16953 22832 7921 
21976 16957 22842 7924 
21978 16962 22849 7925 
21983 16965 22856 7930 
21993 16969 22862 7932 
21997 16973 22868 7933 
22007 16983 22871 7934 
22012 16990 22875 7938 
22017 16994 22884 7940 
22022 17001 22888 7941 
22027 17002 22894 7942 
22031 17006 22900 7944 
22035 17014 22904 7946 
22048 17017 22908 7948 
22053 17028 22913 7949 
22060 17032 22919 7949 
22063 17035 22927 7951 
22070 17039 22932 7954 
22072 17049 22937 7957 
22081 17053 22942 7960 
22087 17059 22947 7962 
22093 17062 22953 7962 
22099 17065 22958 7963 
22101 17070 22963 7964 
22104 17075 22972 7966 
22108 17081 22976 7969 
22116 17084 22978 7971 
22126 17088 22982 7976 
22131 17094 22988 7976 
22136 17097 22995 7978 
22143 17102 23008 7982 
22148 17103 23016 7984 
22154 17107 23022 7990 
22157 17113 23029 7990 
22167 17116 23033 7991 
22175 17123 23042 7992 
22184 17127 23047 7994 
22191 17131 23054 7998 
22194 17138 23056 7999 
