0 0 0 0 
12 6 9 2 
18 8 17 6 
24 10 21 8 
28 17 26 10 
32 21 31 11 
37 23 42 13 
44 26 47 15 
54 33 53 17 
62 37 61 19 
74 42 66 21 
81 46 71 23 
85 52 73 25 
87 53 76 26 
90 57 78 27 
95 60 83 29 
100 62 86 34 
106 65 89 36 
113 71 95 37 
117 74 97 40 
123 77 102 42 
129 82 110 45 
139 83 113 45 
144 87 119 47 
149 92 125 49 
153 99 131 50 
164 106 135 50 
172 106 146 52 
177 108 151 53 
181 112 153 53 
184 115 160 56 
187 118 165 56 
191 118 171 60 
198 119 174 62 
208 120 181 63 
211 126 185 64 
213 129 188 66 
221 131 192 67 
227 134 199 72 
233 135 208 73 
236 141 210 75 
241 146 214 76 
248 149 221 77 
252 153 222 78 
256 155 227 80 
258 156 231 81 
260 158 237 82 
264 162 242 84 
268 165 249 85 
276 167 258 87 
280 172 262 88 
286 172 268 89 
288 175 274 90 
295 178 282 90 
306 181 293 92 
313 186 297 94 
315 187 299 95 
322 192 302 98 
332 196 305 98 
342 203 310 99 
345 208 315 100 
350 213 318 101 
355 217 325 103 
360 222 330 104 
366 230 334 106 
375 231 339 107 
379 233 342 107 
383 237 346 111 
388 243 353 112 
395 247 360 116 
399 250 363 117 
405 253 370 117 
409 258 375 119 
411 260 380 124 
418 263 385 124 
425 267 395 125 
431 270 401 125 
437 274 408 127 
440 279 413 130 
449 283 421 135 
453 284 430 136 
467 289 434 137 
472 292 441 140 
477 295 446 140 
489 299 452 141 
496 303 456 142 
505 309 458 145 
507 314 466 147 
508 316 468 150 
509 321 470 151 
512 323 475 153 
526 325 480 155 
532 332 481 157 
539 336 487 158 
545 339 491 159 
551 344 494 163 
556 348 502 166 
558 354 506 169 
562 358 509 171 
568 364 518 173 
576 366 522 174 
580 367 524 177 
586 369 530 178 
595 373 538 178 
603 376 543 178 
610 382 548 181 
615 387 556 183 
621 388 560 185 
624 390 567 186 
626 393 571 187 
631 399 579 188 
634 401 584 189 
638 404 590 190 
640 405 594 192 
648 407 600 195 
653 410 606 197 
662 413 611 198 
666 414 614 200 
668 418 619 201 
679 420 622 201 
685 425 629 202 
690 428 631 202 
699 432 636 203 
707 435 641 204 
712 438 649 205 
717 442 653 206 
720 446 660 206 
728 449 666 207 
735 453 669 211 
739 456 674 213 
746 460 677 214 
755 463 679 215 
765 468 683 217 
774 475 691 218 
778 480 701 219 
782 484 703 221 
785 489 711 223 
788 490 716 225 
793 491 719 227 
802 494 726 230 
812 497 729 232 
820 501 731 235 
830 507 734 241 
835 511 740 242 
840 513 746 243 
849 515 752 243 
857 518 757 245 
862 523 763 246 
867 526 770 246 
874 528 774 250 
879 534 775 251 
881 541 781 253 
886 547 784 255 
889 549 790 256 
894 551 795 258 
898 553 799 260 
903 554 802 260 
905 558 807 263 
912 562 812 264 
918 564 819 265 
919 566 822 266 
926 568 832 267 
931 571 838 267 
938 574 840 267 
941 578 841 268 
946 580 847 271 
950 585 856 273 
958 587 861 277 
965 591 866 280 
973 594 871 281 
979 597 881 282 
988 599 885 283 
992 604 892 289 
994 609 897 291 
997 611 902 295 
1004 615 906 297 
1009 621 915 300 
1018 625 920 305 
1025 629 924 307 
1031 632 931 307 
1034 636 934 309 
1040 641 936 312 
1044 644 937 312 
1049 648 942 313 
1056 649 947 314 
1063 654 952 314 
1066 657 956 315 
1069 663 963 315 
1071 666 963 316 
1077 670 969 318 
1082 673 978 319 
1086 679 985 322 
1091 686 994 324 
1098 690 998 325 
1105 691 1002 326 
1108 692 1006 326 
1116 694 1011 326 
1118 695 1016 327 
1123 699 1022 327 
1128 703 1029 329 
1134 705 1034 330 
1141 708 1037 337 
1147 716 1038 340 
1155 720 1046 340 
1158 722 1053 343 
1161 725 1057 343 
1165 731 1060 345 
1172 734 1066 347 
1178 737 1072 351 
1183 741 1078 353 
1186 743 1086 353 
1191 744 1092 353 
1196 751 1097 354 
1204 754 1101 356 
1212 756 1106 360 
1218 757 1114 360 
1220 757 1120 365 
1225 759 1123 367 
1230 761 1127 369 
1235 763 1129 372 
1241 764 1137 375 
1244 771 1146 375 
1245 773 1150 377 
1249 778 1157 379 
1253 784 1160 380 
1256 787 1167 381 
1259 793 1173 386 
1266 796 1174 388 
1272 802 1179 389 
1276 806 1182 390 
1279 810 1187 391 
1282 814 1194 391 
1283 819 1200 391 
1285 824 1207 393 
1290 828 1211 395 
1297 832 1213 397 
1302 839 1219 399 
1305 844 1221 400 
1308 847 1227 400 
1313 851 1230 400 
1322 852 1239 402 
1327 855 1248 403 
1331 856 1250 406 
1338 859 1254 406 
1343 862 1261 409 
1344 865 1266 409 
1351 869 1269 409 
1359 872 1272 411 
1364 877 1274 413 
1368 884 1278 416 
1373 889 1282 416 
1378 894 1290 418 
1383 899 1294 423 
1389 904 1301 425 
1392 909 1309 428 
1395 911 1313 429 
1400 915 1318 429 
1407 919 1324 430 
1416 921 1332 432 
1425 923 1339 434 
1434 927 1342 436 
1436 930 1344 437 
1443 932 1350 438 
1447 934 1354 439 
1454 937 1360 441 
1463 938 1365 441 
1467 939 1373 444 
1475 944 1379 445 
1479 946 1383 446 
1482 948 1391 448 
1485 950 1395 449 
1492 957 1399 452 
1496 961 1406 452 
1500 966 1412 453 
1507 969 1416 454 
1512 973 1418 457 
1518 974 1419 459 
1527 975 1425 461 
1534 979 1426 461 
1539 983 1429 462 
1544 987 1436 462 
1547 988 1441 464 
1555 992 1447 465 
1566 995 1451 465 
1570 998 1458 468 
1577 1001 1462 469 
1581 1010 1464 472 
1587 1013 1471 473 
1593 1017 1478 474 
1598 1021 1485 476 
1603 1024 1487 479 
1607 1027 1496 481 
1610 1030 1504 482 
1618 1033 1511 483 
1625 1041 1515 486 
1629 1045 1523 487 
1631 1048 1527 487 
1637 1053 1538 487 
1643 1054 1542 491 
1651 1057 1545 491 
1655 1062 1550 493 
1661 1063 1556 494 
1668 1067 1557 494 
1674 1071 1566 496 
1678 1077 1571 498 
1683 1078 1572 500 
1692 1082 1574 504 
1695 1087 1578 504 
1700 1091 1582 508 
1702 1096 1586 510 
1705 1100 1592 514 
1708 1101 1596 518 
1712 1101 1601 522 
1718 1106 1606 523 
1724 1111 1609 525 
1729 1114 1615 527 
1738 1114 1618 527 
1745 1116 1623 532 
1746 1119 1632 532 
1754 1126 1636 535 
1759 1131 1646 536 
1765 1134 1650 540 
1767 1135 1653 542 
1776 1138 1656 542 
1785 1143 1665 542 
1792 1150 1672 542 
1795 1151 1680 542 
1802 1154 1684 543 
1809 1157 1691 547 
1818 1161 1693 549 
1831 1164 1696 550 
1837 1168 1704 552 
1842 1171 1708 552 
1845 1177 1712 554 
1851 1181 1716 555 
1859 1186 1721 556 
1865 1192 1725 556 
1872 1196 1732 558 
1874 1198 1737 560 
1881 1202 1744 561 
1890 1206 1749 562 
1894 1210 1752 564 
1901 1213 1758 567 
1908 1216 1759 570 
1918 1220 1762 571 
1922 1222 1768 573 
1939 1224 1771 576 
1942 1226 1779 578 
1949 1229 1785 579 
1953 1235 1793 580 
1960 1239 1796 585 
1969 1242 1802 586 
1972 1248 1809 586 
1981 1251 1817 587 
1989 1254 1820 588 
1993 1257 1823 591 
1998 1259 1830 593 
2002 1265 1835 594 
2010 1268 1839 594 
2013 1271 1842 597 
2014 1275 1845 602 
2019 1281 1847 603 
2024 1287 1853 604 
2028 1288 1858 604 
2032 1292 1862 604 
2036 1298 1868 606 
2043 1303 1872 611 
2046 1307 1877 611 
2052 1311 1883 614 
2058 1313 1890 614 
2067 1320 1892 619 
2073 1326 1896 619 
2077 1326 1898 622 
2082 1330 1902 624 
2089 1335 1905 625 
2093 1337 1910 626 
2099 1339 1915 630 
2103 1346 1923 632 
2106 1350 1927 634 
2110 1353 1933 635 
2115 1356 1939 636 
2121 1366 1941 639 
2126 1370 1949 640 
2132 1372 1952 641 
2137 1376 1961 644 
2143 1379 1966 644 
2147 1383 1972 644 
2152 1386 1974 645 
2154 1389 1980 647 
2154 1391 1984 647 
2160 1399 1993 649 
2169 1402 1999 650 
2177 1405 2006 652 
2183 1410 2012 653 
2191 1416 2017 656 
2196 1419 2021 660 
2200 1422 2025 660 
2202 1425 2029 663 
2209 1429 2031 664 
2213 1435 2036 665 
2218 1441 2038 665 
2222 1446 2043 668 
2227 1449 2048 670 
2233 1452 2051 672 
2239 1457 2054 673 
2245 1462 2057 675 
2249 1462 2063 676 
2252 1469 2067 676 
2254 1471 2071 681 
2260 1473 2078 684 
2266 1477 2086 688 
2273 1480 2096 691 
2281 1482 2101 694 
2287 1484 2106 696 
2295 1490 2114 699 
2299 1493 2120 700 
2301 1498 2127 700 
2308 1500 2134 702 
2314 1503 2139 703 
2316 1506 2150 703 
2323 1508 2156 706 
2328 1510 2159 706 
2332 1514 2162 709 
2335 1517 2168 709 
2342 1522 2172 715 
2346 1524 2178 717 
2351 1527 2183 718 
2361 1533 2185 719 
2364 1536 2192 721 
2371 1541 2196 722 
2378 1542 2200 723 
2382 1549 2208 724 
2388 1555 2213 727 
2396 1562 2214 729 
2399 1566 2217 730 
2405 1573 2222 731 
2408 1575 2230 733 
2410 1578 2233 734 
2414 1586 2237 738 
2422 1595 2237 740 
2428 1598 2244 742 
2437 1601 2247 746 
2441 1602 2251 749 
2443 1605 2256 753 
2447 1609 2261 755 
2450 1614 2269 756 
2452 1619 2273 759 
2463 1622 2275 760 
2470 1623 2285 761 
2477 1626 2290 762 
2480 1628 2298 764 
2490 1629 2305 770 
2495 1632 2307 775 
2501 1633 2312 775 
2507 1639 2318 778 
2513 1643 2325 780 
2520 1648 2328 782 
2525 1652 2331 784 
2536 1656 2340 784 
2541 1660 2345 785 
2548 1664 2353 788 
2557 1668 2359 792 
2561 1675 2364 792 
2568 1683 2367 792 
2575 1687 2372 793 
2580 1688 2374 793 
2583 1691 2377 795 
2587 1695 2385 795 
2593 1701 2387 797 
2601 1706 2395 799 
2609 1709 2403 799 
2613 1715 2411 800 
2616 1720 2413 802 
2620 1727 2416 806 
2623 1729 2426 807 
2628 1731 2428 813 
2631 1734 2435 813 
2636 1734 2441 814 
2641 1739 2443 816 
2642 1747 2448 821 
2649 1748 2453 821 
2653 1753 2456 823 
2661 1758 2461 824 
2666 1759 2472 824 
2672 1761 2476 831 
2680 1767 2482 835 
2685 1769 2487 836 
2688 1774 2492 837 
2695 1777 2499 838 
2698 1785 2502 842 
2707 1790 2505 842 
2714 1791 2507 842 
2718 1796 2508 842 
2721 1798 2513 842 
2724 1805 2521 846 
2727 1808 2527 846 
2731 1810 2534 848 
2737 1815 2541 850 
2743 1816 2545 851 
2753 1820 2551 857 
2756 1821 2558 857 
2759 1826 2563 859 
2765 1830 2566 860 
2770 1831 2572 863 
2774 1833 2577 869 
2776 1836 2586 873 
2778 1836 2590 875 
2791 1844 2597 876 
2795 1848 2601 878 
2804 1851 2604 882 
2809 1853 2608 884 
2815 1853 2613 886 
2819 1858 2616 888 
2825 1860 2624 889 
2831 1866 2627 891 
2836 1872 2629 893 
2841 1875 2636 896 
2846 1879 2642 896 
2853 1882 2648 896 
2855 1889 2650 900 
2860 1896 2653 902 
2866 1899 2662 904 
2869 1905 2665 908 
2871 1910 2670 911 
2875 1912 2680 912 
2882 1916 2686 917 
2890 1918 2695 920 
2894 1922 2701 923 
2897 1924 2710 924 
2904 1928 2718 925 
2906 1931 2722 929 
2911 1936 2727 931 
2914 1939 2731 933 
2919 1946 2736 934 
2925 1950 2740 937 
2930 1954 2744 938 
2936 1957 2749 939 
2942 1962 2753 943 
2946 1966 2759 945 
2954 1971 2764 947 
2958 1973 2769 949 
2960 1980 2777 951 
2966 1985 2780 953 
2971 1990 2786 954 
2979 1993 2791 955 
2980 1997 2797 955 
2986 1998 2798 957 
2994 2004 2804 960 
2999 2007 2808 961 
3001 2011 2814 961 
3005 2014 2818 964 
3010 2021 2824 966 
3014 2022 2835 969 
3022 2028 2840 969 
3030 2030 2843 970 
3032 2033 2851 972 
3040 2033 2860 972 
3047 2039 2868 973 
3050 2043 2871 979 
3056 2052 2879 981 
3061 2063 2882 984 
3069 2066 2888 985 
3075 2070 2891 987 
3077 2073 2896 990 
3082 2076 2899 991 
3088 2078 2902 992 
3091 2081 2905 993 
3097 2088 2911 994 
3101 2093 2917 996 
3106 2098 2924 1000 
3111 2099 2930 1002 
3118 2102 2932 1007 
3123 2106 2937 1011 
3129 2111 2941 1011 
3134 2113 2949 1012 
3140 2116 2951 1015 
3145 2121 2959 1016 
3152 2124 2965 1018 
3156 2125 2969 1020 
3159 2127 2975 1021 
3163 2129 2978 1021 
3172 2132 2980 1023 
3174 2134 2988 1026 
3182 2137 2992 1030 
3185 2138 3001 1033 
3192 2142 3005 1035 
3195 2149 3012 1036 
3199 2153 3016 1037 
3206 2161 3022 1039 
3208 2167 3026 1043 
3217 2178 3031 1045 
3222 2185 3040 1046 
3226 2193 3047 1049 
3230 2196 3052 1051 
3234 2201 3057 1054 
3241 2207 3061 1058 
3243 2211 3069 1058 
3246 2217 3080 1058 
3249 2224 3084 1059 
3255 2230 3087 1061 
3260 2233 3090 1062 
3265 2235 3098 1063 
3268 2238 3103 1064 
3276 2241 3110 1065 
3279 2248 3113 1066 
3287 2254 3118 1068 
3292 2257 3121 1069 
3295 2264 3127 1071 
3303 2267 3130 1071 
3310 2274 3133 1073 
3318 2276 3141 1076 
3332 2278 3147 1076 
3338 2281 3152 1077 
3342 2288 3161 1080 
3349 2292 3166 1085 
3355 2292 3171 1088 
3359 2293 3175 1090 
3364 2293 3180 1091 
3369 2296 3185 1095 
3376 2298 3192 1095 
3382 2300 3200 1098 
3388 2301 3206 1100 
3392 2304 3211 1101 
3403 2309 3221 1104 
3406 2313 3226 1105 
3412 2315 3234 1105 
3417 2321 3240 1106 
3425 2321 3245 1108 
3430 2323 3251 1111 
3432 2329 3256 1113 
3440 2333 3261 1114 
3446 2337 3266 1116 
3448 2339 3272 1119 
3456 2342 3276 1120 
3464 2345 3282 1122 
3472 2350 3286 1122 
3477 2354 3294 1124 
3480 2360 3297 1124 
3484 2364 3302 1124 
3489 2371 3305 1126 
3492 2376 3312 1127 
3499 2378 3318 1127 
3503 2386 3321 1132 
3507 2389 3327 1134 
3511 2394 3329 1134 
3515 2400 3334 1136 
3521 2403 3341 1142 
3525 2411 3349 1142 
3529 2415 3352 1143 
3531 2418 3358 1145 
3535 2420 3364 1148 
3540 2427 3368 1150 
3541 2432 3376 1151 
3547 2437 3380 1154 
3552 2438 3386 1158 
3557 2440 3393 1160 
3560 2445 3401 1162 
3568 2449 3404 1166 
3575 2453 3407 1166 
3585 2457 3414 1167 
3595 2458 3420 1172 
3600 2460 3428 1173 
3608 2463 3433 1175 
3610 2466 3440 1175 
3611 2471 3448 1177 
3617 2477 3454 1177 
3621 2484 3458 1180 
3626 2488 3462 1184 
3635 2488 3469 1185 
3638 2492 3478 1185 
3643 2496 3483 1188 
3650 2499 3490 1190 
3654 2503 3494 1191 
3661 2505 3497 1195 
3666 2507 3501 1197 
3667 2511 3504 1198 
3672 2516 3509 1200 
3674 2521 3512 1202 
3678 2527 3516 1203 
3686 2533 3523 1205 
3691 2538 3530 1206 
3696 2543 3535 1209 
3703 2548 3544 1210 
3708 2551 3550 1213 
3717 2554 3560 1213 
3727 2556 3566 1217 
3732 2560 3573 1219 
3735 2566 3576 1221 
3740 2569 3580 1224 
3745 2575 3587 1230 
3751 2582 3592 1234 
3759 2586 3600 1234 
3764 2589 3603 1237 
3768 2594 3608 1242 
3774 2600 3613 1245 
3775 2602 3619 1247 
3780 2606 3623 1248 
3785 2610 3632 1249 
3790 2611 3639 1254 
3798 2614 3642 1254 
3801 2620 3652 1254 
3809 2622 3654 1254 
3813 2627 3662 1255 
3817 2629 3670 1256 
3818 2635 3672 1256 
3823 2638 3680 1256 
3827 2643 3686 1257 
3834 2648 3690 1258 
3839 2651 3693 1261 
3844 2654 3695 1263 
3848 2662 3698 1264 
3852 2663 3706 1267 
3855 2668 3709 1268 
3858 2672 3710 1269 
3861 2678 3714 1271 
3866 2682 3721 1271 
3872 2685 3730 1273 
3881 2687 3735 1275 
3887 2690 3742 1279 
3896 2693 3750 1280 
3899 2695 3753 1282 
3902 2700 3759 1282 
3907 2707 3762 1284 
3911 2710 3765 1285 
3914 2714 3770 1286 
3917 2717 3771 1287 
3921 2717 3776 1291 
3927 2725 3786 1295 
3932 2730 3790 1298 
3935 2739 3795 1299 
3938 2746 3798 1302 
3944 2750 3802 1302 
3948 2754 3807 1302 
3954 2758 3814 1307 
3959 2763 3818 1309 
3967 2766 3820 1310 
3970 2770 3822 1310 
3978 2777 3823 1312 
3982 2780 3824 1316 
3985 2782 3828 1319 
3989 2787 3831 1320 
3996 2791 3834 1321 
4002 2793 3839 1322 
4009 2797 3845 1323 
4014 2800 3851 1323 
4018 2802 3861 1325 
4021 2804 3869 1326 
4026 2806 3876 1328 
4029 2810 3883 1329 
4032 2813 3888 1332 
4036 2821 3897 1336 
4039 2821 3905 1337 
4048 2823 3914 1339 
4056 2825 3919 1340 
4060 2828 3925 1342 
4063 2830 3935 1343 
4067 2837 3939 1343 
4075 2839 3943 1343 
4084 2843 3951 1344 
4087 2845 3955 1347 
4093 2850 3958 1349 
4099 2855 3968 1350 
4102 2861 3971 1353 
4105 2864 3978 1355 
4110 2866 3985 1357 
4113 2869 3991 1359 
4122 2869 3993 1362 
4127 2873 3994 1365 
4130 2880 4006 1367 
4138 2883 4010 1367 
4143 2886 4014 1367 
4146 2891 4018 1371 
4152 2894 4023 1374 
4157 2898 4031 1377 
4162 2901 4037 1378 
4167 2903 4041 1380 
4173 2910 4047 1381 
4180 2916 4054 1383 
4185 2918 4058 1387 
4190 2920 4063 1391 
4193 2922 4071 1394 
4195 2924 4075 1396 
4201 2927 4076 1399 
4205 2930 4081 1400 
4208 2934 4085 1401 
4214 2936 4093 1403 
4218 2939 4097 1405 
4222 2940 4100 1408 
4224 2941 4100 1410 
4227 2946 4109 1411 
4229 2948 4112 1412 
4237 2949 4116 1412 
4246 2955 4124 1416 
4253 2958 4133 1417 
4256 2960 4138 1418 
4262 2964 4141 1420 
4267 2967 4145 1420 
4278 2975 4151 1421 
4286 2979 4158 1421 
4294 2984 4164 1421 
4296 2989 4168 1423 
4304 2992 4172 1424 
4310 2993 4179 1427 
4315 2997 4183 1430 
4320 2998 4190 1434 
4324 2999 4197 1435 
4330 3002 4204 1436 
4335 3004 4209 1439 
4339 3008 4214 1439 
4342 3010 4221 1440 
4347 3011 4231 1442 
4348 3015 4239 1443 
4359 3018 4242 1444 
4365 3020 4248 1445 
4376 3024 4252 1448 
4378 3026 4257 1450 
4385 3030 4266 1451 
4392 3034 4274 1452 
4404 3041 4275 1455 
4409 3045 4280 1460 
4420 3050 4286 1461 
4424 3053 4292 1465 
4428 3057 4296 1468 
4433 3062 4302 1471 
4438 3066 4305 1473 
4447 3068 4312 1473 
4457 3072 4313 1474 
4463 3075 4315 1475 
4466 3078 4319 1477 
4471 3080 4324 1477 
4476 3083 4328 1481 
4482 3084 4338 1482 
4485 3087 4344 1483 
4490 3090 4350 1483 
4496 3098 4353 1483 
4503 3101 4356 1486 
4511 3106 4361 1489 
4514 3107 4364 1490 
4520 3113 4367 1492 
4523 3117 4377 1495 
4526 3123 4379 1497 
4530 3128 4384 1499 
4537 3133 4389 1501 
4541 3141 4394 1503 
4546 3147 4398 1505 
4552 3149 4404 1513 
4558 3151 4408 1516 
4565 3152 4413 1520 
4569 3154 4419 1521 
4576 3155 4425 1524 
4581 3159 4433 1527 
4585 3163 4438 1528 
4590 3164 4445 1528 
4592 3168 4448 1530 
4595 3172 4453 1535 
4598 3172 4456 1538 
4604 3174 4461 1540 
4609 3182 4466 1542 
4613 3182 4474 1544 
4615 3187 4478 1544 
4620 3194 4484 1546 
4625 3197 4488 1548 
4633 3199 4494 1550 
4635 3203 4498 1552 
4643 3211 4504 1555 
4646 3215 4509 1557 
4649 3219 4517 1557 
4653 3221 4519 1558 
4656 3224 4524 1564 
4661 3228 4526 1564 
4665 3232 4529 1564 
4666 3240 4532 1564 
4670 3244 4543 1565 
4672 3246 4550 1567 
4680 3249 4562 1568 
4686 3253 4572 1571 
4690 3256 4579 1574 
4696 3262 4583 1574 
4697 3263 4587 1578 
4703 3267 4591 1579 
4705 3269 4594 1579 
4709 3273 4600 1584 
4715 3277 4606 1584 
4721 3281 4612 1587 
4727 3285 4616 1591 
4731 3288 4617 1594 
4733 3288 4626 1597 
4735 3291 4634 1600 
4740 3295 4640 1600 
4742 3300 4644 1602 
4746 3300 4647 1603 
4752 3302 4653 1604 
4756 3305 4659 1609 
4760 3307 4663 1610 
4763 3311 4669 1613 
4768 3317 4674 1616 
4772 3320 4682 1618 
4776 3322 4686 1618 
4782 3329 4690 1618 
4787 3335 4696 1620 
4792 3336 4699 1620 
4795 3337 4706 1622 
4803 3338 4712 1624 
4810 3343 4715 1626 
4813 3344 4722 1629 
4815 3346 4727 1631 
4819 3347 4731 1634 
4823 3350 4737 1636 
4833 3356 4743 1639 
4840 3365 4745 1646 
4842 3366 4747 1648 
4847 3372 4753 1648 
4851 3377 4758 1651 
4854 3385 4764 1654 
4866 3389 4766 1655 
4869 3396 4771 1656 
4872 3399 4776 1659 
4880 3403 4787 1661 
4884 3408 4796 1662 
4892 3414 4802 1664 
4895 3419 4805 1666 
4900 3422 4811 1670 
4912 3427 4814 1672 
4915 3432 4826 1672 
4917 3436 4829 1673 
4925 3440 4830 1676 
4931 3442 4832 1679 
4937 3446 4839 1682 
4940 3451 4843 1683 
4946 3455 4847 1684 
4954 3459 4853 1686 
4962 3464 4861 1689 
4969 3468 4866 1691 
4976 3473 4867 1692 
4981 3477 4872 1694 
4991 3482 4877 1695 
5000 3487 4882 1699 
5012 3491 4884 1701 
5017 3495 4891 1701 
5024 3500 4893 1702 
5029 3502 4896 1704 
5037 3506 4898 1705 
5045 3515 4900 1708 
5046 3521 4908 1708 
5046 3525 4913 1709 
5049 3531 4917 1711 
5054 3533 4923 1711 
5062 3534 4926 1712 
5071 3541 4934 1717 
5072 3542 4943 1722 
5078 3542 4951 1725 
5084 3545 4956 1725 
5092 3549 4959 1728 
5097 3555 4965 1731 
5102 3561 4971 1735 
5108 3565 4976 1738 
5114 3570 4982 1739 
5118 3578 4987 1740 
5123 3584 4992 1742 
5126 3588 4996 1745 
5134 3591 4999 1748 
5138 3593 5002 1748 
5143 3597 5008 1749 
5146 3603 5018 1751 
5150 3609 5023 1752 
5157 3612 5026 1756 
5164 3613 5030 1756 
5173 3615 5033 1758 
5179 3617 5037 1759 
5184 3618 5041 1761 
5190 3620 5046 1762 
5196 3621 5053 1763 
5205 3624 5061 1767 
5211 3628 5066 1767 
5215 3633 5072 1770 
5221 3639 5081 1773 
5226 3645 5087 1775 
5232 3647 5091 1775 
5235 3648 5095 1777 
5239 3653 5099 1777 
5248 3657 5101 1777 
5257 3657 5102 1780 
5260 3659 5107 1782 
5267 3664 5111 1783 
5272 3666 5115 1784 
5279 3671 5119 1785 
5282 3675 5129 1785 
5290 3683 5130 1786 
5294 3690 5135 1787 
5298 3691 5140 1787 
5302 3698 5146 1789 
5305 3699 5148 1790 
5313 3707 5151 1791 
5319 3711 5158 1792 
5325 3716 5164 1794 
5330 3717 5172 1797 
5334 3721 5179 1801 
5336 3726 5185 1801 
5344 3729 5189 1803 
5353 3731 5194 1806 
5358 3738 5202 1809 
5371 3739 5211 1811 
5376 3743 5219 1814 
5380 3747 5229 1814 
5383 3751 5233 1820 
5389 3752 5236 1821 
5391 3757 5238 1821 
5396 3764 5246 1821 
5399 3768 5249 1823 
5404 3774 5254 1825 
5408 3779 5259 1829 
5412 3782 5264 1832 
5419 3785 5272 1835 
5422 3788 5279 1837 
5433 3793 5285 1837 
5438 3795 5287 1840 
5445 3797 5288 1841 
5447 3800 5292 1843 
5453 3805 5303 1845 
5462 3811 5308 1848 
5467 3821 5314 1850 
5473 3823 5323 1853 
5476 3829 5330 1855 
5484 3829 5338 1855 
5487 3834 5345 1857 
5494 3838 5350 1858 
5500 3843 5355 1860 
5504 3847 5355 1863 
5512 3851 5363 1863 
5518 3855 5368 1863 
5525 3859 5377 1865 
5529 3860 5381 1866 
5534 3869 5383 1869 
5537 3871 5386 1869 
5545 3875 5390 1872 
5553 3876 5401 1872 
5559 3879 5404 1874 
5565 3884 5410 1875 
5571 3889 5415 1876 
5578 3890 5419 1877 
5586 3898 5424 1878 
5591 3903 5428 1881 
5602 3905 5435 1883 
5610 3906 5436 1889 
5617 3911 5442 1892 
5622 3914 5449 1892 
5626 3921 5454 1893 
5629 3928 5457 1898 
5634 3929 5468 1899 
5642 3933 5475 1901 
5643 3937 5480 1901 
5645 3938 5487 1905 
5651 3945 5490 1907 
5659 3947 5498 1908 
5661 3948 5505 1911 
5664 3948 5510 1912 
5670 3952 5514 1913 
5677 3957 5520 1917 
5680 3966 5524 1917 
5684 3969 5531 1919 
5690 3972 5534 1921 
5692 3973 5537 1922 
5693 3976 5543 1924 
5694 3980 5547 1926 
5702 3986 5549 1928 
5709 3990 5555 1928 
5714 3993 5561 1930 
5720 3996 5565 1933 
5730 3999 5568 1934 
5738 4003 5572 1937 
5740 4013 5580 1939 
5746 4018 5590 1941 
5749 4022 5596 1942 
5750 4022 5604 1942 
5758 4028 5609 1944 
5762 4033 5615 1946 
5765 4036 5625 1952 
5771 4038 5630 1952 
5776 4044 5634 1953 
5785 4048 5638 1954 
5790 4054 5645 1955 
5792 4058 5648 1957 
5802 4063 5649 1960 
5813 4071 5654 1965 
5821 4074 5655 1966 
5832 4080 5662 1968 
5835 4085 5665 1970 
5842 4090 5675 1970 
5848 4095 5678 1973 
5849 4100 5680 1974 
5851 4106 5690 1975 
5858 4107 5698 1979 
5863 4110 5705 1980 
5868 4113 5708 1984 
5870 4114 5712 1986 
5875 4120 5717 1988 
5881 4124 5720 1989 
5889 4127 5726 1995 
5894 4127 5730 1996 
5899 4131 5734 1997 
5905 4136 5739 1998 
5909 4141 5742 1999 
5916 4143 5748 1999 
5919 4144 5749 2001 
5925 4149 5752 2002 
5931 4151 5756 2004 
5935 4153 5758 2006 
5938 4158 5765 2009 
5942 4161 5775 2013 
5945 4164 5781 2013 
5949 4169 5789 2014 
5953 4173 5794 2014 
5958 4175 5800 2018 
5964 4176 5805 2019 
5969 4179 5810 2021 
5974 4186 5818 2022 
5978 4192 5825 2025 
5981 4196 5829 2027 
5986 4199 5834 2032 
5988 4205 5839 2033 
5991 4211 5844 2033 
5995 4213 5848 2034 
6003 4215 5857 2035 
6006 4221 5863 2040 
6011 4223 5867 2046 
6015 4226 5873 2052 
6020 4237 5879 2055 
6024 4241 5888 2057 
6029 4244 5894 2057 
6031 4248 5897 2059 
6036 4252 5900 2059 
6043 4255 5903 2062 
6051 4260 5908 2066 
6056 4262 5911 2069 
6062 4265 5918 2070 
6072 4265 5924 2071 
6077 4269 5928 2073 
6082 4270 5937 2075 
6085 4273 5942 2075 
6093 4275 5944 2076 
6100 4278 5949 2077 
6104 4283 5955 2077 
6111 4290 5957 2079 
6117 4295 5960 2083 
6122 4297 5961 2086 
6128 4300 5965 2089 
6138 4306 5969 2091 
6141 4313 5977 2091 
6148 4317 5982 2094 
6153 4322 5987 2095 
6162 4327 5995 2096 
6171 4330 6001 2099 
6178 4330 6008 2102 
6180 4333 6012 2105 
6188 4335 6023 2106 
6195 4340 6028 2109 
6198 4343 6033 2110 
6202 4345 6036 2111 
6208 4348 6045 2113 
6215 4351 6049 2115 
6222 4357 6055 2117 
6230 4365 6059 2118 
6234 4372 6067 2120 
6235 4376 6077 2123 
6240 4381 6079 2125 
6246 4383 6081 2125 
6248 4387 6088 2126 
6254 4391 6094 2127 
6260 4395 6104 2130 
6266 4397 6110 2132 
6270 4402 6111 2134 
6275 4406 6116 2135 
6279 4409 6121 2139 
6290 4411 6126 2141 
6294 4419 6134 2143 
6301 4422 6140 2147 
6305 4425 6149 2151 
6310 4430 6154 2152 
6316 4436 6158 2154 
6321 4442 6165 2158 
6323 4447 6170 2160 
6326 4452 6174 2160 
6332 4455 6180 2162 
6338 4457 6183 2163 
6343 4462 6185 2165 
6345 4465 6190 2165 
6351 4466 6195 2165 
6356 4468 6202 2170 
6358 4471 6208 2170 
6370 4474 6210 2170 
6377 4480 6215 2171 
6382 4490 6220 2173 
6385 4492 6226 2173 
6393 4497 6229 2174 
6397 4503 6234 2176 
6405 4507 6241 2177 
6412 4512 6245 2178 
6417 4512 6252 2178 
6423 4522 6259 2181 
6428 4529 6264 2184 
6433 4534 6270 2186 
6442 4538 6279 2186 
6446 4540 6285 2190 
6454 4544 6288 2191 
6459 4549 6294 2192 
6461 4558 6304 2193 
6466 4562 6313 2194 
6470 4562 6323 2196 
6472 4568 6327 2201 
6475 4574 6329 2201 
6478 4578 6338 2201 
6491 4581 6342 2202 
6496 4585 6346 2205 
6505 4592 6353 2206 
6511 4596 6357 2206 
6519 4599 6364 2207 
6525 4604 6367 2208 
6531 4608 6372 2210 
6537 4612 6381 2210 
6542 4618 6387 2212 
6550 4622 6397 2213 
6557 4625 6406 2215 
6562 4627 6410 2218 
6564 4631 6414 2219 
6571 4636 6420 2220 
6577 4641 6424 2220 
6582 4646 6426 2222 
6586 4652 6435 2222 
6591 4655 6443 2223 
6599 4660 6445 2226 
6606 4664 6455 2228 
6614 4667 6459 2231 
6620 4669 6468 2234 
6622 4673 6472 2236 
6630 4676 6478 2237 
6639 4683 6483 2237 
6643 4687 6491 2238 
6646 4693 6494 2241 
6652 4695 6499 2244 
6656 4704 6502 2244 
6658 4710 6509 2246 
6667 4714 6513 2249 
6677 4718 6518 2251 
6683 4721 6523 2251 
6690 4724 6527 2251 
6696 4727 6533 2253 
6703 4728 6539 2256 
6704 4730 6544 2257 
6709 4734 6553 2258 
6713 4737 6561 2262 
6720 4742 6566 2263 
6723 4744 6569 2265 
6729 4749 6573 2265 
6734 4754 6577 2266 
6740 4757 6583 2270 
6742 4760 6589 2274 
6746 4766 6593 2277 
6748 4771 6598 2281 
6752 4773 6604 2284 
6756 4778 6606 2284 
6759 4781 6613 2288 
6761 4784 6616 2289 
6767 4789 6620 2290 
6775 4792 6626 2291 
6785 4795 6634 2292 
6792 4799 6639 2297 
6800 4803 6642 2298 
6808 4806 6645 2301 
6816 4809 6652 2303 
6821 4811 6661 2305 
6829 4814 6663 2306 
6834 4821 6669 2307 
6839 4824 6680 2313 
6846 4833 6684 2315 
6854 4835 6692 2317 
6860 4840 6697 2319 
6868 4846 6705 2319 
6870 4851 6710 2320 
6876 4859 6712 2323 
6881 4860 6716 2324 
6887 4865 6723 2327 
6891 4867 6732 2328 
6899 4871 6739 2332 
6906 4876 6744 2333 
6907 4879 6749 2334 
6908 4882 6759 2339 
6913 4885 6763 2339 
6915 4886 6770 2341 
6921 4889 6776 2347 
6926 4893 6778 2348 
6935 4894 6782 2351 
6938 4897 6787 2352 
6946 4898 6791 2354 
6956 4904 6797 2355 
6962 4908 6801 2355 
6965 4911 6805 2358 
6969 4919 6808 2358 
6979 4921 6814 2360 
6983 4923 6818 2364 
6986 4925 6822 2366 
6991 4927 6826 2369 
6997 4931 6828 2371 
7007 4934 6834 2371 
7015 4938 6840 2373 
7020 4944 6848 2377 
7028 4946 6851 2377 
7037 4949 6857 2378 
7046 4950 6860 2381 
7049 4954 6865 2381 
7052 4959 6867 2383 
7057 4963 6868 2383 
7061 4971 6879 2384 
7070 4976 6888 2385 
7073 4981 6894 2387 
7074 4988 6903 2391 
7078 4989 6906 2397 
7084 4993 6916 2398 
7091 4998 6921 2399 
7093 5002 6929 2402 
7096 5004 6936 2403 
7103 5008 6939 2404 
7112 5017 6946 2406 
7117 5021 6948 2408 
7122 5026 6954 2410 
7127 5035 6957 2412 
7130 5040 6959 2413 
7133 5043 6965 2416 
7139 5046 6972 2418 
7144 5047 6977 2421 
7150 5051 6985 2426 
7152 5053 6990 2428 
7156 5058 6996 2431 
7164 5061 7000 2433 
7169 5065 7008 2436 
7177 5071 7015 2436 
7184 5073 7024 2438 
7189 5076 7032 2440 
7193 5078 7035 2441 
7197 5086 7041 2444 
7200 5092 7043 2449 
7208 5094 7046 2450 
7216 5096 7054 2454 
7219 5103 7059 2458 
7222 5109 7065 2460 
7229 5115 7070 2461 
7235 5118 7075 2462 
7239 5122 7081 2462 
7245 5124 7091 2464 
7252 5132 7095 2465 
7254 5135 7100 2466 
7261 5140 7109 2467 
7266 5143 7115 2470 
7268 5147 7121 2471 
7275 5153 7126 2474 
7283 5155 7129 2477 
7285 5162 7136 2478 
7290 5168 7142 2481 
7295 5179 7149 2486 
7306 5182 7157 2488 
7316 5186 7167 2492 
7321 5194 7172 2492 
7327 5195 7175 2495 
7337 5197 7179 2496 
7344 5200 7184 2498 
7349 5205 7188 2499 
7352 5212 7194 2499 
7357 5217 7199 2499 
7363 5224 7203 2499 
7371 5227 7207 2503 
7373 5229 7213 2509 
7381 5236 7217 2510 
7386 5236 7219 2514 
7388 5246 7224 2515 
7394 5249 7228 2517 
7398 5255 7232 2521 
7406 5261 7237 2521 
7411 5262 7240 2522 
7419 5265 7248 2524 
7421 5269 7254 2524 
7430 5272 7258 2524 
7436 5277 7264 2525 
7445 5280 7268 2527 
7452 5285 7274 2528 
7454 5291 7280 2532 
7462 5296 7288 2533 
7467 5299 7289 2536 
7470 5302 7292 2536 
7474 5310 7298 2538 
7480 5314 7305 2539 
7480 5324 7311 2540 
7491 5331 7319 2545 
7493 5338 7326 2547 
7499 5344 7330 2550 
7509 5346 7335 2550 
7515 5351 7341 2553 
7520 5356 7346 2555 
7528 5363 7348 2556 
7532 5368 7353 2558 
7537 5370 7360 2558 
7540 5373 7364 2560 
7548 5374 7367 2562 
7556 5377 7371 2563 
7562 5385 7378 2563 
7567 5390 7382 2566 
7571 5396 7384 2567 
7580 5401 7386 2568 
7583 5404 7391 2571 
7586 5411 7398 2576 
7590 5416 7401 2576 
7594 5421 7402 2576 
7601 5425 7408 2578 
7606 5432 7414 2580 
7608 5435 7422 2581 
7612 5443 7432 2582 
7616 5452 7437 2583 
7618 5454 7442 2586 
7622 5458 7446 2588 
7627 5460 7454 2594 
7634 5463 7454 2595 
7641 5471 7460 2599 
7646 5475 7464 2601 
7652 5477 7469 2603 
7656 5479 7471 2606 
7659 5480 7478 2606 
7665 5484 7486 2611 
7667 5488 7496 2612 
7675 5490 7500 2613 
7681 5494 7506 2613 
7687 5498 7513 2617 
7691 5500 7522 2617 
7695 5503 7528 2619 
7701 5509 7533 2620 
7705 5512 7538 2623 
7708 5518 7541 2624 
7712 5520 7542 2625 
7714 5526 7546 2626 
7719 5531 7552 2627 
7726 5535 7557 2630 
7729 5539 7566 2632 
7733 5542 7572 2633 
7743 5544 7575 2636 
7746 5549 7579 2638 
7755 5556 7582 2638 
7761 5561 7589 2638 
7765 5570 7592 2638 
7769 5573 7595 2638 
7774 5574 7599 2642 
7777 5585 7604 2644 
7782 5592 7610 2645 
7786 5596 7618 2646 
7789 5600 7624 2646 
7795 5607 7630 2648 
7798 5611 7635 2651 
7803 5612 7640 2654 
7806 5619 7646 2654 
7809 5624 7650 2658 
7818 5629 7656 2660 
7824 5631 7662 2661 
7828 5636 7665 2662 
7837 5639 7673 2665 
7847 5641 7677 2667 
7854 5646 7681 2667 
7859 5651 7684 2669 
7866 5654 7689 2671 
7876 5659 7695 2671 
7881 5663 7705 2673 
7883 5666 7712 2673 
7890 5672 7718 2676 
7903 5678 7723 2677 
7907 5682 7729 2683 
7911 5687 7733 2683 
7920 5689 7738 2686 
7924 5693 7742 2688 
7933 5698 7746 2691 
7937 5705 7756 2693 
7942 5711 7762 2693 
7949 5716 7765 2696 
7952 5720 7771 2699 
7957 5726 7775 2702 
7962 5728 7777 2705 
7967 5732 7784 2705 
7975 5738 7793 2708 
7982 5743 7798 2709 
7984 5748 7808 2712 
7988 5753 7811 2715 
7994 5758 7815 2717 
8004 5762 7816 2718 
8009 5768 7822 2720 
8017 5771 7829 2723 
8022 5771 7835 2726 
8029 5774 7841 2729 
8036 5780 7848 2730 
8039 5784 7854 2731 
8044 5788 7858 2733 
8051 5790 7862 2736 
8056 5793 7864 2736 
8060 5796 7869 2739 
8064 5798 7875 2742 
8072 5801 7879 2744 
8077 5804 7884 2746 
8080 5807 7893 2748 
8084 5812 7896 2750 
8089 5819 7902 2751 
8094 5824 7909 2753 
8101 5827 7920 2753 
8105 5833 7926 2756 
8111 5838 7934 2756 
8120 5841 7940 2757 
8129 5846 7941 2759 
8134 5850 7948 2761 
8138 5856 7956 2762 
8142 5860 7964 2762 
8149 5864 7971 2762 
8158 5870 7974 2763 
8162 5876 7984 2765 
8167 5879 7987 2765 
8172 5883 7995 2765 
8179 5887 8000 2768 
8186 5891 8005 2772 
8189 5895 8014 2775 
8192 5899 8020 2779 
8202 5902 8028 2783 
8206 5906 8040 2785 
8211 5911 8046 2786 
8214 5915 8057 2788 
8217 5921 8066 2790 
8221 5925 8073 2791 
8228 5931 8085 2792 
8233 5932 8092 2795 
8237 5936 8098 2800 
8243 5943 8105 2802 
8253 5946 8115 2803 
8259 5948 8125 2805 
8267 5951 8129 2805 
8269 5956 8136 2807 
8275 5960 8139 2808 
8279 5966 8148 2811 
8287 5972 8152 2814 
8292 5974 8156 2818 
8297 5978 8159 2818 
8301 5982 8166 2820 
8310 5987 8170 2820 
8314 5989 8175 2822 
8318 5992 8177 2824 
8326 5995 8179 2825 
8333 5998 8182 2827 
8339 6002 8188 2827 
8343 6006 8190 2828 
8351 6010 8196 2829 
8353 6013 8201 2831 
8359 6018 8207 2831 
8363 6026 8216 2831 
8369 6028 8219 2834 
8381 6033 8224 2835 
8387 6035 8232 2837 
8392 6038 8239 2840 
8399 6045 8247 2840 
8405 6049 8253 2841 
8414 6052 8262 2844 
8419 6055 8273 2845 
8426 6064 8279 2847 
8434 6065 8284 2849 
8442 6066 8297 2849 
8444 6074 8300 2851 
8451 6079 8302 2852 
8457 6082 8309 2854 
8462 6085 8311 2855 
8467 6090 8315 2859 
8473 6093 8320 2862 
8476 6097 8330 2862 
8477 6100 8331 2864 
8482 6106 8336 2865 
8486 6114 8346 2865 
8491 6120 8353 2869 
8495 6128 8360 2873 
8500 6133 8364 2875 
8503 6137 8369 2875 
8512 6139 8375 2875 
8515 6142 8377 2879 
8523 6146 8385 2881 
8528 6155 8391 2882 
8532 6158 8399 2883 
8540 6164 8406 2889 
8547 6167 8413 2890 
8551 6174 8419 2894 
8557 6179 8421 2896 
8560 6185 8424 2896 
8569 6188 8430 2900 
8577 6191 8435 2908 
8580 6197 8439 2910 
8585 6202 8442 2912 
8589 6205 8445 2913 
8596 6213 8452 2919 
8599 6214 8463 2924 
8603 6218 8471 2926 
8610 6220 8476 2927 
8619 6222 8483 2928 
8627 6231 8487 2930 
8634 6237 8493 2931 
8644 6239 8501 2937 
8649 6244 8508 2939 
8657 6251 8518 2941 
8662 6254 8524 2941 
8666 6257 8536 2943 
8674 6263 8542 2945 
8678 6266 8545 2947 
8680 6271 8550 2948 
8687 6275 8556 2948 
8691 6278 8562 2953 
8696 6281 8572 2955 
8704 6284 8577 2959 
8712 6285 8583 2960 
8719 6292 8588 2963 
8726 6297 8592 2965 
8732 6302 8601 2966 
8734 6306 8605 2968 
8740 6312 8609 2969 
8746 6319 8617 2970 
8747 6324 8622 2974 
8758 6329 8625 2975 
8763 6335 8630 2976 
8766 6340 8639 2978 
8772 6348 8641 2983 
8778 6353 8649 2985 
8786 6358 8653 2986 
8789 6363 8658 2987 
8794 6367 8665 2987 
8797 6373 8670 2988 
8806 6380 8674 2990 
8813 6384 8678 2994 
8820 6388 8684 2994 
8826 6389 8688 2995 
8832 6393 8691 2998 
8838 6395 8695 3000 
8848 6395 8702 3003 
8850 6400 8709 3005 
8857 6404 8710 3008 
8864 6405 8714 3011 
8867 6409 8719 3011 
8872 6412 8724 3015 
8881 6420 8729 3016 
8889 6423 8737 3020 
8901 6429 8744 3022 
8906 6433 8751 3025 
8912 6437 8755 3030 
8918 6438 8759 3030 
8921 6440 8765 3032 
8926 6445 8770 3033 
8934 6447 8779 3035 
8939 6450 8790 3037 
8941 6454 8795 3037 
8946 6454 8797 3041 
8951 6457 8801 3043 
8956 6457 8809 3048 
8963 6459 8817 3051 
8972 6464 8824 3054 
8979 6470 8828 3055 
8982 6473 8833 3059 
8985 6477 8838 3060 
8991 6482 8849 3063 
8994 6485 8853 3064 
9000 6486 8856 3066 
9005 6490 8862 3067 
9013 6497 8865 3067 
9017 6501 8870 3068 
9024 6506 8875 3068 
9031 6514 8881 3070 
9034 6516 8887 3072 
9040 6520 8893 3073 
9044 6523 8896 3073 
9053 6530 8901 3074 
9058 6537 8911 3078 
9064 6542 8918 3082 
9069 6547 8922 3083 
9075 6550 8929 3084 
9080 6556 8932 3085 
9088 6561 8939 3087 
9096 6562 8944 3090 
9101 6564 8946 3094 
9106 6569 8952 3095 
9109 6573 8958 3097 
9114 6578 8964 3100 
9119 6582 8967 3102 
9125 6586 8975 3105 
9129 6586 8982 3107 
9133 6588 8988 3107 
9141 6590 8992 3110 
9143 6591 8999 3110 
9147 6596 9008 3113 
9153 6603 9012 3113 
9157 6606 9015 3113 
9161 6609 9023 3113 
9168 6613 9034 3117 
9172 6616 9043 3118 
9177 6624 9051 3120 
9186 6626 9058 3122 
9188 6629 9067 3127 
9192 6633 9077 3129 
9196 6636 9087 3129 
9206 6643 9097 3130 
9213 6650 9107 3131 
9218 6654 9113 3133 
9223 6664 9116 3136 
9229 6672 9117 3139 
9235 6674 9124 3141 
9241 6678 9127 3141 
9245 6686 9132 3141 
9251 6687 9137 3145 
9257 6693 9146 3146 
9261 6698 9153 3147 
9264 6702 9157 3148 
9269 6705 9162 3149 
9273 6711 9166 3151 
9277 6714 9171 3152 
9283 6719 9176 3154 
9289 6729 9181 3154 
9293 6732 9187 3156 
9298 6736 9192 3159 
9306 6739 9193 3160 
9310 6740 9199 3162 
9316 6744 9205 3163 
9321 6752 9211 3164 
9326 6758 9216 3165 
9332 6762 9219 3169 
9336 6767 9226 3170 
9337 6771 9230 3171 
9340 6779 9235 3175 
9346 6785 9240 3178 
9350 6787 9246 3179 
9355 6790 9251 3182 
9360 6796 9264 3185 
9368 6800 9274 3186 
9374 6801 9284 3188 
9376 6811 9289 3193 
9379 6813 9297 3197 
9388 6816 9305 3199 
9393 6819 9308 3203 
9399 6822 9314 3204 
9402 6828 9321 3204 
9406 6831 9325 3208 
9410 6836 9335 3210 
9420 6841 9337 3213 
9424 6843 9340 3216 
9427 6847 9347 3219 
9431 6852 9351 3223 
9438 6853 9357 3225 
9443 6857 9362 3228 
9452 6863 9365 3231 
9456 6866 9375 3233 
9461 6870 9375 3234 
9464 6874 9380 3236 
9476 6877 9385 3241 
9481 6881 9390 3242 
9485 6888 9393 3242 
9491 6889 9396 3245 
9493 6894 9404 3246 
9498 6898 9405 3246 
9506 6901 9409 3247 
9512 6904 9415 3248 
9521 6906 9422 3249 
9524 6911 9427 3251 
9532 6915 9431 3253 
9537 6924 9439 3255 
9540 6926 9452 3257 
9546 6929 9455 3258 
9549 6933 9460 3259 
9553 6937 9466 3261 
9557 6940 9473 3263 
9562 6941 9480 3264 
9569 6944 9487 3266 
9576 6950 9490 3269 
9580 6953 9498 3272 
9588 6962 9503 3274 
9593 6968 9507 3275 
9599 6969 9514 3276 
9600 6973 9521 3278 
9605 6976 9526 3283 
9609 6979 9530 3283 
9611 6983 9536 3287 
9614 6987 9538 3289 
9622 6991 9543 3290 
9626 6996 9548 3292 
9632 7001 9549 3293 
9638 7006 9555 3297 
9644 7009 9560 3297 
9649 7013 9563 3299 
9654 7016 9566 3299 
9662 7022 9574 3300 
9669 7025 9578 3304 
9670 7029 9587 3304 
9678 7032 9589 3307 
9679 7035 9593 3309 
9683 7041 9599 3310 
9688 7044 9604 3311 
9693 7052 9616 3312 
9702 7055 9621 3312 
9707 7058 9630 3313 
9710 7068 9635 3316 
9713 7072 9642 3320 
9720 7079 9652 3323 
9723 7083 9656 3327 
9728 7085 9661 3331 
9733 7091 9666 3333 
9733 7094 9674 3334 
9738 7098 9680 3338 
9742 7103 9687 3339 
9749 7109 9694 3343 
9759 7111 9698 3344 
9765 7114 9706 3346 
9770 7121 9714 3350 
9778 7125 9717 3352 
9783 7132 9728 3353 
9790 7135 9738 3353 
9794 7141 9743 3354 
9797 7145 9750 3357 
9806 7151 9754 3358 
9811 7152 9763 3360 
9812 7154 9774 3361 
9821 7155 9780 3366 
9825 7157 9786 3367 
9833 7161 9793 3368 
9836 7169 9798 3368 
9841 7172 9804 3368 
9846 7179 9804 3369 
9849 7184 9812 3372 
9860 7184 9817 3374 
9862 7191 9823 3376 
9869 7193 9828 3376 
9870 7198 9835 3377 
9877 7204 9839 3380 
9884 7207 9846 3383 
9892 7211 9848 3387 
9896 7215 9853 3391 
9900 7219 9862 3392 
9905 7224 9868 3393 
9912 7226 9875 3396 
9917 7229 9876 3398 
9923 7230 9886 3399 
9928 7237 9892 3401 
9937 7242 9904 3403 
9942 7242 9911 3405 
9946 7245 9915 3410 
9952 7253 9921 3413 
9957 7254 9924 3414 
9966 7258 9935 3417 
9973 7259 9939 3419 
9981 7264 9947 3420 
9987 7265 9956 3421 
9990 7270 9959 3422 
9997 7272 9965 3424 
10008 7277 9971 3424 
10018 7283 9976 3428 
10022 7288 9986 3428 
10025 7291 9990 3429 
10029 7299 9997 3429 
10035 7299 10012 3430 
10039 7301 10020 3431 
10047 7304 10023 3434 
10052 7309 10026 3437 
10057 7315 10033 3437 
10064 7318 10042 3441 
10069 7319 10047 3442 
10073 7321 10056 3443 
10076 7327 10059 3445 
10078 7329 10061 3447 
10083 7332 10065 3448 
10086 7337 10071 3452 
10093 7339 10078 3455 
10098 7344 10088 3455 
10103 7346 10090 3457 
10108 7349 10094 3457 
10112 7356 10098 3459 
10119 7361 10103 3462 
10125 7367 10108 3464 
10129 7369 10114 3466 
10136 7372 10116 3467 
10146 7376 10122 3469 
10155 7384 10127 3473 
10165 7387 10131 3474 
10171 7393 10139 3475 
10172 7401 10147 3478 
10175 7402 10150 3479 
10179 7407 10158 3481 
10183 7411 10166 3481 
10189 7412 10169 3484 
10196 7419 10172 3484 
10201 7424 10180 3486 
10205 7427 10186 3487 
10207 7430 10190 3489 
10212 7435 10201 3490 
10217 7442 10204 3492 
10226 7442 10208 3494 
10230 7442 10214 3497 
10233 7448 10224 3498 
10241 7450 10227 3498 
10244 7454 10232 3498 
10248 7456 10237 3501 
10251 7460 10245 3501 
10254 7464 10246 3503 
10264 7470 10252 3507 
10272 7474 10257 3510 
10276 7478 10265 3513 
10283 7481 10269 3515 
10292 7487 10273 3517 
10298 7489 10275 3518 
10301 7493 10280 3518 
10308 7499 10287 3521 
10315 7503 10293 3523 
10316 7505 10299 3524 
10319 7510 10308 3525 
10323 7519 10318 3529 
10328 7524 10321 3531 
10338 7529 10326 3533 
10340 7538 10332 3536 
10345 7543 10339 3537 
10348 7547 10342 3539 
10353 7552 10349 3539 
10358 7558 10353 3541 
10362 7566 10357 3543 
10366 7571 10364 3545 
10369 7572 10369 3545 
10373 7576 10377 3547 
10377 7580 10382 3551 
10384 7584 10390 3552 
10391 7588 10396 3555 
10401 7593 10400 3556 
10405 7598 10404 3558 
10411 7601 10411 3560 
10419 7605 10417 3563 
10426 7608 10423 3566 
10434 7614 10434 3569 
10437 7620 10438 3570 
10440 7625 10444 3570 
10448 7629 10455 3574 
10455 7634 10458 3576 
10465 7638 10466 3580 
10476 7641 10471 3582 
10480 7646 10476 3584 
10486 7649 10487 3585 
10489 7653 10497 3587 
10492 7658 10506 3589 
10497 7661 10511 3593 
10504 7662 10515 3595 
10508 7663 10523 3599 
10510 7669 10528 3600 
10512 7673 10533 3601 
10513 7682 10543 3604 
10521 7686 10551 3607 
10526 7689 10552 3611 
10534 7694 10560 3613 
10541 7700 10564 3619 
10544 7706 10569 3620 
10546 7712 10575 3620 
10553 7720 10580 3620 
10557 7727 10581 3622 
10563 7736 10585 3624 
10569 7741 10590 3625 
10575 7744 10594 3628 
10577 7750 10599 3631 
10578 7754 10604 3632 
10586 7757 10615 3633 
10590 7761 10618 3635 
10594 7764 10621 3636 
10597 7768 10628 3639 
10600 7774 10634 3642 
10602 7782 10639 3644 
10607 7787 10644 3645 
10614 7793 10649 3647 
10619 7800 10655 3650 
10625 7802 10661 3652 
10630 7809 10667 3654 
10633 7813 10675 3654 
10636 7817 10680 3657 
10641 7823 10685 3659 
10647 7827 10688 3662 
10655 7833 10693 3664 
10661 7838 10697 3667 
10667 7842 10702 3668 
10672 7845 10712 3674 
10675 7847 10719 3676 
10678 7847 10721 3678 
10682 7850 10724 3681 
10686 7854 10725 3682 
10693 7855 10732 3682 
10699 7862 10735 3685 
10700 7865 10744 3687 
10707 7869 10749 3688 
10712 7874 10755 3690 
10715 7881 10762 3694 
10717 7887 10768 3697 
10725 7894 10769 3699 
10730 7898 10774 3700 
10736 7899 10779 3701 
10738 7902 10782 3704 
10741 7913 10785 3709 
10746 7916 10793 3711 
10753 7921 10798 3711 
10756 7925 10808 3714 
10759 7930 10810 3715 
10762 7935 10817 3716 
10766 7939 10823 3719 
10770 7946 10833 3720 
10772 7952 10840 3723 
10778 7958 10849 3724 
10783 7962 10855 3727 
10791 7968 10858 3728 
10802 7972 10861 3731 
10807 7974 10868 3732 
10809 7980 10870 3735 
10812 7985 10876 3735 
10819 7986 10879 3737 
10827 7995 10882 3738 
10829 8001 10887 3740 
10835 8006 10894 3740 
10842 8012 10903 3740 
10846 8015 10907 3742 
10851 8022 10914 3746 
10854 8027 10918 3750 
10861 8030 10926 3752 
10870 8032 10932 3753 
10878 8035 10939 3755 
10883 8038 10946 3758 
10889 8041 10954 3759 
10892 8047 10960 3761 
10894 8053 10968 3765 
10896 8057 10980 3768 
10903 8060 10985 3770 
10908 8063 10991 3771 
10912 8068 10995 3771 
10919 8071 11003 3772 
10927 8074 11010 3773 
10935 8077 11018 3774 
10938 8079 11022 3779 
10942 8083 11025 3780 
10947 8086 11028 3783 
10951 8091 11032 3784 
10957 8098 11034 3787 
10966 8107 11041 3789 
10966 8114 11046 3791 
10971 8116 11053 3792 
10974 8120 11057 3794 
10978 8124 11062 3795 
10983 8129 11066 3798 
10989 8133 11072 3801 
10995 8138 11076 3803 
10999 8143 11082 3805 
11003 8147 11093 3809 
11009 8150 11096 3810 
11017 8153 11103 3810 
11022 8156 11111 3811 
11031 8161 11117 3814 
11035 8167 11126 3816 
11041 8170 11132 3818 
11046 8177 11139 3819 
11048 8181 11139 3822 
11056 8184 11143 3825 
11059 8189 11149 3828 
11067 8194 11153 3828 
11074 8198 11160 3828 
11079 8199 11166 3828 
11084 8205 11168 3833 
11087 8206 11176 3835 
11095 8214 11183 3836 
11104 8218 11187 3838 
11109 8222 11191 3838 
11113 8226 11198 3841 
11121 8231 11200 3846 
11122 8234 11204 3848 
11131 8238 11207 3854 
11134 8241 11212 3857 
11137 8243 11217 3861 
11144 8247 11221 3861 
11148 8248 11228 3864 
11154 8251 11232 3864 
11160 8255 11237 3866 
11164 8261 11243 3870 
11174 8267 11244 3871 
11179 8276 11249 3872 
11187 8279 11254 3874 
11195 8285 11259 3877 
11199 8285 11262 3885 
11208 8287 11265 3885 
11216 8292 11269 3885 
11223 8298 11279 3886 
11229 8303 11288 3888 
11236 8307 11292 3889 
11244 8308 11296 3889 
11248 8314 11299 3889 
11250 8317 11307 3889 
11255 8319 11310 3891 
11260 8323 11313 3892 
11265 8328 11318 3894 
11269 8330 11324 3896 
11274 8334 11330 3897 
11277 8336 11334 3898 
11284 8341 11337 3898 
11288 8344 11345 3900 
11297 8347 11348 3904 
11300 8354 11356 3904 
11305 8359 11362 3905 
11311 8361 11372 3906 
11317 8368 11375 3908 
11321 8376 11381 3908 
11325 8381 11383 3908 
11334 8384 11393 3911 
11342 8386 11399 3914 
11346 8396 11407 3914 
11351 8401 11412 3916 
11361 8404 11418 3919 
11368 8409 11423 3921 
11375 8413 11425 3922 
11381 8419 11428 3925 
11387 8423 11435 3929 
11396 8428 11444 3931 
11406 8436 11453 3932 
11409 8447 11459 3935 
11412 8449 11466 3936 
11419 8453 11473 3940 
11427 8457 11479 3941 
11433 8462 11489 3942 
11443 8466 11493 3943 
11450 8469 11499 3945 
11455 8474 11506 3949 
11463 8479 11512 3951 
11467 8484 11516 3953 
11469 8490 11520 3954 
11480 8494 11528 3954 
11484 8498 11534 3956 
11489 8503 11544 3959 
11497 8507 11548 3964 
11505 8514 11555 3964 
11513 8515 11559 3966 
11518 8518 11564 3966 
11522 8522 11573 3971 
11526 8527 11580 3973 
11530 8531 11585 3974 
11536 8538 11594 3976 
11537 8545 11603 3981 
11542 8545 11608 3983 
11548 8550 11614 3984 
11554 8551 11619 3987 
11560 8555 11625 3987 
11572 8563 11628 3987 
11576 8570 11631 3988 
11583 8574 11633 3991 
11587 8583 11640 3992 
11596 8589 11644 3995 
11603 8594 11651 3996 
11610 8598 11662 3998 
11616 8605 11667 4003 
11625 8608 11671 4007 
11629 8613 11673 4010 
11635 8616 11680 4011 
11641 8619 11688 4013 
11646 8621 11691 4015 
11656 8627 11696 4018 
11661 8632 11704 4019 
11664 8636 11707 4021 
11669 8636 11715 4022 
11674 8640 11720 4023 
11679 8645 11727 4026 
11687 8649 11734 4029 
11692 8654 11739 4032 
11700 8662 11742 4034 
11704 8669 11743 4035 
11712 8674 11748 4036 
11716 8677 11755 4037 
11725 8682 11763 4041 
11731 8687 11774 4042 
11735 8691 11778 4045 
11739 8696 11788 4045 
11744 8702 11791 4047 
11747 8704 11797 4048 
11757 8705 11803 4050 
11762 8710 11809 4051 
11768 8715 11813 4054 
11773 8721 11819 4055 
11781 8726 11829 4057 
11787 8727 11833 4058 
11789 8736 11840 4059 
11793 8743 11846 4062 
11796 8750 11851 4062 
11804 8756 11855 4063 
11807 8763 11862 4066 
11814 8766 11871 4067 
11816 8770 11877 4068 
11823 8775 11884 4069 
11829 8780 11893 4069 
11833 8786 11904 4073 
11842 8790 11907 4075 
11846 8792 11910 4076 
11852 8795 11912 4078 
11858 8798 11919 4080 
11863 8802 11926 4082 
11869 8812 11927 4082 
11873 8814 11936 4085 
11885 8818 11944 4088 
11889 8825 11949 4090 
11897 8829 11953 4093 
11900 8831 11963 4096 
11908 8833 11969 4100 
11914 8838 11976 4104 
11921 8845 11981 4106 
11924 8849 11988 4108 
11927 8854 11996 4110 
11931 8860 12000 4112 
11934 8865 12003 4113 
11942 8872 12012 4114 
11946 8877 12020 4118 
11950 8879 12031 4121 
11953 8883 12039 4122 
11957 8890 12042 4123 
11966 8893 12045 4126 
11970 8899 12047 4129 
11977 8906 12050 4130 
11984 8910 12052 4132 
11992 8918 12057 4134 
11995 8921 12063 4138 
11996 8927 12071 4140 
12002 8930 12078 4144 
12010 8934 12081 4145 
12021 8937 12083 4148 
12026 8943 12089 4148 
12030 8949 12096 4150 
12035 8954 12098 4152 
12042 8962 12104 4155 
12049 8965 12111 4160 
12052 8968 12112 4162 
12061 8972 12121 4165 
12068 8975 12123 4168 
12072 8984 12128 4170 
12077 8988 12137 4173 
12085 8993 12143 4175 
12092 9001 12147 4178 
12097 9005 12151 4180 
12105 9010 12154 4182 
12113 9018 12159 4186 
12117 9023 12167 4186 
12122 9027 12172 4187 
12126 9031 12179 4189 
12129 9035 12185 4190 
12137 9039 12190 4194 
12149 9042 12196 4196 
12154 9044 12203 4199 
12159 9048 12209 4201 
12162 9054 12219 4203 
12168 9058 12226 4206 
12176 9062 12231 4208 
12182 9071 12235 4209 
12184 9078 12247 4211 
12190 9079 12248 4211 
12194 9084 12252 4213 
12198 9085 12258 4218 
12204 9088 12261 4219 
12216 9094 12271 4219 
12220 9101 12276 4224 
12229 9103 12281 4226 
12234 9106 12285 4229 
12242 9109 12288 4233 
12249 9112 12298 4234 
12259 9116 12302 4238 
12264 9120 12306 4239 
12269 9121 12313 4241 
12279 9125 12319 4242 
12282 9130 12329 4242 
12290 9135 12335 4246 
12296 9144 12341 4250 
12304 9150 12344 4252 
12310 9155 12348 4255 
12315 9164 12350 4259 
12323 9165 12355 4261 
12330 9170 12358 4263 
12335 9172 12365 4264 
12340 9175 12376 4265 
12343 9177 12381 4270 
12352 9182 12388 4272 
12358 9191 12393 4272 
12362 9196 12396 4275 
12363 9198 12402 4278 
12368 9206 12410 4280 
12373 9212 12415 4283 
12378 9215 12417 4284 
12387 9220 12425 4286 
12392 9224 12427 4287 
12397 9228 12432 4289 
12404 9232 12436 4294 
12406 9238 12439 4298 
12413 9243 12441 4298 
12417 9245 12450 4299 
12423 9251 12456 4300 
12430 9253 12463 4303 
12432 9258 12470 4308 
12437 9263 12476 4311 
12447 9266 12481 4316 
12452 9267 12486 4318 
12456 9269 12491 4318 
12459 9275 12500 4320 
12466 9281 12509 4324 
12473 9283 12514 4325 
12477 9285 12521 4326 
12480 9292 12533 4328 
12486 9296 12537 4330 
12491 9300 12542 4330 
12496 9305 12548 4333 
12502 9308 12557 4337 
12503 9309 12563 4337 
12513 9317 12573 4340 
12517 9325 12580 4342 
12524 9331 12592 4343 
12534 9334 12601 4344 
12542 9335 12602 4346 
12545 9341 12612 4347 
12549 9343 12620 4348 
12553 9344 12627 4348 
12558 9350 12628 4349 
12562 9352 12632 4351 
12568 9357 12637 4354 
12572 9362 12644 4354 
12579 9366 12648 4354 
12585 9370 12657 4356 
12588 9377 12661 4358 
12591 9382 12664 4359 
12595 9385 12672 4363 
12601 9392 12677 4363 
12611 9401 12681 4368 
12617 9404 12686 4372 
12620 9408 12689 4373 
12628 9411 12691 4377 
12633 9418 12698 4378 
12637 9421 12705 4378 
12643 9427 12711 4383 
12648 9435 12717 4386 
12658 9443 12726 4387 
12665 9448 12737 4387 
12671 9453 12746 4387 
12678 9457 12751 4388 
12681 9461 12757 4391 
12684 9466 12758 4393 
12690 9472 12771 4394 
12696 9474 12773 4399 
12701 9476 12777 4399 
12710 9479 12785 4402 
12714 9485 12787 4404 
12721 9489 12796 4405 
12730 9497 12797 4407 
12734 9500 12802 4408 
12739 9504 12809 4410 
12745 9508 12813 4411 
12751 9510 12820 4412 
12755 9512 12825 4415 
12762 9522 12828 4418 
12768 9529 12833 4418 
12771 9532 12841 4421 
12778 9538 12848 4424 
12783 9543 12855 4424 
12790 9549 12866 4425 
12800 9553 12870 4426 
12803 9557 12881 4429 
12810 9559 12891 4432 
12815 9563 12892 4432 
12819 9567 12894 4434 
12821 9574 12901 4438 
12822 9574 12905 4442 
12825 9580 12910 4443 
12827 9584 12912 4445 
12833 9592 12916 4446 
12838 9599 12921 4447 
12839 9600 12928 4451 
12841 9602 12938 4453 
12847 9608 12945 4456 
12853 9613 12954 4461 
12861 9616 12959 4463 
12868 9623 12962 4463 
12875 9625 12970 4466 
12880 9628 12977 4466 
12884 9633 12985 4468 
12888 9636 12989 4468 
12893 9642 12996 4470 
12903 9647 13001 4472 
12907 9652 13008 4474 
12907 9656 13012 4476 
12912 9662 13018 4479 
12915 9671 13021 4480 
12922 9674 13027 4482 
12933 9681 13031 4483 
12938 9683 13035 4485 
12946 9685 13039 4485 
12948 9693 13044 4487 
12952 9697 13054 4488 
12960 9706 13056 4490 
12969 9714 13068 4496 
12976 9720 13077 4499 
12980 9724 13084 4500 
12988 9730 13087 4503 
12995 9736 13090 4505 
13001 9740 13096 4507 
13006 9746 13101 4507 
13009 9752 13112 4508 
13016 9754 13119 4514 
13023 9758 13127 4518 
13032 9765 13137 4520 
13036 9768 13139 4521 
13043 9773 13147 4523 
13048 9778 13154 4523 
13051 9788 13155 4525 
13053 9792 13162 4528 
13063 9796 13165 4530 
13065 9800 13172 4532 
13071 9806 13180 4535 
13076 9813 13188 4537 
13078 9817 13197 4539 
13081 9822 13205 4542 
13089 9831 13214 4544 
13100 9833 13216 4546 
13107 9839 13221 4548 
13114 9845 13227 4551 
13118 9851 13230 4552 
13121 9854 13236 4554 
13126 9857 13238 4556 
13129 9861 13243 4562 
13132 9869 13246 4567 
13138 9875 13253 4570 
13142 9877 13267 4573 
13148 9878 13277 4576 
13156 9883 13283 4580 
13162 9889 13289 4580 
13168 9893 13297 4583 
13172 9900 13302 4585 
13177 9903 13305 4589 
13185 9906 13309 4594 
13188 9908 13313 4596 
13195 9909 13320 4597 
13201 9917 13323 4597 
13211 9924 13328 4600 
13216 9931 13338 4602 
13220 9939 13347 4604 
13224 9942 13348 4606 
13231 9948 13351 4607 
13236 9952 13358 4609 
13242 9954 13364 4610 
13249 9959 13373 4614 
13252 9963 13380 4616 
13258 9968 13388 4618 
13265 9973 13396 4621 
13265 9974 13403 4623 
13268 9980 13404 4626 
13276 9984 13413 4630 
13283 9984 13424 4630 
13288 9987 13432 4633 
13293 9993 13434 4633 
13296 10000 13440 4637 
13300 10003 13449 4638 
13305 10009 13452 4639 
13310 10012 13457 4641 
13311 10012 13460 4643 
13320 10016 13468 4645 
13323 10018 13472 4648 
13328 10023 13477 4650 
13331 10031 13485 4652 
13340 10031 13491 4652 
13343 10037 13497 4658 
13345 10044 13508 4658 
13352 10048 13515 4661 
13358 10049 13521 4661 
13363 10050 13527 4662 
13369 10051 13538 4663 
13379 10055 13540 4665 
13386 10064 13544 4668 
13390 10069 13547 4668 
13396 10075 13552 4670 
13401 10079 13557 4670 
13410 10086 13562 4670 
13416 10093 13565 4672 
13422 10095 13567 4672 
13428 10101 13569 4673 
13433 10102 13577 4677 
13437 10107 13580 4678 
13440 10112 13587 4679 
13443 10116 13591 4680 
13448 10122 13595 4681 
13454 10127 13602 4685 
13459 10130 13607 4687 
13464 10135 13612 4688 
13473 10140 13619 4689 
13479 10142 13624 4692 
13487 10146 13629 4693 
13494 10150 13634 4694 
13502 10154 13639 4697 
13509 10161 13644 4698 
13514 10170 13650 4701 
13520 10173 13659 4703 
13528 10176 13667 4706 
13534 10181 13671 4708 
13536 10186 13681 4709 
13538 10189 13688 4711 
13545 10189 13693 4712 
13548 10194 13701 4712 
13556 10199 13705 4715 
13562 10200 13711 4718 
13568 10201 13718 4719 
13572 10207 13726 4722 
13576 10211 13732 4724 
13578 10216 13735 4725 
13582 10219 13740 4725 
13592 10225 13746 4730 
13598 10229 13748 4736 
13605 10233 13753 4739 
13607 10238 13757 4740 
13611 10246 13761 4741 
13616 10251 13769 4741 
13626 10257 13774 4745 
13632 10260 13782 4746 
13637 10264 13788 4750 
13645 10271 13793 4751 
13648 10277 13797 4754 
13655 10281 13801 4756 
13660 10286 13805 4758 
13667 10294 13815 4760 
13672 10301 13820 4762 
13675 10305 13825 4764 
13680 10309 13827 4765 
13681 10315 13830 4766 
13686 10317 13835 4768 
13691 10319 13840 4770 
13696 10324 13847 4774 
13700 10330 13853 4778 
13709 10333 13857 4779 
13714 10336 13860 4781 
13722 10339 13864 4783 
13729 10346 13869 4784 
13737 10353 13880 4784 
13743 10358 13886 4792 
13747 10361 13892 4794 
13749 10369 13902 4794 
13752 10375 13908 4797 
13759 10380 13909 4798 
13761 10389 13916 4803 
13769 10394 13924 4803 
13776 10403 13931 4806 
13779 10411 13942 4808 
13788 10418 13950 4812 
13797 10421 13957 4814 
13801 10426 13964 4814 
13804 10436 13969 4816 
13808 10439 13974 4817 
13814 10444 13979 4820 
13825 10448 13985 4822 
13830 10452 13987 4826 
13838 10454 13992 4827 
13842 10458 13998 4830 
13847 10464 14006 4835 
13852 10469 14010 4836 
13856 10475 14016 4840 
13861 10480 14024 4843 
13865 10481 14034 4844 
13877 10485 14038 4848 
13884 10488 14041 4849 
13892 10493 14045 4851 
13899 10497 14047 4854 
13905 10503 14051 4855 
13914 10505 14057 4858 
13917 10507 14060 4861 
13922 10511 14064 4862 
13924 10518 14069 4866 
13928 10520 14080 4867 
13938 10523 14086 4870 
13945 10532 14091 4870 
13948 10533 14093 4873 
13955 10540 14102 4874 
13958 10544 14112 4876 
13963 10549 14114 4881 
13972 10555 14122 4881 
13974 10560 14128 4883 
13977 10567 14130 4883 
13980 10571 14133 4884 
13986 10572 14143 4888 
13995 10575 14150 4889 
14000 10582 14159 4889 
14004 10585 14168 4890 
14011 10590 14176 4891 
14016 10596 14182 4894 
14019 10602 14186 4900 
14024 10610 14194 4901 
14026 10612 14199 4904 
14035 10615 14205 4906 
14040 10618 14217 4907 
14044 10623 14219 4909 
14052 10627 14224 4910 
14057 10631 14229 4910 
14060 10637 14234 4911 
14066 10641 14241 4911 
14069 10647 14244 4912 
14075 10652 14254 4914 
14082 10657 14264 4916 
14087 10663 14269 4919 
14092 10665 14273 4923 
14097 10667 14280 4923 
14101 10674 14289 4927 
14107 10678 14293 4929 
14112 10681 14299 4932 
14121 10688 14301 4935 
14128 10691 14305 4938 
14133 10699 14313 4940 
14141 10707 14321 4942 
14148 10712 14325 4945 
14151 10722 14328 4948 
14159 10725 14331 4948 
14167 10731 14339 4949 
14172 10734 14346 4950 
14183 10738 14355 4951 
14185 10744 14359 4951 
14193 10750 14363 4953 
14196 10755 14368 4956 
14204 10761 14373 4962 
14208 10768 14380 4964 
14214 10774 14389 4969 
14219 10777 14399 4971 
14223 10780 14405 4971 
14236 10784 14413 4971 
14241 10790 14418 4974 
14243 10791 14423 4975 
14245 10795 14431 4977 
14253 10802 14437 4978 
14260 10807 14443 4979 
14268 10810 14448 4982 
14274 10813 14456 4984 
14281 10818 14461 4988 
14285 10823 14467 4988 
14290 10825 14474 4992 
14292 10830 14484 4994 
14301 10841 14485 4994 
14309 10848 14488 4995 
14319 10855 14491 4995 
14328 10859 14494 4995 
14334 10862 14497 4997 
14341 10870 14502 5000 
14347 10873 14511 5001 
14358 10879 14517 5004 
14366 10882 14522 5009 
14370 10884 14529 5012 
14375 10893 14531 5013 
14378 10899 14538 5017 
14384 10902 14545 5019 
14391 10909 14550 5022 
14398 10914 14555 5026 
14400 10919 14562 5027 
14403 10920 14568 5028 
14414 10924 14575 5031 
14418 10932 14583 5033 
14425 10935 14590 5035 
14430 10939 14597 5038 
14435 10946 14602 5040 
14439 10952 14607 5040 
14443 10955 14611 5040 
14449 10963 14616 5041 
14455 10968 14618 5042 
14460 10972 14624 5042 
14463 10973 14630 5047 
14468 10977 14634 5050 
14475 10982 14641 5050 
14481 10985 14644 5054 
14483 10989 14650 5056 
14486 10993 14653 5058 
14495 10996 14660 5064 
14500 11003 14666 5067 
14508 11007 14669 5069 
14513 11010 14676 5071 
14520 11013 14681 5073 
14525 11022 14684 5077 
14533 11026 14689 5079 
14539 11027 14698 5081 
14543 11032 14704 5082 
14550 11034 14709 5084 
14557 11040 14714 5086 
14564 11045 14720 5087 
14570 11046 14724 5089 
14572 11048 14727 5090 
14576 11054 14738 5091 
14584 11059 14742 5096 
14590 11065 14753 5104 
14598 11069 14760 5107 
14604 11073 14766 5109 
14610 11077 14773 5109 
14614 11080 14781 5110 
14617 11084 14787 5112 
14622 11086 14793 5114 
14630 11088 14797 5115 
14635 11091 14802 5117 
14638 11096 14805 5118 
14643 11098 14811 5121 
14650 11099 14818 5126 
14654 11104 14824 5130 
14662 11109 14827 5134 
14667 11112 14833 5136 
14673 11115 14841 5137 
14677 11116 14844 5141 
14681 11120 14849 5143 
14685 11124 14857 5146 
14691 11128 14864 5149 
14699 11133 14870 5153 
14706 11137 14874 5154 
14711 11143 14880 5158 
14716 11145 14884 5160 
14725 11156 14888 5166 
14732 11158 14895 5169 
14737 11166 14906 5170 
14741 11169 14911 5174 
14748 11176 14919 5175 
14753 11180 14925 5179 
14758 11185 14932 5182 
14760 11190 14941 5184 
14763 11194 14949 5186 
14770 11200 14952 5189 
14774 11209 14958 5191 
14778 11217 14966 5192 
14788 11222 14973 5199 
14795 11230 14976 5201 
14798 11234 14979 5205 
14806 11239 14982 5208 
14808 11243 14988 5209 
14817 11243 14994 5215 
14824 11246 15000 5220 
14828 11251 15003 5221 
14832 11254 15006 5222 
14837 11264 15011 5223 
14839 11268 15022 5224 
14846 11273 15034 5229 
14848 11280 15037 5229 
14852 11282 15047 5231 
14857 11286 15051 5231 
14860 11290 15055 5234 
14864 11298 15061 5236 
14868 11306 15066 5236 
14876 11307 15076 5237 
14880 11309 15081 5237 
14886 11315 15086 5239 
14890 11320 15096 5241 
14897 11321 15103 5244 
14901 11325 15112 5246 
14913 11330 15116 5249 
14921 11334 15123 5251 
14925 11340 15128 5252 
14934 11341 15135 5253 
14938 11345 15137 5255 
14942 11352 15142 5256 
14945 11356 15146 5261 
14953 11360 15151 5263 
14955 11364 15155 5267 
14959 11368 15163 5270 
14966 11373 15174 5270 
14974 11382 15181 5271 
14982 11385 15187 5273 
14988 11388 15194 5276 
14994 11393 15200 5278 
14998 11396 15204 5279 
15004 11397 15211 5284 
15010 11400 15217 5286 
15018 11410 15223 5288 
15020 11417 15230 5290 
15027 11423 15236 5292 
15036 11429 15245 5292 
15041 11435 15252 5295 
15045 11438 15259 5296 
15052 11442 15266 5297 
15061 11443 15272 5299 
15064 11449 15282 5299 
15072 11452 15284 5300 
15079 11454 15293 5300 
15093 11459 15302 5305 
15096 11461 15315 5306 
15104 11466 15319 5308 
15109 11471 15329 5309 
15115 11477 15338 5310 
15121 11480 15344 5314 
15125 11483 15354 5316 
15133 11486 15359 5318 
15147 11493 15362 5321 
15155 11497 15368 5323 
15158 11501 15374 5327 
15162 11509 15381 5329 
15171 11513 15382 5331 
15181 11518 15389 5335 
15189 11523 15398 5336 
15195 11528 15405 5339 
15199 11530 15412 5340 
15206 11536 15424 5342 
15213 11540 15431 5342 
15214 11545 15438 5343 
15218 11553 15447 5344 
15227 11557 15455 5346 
15236 11557 15459 5351 
15241 11561 15472 5354 
15248 11566 15478 5355 
15256 11571 15483 5356 
15261 11575 15494 5358 
15270 11583 15501 5360 
15272 11588 15509 5362 
15275 11592 15516 5365 
15277 11596 15525 5365 
15281 11600 15534 5366 
15286 11602 15537 5367 
15289 11608 15548 5368 
15292 11610 15553 5370 
15304 11613 15559 5371 
15309 11616 15566 5375 
15315 11620 15573 5378 
15316 11622 15580 5383 
15319 11627 15585 5384 
15320 11628 15592 5385 
15327 11630 15600 5385 
15331 11632 15603 5388 
15336 11640 15607 5391 
15349 11644 15617 5395 
15352 11649 15625 5396 
15357 11653 15628 5398 
15363 11659 15636 5401 
15366 11663 15643 5403 
15371 11668 15646 5405 
15381 11673 15650 5408 
15388 11679 15658 5411 
15397 11685 15663 5414 
15402 11688 15665 5418 
15404 11690 15675 5421 
15414 11694 15680 5424 
15421 11697 15683 5426 
15431 11702 15686 5428 
15434 11704 15694 5429 
15444 11706 15700 5429 
15452 11708 15702 5430 
15460 11714 15710 5432 
15466 11723 15714 5433 
15474 11729 15721 5435 
15478 11731 15723 5439 
15485 11735 15727 5440 
15491 11738 15733 5440 
15495 11744 15740 5443 
15498 11749 15741 5445 
15503 11754 15748 5447 
15509 11761 15752 5448 
15518 11765 15755 5449 
15526 11770 15764 5450 
15534 11773 15771 5450 
15537 11775 15776 5452 
15542 11779 15786 5456 
15551 11786 15790 5459 
15560 11788 15791 5461 
15565 11794 15798 5465 
15570 11801 15809 5466 
15575 11805 15814 5468 
15581 11811 15819 5469 
15584 11815 15827 5471 
15594 11821 15834 5472 
15601 11825 15841 5475 
15606 11827 15845 5478 
15610 11832 15852 5479 
15618 11835 15856 5480 
15620 11841 15862 5483 
15628 11844 15870 5487 
15632 11849 15874 5490 
15636 11851 15881 5491 
15644 11859 15891 5493 
15651 11866 15901 5493 
15655 11872 15903 5494 
15661 11874 15910 5497 
15668 11876 15915 5501 
15674 11880 15920 5504 
15679 11888 15926 5506 
15684 11893 15933 5508 
15692 11898 15941 5510 
15697 11904 15949 5513 
15698 11909 15953 5515 
15703 11913 15958 5517 
15712 11922 15965 5519 
15719 11926 15971 5523 
15725 11930 15979 5524 
15729 11938 15982 5528 
15737 11941 15988 5530 
15747 11947 15994 5534 
15751 11953 15997 5536 
15758 11954 16002 5539 
15761 11959 16016 5542 
15766 11962 16022 5543 
15769 11968 16025 5543 
15776 11972 16032 5545 
15786 11976 16040 5547 
15793 11978 16047 5549 
15799 11986 16053 5549 
15803 11990 16058 5551 
15808 11993 16062 5554 
15816 11996 16066 5556 
15817 12002 16073 5558 
15819 12010 16078 5558 
15823 12012 16085 5558 
15829 12018 16090 5560 
15834 12021 16098 5563 
15839 12024 16102 5566 
15841 12028 16108 5569 
15846 12032 16118 5571 
15848 12032 16124 5572 
15852 12032 16129 5573 
15860 12036 16138 5573 
15866 12040 16145 5574 
15872 12049 16157 5576 
15877 12058 16163 5577 
15883 12063 16165 5579 
15889 12069 16176 5581 
15896 12072 16183 5583 
15904 12076 16190 5586 
15911 12082 16197 5588 
15915 12086 16206 5589 
15926 12090 16211 5590 
15930 12092 16213 5593 
15936 12093 16217 5595 
15943 12096 16221 5596 
15954 12100 16229 5599 
15959 12105 16233 5601 
15968 12109 16238 5602 
15973 12114 16242 5607 
15978 12123 16243 5610 
15986 12127 16249 5612 
15991 12130 16253 5617 
15993 12132 16259 5618 
15997 12134 16265 5621 
15999 12140 16275 5625 
16003 12147 16278 5625 
16006 12150 16286 5625 
16016 12157 16292 5628 
16019 12161 16296 5629 
16023 12166 16303 5634 
16027 12173 16313 5636 
16032 12178 16321 5640 
16036 12182 16326 5640 
16040 12188 16329 5641 
16045 12197 16338 5641 
16046 12201 16342 5641 
16052 12203 16349 5642 
16055 12206 16354 5643 
16067 12210 16359 5644 
16076 12213 16366 5646 
16082 12215 16375 5651 
16086 12220 16380 5655 
16095 12223 16387 5657 
16102 12231 16391 5660 
16110 12236 16395 5666 
16115 12242 16399 5667 
16117 12249 16409 5668 
16122 12258 16412 5672 
16126 12263 16420 5675 
16135 12268 16429 5679 
16141 12274 16433 5679 
16143 12278 16436 5682 
16146 12279 16446 5683 
16153 12281 16447 5684 
16159 12283 16451 5686 
16166 12286 16458 5687 
16171 12289 16461 5690 
16177 12292 16468 5691 
16186 12298 16471 5692 
16194 12301 16477 5694 
16203 12305 16483 5698 
16211 12312 16488 5699 
16216 12313 16490 5700 
16220 12319 16499 5703 
16223 12323 16504 5703 
16225 12328 16510 5704 
16231 12332 16520 5708 
16234 12337 16526 5710 
16239 12347 16533 5712 
16248 12350 16543 5712 
16253 12355 16552 5713 
16260 12359 16557 5713 
16270 12366 16563 5717 
16273 12369 16569 5717 
16281 12374 16574 5719 
16288 12379 16588 5719 
16289 12380 16592 5720 
16297 12385 16598 5724 
16301 12388 16601 5725 
16303 12395 16607 5732 
16308 12402 16616 5734 
16314 12406 16622 5736 
16320 12408 16627 5738 
16328 12414 16629 5741 
16332 12419 16634 5744 
16338 12423 16638 5747 
16342 12428 16644 5749 
16345 12434 16649 5752 
16348 12439 16652 5754 
16353 12442 16658 5761 
16363 12448 16668 5761 
16369 12454 16675 5764 
16374 12456 16681 5767 
16378 12459 16688 5767 
16378 12462 16693 5769 
16384 12466 16699 5773 
16388 12480 16700 5776 
16391 12487 16707 5780 
16402 12490 16713 5781 
16411 12491 16716 5784 
16416 12498 16721 5786 
16421 12501 16728 5790 
16429 12505 16737 5793 
16434 12510 16747 5796 
16441 12514 16753 5798 
16450 12519 16757 5798 
16458 12524 16762 5802 
16465 12530 16764 5802 
16471 12535 16771 5802 
16481 12535 16782 5802 
16486 12543 16789 5803 
16494 12549 16795 5806 
16502 12553 16805 5806 
16507 12555 16811 5807 
16513 12565 16814 5808 
16518 12566 16821 5810 
16522 12572 16826 5812 
16531 12576 16836 5813 
16538 12584 16844 5816 
16545 12589 16850 5818 
16551 12593 16859 5819 
16554 12600 16869 5821 
16562 12605 16878 5821 
16566 12612 16885 5824 
16569 12613 16890 5826 
16577 12619 16902 5828 
16579 12625 16909 5832 
16591 12630 16919 5834 
16596 12635 16923 5836 
16601 12643 16926 5840 
16608 12645 16928 5840 
16617 12648 16936 5842 
16625 12652 16948 5843 
16631 12657 16955 5845 
16641 12661 16962 5848 
16644 12665 16969 5850 
16650 12668 16978 5852 
16658 12670 16988 5855 
16663 12676 16993 5856 
16667 12679 16999 5857 
16677 12683 17003 5858 
16682 12688 17011 5861 
16690 12692 17021 5863 
16698 12697 17029 5864 
16705 12705 17035 5867 
16713 12711 17039 5870 
16724 12715 17046 5873 
16730 12720 17056 5876 
16733 12723 17062 5880 
16735 12731 17072 5881 
16743 12734 17077 5882 
16751 12735 17082 5884 
16752 12742 17084 5886 
16756 12744 17092 5888 
16768 12748 17098 5891 
16775 12752 17103 5897 
16782 12756 17112 5898 
16789 12765 17119 5900 
16798 12773 17123 5901 
16807 12780 17134 5903 
16816 12786 17137 5905 
16822 12790 17144 5907 
16826 12799 17148 5907 
16832 12804 17153 5907 
16840 12809 17156 5908 
16846 12816 17165 5909 
16852 12819 17170 5914 
16856 12827 17177 5916 
16862 12830 17186 5918 
16866 12839 17188 5918 
16869 12846 17192 5919 
16877 12850 17196 5921 
16883 12852 17201 5923 
16887 12857 17205 5925 
16892 12859 17212 5929 
16896 12866 17220 5932 
16901 12869 17222 5939 
16905 12874 17226 5942 
16912 12881 17232 5943 
16920 12884 17236 5945 
16927 12887 17248 5950 
16931 12891 17259 5950 
16936 12892 17267 5952 
16942 12901 17275 5955 
16949 12908 17282 5958 
16953 12914 17288 5959 
16960 12917 17294 5961 
16964 12921 17299 5962 
16969 12927 17302 5964 
16974 12933 17309 5966 
16983 12941 17316 5969 
16989 12941 17324 5971 
16996 12943 17330 5975 
17005 12949 17336 5979 
17011 12952 17344 5983 
17014 12955 17353 5987 
17022 12961 17358 5990 
17029 12965 17366 5996 
17034 12968 17368 5999 
17039 12972 17380 6000 
17044 12974 17390 6001 
17053 12983 17393 6006 
17055 12989 17398 6006 
17064 12993 17403 6006 
17066 12995 17404 6007 
17070 12998 17411 6007 
17079 13004 17419 6009 
17088 13010 17426 6013 
17095 13012 17428 6015 
17100 13018 17435 6016 
17102 13021 17445 6016 
17108 13024 17449 6018 
17115 13026 17455 6019 
17121 13027 17459 6020 
17128 13029 17463 6024 
17136 13036 17468 6025 
17140 13044 17479 6025 
17149 13047 17487 6028 
17156 13050 17494 6029 
17158 13055 17501 6032 
17167 13058 17505 6033 
17170 13061 17507 6038 
17172 13064 17515 6042 
17178 13066 17518 6046 
17185 13072 17532 6049 
17188 13075 17535 6050 
17193 13079 17544 6053 
17199 13082 17548 6055 
17207 13089 17553 6056 
17211 13093 17560 6059 
17216 13095 17562 6064 
17221 13096 17566 6065 
17229 13102 17572 6067 
17241 13106 17579 6068 
17245 13111 17587 6073 
17252 13117 17594 6074 
17257 13118 17600 6076 
17265 13129 17603 6079 
17271 13137 17610 6082 
17277 13142 17616 6083 
17286 13147 17624 6083 
17291 13152 17630 6083 
17300 13158 17635 6084 
17305 13160 17645 6085 
17308 13167 17650 6086 
17312 13176 17657 6089 
17315 13182 17662 6091 
17320 13187 17672 6093 
17325 13191 17681 6095 
17333 13197 17686 6095 
17339 13204 17688 6097 
17341 13210 17693 6100 
17347 13215 17702 6104 
17352 13217 17712 6106 
17357 13221 17718 6108 
17363 13227 17723 6111 
17370 13232 17724 6112 
17377 13239 17728 6115 
17379 13245 17735 6117 
17386 13249 17742 6119 
17396 13256 17748 6119 
17405 13259 17753 6122 
17413 13264 17755 6124 
17418 13268 17766 6125 
17424 13275 17769 6127 
17429 13276 17776 6129 
17438 13280 17781 6133 
17439 13287 17786 6134 
17444 13288 17793 6136 
17453 13290 17802 6139 
17457 13292 17804 6139 
17465 13299 17808 6141 
17471 13304 17812 6145 
17475 13308 17820 6145 
17484 13312 17825 6146 
17487 13317 17836 6151 
17496 13324 17840 6152 
17504 13332 17844 6156 
17511 13337 17853 6157 
17516 13341 17859 6158 
17522 13343 17863 6160 
17529 13349 17867 6162 
17537 13352 17871 6163 
17538 13356 17882 6166 
17542 13361 17889 6167 
17546 13363 17894 6170 
17555 13369 17901 6172 
17564 13373 17908 6174 
17572 13379 17915 6175 
17577 13385 17919 6176 
17580 13394 17925 6178 
17583 13397 17930 6178 
17586 13400 17936 6182 
17590 13400 17943 6186 
17595 13402 17947 6189 
17603 13408 17954 6190 
17605 13414 17957 6194 
17608 13419 17968 6196 
17612 13425 17977 6199 
17618 13432 17988 6204 
17623 13436 17994 6206 
17627 13442 17999 6209 
17632 13444 18013 6211 
17634 13450 18019 6213 
17642 13451 18022 6214 
17650 13457 18030 6216 
17655 13461 18040 6218 
17659 13467 18050 6219 
17665 13473 18051 6220 
17673 13479 18056 6222 
17684 13488 18063 6226 
17692 13492 18072 6229 
17695 13498 18076 6229 
17700 13502 18080 6232 
17706 13507 18085 6234 
17714 13513 18094 6238 
17722 13517 18096 6241 
17728 13521 18101 6243 
17732 13524 18116 6246 
17738 13527 18122 6246 
17746 13533 18129 6248 
17749 13535 18135 6248 
17753 13539 18144 6249 
17757 13543 18150 6252 
17764 13549 18155 6255 
17768 13553 18161 6258 
17774 13559 18166 6259 
17781 13565 18171 6263 
17787 13571 18178 6263 
17790 13572 18187 6266 
17793 13577 18192 6268 
17800 13581 18199 6271 
17805 13587 18205 6271 
17808 13591 18216 6273 
17811 13600 18223 6274 
17816 13607 18235 6276 
17822 13613 18244 6277 
17825 13618 18253 6281 
17831 13626 18260 6285 
17835 13629 18266 6290 
17837 13630 18273 6295 
17841 13637 18278 6298 
17845 13641 18280 6299 
17851 13645 18291 6302 
17854 13651 18300 6305 
17858 13657 18308 6309 
17865 13661 18314 6313 
17871 13668 18322 6313 
17878 13675 18325 6314 
17885 13677 18330 6320 
17891 13679 18335 6320 
17895 13683 18343 6326 
17903 13689 18349 6327 
17905 13694 18357 6330 
17907 13700 18363 6331 
17916 13707 18367 6333 
17921 13711 18371 6335 
17926 13715 18373 6335 
17929 13720 18378 6338 
17934 13726 18389 6340 
17941 13734 18402 6346 
17948 13735 18410 6349 
17957 13737 18417 6350 
17960 13743 18423 6350 
17965 13744 18428 6355 
17967 13752 18434 6359 
17974 13757 18438 6362 
17980 13768 18444 6364 
17985 13775 18449 6365 
17987 13780 18456 6369 
17993 13782 18471 6371 
17997 13785 18476 6373 
18002 13792 18488 6375 
18011 13799 18497 6378 
18021 13801 18505 6381 
18024 13805 18509 6383 
18030 13808 18521 6385 
18036 13816 18527 6389 
18040 13820 18534 6391 
18043 13826 18541 6394 
18052 13829 18547 6395 
18056 13833 18554 6400 
18059 13838 18561 6407 
18062 13846 18564 6407 
18067 13852 18570 6409 
18074 13857 18575 6410 
18084 13863 18585 6412 
18086 13869 18597 6415 
18091 13874 18602 6417 
18098 13881 18603 6419 
18103 13882 18611 6421 
18106 13885 18618 6423 
18110 13889 18624 6424 
18114 13896 18628 6426 
18122 13902 18636 6426 
18130 13903 18643 6428 
18138 13909 18653 6431 
18146 13912 18661 6433 
18155 13918 18664 6435 
18161 13926 18671 6439 
18165 13930 18675 6440 
18169 13939 18680 6442 
18177 13946 18687 6443 
18183 13947 18692 6445 
18188 13949 18697 6446 
18195 13956 18700 6448 
18200 13963 18705 6452 
18207 13967 18707 6453 
18213 13970 18715 6457 
18216 13976 18720 6459 
18224 13979 18728 6464 
18234 13981 18731 6469 
18241 13988 18739 6469 
18248 13996 18746 6472 
18256 13998 18754 6474 
18259 14001 18763 6477 
18266 14007 18767 6479 
18267 14015 18770 6479 
18272 14023 18779 6481 
18277 14025 18787 6481 
18281 14026 18795 6484 
18286 14035 18803 6485 
18292 14037 18810 6489 
18297 14042 18819 6493 
18300 14049 18832 6496 
18307 14059 18837 6498 
18311 14062 18841 6499 
18315 14070 18851 6501 
18319 14073 18856 6503 
18325 14075 18857 6506 
18333 14079 18858 6509 
18335 14081 18871 6512 
18342 14085 18875 6513 
18345 14088 18880 6513 
18349 14094 18883 6516 
18353 14096 18889 6517 
18359 14104 18896 6520 
18363 14108 18903 6528 
18372 14116 18912 6531 
18377 14123 18915 6532 
18383 14131 18919 6535 
18391 14139 18927 6539 
18397 14145 18932 6541 
18400 14151 18942 6545 
18414 14160 18947 6546 
18418 14168 18953 6549 
18424 14172 18958 6551 
18429 14179 18969 6555 
18434 14183 18973 6559 
18439 14184 18978 6559 
18445 14191 18983 6559 
18449 14194 18989 6563 
18454 14200 18992 6565 
18459 14208 19000 6568 
18462 14214 19009 6571 
18470 14221 19017 6572 
18474 14226 19024 6574 
18479 14230 19032 6575 
18487 14235 19040 6579 
18489 14237 19047 6579 
18494 14240 19050 6580 
18503 14247 19057 6582 
18510 14249 19069 6583 
18513 14252 19081 6585 
18521 14256 19088 6587 
18531 14260 19098 6590 
18537 14267 19107 6592 
18548 14274 19109 6595 
18551 14279 19110 6596 
18554 14284 19120 6599 
18559 14294 19123 6602 
18564 14299 19126 6604 
18570 14305 19133 6608 
18576 14312 19137 6610 
18582 14317 19146 6611 
18589 14320 19152 6612 
18596 14322 19159 6614 
18601 14328 19164 6614 
18608 14333 19173 6617 
18611 14335 19176 6618 
18617 14338 19182 6620 
18628 14340 19187 6623 
18631 14343 19194 6624 
18634 14347 19196 6626 
18642 14351 19203 6631 
18650 14355 19209 6634 
18657 14358 19218 6635 
18663 14362 19225 6638 
18673 14364 19236 6640 
18675 14371 19243 6641 
18681 14377 19254 6648 
18686 14379 19260 6651 
18694 14385 19263 6654 
18704 14398 19269 6656 
18708 14399 19278 6658 
18713 14410 19286 6659 
18717 14416 19291 6660 
18722 14419 19296 6663 
18726 14423 19300 6664 
18734 14427 19304 6667 
18740 14433 19314 6667 
18744 14439 19318 6671 
18751 14442 19325 6674 
18755 14446 19331 6676 
18763 14452 19335 6676 
18765 14456 19339 6680 
18771 14462 19348 6682 
18781 14467 19356 6683 
18785 14471 19364 6686 
18789 14475 19371 6686 
18797 14484 19377 6686 
18802 14488 19385 6688 
18805 14494 19391 6691 
18810 14497 19401 6692 
18817 14499 19405 6692 
18822 14503 19411 6694 
18830 14507 19421 6696 
18839 14512 19427 6700 
18848 14516 19433 6702 
18854 14521 19437 6703 
18861 14526 19439 6704 
18868 14531 19449 6705 
18875 14541 19454 6707 
18878 14545 19460 6708 
18888 14552 19465 6711 
18893 14558 19471 6711 
18896 14567 19474 6714 
18899 14574 19481 6716 
18908 14578 19491 6718 
18917 14581 19497 6721 
18924 14583 19506 6722 
18931 14587 19512 6725 
18938 14595 19520 6727 
18942 14602 19527 6729 
18950 14606 19533 6730 
18958 14611 19546 6733 
18960 14615 19556 6736 
18962 14622 19564 6738 
18964 14625 19572 6740 
18972 14629 19574 6741 
18983 14635 19581 6742 
18988 14640 19592 6745 
18992 14645 19599 6749 
18998 14652 19606 6750 
19001 14662 19614 6754 
19008 14667 19623 6755 
19014 14670 19625 6757 
19019 14673 19629 6763 
19028 14677 19633 6764 
19034 14682 19638 6765 
19042 14685 19642 6768 
19045 14690 19648 6768 
19051 14699 19653 6770 
19056 14701 19661 6771 
19064 14704 19663 6774 
19067 14711 19669 6777 
19073 14719 19673 6777 
19078 14723 19675 6781 
19083 14727 19686 6783 
19092 14736 19696 6786 
19103 14741 19702 6790 
19109 14743 19704 6791 
19114 14749 19712 6793 
19119 14759 19723 6795 
19125 14763 19727 6798 
19128 14768 19734 6800 
19136 14774 19742 6802 
19141 14781 19747 6805 
19147 14789 19757 6805 
19156 14798 19764 6808 
19161 14801 19770 6808 
19167 14806 19774 6812 
19170 14810 19783 6814 
19175 14812 19786 6816 
19180 14822 19791 6818 
19186 14824 19801 6823 
19194 14827 19806 6828 
19199 14832 19816 6831 
19205 14838 19827 6835 
19212 14839 19830 6838 
19218 14843 19836 6841 
19223 14845 19840 6843 
19230 14849 19847 6843 
19241 14854 19852 6847 
19244 14856 19862 6848 
19247 14868 19872 6850 
19262 14870 19877 6853 
19267 14876 19886 6855 
19272 14880 19891 6855 
19276 14886 19900 6861 
19277 14890 19910 6863 
19282 14895 19918 6864 
19288 14903 19924 6867 
19291 14912 19930 6873 
19299 14915 19935 6875 
19304 14921 19941 6879 
19313 14925 19946 6881 
19318 14932 19951 6883 
19321 14936 19960 6886 
19327 14945 19970 6887 
19334 14949 19978 6889 
19339 14951 19983 6893 
19346 14958 19992 6897 
19354 14966 19995 6897 
19359 14970 19999 6898 
19368 14972 20004 6902 
19371 14975 20012 6904 
19379 14982 20016 6905 
19386 14984 20024 6907 
19392 14987 20032 6908 
19401 14994 20040 6909 
19404 14997 20046 6911 
19407 15002 20051 6913 
19416 15010 20060 6917 
19424 15018 20065 6918 
19432 15025 20070 6922 
19439 15028 20075 6924 
19446 15034 20080 6925 
19451 15038 20085 6927 
19455 15042 20088 6932 
19465 15045 20091 6932 
19476 15051 20101 6933 
19481 15056 20108 6934 
19485 15061 20114 6937 
19492 15068 20120 6939 
19505 15072 20126 6940 
19514 15075 20134 6941 
19522 15082 20137 6943 
19528 15086 20145 6948 
19538 15093 20149 6950 
19542 15095 20151 6952 
19548 15097 20160 6953 
19552 15102 20166 6954 
19558 15104 20172 6957 
19563 15108 20177 6957 
19569 15117 20180 6962 
19581 15120 20183 6966 
19590 15121 20193 6970 
19601 15128 20200 6973 
19610 15135 20205 6975 
19620 15140 20211 6977 
19625 15147 20215 6979 
19634 15148 20220 6980 
19642 15154 20224 6981 
19646 15161 20233 6985 
19654 15165 20240 6986 
19661 15165 20247 6987 
19668 15168 20257 6989 
19670 15175 20259 6991 
19679 15179 20266 6994 
19684 15185 20270 6996 
19685 15189 20277 7001 
19691 15193 20280 7004 
19696 15196 20288 7011 
19705 15201 20292 7012 
19711 15203 20300 7014 
19716 15206 20305 7018 
19721 15212 20310 7022 
19725 15219 20314 7023 
19729 15222 20317 7027 
19734 15225 20323 7029 
19741 15230 20332 7032 
19749 15241 20333 7033 
19752 15244 20340 7033 
19756 15252 20349 7034 
19759 15257 20352 7034 
19763 15260 20359 7039 
19769 15267 20364 7043 
19780 15275 20369 7045 
19785 15280 20373 7046 
19791 15287 20378 7048 
19795 15294 20385 7051 
19804 15301 20387 7054 
19807 15307 20392 7057 
19812 15312 20399 7062 
19816 15318 20410 7064 
19822 15325 20416 7066 
19826 15333 20423 7067 
19833 15335 20427 7071 
19840 15341 20437 7072 
19846 15348 20445 7073 
19851 15352 20455 7076 
19856 15356 20459 7077 
19867 15362 20464 7078 
19878 15368 20476 7080 
19883 15373 20482 7081 
19888 15376 20495 7083 
19892 15382 20503 7088 
19898 15389 20506 7090 
19904 15396 20512 7092 
19911 15403 20516 7092 
19925 15406 20520 7092 
19933 15409 20526 7093 
19939 15413 20536 7096 
19948 15418 20545 7098 
19958 15425 20554 7098 
19969 15429 20560 7100 
19980 15434 20564 7100 
19985 15439 20566 7105 
19991 15443 20581 7107 
19995 15445 20592 7110 
20000 15450 20601 7114 
20011 15456 20604 7115 
20017 15459 20614 7118 
20027 15463 20620 7121 
20034 15469 20624 7123 
20040 15475 20631 7127 
20042 15475 20639 7129 
20049 15479 20647 7135 
20053 15484 20657 7139 
20058 15491 20666 7141 
20066 15496 20670 7142 
20069 15499 20675 7144 
20077 15501 20680 7146 
20079 15509 20683 7147 
20081 15519 20697 7150 
20084 15521 20710 7150 
20088 15527 20719 7154 
20092 15536 20727 7156 
20104 15540 20735 7158 
20107 15543 20744 7161 
20112 15547 20750 7165 
20119 15553 20753 7165 
20123 15560 20755 7170 
20125 15561 20761 7171 
20135 15566 20763 7172 
20144 15569 20770 7176 
20152 15570 20781 7179 
20158 15579 20790 7180 
20163 15581 20797 7185 
20168 15587 20804 7187 
20179 15594 20810 7189 
20184 15597 20816 7190 
20193 15599 20824 7192 
20202 15606 20829 7194 
20208 15610 20834 7199 
20211 15614 20842 7202 
20219 15617 20853 7203 
20223 15620 20862 7206 
20231 15622 20867 7207 
20239 15633 20872 7207 
20247 15639 20872 7208 
20253 15643 20877 7209 
20256 15650 20882 7210 
20262 15655 20888 7210 
20268 15660 20896 7213 
20274 15664 20900 7216 
20284 15669 20905 7218 
20291 15673 20912 7220 
20295 15680 20921 7225 
20304 15681 20927 7228 
20308 15686 20930 7229 
20311 15697 20940 7230 
20317 15703 20945 7230 
20321 15704 20953 7233 
20325 15706 20957 7237 
20331 15713 20961 7239 
20336 15716 20967 7240 
20345 15721 20969 7244 
20352 15726 20976 7245 
20361 15729 20981 7246 
20372 15730 20988 7250 
20379 15733 20996 7253 
20380 15738 21001 7256 
20383 15744 21008 7256 
20391 15753 21015 7257 
20394 15758 21019 7258 
20400 15764 21024 7267 
20404 15767 21031 7272 
20410 15770 21036 7275 
20419 15779 21044 7277 
20428 15784 21050 7280 
20430 15786 21058 7282 
20437 15790 21064 7285 
20443 15794 21070 7287 
20448 15799 21076 7289 
20454 15805 21078 7291 
20462 15808 21080 7293 
20464 15813 21084 7296 
20471 15817 21093 7298 
20478 15823 21099 7302 
20486 15827 21104 7306 
20493 15829 21115 7310 
20497 15833 21119 7314 
20501 15836 21123 7314 
20505 15842 21133 7315 
20513 15848 21141 7316 
20523 15853 21145 7320 
20529 15857 21152 7322 
20535 15860 21157 7324 
20540 15864 21163 7326 
20543 15869 21176 7327 
20550 15872 21182 7328 
20558 15877 21186 7330 
20562 15882 21192 7332 
20568 15887 21197 7339 
20571 15897 21201 7343 
20577 15902 21207 7343 
20583 15907 21218 7346 
20589 15911 21223 7347 
20599 15916 21227 7348 
20604 15923 21232 7350 
20609 15928 21235 7353 
20614 15935 21238 7360 
20617 15939 21240 7362 
20623 15949 21248 7365 
20630 15951 21252 7365 
20630 15958 21258 7366 
20634 15961 21267 7368 
20638 15964 21275 7372 
20643 15970 21283 7374 
20646 15973 21293 7374 
20654 15974 21304 7376 
20658 15982 21313 7380 
20662 15989 21321 7383 
20667 15991 21325 7384 
20674 15995 21329 7385 
20680 16002 21334 7386 
20687 16007 21346 7386 
20693 16013 21357 7389 
20700 16017 21364 7390 
20707 16020 21369 7391 
20712 16024 21373 7391 
20721 16026 21379 7394 
20726 16029 21385 7395 
20730 16034 21391 7401 
20735 16038 21402 7404 
20742 16041 21409 7407 
20748 16044 21414 7414 
20750 16048 21421 7416 
20756 16050 21427 7419 
20766 16052 21435 7421 
20772 16056 21443 7423 
20780 16061 21449 7424 
20787 16070 21457 7426 
20791 16074 21462 7429 
20799 16076 21469 7435 
20805 16086 21476 7437 
20805 16087 21483 7440 
20810 16092 21490 7441 
20819 16099 21493 7444 
20826 16102 21497 7447 
20829 16109 21507 7449 
20834 16110 21512 7452 
20840 16114 21513 7452 
20847 16117 21521 7453 
20857 16123 21527 7453 
20861 16129 21530 7456 
20867 16137 21535 7459 
20871 16140 21541 7463 
20880 16147 21548 7465 
20884 16150 21555 7467 
20890 16155 21562 7471 
20897 16161 21567 7474 
20900 16165 21579 7477 
20907 16168 21590 7480 
20914 16171 21596 7482 
20920 16176 21604 7484 
20923 16178 21608 7487 
20930 16183 21610 7487 
20941 16187 21615 7490 
20953 16189 21620 7492 
20956 16195 21630 7494 
20963 16199 21635 7495 
20969 16204 21642 7499 
20975 16210 21647 7505 
20980 16213 21652 7505 
20986 16220 21656 7507 
20990 16224 21667 7510 
21000 16230 21672 7514 
21002 16234 21681 7516 
21010 16239 21689 7519 
21017 16241 21696 7521 
21019 16245 21704 7523 
21024 16248 21707 7525 
21030 16251 21716 7527 
21035 16258 21723 7529 
21038 16266 21736 7530 
21044 16269 21745 7533 
21049 16279 21752 7537 
21056 16285 21757 7540 
21063 16288 21757 7543 
21070 16293 21763 7545 
21075 16297 21766 7546 
21078 16301 21774 7548 
21086 16307 21785 7552 
21094 16312 21790 7553 
21099 16321 21798 7553 
21106 16326 21806 7553 
21110 16327 21814 7557 
21117 16332 21822 7558 
21125 16338 21831 7560 
21134 16345 21835 7562 
21143 16352 21841 7562 
21153 16357 21844 7566 
21157 16364 21852 7569 
21167 16365 21864 7576 
21171 16369 21870 7577 
21176 16374 21874 7578 
21179 16383 21887 7579 
21186 16387 21896 7581 
21194 16392 21904 7585 
21197 16400 21909 7586 
21203 16404 21913 7590 
21211 16411 21916 7594 
21219 16415 21924 7596 
21223 16422 21926 7601 
21230 16423 21938 7603 
21239 16425 21945 7604 
21244 16427 21950 7606 
21250 16431 21957 7609 
21256 16436 21968 7611 
21260 16441 21977 7614 
21265 16442 21983 7618 
21270 16447 21987 7620 
21274 16451 21999 7622 
21282 16455 22012 7624 
21286 16460 22020 7626 
21292 16462 22023 7627 
21295 16469 22028 7629 
21300 16473 22034 7630 
21308 16480 22040 7630 
21317 16489 22051 7632 
21321 16490 22055 7635 
21328 16495 22058 7636 
21334 16500 22064 7639 
21344 16503 22074 7642 
21346 16506 22085 7644 
21352 16511 22092 7648 
21357 16515 22100 7651 
21362 16524 22105 7654 
21366 16529 22112 7655 
21372 16532 22120 7656 
21386 16538 22131 7656 
21391 16542 22138 7661 
21398 16546 22144 7666 
21404 16552 22153 7668 
21411 16556 22157 7668 
21415 16560 22162 7669 
21417 16566 22164 7672 
21428 16568 22170 7673 
21435 16571 22178 7678 
21443 16578 22184 7681 
21448 16582 22192 7682 
21452 16591 22201 7685 
21455 16596 22210 7686 
21459 16602 22216 7686 
21462 16608 22221 7687 
21468 16614 22226 7691 
21472 16617 22236 7692 
21478 16619 22241 7697 
21482 16624 22248 7700 
21491 16630 22255 7704 
21498 16636 22258 7705 
21501 16643 22271 7711 
21506 16647 22277 7712 
21511 16649 22281 7713 
21520 16653 22282 7716 
21524 16656 22288 7718 
21536 16664 22294 7718 
21540 16670 22300 7720 
21545 16673 22307 7723 
21550 16676 22315 7728 
21554 16680 22316 7730 
21558 16684 22320 7730 
21569 16691 22324 7733 
21576 16697 22337 7733 
21579 16703 22342 7734 
21580 16705 22348 7737 
21586 16708 22353 7741 
21587 16712 22356 7742 
21590 16716 22361 7743 
21602 16721 22368 7746 
21609 16725 22376 7750 
21618 16729 22382 7753 
21623 16736 22389 7755 
21629 16741 22393 7759 
21632 16745 22398 7760 
21637 16749 22404 7767 
21639 16756 22406 7771 
21647 16758 22415 7772 
21657 16765 22423 7774 
21659 16768 22429 7775 
21664 16774 22435 7778 
21674 16780 22444 7782 
21680 16787 22450 7787 
21688 16792 22461 7789 
21693 16799 22464 7791 
21699 16807 22472 7795 
21706 16810 22478 7796 
21712 16813 22487 7799 
21721 16819 22498 7800 
21728 16823 22506 7801 
21731 16828 22512 7802 
21739 16834 22519 7803 
21741 16841 22522 7807 
21749 16848 22530 7809 
21754 16855 22534 7811 
21763 16861 22539 7811 
21771 16867 22549 7811 
21776 16869 22556 7812 
21786 16874 22560 7815 
21790 16877 22572 7818 
21791 16882 22583 7823 
21796 16886 22590 7826 
21798 16890 22602 7827 
21803 16896 22605 7828 
21810 16903 22608 7830 
21812 16904 22614 7833 
21818 16908 22623 7834 
21826 16913 22630 7838 
21830 16922 22644 7839 
21842 16925 22649 7844 
21851 16930 22654 7847 
21855 16935 22660 7847 
21864 16943 22664 7851 
21871 16952 22669 7855 
21878 16960 22675 7857 
21883 16966 22678 7858 
21889 16970 22686 7861 
21896 16982 22690 7865 
21901 16986 22700 7869 
21903 16992 22713 7870 
21913 16993 22717 7871 
21920 16996 22726 7872 
21925 17006 22736 7874 
21930 17011 22742 7876 
21935 17015 22752 7882 
21940 17020 22754 7886 
21946 17023 22757 7887 
21952 17024 22767 7892 
21958 17029 22775 7894 
21961 17032 22783 7897 
21971 17033 22789 7901 
21975 17041 22792 7902 
21979 17043 22799 7903 
21983 17050 22807 7905 
21986 17056 22812 7906 
21995 17060 22821 7909 
22001 17065 22830 7910 
22006 17070 22836 7912 
22016 17073 22841 7916 
22020 17077 22847 7919 
22027 17084 22852 7923 
22031 17086 22855 7925 
22036 17089 22864 7928 
22042 17092 22867 7928 
22048 17095 22872 7929 
22054 17099 22885 7933 
22065 17106 22896 7935 
22076 17107 22902 7936 
22079 17111 22906 7938 
22090 17116 22912 7941 
22095 17120 22919 7942 
22104 17124 22929 7947 
22108 17129 22939 7949 
22115 17134 22942 7951 
22118 17140 22952 7952 
22122 17147 22960 7952 
22126 17152 22966 7953 
22132 17153 22972 7956 
22146 17157 22979 7958 
22155 17163 22984 7960 
22157 17170 22989 7963 
22160 17177 22995 7964 
22164 17182 23002 7966 
22171 17186 23006 7968 
22174 17187 23014 7969 
22182 17190 23018 7971 
22186 17190 23024 7973 
22190 17192 23028 7975 
22199 17194 23034 7979 
22204 17198 23038 7980 
22209 17202 23047 7983 
22218 17207 23056 7985 
22226 17212 23063 7986 
22233 17218 23069 7990 
22243 17229 23074 7991 
22249 17232 23078 7993 
22254 17235 23084 7995 
22264 17239 23093 7995 
22268 17244 23100 7996 
22278 17247 23104 7999 
22284 17249 23111 8002 
22290 17252 23121 8003 
22299 17258 23128 8004 
22308 17262 23132 8008 
22312 17263 23142 8008 
22319 17267 23148 8011 
22327 17273 23160 8016 
22335 17280 23166 8019 
22344 17282 23170 8020 
22350 17284 23174 8022 
22357 17286 23179 8023 
22363 17289 23180 8024 
22371 17294 23190 8029 
22377 17297 23197 8029 
22379 17303 23205 8032 
22391 17308 23210 8036 
22396 17309 23216 8037 
22401 17313 23219 8038 
