0 0 0 0 
4 5 5 4 
7 8 12 7 
8 15 18 7 
17 19 20 10 
24 22 23 11 
26 24 29 13 
29 24 35 15 
33 25 40 17 
43 33 42 19 
50 37 43 20 
57 40 48 22 
64 47 52 24 
70 48 60 28 
75 51 62 30 
81 54 66 32 
82 59 73 34 
90 61 79 38 
93 63 88 41 
101 64 90 43 
106 68 96 44 
111 71 97 44 
117 73 102 46 
119 74 106 48 
122 77 112 51 
129 77 115 51 
133 82 123 53 
137 84 128 53 
141 86 129 56 
146 89 131 63 
153 92 136 63 
157 93 142 63 
164 97 148 66 
169 100 151 67 
177 105 157 71 
180 109 161 72 
185 113 166 76 
190 115 170 78 
195 116 172 79 
203 119 175 79 
206 129 179 81 
209 129 185 82 
212 133 192 82 
217 135 199 83 
220 136 202 83 
229 140 204 86 
235 143 210 88 
239 150 216 89 
244 153 222 95 
253 159 225 95 
260 161 234 98 
263 164 240 99 
268 166 246 102 
274 170 248 104 
277 174 258 106 
285 176 263 109 
291 179 269 109 
293 181 273 110 
299 186 277 112 
305 186 285 114 
313 189 287 115 
325 192 292 117 
328 197 300 119 
334 200 302 120 
341 204 309 126 
348 204 314 129 
354 207 316 131 
355 209 319 131 
367 210 322 131 
373 211 327 136 
380 215 328 138 
382 218 334 140 
388 220 342 142 
391 226 347 146 
393 231 352 146 
399 232 354 147 
407 236 358 149 
415 239 364 150 
424 243 367 151 
431 244 370 157 
436 245 376 157 
438 249 384 159 
442 256 387 160 
446 258 396 162 
451 259 403 163 
456 261 408 166 
460 263 416 169 
468 265 419 169 
476 268 421 172 
486 273 424 177 
492 277 431 178 
503 283 434 179 
509 288 438 181 
511 289 440 182 
521 294 443 187 
526 295 446 192 
532 299 450 192 
538 305 452 192 
545 308 457 194 
550 311 458 195 
551 316 462 199 
555 319 465 204 
563 325 472 206 
567 329 478 208 
570 330 483 210 
577 336 484 210 
580 339 488 210 
587 341 490 214 
591 344 498 216 
598 348 504 219 
601 354 507 220 
605 360 512 223 
608 365 514 223 
610 371 519 224 
613 375 522 228 
622 380 527 234 
630 385 533 235 
634 390 537 237 
639 396 542 240 
645 399 544 242 
649 402 553 242 
653 405 558 243 
658 407 561 244 
663 415 569 245 
670 416 576 249 
676 420 579 249 
682 423 586 252 
687 427 596 255 
690 430 599 258 
695 435 609 259 
701 440 616 259 
705 447 621 262 
712 447 627 265 
716 449 632 267 
722 449 634 270 
727 451 643 273 
732 454 649 275 
743 457 655 277 
749 459 664 279 
752 461 671 280 
761 461 675 281 
765 464 682 281 
769 467 689 283 
770 472 689 283 
778 476 691 284 
785 480 692 286 
789 481 694 287 
794 485 696 289 
797 489 702 289 
802 497 705 290 
807 499 706 290 
815 503 713 291 
818 504 716 294 
823 508 723 296 
824 514 730 297 
826 515 733 299 
832 517 736 301 
837 520 742 303 
842 524 749 303 
844 530 758 304 
854 534 765 305 
862 540 772 307 
867 543 776 308 
874 546 783 311 
881 548 788 312 
885 550 794 312 
893 555 804 313 
898 560 809 315 
902 564 812 317 
907 568 815 317 
918 572 820 318 
920 575 827 320 
928 579 833 321 
938 591 840 321 
943 593 844 321 
955 595 852 324 
959 600 859 325 
968 605 859 328 
979 608 865 332 
987 614 873 335 
993 617 877 338 
1003 620 884 341 
1009 625 890 343 
1014 628 895 344 
1026 630 899 346 
1032 633 906 349 
1034 634 912 353 
1045 635 921 355 
1050 641 924 356 
1053 644 930 360 
1061 645 934 360 
1069 647 935 362 
1076 655 937 366 
1080 659 939 369 
1085 662 944 369 
1092 665 946 373 
1096 674 954 374 
1099 680 959 374 
1103 681 962 376 
1104 684 965 382 
1111 685 969 383 
1118 687 975 387 
1121 695 981 391 
1128 695 985 392 
1137 697 990 392 
1143 700 992 393 
1149 705 1001 395 
1151 711 1007 397 
1158 718 1011 398 
1161 725 1015 401 
1163 728 1021 403 
1170 730 1028 406 
1172 734 1035 406 
1176 740 1042 408 
1182 750 1048 410 
1186 753 1052 411 
1190 754 1056 413 
1196 756 1063 415 
1199 760 1070 419 
1200 764 1075 420 
1205 765 1084 421 
1211 768 1089 423 
1215 770 1095 423 
1221 773 1098 426 
1226 777 1104 428 
1232 785 1109 430 
1238 790 1113 431 
1242 795 1117 435 
1246 798 1123 436 
1248 803 1128 436 
1253 806 1137 438 
1256 810 1143 438 
1264 815 1150 439 
1270 817 1151 442 
1273 821 1158 442 
1273 824 1163 443 
1281 826 1169 443 
1287 830 1174 445 
1294 834 1181 446 
1301 840 1186 447 
1309 844 1195 451 
1314 849 1204 455 
1318 852 1210 456 
1324 855 1215 460 
1329 856 1227 461 
1336 858 1233 461 
1344 864 1239 462 
1352 868 1242 463 
1353 871 1246 465 
1358 875 1255 468 
1365 878 1265 469 
1370 884 1273 471 
1378 885 1277 474 
1380 889 1282 475 
1387 892 1287 477 
1391 895 1291 478 
1399 901 1294 478 
1405 906 1296 479 
1414 911 1303 480 
1417 915 1308 485 
1424 921 1313 486 
1427 925 1315 487 
1433 929 1316 487 
1439 934 1321 490 
1447 936 1325 494 
1447 940 1329 495 
1450 944 1329 496 
1458 949 1333 497 
1464 953 1337 499 
1472 959 1342 499 
1477 963 1350 502 
1479 966 1356 505 
1483 968 1361 507 
1488 970 1367 510 
1493 974 1368 510 
1500 980 1373 511 
1503 989 1377 515 
1510 992 1383 517 
1516 998 1391 517 
1521 1004 1395 517 
1524 1008 1402 520 
1528 1011 1407 521 
1537 1012 1415 523 
1544 1017 1422 524 
1551 1021 1431 524 
1554 1026 1436 527 
1560 1030 1441 529 
1565 1036 1448 530 
1572 1038 1454 530 
1578 1040 1457 530 
1584 1042 1460 534 
1591 1047 1467 536 
1595 1052 1471 540 
1602 1055 1477 540 
1611 1055 1478 541 
1617 1058 1479 544 
1625 1062 1485 546 
1631 1063 1489 549 
1635 1066 1495 552 
1644 1068 1500 554 
1648 1076 1505 556 
1650 1085 1510 559 
1654 1091 1514 564 
1661 1094 1519 566 
1666 1096 1521 570 
1672 1103 1528 571 
1678 1106 1533 572 
1681 1112 1535 574 
1688 1117 1539 576 
1691 1119 1543 577 
1695 1121 1548 579 
1701 1123 1550 585 
1706 1125 1553 586 
1714 1128 1556 588 
1718 1130 1561 589 
1721 1135 1566 589 
1728 1139 1574 590 
1733 1143 1580 593 
1740 1151 1586 594 
1749 1155 1594 595 
1753 1156 1599 595 
1759 1158 1606 600 
1762 1162 1608 601 
1767 1166 1613 602 
1771 1173 1617 603 
1775 1177 1620 606 
1779 1178 1623 609 
1786 1181 1628 613 
1790 1182 1629 614 
1794 1189 1637 614 
1799 1196 1638 615 
1806 1199 1641 616 
1810 1204 1647 617 
1816 1209 1651 619 
1821 1211 1657 620 
1823 1216 1660 624 
1827 1219 1666 624 
1833 1223 1672 624 
1836 1227 1675 625 
1844 1231 1682 626 
1850 1238 1687 627 
1860 1242 1695 629 
1861 1251 1702 630 
1866 1254 1704 632 
1871 1259 1711 632 
1874 1264 1718 633 
1879 1269 1725 635 
1886 1274 1729 637 
1890 1281 1735 637 
1900 1285 1736 639 
1905 1289 1741 641 
1911 1289 1746 643 
1914 1292 1749 643 
1918 1295 1749 644 
1926 1298 1752 645 
1935 1303 1757 648 
1941 1311 1763 652 
1949 1317 1765 653 
1951 1320 1769 653 
1956 1328 1775 654 
1959 1331 1777 657 
1964 1335 1780 657 
1968 1338 1787 660 
1972 1343 1793 662 
1975 1347 1798 662 
1986 1350 1802 664 
1988 1354 1806 666 
1993 1358 1809 668 
1997 1364 1818 669 
2002 1368 1822 669 
2010 1370 1824 672 
2014 1373 1830 674 
2025 1375 1835 677 
2030 1377 1841 678 
2037 1383 1844 679 
2042 1388 1846 682 
2046 1390 1852 684 
2051 1393 1859 686 
2061 1397 1865 688 
2063 1401 1872 692 
2066 1405 1876 693 
2072 1406 1881 695 
2079 1409 1889 700 
2084 1411 1892 700 
2088 1419 1895 703 
2095 1423 1898 703 
2100 1433 1901 703 
2105 1438 1904 708 
2111 1444 1909 709 
2112 1448 1912 711 
2117 1451 1916 714 
2119 1456 1923 714 
2124 1462 1926 717 
2133 1466 1933 720 
2141 1470 1936 721 
2146 1475 1946 722 
2153 1477 1954 723 
2158 1479 1963 723 
2162 1484 1968 727 
2170 1488 1973 728 
2178 1491 1977 730 
2183 1495 1980 730 
2189 1496 1985 732 
2195 1497 1989 733 
2201 1500 1994 734 
2204 1503 2001 739 
2208 1505 2006 741 
2214 1507 2013 743 
2218 1510 2018 746 
2224 1512 2023 746 
2227 1515 2027 747 
2232 1517 2032 748 
2243 1522 2034 749 
2247 1525 2040 753 
2249 1527 2044 754 
2251 1529 2046 757 
2259 1531 2049 758 
2260 1534 2052 761 
2263 1541 2058 765 
2268 1543 2062 767 
2276 1547 2068 767 
2280 1551 2074 767 
2285 1552 2076 768 
2288 1556 2081 769 
2290 1559 2089 770 
2296 1566 2096 770 
2299 1570 2100 775 
2305 1571 2104 777 
2311 1574 2108 779 
2322 1578 2110 782 
2329 1582 2120 784 
2332 1587 2125 786 
2341 1590 2128 787 
2350 1591 2130 789 
2353 1591 2135 791 
2356 1594 2139 792 
2360 1599 2144 793 
2363 1602 2149 796 
2373 1604 2160 797 
2374 1608 2166 799 
2376 1612 2174 802 
2383 1616 2178 804 
2387 1623 2179 806 
2393 1625 2188 806 
2398 1627 2191 806 
2404 1631 2197 807 
2412 1632 2205 810 
2414 1637 2208 814 
2422 1639 2214 815 
2428 1643 2219 817 
2434 1650 2224 818 
2440 1654 2227 822 
2446 1659 2231 824 
2451 1664 2234 829 
2454 1667 2242 831 
2459 1669 2245 831 
2469 1673 2250 834 
2471 1675 2260 835 
2475 1676 2265 837 
2480 1681 2272 838 
2486 1683 2278 838 
2492 1686 2283 839 
2496 1687 2287 844 
2501 1690 2293 844 
2504 1695 2294 845 
2508 1696 2301 850 
2514 1696 2306 851 
2518 1699 2314 851 
2522 1702 2320 853 
2526 1710 2325 856 
2536 1719 2332 859 
2540 1724 2334 861 
2543 1725 2339 861 
2549 1726 2348 861 
2557 1730 2356 864 
2561 1732 2361 866 
2567 1736 2366 867 
2574 1741 2370 868 
2580 1747 2373 869 
2589 1748 2379 872 
2598 1754 2380 877 
2602 1759 2385 877 
2603 1761 2389 879 
2606 1768 2397 884 
2611 1769 2403 885 
2615 1774 2405 886 
2621 1775 2410 888 
2626 1780 2414 890 
2628 1784 2418 892 
2636 1785 2422 893 
2639 1788 2433 893 
2645 1792 2436 896 
2648 1794 2441 897 
2655 1798 2450 897 
2660 1800 2459 898 
2664 1808 2467 901 
2674 1812 2473 903 
2676 1817 2478 903 
2683 1822 2485 904 
2688 1826 2490 906 
2696 1829 2495 908 
2701 1832 2499 910 
2709 1838 2500 913 
2717 1842 2504 916 
2725 1843 2509 918 
2727 1845 2516 920 
2734 1848 2519 920 
2736 1853 2523 920 
2747 1860 2523 922 
2755 1863 2527 923 
2758 1869 2533 924 
2761 1875 2536 929 
2771 1878 2537 930 
2777 1884 2545 930 
2784 1890 2547 930 
2794 1891 2553 933 
2799 1894 2559 936 
2803 1898 2561 937 
2807 1902 2572 940 
2816 1909 2577 942 
2823 1911 2582 944 
2832 1917 2588 945 
2837 1923 2594 946 
2842 1926 2600 947 
2847 1931 2607 950 
2852 1932 2613 954 
2856 1937 2619 956 
2860 1941 2625 956 
2865 1944 2633 958 
2870 1945 2641 960 
2876 1948 2648 961 
2879 1950 2652 961 
2887 1954 2660 965 
2894 1960 2665 967 
2899 1964 2671 967 
2904 1967 2675 968 
2909 1969 2681 971 
2913 1972 2690 974 
2916 1979 2697 976 
2918 1980 2704 978 
2923 1983 2705 981 
2927 1986 2710 983 
2931 1991 2714 987 
2935 1995 2717 990 
2941 2002 2721 991 
2946 2004 2728 992 
2952 2009 2733 992 
2958 2012 2737 992 
2966 2016 2743 993 
2969 2021 2747 997 
2975 2026 2754 997 
2980 2034 2760 997 
2985 2042 2768 998 
2994 2046 2774 999 
2999 2049 2774 1001 
3002 2052 2779 1004 
3009 2057 2788 1004 
3014 2059 2794 1007 
3019 2061 2800 1008 
3026 2064 2805 1012 
3033 2065 2810 1014 
3036 2069 2814 1016 
3041 2072 2818 1021 
3044 2080 2820 1024 
3048 2083 2826 1024 
3053 2085 2830 1025 
3059 2092 2834 1026 
3064 2098 2837 1028 
3067 2101 2844 1030 
3074 2106 2848 1031 
3079 2108 2851 1033 
3085 2110 2856 1033 
3089 2116 2858 1034 
3095 2116 2862 1036 
3099 2124 2867 1037 
3105 2128 2872 1039 
3107 2133 2886 1040 
3111 2139 2891 1040 
3119 2143 2897 1043 
3124 2145 2901 1049 
3127 2151 2910 1050 
3130 2156 2921 1051 
3140 2160 2925 1054 
3143 2162 2930 1055 
3146 2166 2938 1057 
3149 2171 2945 1058 
3152 2174 2950 1058 
3160 2177 2958 1060 
3164 2182 2964 1064 
3169 2186 2968 1064 
3180 2191 2972 1068 
3182 2194 2974 1071 
3184 2199 2980 1073 
3189 2202 2985 1074 
3192 2206 2991 1078 
3203 2212 2995 1080 
3208 2215 3000 1080 
3212 2224 3004 1086 
3219 2228 3009 1089 
3226 2233 3012 1092 
3230 2234 3017 1094 
3233 2238 3020 1095 
3240 2239 3028 1097 
3250 2243 3032 1098 
3254 2248 3037 1099 
3262 2250 3041 1101 
3266 2256 3044 1101 
3273 2262 3054 1103 
3282 2265 3061 1106 
3289 2267 3067 1106 
3296 2270 3071 1108 
3306 2276 3074 1109 
3316 2280 3081 1111 
3319 2283 3088 1114 
3324 2285 3095 1115 
3330 2292 3097 1117 
3334 2295 3098 1118 
3340 2298 3103 1120 
3344 2301 3110 1121 
3350 2305 3116 1122 
3354 2308 3121 1125 
3358 2312 3128 1128 
3363 2319 3134 1132 
3366 2324 3138 1137 
3366 2331 3140 1139 
3367 2335 3145 1141 
3374 2338 3156 1143 
3377 2341 3162 1143 
3378 2348 3166 1144 
3383 2353 3176 1147 
3393 2361 3180 1149 
3401 2362 3183 1152 
3405 2365 3187 1154 
3409 2370 3190 1155 
3413 2374 3195 1157 
3417 2379 3198 1159 
3419 2385 3206 1160 
3424 2390 3212 1163 
3429 2392 3216 1164 
3433 2398 3220 1167 
3441 2400 3227 1171 
3445 2407 3232 1171 
3450 2413 3236 1173 
3459 2421 3239 1174 
3469 2422 3242 1175 
3471 2428 3246 1177 
3476 2432 3248 1179 
3480 2436 3253 1181 
3485 2442 3260 1184 
3487 2444 3263 1184 
3491 2447 3263 1185 
3493 2451 3270 1185 
3498 2456 3278 1186 
3501 2460 3285 1189 
3510 2465 3292 1190 
3514 2470 3294 1194 
3518 2471 3298 1195 
3524 2475 3301 1196 
3530 2478 3309 1198 
3534 2482 3313 1200 
3539 2486 3316 1200 
3543 2488 3319 1207 
3546 2492 3327 1209 
3553 2494 3335 1213 
3563 2501 3338 1216 
3573 2503 3347 1219 
3580 2509 3353 1221 
3585 2511 3356 1221 
3591 2514 3364 1225 
3595 2516 3368 1226 
3598 2519 3373 1228 
3602 2523 3377 1230 
3611 2525 3383 1232 
3617 2528 3390 1232 
3625 2533 3396 1236 
3629 2536 3400 1237 
3631 2541 3408 1238 
3639 2548 3414 1240 
3646 2550 3421 1241 
3658 2558 3426 1241 
3663 2558 3429 1243 
3667 2561 3431 1244 
3674 2567 3437 1246 
3683 2569 3441 1248 
3688 2575 3451 1249 
3696 2584 3455 1250 
3700 2586 3463 1252 
3709 2588 3471 1257 
3714 2593 3478 1263 
3716 2599 3481 1266 
3722 2604 3486 1268 
3723 2612 3487 1270 
3731 2618 3489 1270 
3734 2622 3497 1271 
3739 2627 3504 1271 
3743 2635 3507 1275 
3747 2641 3514 1276 
3750 2647 3521 1279 
3752 2649 3525 1281 
3756 2653 3532 1283 
3761 2656 3538 1285 
3767 2661 3546 1285 
3771 2665 3556 1288 
3776 2668 3560 1289 
3781 2671 3567 1294 
3787 2673 3571 1296 
3790 2673 3576 1297 
3796 2675 3581 1297 
3802 2677 3584 1301 
3804 2684 3587 1301 
3812 2688 3593 1303 
3822 2694 3600 1303 
3826 2698 3602 1305 
3829 2699 3607 1306 
3832 2702 3614 1310 
3842 2705 3619 1311 
3847 2707 3622 1312 
3854 2711 3632 1316 
3862 2715 3635 1317 
3866 2716 3641 1317 
3870 2721 3645 1318 
3874 2724 3655 1320 
3878 2729 3660 1321 
3882 2732 3665 1323 
3888 2734 3671 1324 
3894 2735 3677 1330 
3899 2741 3682 1333 
3904 2744 3686 1337 
3911 2747 3687 1338 
3916 2750 3690 1341 
3920 2751 3694 1345 
3929 2755 3698 1346 
3932 2758 3704 1346 
3934 2761 3709 1346 
3938 2763 3716 1347 
3943 2767 3720 1348 
3951 2771 3728 1350 
3962 2774 3738 1352 
3967 2774 3745 1353 
3977 2780 3748 1354 
3982 2784 3752 1357 
3986 2786 3756 1359 
3990 2789 3763 1360 
3997 2792 3766 1361 
4005 2794 3769 1363 
4008 2800 3771 1367 
4014 2803 3783 1368 
4021 2807 3785 1370 
4029 2811 3792 1374 
4035 2813 3798 1376 
4038 2819 3804 1377 
4044 2824 3806 1379 
4048 2826 3809 1380 
4053 2832 3818 1383 
4057 2837 3825 1386 
4061 2839 3830 1388 
4065 2843 3838 1391 
4073 2848 3845 1392 
4078 2854 3848 1394 
4088 2857 3849 1398 
4091 2861 3856 1400 
4099 2867 3860 1401 
4105 2868 3863 1401 
4110 2876 3872 1402 
4117 2878 3873 1404 
4125 2882 3878 1405 
4130 2884 3883 1407 
4133 2889 3887 1410 
4138 2894 3896 1414 
4144 2896 3901 1416 
4151 2901 3904 1419 
4160 2903 3907 1422 
4163 2904 3911 1425 
4169 2909 3915 1428 
4172 2912 3919 1429 
4177 2917 3928 1431 
4182 2923 3928 1432 
4187 2924 3931 1434 
4195 2928 3936 1437 
4203 2931 3944 1440 
4205 2935 3949 1442 
4211 2941 3954 1443 
4213 2945 3960 1444 
4216 2949 3963 1444 
4221 2953 3966 1444 
4226 2958 3970 1445 
4231 2962 3975 1447 
4234 2966 3978 1449 
4241 2972 3986 1452 
4247 2973 3995 1453 
4254 2973 4000 1455 
4263 2975 4004 1457 
4269 2979 4010 1457 
4275 2985 4019 1458 
4280 2987 4030 1460 
4288 2989 4033 1464 
4292 2990 4038 1466 
4298 2991 4044 1466 
4302 2995 4048 1469 
4307 3001 4053 1472 
4313 3010 4059 1473 
4319 3012 4063 1477 
4326 3014 4067 1479 
4333 3015 4073 1483 
4343 3018 4080 1485 
4352 3021 4083 1486 
4357 3024 4087 1487 
4362 3026 4092 1489 
4369 3029 4097 1489 
4373 3030 4103 1490 
4382 3038 4107 1491 
4385 3042 4113 1492 
4386 3048 4117 1496 
4387 3052 4122 1499 
4391 3057 4128 1500 
4396 3060 4129 1501 
4400 3069 4135 1503 
4404 3075 4142 1503 
4408 3082 4145 1507 
4410 3086 4148 1507 
4418 3092 4155 1508 
4421 3095 4165 1509 
4427 3099 4168 1512 
4435 3105 4175 1512 
4438 3113 4184 1515 
4446 3119 4188 1519 
4451 3124 4194 1519 
4457 3130 4198 1521 
4462 3133 4205 1521 
4465 3135 4210 1522 
4469 3136 4212 1524 
4476 3137 4214 1527 
4483 3140 4219 1528 
4486 3141 4222 1528 
4489 3142 4230 1532 
4490 3147 4232 1533 
4495 3153 4237 1535 
4496 3157 4239 1537 
4502 3162 4241 1537 
4506 3165 4243 1537 
4511 3168 4247 1538 
4517 3168 4251 1539 
4520 3175 4255 1541 
4526 3177 4258 1541 
4531 3180 4262 1543 
4535 3181 4265 1545 
4540 3184 4270 1546 
4544 3185 4274 1547 
4548 3187 4280 1547 
4554 3189 4291 1551 
4562 3191 4296 1552 
4568 3192 4302 1552 
4571 3197 4307 1556 
4583 3201 4310 1556 
4590 3205 4315 1557 
4594 3205 4320 1557 
4596 3211 4328 1559 
4602 3214 4329 1559 
4608 3220 4330 1563 
4611 3223 4334 1566 
4616 3224 4340 1566 
4625 3228 4347 1570 
4630 3232 4349 1574 
4636 3239 4354 1577 
4643 3243 4360 1580 
4649 3249 4366 1583 
4654 3253 4375 1586 
4659 3258 4380 1586 
4665 3264 4385 1587 
4672 3268 4393 1589 
4674 3271 4399 1590 
4682 3274 4401 1592 
4686 3278 4404 1595 
4693 3281 4405 1595 
4696 3283 4408 1595 
4699 3284 4415 1598 
4706 3289 4420 1599 
4711 3291 4425 1602 
4714 3295 4430 1604 
4718 3297 4441 1606 
4722 3300 4444 1607 
4729 3306 4452 1607 
4735 3307 4457 1610 
4747 3313 4463 1613 
4752 3319 4469 1616 
4762 3323 4475 1620 
4769 3326 4479 1624 
4772 3328 4484 1624 
4779 3331 4488 1627 
4785 3336 4494 1627 
4788 3339 4501 1627 
4791 3346 4504 1629 
4795 3352 4510 1630 
4797 3357 4516 1631 
4801 3359 4520 1632 
4805 3365 4523 1632 
4812 3368 4527 1634 
4816 3371 4537 1636 
4818 3373 4547 1638 
4823 3378 4554 1641 
4827 3387 4561 1643 
4833 3390 4564 1646 
4841 3390 4569 1646 
4843 3392 4572 1647 
4849 3399 4576 1651 
4858 3404 4579 1652 
4863 3406 4581 1656 
4868 3409 4587 1657 
4876 3412 4593 1660 
4882 3417 4597 1662 
4889 3418 4603 1665 
4896 3420 4609 1665 
4901 3424 4614 1668 
4904 3428 4621 1670 
4910 3429 4622 1672 
4917 3433 4628 1677 
4923 3436 4630 1679 
4926 3438 4639 1680 
4932 3441 4644 1681 
4941 3447 4649 1681 
4948 3450 4653 1684 
4954 3454 4658 1686 
4960 3458 4663 1687 
4965 3461 4670 1689 
4971 3464 4674 1689 
4971 3466 4681 1690 
4976 3469 4687 1690 
4983 3471 4692 1694 
4994 3477 4695 1696 
4998 3481 4698 1697 
5004 3484 4702 1698 
5011 3486 4710 1700 
5020 3490 4716 1704 
5022 3493 4724 1706 
5025 3499 4730 1707 
5035 3505 4735 1708 
5042 3508 4742 1712 
5048 3511 4751 1713 
5056 3519 4755 1714 
5057 3521 4757 1716 
5060 3523 4763 1718 
5069 3526 4766 1719 
5075 3527 4771 1720 
5079 3532 4775 1722 
5082 3538 4777 1724 
5093 3539 4778 1724 
5100 3545 4783 1724 
5104 3548 4789 1725 
5110 3551 4795 1728 
5114 3555 4801 1729 
5118 3559 4806 1732 
5124 3560 4813 1733 
5127 3570 4816 1733 
5135 3573 4822 1735 
5140 3577 4825 1739 
5146 3579 4834 1741 
5149 3581 4840 1742 
5156 3584 4849 1743 
5160 3585 4854 1745 
5160 3592 4862 1750 
5166 3593 4866 1751 
5174 3598 4876 1752 
5179 3599 4879 1753 
5182 3600 4887 1754 
5185 3601 4891 1755 
5190 3604 4898 1758 
5198 3607 4906 1759 
5201 3609 4910 1762 
5212 3614 4913 1767 
5218 3617 4916 1768 
5224 3618 4921 1770 
5226 3624 4927 1773 
5231 3629 4934 1775 
5234 3631 4941 1777 
5240 3637 4946 1783 
5247 3643 4954 1785 
5252 3647 4959 1786 
5255 3651 4966 1789 
5260 3654 4975 1791 
5266 3658 4978 1792 
5276 3667 4981 1795 
5280 3669 4986 1798 
5286 3674 4992 1802 
5291 3678 4998 1803 
5294 3681 5003 1804 
5303 3683 5009 1806 
5310 3688 5015 1807 
5317 3694 5021 1807 
5321 3702 5027 1809 
5325 3706 5033 1813 
5333 3710 5038 1818 
5336 3713 5044 1818 
5342 3715 5055 1820 
5345 3717 5059 1822 
5350 3725 5063 1825 
5356 3727 5070 1826 
5360 3731 5077 1828 
5364 3734 5088 1828 
5370 3739 5090 1832 
5374 3745 5090 1835 
5382 3752 5098 1835 
5388 3756 5102 1837 
5390 3762 5109 1841 
5397 3765 5115 1841 
5406 3770 5124 1842 
5407 3777 5130 1843 
5412 3784 5131 1846 
5416 3788 5138 1847 
5420 3794 5141 1849 
5427 3799 5147 1851 
5431 3801 5155 1852 
5433 3803 5158 1853 
5442 3806 5163 1856 
5448 3809 5172 1857 
5453 3812 5179 1865 
5463 3813 5184 1865 
5466 3819 5192 1868 
5472 3823 5195 1871 
5481 3825 5198 1874 
5482 3827 5206 1875 
5490 3829 5213 1877 
5493 3833 5219 1880 
5496 3839 5225 1882 
5498 3844 5234 1884 
5501 3849 5238 1884 
5510 3850 5246 1885 
5518 3852 5251 1887 
5523 3857 5257 1889 
5528 3862 5264 1889 
5533 3863 5267 1891 
5540 3865 5274 1892 
5545 3870 5283 1894 
5550 3881 5289 1896 
5556 3882 5295 1900 
5559 3889 5299 1903 
5563 3892 5305 1905 
5568 3895 5311 1905 
5571 3902 5317 1906 
5574 3907 5320 1909 
5578 3910 5323 1913 
5585 3912 5331 1919 
5594 3914 5334 1921 
5596 3918 5342 1923 
5600 3920 5348 1924 
5604 3927 5349 1930 
5609 3934 5358 1934 
5613 3942 5360 1935 
5621 3948 5363 1938 
5625 3956 5371 1938 
5626 3965 5378 1942 
5631 3966 5380 1943 
5635 3974 5387 1943 
5643 3979 5390 1945 
5648 3982 5397 1950 
5655 3986 5404 1952 
5657 3991 5409 1952 
5660 3993 5413 1952 
5664 3996 5420 1953 
5668 4000 5429 1954 
5671 4007 5436 1955 
5678 4010 5445 1956 
5683 4017 5448 1958 
5690 4023 5454 1961 
5696 4025 5457 1962 
5701 4030 5463 1963 
5711 4039 5470 1966 
5715 4044 5477 1968 
5716 4047 5478 1971 
5721 4049 5491 1973 
5726 4055 5498 1973 
5727 4058 5502 1974 
5735 4062 5511 1974 
5740 4065 5517 1974 
5746 4067 5522 1975 
5751 4071 5529 1978 
5759 4077 5535 1981 
5763 4082 5541 1983 
5766 4086 5548 1983 
5772 4089 5552 1985 
5774 4093 5560 1987 
5779 4099 5565 1988 
5779 4103 5569 1989 
5785 4112 5573 1992 
5789 4119 5577 1995 
5794 4123 5586 1995 
5800 4130 5590 1998 
5808 4136 5596 1998 
5812 4139 5603 2001 
5813 4141 5610 2004 
5822 4147 5616 2005 
5828 4150 5619 2006 
5835 4152 5623 2007 
5842 4159 5625 2010 
5847 4164 5627 2011 
5850 4166 5631 2016 
5858 4168 5635 2018 
5862 4171 5643 2019 
5863 4173 5648 2024 
5868 4177 5652 2028 
5878 4185 5658 2029 
5881 4187 5666 2029 
5889 4191 5667 2033 
5898 4194 5673 2035 
5906 4197 5676 2036 
5911 4198 5683 2037 
5921 4203 5686 2038 
5927 4209 5690 2042 
5932 4214 5697 2043 
5934 4220 5700 2044 
5937 4224 5708 2044 
5940 4228 5717 2046 
5950 4231 5719 2050 
5955 4235 5729 2052 
5959 4240 5734 2056 
5962 4249 5740 2057 
5963 4254 5743 2058 
5970 4256 5747 2058 
5974 4260 5751 2060 
5978 4264 5755 2061 
5982 4269 5761 2068 
5988 4274 5770 2068 
5995 4282 5775 2068 
5997 4286 5777 2069 
5999 4290 5785 2072 
6004 4294 5788 2073 
6006 4298 5794 2074 
6009 4300 5795 2074 
6019 4302 5807 2079 
6024 4306 5812 2082 
6028 4311 5818 2082 
6034 4314 5823 2085 
6040 4318 5826 2090 
6045 4320 5830 2093 
6055 4321 5834 2094 
6058 4328 5839 2096 
6064 4332 5845 2101 
6073 4335 5853 2101 
6082 4337 5860 2104 
6088 4342 5866 2104 
6090 4348 5871 2111 
6096 4350 5873 2111 
6100 4354 5879 2113 
6103 4358 5885 2116 
6106 4362 5896 2118 
6111 4367 5904 2123 
6114 4374 5909 2127 
6122 4382 5916 2128 
6126 4386 5921 2128 
6129 4387 5923 2130 
6135 4390 5927 2130 
6143 4392 5931 2131 
6149 4397 5937 2131 
6152 4402 5943 2132 
6160 4406 5946 2133 
6166 4411 5956 2133 
6171 4415 5967 2138 
6175 4417 5973 2140 
6182 4421 5979 2142 
6184 4427 5985 2145 
6189 4431 5988 2149 
6194 4435 5996 2153 
6198 4440 6003 2154 
6206 4446 6007 2158 
6215 4447 6017 2158 
6226 4450 6020 2161 
6230 4455 6021 2164 
6234 4459 6025 2166 
6239 4462 6031 2167 
6243 4468 6037 2170 
6247 4471 6044 2174 
6255 4476 6050 2176 
6259 4480 6054 2179 
6264 4482 6056 2182 
6272 4489 6060 2183 
6278 4498 6066 2186 
6285 4507 6070 2191 
6294 4514 6076 2193 
6302 4523 6081 2198 
6314 4526 6091 2201 
6317 4529 6095 2204 
6322 4539 6102 2206 
6327 4539 6105 2211 
6330 4541 6111 2213 
6333 4546 6118 2215 
6337 4548 6127 2216 
6344 4556 6134 2217 
6356 4562 6137 2218 
6365 4566 6146 2220 
6371 4568 6150 2221 
6374 4573 6157 2222 
6379 4578 6162 2223 
6387 4582 6164 2224 
6395 4591 6166 2228 
6399 4596 6172 2230 
6401 4597 6179 2231 
6406 4600 6181 2232 
6410 4602 6186 2235 
6414 4604 6193 2236 
6421 4607 6198 2237 
6424 4611 6210 2240 
6425 4619 6215 2246 
6433 4620 6220 2249 
6439 4623 6226 2250 
6444 4626 6230 2253 
6446 4631 6233 2255 
6452 4636 6243 2256 
6457 4640 6250 2259 
6462 4643 6258 2260 
6471 4647 6260 2264 
6476 4648 6263 2266 
6483 4652 6265 2269 
6486 4653 6271 2270 
6491 4655 6281 2274 
6496 4662 6284 2276 
6498 4665 6289 2280 
6505 4673 6295 2282 
6511 4677 6297 2283 
6513 4683 6302 2285 
6514 4690 6306 2285 
6522 4696 6312 2289 
6529 4699 6317 2290 
6537 4703 6321 2292 
6542 4709 6328 2293 
6548 4717 6337 2295 
6556 4722 6340 2298 
6561 4726 6345 2300 
6566 4729 6348 2300 
6572 4736 6357 2300 
6575 4743 6363 2303 
6581 4748 6369 2306 
6587 4750 6372 2309 
6593 4754 6380 2310 
6599 4762 6385 2314 
6604 4766 6390 2315 
6612 4769 6395 2316 
6615 4771 6398 2317 
6624 4775 6402 2321 
6630 4782 6410 2323 
6635 4785 6413 2324 
6641 4791 6419 2326 
6643 4795 6423 2328 
6647 4801 6430 2329 
6658 4803 6434 2330 
6665 4804 6442 2331 
6671 4811 6449 2333 
6675 4815 6454 2334 
6676 4819 6460 2335 
6678 4822 6465 2337 
6683 4827 6472 2340 
6687 4831 6473 2340 
6698 4835 6481 2341 
6700 4835 6484 2341 
6706 4837 6487 2342 
6712 4839 6493 2344 
6717 4841 6499 2346 
6721 4844 6510 2349 
6726 4850 6514 2349 
6735 4855 6522 2351 
6739 4860 6525 2354 
6742 4864 6529 2357 
6750 4868 6532 2359 
6758 4875 6538 2360 
6769 4881 6543 2363 
6775 4886 6550 2364 
6780 4891 6560 2366 
6786 4895 6566 2366 
6791 4897 6571 2368 
6796 4902 6575 2370 
6805 4904 6582 2371 
6812 4907 6589 2372 
6813 4910 6595 2374 
6817 4914 6602 2376 
6823 4919 6602 2376 
6826 4923 6609 2378 
6829 4926 6614 2378 
6833 4930 6624 2380 
6836 4936 6627 2383 
6840 4941 6635 2384 
6843 4942 6643 2385 
6847 4945 6649 2387 
6858 4951 6651 2387 
6861 4959 6657 2388 
6867 4962 6661 2391 
6873 4967 6667 2393 
6881 4968 6673 2393 
6887 4972 6678 2394 
6893 4974 6682 2395 
6898 4976 6693 2398 
6902 4980 6698 2400 
6906 4982 6702 2405 
6912 4986 6706 2406 
6919 4991 6712 2407 
6925 4995 6724 2410 
6928 4999 6731 2413 
6932 5001 6737 2416 
6944 5003 6746 2419 
6948 5005 6755 2419 
6952 5008 6767 2420 
6957 5016 6773 2423 
6961 5021 6779 2426 
6966 5023 6782 2427 
6969 5027 6787 2429 
6972 5030 6792 2430 
6979 5034 6797 2433 
6986 5037 6801 2434 
6988 5039 6806 2435 
6991 5043 6807 2435 
6996 5044 6814 2437 
7001 5045 6819 2442 
7005 5049 6826 2444 
7009 5051 6829 2445 
7015 5054 6837 2445 
7018 5057 6842 2448 
7023 5060 6844 2449 
7027 5065 6851 2451 
7032 5068 6854 2451 
7037 5073 6864 2454 
7039 5077 6873 2456 
7044 5082 6876 2458 
7049 5085 6885 2459 
7054 5087 6889 2461 
7055 5091 6893 2462 
7057 5095 6900 2466 
7059 5100 6907 2466 
7062 5105 6914 2466 
7064 5107 6922 2467 
7067 5110 6932 2472 
7075 5115 6938 2473 
7079 5116 6940 2475 
7086 5123 6947 2476 
7091 5129 6953 2479 
7096 5132 6956 2480 
7103 5136 6962 2481 
7108 5140 6967 2483 
7117 5144 6972 2484 
7119 5145 6981 2487 
7122 5150 6985 2489 
7125 5154 6992 2490 
7130 5156 6996 2493 
7134 5158 6999 2497 
7139 5160 7005 2500 
7148 5164 7008 2500 
7152 5171 7012 2500 
7158 5173 7015 2501 
7164 5176 7023 2503 
7175 5178 7031 2503 
7178 5181 7038 2504 
7185 5183 7045 2504 
7192 5186 7047 2507 
7199 5189 7055 2509 
7203 5196 7063 2510 
7209 5201 7067 2514 
7213 5204 7069 2516 
7217 5209 7079 2521 
7220 5211 7087 2522 
7227 5215 7093 2525 
7230 5221 7098 2526 
7236 5226 7104 2530 
7240 5230 7108 2530 
7242 5233 7115 2531 
7245 5237 7122 2535 
7248 5240 7131 2536 
7253 5240 7139 2538 
7259 5242 7145 2539 
7267 5249 7147 2540 
7273 5250 7152 2541 
7279 5254 7157 2541 
7290 5256 7160 2542 
7296 5259 7166 2542 
7302 5265 7172 2542 
7309 5272 7178 2542 
7314 5273 7181 2543 
7319 5278 7183 2545 
7319 5283 7187 2545 
7326 5289 7193 2548 
7332 5300 7199 2548 
7336 5305 7204 2549 
7346 5311 7208 2551 
7350 5319 7211 2556 
7356 5322 7215 2559 
7361 5326 7221 2563 
7365 5330 7228 2563 
7368 5335 7234 2566 
7372 5340 7239 2568 
7377 5345 7242 2570 
7383 5348 7247 2572 
7389 5352 7250 2575 
7398 5356 7255 2577 
7406 5359 7258 2580 
7411 5363 7259 2583 
7419 5366 7262 2587 
7426 5371 7267 2589 
7432 5373 7272 2589 
7438 5375 7277 2590 
7441 5385 7285 2590 
7448 5388 7291 2593 
7449 5392 7299 2595 
7456 5398 7301 2596 
7462 5404 7311 2599 
7470 5409 7318 2600 
7475 5415 7323 2604 
7479 5421 7331 2607 
7486 5424 7339 2609 
7490 5431 7345 2610 
7497 5437 7350 2615 
7503 5440 7355 2620 
7505 5445 7359 2621 
7514 5447 7364 2623 
7518 5451 7371 2625 
7523 5462 7379 2626 
7528 5468 7385 2627 
7535 5473 7387 2629 
7540 5478 7391 2631 
7545 5483 7398 2632 
7555 5490 7403 2632 
7564 5494 7405 2634 
7571 5499 7411 2636 
7572 5503 7417 2636 
7579 5505 7426 2636 
7581 5509 7432 2639 
7586 5513 7439 2643 
7589 5518 7443 2643 
7593 5520 7447 2644 
7599 5526 7451 2645 
7601 5533 7453 2646 
7607 5539 7463 2650 
7616 5540 7469 2651 
7623 5541 7475 2652 
7630 5545 7479 2654 
7633 5550 7484 2655 
7640 5556 7491 2657 
7645 5560 7496 2657 
7649 5568 7501 2657 
7659 5574 7512 2659 
7666 5578 7517 2660 
7671 5585 7524 2663 
7682 5591 7535 2664 
7686 5597 7537 2667 
7691 5602 7542 2667 
7699 5608 7549 2667 
7706 5612 7552 2669 
7711 5618 7558 2671 
7717 5624 7564 2674 
7720 5625 7572 2678 
7723 5628 7578 2680 
7734 5635 7581 2681 
7744 5640 7584 2681 
7748 5644 7592 2682 
7756 5651 7594 2685 
7758 5652 7598 2686 
7770 5658 7606 2687 
7776 5663 7610 2688 
7778 5667 7620 2688 
7783 5670 7622 2689 
7791 5672 7625 2690 
7796 5674 7632 2692 
7801 5678 7637 2695 
7805 5684 7649 2696 
7808 5687 7658 2699 
7815 5693 7667 2702 
7819 5696 7673 2703 
7827 5698 7674 2706 
7833 5702 7679 2707 
7838 5706 7684 2708 
7841 5715 7687 2709 
7846 5723 7693 2710 
7850 5725 7699 2711 
7857 5731 7702 2714 
7860 5739 7704 2715 
7864 5745 7712 2719 
7865 5752 7716 2720 
7869 5756 7721 2723 
7875 5759 7728 2723 
7880 5765 7731 2723 
7883 5768 7736 2724 
7884 5770 7744 2727 
7890 5773 7748 2729 
7893 5774 7752 2731 
7897 5778 7756 2732 
7902 5778 7765 2735 
7908 5783 7773 2738 
7916 5789 7779 2739 
7921 5795 7786 2742 
7924 5801 7791 2744 
7932 5809 7798 2744 
7936 5810 7801 2746 
7940 5815 7808 2747 
7946 5820 7816 2749 
7950 5823 7822 2751 
7956 5826 7827 2754 
7964 5827 7834 2755 
7969 5836 7841 2756 
7973 5840 7851 2757 
7981 5844 7854 2757 
7984 5850 7859 2759 
7988 5854 7862 2763 
7993 5862 7871 2766 
7999 5865 7877 2767 
8003 5869 7880 2768 
8012 5871 7886 2769 
8020 5876 7888 2771 
8022 5878 7893 2774 
8029 5882 7896 2775 
8037 5889 7906 2776 
8043 5892 7911 2777 
8047 5899 7915 2781 
8057 5903 7919 2782 
8063 5909 7925 2782 
8071 5914 7931 2784 
8077 5917 7941 2792 
8081 5918 7947 2795 
8087 5925 7956 2797 
8091 5931 7962 2799 
8097 5938 7973 2800 
8109 5944 7976 2803 
8111 5951 7982 2807 
8118 5958 7987 2809 
8121 5964 7990 2810 
8125 5968 7994 2811 
8129 5972 7998 2815 
8137 5976 8002 2820 
8142 5982 8010 2820 
8149 5985 8020 2822 
8153 5988 8023 2824 
8159 5994 8026 2825 
8165 5996 8030 2826 
8168 5998 8033 2827 
8173 6001 8043 2831 
8184 6004 8046 2832 
8189 6006 8063 2836 
8198 6010 8069 2838 
8199 6016 8077 2840 
8205 6018 8084 2844 
8208 6025 8089 2848 
8215 6027 8095 2849 
8220 6033 8100 2853 
8225 6038 8108 2854 
8230 6042 8114 2858 
8236 6046 8119 2859 
8243 6052 8123 2859 
8246 6054 8130 2860 
8251 6054 8134 2863 
8257 6058 8140 2866 
8260 6060 8145 2871 
8269 6062 8150 2873 
8275 6068 8154 2875 
8283 6074 8156 2876 
8289 6080 8160 2883 
8293 6083 8166 2886 
8296 6087 8173 2888 
8301 6092 8181 2892 
8305 6093 8191 2895 
8310 6099 8197 2897 
8316 6105 8207 2899 
8320 6109 8214 2900 
8327 6121 8218 2901 
8333 6122 8227 2905 
8337 6126 8236 2905 
8344 6128 8243 2906 
8351 6130 8247 2909 
8355 6134 8248 2909 
8358 6140 8251 2910 
8365 6142 8256 2911 
8368 6146 8262 2916 
8376 6150 8266 2917 
8379 6153 8269 2919 
8384 6157 8274 2920 
8393 6162 8279 2922 
8398 6166 8282 2922 
8404 6170 8285 2925 
8411 6175 8286 2925 
8420 6177 8291 2926 
8425 6182 8300 2928 
8429 6187 8305 2929 
8433 6189 8310 2931 
8435 6195 8313 2933 
8442 6201 8319 2936 
8444 6206 8330 2937 
8452 6209 8335 2939 
8457 6211 8341 2941 
8463 6214 8346 2946 
8466 6219 8349 2946 
8472 6222 8355 2946 
8474 6224 8365 2946 
8481 6231 8368 2950 
8485 6235 8374 2956 
8487 6241 8381 2960 
8492 6250 8386 2962 
8499 6253 8397 2965 
8506 6255 8399 2969 
8514 6261 8402 2971 
8521 6268 8408 2974 
8527 6270 8414 2976 
8529 6277 8419 2977 
8536 6282 8421 2981 
8539 6291 8426 2981 
8545 6297 8428 2984 
8550 6303 8435 2986 
8560 6308 8438 2988 
8563 6311 8447 2992 
8571 6314 8459 2998 
8578 6318 8464 2999 
8583 6322 8467 3000 
8589 6327 8471 3003 
8593 6330 8485 3003 
8602 6334 8492 3004 
8611 6338 8499 3009 
8618 6343 8504 3011 
8627 6347 8510 3011 
8632 6351 8514 3015 
8639 6354 8525 3018 
8641 6355 8533 3018 
8645 6358 8546 3019 
8646 6361 8552 3021 
8650 6364 8559 3021 
8656 6369 8562 3023 
8661 6370 8571 3025 
8666 6373 8577 3026 
8674 6376 8578 3029 
8677 6378 8584 3033 
8682 6381 8590 3033 
8688 6382 8596 3035 
8692 6384 8604 3036 
8697 6388 8607 3038 
8700 6391 8610 3040 
8703 6396 8612 3042 
8707 6400 8616 3046 
8713 6407 8622 3048 
8720 6414 8627 3053 
8726 6420 8632 3055 
8732 6425 8641 3057 
8736 6430 8646 3059 
8743 6433 8652 3060 
8747 6437 8660 3060 
8754 6442 8664 3061 
8759 6448 8670 3063 
8764 6454 8674 3063 
8768 6459 8682 3067 
8775 6464 8686 3069 
8779 6465 8691 3070 
8783 6468 8694 3070 
8785 6476 8701 3074 
8794 6481 8705 3075 
8798 6486 8712 3078 
8802 6489 8721 3080 
8808 6491 8723 3084 
8817 6496 8730 3085 
8824 6501 8737 3090 
8829 6505 8744 3093 
8833 6508 8746 3095 
8841 6514 8750 3099 
8844 6519 8758 3100 
8848 6526 8760 3101 
8855 6529 8761 3102 
8861 6533 8769 3103 
8871 6540 8774 3103 
8875 6545 8780 3106 
8882 6546 8785 3106 
8888 6552 8789 3107 
8895 6556 8794 3109 
8899 6567 8798 3110 
8906 6577 8806 3113 
8912 6585 8810 3117 
8918 6587 8822 3118 
8930 6595 8831 3120 
8941 6600 8835 3123 
8944 6610 8840 3123 
8953 6612 8847 3126 
8960 6614 8858 3126 
8964 6619 8866 3128 
8967 6623 8870 3129 
8973 6629 8875 3134 
8977 6632 8880 3134 
8986 6637 8887 3135 
8993 6639 8890 3136 
8999 6644 8898 3136 
9003 6652 8902 3141 
9006 6654 8905 3143 
9009 6657 8909 3147 
9013 6660 8913 3147 
9021 6662 8921 3147 
9028 6668 8924 3147 
9034 6673 8928 3148 
9040 6675 8933 3155 
9042 6679 8937 3159 
9043 6681 8945 3161 
9048 6687 8951 3163 
9056 6689 8962 3164 
9058 6694 8968 3165 
9065 6698 8975 3168 
9068 6702 8980 3169 
9072 6704 8988 3169 
9077 6707 8993 3172 
9081 6711 8999 3172 
9086 6717 9006 3174 
9091 6724 9013 3176 
9094 6726 9018 3176 
9098 6733 9020 3177 
9101 6734 9025 3179 
9107 6735 9036 3180 
9110 6741 9040 3180 
9115 6745 9050 3182 
9123 6747 9055 3183 
9134 6751 9062 3183 
9145 6756 9070 3183 
9152 6759 9075 3185 
9161 6764 9079 3188 
9162 6769 9086 3189 
9166 6775 9091 3193 
9171 6777 9096 3196 
9174 6783 9105 3198 
9178 6787 9107 3202 
9182 6789 9112 3205 
9186 6793 9115 3205 
9194 6796 9123 3206 
9197 6798 9127 3207 
9205 6807 9130 3211 
9207 6811 9140 3213 
9210 6817 9145 3215 
9213 6822 9151 3216 
9217 6827 9154 3218 
9223 6830 9159 3221 
9229 6836 9163 3222 
9231 6840 9168 3224 
9233 6844 9175 3226 
9240 6849 9180 3229 
9245 6849 9182 3230 
9251 6854 9195 3233 
9256 6861 9201 3237 
9261 6864 9208 3242 
9266 6867 9219 3243 
9268 6870 9225 3249 
9271 6875 9232 3250 
9277 6877 9235 3252 
9286 6881 9240 3255 
9290 6884 9247 3256 
9297 6891 9250 3261 
9301 6896 9253 3261 
9308 6900 9263 3263 
9319 6902 9270 3266 
9325 6913 9277 3270 
9330 6917 9286 3273 
9336 6928 9290 3275 
9343 6934 9295 3277 
9347 6937 9300 3277 
9351 6939 9304 3279 
9354 6945 9307 3282 
9358 6948 9311 3282 
9361 6953 9316 3283 
9366 6956 9321 3284 
9371 6958 9324 3286 
9376 6960 9326 3290 
9378 6963 9330 3291 
9386 6966 9337 3291 
9392 6972 9338 3293 
9398 6977 9342 3295 
9403 6978 9347 3298 
9408 6984 9355 3299 
9418 6988 9362 3301 
9419 6992 9366 3306 
9425 6995 9371 3307 
9432 7002 9375 3311 
9440 7007 9383 3312 
9445 7012 9387 3313 
9451 7017 9389 3315 
9453 7021 9395 3318 
9456 7025 9403 3320 
9462 7030 9408 3325 
9465 7038 9418 3328 
9470 7040 9425 3330 
9475 7045 9435 3335 
9481 7046 9442 3336 
9486 7054 9446 3340 
9493 7061 9450 3345 
9496 7064 9451 3348 
9498 7071 9458 3349 
9502 7079 9466 3352 
9505 7082 9472 3353 
9509 7089 9475 3353 
9513 7092 9480 3357 
9521 7097 9486 3359 
9526 7105 9496 3365 
9531 7110 9504 3369 
9534 7113 9512 3374 
9535 7116 9518 3375 
9540 7119 9526 3379 
9546 7124 9536 3382 
9551 7130 9538 3384 
9553 7134 9547 3391 
9560 7138 9549 3392 
9564 7144 9553 3392 
9566 7146 9557 3394 
9569 7153 9563 3399 
9573 7157 9568 3399 
9579 7164 9574 3401 
9583 7171 9576 3403 
9591 7175 9584 3408 
9596 7179 9591 3409 
9598 7184 9598 3409 
9604 7188 9608 3411 
9610 7196 9616 3412 
9611 7199 9622 3413 
9618 7204 9628 3413 
9619 7207 9638 3415 
9624 7212 9646 3416 
9626 7216 9652 3418 
9634 7221 9658 3420 
9639 7229 9667 3422 
9642 7234 9668 3425 
9648 7237 9677 3430 
9651 7242 9681 3432 
9655 7243 9687 3434 
9660 7246 9695 3436 
9662 7249 9699 3440 
9663 7252 9708 3441 
9667 7257 9712 3442 
9675 7259 9718 3443 
9679 7260 9728 3446 
9683 7266 9732 3449 
9688 7272 9737 3451 
9690 7276 9742 3453 
9694 7279 9746 3454 
9702 7285 9748 3454 
9706 7290 9753 3455 
9713 7291 9757 3457 
9718 7293 9761 3459 
9721 7295 9766 3462 
9728 7304 9768 3464 
9742 7304 9773 3469 
9742 7309 9778 3471 
9746 7314 9785 3471 
9750 7318 9792 3473 
9756 7322 9794 3476 
9765 7324 9804 3477 
9770 7330 9814 3481 
9776 7332 9818 3483 
9779 7337 9821 3483 
9782 7343 9828 3485 
9787 7344 9834 3490 
9796 7347 9843 3494 
9804 7349 9853 3495 
9813 7354 9858 3498 
9821 7358 9864 3501 
9829 7360 9869 3502 
9833 7366 9877 3504 
9841 7370 9892 3506 
9845 7376 9893 3508 
9850 7382 9899 3508 
9853 7388 9904 3510 
9859 7391 9908 3512 
9862 7397 9914 3513 
9869 7403 9923 3516 
9873 7406 9926 3519 
9877 7411 9930 3521 
9885 7414 9938 3524 
9890 7417 9944 3524 
9896 7423 9950 3525 
9907 7426 9960 3525 
9915 7429 9964 3527 
9924 7433 9971 3530 
9932 7436 9978 3533 
9935 7440 9991 3536 
9941 7444 9996 3539 
9946 7451 9997 3542 
9955 7455 10001 3544 
9965 7460 10006 3547 
9971 7466 10008 3551 
9978 7476 10009 3557 
9987 7479 10015 3558 
9993 7484 10018 3558 
9995 7490 10024 3562 
10000 7496 10030 3564 
10004 7501 10034 3565 
10004 7509 10036 3567 
10015 7515 10041 3569 
10019 7524 10044 3571 
10019 7524 10052 3574 
10022 7527 10062 3580 
10031 7530 10070 3581 
10034 7534 10073 3581 
10043 7534 10081 3581 
10051 7542 10089 3583 
10056 7549 10098 3586 
10058 7554 10102 3586 
10064 7559 10109 3589 
10071 7563 10119 3589 
10080 7567 10124 3591 
10089 7568 10127 3592 
10090 7572 10131 3593 
10095 7574 10135 3596 
10100 7580 10135 3597 
10107 7585 10136 3601 
10109 7589 10140 3606 
10113 7592 10142 3608 
10117 7597 10148 3613 
10125 7602 10155 3616 
10127 7604 10163 3618 
10134 7605 10166 3620 
10138 7609 10173 3625 
10145 7612 10176 3626 
10150 7618 10182 3629 
10155 7621 10185 3630 
10159 7626 10189 3631 
10169 7631 10193 3635 
10176 7636 10203 3637 
10183 7638 10208 3641 
10189 7641 10213 3642 
10195 7648 10219 3644 
10200 7653 10223 3645 
10207 7657 10231 3646 
10209 7660 10241 3647 
10210 7666 10247 3651 
10212 7677 10251 3652 
10216 7682 10253 3653 
10221 7684 10258 3656 
10229 7685 10266 3658 
10235 7689 10272 3658 
10240 7692 10279 3659 
10247 7697 10281 3662 
10257 7702 10289 3664 
10261 7706 10290 3665 
10264 7711 10296 3666 
10269 7715 10299 3667 
10272 7717 10306 3669 
10277 7723 10312 3671 
10285 7730 10318 3672 
10290 7733 10325 3675 
10298 7734 10328 3678 
10300 7739 10334 3681 
10302 7740 10338 3684 
10304 7742 10344 3687 
10309 7743 10348 3690 
10315 7746 10349 3691 
10319 7750 10355 3692 
10325 7757 10367 3695 
10337 7761 10372 3697 
10344 7766 10380 3698 
10350 7769 10386 3699 
10358 7771 10389 3702 
10365 7774 10395 3703 
10382 7780 10399 3703 
10388 7786 10407 3705 
10392 7787 10410 3707 
10396 7792 10417 3707 
10402 7796 10422 3708 
10407 7804 10426 3708 
10412 7813 10434 3711 
10416 7818 10441 3711 
10422 7820 10445 3714 
10426 7824 10454 3715 
10432 7828 10465 3719 
10436 7831 10469 3720 
10442 7832 10473 3722 
10450 7837 10482 3725 
10456 7843 10485 3728 
10465 7845 10494 3730 
10469 7850 10498 3734 
10476 7852 10502 3736 
10477 7858 10511 3738 
10481 7863 10516 3741 
10482 7868 10524 3743 
10487 7872 10528 3743 
10492 7880 10534 3744 
10494 7888 10536 3745 
10499 7890 10540 3748 
10504 7895 10547 3754 
10514 7900 10551 3755 
10519 7904 10554 3759 
10524 7908 10561 3761 
10530 7910 10566 3764 
10535 7918 10570 3764 
10541 7926 10580 3768 
10547 7928 10583 3772 
10552 7933 10588 3774 
10560 7938 10597 3774 
10564 7944 10603 3774 
10567 7948 10608 3776 
10573 7953 10616 3776 
10576 7957 10624 3776 
10578 7960 10631 3778 
10582 7963 10640 3779 
10589 7970 10646 3781 
10595 7974 10651 3782 
10598 7978 10655 3785 
10604 7980 10666 3786 
10607 7984 10672 3788 
10608 7988 10676 3789 
10615 7990 10683 3790 
10623 8001 10689 3790 
10627 8004 10697 3794 
10635 8008 10701 3796 
10646 8016 10708 3797 
10648 8019 10714 3799 
10655 8024 10724 3800 
10664 8028 10729 3803 
10670 8033 10734 3807 
10674 8037 10741 3809 
10681 8044 10745 3813 
10682 8049 10756 3815 
10688 8054 10764 3817 
10692 8060 10771 3819 
10696 8065 10778 3821 
10700 8070 10785 3822 
10704 8075 10790 3822 
10708 8079 10800 3823 
10714 8086 10808 3824 
10722 8093 10812 3828 
10727 8095 10814 3831 
10730 8102 10823 3834 
10733 8110 10831 3834 
10736 8115 10840 3836 
10740 8120 10843 3839 
10743 8124 10856 3843 
10747 8135 10863 3844 
10753 8141 10867 3845 
10760 8144 10871 3846 
10763 8147 10886 3851 
10772 8153 10892 3851 
10784 8156 10895 3852 
10789 8162 10903 3852 
10795 8166 10904 3856 
10798 8170 10906 3858 
10807 8177 10908 3859 
10810 8182 10913 3860 
10813 8188 10922 3861 
10820 8191 10928 3865 
10828 8193 10935 3868 
10838 8197 10939 3872 
10844 8204 10950 3873 
10848 8209 10953 3877 
10855 8211 10956 3880 
10863 8215 10960 3881 
10869 8219 10969 3883 
10873 8222 10975 3886 
10876 8228 10985 3888 
10881 8232 10990 3889 
10884 8235 10995 3891 
10891 8244 11000 3894 
10899 8247 11005 3897 
10905 8256 11015 3898 
10906 8259 11020 3901 
10914 8266 11025 3903 
10919 8274 11029 3904 
10924 8279 11039 3906 
10930 8285 11045 3909 
10937 8289 11050 3913 
10944 8293 11055 3916 
10948 8300 11058 3917 
10950 8303 11062 3919 
10956 8307 11074 3919 
10959 8310 11080 3922 
10963 8317 11089 3924 
10965 8321 11100 3926 
10971 8325 11106 3929 
10977 8327 11111 3932 
10983 8332 11114 3935 
10991 8337 11126 3937 
10997 8345 11132 3944 
11005 8352 11138 3946 
11011 8358 11143 3949 
11017 8361 11146 3950 
11022 8364 11149 3950 
11027 8367 11159 3952 
11034 8370 11163 3954 
11038 8374 11166 3956 
11044 8382 11172 3958 
11045 8388 11179 3959 
11051 8393 11187 3963 
11059 8396 11197 3963 
11060 8401 11204 3963 
11067 8406 11209 3965 
11068 8409 11214 3967 
11072 8413 11216 3967 
11075 8415 11219 3970 
11085 8420 11226 3972 
11086 8425 11229 3973 
11095 8429 11237 3974 
11100 8437 11246 3975 
11105 8441 11256 3976 
11110 8444 11263 3980 
11117 8449 11270 3981 
11124 8453 11276 3984 
11132 8457 11285 3986 
11132 8461 11291 3988 
11134 8465 11299 3991 
11140 8473 11305 3992 
11149 8476 11312 3992 
11156 8478 11316 3994 
11158 8481 11323 3998 
11168 8485 11333 4001 
11170 8489 11336 4002 
11173 8495 11348 4003 
11179 8503 11353 4003 
11181 8504 11358 4003 
11184 8509 11362 4003 
11188 8514 11366 4005 
11191 8521 11372 4010 
11196 8529 11379 4011 
11203 8535 11385 4012 
11210 8537 11388 4017 
11218 8540 11395 4017 
11222 8546 11398 4018 
11229 8551 11400 4021 
11235 8556 11407 4023 
11237 8563 11411 4024 
11243 8566 11415 4029 
11243 8575 11417 4032 
11250 8577 11421 4035 
11257 8579 11427 4038 
11263 8584 11433 4039 
11266 8588 11443 4042 
11268 8593 11448 4043 
11282 8595 11452 4044 
11288 8602 11456 4045 
11292 8607 11462 4045 
11297 8609 11470 4046 
11303 8611 11475 4046 
11309 8615 11481 4048 
11314 8622 11486 4050 
11318 8627 11496 4057 
11322 8628 11505 4060 
11326 8631 11511 4060 
11333 8635 11518 4061 
11349 8636 11525 4062 
11350 8641 11537 4066 
11356 8643 11541 4068 
11360 8648 11544 4071 
11365 8652 11548 4073 
11369 8656 11553 4075 
11374 8656 11561 4075 
11378 8660 11570 4076 
11383 8667 11574 4079 
11389 8672 11583 4082 
11395 8676 11591 4084 
11398 8681 11594 4086 
11407 8683 11599 4088 
11412 8689 11603 4093 
11417 8696 11609 4096 
11424 8701 11615 4097 
11429 8704 11627 4100 
11432 8709 11632 4102 
11436 8714 11637 4104 
11442 8717 11643 4106 
11451 8718 11650 4110 
11458 8725 11656 4112 
11462 8731 11659 4116 
11469 8736 11667 4119 
11474 8739 11675 4121 
11481 8743 11678 4125 
11485 8750 11683 4127 
11492 8753 11688 4129 
11494 8758 11690 4132 
11500 8762 11696 4134 
11503 8767 11702 4136 
11508 8774 11709 4137 
11516 8776 11716 4138 
11521 8781 11723 4139 
11529 8785 11727 4140 
11536 8791 11732 4140 
11545 8797 11734 4141 
11546 8799 11738 4144 
11553 8801 11743 4145 
11556 8802 11753 4146 
11563 8804 11761 4149 
11565 8809 11765 4150 
11569 8816 11779 4151 
11580 8820 11785 4152 
11586 8823 11795 4155 
11596 8828 11798 4156 
11600 8829 11800 4157 
11604 8839 11807 4160 
11609 8843 11812 4162 
11612 8847 11820 4165 
11621 8854 11823 4169 
11629 8858 11835 4172 
11637 8862 11839 4174 
11640 8869 11845 4175 
11645 8871 11849 4176 
11650 8876 11855 4180 
11655 8879 11857 4183 
11659 8885 11862 4185 
11665 8887 11871 4188 
11672 8892 11877 4190 
11676 8895 11884 4191 
11682 8901 11892 4194 
11685 8906 11896 4196 
11693 8912 11897 4196 
11699 8917 11899 4198 
11700 8922 11906 4201 
11702 8930 11913 4206 
11708 8934 11918 4208 
11715 8939 11924 4209 
11720 8943 11931 4211 
11727 8945 11937 4213 
11734 8949 11944 4215 
11740 8953 11950 4216 
11744 8958 11959 4218 
11750 8961 11963 4219 
11755 8963 11969 4220 
11761 8967 11976 4222 
11764 8969 11980 4225 
11770 8973 11987 4227 
11775 8975 11991 4230 
11781 8978 11996 4234 
11787 8982 12000 4236 
11791 8987 12003 4238 
11798 8988 12008 4241 
11801 8992 12016 4243 
11808 8997 12025 4249 
11812 8999 12028 4254 
11816 9006 12030 4255 
11821 9013 12037 4256 
11830 9015 12043 4260 
11833 9022 12047 4261 
11840 9028 12055 4262 
11848 9034 12060 4264 
11850 9041 12064 4265 
11853 9046 12073 4272 
11860 9048 12080 4275 
11866 9052 12090 4278 
11874 9056 12093 4281 
11881 9057 12098 4282 
11888 9062 12104 4283 
11895 9066 12106 4283 
11899 9070 12113 4285 
11905 9078 12120 4286 
11909 9085 12126 4287 
11914 9089 12132 4289 
11919 9097 12139 4289 
11920 9101 12143 4291 
11925 9104 12152 4296 
11927 9104 12160 4298 
11932 9107 12166 4300 
11937 9111 12170 4303 
11942 9114 12175 4306 
11945 9117 12181 4309 
11949 9124 12193 4309 
11955 9131 12203 4311 
11961 9133 12209 4312 
11970 9142 12217 4314 
11977 9145 12219 4317 
11983 9149 12225 4320 
11992 9153 12233 4324 
11999 9159 12240 4325 
12005 9162 12243 4326 
12011 9163 12249 4330 
12017 9167 12260 4332 
12021 9169 12266 4335 
12029 9171 12273 4338 
12030 9177 12279 4339 
12039 9181 12284 4342 
12044 9186 12295 4343 
12047 9191 12297 4343 
12048 9193 12301 4344 
12053 9198 12303 4345 
12060 9202 12306 4346 
12065 9206 12318 4349 
12073 9207 12322 4350 
12078 9211 12326 4352 
12085 9216 12329 4353 
12089 9220 12334 4354 
12093 9223 12337 4356 
12098 9224 12340 4357 
12105 9230 12347 4360 
12110 9236 12352 4362 
12118 9239 12357 4363 
12122 9242 12361 4365 
12128 9247 12364 4368 
12135 9253 12373 4369 
12137 9258 12377 4370 
12139 9268 12382 4372 
12142 9271 12387 4372 
12147 9271 12394 4373 
12151 9274 12399 4376 
12158 9276 12402 4377 
12162 9280 12406 4380 
12165 9283 12411 4382 
12171 9288 12418 4384 
12176 9293 12430 4386 
12183 9298 12436 4388 
12189 9303 12445 4390 
12192 9305 12447 4390 
12199 9307 12457 4391 
12203 9315 12465 4392 
12209 9316 12468 4394 
12217 9320 12478 4397 
12224 9327 12489 4401 
12232 9330 12498 4404 
12240 9334 12510 4406 
12248 9338 12514 4408 
12251 9342 12523 4412 
12260 9346 12531 4415 
12265 9350 12533 4415 
12271 9355 12539 4417 
12278 9363 12545 4419 
12285 9369 12553 4424 
12287 9371 12562 4426 
12288 9375 12568 4428 
12294 9377 12576 4431 
12298 9380 12584 4433 
12300 9386 12594 4435 
12306 9388 12596 4437 
12314 9397 12602 4441 
12320 9403 12608 4441 
12323 9407 12620 4443 
12328 9411 12628 4444 
12331 9415 12634 4447 
12334 9420 12639 4447 
12343 9426 12643 4449 
12346 9428 12649 4450 
12350 9429 12653 4452 
12357 9433 12654 4454 
12359 9438 12660 4457 
12366 9444 12665 4457 
12366 9448 12668 4458 
12368 9451 12676 4459 
12375 9456 12678 4461 
12381 9461 12685 4461 
12389 9468 12694 4461 
12393 9472 12697 4462 
12394 9475 12702 4463 
12401 9479 12707 4466 
12407 9484 12710 4467 
12411 9493 12712 4471 
12414 9498 12719 4474 
12415 9504 12723 4477 
12422 9511 12728 4481 
12425 9515 12735 4483 
12432 9518 12741 4486 
12439 9522 12747 4486 
12442 9524 12754 4489 
12447 9529 12758 4494 
12449 9531 12762 4495 
12453 9533 12768 4496 
12457 9535 12773 4496 
12462 9536 12777 4500 
12471 9538 12782 4503 
12475 9540 12784 4504 
12477 9543 12788 4505 
12482 9547 12798 4507 
12485 9552 12804 4508 
12492 9556 12809 4509 
12500 9557 12817 4512 
12506 9559 12823 4513 
12511 9565 12834 4513 
12515 9567 12838 4515 
12520 9571 12844 4518 
12531 9576 12849 4520 
12540 9579 12855 4526 
12551 9581 12861 4528 
12559 9584 12871 4530 
12562 9588 12880 4531 
12571 9590 12889 4532 
12576 9595 12894 4533 
12579 9599 12900 4534 
12583 9602 12908 4538 
12589 9606 12914 4544 
12594 9611 12919 4545 
12600 9614 12924 4549 
12608 9616 12935 4550 
12611 9622 12941 4553 
12614 9625 12947 4558 
12618 9629 12956 4558 
12626 9633 12960 4562 
12634 9637 12963 4565 
12641 9645 12970 4568 
12647 9649 12979 4571 
12655 9652 12984 4573 
12664 9653 12987 4575 
12667 9657 12997 4579 
12669 9659 12999 4579 
12673 9667 13003 4582 
12678 9674 13007 4585 
12681 9679 13012 4586 
12684 9681 13020 4588 
12691 9689 13026 4590 
12697 9694 13030 4591 
12705 9701 13037 4592 
12707 9707 13040 4596 
12714 9711 13050 4599 
12717 9718 13058 4600 
12723 9728 13063 4603 
12726 9729 13071 4607 
12730 9734 13078 4609 
12735 9738 13083 4611 
12743 9748 13086 4613 
12750 9757 13092 4615 
12763 9760 13097 4616 
12768 9763 13101 4616 
12775 9771 13101 4617 
12782 9775 13108 4617 
12788 9778 13112 4619 
12793 9783 13120 4623 
12799 9787 13127 4626 
12808 9794 13134 4628 
12813 9796 13138 4629 
12819 9800 13143 4632 
12821 9805 13147 4633 
12829 9808 13153 4633 
12833 9815 13160 4637 
12837 9817 13168 4639 
12839 9820 13171 4639 
12848 9829 13180 4642 
12852 9833 13186 4648 
12857 9838 13191 4650 
12865 9841 13197 4652 
12872 9846 13205 4656 
12878 9850 13212 4657 
12883 9854 13226 4658 
12888 9859 13228 4663 
12901 9860 13233 4664 
12911 9864 13238 4665 
12915 9879 13243 4667 
12919 9885 13247 4669 
12927 9892 13257 4672 
12932 9895 13264 4673 
12939 9902 13270 4677 
12944 9909 13279 4680 
12950 9910 13289 4680 
12951 9914 13295 4681 
12955 9918 13303 4681 
12959 9921 13309 4685 
12965 9928 13317 4687 
12971 9935 13323 4690 
12974 9941 13332 4693 
12981 9946 13333 4696 
12992 9952 13339 4697 
12999 9959 13347 4699 
13006 9967 13354 4702 
13015 9968 13362 4703 
13025 9972 13366 4703 
13030 9977 13372 4706 
13033 9981 13379 4706 
13040 9985 13382 4710 
13045 9990 13390 4714 
13052 9997 13395 4715 
13058 10000 13404 4718 
13063 10002 13410 4723 
13065 10006 13415 4726 
13068 10013 13423 4730 
13073 10017 13428 4731 
13078 10026 13437 4733 
13083 10027 13444 4736 
13085 10029 13449 4740 
13088 10034 13454 4742 
13097 10041 13462 4744 
13101 10045 13467 4746 
13111 10052 13473 4749 
13119 10056 13477 4752 
13120 10059 13485 4756 
13129 10063 13493 4757 
13132 10068 13500 4759 
13136 10074 13506 4762 
13140 10080 13510 4766 
13149 10083 13515 4769 
13154 10085 13522 4770 
13155 10090 13529 4772 
13159 10093 13535 4773 
13165 10094 13543 4777 
13173 10096 13552 4777 
13175 10098 13559 4779 
13180 10104 13565 4779 
13185 10111 13570 4783 
13192 10114 13578 4785 
13196 10118 13581 4787 
13203 10123 13587 4794 
13208 10127 13591 4795 
13221 10132 13597 4795 
13225 10137 13601 4798 
13231 10141 13604 4801 
13239 10144 13613 4802 
13247 10150 13618 4803 
13256 10153 13624 4804 
13260 10156 13631 4805 
13270 10161 13636 4805 
13276 10166 13639 4807 
13286 10174 13647 4807 
13290 10178 13652 4808 
13295 10184 13656 4812 
13302 10185 13663 4813 
13308 10189 13674 4813 
13318 10192 13678 4813 
13325 10197 13684 4815 
13329 10201 13691 4817 
13335 10205 13701 4819 
13337 10209 13708 4820 
13341 10212 13713 4822 
13351 10214 13720 4823 
13359 10221 13725 4825 
13367 10224 13729 4827 
13374 10229 13734 4830 
13380 10235 13739 4830 
13385 10241 13743 4833 
13387 10247 13748 4837 
13394 10251 13756 4840 
13402 10253 13759 4843 
13409 10256 13761 4846 
13414 10260 13764 4849 
13421 10264 13770 4852 
13426 10270 13778 4853 
13432 10277 13781 4854 
13435 10280 13788 4855 
13441 10283 13792 4856 
13448 10285 13802 4859 
13453 10288 13807 4860 
13458 10293 13812 4860 
13463 10301 13822 4860 
13473 10304 13828 4861 
13478 10308 13833 4862 
13483 10308 13837 4867 
13486 10314 13846 4868 
13490 10320 13855 4870 
13492 10326 13862 4871 
13499 10333 13866 4873 
13506 10336 13870 4877 
13509 10340 13877 4879 
13514 10345 13884 4880 
13520 10349 13891 4881 
13526 10354 13895 4882 
13529 10355 13904 4883 
13535 10359 13908 4885 
13539 10367 13912 4886 
13543 10370 13921 4887 
13550 10376 13926 4889 
13557 10381 13931 4892 
13561 10386 13932 4901 
13567 10393 13936 4902 
13575 10395 13945 4903 
13579 10400 13956 4908 
13586 10406 13962 4911 
13590 10409 13966 4911 
13602 10410 13968 4912 
13610 10414 13971 4914 
13614 10420 13976 4914 
13619 10426 13977 4917 
13623 10429 13982 4919 
13630 10433 13990 4921 
13633 10439 13994 4921 
13643 10442 13996 4923 
13651 10447 14003 4924 
13659 10452 14006 4926 
13668 10456 14013 4932 
13672 10462 14021 4933 
13679 10465 14029 4937 
13687 10469 14037 4938 
13689 10475 14043 4939 
13695 10477 14051 4942 
13701 10483 14058 4944 
13704 10486 14065 4946 
13714 10493 14067 4946 
13715 10496 14070 4949 
13722 10501 14079 4951 
13729 10507 14085 4951 
13731 10516 14090 4952 
13739 10519 14104 4953 
13747 10521 14109 4956 
13755 10522 14109 4958 
13761 10526 14112 4960 
13768 10530 14114 4962 
13774 10531 14122 4964 
13782 10533 14129 4968 
13786 10538 14136 4970 
13792 10540 14139 4973 
13795 10545 14148 4976 
13799 10547 14153 4978 
13803 10554 14167 4984 
13808 10559 14174 4984 
13813 10563 14180 4985 
13820 10571 14183 4986 
13827 10574 14192 4988 
13831 10577 14197 4990 
13835 10585 14201 4994 
13843 10594 14207 4996 
13846 10600 14214 5001 
13849 10607 14219 5002 
13857 10613 14226 5006 
13860 10618 14232 5008 
13864 10623 14235 5013 
13867 10628 14238 5013 
13873 10629 14241 5014 
13876 10632 14248 5016 
13879 10635 14253 5018 
13888 10636 14258 5019 
13891 10640 14268 5022 
13901 10642 14271 5023 
13905 10648 14278 5025 
13911 10655 14285 5026 
13917 10662 14293 5028 
13924 10664 14300 5031 
13930 10669 14305 5032 
13936 10670 14307 5032 
13947 10675 14311 5033 
13952 10684 14317 5036 
13956 10689 14324 5037 
13964 10695 14332 5038 
13971 10701 14334 5039 
13972 10703 14339 5041 
13981 10707 14345 5045 
13988 10714 14352 5048 
13995 10720 14359 5050 
14004 10721 14369 5053 
14005 10724 14375 5053 
14010 10728 14381 5055 
14017 10733 14388 5057 
14025 10738 14396 5059 
14031 10742 14404 5059 
14037 10749 14407 5061 
14042 10755 14408 5063 
14050 10756 14412 5068 
14055 10764 14416 5071 
14064 10770 14422 5073 
14071 10775 14425 5075 
14078 10782 14433 5077 
14085 10787 14439 5081 
14090 10792 14444 5084 
14094 10797 14450 5087 
14096 10805 14458 5089 
14104 10811 14463 5094 
14114 10814 14470 5094 
14117 10818 14477 5099 
14120 10824 14483 5102 
14124 10825 14491 5104 
14132 10831 14494 5112 
14137 10832 14498 5117 
14147 10839 14504 5118 
14151 10841 14512 5121 
14157 10847 14518 5122 
14161 10855 14524 5122 
14167 10859 14532 5123 
14172 10866 14534 5130 
14174 10873 14542 5130 
14177 10877 14553 5132 
14179 10883 14561 5138 
14183 10892 14568 5139 
14195 10898 14571 5139 
14198 10907 14576 5142 
14206 10910 14587 5142 
14211 10913 14597 5142 
14218 10918 14603 5144 
14230 10924 14612 5144 
14235 10928 14623 5145 
14238 10932 14631 5147 
14242 10937 14636 5149 
14250 10940 14643 5151 
14256 10940 14651 5152 
14262 10945 14656 5157 
14267 10950 14659 5159 
14273 10954 14666 5162 
14276 10959 14670 5164 
14283 10963 14675 5165 
14286 10966 14683 5167 
14290 10968 14693 5170 
14297 10975 14701 5173 
14301 10977 14709 5175 
14309 10982 14722 5176 
14319 10987 14725 5177 
14325 10992 14728 5178 
14329 10997 14737 5180 
14331 11004 14743 5182 
14338 11007 14753 5183 
14344 11012 14758 5184 
14350 11015 14765 5188 
14352 11017 14773 5189 
14355 11024 14778 5191 
14363 11026 14785 5193 
14371 11028 14793 5195 
14382 11033 14800 5197 
14388 11037 14807 5202 
14393 11044 14814 5203 
14399 11048 14817 5204 
14403 11051 14823 5205 
14407 11054 14827 5207 
14409 11058 14833 5209 
14412 11065 14836 5209 
14415 11068 14842 5210 
14423 11073 14847 5213 
14432 11079 14851 5214 
14440 11082 14856 5217 
14445 11087 14866 5219 
14453 11090 14877 5221 
14461 11093 14885 5222 
14468 11097 14890 5223 
14472 11102 14897 5225 
14478 11104 14903 5230 
14484 11112 14906 5236 
14492 11117 14911 5239 
14494 11122 14920 5241 
14500 11124 14930 5242 
14502 11126 14934 5243 
14510 11130 14936 5247 
14516 11132 14941 5248 
14520 11134 14945 5250 
14524 11139 14949 5253 
14526 11140 14956 5254 
14529 11146 14956 5256 
14536 11151 14962 5261 
14542 11155 14966 5264 
14549 11161 14972 5267 
14554 11165 14977 5270 
14561 11171 14983 5271 
14570 11180 14985 5275 
14576 11181 15000 5276 
14581 11187 15005 5281 
14586 11190 15011 5284 
14591 11194 15014 5288 
14598 11199 15017 5291 
14603 11202 15025 5293 
14609 11204 15028 5294 
14619 11213 15039 5296 
14626 11216 15044 5297 
14630 11222 15049 5299 
14641 11230 15051 5299 
14646 11234 15055 5302 
14653 11239 15063 5303 
14656 11243 15069 5306 
14663 11249 15073 5309 
14667 11254 15082 5310 
14673 11257 15086 5313 
14675 11261 15091 5317 
14684 11268 15096 5320 
14694 11274 15106 5322 
14699 11277 15109 5327 
14706 11280 15117 5331 
14713 11283 15123 5332 
14715 11289 15125 5333 
14723 11296 15134 5333 
14729 11298 15145 5333 
14740 11307 15150 5336 
14744 11310 15155 5336 
14749 11312 15161 5337 
14754 11318 15167 5341 
14756 11321 15174 5343 
14764 11326 15177 5347 
14770 11326 15181 5349 
14778 11329 15187 5352 
14786 11331 15196 5355 
14797 11337 15199 5358 
14803 11342 15205 5361 
14809 11350 15214 5362 
14816 11356 15222 5366 
14821 11359 15224 5370 
14824 11364 15229 5376 
14829 11370 15235 5380 
14832 11373 15244 5382 
14837 11377 15249 5384 
14843 11385 15257 5384 
14851 11389 15265 5385 
14855 11393 15267 5386 
14865 11398 15271 5387 
14867 11402 15276 5389 
14876 11409 15277 5390 
14881 11414 15284 5393 
14891 11417 15294 5393 
14896 11420 15299 5395 
14904 11427 15301 5396 
14911 11432 15304 5400 
14917 11438 15310 5405 
14924 11440 15317 5406 
14932 11450 15320 5407 
14939 11452 15327 5409 
14941 11456 15334 5410 
14945 11460 15341 5412 
14949 11470 15348 5414 
14955 11473 15355 5416 
14960 11476 15361 5417 
14969 11478 15370 5419 
14972 11480 15378 5421 
14977 11487 15383 5424 
14986 11490 15392 5424 
14990 11496 15397 5429 
14999 11498 15403 5432 
15007 11501 15411 5435 
15012 11506 15412 5437 
15014 11507 15414 5439 
15020 11512 15417 5441 
15025 11518 15424 5441 
15034 11524 15429 5445 
15039 11529 15434 5447 
15045 11536 15443 5447 
15048 11540 15450 5448 
15054 11546 15457 5455 
15060 11548 15462 5459 
15069 11553 15469 5460 
15073 11556 15471 5463 
15077 11559 15476 5467 
15080 11566 15481 5469 
15083 11573 15491 5470 
15083 11575 15500 5472 
15093 11578 15506 5475 
15103 11579 15510 5477 
15110 11582 15523 5480 
15117 11586 15528 5482 
15126 11593 15536 5484 
15131 11598 15546 5486 
15135 11600 15556 5489 
15141 11602 15563 5492 
15142 11609 15570 5492 
15147 11612 15573 5494 
15154 11615 15580 5496 
15158 11620 15585 5498 
15163 11627 15587 5499 
15170 11633 15593 5501 
15172 11635 15598 5502 
15176 11639 15603 5504 
15186 11644 15607 5506 
15190 11649 15611 5507 
15195 11649 15616 5509 
15199 11654 15620 5513 
15201 11658 15625 5519 
15208 11663 15627 5520 
15219 11668 15633 5523 
15224 11677 15641 5524 
15229 11680 15648 5525 
15233 11687 15658 5529 
15240 11695 15661 5531 
15245 11703 15665 5533 
15250 11708 15670 5534 
15254 11710 15674 5535 
15259 11711 15684 5538 
15260 11719 15692 5539 
15260 11724 15701 5542 
15264 11731 15706 5545 
15270 11733 15710 5545 
15276 11736 15713 5546 
15280 11739 15718 5549 
15289 11743 15723 5552 
15294 11746 15730 5554 
15300 11752 15740 5557 
15304 11755 15747 5557 
15314 11762 15752 5558 
15318 11763 15762 5558 
15321 11770 15769 5560 
15325 11776 15775 5563 
15330 11782 15780 5568 
15337 11785 15790 5569 
15348 11788 15791 5572 
15351 11794 15799 5573 
15358 11798 15803 5575 
15365 11802 15809 5577 
15368 11802 15815 5579 
15371 11805 15823 5580 
15373 11812 15831 5583 
15377 11815 15839 5585 
15384 11818 15848 5588 
15387 11822 15859 5590 
15394 11823 15865 5592 
15396 11827 15872 5594 
15405 11832 15879 5596 
15407 11836 15884 5596 
15413 11843 15890 5600 
15421 11848 15896 5601 
15427 11852 15900 5602 
15435 11856 15908 5605 
15440 11859 15911 5606 
15447 11862 15921 5610 
15453 11865 15931 5610 
15458 11870 15938 5610 
15464 11876 15948 5610 
15469 11883 15951 5615 
15472 11885 15956 5616 
15484 11887 15959 5620 
15491 11893 15967 5624 
15504 11896 15973 5626 
15508 11900 15978 5628 
15514 11909 15984 5629 
15520 11914 15991 5630 
15523 11916 15997 5630 
15527 11920 16003 5632 
15533 11924 16015 5635 
15537 11926 16016 5637 
15546 11932 16025 5639 
15552 11934 16032 5640 
15562 11941 16036 5642 
15568 11947 16044 5642 
15576 11955 16049 5647 
15582 11959 16059 5649 
15586 11964 16066 5652 
15593 11967 16074 5653 
15603 11978 16078 5658 
15611 11980 16087 5660 
15615 11983 16092 5661 
15619 11987 16099 5662 
15626 11990 16103 5664 
15630 11995 16109 5665 
15636 11999 16118 5668 
15646 12001 16124 5671 
15655 12003 16133 5673 
15668 12007 16138 5674 
15678 12009 16140 5676 
15684 12015 16150 5678 
15690 12018 16155 5679 
15699 12023 16163 5681 
15702 12026 16174 5684 
15709 12031 16178 5685 
15712 12033 16183 5686 
15718 12037 16187 5687 
15724 12043 16195 5687 
15728 12046 16206 5689 
15735 12051 16212 5691 
15741 12054 16217 5694 
15744 12058 16226 5695 
15746 12060 16229 5696 
15754 12062 16233 5702 
15762 12066 16238 5706 
15768 12069 16245 5707 
15780 12075 16253 5710 
15790 12078 16255 5712 
15796 12082 16263 5716 
15800 12085 16266 5718 
15805 12089 16272 5720 
15812 12095 16277 5720 
15817 12099 16289 5722 
15826 12103 16295 5722 
15830 12108 16296 5726 
15841 12109 16306 5729 
15849 12113 16311 5730 
15855 12119 16318 5730 
15860 12121 16325 5730 
15863 12123 16333 5733 
15866 12130 16344 5734 
15873 12133 16355 5736 
15879 12140 16360 5738 
15885 12145 16366 5740 
15890 12146 16374 5740 
15891 12148 16384 5740 
15899 12155 16391 5742 
15907 12159 16398 5745 
15909 12161 16407 5750 
15920 12164 16413 5752 
15924 12173 16423 5752 
15931 12178 16430 5752 
15939 12182 16433 5754 
15944 12190 16437 5755 
15949 12193 16445 5757 
15954 12198 16448 5760 
15958 12203 16453 5761 
15961 12208 16456 5763 
15969 12211 16461 5767 
15971 12217 16467 5768 
15977 12219 16472 5768 
15979 12226 16478 5770 
15984 12234 16485 5771 
15991 12240 16488 5774 
15995 12246 16491 5777 
16002 12247 16496 5780 
16012 12252 16502 5783 
16017 12252 16510 5787 
16024 12253 16514 5790 
16029 12257 16524 5793 
16037 12261 16536 5797 
16044 12268 16544 5803 
16050 12272 16555 5804 
16056 12277 16565 5807 
16064 12280 16570 5810 
16071 12283 16580 5812 
16082 12285 16588 5814 
16086 12289 16593 5815 
16091 12292 16599 5817 
16101 12298 16606 5819 
16109 12300 16610 5821 
16112 12312 16615 5826 
16116 12320 16616 5827 
16121 12321 16621 5832 
16125 12323 16627 5833 
16127 12327 16634 5834 
16132 12332 16638 5837 
16136 12341 16643 5839 
16143 12346 16649 5841 
16156 12353 16658 5843 
16161 12355 16661 5845 
16164 12362 16666 5848 
16169 12368 16668 5850 
16172 12371 16674 5851 
16180 12376 16679 5855 
16183 12379 16692 5855 
16189 12388 16700 5858 
16195 12390 16706 5862 
16202 12390 16717 5865 
16211 12393 16721 5865 
16218 12398 16726 5868 
16222 12406 16734 5869 
16226 12410 16740 5872 
16231 12413 16746 5873 
16235 12420 16752 5875 
16236 12428 16761 5875 
16243 12433 16772 5876 
16247 12434 16780 5876 
16259 12439 16787 5876 
16266 12441 16789 5877 
16271 12450 16797 5877 
16276 12454 16804 5879 
16281 12460 16810 5881 
16286 12464 16819 5882 
16288 12469 16832 5887 
16295 12475 16837 5888 
16298 12480 16843 5891 
16301 12487 16848 5894 
16310 12489 16853 5896 
16315 12493 16856 5898 
16319 12495 16863 5899 
16326 12501 16872 5900 
16331 12508 16877 5900 
16339 12514 16882 5902 
16345 12517 16888 5903 
16350 12523 16893 5906 
16354 12531 16899 5906 
16361 12533 16904 5908 
16368 12539 16909 5909 
16372 12541 16915 5909 
16377 12548 16921 5913 
16384 12551 16932 5917 
16393 12556 16940 5921 
16403 12562 16950 5925 
16410 12566 16961 5926 
16417 12573 16969 5927 
16424 12576 16974 5930 
16433 12583 16982 5933 
16442 12584 16986 5935 
16451 12587 16992 5935 
16459 12593 16996 5935 
16464 12597 17000 5936 
16470 12603 17005 5937 
16477 12611 17007 5937 
16480 12618 17013 5937 
16487 12625 17015 5940 
16494 12629 17023 5941 
16500 12633 17028 5942 
16507 12638 17037 5943 
16517 12640 17040 5944 
16522 12645 17044 5946 
16530 12646 17052 5949 
16537 12649 17056 5953 
16551 12653 17061 5954 
16554 12657 17068 5955 
16558 12665 17076 5959 
16561 12669 17087 5959 
16567 12675 17097 5961 
16573 12679 17101 5962 
16579 12681 17107 5966 
16583 12683 17114 5966 
16589 12684 17118 5967 
16596 12692 17126 5969 
16598 12699 17132 5971 
16603 12704 17134 5978 
16608 12705 17139 5980 
16617 12713 17143 5981 
16620 12718 17151 5983 
16624 12724 17158 5986 
16626 12728 17168 5989 
16628 12733 17175 5991 
16633 12737 17181 5991 
16640 12744 17188 5992 
16645 12750 17195 5996 
16649 12755 17202 5997 
16653 12758 17209 5998 
16659 12763 17214 5998 
16663 12769 17220 6003 
16668 12779 17226 6012 
16672 12782 17236 6012 
16675 12789 17246 6016 
16679 12793 17255 6017 
16687 12796 17262 6022 
16692 12799 17268 6023 
16695 12800 17274 6028 
16703 12806 17279 6030 
16711 12812 17285 6035 
16719 12816 17293 6036 
16731 12819 17297 6037 
16735 12828 17299 6037 
16740 12840 17307 6043 
16746 12847 17309 6046 
16750 12852 17319 6047 
16754 12861 17326 6051 
16763 12864 17329 6052 
16767 12865 17333 6053 
16769 12868 17337 6058 
16773 12874 17341 6058 
16779 12878 17352 6061 
16790 12886 17362 6065 
16793 12891 17370 6069 
16799 12894 17376 6074 
16809 12898 17377 6079 
16814 12901 17383 6083 
16820 12908 17390 6087 
16830 12916 17394 6090 
16841 12919 17398 6092 
16850 12927 17406 6097 
16856 12932 17409 6099 
16861 12938 17421 6101 
16865 12944 17428 6102 
16868 12950 17432 6105 
16875 12956 17437 6107 
16879 12959 17444 6108 
16888 12963 17451 6109 
16894 12969 17460 6110 
16904 12974 17468 6112 
16910 12978 17475 6114 
16921 12983 17477 6116 
16928 12990 17489 6118 
16934 12993 17491 6120 
16939 12997 17496 6122 
16939 13005 17505 6124 
16943 13008 17509 6127 
16947 13013 17517 6132 
16952 13014 17522 6132 
16964 13017 17528 6133 
16973 13023 17535 6135 
16974 13029 17542 6137 
16978 13035 17548 6140 
16985 13040 17554 6140 
16993 13048 17563 6142 
16998 13052 17570 6145 
17005 13055 17574 6149 
17008 13061 17584 6152 
17014 13065 17591 6153 
17018 13074 17597 6156 
17021 13077 17602 6158 
17027 13082 17612 6161 
17033 13087 17617 6165 
17036 13091 17622 6169 
17042 13094 17628 6169 
17045 13096 17634 6170 
17049 13103 17638 6172 
17057 13113 17644 6173 
17067 13122 17652 6175 
17070 13127 17660 6181 
17075 13135 17668 6181 
17082 13141 17673 6184 
17088 13144 17680 6184 
17094 13151 17692 6186 
17104 13158 17696 6186 
17109 13165 17706 6188 
17119 13167 17712 6191 
17125 13173 17717 6192 
17132 13177 17722 6193 
17135 13179 17729 6193 
17141 13186 17734 6195 
17147 13187 17738 6196 
17156 13192 17746 6198 
17161 13196 17754 6199 
17167 13201 17759 6203 
17174 13208 17769 6205 
17179 13212 17776 6207 
17183 13215 17781 6209 
17191 13220 17789 6211 
17196 13223 17792 6212 
17209 13228 17795 6215 
17217 13231 17800 6215 
17226 13234 17806 6216 
17233 13235 17811 6219 
17240 13241 17814 6221 
17243 13244 17821 6226 
17248 13252 17830 6228 
17253 13258 17832 6229 
17258 13265 17837 6231 
17261 13270 17847 6234 
17262 13272 17853 6236 
17269 13278 17863 6237 
17269 13281 17872 6243 
17273 13287 17878 6246 
17278 13290 17883 6247 
17286 13295 17891 6250 
17291 13298 17898 6251 
17294 13303 17908 6254 
17297 13307 17916 6259 
17300 13316 17924 6261 
17308 13319 17929 6262 
17310 13322 17933 6262 
17315 13326 17939 6266 
17320 13331 17950 6267 
17322 13334 17956 6269 
17330 13340 17960 6271 
17338 13343 17966 6273 
17344 13349 17973 6277 
17352 13353 17978 6283 
17356 13354 17984 6283 
17360 13363 17989 6286 
17367 13370 17993 6287 
17370 13373 18001 6290 
17379 13376 18010 6294 
17391 13377 18016 6298 
17396 13378 18022 6301 
17400 13379 18029 6303 
17409 13384 18041 6305 
17415 13388 18051 6306 
17422 13397 18057 6307 
17425 13401 18063 6308 
17428 13408 18066 6310 
17431 13410 18072 6313 
17435 13415 18078 6318 
17443 13420 18082 6319 
17447 13427 18087 6321 
17453 13433 18091 6322 
17458 13436 18098 6326 
17463 13439 18108 6326 
17467 13446 18111 6328 
17473 13449 18118 6330 
17483 13451 18125 6332 
17490 13457 18129 6333 
17492 13466 18141 6335 
17497 13469 18146 6337 
17500 13471 18156 6341 
17511 13475 18163 6342 
17515 13478 18171 6345 
17519 13482 18181 6345 
17526 13490 18188 6351 
17533 13499 18189 6354 
17538 13501 18193 6357 
17542 13506 18198 6359 
17548 13513 18207 6362 
17553 13518 18219 6363 
17560 13524 18228 6366 
17565 13528 18234 6369 
17569 13533 18242 6370 
17575 13539 18244 6372 
17581 13539 18253 6374 
17588 13546 18257 6375 
17592 13548 18263 6376 
17596 13553 18268 6378 
17598 13558 18271 6382 
17603 13562 18277 6385 
17609 13564 18280 6388 
17612 13574 18283 6393 
17617 13576 18289 6394 
17620 13581 18293 6397 
17628 13585 18296 6399 
17638 13587 18302 6400 
17642 13589 18314 6401 
17646 13591 18321 6404 
17650 13594 18330 6405 
17662 13598 18337 6408 
17666 13600 18341 6409 
17673 13601 18345 6410 
17677 13602 18353 6411 
17681 13607 18356 6413 
17685 13611 18363 6415 
17686 13615 18367 6416 
17695 13624 18372 6418 
17703 13627 18375 6420 
17709 13633 18383 6422 
17716 13636 18390 6425 
17723 13637 18401 6430 
17730 13640 18409 6430 
17735 13642 18417 6433 
17743 13648 18421 6434 
17749 13652 18426 6436 
17756 13653 18438 6440 
17761 13654 18445 6441 
17768 13659 18446 6443 
17771 13661 18451 6446 
17775 13666 18455 6448 
17782 13676 18461 6449 
17793 13685 18469 6453 
17799 13694 18471 6454 
17807 13698 18472 6458 
17812 13703 18480 6458 
17821 13707 18485 6459 
17828 13714 18489 6464 
17835 13716 18495 6467 
17843 13719 18499 6471 
17845 13723 18506 6472 
17847 13729 18512 6474 
17853 13731 18517 6476 
17858 13735 18526 6480 
17862 13741 18529 6484 
17870 13749 18535 6484 
17876 13760 18541 6486 
17885 13765 18550 6486 
17887 13771 18554 6487 
17891 13777 18561 6489 
17897 13779 18568 6489 
17911 13783 18572 6490 
17919 13789 18578 6492 
17927 13795 18583 6494 
17935 13799 18592 6495 
17944 13805 18600 6498 
17952 13811 18606 6500 
17958 13813 18618 6503 
17964 13818 18621 6505 
17972 13821 18626 6506 
17974 13824 18628 6506 
17981 13828 18636 6508 
17986 13831 18643 6509 
17989 13834 18649 6513 
17994 13839 18654 6514 
18001 13845 18661 6515 
18008 13850 18666 6517 
18014 13854 18677 6520 
18021 13861 18685 6521 
18029 13866 18691 6521 
18033 13869 18698 6521 
18037 13876 18707 6523 
18045 13879 18715 6524 
18048 13888 18722 6525 
18052 13894 18728 6527 
18059 13900 18735 6527 
18063 13905 18743 6527 
18072 13906 18750 6529 
18078 13911 18756 6529 
18085 13913 18762 6529 
18089 13917 18767 6530 
18104 13921 18773 6536 
18114 13926 18778 6537 
18119 13931 18782 6538 
18131 13936 18791 6538 
18135 13942 18800 6539 
18143 13949 18804 6543 
18147 13951 18807 6546 
18155 13956 18816 6552 
18162 13960 18821 6558 
18167 13965 18826 6559 
18173 13967 18829 6560 
18177 13973 18833 6562 
18185 13977 18842 6563 
18193 13980 18846 6563 
18198 13984 18853 6565 
18199 13988 18859 6566 
18205 13993 18865 6568 
18208 13997 18874 6570 
18211 14002 18875 6571 
18216 14007 18884 6575 
18217 14014 18890 6575 
18219 14016 18896 6575 
18224 14019 18899 6580 
18230 14020 18901 6584 
18237 14023 18908 6587 
18241 14027 18917 6591 
18248 14029 18921 6594 
18253 14037 18927 6597 
18255 14039 18934 6599 
18262 14042 18937 6601 
18269 14045 18943 6604 
18272 14051 18950 6605 
18279 14054 18956 6607 
18284 14060 18961 6608 
18290 14064 18967 6612 
18301 14069 18978 6615 
18306 14073 18988 6619 
18314 14080 18993 6621 
18317 14084 18996 6625 
18321 14088 19006 6625 
18328 14093 19012 6626 
18333 14095 19021 6629 
18337 14101 19025 6632 
18341 14104 19031 6635 
18347 14110 19040 6638 
18352 14112 19044 6641 
18357 14116 19056 6644 
18362 14122 19067 6647 
18367 14127 19074 6647 
18370 14131 19084 6648 
18378 14136 19091 6653 
18383 14143 19096 6657 
18386 14146 19102 6659 
18395 14151 19115 6659 
18400 14159 19122 6659 
18406 14165 19134 6660 
18411 14170 19137 6662 
18419 14174 19141 6663 
18424 14179 19149 6666 
18430 14184 19151 6668 
18439 14185 19155 6669 
18444 14189 19158 6671 
18451 14193 19164 6672 
18455 14195 19169 6672 
18461 14198 19176 6674 
18465 14210 19179 6676 
18469 14214 19184 6681 
18476 14217 19194 6685 
18484 14221 19197 6688 
18490 14229 19206 6690 
18494 14236 19217 6690 
18499 14236 19219 6692 
18505 14241 19224 6693 
18508 14247 19228 6696 
18514 14253 19232 6698 
18523 14257 19240 6700 
18529 14262 19248 6701 
18534 14265 19251 6701 
18540 14271 19261 6702 
18551 14274 19267 6706 
18557 14278 19271 6707 
18569 14286 19277 6709 
18577 14288 19286 6712 
18584 14293 19291 6712 
18592 14298 19294 6718 
18600 14303 19298 6721 
18604 14311 19306 6721 
18611 14317 19311 6726 
18617 14322 19318 6726 
18626 14323 19327 6729 
18632 14328 19331 6731 
18634 14333 19338 6733 
18637 14339 19347 6735 
18650 14349 19351 6735 
18653 14359 19354 6738 
18660 14364 19361 6742 
18663 14369 19364 6745 
18668 14373 19373 6750 
18670 14383 19385 6754 
18675 14387 19387 6755 
18680 14391 19391 6759 
18684 14396 19400 6760 
18686 14400 19406 6763 
18692 14403 19417 6764 
18700 14409 19425 6766 
18703 14416 19429 6771 
18708 14419 19436 6774 
18710 14424 19448 6775 
18719 14430 19452 6778 
18731 14432 19458 6779 
18736 14435 19467 6780 
18748 14438 19477 6783 
18759 14443 19489 6786 
18766 14447 19492 6790 
18774 14450 19498 6791 
18783 14453 19507 6795 
18792 14459 19511 6797 
18801 14464 19517 6799 
18808 14466 19519 6800 
18810 14471 19519 6804 
18814 14478 19526 6807 
18818 14484 19534 6810 
18827 14495 19546 6811 
18833 14498 19552 6813 
18840 14504 19563 6814 
18845 14512 19567 6818 
18850 14519 19572 6820 
18854 14521 19576 6820 
18863 14522 19580 6823 
18867 14524 19586 6825 
18875 14527 19592 6826 
18878 14534 19599 6828 
18886 14538 19605 6828 
18895 14545 19610 6831 
18898 14550 19617 6831 
18901 14556 19623 6831 
18902 14559 19629 6835 
18912 14563 19643 6835 
18915 14568 19647 6837 
18921 14572 19655 6839 
18925 14578 19662 6841 
18937 14582 19664 6842 
18944 14585 19671 6844 
18946 14588 19675 6846 
18950 14590 19683 6850 
18954 14597 19690 6850 
18956 14598 19695 6850 
18962 14603 19698 6853 
18968 14615 19702 6855 
18970 14623 19706 6858 
18974 14625 19717 6861 
18981 14628 19726 6863 
18984 14634 19731 6864 
18988 14639 19738 6867 
18994 14644 19746 6867 
19000 14651 19754 6869 
19012 14652 19761 6871 
19018 14656 19765 6874 
19023 14660 19776 6874 
19027 14669 19788 6879 
19031 14673 19794 6882 
19033 14674 19800 6886 
19039 14677 19805 6887 
19044 14679 19814 6894 
19049 14685 19822 6895 
19051 14689 19828 6899 
19056 14696 19832 6901 
19064 14700 19837 6903 
19068 14703 19842 6906 
19070 14709 19847 6908 
19076 14713 19854 6911 
19081 14717 19857 6911 
19089 14721 19865 6914 
19095 14724 19874 6918 
19103 14726 19881 6920 
19109 14732 19888 6922 
19113 14736 19892 6924 
19120 14744 19897 6925 
19129 14747 19899 6926 
19135 14751 19902 6928 
19139 14758 19908 6932 
19143 14764 19920 6934 
19153 14767 19927 6938 
19161 14771 19930 6939 
19168 14776 19942 6940 
19172 14780 19948 6944 
19183 14785 19950 6945 
19192 14789 19958 6945 
19198 14798 19967 6946 
19209 14803 19973 6946 
19216 14807 19983 6948 
19217 14813 19990 6950 
19226 14818 19997 6953 
19231 14822 20004 6955 
19236 14830 20011 6955 
19242 14832 20015 6957 
19248 14835 20022 6960 
19255 14838 20026 6961 
19260 14843 20028 6961 
19264 14849 20034 6962 
19268 14853 20039 6963 
19271 14857 20047 6965 
19279 14860 20048 6968 
19285 14867 20054 6968 
19291 14874 20059 6969 
19297 14878 20065 6973 
19304 14880 20072 6975 
19306 14885 20079 6976 
19314 14889 20090 6980 
19321 14890 20096 6981 
19328 14894 20104 6982 
19335 14901 20114 6986 
19342 14903 20119 6988 
19344 14908 20124 6990 
19350 14910 20131 6992 
19356 14912 20137 6993 
19360 14917 20153 6994 
19365 14922 20160 6998 
19370 14928 20168 6999 
19374 14933 20173 7001 
19382 14939 20184 7002 
19387 14944 20186 7003 
19396 14948 20196 7006 
19401 14955 20203 7007 
19403 14960 20206 7008 
19409 14962 20213 7010 
19419 14964 20219 7011 
19422 14967 20222 7013 
19428 14970 20226 7014 
19437 14973 20234 7017 
19440 14979 20245 7018 
19451 14981 20254 7020 
19455 14987 20257 7025 
19460 14992 20270 7030 
19466 14996 20276 7030 
19473 14997 20283 7032 
19475 15004 20293 7033 
19483 15009 20301 7035 
19489 15015 20308 7038 
19496 15020 20317 7041 
19502 15029 20328 7042 
19506 15032 20332 7044 
19516 15039 20339 7046 
19518 15047 20346 7047 
19525 15049 20354 7050 
19532 15052 20362 7055 
19538 15056 20369 7062 
19547 15062 20381 7063 
19551 15067 20390 7065 
19559 15072 20394 7069 
19562 15077 20399 7072 
19566 15080 20402 7074 
19571 15087 20409 7077 
19580 15095 20416 7078 
19582 15102 20419 7080 
19587 15105 20424 7082 
19597 15117 20433 7087 
19604 15121 20436 7090 
19607 15128 20441 7090 
19619 15131 20456 7091 
19625 15137 20467 7092 
19633 15141 20472 7093 
19637 15144 20479 7096 
19644 15147 20485 7100 
19653 15149 20488 7105 
19659 15153 20496 7106 
19663 15156 20501 7107 
19668 15160 20508 7108 
19677 15169 20513 7108 
19684 15177 20516 7111 
19694 15180 20520 7112 
19698 15183 20528 7112 
19703 15187 20531 7113 
19705 15190 20541 7116 
19713 15195 20549 7117 
19717 15200 20556 7120 
19720 15206 20563 7120 
19723 15211 20571 7121 
19732 15217 20576 7122 
19734 15225 20588 7124 
19741 15235 20597 7126 
19744 15242 20603 7129 
19753 15249 20606 7130 
19759 15254 20615 7132 
19764 15257 20619 7133 
19768 15261 20624 7133 
19776 15266 20630 7138 
19784 15271 20635 7144 
19797 15276 20643 7145 
19811 15284 20648 7147 
19816 15287 20656 7150 
19824 15288 20665 7150 
19835 15294 20674 7154 
19841 15302 20683 7154 
19847 15306 20690 7157 
19852 15309 20703 7160 
19857 15318 20706 7161 
19863 15322 20713 7161 
19872 15326 20717 7162 
19876 15333 20721 7162 
19884 15336 20726 7162 
19889 15339 20729 7162 
19902 15340 20738 7165 
19910 15348 20747 7166 
19919 15354 20752 7171 
19929 15359 20757 7172 
19939 15365 20761 7174 
19944 15369 20769 7176 
19947 15373 20775 7177 
19956 15377 20780 7178 
19964 15386 20786 7181 
19975 15390 20794 7181 
19984 15397 20801 7186 
19984 15401 20810 7186 
19989 15404 20818 7189 
19989 15410 20826 7191 
19998 15422 20837 7192 
20006 15428 20850 7194 
20015 15432 20855 7195 
20022 15437 20864 7197 
20029 15443 20871 7198 
20035 15447 20875 7199 
20038 15451 20878 7199 
20044 15457 20885 7200 
20049 15460 20891 7202 
20054 15467 20897 7205 
20060 15476 20898 7207 
20064 15478 20906 7209 
20068 15483 20910 7210 
20071 15489 20915 7216 
20076 15492 20923 7218 
20080 15498 20934 7221 
20085 15502 20945 7223 
20092 15507 20951 7226 
20100 15509 20958 7228 
20106 15510 20965 7231 
20114 15515 20973 7234 
20120 15519 20981 7237 
20125 15523 20986 7239 
20129 15528 20992 7240 
20136 15530 21001 7244 
20145 15534 21009 7245 
20151 15538 21014 7247 
20156 15543 21021 7250 
20159 15546 21028 7250 
20164 15554 21034 7253 
20173 15555 21038 7255 
20176 15558 21047 7257 
20182 15562 21053 7258 
20187 15566 21056 7261 
20196 15571 21063 7262 
20206 15580 21068 7263 
20214 15589 21078 7266 
20218 15596 21086 7268 
20222 15604 21091 7270 
20226 15612 21095 7272 
20232 15617 21106 7275 
20239 15622 21111 7279 
20242 15626 21119 7284 
20249 15629 21128 7285 
20255 15633 21137 7291 
20257 15636 21149 7292 
20262 15637 21151 7295 
20266 15640 21154 7297 
20274 15650 21162 7298 
20280 15655 21165 7300 
20282 15659 21180 7301 
20290 15666 21186 7304 
20294 15668 21192 7310 
20300 15673 21197 7312 
20309 15674 21205 7314 
20314 15679 21211 7316 
20319 15686 21221 7317 
20329 15691 21226 7319 
20336 15695 21233 7321 
20345 15701 21238 7324 
20349 15707 21244 7326 
20354 15712 21250 7331 
20359 15715 21259 7334 
20364 15726 21265 7335 
20369 15729 21269 7336 
20374 15735 21276 7338 
20379 15739 21288 7338 
20388 15745 21295 7339 
20393 15749 21301 7339 
20394 15751 21305 7341 
20403 15755 21311 7341 
20405 15760 21316 7345 
20412 15763 21322 7348 
20421 15769 21329 7352 
20431 15774 21333 7356 
20438 15775 21344 7361 
20446 15784 21346 7364 
20452 15789 21350 7366 
20458 15791 21356 7367 
20461 15797 21363 7370 
20466 15800 21371 7371 
20475 15805 21377 7374 
20479 15812 21385 7374 
20485 15816 21388 7374 
20491 15818 21397 7375 
20499 15823 21401 7378 
20503 15827 21405 7381 
20507 15833 21413 7383 
20516 15840 21418 7386 
20521 15845 21424 7390 
20528 15858 21427 7393 
20532 15863 21433 7393 
20535 15869 21438 7396 
20542 15874 21442 7399 
20548 15876 21448 7400 
20554 15880 21456 7401 
20557 15884 21463 7402 
20563 15886 21471 7406 
20569 15887 21476 7408 
20576 15890 21490 7408 
20581 15892 21499 7409 
20585 15898 21504 7414 
20588 15905 21511 7417 
20596 15913 21516 7418 
20598 15919 21522 7420 
20605 15928 21527 7421 
20610 15941 21533 7423 
20620 15948 21541 7426 
20627 15954 21543 7428 
20632 15960 21553 7432 
20642 15964 21559 7434 
20649 15971 21565 7434 
20658 15974 21571 7434 
20662 15976 21578 7437 
20666 15981 21587 7439 
20674 15989 21596 7442 
20678 15995 21608 7444 
20681 16004 21618 7450 
20687 16007 21627 7452 
20691 16016 21631 7452 
20694 16021 21642 7454 
20700 16027 21647 7456 
20702 16034 21660 7460 
20704 16035 21667 7464 
20711 16042 21673 7468 
20719 16046 21678 7469 
20726 16049 21683 7471 
20730 16052 21688 7477 
20735 16061 21692 7481 
20739 16068 21697 7487 
20745 16073 21702 7487 
20752 16079 21707 7487 
20756 16080 21716 7489 
20760 16082 21722 7490 
20766 16086 21728 7493 
20772 16091 21734 7493 
20781 16095 21741 7496 
20788 16100 21748 7497 
20791 16104 21751 7498 
20794 16111 21761 7499 
20798 16116 21767 7501 
20804 16120 21774 7501 
20811 16124 21778 7504 
20820 16131 21789 7508 
20829 16134 21794 7510 
20834 16139 21801 7511 
20836 16147 21805 7516 
20841 16152 21811 7517 
20846 16161 21817 7521 
20850 16166 21820 7522 
20862 16178 21824 7522 
20868 16184 21827 7523 
20874 16187 21831 7526 
20879 16189 21837 7527 
20886 16194 21845 7528 
20893 16197 21849 7528 
20893 16206 21857 7530 
20896 16212 21860 7532 
20899 16214 21862 7537 
20909 16215 21870 7541 
20914 16219 21875 7543 
20921 16223 21881 7545 
20926 16232 21888 7546 
20935 16241 21893 7547 
20941 16247 21901 7549 
20949 16250 21908 7551 
20957 16252 21912 7553 
20963 16256 21917 7557 
20970 16263 21925 7558 
20975 16267 21932 7559 
20984 16271 21936 7560 
20990 16275 21943 7562 
20999 16282 21952 7564 
21004 16286 21961 7569 
21011 16291 21969 7574 
21019 16294 21975 7576 
21022 16303 21976 7576 
21026 16304 21978 7579 
21032 16309 21982 7581 
21039 16312 21988 7581 
21043 16314 21996 7582 
21051 16317 22004 7584 
21052 16320 22009 7589 
21057 16324 22014 7590 
21062 16327 22019 7593 
21067 16336 22025 7597 
21073 16339 22028 7600 
21079 16345 22033 7603 
21082 16348 22037 7603 
21090 16354 22046 7604 
21093 16362 22052 7604 
21098 16366 22059 7606 
21103 16373 22066 7608 
21106 16377 22070 7613 
21110 16386 22078 7613 
21119 16389 22085 7615 
21128 16392 22100 7615 
21131 16395 22104 7619 
21136 16402 22109 7620 
21149 16405 22113 7623 
21156 16406 22122 7625 
21161 16409 22122 7625 
21166 16417 22129 7627 
21169 16422 22135 7632 
21178 16430 22147 7635 
21186 16432 22151 7639 
21188 16435 22154 7643 
21193 16435 22159 7645 
21203 16440 22167 7647 
21206 16443 22173 7648 
21209 16450 22179 7651 
21214 16459 22186 7652 
21218 16468 22198 7655 
21222 16473 22205 7658 
21228 16478 22210 7659 
21234 16482 22214 7661 
21240 16485 22224 7665 
21245 16491 22230 7669 
21254 16495 22237 7673 
21259 16499 22246 7673 
21266 16503 22252 7677 
21277 16505 22257 7680 
21280 16509 22264 7682 
21284 16515 22273 7684 
21289 16518 22278 7685 
21294 16524 22283 7686 
21301 16529 22286 7687 
21301 16532 22288 7688 
21307 16534 22296 7689 
21316 16542 22303 7691 
21321 16543 22315 7692 
21326 16551 22321 7694 
21333 16554 22325 7697 
21338 16560 22330 7700 
21344 16564 22333 7705 
21349 16567 22338 7706 
21356 16575 22345 7706 
21364 16581 22349 7708 
21368 16586 22358 7709 
21372 16588 22366 7712 
21381 16597 22372 7714 
21390 16605 22378 7715 
21399 16610 22386 7718 
21404 16617 22396 7721 
21410 16621 22408 7724 
21416 16626 22417 7725 
21427 16630 22426 7726 
21435 16633 22433 7731 
21441 16634 22437 7734 
21444 16641 22441 7736 
21451 16646 22447 7740 
21457 16649 22453 7741 
21465 16655 22460 7743 
21469 16660 22466 7747 
21472 16666 22472 7752 
21479 16671 22475 7753 
21484 16678 22480 7754 
21491 16682 22487 7757 
21499 16682 22492 7759 
21500 16688 22496 7761 
21503 16693 22503 7761 
21511 16695 22510 7762 
21520 16699 22515 7762 
21527 16701 22522 7764 
21532 16706 22529 7765 
21538 16713 22536 7766 
21543 16717 22541 7767 
21553 16721 22548 7767 
21561 16723 22559 7768 
21565 16729 22563 7772 
21569 16733 22568 7773 
21575 16740 22580 7773 
21579 16744 22586 7776 
21587 16746 22600 7776 
21597 16752 22613 7776 
21604 16756 22622 7777 
21608 16762 22631 7778 
21612 16769 22640 7780 
21612 16772 22650 7782 
21614 16777 22659 7783 
21619 16780 22662 7786 
21627 16785 22668 7788 
21630 16789 22674 7790 
21636 16795 22680 7793 
21642 16800 22689 7799 
21646 16801 22697 7801 
21650 16805 22703 7804 
21652 16806 22711 7808 
21657 16815 22719 7808 
21667 16820 22727 7811 
21673 16826 22733 7812 
21677 16831 22742 7817 
21686 16833 22749 7817 
21693 16838 22756 7822 
21701 16840 22762 7825 
21711 16843 22767 7826 
21715 16850 22775 7827 
21724 16855 22785 7828 
21731 16859 22793 7830 
21733 16862 22801 7832 
21740 16868 22805 7835 
21748 16870 22811 7840 
21761 16876 22818 7843 
21764 16879 22822 7848 
21773 16887 22829 7848 
21784 16895 22831 7852 
21795 16899 22835 7853 
21800 16905 22841 7854 
21803 16908 22846 7857 
21806 16912 22857 7857 
21811 16914 22862 7858 
21820 16918 22867 7863 
21822 16920 22874 7864 
21824 16924 22884 7867 
21829 16926 22889 7872 
21834 16933 22893 7873 
21842 16936 22898 7876 
21847 16939 22905 7878 
21849 16944 22908 7885 
21852 16949 22915 7887 
21855 16956 22922 7889 
21862 16961 22926 7891 
21868 16965 22934 7895 
21877 16968 22944 7896 
21883 16970 22947 7899 
21887 16972 22953 7899 
21891 16976 22960 7900 
21899 16984 22965 7902 
21908 16988 22971 7905 
21914 16992 22973 7907 
21917 16995 22976 7909 
21921 16999 22979 7910 
21925 17000 22985 7917 
21928 17003 22992 7920 
21932 17004 23003 7922 
21934 17008 23012 7923 
21937 17013 23022 7926 
21950 17015 23028 7928 
21956 17022 23032 7929 
21964 17025 23038 7931 
21970 17031 23046 7932 
21978 17037 23053 7932 
21983 17039 23061 7934 
21990 17040 23070 7935 
21996 17044 23085 7936 
22003 17046 23091 7937 
22011 17052 23099 7940 
22020 17057 23105 7942 
22025 17059 23112 7945 
22029 17063 23120 7950 
22030 17065 23131 7956 
22036 17069 23133 7957 
22039 17077 23142 7961 
22047 17083 23151 7962 
22052 17087 23159 7966 
22057 17090 23161 7967 
22065 17097 23169 7970 
22071 17105 23172 7974 
22078 17109 23181 7976 
22084 17110 23185 7976 
22086 17116 23197 7978 
22094 17123 23205 7980 
22101 17128 23214 7981 
22111 17130 23223 7985 
22124 17142 23232 7988 
22126 17143 23242 7989 
22134 17149 23250 7990 
22137 17151 23256 7992 
22141 17156 23259 7996 
22147 17162 23265 7996 
22153 17165 23269 7997 
22164 17169 23276 8000 
22173 17175 23283 8001 
22183 17180 23288 8004 
22187 17186 23291 8009 
22194 17193 23299 8010 
22202 17203 23305 8011 
22204 17206 23310 8014 
22216 17213 23316 8017 
22222 17216 23320 8017 
22230 17222 23324 8017 
22240 17231 23329 8018 
22249 17237 23333 8021 
