0 0 0 0 
11 7 3 0 
15 9 9 1 
19 14 13 2 
23 19 15 4 
28 21 21 8 
30 27 25 9 
40 30 28 12 
43 37 34 13 
51 42 40 13 
57 47 42 14 
63 51 46 16 
69 55 51 17 
71 58 52 19 
78 62 56 21 
82 64 59 24 
85 65 64 26 
91 69 68 26 
97 74 73 26 
100 83 75 27 
105 89 82 27 
113 93 88 31 
123 97 94 32 
131 99 100 34 
133 106 104 37 
145 112 110 41 
153 114 116 45 
156 119 121 47 
161 125 126 49 
165 126 130 50 
167 131 134 52 
172 136 140 53 
179 139 144 55 
184 140 148 57 
188 142 159 59 
192 144 167 62 
207 149 177 65 
213 153 180 67 
215 160 188 69 
216 164 195 69 
223 166 200 71 
229 167 204 75 
235 170 210 76 
240 175 216 78 
246 179 219 81 
252 184 227 81 
259 190 230 82 
260 193 233 83 
264 200 237 86 
271 202 242 86 
277 204 245 87 
286 209 248 89 
290 215 252 89 
295 220 256 93 
298 223 261 96 
300 226 264 98 
302 233 271 99 
309 234 276 99 
317 240 281 100 
324 245 285 100 
330 250 290 101 
332 254 297 105 
332 258 301 106 
335 262 304 107 
340 264 311 109 
346 269 321 112 
353 273 324 115 
360 276 333 117 
366 282 336 119 
371 288 340 121 
376 292 345 123 
383 296 349 124 
388 300 350 126 
393 305 352 126 
397 311 354 128 
403 313 359 128 
409 316 363 131 
413 319 370 132 
418 321 374 135 
421 322 381 136 
424 325 385 137 
426 327 387 139 
435 333 391 141 
437 334 396 145 
440 339 400 147 
444 343 405 150 
448 347 409 150 
456 352 413 150 
459 357 419 150 
461 361 425 152 
467 362 432 157 
474 364 438 158 
479 371 444 159 
486 376 447 163 
487 380 452 165 
495 386 462 167 
498 390 468 171 
502 391 470 175 
507 393 473 176 
516 396 479 177 
520 400 482 178 
522 403 487 179 
525 408 490 179 
531 413 498 179 
537 420 503 183 
540 426 506 184 
543 429 513 189 
547 429 515 189 
553 431 520 192 
560 435 528 193 
562 441 529 196 
567 447 536 199 
572 450 541 202 
578 454 549 204 
580 457 554 205 
584 461 557 206 
588 463 562 206 
595 472 565 208 
603 476 566 212 
609 480 574 213 
612 484 581 215 
618 490 583 220 
621 494 588 221 
627 497 593 224 
635 500 599 228 
639 504 600 230 
643 508 607 233 
651 514 613 234 
653 514 616 234 
657 520 623 236 
666 523 629 237 
671 528 631 239 
678 530 638 241 
682 539 646 247 
686 541 655 250 
690 543 658 253 
692 547 663 254 
696 550 667 255 
704 553 675 255 
707 558 684 258 
708 561 689 258 
714 564 696 259 
720 567 703 260 
723 571 711 262 
729 574 713 263 
733 580 719 264 
740 584 722 268 
744 590 732 269 
751 594 741 273 
759 598 747 275 
763 601 751 277 
767 607 755 278 
774 611 760 279 
779 616 762 282 
785 622 769 284 
791 626 774 286 
801 629 779 287 
804 631 784 290 
807 640 790 292 
816 644 797 294 
823 645 804 294 
831 650 809 296 
834 659 813 296 
840 664 815 298 
845 668 817 299 
849 672 818 303 
855 674 824 303 
862 680 828 307 
872 684 832 307 
875 685 833 307 
879 689 836 311 
884 692 840 313 
888 695 844 315 
894 703 847 316 
901 707 853 318 
907 713 858 319 
914 716 863 321 
919 717 864 322 
922 721 868 324 
926 724 874 324 
929 728 878 327 
932 732 883 328 
939 737 888 331 
945 739 893 331 
948 745 899 332 
951 746 904 334 
958 750 913 334 
963 754 919 335 
968 759 927 336 
971 763 935 337 
977 772 939 342 
983 774 947 342 
991 778 953 344 
998 782 957 344 
1002 786 959 344 
1004 793 963 346 
1011 799 968 349 
1018 802 972 351 
1026 804 977 352 
1030 811 983 354 
1037 816 989 361 
1045 819 992 363 
1049 820 997 366 
1053 825 1002 366 
1057 827 1007 368 
1068 829 1008 369 
1072 834 1014 370 
1078 839 1019 373 
1082 846 1021 375 
1087 853 1027 378 
1096 857 1033 381 
1102 859 1035 381 
1108 860 1037 383 
1114 862 1040 386 
1121 862 1042 389 
1129 866 1046 391 
1132 867 1057 391 
1140 874 1068 394 
1144 877 1075 395 
1152 884 1080 395 
1158 890 1084 401 
1161 894 1087 401 
1164 896 1092 401 
1171 899 1100 401 
1176 902 1107 403 
1179 904 1111 403 
1186 910 1115 405 
1191 913 1120 406 
1195 921 1126 410 
1200 927 1130 411 
1203 929 1136 414 
1208 930 1141 416 
1215 933 1146 416 
1224 937 1149 416 
1226 945 1152 420 
1237 949 1160 425 
1241 953 1166 428 
1246 956 1173 428 
1255 961 1178 429 
1257 964 1182 433 
1265 965 1190 435 
1269 972 1196 436 
1275 974 1201 439 
1278 980 1203 439 
1284 982 1214 441 
1288 986 1219 443 
1293 988 1223 446 
1300 991 1227 450 
1308 991 1232 452 
1313 996 1237 455 
1320 1005 1241 456 
1327 1007 1245 457 
1333 1012 1252 460 
1337 1016 1258 463 
1341 1020 1264 464 
1347 1021 1270 465 
1359 1024 1275 467 
1363 1028 1281 472 
1372 1035 1285 472 
1378 1038 1294 474 
1385 1040 1299 478 
1389 1045 1301 481 
1390 1049 1303 484 
1400 1053 1309 485 
1403 1056 1311 486 
1406 1059 1317 487 
1410 1061 1322 488 
1416 1067 1327 491 
1422 1069 1335 491 
1425 1070 1341 495 
1432 1072 1344 497 
1434 1077 1349 498 
1437 1080 1358 502 
1443 1083 1360 502 
1448 1089 1365 503 
1453 1092 1367 506 
1462 1096 1370 507 
1466 1098 1377 508 
1477 1100 1382 509 
1481 1105 1386 510 
1483 1111 1392 512 
1485 1116 1398 514 
1493 1119 1401 518 
1497 1125 1408 519 
1501 1131 1412 522 
1507 1134 1418 523 
1514 1140 1423 524 
1525 1144 1431 525 
1528 1147 1434 525 
1538 1149 1438 525 
1546 1154 1443 527 
1553 1157 1446 531 
1559 1161 1455 531 
1567 1166 1460 534 
1570 1169 1466 536 
1574 1172 1473 539 
1580 1179 1478 539 
1585 1182 1484 541 
1597 1186 1487 545 
1601 1191 1493 547 
1608 1196 1497 548 
1613 1199 1501 548 
1618 1205 1507 550 
1621 1210 1512 552 
1625 1216 1515 554 
1631 1217 1517 555 
1637 1220 1521 557 
1642 1224 1528 557 
1646 1228 1533 560 
1652 1233 1539 561 
1662 1234 1546 563 
1667 1240 1553 563 
1669 1248 1560 566 
1673 1251 1569 566 
1677 1256 1573 569 
1680 1261 1581 570 
1688 1262 1588 572 
1695 1267 1594 573 
1703 1274 1597 573 
1710 1277 1603 574 
1715 1282 1608 576 
1725 1287 1613 577 
1728 1291 1619 579 
1733 1299 1622 582 
1740 1306 1627 582 
1746 1311 1630 585 
1755 1317 1637 588 
1757 1320 1640 589 
1765 1326 1643 590 
1773 1327 1650 592 
1783 1330 1654 592 
1788 1334 1658 596 
1798 1336 1660 599 
1803 1340 1667 602 
1811 1347 1671 605 
1814 1349 1674 607 
1823 1351 1675 610 
1829 1355 1685 610 
1833 1360 1691 611 
1843 1369 1695 613 
1847 1376 1704 613 
1853 1379 1710 615 
1858 1382 1714 615 
1861 1385 1717 617 
1864 1387 1724 619 
1867 1390 1727 621 
1873 1392 1733 621 
1876 1395 1742 622 
1882 1399 1750 623 
1889 1404 1754 624 
1899 1410 1761 627 
1905 1415 1772 628 
1909 1419 1777 630 
1912 1425 1779 633 
1913 1429 1781 633 
1914 1432 1788 634 
1923 1438 1797 636 
1934 1441 1803 638 
1939 1442 1809 639 
1945 1446 1811 639 
1955 1449 1815 640 
1960 1454 1820 642 
1966 1461 1825 643 
1971 1462 1833 645 
1972 1469 1837 647 
1976 1471 1844 651 
1979 1476 1851 653 
1983 1479 1855 655 
1986 1484 1857 655 
1995 1490 1861 655 
1998 1493 1867 657 
2008 1496 1869 659 
2009 1501 1875 662 
2014 1506 1878 662 
2025 1511 1880 664 
2030 1512 1885 665 
2037 1515 1893 665 
2039 1517 1901 667 
2041 1518 1910 668 
2044 1523 1916 671 
2054 1524 1919 673 
2059 1527 1929 675 
2062 1535 1934 676 
2065 1539 1939 680 
2071 1543 1946 682 
2080 1545 1951 684 
2084 1550 1955 686 
2091 1553 1960 686 
2094 1556 1962 687 
2101 1559 1966 689 
2111 1563 1968 690 
2115 1569 1971 692 
2121 1571 1975 694 
2128 1577 1982 695 
2136 1579 1986 697 
2142 1589 1989 700 
2147 1594 1992 703 
2151 1604 1999 703 
2160 1609 2001 703 
2164 1616 2004 705 
2169 1617 2008 709 
2177 1620 2014 710 
2182 1623 2023 713 
2189 1627 2028 718 
2202 1629 2030 722 
2204 1632 2036 726 
2206 1637 2040 729 
2210 1640 2044 730 
2214 1648 2049 732 
2220 1651 2059 737 
2229 1654 2059 743 
2234 1659 2065 743 
2237 1662 2069 744 
2250 1664 2073 745 
2256 1666 2077 746 
2261 1668 2085 748 
2268 1670 2093 750 
2274 1673 2098 754 
2276 1678 2102 756 
2283 1678 2105 758 
2288 1683 2108 760 
2293 1689 2111 761 
2299 1691 2117 762 
2302 1695 2123 763 
2305 1697 2125 763 
2310 1699 2131 764 
2316 1709 2143 767 
2322 1713 2145 769 
2328 1719 2150 769 
2330 1720 2155 770 
2339 1724 2162 770 
2343 1726 2163 772 
2346 1729 2168 775 
2347 1731 2177 777 
2355 1736 2182 779 
2360 1741 2186 780 
2366 1746 2192 782 
2371 1750 2197 786 
2376 1752 2204 789 
2381 1755 2213 789 
2382 1763 2217 791 
2390 1767 2221 793 
2393 1770 2226 793 
2396 1778 2235 794 
2405 1782 2236 796 
2411 1784 2238 799 
2417 1790 2245 800 
2427 1794 2248 800 
2433 1798 2249 802 
2439 1803 2252 802 
2443 1811 2257 804 
2448 1812 2264 806 
2452 1814 2272 807 
2456 1815 2277 812 
2460 1819 2282 812 
2463 1824 2286 814 
2466 1827 2291 814 
2474 1831 2298 816 
2481 1834 2306 816 
2487 1839 2314 822 
2493 1840 2321 824 
2501 1847 2327 826 
2508 1850 2331 828 
2515 1855 2338 833 
2520 1861 2346 836 
2525 1864 2352 836 
2527 1868 2360 837 
2534 1874 2369 840 
2538 1880 2377 842 
2541 1884 2382 846 
2546 1892 2388 847 
2551 1895 2393 847 
2555 1897 2398 849 
2561 1900 2406 854 
2566 1905 2412 857 
2572 1908 2414 858 
2576 1913 2417 861 
2578 1914 2418 862 
2583 1920 2422 864 
2589 1922 2427 866 
2596 1924 2431 868 
2602 1927 2439 869 
2606 1930 2443 872 
2611 1933 2449 872 
2623 1936 2451 873 
2625 1938 2456 874 
2628 1942 2460 877 
2633 1943 2469 879 
2639 1947 2474 885 
2641 1953 2485 886 
2646 1956 2491 887 
2652 1964 2493 891 
2657 1965 2501 891 
2667 1968 2506 894 
2667 1972 2510 897 
2673 1977 2517 897 
2676 1983 2524 897 
2685 1987 2526 898 
2692 1989 2532 899 
2697 1994 2537 901 
2702 1996 2542 903 
2707 2001 2547 907 
2710 2003 2551 910 
2717 2005 2556 910 
2723 2011 2561 910 
2728 2017 2566 912 
2735 2020 2570 913 
2743 2027 2578 915 
2750 2030 2585 917 
2753 2032 2591 921 
2759 2038 2599 923 
2762 2043 2603 928 
2766 2052 2606 929 
2768 2054 2613 932 
2770 2056 2617 934 
2774 2062 2624 937 
2778 2064 2633 938 
2783 2068 2639 939 
2792 2072 2644 944 
2798 2078 2649 944 
2800 2079 2654 947 
2803 2085 2660 953 
2807 2087 2666 956 
2818 2090 2669 959 
2824 2098 2671 959 
2828 2099 2678 961 
2830 2103 2682 964 
2832 2108 2686 969 
2838 2112 2691 972 
2845 2118 2693 975 
2852 2124 2695 977 
2857 2126 2700 979 
2860 2132 2706 981 
2867 2137 2713 982 
2873 2139 2717 986 
2879 2140 2719 987 
2888 2146 2722 987 
2895 2149 2729 989 
2900 2154 2733 989 
2911 2160 2736 989 
2916 2168 2741 990 
2922 2169 2743 990 
2926 2172 2749 993 
2933 2178 2752 994 
2938 2182 2757 995 
2941 2186 2762 998 
2943 2189 2766 999 
2950 2191 2774 1002 
2957 2195 2778 1004 
2964 2197 2782 1004 
2971 2203 2788 1009 
2978 2204 2796 1010 
2980 2206 2803 1013 
2989 2210 2806 1013 
2991 2214 2810 1016 
2995 2216 2818 1019 
2999 2220 2822 1019 
3004 2226 2827 1020 
3006 2232 2830 1021 
3011 2236 2834 1022 
3016 2238 2848 1023 
3024 2242 2855 1024 
3029 2245 2860 1025 
3034 2252 2864 1025 
3042 2257 2868 1025 
3048 2258 2875 1025 
3052 2261 2879 1025 
3055 2262 2888 1029 
3060 2264 2896 1030 
3066 2268 2900 1031 
3072 2268 2905 1031 
3076 2272 2906 1032 
3077 2278 2913 1032 
3080 2285 2916 1032 
3086 2291 2920 1033 
3092 2292 2923 1036 
3096 2297 2926 1037 
3104 2300 2930 1039 
3110 2303 2937 1039 
3113 2306 2940 1044 
3119 2311 2946 1047 
3128 2313 2947 1047 
3133 2316 2954 1050 
3138 2321 2963 1054 
3144 2324 2970 1057 
3148 2326 2975 1059 
3152 2329 2979 1059 
3156 2334 2988 1065 
3168 2336 2992 1068 
3173 2338 2997 1069 
3181 2344 3001 1069 
3189 2345 3010 1070 
3193 2348 3012 1071 
3200 2351 3014 1073 
3208 2353 3017 1074 
3214 2358 3024 1075 
3224 2361 3028 1079 
3226 2362 3032 1079 
3228 2368 3038 1081 
3232 2372 3039 1087 
3239 2379 3043 1088 
3244 2384 3049 1089 
3247 2387 3055 1090 
3251 2389 3062 1091 
3263 2391 3067 1092 
3268 2392 3069 1093 
3276 2396 3079 1096 
3284 2398 3085 1098 
3291 2400 3090 1102 
3297 2404 3095 1106 
3298 2406 3099 1107 
3304 2407 3108 1110 
3313 2408 3115 1113 
3315 2410 3119 1114 
3322 2413 3124 1115 
3330 2421 3130 1116 
3336 2426 3136 1119 
3341 2428 3143 1121 
3347 2432 3149 1122 
3354 2434 3150 1123 
3357 2434 3155 1125 
3363 2438 3162 1127 
3370 2440 3165 1128 
3371 2444 3171 1129 
3376 2449 3177 1131 
3378 2454 3182 1135 
3382 2455 3186 1136 
3387 2456 3189 1139 
3396 2464 3196 1143 
3402 2466 3201 1145 
3410 2469 3208 1146 
3420 2472 3215 1148 
3426 2474 3217 1148 
3435 2479 3222 1151 
3443 2485 3228 1154 
3448 2493 3232 1154 
3454 2498 3234 1158 
3459 2499 3236 1160 
3468 2503 3240 1161 
3475 2505 3247 1163 
3481 2513 3249 1163 
3486 2517 3253 1166 
3492 2524 3255 1169 
3500 2526 3259 1171 
3504 2529 3262 1174 
3511 2532 3265 1177 
3520 2534 3268 1177 
3527 2540 3276 1178 
3533 2544 3283 1180 
3542 2546 3290 1180 
3550 2548 3293 1183 
3557 2554 3296 1184 
3561 2556 3300 1186 
3568 2557 3303 1188 
3573 2561 3310 1189 
3577 2563 3317 1190 
3581 2566 3324 1195 
3587 2572 3327 1197 
3592 2575 3327 1199 
3597 2578 3334 1200 
3600 2583 3337 1200 
3600 2585 3341 1203 
3601 2590 3344 1207 
3606 2596 3348 1209 
3610 2601 3352 1216 
3613 2603 3359 1219 
3615 2605 3366 1221 
3621 2607 3373 1223 
3630 2616 3377 1223 
3636 2619 3379 1226 
3638 2621 3383 1227 
3640 2624 3385 1229 
3643 2629 3389 1229 
3646 2630 3393 1231 
3652 2636 3397 1232 
3657 2641 3400 1233 
3664 2643 3407 1233 
3670 2647 3411 1236 
3678 2650 3414 1238 
3681 2653 3420 1242 
3686 2656 3429 1244 
3692 2663 3436 1245 
3695 2668 3442 1245 
3698 2675 3447 1246 
3704 2677 3452 1249 
3709 2682 3455 1251 
3720 2688 3459 1253 
3722 2698 3464 1254 
3729 2701 3469 1255 
3734 2704 3474 1255 
3738 2708 3484 1257 
3745 2709 3489 1258 
3749 2711 3492 1261 
3756 2716 3499 1264 
3761 2720 3501 1265 
3766 2721 3507 1267 
3771 2727 3512 1269 
3780 2732 3516 1270 
3784 2740 3519 1273 
3786 2744 3522 1276 
3793 2746 3524 1281 
3799 2749 3532 1281 
3806 2756 3537 1283 
3812 2759 3543 1285 
3813 2762 3544 1286 
3818 2765 3548 1289 
3826 2770 3549 1290 
3830 2774 3556 1290 
3835 2778 3560 1290 
3842 2780 3565 1291 
3842 2784 3567 1294 
3846 2788 3571 1295 
3852 2791 3573 1296 
3855 2796 3583 1298 
3861 2798 3592 1300 
3864 2798 3599 1302 
3869 2800 3603 1303 
3872 2805 3612 1303 
3876 2809 3617 1303 
3882 2814 3623 1306 
3888 2815 3625 1308 
3893 2817 3630 1308 
3895 2821 3635 1309 
3899 2824 3642 1313 
3904 2828 3645 1316 
3908 2835 3652 1319 
3913 2840 3660 1323 
3918 2841 3665 1323 
3921 2844 3674 1324 
3927 2848 3679 1326 
3934 2849 3685 1326 
3936 2852 3688 1328 
3939 2856 3697 1329 
3944 2862 3703 1333 
3947 2865 3717 1335 
3956 2869 3719 1339 
3961 2873 3728 1342 
3963 2877 3730 1344 
3966 2879 3733 1345 
3970 2881 3737 1345 
3980 2887 3747 1346 
3984 2888 3751 1348 
3992 2896 3755 1354 
3994 2901 3760 1356 
4001 2903 3765 1356 
4007 2905 3773 1359 
4007 2914 3780 1359 
4012 2916 3790 1360 
4016 2920 3797 1367 
4021 2924 3797 1369 
4024 2928 3806 1372 
4032 2930 3809 1374 
4038 2937 3814 1375 
4046 2945 3819 1376 
4054 2949 3825 1379 
4058 2954 3829 1380 
4065 2957 3829 1381 
4070 2959 3834 1384 
4075 2965 3843 1389 
4080 2966 3848 1391 
4086 2973 3851 1393 
4090 2973 3856 1395 
4094 2976 3857 1396 
4099 2980 3864 1397 
4104 2982 3867 1401 
4108 2988 3875 1401 
4113 2994 3879 1401 
4119 2996 3882 1403 
4123 3000 3884 1403 
4128 3003 3894 1403 
4135 3007 3900 1404 
4143 3008 3904 1406 
4147 3015 3905 1408 
4150 3020 3912 1411 
4154 3025 3916 1412 
4162 3027 3921 1416 
4170 3029 3926 1420 
4176 3034 3931 1421 
4182 3036 3936 1421 
4189 3038 3941 1423 
4195 3038 3947 1428 
4202 3038 3953 1429 
4212 3042 3962 1431 
4220 3045 3965 1433 
4223 3048 3969 1435 
4228 3053 3972 1439 
4230 3056 3977 1443 
4239 3058 3980 1443 
4250 3064 3987 1445 
4254 3066 3992 1447 
4260 3072 4003 1450 
4266 3075 4011 1451 
4273 3078 4014 1455 
4279 3082 4021 1456 
4282 3085 4025 1457 
4285 3088 4035 1458 
4291 3089 4038 1462 
4297 3093 4043 1465 
4302 3094 4048 1468 
4307 3100 4054 1469 
4314 3106 4059 1470 
4318 3109 4068 1472 
4323 3114 4071 1474 
4334 3116 4076 1478 
4339 3121 4085 1482 
4348 3126 4092 1483 
4353 3128 4099 1485 
4361 3130 4109 1487 
4363 3133 4113 1488 
4365 3135 4118 1490 
4371 3138 4122 1491 
4378 3139 4124 1495 
4384 3141 4126 1498 
4392 3144 4130 1501 
4398 3145 4135 1502 
4399 3146 4143 1503 
4399 3150 4149 1505 
4403 3153 4155 1508 
4410 3161 4162 1511 
4412 3167 4163 1512 
4416 3171 4167 1514 
4423 3174 4175 1516 
4429 3178 4176 1517 
4431 3183 4184 1520 
4433 3190 4190 1522 
4438 3191 4195 1523 
4448 3195 4200 1523 
4450 3201 4208 1525 
4460 3206 4222 1526 
4467 3207 4232 1527 
4475 3212 4238 1528 
4479 3217 4241 1531 
4483 3218 4244 1533 
4488 3219 4250 1534 
4494 3229 4254 1535 
4495 3232 4261 1536 
4503 3234 4265 1537 
4510 3236 4272 1539 
4514 3242 4278 1540 
4520 3248 4285 1544 
4523 3252 4292 1546 
4525 3257 4296 1546 
4531 3259 4301 1548 
4534 3264 4304 1548 
4539 3267 4312 1551 
4543 3270 4315 1555 
4546 3272 4321 1557 
4550 3273 4325 1557 
4556 3278 4333 1559 
4566 3281 4340 1564 
4571 3283 4344 1566 
4576 3284 4353 1567 
4580 3287 4358 1569 
4584 3290 4363 1571 
4593 3294 4371 1575 
4595 3296 4381 1577 
4605 3301 4385 1579 
4610 3305 4391 1581 
4615 3308 4394 1582 
4619 3315 4399 1584 
4620 3316 4401 1586 
4627 3318 4408 1587 
4630 3322 4413 1589 
4637 3329 4416 1593 
4644 3332 4424 1593 
4647 3337 4429 1595 
4654 3340 4438 1596 
4656 3342 4449 1600 
4660 3347 4455 1602 
4664 3354 4461 1603 
4666 3359 4466 1605 
4671 3361 4469 1609 
4677 3365 4474 1609 
4682 3368 4479 1611 
4687 3373 4484 1613 
4695 3374 4493 1614 
4700 3379 4498 1616 
4703 3384 4503 1618 
4710 3392 4507 1618 
4717 3396 4512 1619 
4725 3398 4516 1620 
4732 3402 4519 1621 
4740 3405 4525 1626 
4743 3410 4530 1631 
4749 3415 4537 1633 
4753 3418 4543 1635 
4762 3420 4548 1635 
4770 3423 4556 1636 
4773 3425 4561 1639 
4775 3430 4565 1642 
4778 3434 4569 1642 
4786 3438 4573 1648 
4792 3443 4579 1650 
4797 3449 4587 1651 
4804 3453 4590 1653 
4809 3456 4599 1654 
4816 3462 4606 1655 
4821 3465 4611 1658 
4826 3466 4617 1658 
4834 3468 4624 1664 
4839 3472 4630 1665 
4842 3477 4638 1666 
4846 3479 4645 1667 
4852 3481 4650 1668 
4855 3482 4657 1671 
4862 3486 4658 1671 
4869 3488 4661 1672 
4876 3488 4668 1676 
4882 3493 4678 1678 
4887 3496 4685 1683 
4894 3500 4691 1684 
4906 3502 4696 1686 
4911 3508 4700 1689 
4916 3510 4708 1690 
4918 3513 4717 1690 
4923 3519 4722 1691 
4929 3526 4727 1692 
4934 3529 4732 1694 
4938 3533 4740 1695 
4942 3540 4748 1695 
4945 3546 4751 1695 
4950 3551 4753 1697 
4959 3553 4761 1698 
4966 3557 4762 1700 
4974 3558 4766 1701 
4979 3560 4768 1701 
4984 3563 4772 1703 
4987 3570 4778 1703 
4993 3571 4782 1706 
5002 3572 4790 1709 
5007 3577 4797 1709 
5011 3581 4802 1712 
5015 3583 4804 1716 
5017 3587 4811 1718 
5023 3589 4817 1719 
5029 3592 4823 1722 
5036 3597 4830 1724 
5046 3601 4841 1726 
5047 3605 4848 1728 
5050 3610 4853 1730 
5055 3616 4856 1732 
5060 3623 4860 1737 
5068 3627 4867 1740 
5070 3633 4870 1742 
5076 3637 4878 1742 
5081 3643 4880 1744 
5085 3644 4885 1747 
5089 3650 4893 1748 
5095 3656 4898 1751 
5100 3661 4904 1753 
5106 3664 4908 1755 
5110 3669 4916 1757 
5112 3672 4918 1759 
5119 3676 4924 1764 
5123 3680 4931 1767 
5133 3686 4934 1771 
5138 3688 4936 1774 
5141 3691 4943 1776 
5142 3693 4945 1779 
5145 3697 4951 1782 
5150 3702 4953 1785 
5154 3705 4960 1786 
5161 3712 4962 1790 
5164 3712 4965 1791 
5167 3719 4971 1792 
5175 3721 4978 1795 
5177 3723 4984 1795 
5181 3727 4986 1798 
5186 3730 4995 1801 
5188 3735 4996 1804 
5192 3739 5000 1805 
5199 3741 5002 1807 
5204 3746 5008 1810 
5207 3746 5013 1811 
5210 3750 5015 1812 
5223 3751 5022 1814 
5228 3754 5024 1815 
5231 3757 5026 1816 
5233 3759 5032 1818 
5236 3760 5038 1820 
5246 3763 5043 1822 
5253 3765 5049 1823 
5257 3770 5055 1824 
5260 3773 5059 1829 
5262 3776 5068 1831 
5263 3777 5078 1831 
5264 3781 5081 1832 
5272 3785 5085 1834 
5276 3788 5090 1835 
5279 3792 5095 1836 
5284 3794 5098 1838 
5290 3796 5105 1841 
5292 3798 5107 1844 
5298 3800 5110 1845 
5304 3801 5115 1849 
5307 3802 5125 1849 
5311 3807 5128 1851 
5321 3813 5134 1852 
5325 3816 5140 1853 
5334 3819 5144 1853 
5341 3823 5150 1856 
5343 3825 5154 1856 
5350 3826 5158 1858 
5357 3828 5167 1858 
5362 3829 5172 1859 
5367 3836 5178 1859 
5370 3838 5184 1865 
5375 3839 5190 1866 
5383 3844 5197 1867 
5390 3844 5201 1867 
5393 3850 5207 1871 
5402 3853 5215 1873 
5407 3856 5219 1878 
5414 3862 5220 1883 
5425 3866 5228 1883 
5430 3868 5231 1885 
5434 3870 5234 1887 
5444 3873 5243 1889 
5448 3875 5246 1891 
5458 3878 5249 1894 
5467 3878 5254 1896 
5471 3882 5262 1896 
5478 3884 5268 1896 
5486 3888 5274 1899 
5489 3891 5280 1900 
5499 3895 5285 1900 
5501 3899 5288 1902 
5508 3906 5292 1902 
5519 3911 5300 1902 
5525 3916 5306 1905 
5534 3919 5312 1907 
5537 3926 5316 1908 
5540 3931 5323 1909 
5546 3936 5326 1910 
5555 3939 5331 1911 
5559 3947 5335 1914 
5564 3949 5343 1914 
5566 3955 5347 1916 
5572 3960 5349 1918 
5575 3960 5354 1920 
5580 3965 5357 1923 
5583 3969 5364 1924 
5587 3972 5370 1929 
5591 3974 5376 1932 
5600 3979 5379 1936 
5604 3986 5383 1937 
5608 3989 5386 1940 
5614 3995 5388 1942 
5619 3997 5394 1946 
5628 4000 5403 1947 
5636 4008 5411 1948 
5643 4013 5413 1950 
5648 4014 5416 1951 
5654 4019 5419 1953 
5661 4021 5425 1953 
5669 4022 5430 1955 
5671 4026 5434 1957 
5674 4028 5436 1961 
5680 4032 5438 1963 
5685 4035 5445 1967 
5692 4042 5451 1969 
5699 4044 5457 1974 
5704 4047 5459 1978 
5707 4052 5466 1979 
5711 4055 5469 1980 
5715 4058 5475 1983 
5719 4063 5476 1984 
5722 4070 5479 1986 
5728 4072 5484 1988 
5735 4073 5492 1988 
5739 4075 5496 1989 
5744 4084 5506 1991 
5749 4092 5513 1993 
5753 4094 5519 1994 
5758 4096 5525 1997 
5768 4099 5526 1997 
5781 4105 5530 1998 
5788 4105 5535 2000 
5794 4110 5542 2001 
5799 4113 5552 2003 
5805 4120 5561 2005 
5813 4126 5566 2006 
5820 4128 5567 2006 
5826 4131 5573 2008 
5831 4137 5578 2011 
5835 4141 5583 2011 
5837 4149 5588 2017 
5840 4155 5593 2018 
5841 4159 5597 2020 
5847 4168 5599 2025 
5851 4173 5606 2026 
5854 4177 5611 2026 
5860 4186 5614 2029 
5863 4193 5618 2031 
5867 4197 5625 2035 
5873 4199 5634 2037 
5878 4204 5639 2038 
5882 4206 5642 2038 
5887 4210 5647 2039 
5893 4214 5650 2041 
5902 4217 5654 2042 
5907 4219 5655 2047 
5913 4223 5661 2049 
5915 4227 5667 2049 
5925 4230 5673 2050 
5929 4232 5677 2050 
5933 4233 5679 2051 
5939 4237 5688 2051 
5945 4240 5693 2052 
5951 4240 5697 2054 
5959 4243 5700 2056 
5962 4246 5708 2058 
5967 4248 5715 2059 
5972 4254 5719 2060 
5973 4259 5724 2063 
5979 4264 5732 2065 
5985 4267 5738 2067 
5989 4272 5743 2068 
5993 4277 5746 2069 
6001 4279 5756 2071 
6003 4285 5764 2075 
6010 4295 5766 2078 
6016 4301 5772 2082 
6020 4302 5779 2086 
6025 4307 5787 2089 
6030 4314 5794 2092 
6036 4320 5803 2093 
6041 4324 5806 2097 
6047 4328 5813 2097 
6049 4330 5820 2099 
6053 4335 5829 2104 
6054 4342 5831 2105 
6059 4348 5837 2107 
6065 4354 5841 2107 
6071 4358 5844 2109 
6079 4361 5851 2110 
6083 4367 5857 2115 
6086 4368 5859 2117 
6090 4369 5868 2119 
6094 4372 5873 2124 
6102 4375 5874 2125 
6104 4380 5878 2126 
6109 4382 5880 2128 
6112 4387 5886 2128 
6119 4391 5887 2131 
6124 4394 5893 2135 
6129 4397 5899 2138 
6134 4400 5905 2142 
6136 4408 5910 2145 
6138 4411 5913 2151 
6144 4413 5915 2153 
6150 4419 5919 2155 
6153 4421 5926 2160 
6162 4427 5934 2161 
6170 4430 5939 2163 
6178 4434 5944 2170 
6186 4436 5948 2171 
6194 4438 5953 2174 
6199 4442 5963 2175 
6204 4446 5964 2177 
6209 4453 5968 2179 
6215 4458 5977 2181 
6219 4461 5985 2182 
6231 4467 5990 2184 
6235 4470 5994 2188 
6239 4471 5997 2191 
6243 4472 6004 2193 
6246 4480 6007 2194 
6251 4482 6014 2195 
6259 4486 6020 2199 
6263 4489 6026 2204 
6267 4494 6036 2206 
6273 4498 6039 2209 
6285 4502 6046 2209 
6291 4508 6055 2209 
6300 4515 6062 2211 
6307 4521 6068 2212 
6311 4524 6073 2212 
6317 4530 6075 2215 
6321 4533 6082 2216 
6325 4538 6087 2217 
6334 4543 6094 2220 
6340 4549 6099 2223 
6346 4553 6101 2226 
6354 4554 6107 2229 
6362 4556 6112 2230 
6367 4560 6116 2232 
6376 4565 6120 2237 
6378 4570 6126 2237 
6381 4573 6135 2242 
6385 4576 6140 2242 
6387 4578 6147 2245 
6392 4585 6151 2246 
6397 4591 6154 2248 
6399 4595 6163 2249 
6403 4599 6165 2252 
6408 4603 6168 2256 
6414 4607 6174 2257 
6419 4612 6184 2260 
6425 4617 6189 2262 
6431 4625 6190 2265 
6434 4626 6197 2267 
6440 4629 6200 2267 
6444 4637 6206 2269 
6454 4641 6210 2269 
6460 4646 6218 2272 
6467 4656 6229 2275 
6472 4662 6235 2277 
6476 4666 6241 2280 
6480 4673 6243 2280 
6492 4675 6250 2281 
6497 4682 6254 2283 
6500 4688 6259 2283 
6506 4692 6263 2286 
6510 4696 6267 2287 
6514 4703 6272 2289 
6521 4708 6276 2291 
6523 4711 6279 2295 
6528 4717 6283 2298 
6535 4720 6290 2302 
6539 4724 6294 2302 
6541 4729 6298 2302 
6544 4729 6303 2306 
6549 4734 6311 2308 
6551 4740 6316 2312 
6556 4747 6318 2314 
6560 4751 6321 2317 
6563 4752 6326 2318 
6568 4757 6335 2322 
6570 4762 6343 2322 
6579 4768 6346 2324 
6588 4770 6351 2326 
6592 4772 6354 2329 
6594 4776 6358 2331 
6599 4777 6365 2331 
6606 4779 6368 2334 
6611 4785 6369 2340 
6619 4788 6371 2341 
6622 4792 6381 2341 
6626 4798 6386 2342 
6630 4800 6392 2342 
6632 4804 6396 2345 
6638 4816 6404 2346 
6641 4821 6409 2348 
6648 4821 6416 2351 
6653 4827 6418 2351 
6658 4830 6426 2353 
6665 4832 6428 2353 
6667 4838 6433 2354 
6670 4841 6437 2354 
6674 4847 6444 2357 
6678 4850 6448 2358 
6681 4856 6452 2359 
6686 4858 6458 2364 
6694 4859 6463 2367 
6696 4864 6469 2368 
6700 4868 6476 2373 
6708 4874 6483 2376 
6714 4880 6489 2378 
6720 4885 6492 2380 
6725 4888 6498 2383 
6732 4890 6507 2384 
6738 4894 6512 2386 
6740 4896 6516 2388 
6747 4900 6522 2388 
6748 4907 6526 2389 
6755 4910 6529 2391 
6763 4918 6533 2394 
6768 4922 6538 2396 
6773 4926 6546 2396 
6777 4927 6551 2400 
6783 4934 6552 2402 
6791 4941 6558 2404 
6795 4946 6563 2409 
6800 4949 6573 2411 
6805 4949 6579 2411 
6811 4952 6584 2412 
6813 4956 6587 2413 
6819 4967 6591 2416 
6826 4971 6595 2417 
6831 4977 6600 2419 
6837 4983 6606 2421 
6844 4987 6612 2422 
6851 4993 6618 2423 
6853 4998 6625 2424 
6854 5000 6632 2425 
6862 5005 6636 2427 
6870 5009 6638 2427 
6877 5015 6646 2429 
6885 5017 6655 2431 
6890 5019 6663 2433 
6892 5024 6669 2433 
6900 5031 6676 2436 
6903 5037 6680 2438 
6907 5041 6685 2439 
6914 5043 6689 2440 
6919 5055 6697 2444 
6924 5060 6707 2448 
6928 5065 6713 2450 
6932 5070 6721 2452 
6937 5075 6724 2452 
6940 5080 6732 2455 
6945 5086 6735 2458 
6947 5088 6740 2460 
6952 5095 6748 2460 
6956 5099 6750 2461 
6961 5102 6759 2463 
6967 5106 6767 2469 
6972 5113 6773 2470 
6977 5117 6777 2470 
6984 5122 6783 2472 
6991 5128 6790 2475 
6998 5132 6794 2477 
7001 5133 6799 2480 
7009 5137 6800 2481 
7013 5142 6802 2485 
7017 5148 6809 2487 
7026 5154 6813 2487 
7034 5158 6816 2488 
7040 5162 6821 2488 
7043 5165 6825 2489 
7051 5171 6835 2491 
7051 5176 6838 2492 
7058 5179 6842 2494 
7064 5185 6845 2495 
7069 5186 6848 2498 
7074 5190 6852 2498 
7079 5192 6859 2500 
7083 5198 6863 2500 
7085 5203 6871 2503 
7090 5206 6872 2506 
7095 5210 6874 2507 
7100 5212 6881 2507 
7107 5216 6887 2509 
7112 5219 6896 2513 
7116 5222 6900 2515 
7121 5225 6907 2516 
7131 5228 6915 2517 
7140 5231 6919 2520 
7147 5235 6927 2521 
7151 5239 6930 2525 
7156 5239 6936 2525 
7159 5240 6940 2526 
7163 5242 6945 2526 
7169 5246 6947 2528 
7175 5250 6953 2531 
7184 5255 6955 2532 
7188 5260 6966 2536 
7193 5269 6969 2537 
7200 5273 6976 2540 
7208 5276 6983 2540 
7210 5280 6992 2541 
7214 5285 6994 2544 
7221 5287 6996 2546 
7225 5293 7004 2547 
7232 5296 7008 2549 
7239 5299 7009 2553 
7248 5303 7012 2554 
7253 5307 7017 2559 
7262 5313 7022 2560 
7267 5318 7027 2560 
7276 5320 7033 2560 
7282 5323 7037 2564 
7290 5329 7044 2566 
7292 5334 7050 2566 
7294 5340 7053 2567 
7305 5342 7058 2573 
7312 5352 7062 2573 
7314 5358 7067 2573 
7316 5360 7075 2575 
7322 5365 7079 2577 
7326 5375 7082 2578 
7332 5377 7088 2580 
7333 5381 7096 2582 
7338 5391 7098 2584 
7343 5395 7100 2584 
7347 5400 7103 2585 
7353 5403 7106 2587 
7356 5407 7106 2588 
7366 5408 7111 2593 
7374 5413 7115 2596 
7377 5417 7121 2598 
7381 5422 7126 2599 
7391 5428 7130 2603 
7399 5432 7141 2605 
7403 5434 7145 2605 
7407 5435 7150 2607 
7412 5436 7154 2608 
7418 5437 7162 2609 
7423 5441 7172 2611 
7431 5442 7179 2613 
7436 5449 7183 2615 
7445 5454 7187 2615 
7448 5460 7190 2619 
7452 5464 7197 2621 
7460 5469 7200 2623 
7461 5473 7207 2624 
7466 5476 7210 2625 
7473 5482 7216 2626 
7479 5486 7220 2628 
7486 5490 7227 2631 
7491 5492 7232 2633 
7502 5495 7235 2635 
7511 5497 7245 2639 
7515 5500 7252 2640 
7517 5503 7259 2640 
7520 5509 7267 2642 
7529 5514 7271 2644 
7533 5521 7275 2644 
7539 5526 7277 2644 
7543 5526 7281 2647 
7552 5529 7286 2647 
7554 5531 7288 2649 
7558 5536 7293 2651 
7564 5538 7304 2653 
7572 5542 7310 2657 
7577 5547 7320 2657 
7582 5552 7329 2659 
7587 5554 7335 2660 
7594 5558 7341 2663 
7599 5567 7346 2668 
7603 5569 7348 2671 
7607 5573 7351 2673 
7611 5578 7358 2673 
7620 5580 7361 2674 
7628 5586 7368 2677 
7633 5591 7374 2678 
7638 5596 7378 2679 
7643 5600 7382 2679 
7648 5606 7383 2681 
7651 5611 7387 2682 
7658 5612 7392 2682 
7666 5619 7395 2684 
7672 5625 7404 2686 
7674 5628 7413 2687 
7680 5635 7416 2689 
7686 5640 7421 2689 
7691 5647 7429 2691 
7694 5652 7433 2694 
7695 5654 7439 2698 
7703 5656 7441 2700 
7713 5664 7444 2703 
7717 5667 7448 2706 
7723 5673 7453 2707 
7726 5675 7459 2709 
7729 5677 7465 2711 
7735 5679 7467 2712 
7741 5689 7471 2717 
7745 5695 7477 2720 
7748 5697 7483 2724 
7749 5700 7492 2725 
7754 5702 7498 2728 
7759 5706 7504 2728 
7762 5711 7512 2729 
7767 5719 7519 2733 
7771 5722 7525 2733 
7777 5724 7528 2734 
7781 5729 7534 2736 
7786 5731 7539 2737 
7794 5734 7545 2738 
7800 5740 7547 2740 
7805 5744 7552 2742 
7813 5746 7562 2744 
7820 5749 7572 2746 
7822 5755 7577 2746 
7831 5757 7582 2751 
7834 5762 7585 2751 
7839 5768 7592 2753 
7846 5773 7598 2754 
7853 5777 7604 2759 
7858 5784 7612 2760 
7864 5785 7615 2762 
7865 5786 7620 2763 
7870 5791 7627 2768 
7877 5795 7632 2771 
7879 5802 7641 2772 
7881 5810 7647 2777 
7884 5814 7651 2779 
7890 5816 7654 2782 
7895 5822 7662 2784 
7901 5827 7669 2785 
7908 5828 7674 2788 
7913 5829 7675 2789 
7920 5836 7682 2789 
7925 5840 7691 2794 
7929 5844 7700 2795 
7931 5846 7703 2796 
7938 5848 7712 2797 
7943 5856 7720 2801 
7946 5861 7722 2804 
7954 5866 7725 2805 
7958 5870 7728 2805 
7964 5871 7737 2807 
7972 5877 7738 2807 
7977 5884 7742 2808 
7985 5889 7748 2808 
7989 5895 7750 2811 
7994 5901 7753 2813 
7998 5906 7759 2816 
8005 5910 7763 2817 
8009 5912 7766 2819 
8011 5916 7771 2819 
8017 5920 7778 2821 
8023 5921 7787 2822 
8028 5925 7792 2822 
8036 5926 7797 2823 
8039 5933 7801 2824 
8041 5938 7805 2826 
8050 5944 7811 2827 
8060 5947 7818 2828 
8068 5951 7824 2829 
8075 5957 7831 2829 
8077 5962 7834 2831 
8084 5962 7842 2832 
8087 5969 7848 2835 
8093 5972 7851 2837 
8099 5975 7856 2839 
8106 5978 7860 2842 
8115 5983 7862 2842 
8124 5990 7865 2849 
8125 5995 7868 2850 
8130 5999 7871 2852 
8136 6004 7874 2854 
8140 6010 7878 2857 
8145 6011 7885 2860 
8149 6015 7886 2862 
8153 6020 7891 2863 
8160 6025 7895 2863 
8163 6030 7900 2865 
8171 6033 7903 2866 
8176 6035 7910 2867 
8181 6038 7914 2872 
8183 6040 7916 2872 
8186 6040 7920 2874 
8190 6050 7926 2875 
8199 6051 7932 2876 
8206 6052 7936 2876 
8211 6055 7943 2877 
8213 6057 7946 2879 
8219 6060 7952 2880 
8221 6065 7957 2882 
8227 6068 7964 2883 
8232 6074 7974 2884 
8240 6078 7981 2885 
8243 6080 7985 2887 
8248 6084 7987 2890 
8255 6090 7992 2892 
8260 6095 7995 2894 
8263 6102 8005 2894 
8267 6107 8014 2895 
8277 6112 8017 2896 
8283 6119 8024 2898 
8288 6120 8028 2899 
8294 6127 8034 2899 
8299 6135 8041 2902 
8304 6140 8047 2903 
8307 6142 8054 2903 
8313 6142 8058 2904 
8318 6144 8064 2907 
8325 6147 8072 2909 
8330 6152 8074 2910 
8338 6161 8079 2913 
8340 6166 8091 2915 
8346 6167 8094 2915 
8355 6169 8099 2917 
8361 6173 8107 2917 
8363 6180 8114 2919 
8374 6183 8120 2920 
8377 6187 8131 2923 
8385 6188 8138 2923 
8389 6191 8147 2927 
8395 6194 8158 2930 
8398 6200 8163 2934 
8404 6203 8168 2934 
8409 6206 8169 2937 
8416 6209 8177 2937 
8424 6213 8187 2937 
8428 6217 8193 2939 
8436 6223 8202 2943 
8438 6231 8205 2946 
8444 6237 8210 2948 
8448 6240 8213 2948 
8454 6243 8217 2950 
8457 6248 8224 2951 
8463 6255 8231 2951 
8468 6256 8236 2956 
8474 6262 8242 2956 
8477 6263 8250 2956 
8485 6266 8253 2957 
8493 6274 8259 2960 
8495 6278 8265 2961 
8499 6279 8269 2964 
8507 6281 8269 2966 
8510 6282 8275 2967 
8512 6285 8279 2969 
8518 6290 8286 2972 
8527 6296 8289 2979 
8531 6301 8292 2981 
8543 6305 8296 2983 
8552 6311 8303 2985 
8557 6319 8306 2985 
8563 6322 8312 2986 
8566 6330 8316 2988 
8571 6337 8320 2990 
8575 6341 8324 2993 
8579 6346 8330 2994 
8586 6349 8333 2996 
8590 6354 8336 2996 
8593 6360 8345 2998 
8599 6363 8350 3001 
8604 6368 8358 3002 
8613 6370 8362 3002 
8619 6371 8371 3003 
8622 6377 8376 3003 
8628 6381 8380 3005 
8631 6386 8387 3006 
8638 6388 8395 3008 
8642 6395 8405 3008 
8647 6400 8410 3011 
8653 6406 8415 3012 
8658 6415 8419 3014 
8664 6416 8424 3017 
8669 6422 8432 3019 
8676 6426 8439 3022 
8679 6431 8444 3024 
8684 6435 8450 3026 
8688 6442 8456 3027 
8696 6445 8459 3029 
8699 6449 8465 3033 
8707 6453 8469 3034 
8712 6459 8475 3037 
8717 6464 8482 3038 
8723 6467 8489 3041 
8725 6471 8494 3045 
8733 6475 8498 3045 
8734 6477 8502 3045 
8738 6482 8508 3046 
8745 6484 8518 3047 
8752 6487 8521 3049 
8757 6490 8528 3049 
8763 6492 8534 3052 
8767 6497 8540 3052 
8774 6498 8546 3054 
8777 6502 8552 3056 
8784 6506 8561 3059 
8789 6510 8568 3060 
8795 6516 8575 3060 
8803 6518 8580 3060 
8808 6523 8584 3063 
8814 6529 8590 3064 
8817 6533 8596 3065 
8821 6533 8601 3066 
8827 6539 8606 3070 
8831 6546 8613 3073 
8834 6550 8619 3074 
8840 6553 8620 3076 
8846 6558 8630 3078 
8851 6565 8640 3079 
8855 6567 8648 3081 
8859 6574 8656 3083 
8864 6577 8661 3084 
8871 6580 8663 3084 
8880 6588 8667 3084 
8887 6594 8670 3088 
8894 6595 8676 3091 
8900 6602 8681 3091 
8904 6608 8685 3093 
8912 6616 8690 3094 
8919 6623 8697 3094 
8923 6627 8703 3098 
8926 6629 8708 3100 
8934 6635 8715 3101 
8936 6640 8723 3103 
8940 6641 8727 3106 
8946 6653 8734 3108 
8951 6654 8739 3108 
8953 6659 8746 3109 
8957 6661 8752 3115 
8959 6664 8755 3116 
8960 6669 8764 3119 
8962 6675 8771 3124 
8969 6677 8776 3124 
8974 6679 8782 3127 
8979 6685 8785 3127 
8983 6692 8790 3131 
8991 6692 8800 3133 
8997 6692 8805 3134 
9005 6695 8810 3136 
9011 6697 8818 3138 
9017 6700 8822 3139 
9021 6702 8831 3140 
9023 6706 8834 3140 
9031 6715 8839 3142 
9039 6721 8844 3142 
9045 6727 8848 3142 
9058 6732 8856 3142 
9064 6734 8867 3145 
9068 6742 8870 3146 
9071 6747 8875 3146 
9076 6753 8878 3148 
9078 6755 8880 3149 
9078 6759 8888 3151 
9084 6767 8895 3152 
9089 6771 8904 3152 
9092 6779 8908 3153 
9097 6784 8914 3154 
9103 6788 8917 3154 
9108 6791 8923 3155 
9110 6795 8930 3158 
9114 6800 8937 3158 
9118 6806 8944 3161 
9124 6811 8953 3161 
9129 6815 8957 3162 
9132 6822 8963 3164 
9133 6830 8971 3165 
9139 6833 8979 3165 
9143 6837 8986 3166 
9148 6838 8994 3166 
9154 6844 9001 3168 
9159 6848 9005 3170 
9163 6849 9007 3172 
9168 6853 9012 3175 
9175 6855 9016 3177 
9179 6856 9027 3180 
9181 6860 9032 3183 
9188 6862 9037 3187 
9193 6866 9043 3191 
9198 6869 9048 3192 
9204 6875 9057 3193 
9209 6877 9061 3195 
9213 6882 9067 3197 
9216 6885 9075 3197 
9224 6892 9080 3199 
9225 6899 9083 3201 
9236 6903 9091 3206 
9245 6907 9095 3209 
9252 6909 9100 3214 
9258 6911 9106 3219 
9267 6917 9113 3221 
9273 6920 9117 3223 
9277 6923 9126 3225 
9279 6930 9132 3227 
9286 6932 9138 3228 
9290 6936 9142 3228 
9293 6945 9148 3229 
9294 6948 9153 3230 
9300 6957 9158 3231 
9304 6963 9161 3231 
9312 6966 9165 3233 
9320 6973 9170 3235 
9326 6976 9174 3238 
9333 6980 9180 3238 
9341 6981 9188 3239 
9343 6989 9196 3240 
9348 6991 9201 3243 
9356 6996 9208 3243 
9362 6999 9214 3247 
9368 7008 9220 3248 
9376 7011 9225 3248 
9383 7016 9232 3252 
9383 7018 9237 3255 
9386 7023 9242 3256 
9394 7026 9247 3259 
9399 7029 9250 3260 
9405 7032 9253 3260 
9411 7037 9261 3262 
9416 7042 9264 3264 
9420 7044 9270 3266 
9423 7051 9279 3271 
9430 7053 9285 3275 
9433 7054 9292 3275 
9444 7058 9298 3276 
9448 7062 9301 3279 
9452 7068 9305 3280 
9461 7073 9311 3285 
9462 7078 9314 3289 
9465 7083 9321 3291 
9474 7091 9322 3294 
9480 7096 9332 3294 
9485 7096 9344 3299 
9491 7102 9350 3301 
9497 7104 9356 3302 
9503 7108 9361 3305 
9504 7111 9365 3306 
9508 7116 9371 3308 
9512 7121 9377 3309 
9514 7124 9379 3311 
9518 7128 9385 3312 
9525 7130 9386 3313 
9527 7133 9394 3315 
9533 7139 9401 3316 
9536 7143 9408 3320 
9544 7144 9415 3321 
9548 7150 9423 3326 
9550 7159 9425 3330 
9555 7163 9432 3330 
9560 7169 9439 3331 
9568 7172 9444 3333 
9568 7176 9450 3335 
9572 7181 9454 3336 
9579 7187 9459 3339 
9586 7188 9463 3342 
9593 7195 9467 3344 
9599 7196 9472 3345 
9602 7200 9477 3346 
9607 7203 9483 3350 
9613 7203 9489 3352 
9622 7204 9495 3352 
9631 7206 9501 3354 
9635 7214 9506 3358 
9639 7220 9508 3365 
9644 7222 9512 3370 
9647 7226 9515 3374 
9655 7229 9519 3379 
9661 7234 9524 3379 
9669 7237 9526 3383 
9674 7244 9530 3385 
9681 7248 9537 3385 
9687 7253 9542 3385 
9696 7258 9549 3387 
9701 7268 9555 3387 
9708 7268 9561 3387 
9719 7271 9568 3389 
9726 7276 9570 3393 
9732 7280 9571 3395 
9735 7285 9576 3396 
9748 7293 9582 3399 
9753 7296 9591 3400 
9757 7299 9597 3402 
9761 7301 9601 3405 
9765 7306 9612 3406 
9769 7313 9615 3409 
9777 7317 9621 3410 
9786 7321 9627 3413 
9793 7321 9631 3414 
9800 7324 9642 3417 
9807 7330 9648 3419 
9818 7334 9657 3423 
9823 7337 9664 3423 
9827 7343 9670 3425 
9829 7348 9674 3430 
9835 7351 9684 3432 
9839 7356 9690 3437 
9849 7361 9695 3438 
9851 7366 9705 3441 
9857 7373 9713 3442 
9861 7376 9723 3444 
9864 7381 9727 3445 
9868 7384 9733 3445 
9874 7388 9736 3445 
9881 7391 9740 3449 
9884 7396 9744 3450 
9890 7399 9755 3451 
9894 7407 9763 3453 
9901 7410 9771 3456 
9907 7413 9775 3458 
9915 7420 9778 3458 
9920 7423 9786 3463 
9926 7429 9792 3466 
9932 7435 9796 3467 
9938 7435 9803 3467 
9945 7439 9809 3468 
9954 7446 9811 3469 
9957 7447 9816 3474 
9959 7452 9824 3476 
9964 7455 9833 3476 
9972 7460 9842 3477 
9977 7464 9848 3478 
9981 7465 9857 3478 
9988 7471 9866 3479 
9992 7475 9876 3480 
9999 7481 9884 3483 
10003 7484 9889 3484 
10006 7485 9892 3487 
10012 7487 9894 3490 
10020 7494 9899 3492 
10025 7502 9899 3494 
10032 7504 9903 3495 
10037 7509 9905 3499 
10043 7513 9908 3501 
10046 7518 9917 3502 
10052 7523 9923 3503 
10064 7531 9931 3506 
10071 7535 9936 3508 
10073 7538 9942 3512 
10078 7541 9951 3514 
10083 7547 9961 3515 
10086 7551 9967 3518 
10093 7554 9972 3520 
10096 7561 9976 3525 
10101 7564 9985 3527 
10106 7564 9989 3529 
10114 7565 9992 3531 
10119 7571 10002 3533 
10121 7578 10008 3537 
10122 7585 10020 3539 
10125 7589 10022 3540 
10126 7590 10029 3541 
10132 7591 10036 3545 
10139 7597 10041 3546 
10146 7600 10048 3548 
10148 7603 10051 3551 
10152 7605 10058 3553 
10156 7610 10066 3555 
10159 7615 10075 3558 
10166 7621 10077 3558 
10171 7626 10083 3560 
10174 7629 10088 3563 
10181 7632 10096 3566 
10190 7634 10105 3569 
10194 7635 10110 3573 
10199 7640 10115 3577 
10202 7643 10122 3579 
10207 7644 10127 3580 
10214 7648 10132 3582 
10218 7651 10136 3584 
10222 7656 10140 3585 
10227 7657 10143 3588 
10232 7662 10148 3589 
10235 7665 10153 3590 
10237 7666 10155 3592 
10242 7674 10162 3594 
10249 7677 10165 3595 
10254 7684 10169 3597 
10259 7686 10171 3600 
10263 7691 10180 3603 
10267 7695 10185 3605 
10272 7700 10194 3607 
10275 7706 10195 3607 
10282 7708 10198 3609 
10289 7711 10200 3612 
10298 7714 10207 3614 
10308 7716 10209 3616 
10316 7719 10215 3617 
10321 7724 10226 3619 
10326 7727 10232 3620 
10331 7728 10238 3620 
10338 7735 10244 3621 
10347 7738 10248 3622 
10354 7742 10254 3625 
10356 7746 10267 3628 
10363 7749 10268 3633 
10367 7755 10274 3635 
10372 7758 10283 3638 
10375 7762 10290 3639 
10380 7767 10294 3643 
10389 7771 10298 3646 
10395 7777 10300 3648 
10405 7780 10307 3653 
10409 7784 10314 3656 
10419 7789 10325 3661 
10424 7794 10333 3664 
10428 7797 10338 3665 
10429 7802 10346 3666 
10432 7804 10353 3668 
10436 7809 10358 3668 
10445 7815 10365 3671 
10450 7815 10372 3672 
10453 7820 10377 3677 
10459 7828 10384 3677 
10466 7833 10390 3680 
10472 7835 10395 3682 
10485 7840 10398 3683 
10488 7845 10403 3685 
10496 7852 10407 3690 
10506 7855 10415 3691 
10508 7856 10420 3693 
10516 7862 10429 3695 
10520 7864 10436 3697 
10524 7866 10442 3699 
10534 7871 10446 3700 
10546 7876 10455 3703 
10548 7880 10464 3704 
10550 7886 10470 3710 
10558 7889 10478 3711 
10563 7893 10486 3715 
10565 7895 10497 3716 
10566 7900 10507 3717 
10570 7903 10510 3718 
10577 7906 10514 3718 
10583 7910 10519 3720 
10592 7916 10523 3720 
10596 7918 10528 3721 
10602 7923 10532 3723 
10609 7927 10539 3725 
10612 7931 10545 3729 
10613 7938 10551 3730 
10623 7942 10560 3730 
10631 7949 10564 3734 
10637 7955 10571 3736 
10640 7964 10579 3740 
10644 7970 10592 3742 
10649 7972 10595 3746 
10656 7973 10601 3747 
10660 7975 10610 3750 
10666 7981 10617 3750 
10674 7987 10622 3752 
10679 7992 10631 3754 
10685 7996 10635 3754 
10691 8000 10642 3755 
10696 8002 10649 3759 
10699 8003 10656 3762 
10705 8007 10663 3764 
10711 8014 10668 3766 
10714 8018 10675 3766 
10720 8020 10680 3768 
10726 8025 10690 3769 
10731 8028 10695 3769 
10736 8032 10707 3772 
10738 8038 10710 3776 
10744 8042 10714 3777 
10753 8047 10726 3778 
10757 8048 10729 3780 
10765 8052 10737 3781 
10770 8055 10741 3783 
10776 8062 10749 3785 
10782 8067 10755 3787 
10789 8073 10759 3789 
10795 8080 10762 3790 
10801 8084 10768 3790 
10808 8090 10775 3790 
10813 8095 10783 3791 
10816 8103 10787 3793 
10819 8108 10792 3794 
10827 8113 10799 3795 
10833 8120 10801 3797 
10839 8126 10808 3798 
10844 8129 10813 3801 
10849 8137 10816 3801 
10853 8142 10820 3803 
10859 8146 10828 3806 
10866 8153 10834 3808 
10876 8156 10840 3811 
10882 8160 10845 3813 
10892 8166 10855 3813 
10897 8168 10865 3815 
10905 8171 10868 3816 
10909 8175 10873 3816 
10913 8180 10876 3817 
10924 8182 10879 3821 
10929 8186 10884 3822 
10934 8192 10891 3823 
10940 8194 10895 3825 
10945 8199 10900 3830 
10949 8202 10907 3833 
10958 8207 10912 3836 
10960 8211 10920 3837 
10968 8215 10922 3838 
10972 8219 10927 3838 
10984 8224 10931 3838 
10996 8227 10931 3838 
11000 8232 10935 3842 
11010 8237 10944 3846 
11014 8243 10951 3848 
11019 8249 10956 3851 
11028 8252 10961 3853 
11035 8259 10965 3855 
11036 8264 10974 3857 
11041 8267 10982 3860 
11045 8273 10991 3862 
11050 8277 10995 3863 
11052 8281 11000 3864 
11061 8282 11007 3864 
11067 8287 11010 3866 
11073 8290 11020 3869 
11076 8302 11027 3871 
11078 8305 11037 3872 
11088 8307 11041 3873 
11095 8309 11045 3876 
11101 8310 11050 3881 
11108 8313 11057 3882 
11116 8315 11061 3884 
11119 8318 11064 3884 
11128 8321 11069 3885 
11135 8324 11076 3888 
11139 8331 11084 3891 
11143 8336 11092 3892 
11147 8338 11099 3894 
11148 8342 11106 3895 
11154 8344 11112 3898 
11161 8348 11117 3899 
11162 8353 11125 3902 
11172 8356 11132 3905 
11177 8360 11134 3905 
11182 8369 11136 3905 
11186 8374 11141 3906 
11189 8379 11146 3906 
11193 8385 11146 3906 
11194 8390 11153 3907 
11203 8394 11161 3908 
11206 8395 11168 3909 
11212 8399 11174 3913 
11221 8404 11181 3915 
11226 8410 11192 3917 
11229 8414 11194 3920 
11233 8414 11197 3922 
11241 8418 11204 3925 
11248 8420 11212 3926 
11256 8426 11217 3927 
11257 8430 11221 3930 
11263 8431 11229 3933 
11268 8435 11233 3933 
11273 8439 11237 3933 
11278 8442 11242 3939 
11283 8444 11249 3942 
11290 8450 11255 3943 
11295 8457 11265 3945 
11301 8460 11274 3950 
11309 8467 11282 3952 
11315 8473 11289 3957 
11319 8478 11294 3959 
11321 8488 11301 3963 
11326 8494 11307 3964 
11331 8501 11310 3967 
11334 8510 11315 3970 
11341 8511 11322 3970 
11347 8519 11324 3970 
11353 8523 11335 3971 
11355 8526 11337 3972 
11360 8531 11337 3974 
11364 8536 11343 3975 
11372 8538 11348 3976 
11380 8541 11356 3977 
11387 8544 11365 3982 
11394 8545 11375 3982 
11395 8548 11378 3983 
11396 8554 11384 3986 
11400 8559 11394 3991 
11402 8562 11404 3992 
11412 8569 11410 3992 
11417 8575 11417 3994 
11420 8583 11419 3994 
11421 8586 11423 3995 
11424 8587 11429 3997 
11428 8591 11434 4000 
11437 8593 11440 4002 
11442 8597 11446 4006 
11449 8602 11452 4010 
11454 8605 11455 4013 
11458 8610 11458 4015 
11465 8614 11466 4015 
11472 8621 11471 4017 
11475 8626 11478 4018 
11485 8628 11483 4019 
11490 8632 11488 4021 
11495 8636 11492 4025 
11499 8641 11500 4028 
11504 8647 11507 4029 
11511 8652 11514 4029 
11514 8656 11522 4031 
11519 8659 11530 4036 
11526 8665 11534 4039 
11530 8669 11540 4040 
11533 8674 11546 4041 
11542 8678 11553 4043 
11545 8683 11557 4045 
11554 8686 11571 4047 
11563 8690 11578 4049 
11567 8693 11581 4049 
11572 8698 11589 4053 
11581 8706 11595 4054 
11586 8714 11601 4055 
11589 8722 11607 4058 
11596 8726 11612 4062 
11604 8730 11620 4065 
11609 8736 11624 4067 
11615 8740 11631 4067 
11618 8746 11643 4071 
11624 8750 11648 4071 
11633 8757 11655 4071 
11635 8760 11664 4072 
11639 8761 11669 4074 
11645 8769 11673 4074 
11649 8769 11679 4074 
11652 8775 11684 4079 
11662 8782 11692 4080 
11669 8787 11701 4081 
11673 8790 11711 4082 
11678 8792 11714 4085 
11682 8796 11719 4085 
11688 8799 11726 4086 
11692 8805 11729 4090 
11695 8808 11735 4092 
11700 8808 11740 4094 
11709 8810 11748 4094 
11712 8817 11754 4098 
11718 8820 11762 4102 
11721 8824 11766 4104 
11726 8826 11768 4104 
11732 8832 11778 4104 
11736 8835 11783 4108 
11741 8842 11790 4111 
11747 8844 11795 4114 
11754 8847 11798 4116 
11757 8848 11807 4117 
11759 8859 11817 4119 
11766 8864 11826 4123 
11772 8869 11831 4125 
11779 8872 11836 4128 
11783 8879 11843 4130 
11789 8888 11848 4132 
11797 8891 11852 4133 
11802 8895 11860 4138 
11809 8904 11868 4140 
11815 8907 11881 4144 
11820 8910 11884 4144 
11828 8913 11890 4144 
11832 8915 11895 4145 
11838 8919 11899 4145 
11844 8922 11903 4146 
11849 8928 11914 4149 
11855 8933 11917 4150 
11859 8935 11918 4152 
11863 8938 11923 4152 
11873 8939 11927 4155 
11880 8943 11931 4157 
11884 8945 11938 4161 
11887 8948 11945 4161 
11898 8952 11953 4163 
11907 8958 11962 4165 
11908 8961 11967 4165 
11916 8970 11973 4165 
11918 8973 11980 4166 
11921 8979 11988 4168 
11925 8985 11995 4170 
11931 8990 12007 4174 
11935 8992 12011 4177 
11943 8997 12019 4183 
11948 9002 12023 4185 
11956 9004 12026 4187 
11959 9006 12031 4188 
11966 9013 12036 4189 
11970 9013 12039 4189 
11972 9019 12045 4193 
11982 9022 12050 4194 
11987 9023 12059 4196 
11994 9027 12066 4197 
11999 9032 12069 4200 
12005 9038 12073 4203 
12009 9042 12081 4205 
12018 9044 12086 4207 
12029 9050 12090 4208 
12036 9055 12096 4210 
12042 9061 12103 4213 
12047 9068 12112 4217 
12050 9070 12118 4219 
12054 9077 12122 4220 
12062 9079 12128 4220 
12070 9083 12132 4223 
12083 9086 12143 4225 
12086 9089 12145 4227 
12090 9092 12153 4228 
12095 9095 12161 4231 
12098 9099 12169 4235 
12104 9102 12172 4238 
12108 9104 12181 4240 
12119 9111 12189 4243 
12124 9114 12190 4247 
12132 9120 12196 4250 
12138 9125 12198 4252 
12149 9128 12207 4253 
12154 9129 12215 4253 
12158 9134 12221 4255 
12162 9135 12228 4258 
12170 9140 12232 4260 
12178 9143 12240 4262 
12184 9150 12242 4264 
12190 9154 12245 4265 
12197 9158 12249 4265 
12203 9160 12250 4267 
12204 9164 12259 4269 
12207 9168 12265 4271 
12213 9176 12273 4274 
12219 9182 12282 4277 
12226 9185 12287 4280 
12231 9190 12292 4282 
12236 9192 12296 4285 
12242 9197 12296 4289 
12246 9201 12299 4291 
12255 9206 12305 4296 
12264 9211 12310 4296 
12270 9213 12314 4299 
12277 9216 12322 4299 
12285 9218 12328 4299 
12292 9222 12337 4299 
12298 9229 12345 4300 
12304 9234 12350 4304 
12312 9236 12355 4305 
12318 9239 12357 4307 
12325 9247 12363 4311 
12330 9248 12366 4313 
12337 9252 12376 4317 
12345 9255 12388 4317 
12350 9264 12396 4319 
12354 9270 12402 4320 
12356 9274 12405 4323 
12360 9276 12407 4324 
12363 9282 12418 4326 
12370 9284 12425 4329 
12379 9286 12429 4329 
12387 9288 12441 4332 
12393 9295 12447 4334 
12402 9301 12448 4334 
12408 9308 12455 4335 
12414 9315 12458 4337 
12417 9317 12462 4340 
12423 9319 12470 4342 
12429 9321 12474 4346 
12432 9325 12481 4350 
12434 9330 12487 4352 
12443 9330 12489 4353 
12447 9334 12496 4356 
12456 9336 12499 4356 
12461 9339 12506 4357 
12468 9344 12512 4361 
12474 9349 12514 4362 
12481 9355 12521 4365 
12486 9358 12525 4366 
12492 9362 12531 4366 
12496 9367 12539 4369 
12500 9374 12541 4372 
12504 9377 12549 4373 
12508 9382 12558 4376 
12511 9387 12562 4376 
12515 9389 12569 4378 
12519 9392 12574 4378 
12522 9397 12579 4379 
12525 9401 12585 4381 
12532 9403 12593 4383 
12540 9408 12598 4385 
12549 9414 12602 4390 
12554 9420 12608 4391 
12559 9422 12614 4392 
12561 9425 12626 4394 
12570 9430 12631 4396 
12576 9439 12645 4397 
12581 9441 12653 4398 
12585 9442 12659 4400 
12591 9446 12665 4401 
12596 9449 12668 4402 
12598 9451 12673 4402 
12602 9452 12678 4403 
12608 9456 12681 4403 
12611 9461 12688 4408 
12621 9465 12700 4409 
12625 9470 12711 4410 
12632 9471 12722 4411 
12636 9472 12731 4413 
12642 9475 12736 4413 
12649 9480 12740 4414 
12654 9484 12748 4416 
12659 9486 12758 4419 
12663 9491 12760 4422 
12667 9500 12763 4424 
12671 9507 12765 4425 
12674 9510 12771 4427 
12680 9516 12777 4429 
12684 9518 12786 4431 
12687 9523 12795 4434 
12694 9529 12798 4435 
12701 9531 12812 4440 
12704 9531 12815 4441 
12712 9534 12824 4442 
12720 9537 12829 4444 
12727 9545 12841 4444 
12730 9550 12845 4446 
12734 9557 12851 4447 
12740 9561 12855 4450 
12745 9563 12861 4453 
12751 9570 12863 4454 
12758 9573 12871 4457 
12761 9578 12876 4458 
12770 9587 12887 4460 
12775 9596 12892 4461 
12780 9599 12899 4462 
12783 9604 12900 4468 
12785 9608 12905 4469 
12789 9615 12911 4469 
12795 9621 12916 4470 
12801 9624 12926 4472 
12807 9627 12933 4476 
12816 9632 12942 4478 
12823 9639 12950 4479 
12826 9646 12959 4483 
12828 9653 12970 4485 
12832 9658 12976 4486 
12841 9661 12987 4488 
12847 9663 12993 4492 
12855 9668 13001 4495 
12859 9671 13006 4495 
12863 9677 13014 4496 
12865 9680 13019 4500 
12870 9686 13025 4501 
12877 9690 13030 4502 
12883 9690 13034 4503 
12886 9695 13039 4504 
12891 9696 13045 4509 
12895 9698 13053 4509 
12903 9704 13059 4509 
12909 9705 13064 4509 
12916 9710 13070 4509 
12919 9713 13074 4511 
12921 9718 13078 4512 
12927 9726 13083 4515 
12932 9731 13088 4517 
12941 9736 13088 4519 
12947 9741 13095 4522 
12952 9742 13102 4523 
12956 9743 13113 4524 
12961 9749 13121 4525 
12964 9755 13128 4525 
12967 9761 13134 4528 
12971 9763 13138 4533 
12978 9767 13139 4534 
12986 9773 13147 4536 
12992 9779 13151 4540 
12999 9781 13161 4540 
13006 9787 13167 4545 
13013 9795 13173 4547 
13017 9801 13180 4550 
13023 9808 13190 4553 
13026 9813 13194 4555 
13033 9819 13197 4555 
13040 9828 13208 4557 
13045 9831 13215 4559 
13052 9838 13223 4561 
13058 9841 13228 4566 
13061 9845 13235 4572 
13067 9847 13241 4575 
13070 9853 13248 4577 
13078 9861 13255 4579 
13082 9863 13259 4582 
13086 9870 13265 4586 
13090 9874 13270 4588 
13095 9879 13276 4588 
13100 9882 13277 4589 
13106 9887 13281 4589 
13114 9892 13286 4590 
13122 9897 13293 4595 
13129 9900 13294 4598 
13135 9902 13301 4599 
13139 9903 13310 4600 
13144 9908 13321 4602 
13155 9910 13331 4605 
13159 9914 13339 4608 
13166 9917 13347 4610 
13173 9920 13350 4611 
13174 9926 13354 4615 
13186 9929 13361 4617 
13193 9934 13365 4619 
13203 9935 13369 4623 
13205 9942 13377 4625 
13209 9943 13383 4626 
13214 9946 13390 4630 
13222 9952 13396 4632 
13225 9953 13400 4634 
13235 9958 13408 4637 
13240 9960 13410 4638 
13246 9966 13416 4642 
13256 9969 13422 4644 
13258 9970 13430 4644 
13260 9972 13436 4646 
13269 9980 13441 4652 
13276 9984 13446 4655 
13281 9988 13450 4661 
13287 9995 13458 4665 
13296 10000 13464 4666 
13301 10006 13469 4669 
13308 10012 13470 4670 
13317 10018 13478 4671 
13319 10022 13486 4673 
13320 10027 13492 4673 
13324 10028 13496 4675 
13326 10032 13500 4677 
13329 10038 13504 4679 
13335 10045 13508 4683 
13339 10050 13513 4686 
13342 10053 13517 4691 
13351 10057 13521 4691 
13356 10060 13527 4692 
13363 10064 13535 4694 
13366 10070 13539 4694 
13373 10073 13545 4698 
13382 10077 13551 4698 
13386 10084 13560 4700 
13393 10094 13564 4706 
13397 10096 13569 4707 
13407 10101 13574 4709 
13414 10109 13582 4710 
13421 10113 13590 4711 
13427 10118 13596 4715 
13433 10121 13603 4716 
13440 10125 13608 4718 
13444 10127 13614 4721 
13447 10134 13616 4724 
13456 10138 13621 4725 
13464 10142 13627 4726 
13471 10143 13633 4729 
13477 10148 13641 4730 
13482 10152 13646 4732 
13489 10155 13649 4736 
13493 10158 13656 4738 
13498 10162 13660 4743 
13501 10165 13668 4747 
13508 10169 13676 4750 
13512 10174 13677 4752 
13514 10179 13682 4754 
13518 10185 13689 4755 
13525 10192 13694 4757 
13532 10198 13698 4757 
13539 10201 13706 4759 
13542 10206 13712 4759 
13545 10209 13720 4760 
13551 10215 13726 4760 
13554 10220 13742 4761 
13561 10224 13749 4762 
13566 10228 13756 4765 
13576 10231 13760 4767 
13588 10235 13771 4768 
13590 10237 13776 4770 
13598 10240 13780 4772 
13603 10244 13787 4772 
13611 10247 13791 4772 
13616 10252 13795 4773 
13624 10259 13800 4775 
13626 10266 13807 4776 
13632 10269 13816 4779 
13639 10272 13821 4781 
13641 10277 13823 4783 
13649 10283 13824 4784 
13654 10287 13826 4787 
13659 10288 13829 4789 
13663 10293 13830 4791 
13674 10297 13834 4793 
13679 10302 13838 4794 
13682 10308 13848 4799 
13691 10316 13854 4803 
13697 10320 13858 4807 
13702 10322 13865 4810 
13708 10327 13869 4811 
13714 10329 13873 4811 
13715 10331 13881 4812 
13721 10337 13885 4814 
13728 10341 13891 4814 
13733 10347 13900 4816 
13744 10352 13909 4818 
13747 10354 13912 4819 
13753 10359 13921 4820 
13760 10368 13928 4821 
13767 10372 13932 4822 
13767 10375 13941 4825 
13769 10375 13946 4827 
13780 10376 13955 4828 
13784 10378 13961 4830 
13790 10383 13964 4832 
13796 10387 13971 4834 
13803 10391 13975 4835 
13809 10396 13985 4835 
13813 10404 13991 4837 
13823 10411 13995 4839 
13825 10416 13999 4844 
13835 10417 14008 4845 
13843 10421 14013 4846 
13850 10429 14017 4849 
13858 10433 14021 4850 
13867 10436 14028 4851 
13871 10443 14033 4854 
13877 10444 14036 4856 
13879 10451 14045 4857 
13882 10458 14054 4860 
13887 10463 14059 4861 
13891 10468 14064 4863 
13896 10474 14070 4866 
13900 10478 14077 4867 
13905 10481 14081 4868 
13913 10482 14086 4868 
13920 10490 14093 4868 
13923 10494 14102 4869 
13927 10498 14116 4872 
13932 10506 14122 4875 
13939 10513 14126 4877 
13945 10516 14130 4878 
13950 10521 14134 4879 
13952 10529 14140 4881 
13957 10533 14147 4882 
13963 10536 14156 4884 
13966 10540 14157 4887 
13972 10541 14162 4887 
13976 10549 14169 4890 
13980 10555 14177 4891 
13988 10565 14179 4892 
13992 10571 14181 4893 
14001 10580 14187 4894 
14011 10589 14191 4895 
14019 10593 14199 4895 
14030 10598 14203 4897 
14037 10605 14209 4897 
14042 10612 14217 4899 
14049 10615 14224 4903 
14056 10619 14229 4905 
14061 10627 14237 4910 
14065 10631 14245 4913 
14067 10638 14248 4919 
14075 10644 14254 4921 
14081 10650 14261 4921 
14088 10655 14268 4925 
14094 10661 14272 4927 
14099 10662 14279 4928 
14104 10668 14284 4931 
14110 10677 14294 4933 
14118 10679 14301 4934 
14122 10686 14301 4934 
14125 10690 14312 4936 
14129 10693 14316 4939 
14137 10700 14327 4943 
14145 10707 14333 4944 
14147 10711 14345 4947 
14150 10714 14352 4950 
14161 10716 14361 4953 
14167 10723 14363 4956 
14175 10727 14367 4959 
14183 10730 14370 4961 
14191 10734 14380 4964 
14193 10740 14389 4967 
14198 10747 14397 4970 
14205 10753 14402 4970 
14210 10760 14412 4971 
14214 10763 14418 4972 
14216 10770 14424 4976 
14224 10774 14431 4978 
14225 10776 14436 4982 
14229 10779 14439 4983 
14235 10782 14447 4985 
14242 10787 14453 4988 
14247 10791 14459 4990 
14249 10793 14466 4994 
14253 10797 14473 4997 
14260 10802 14481 4999 
14268 10803 14484 5001 
14277 10805 14493 5004 
14283 10809 14504 5005 
14291 10815 14509 5008 
14298 10818 14517 5010 
14302 10822 14525 5012 
14309 10825 14528 5015 
14317 10831 14534 5016 
14323 10835 14542 5020 
14329 10839 14544 5025 
14336 10843 14549 5028 
14341 10850 14552 5030 
14346 10851 14560 5032 
14351 10862 14567 5034 
14356 10867 14572 5038 
14360 10869 14583 5038 
14364 10871 14585 5041 
14368 10873 14591 5043 
14374 10876 14599 5043 
14382 10879 14607 5047 
14389 10882 14613 5050 
14393 10889 14619 5051 
14396 10889 14626 5054 
14401 10894 14631 5057 
14410 10897 14641 5060 
14413 10904 14645 5063 
14415 10908 14651 5065 
14421 10912 14655 5068 
14429 10916 14667 5071 
14437 10923 14669 5076 
14442 10927 14674 5077 
14444 10930 14678 5079 
14450 10937 14683 5082 
14457 10942 14691 5086 
14464 10948 14699 5089 
14467 10954 14707 5090 
14471 10956 14717 5093 
14474 10965 14724 5097 
14480 10969 14729 5099 
14482 10970 14738 5102 
14488 10972 14746 5106 
14494 10975 14749 5109 
14500 10976 14754 5112 
14505 10980 14756 5114 
14508 10986 14764 5120 
14513 10992 14765 5121 
14519 10994 14772 5124 
14522 10997 14779 5126 
14533 11002 14792 5129 
14536 11009 14801 5131 
14547 11012 14808 5131 
14554 11019 14816 5131 
14560 11024 14818 5133 
14567 11028 14825 5136 
14573 11032 14831 5136 
14581 11036 14836 5139 
14585 11043 14841 5141 
14588 11046 14847 5144 
14594 11053 14853 5145 
14600 11056 14863 5146 
14612 11059 14871 5148 
14619 11061 14878 5149 
14627 11065 14884 5150 
14633 11071 14892 5151 
14637 11074 14898 5155 
14639 11079 14902 5157 
14646 11081 14911 5158 
14649 11084 14919 5159 
14655 11092 14925 5160 
14663 11097 14928 5164 
14668 11098 14932 5167 
14673 11100 14935 5169 
14676 11104 14938 5169 
14679 11111 14951 5173 
14686 11115 14960 5175 
14695 11122 14962 5177 
14700 11129 14968 5178 
14706 11133 14975 5180 
14713 11144 14986 5181 
14722 11147 14990 5182 
14727 11150 15000 5184 
14736 11155 15004 5185 
14737 11162 15009 5186 
14748 11167 15014 5189 
14751 11169 15023 5190 
14758 11174 15031 5190 
14762 11178 15041 5193 
14767 11184 15049 5193 
14774 11187 15055 5194 
14782 11191 15063 5196 
14786 11200 15065 5198 
14794 11206 15067 5202 
14797 11209 15069 5205 
14802 11211 15074 5208 
14804 11217 15081 5211 
14810 11224 15086 5211 
14815 11230 15096 5215 
14821 11232 15103 5217 
14827 11235 15106 5219 
14833 11246 15114 5221 
14835 11248 15119 5223 
14841 11252 15130 5227 
14848 11254 15138 5231 
14852 11258 15144 5232 
14857 11263 15155 5235 
14861 11263 15161 5235 
14867 11266 15167 5238 
14876 11271 15175 5240 
14877 11275 15185 5244 
14886 11279 15189 5245 
14893 11288 15194 5248 
14897 11289 15198 5249 
14901 11294 15202 5254 
14905 11297 15213 5256 
14913 11300 15220 5257 
14916 11304 15231 5258 
14925 11308 15236 5261 
14927 11312 15241 5262 
14936 11316 15246 5265 
14940 11319 15250 5271 
14949 11325 15255 5273 
14954 11329 15265 5273 
14961 11336 15273 5275 
14967 11344 15287 5276 
14974 11349 15293 5279 
14980 11354 15297 5282 
14985 11361 15302 5283 
14991 11367 15308 5288 
14998 11368 15314 5292 
15002 11371 15324 5292 
15008 11374 15328 5295 
15011 11375 15333 5295 
15015 11379 15338 5297 
15019 11387 15344 5302 
15025 11390 15347 5303 
15033 11393 15352 5305 
15038 11399 15358 5306 
15045 11401 15366 5311 
15051 11407 15369 5312 
15058 11412 15375 5314 
15066 11415 15382 5319 
15077 11420 15389 5320 
15087 11425 15393 5322 
15095 11431 15398 5324 
15099 11433 15409 5326 
15103 11440 15419 5328 
15106 11444 15424 5332 
15112 11445 15432 5336 
15117 11455 15441 5340 
15127 11459 15448 5343 
15132 11464 15456 5344 
15139 11467 15458 5345 
15145 11471 15460 5345 
15151 11477 15467 5346 
15152 11480 15471 5348 
15161 11485 15480 5349 
15167 11491 15484 5354 
15169 11495 15491 5358 
15175 11500 15500 5359 
15180 11502 15507 5360 
15183 11510 15513 5361 
15186 11512 15518 5363 
15190 11519 15525 5365 
15193 11526 15530 5367 
15200 11532 15538 5368 
15208 11537 15543 5369 
15213 11542 15548 5370 
15220 11547 15553 5372 
15226 11554 15557 5372 
15235 11557 15560 5373 
15241 11559 15565 5377 
15246 11560 15571 5382 
15255 11568 15582 5385 
15258 11573 15590 5386 
15263 11575 15596 5387 
15269 11580 15598 5387 
15274 11586 15607 5391 
15280 11589 15610 5396 
15284 11593 15615 5396 
15293 11595 15622 5401 
15299 11601 15628 5404 
15307 11603 15632 5404 
15315 11607 15636 5405 
15320 11614 15642 5406 
15324 11614 15649 5407 
15327 11616 15651 5412 
15331 11621 15660 5414 
15340 11625 15664 5417 
15343 11629 15670 5418 
15351 11632 15674 5422 
15358 11637 15680 5426 
15365 11641 15684 5427 
15369 11650 15690 5432 
15375 11652 15694 5434 
15381 11655 15700 5437 
15392 11661 15710 5441 
15397 11668 15715 5444 
15402 11673 15720 5450 
15408 11684 15730 5451 
15414 11687 15735 5454 
15420 11693 15739 5459 
15426 11699 15743 5461 
15433 11702 15752 5463 
15441 11703 15756 5464 
15445 11706 15761 5465 
15451 11710 15766 5467 
15458 11720 15777 5469 
15466 11721 15781 5471 
15468 11729 15787 5472 
15472 11733 15791 5474 
15479 11741 15794 5476 
15487 11746 15800 5477 
15494 11754 15806 5477 
15498 11761 15817 5479 
15505 11767 15823 5480 
15510 11772 15828 5480 
15518 11778 15838 5480 
15527 11787 15845 5485 
15531 11793 15852 5486 
15534 11796 15857 5491 
15539 11803 15864 5493 
15546 11807 15869 5496 
15550 11808 15874 5497 
15554 11813 15880 5500 
15558 11818 15885 5502 
15562 11825 15892 5502 
15566 11827 15899 5505 
15573 11829 15903 5507 
15579 11832 15910 5510 
15585 11833 15919 5512 
15589 11837 15930 5515 
15596 11839 15938 5519 
15598 11845 15942 5520 
15602 11850 15945 5523 
15608 11853 15954 5528 
15618 11859 15959 5534 
15625 11863 15966 5537 
15627 11867 15974 5538 
15631 11871 15976 5541 
15635 11875 15982 5542 
15639 11883 15986 5546 
15648 11891 15992 5548 
15652 11894 15996 5552 
15656 11900 16001 5554 
15661 11906 16005 5556 
15667 11915 16011 5557 
15672 11918 16020 5559 
15679 11922 16027 5561 
15684 11930 16031 5561 
15689 11933 16037 5563 
15690 11938 16044 5567 
15697 11945 16049 5569 
15704 11950 16059 5572 
15712 11956 16068 5574 
15723 11961 16076 5578 
15729 11966 16079 5579 
15734 11973 16084 5583 
15740 11981 16085 5586 
15747 11986 16096 5590 
15750 11991 16100 5595 
15755 11994 16106 5599 
15758 11995 16109 5600 
15762 12000 16112 5602 
15766 12004 16118 5603 
15770 12010 16124 5604 
15777 12015 16127 5604 
15779 12018 16131 5608 
15786 12020 16138 5608 
15792 12028 16143 5610 
15801 12032 16146 5614 
15808 12036 16150 5617 
15810 12040 16156 5618 
15815 12042 16162 5621 
15817 12047 16168 5621 
15821 12054 16173 5622 
15830 12057 16180 5626 
15835 12059 16188 5628 
15842 12062 16192 5630 
15855 12068 16201 5635 
15858 12074 16206 5642 
15869 12079 16213 5643 
15869 12082 16222 5643 
15874 12086 16231 5645 
15880 12091 16238 5647 
15893 12095 16245 5649 
15899 12106 16255 5652 
15903 12113 16258 5654 
15908 12120 16268 5656 
15912 12128 16273 5660 
15915 12132 16279 5660 
15923 12137 16285 5660 
15932 12141 16291 5662 
15936 12145 16294 5666 
15945 12149 16299 5669 
15954 12154 16305 5670 
15960 12157 16308 5671 
15962 12159 16316 5671 
15964 12166 16325 5673 
15974 12172 16333 5675 
15981 12175 16338 5678 
15989 12179 16344 5681 
15991 12184 16350 5684 
16003 12188 16357 5685 
16012 12194 16367 5688 
16019 12204 16371 5688 
16023 12213 16379 5693 
16027 12218 16386 5693 
16038 12222 16392 5694 
16044 12225 16399 5698 
16047 12233 16405 5704 
16052 12234 16411 5704 
16056 12239 16419 5704 
16065 12246 16426 5706 
16070 12253 16430 5709 
16082 12256 16432 5711 
16085 12262 16440 5713 
16090 12267 16445 5713 
16097 12276 16452 5716 
16103 12280 16460 5721 
16109 12287 16466 5727 
16114 12293 16473 5730 
16124 12301 16482 5732 
16130 12309 16484 5737 
16136 12313 16489 5737 
16140 12318 16493 5739 
16147 12322 16496 5741 
16150 12327 16505 5742 
16155 12333 16507 5747 
16163 12338 16519 5749 
16170 12342 16527 5750 
16174 12345 16531 5754 
16183 12351 16534 5756 
16187 12355 16536 5758 
16190 12357 16539 5761 
16192 12365 16545 5763 
16197 12368 16551 5766 
16206 12371 16557 5768 
16215 12375 16567 5773 
16222 12379 16574 5774 
16230 12382 16582 5776 
16237 12383 16586 5776 
16242 12387 16592 5780 
16244 12392 16600 5780 
16248 12395 16604 5782 
16250 12401 16609 5784 
16252 12410 16614 5785 
16255 12414 16619 5787 
16265 12419 16628 5787 
16271 12425 16634 5788 
16277 12427 16639 5788 
16282 12431 16648 5790 
16288 12434 16649 5794 
16294 12436 16650 5795 
16302 12441 16654 5796 
16314 12446 16658 5802 
16319 12449 16666 5803 
16324 12453 16670 5805 
16330 12460 16676 5809 
16338 12465 16681 5811 
16342 12468 16685 5814 
16347 12474 16693 5815 
16353 12477 16701 5818 
16362 12482 16706 5820 
16365 12485 16711 5828 
16369 12489 16717 5832 
16376 12491 16724 5833 
16385 12492 16730 5834 
16396 12496 16736 5838 
16400 12498 16741 5841 
16408 12504 16747 5843 
16414 12509 16751 5845 
16421 12516 16756 5846 
16422 12523 16761 5846 
16425 12529 16765 5847 
16426 12536 16771 5851 
16433 12541 16775 5851 
16442 12543 16783 5851 
16445 12547 16788 5856 
16453 12552 16792 5857 
16461 12556 16800 5859 
16469 12564 16806 5860 
16471 12569 16811 5863 
16484 12575 16815 5864 
16489 12578 16819 5867 
16494 12581 16822 5870 
16498 12585 16830 5871 
16503 12589 16835 5873 
16510 12594 16844 5876 
16519 12597 16849 5879 
16526 12606 16853 5881 
16534 12613 16858 5883 
16542 12622 16866 5888 
16549 12629 16873 5893 
16561 12634 16879 5894 
16565 12637 16885 5894 
16570 12639 16896 5899 
16578 12644 16897 5902 
16580 12648 16903 5908 
16586 12649 16912 5908 
16596 12654 16916 5909 
16600 12660 16920 5911 
16608 12665 16925 5913 
16613 12670 16928 5917 
16619 12675 16931 5918 
16630 12682 16939 5919 
16635 12688 16945 5921 
16641 12691 16953 5924 
16643 12694 16965 5925 
16645 12701 16975 5929 
16651 12707 16980 5930 
16656 12715 16987 5930 
16659 12722 16990 5934 
16665 12722 16993 5935 
16672 12722 17000 5936 
16681 12726 17004 5939 
16684 12733 17012 5945 
16689 12739 17020 5949 
16693 12745 17023 5951 
16695 12753 17028 5953 
16701 12759 17034 5956 
16705 12760 17041 5958 
16708 12764 17047 5959 
16712 12767 17050 5960 
16718 12769 17059 5961 
16724 12772 17063 5962 
16730 12775 17068 5965 
16737 12779 17080 5968 
16739 12784 17087 5971 
16740 12792 17093 5974 
16744 12800 17104 5975 
16750 12804 17109 5975 
16753 12807 17120 5977 
16758 12808 17126 5978 
16765 12814 17130 5980 
16773 12818 17134 5980 
16776 12824 17142 5984 
16785 12828 17149 5986 
16788 12833 17154 5988 
16791 12837 17158 5990 
16797 12842 17163 5992 
16800 12848 17166 5992 
16806 12856 17171 5998 
16812 12860 17177 6002 
16813 12867 17184 6006 
16819 12873 17190 6009 
16824 12876 17194 6012 
16828 12886 17203 6014 
16835 12891 17206 6015 
16838 12896 17213 6018 
16840 12903 17227 6022 
16849 12906 17234 6022 
16856 12911 17239 6024 
16860 12918 17243 6025 
16863 12923 17247 6029 
16866 12928 17251 6031 
16871 12929 17256 6032 
16874 12936 17266 6032 
16877 12941 17270 6034 
16881 12944 17278 6038 
16887 12949 17283 6042 
16892 12953 17286 6043 
16898 12955 17295 6048 
16902 12957 17299 6050 
16909 12963 17309 6053 
16917 12966 17315 6056 
16922 12972 17320 6056 
16928 12975 17330 6056 
16931 12981 17336 6059 
16938 12983 17343 6060 
16942 12987 17347 6061 
16946 12992 17352 6063 
16950 12997 17361 6066 
16958 13002 17366 6067 
16962 13008 17375 6069 
16971 13016 17382 6072 
16974 13019 17388 6072 
16975 13023 17397 6077 
16982 13029 17401 6078 
16990 13033 17408 6079 
16991 13040 17414 6081 
16994 13045 17422 6082 
16996 13049 17428 6086 
17002 13052 17432 6088 
17015 13055 17438 6094 
17020 13057 17441 6099 
17028 13062 17448 6099 
17034 13067 17452 6101 
17040 13073 17463 6104 
17044 13075 17466 6106 
17044 13079 17473 6108 
17048 13085 17478 6109 
17054 13089 17481 6112 
17062 13092 17490 6114 
17068 13093 17496 6114 
17075 13099 17503 6117 
17083 13102 17505 6118 
17091 13106 17507 6118 
17092 13111 17513 6119 
17097 13112 17518 6120 
17107 13114 17528 6123 
17110 13119 17537 6124 
17114 13124 17541 6126 
17119 13126 17548 6127 
17124 13132 17548 6129 
17129 13133 17554 6131 
17133 13135 17558 6132 
17136 13141 17562 6132 
17140 13145 17573 6137 
17148 13151 17583 6140 
17151 13155 17590 6145 
17155 13157 17596 6146 
17163 13159 17599 6149 
17173 13165 17605 6153 
17179 13169 17611 6158 
17183 13174 17618 6159 
17188 13184 17624 6162 
17191 13194 17630 6165 
17199 13198 17634 6170 
17205 13205 17642 6171 
17214 13210 17649 6174 
17217 13214 17656 6175 
17223 13219 17666 6175 
17227 13225 17673 6176 
17233 13230 17677 6181 
17237 13232 17690 6187 
17237 13240 17697 6187 
17248 13241 17704 6191 
17252 13246 17711 6193 
17256 13248 17720 6196 
17264 13258 17728 6198 
17268 13262 17736 6199 
17275 13266 17743 6200 
17285 13271 17748 6200 
17290 13277 17754 6201 
17294 13280 17759 6206 
17297 13284 17765 6207 
17312 13288 17770 6209 
17314 13291 17774 6211 
17321 13296 17781 6214 
17325 13298 17787 6215 
17329 13303 17793 6218 
17335 13307 17797 6219 
17336 13316 17804 6222 
17342 13319 17810 6225 
17348 13325 17816 6227 
17353 13332 17819 6228 
17355 13340 17826 6229 
17362 13346 17832 6231 
17368 13350 17842 6235 
17372 13352 17847 6238 
17373 13357 17850 6241 
17375 13357 17853 6241 
17386 13358 17861 6244 
17390 13360 17866 6245 
17398 13366 17871 6246 
17405 13369 17880 6248 
17411 13372 17885 6249 
17414 13380 17891 6253 
17419 13384 17898 6256 
17425 13390 17903 6260 
17429 13391 17913 6260 
17434 13398 17919 6261 
17442 13401 17927 6266 
17446 13405 17937 6267 
17452 13409 17944 6268 
17457 13415 17951 6269 
17464 13419 17956 6272 
17470 13424 17966 6273 
17477 13426 17973 6275 
17479 13430 17977 6277 
17487 13436 17985 6281 
17495 13440 17991 6283 
17501 13446 17994 6285 
17510 13450 17998 6286 
17515 13455 18001 6286 
17518 13460 18005 6288 
17526 13467 18010 6290 
17534 13474 18016 6294 
17541 13477 18021 6296 
17544 13482 18027 6299 
17547 13484 18030 6300 
17552 13492 18037 6300 
17555 13499 18041 6303 
17557 13502 18045 6305 
17561 13508 18050 6306 
17570 13512 18058 6308 
17575 13517 18064 6312 
17585 13522 18068 6317 
17592 13527 18073 6317 
17597 13531 18075 6318 
17606 13537 18086 6319 
17613 13539 18090 6319 
17617 13542 18099 6320 
17624 13546 18103 6322 
17635 13551 18110 6323 
17642 13555 18116 6324 
17648 13562 18122 6328 
17650 13565 18124 6333 
17658 13572 18130 6338 
17664 13576 18134 6340 
17673 13582 18137 6345 
17679 13585 18144 6347 
17682 13589 18147 6347 
17689 13592 18152 6348 
17693 13601 18161 6349 
17704 13606 18166 6352 
17707 13612 18171 6354 
17715 13616 18180 6358 
17724 13618 18185 6359 
17728 13621 18194 6359 
17734 13629 18200 6362 
17739 13636 18206 6362 
17744 13639 18212 6364 
17749 13641 18221 6365 
17758 13647 18230 6367 
17762 13649 18239 6371 
17772 13649 18245 6373 
17779 13654 18252 6378 
17786 13661 18258 6381 
17792 13670 18260 6383 
17797 13673 18263 6384 
17801 13681 18266 6386 
17805 13684 18269 6390 
17813 13685 18271 6393 
17820 13691 18278 6398 
17825 13695 18282 6403 
17830 13700 18286 6404 
17835 13704 18294 6407 
17843 13711 18294 6409 
17847 13712 18297 6411 
17852 13720 18306 6412 
17858 13723 18313 6414 
17864 13728 18316 6420 
17869 13734 18322 6420 
17877 13741 18327 6420 
17881 13747 18332 6424 
17883 13750 18339 6426 
17892 13755 18347 6429 
17896 13760 18355 6431 
17902 13764 18364 6435 
17905 13768 18370 6436 
17908 13774 18380 6437 
17913 13777 18382 6441 
17918 13780 18392 6444 
17922 13784 18397 6445 
17934 13788 18403 6446 
17940 13792 18408 6448 
17946 13796 18415 6449 
17950 13803 18417 6453 
17954 13808 18420 6455 
17958 13814 18433 6456 
17963 13817 18441 6458 
17970 13819 18443 6460 
17972 13824 18447 6463 
17979 13828 18454 6469 
17987 13831 18459 6470 
17992 13836 18464 6470 
17995 13839 18471 6470 
17999 13844 18474 6473 
18001 13844 18479 6474 
18011 13848 18488 6474 
18019 13853 18491 6476 
18021 13856 18498 6481 
18026 13858 18505 6483 
18033 13860 18511 6485 
18037 13869 18518 6487 
18044 13873 18523 6488 
18052 13875 18528 6491 
18057 13878 18532 6494 
18063 13887 18536 6497 
18068 13889 18546 6500 
18076 13895 18551 6501 
18084 13899 18555 6502 
18088 13904 18565 6502 
18091 13912 18571 6504 
18096 13918 18574 6505 
18105 13927 18580 6508 
18108 13935 18586 6509 
18115 13939 18597 6513 
18121 13943 18603 6514 
18123 13949 18610 6520 
18130 13952 18618 6522 
18133 13957 18622 6524 
18138 13963 18628 6527 
18146 13967 18635 6529 
18152 13970 18643 6531 
18156 13980 18651 6534 
18167 13984 18665 6535 
18174 13985 18668 6537 
18179 13990 18672 6540 
18187 13994 18677 6540 
18195 14002 18683 6542 
18200 14007 18689 6544 
18206 14009 18697 6548 
18215 14018 18703 6549 
18220 14024 18707 6550 
18225 14027 18714 6550 
18232 14033 18716 6550 
18242 14036 18721 6552 
18244 14039 18729 6552 
18244 14041 18735 6553 
18252 14046 18743 6556 
18258 14051 18749 6560 
18267 14056 18754 6563 
18272 14059 18767 6566 
18280 14062 18772 6569 
18287 14068 18777 6569 
18290 14076 18786 6571 
18295 14080 18791 6575 
18301 14083 18802 6577 
18308 14088 18812 6580 
18317 14091 18817 6581 
18320 14095 18820 6585 
18329 14100 18829 6586 
18341 14105 18836 6589 
18349 14114 18843 6592 
18353 14117 18849 6598 
18361 14121 18853 6602 
18371 14122 18855 6604 
18378 14127 18858 6606 
18386 14135 18868 6609 
18391 14141 18871 6614 
18396 14146 18876 6615 
18401 14154 18880 6618 
18406 14156 18883 6622 
18418 14160 18886 6625 
18420 14163 18889 6631 
18427 14169 18904 6633 
18431 14178 18908 6633 
18439 14189 18914 6636 
18446 14193 18921 6639 
18452 14199 18929 6643 
18461 14204 18939 6644 
18466 14211 18951 6646 
18470 14215 18960 6646 
18479 14218 18964 6648 
18488 14224 18968 6651 
18495 14229 18978 6653 
18499 14233 18982 6653 
18506 14237 18987 6654 
18508 14244 18993 6656 
18512 14247 18995 6657 
18518 14254 19001 6660 
18526 14262 19006 6664 
18529 14265 19012 6667 
18531 14272 19015 6669 
18538 14277 19022 6671 
18542 14280 19032 6673 
18550 14281 19038 6674 
18557 14285 19040 6678 
18562 14292 19043 6680 
18573 14301 19046 6680 
18578 14308 19053 6682 
18582 14312 19058 6684 
18585 14317 19061 6685 
18591 14322 19069 6687 
18596 14327 19077 6690 
18602 14332 19084 6693 
18609 14338 19087 6694 
18618 14343 19100 6695 
18624 14346 19109 6698 
18629 14349 19119 6699 
18633 14353 19127 6701 
18643 14358 19138 6703 
18650 14360 19150 6705 
18656 14369 19157 6708 
18660 14373 19167 6709 
18666 14380 19172 6712 
18673 14381 19182 6714 
18681 14383 19187 6716 
18687 14391 19191 6717 
18698 14396 19199 6720 
18701 14400 19205 6724 
18705 14401 19211 6727 
18712 14406 19218 6729 
18717 14410 19226 6732 
18723 14414 19237 6735 
18732 14417 19247 6736 
18740 14420 19254 6737 
18747 14423 19265 6738 
18754 14427 19272 6738 
18758 14430 19279 6739 
18765 14433 19284 6743 
18769 14435 19292 6745 
18776 14440 19296 6748 
18778 14444 19300 6749 
18781 14449 19309 6749 
18783 14454 19316 6752 
18790 14460 19320 6753 
18796 14462 19330 6754 
18799 14465 19337 6756 
18806 14467 19347 6756 
18815 14471 19361 6757 
18820 14472 19370 6758 
18828 14475 19378 6759 
18837 14481 19386 6760 
18838 14487 19391 6764 
18842 14494 19397 6766 
18850 14498 19403 6766 
18858 14501 19408 6768 
18862 14504 19412 6771 
18866 14507 19418 6773 
18873 14515 19423 6773 
18879 14520 19428 6776 
18886 14523 19432 6783 
18892 14531 19441 6787 
18895 14531 19450 6790 
18899 14537 19454 6791 
18904 14540 19463 6795 
18911 14543 19470 6798 
18916 14547 19475 6799 
18923 14551 19479 6799 
18928 14553 19486 6801 
18931 14559 19494 6806 
18941 14564 19501 6812 
18950 14574 19503 6814 
18952 14582 19511 6818 
18958 14585 19516 6818 
18963 14590 19524 6819 
18973 14598 19529 6821 
18980 14603 19532 6823 
18982 14611 19539 6823 
18985 14618 19545 6825 
18986 14624 19550 6826 
18992 14631 19557 6827 
18998 14634 19560 6828 
19000 14640 19563 6830 
19005 14644 19573 6832 
19006 14647 19585 6834 
19014 14653 19590 6835 
19020 14658 19599 6839 
19026 14665 19609 6841 
19033 14670 19617 6842 
19040 14677 19629 6845 
19044 14682 19631 6847 
19049 14687 19645 6851 
19053 14695 19647 6851 
19058 14701 19653 6854 
19071 14706 19660 6860 
19077 14709 19668 6863 
19078 14717 19672 6865 
19082 14719 19679 6866 
19087 14722 19687 6870 
19089 14725 19694 6872 
19095 14732 19700 6873 
19102 14733 19706 6876 
19107 14741 19714 6878 
19115 14746 19718 6879 
19124 14750 19724 6881 
19132 14756 19730 6883 
19138 14761 19734 6884 
19141 14763 19741 6890 
19144 14768 19746 6894 
19153 14771 19749 6897 
19161 14773 19763 6900 
19169 14779 19769 6901 
19175 14780 19782 6901 
19180 14787 19790 6903 
19186 14790 19799 6905 
19191 14795 19803 6909 
19200 14798 19808 6910 
19209 14802 19817 6913 
19217 14809 19828 6913 
19222 14813 19830 6914 
19227 14815 19841 6919 
19232 14819 19846 6922 
19239 14826 19853 6925 
19249 14835 19861 6927 
19257 14841 19871 6928 
19262 14845 19875 6932 
19267 14855 19883 6937 
19273 14858 19894 6941 
19281 14861 19897 6942 
19288 14865 19904 6945 
19295 14868 19914 6947 
19301 14875 19918 6948 
19305 14881 19924 6952 
19310 14887 19927 6954 
19315 14894 19941 6956 
19320 14896 19947 6959 
19324 14901 19955 6961 
19328 14909 19960 6962 
19333 14911 19969 6963 
19338 14916 19978 6966 
19346 14924 19985 6967 
19352 14927 19990 6967 
19355 14931 19999 6969 
19360 14937 20002 6972 
19363 14943 20012 6976 
19369 14945 20020 6978 
19374 14951 20032 6983 
19382 14955 20038 6988 
19390 14963 20044 6991 
19401 14967 20054 6993 
19409 14978 20062 6994 
19417 14982 20070 6996 
19421 14989 20080 6996 
19431 14995 20084 6996 
19436 15000 20096 6998 
19443 15006 20104 7002 
19451 15017 20109 7003 
19459 15021 20112 7004 
19465 15027 20117 7004 
19473 15029 20124 7004 
19480 15033 20131 7008 
19489 15040 20137 7008 
19496 15045 20141 7012 
19500 15047 20147 7014 
19505 15051 20154 7014 
19512 15054 20165 7017 
19521 15058 20174 7017 
19530 15069 20179 7020 
19535 15078 20186 7025 
19543 15083 20194 7028 
19547 15084 20194 7034 
19553 15096 20198 7037 
19559 15098 20203 7038 
19563 15105 20206 7041 
19567 15111 20212 7042 
19573 15115 20223 7044 
19578 15121 20230 7046 
19586 15128 20237 7048 
19589 15130 20243 7049 
19595 15133 20247 7053 
19603 15140 20250 7056 
19609 15142 20259 7058 
19615 15142 20267 7062 
19619 15148 20275 7066 
19622 15156 20284 7068 
19628 15158 20290 7072 
19634 15163 20298 7077 
19637 15169 20307 7078 
19643 15175 20314 7082 
19650 15176 20320 7086 
19658 15180 20324 7087 
19665 15182 20331 7087 
19669 15187 20340 7089 
19671 15190 20348 7093 
19676 15192 20357 7096 
19678 15196 20365 7100 
19686 15199 20369 7102 
19695 15202 20374 7106 
19703 15205 20383 7109 
19714 15208 20387 7111 
19719 15208 20390 7114 
19725 15216 20395 7116 
19731 15219 20404 7118 
19736 15225 20409 7121 
19741 15227 20416 7122 
19746 15228 20424 7124 
19755 15233 20428 7129 
19763 15239 20432 7132 
19773 15244 20439 7133 
19783 15251 20444 7138 
19789 15260 20448 7140 
19794 15267 20453 7143 
19801 15273 20457 7144 
19804 15280 20461 7146 
19812 15282 20469 7148 
19815 15285 20478 7151 
19820 15289 20484 7153 
19825 15293 20489 7155 
19830 15297 20498 7158 
19837 15301 20507 7161 
19841 15307 20517 7164 
19849 15311 20523 7167 
19855 15320 20532 7168 
19861 15326 20539 7170 
19865 15328 20547 7173 
19871 15336 20555 7177 
19877 15343 20566 7178 
19887 15348 20570 7178 
19895 15354 20579 7180 
19899 15359 20586 7181 
19907 15370 20593 7182 
19914 15374 20600 7182 
19923 15378 20613 7182 
19927 15387 20618 7186 
19936 15392 20625 7190 
19942 15400 20630 7194 
19946 15405 20636 7197 
19948 15407 20639 7198 
19953 15415 20645 7200 
19960 15418 20650 7205 
19964 15424 20657 7208 
19971 15432 20665 7211 
19978 15438 20666 7212 
19982 15440 20671 7216 
19987 15446 20680 7217 
19995 15454 20690 7218 
20001 15457 20693 7220 
20004 15464 20699 7225 
20011 15467 20704 7228 
20016 15472 20714 7231 
20024 15475 20720 7232 
20028 15479 20725 7234 
20036 15489 20731 7237 
20045 15500 20740 7237 
20056 15504 20749 7239 
20061 15508 20758 7243 
20065 15510 20761 7248 
20067 15516 20768 7250 
20072 15525 20772 7253 
20078 15530 20778 7254 
20085 15533 20785 7257 
20091 15540 20794 7258 
20101 15546 20798 7259 
20111 15550 20802 7262 
20115 15554 20809 7264 
20119 15560 20817 7266 
20122 15563 20825 7269 
20128 15572 20833 7272 
20136 15578 20840 7275 
20143 15583 20845 7276 
20149 15587 20855 7276 
20152 15592 20862 7280 
20156 15596 20868 7282 
20160 15597 20875 7283 
20164 15602 20879 7285 
20172 15606 20882 7286 
20175 15612 20888 7288 
20178 15618 20895 7294 
20181 15624 20900 7299 
20185 15628 20908 7304 
20189 15631 20915 7308 
20192 15639 20920 7310 
20199 15642 20926 7314 
20206 15648 20930 7316 
20210 15656 20938 7318 
20214 15660 20943 7320 
20221 15661 20950 7322 
20228 15666 20957 7324 
20235 15670 20963 7325 
20242 15675 20969 7331 
20248 15682 20980 7331 
20253 15684 20987 7338 
20257 15690 20993 7341 
20264 15695 20998 7342 
20275 15698 21005 7345 
20282 15703 21013 7347 
20288 15707 21016 7349 
20298 15713 21020 7352 
20308 15721 21026 7353 
20310 15726 21029 7355 
20313 15733 21038 7358 
20319 15740 21047 7361 
20323 15744 21051 7362 
20333 15748 21054 7363 
20337 15751 21062 7364 
20341 15758 21067 7369 
20346 15762 21078 7371 
20352 15771 21089 7373 
20359 15777 21096 7375 
20368 15782 21103 7378 
20378 15789 21114 7379 
20381 15792 21116 7379 
20387 15799 21122 7380 
20393 15805 21127 7381 
20398 15812 21135 7383 
20401 15820 21143 7386 
20409 15828 21146 7387 
20418 15831 21153 7391 
20420 15836 21159 7391 
20426 15841 21167 7393 
20434 15845 21171 7396 
20440 15849 21176 7398 
20445 15858 21185 7400 
20450 15864 21193 7402 
20455 15873 21201 7402 
20460 15873 21205 7405 
20465 15876 21210 7407 
20469 15883 21219 7409 
20477 15886 21231 7411 
20480 15888 21235 7415 
20484 15893 21242 7416 
20491 15899 21247 7417 
20496 15903 21254 7417 
20501 15906 21257 7418 
20510 15910 21260 7418 
20516 15914 21264 7424 
20521 15916 21271 7426 
20528 15920 21280 7430 
20533 15926 21285 7434 
20541 15932 21288 7438 
20548 15939 21298 7439 
20552 15944 21305 7440 
20560 15948 21313 7443 
20563 15952 21323 7446 
20575 15958 21333 7446 
20583 15966 21341 7449 
20592 15973 21345 7452 
20599 15978 21348 7452 
20606 15982 21356 7453 
20613 15984 21361 7459 
20620 15994 21369 7461 
20627 16000 21373 7467 
20629 16005 21379 7472 
20639 16008 21384 7474 
20645 16011 21390 7475 
20652 16019 21394 7477 
20661 16025 21398 7478 
20669 16026 21401 7479 
20678 16034 21410 7481 
20685 16037 21417 7482 
20693 16042 21424 7484 
20698 16054 21430 7485 
20704 16060 21440 7488 
20710 16063 21447 7491 
20714 16072 21455 7494 
20717 16078 21460 7497 
20722 16082 21464 7498 
20725 16087 21472 7502 
20730 16089 21479 7503 
20737 16094 21487 7504 
20739 16096 21493 7506 
20741 16099 21502 7511 
20745 16106 21508 7513 
20753 16113 21510 7516 
20758 16121 21515 7518 
20762 16126 21522 7520 
20767 16136 21527 7523 
20771 16145 21535 7526 
20776 16150 21542 7526 
20781 16153 21556 7528 
20787 16161 21564 7529 
20791 16168 21569 7531 
20797 16174 21574 7531 
20804 16178 21583 7532 
20811 16183 21598 7534 
20818 16189 21606 7537 
20822 16195 21610 7538 
20829 16198 21613 7541 
20836 16201 21618 7545 
20837 16204 21621 7547 
20845 16207 21628 7549 
20852 16209 21631 7551 
20859 16215 21634 7556 
20863 16220 21640 7558 
20865 16225 21646 7563 
20875 16230 21655 7565 
20880 16232 21664 7567 
20889 16239 21671 7567 
20896 16242 21678 7567 
20900 16248 21686 7569 
20910 16250 21690 7569 
20914 16254 21699 7570 
20920 16258 21703 7573 
20930 16263 21712 7576 
20938 16269 21720 7578 
20943 16274 21727 7580 
20950 16279 21733 7583 
20963 16284 21740 7586 
20970 16288 21748 7592 
20976 16291 21753 7594 
20980 16296 21757 7595 
20987 16306 21761 7596 
20993 16312 21769 7602 
21007 16315 21774 7604 
21009 16317 21778 7604 
21016 16321 21785 7605 
21022 16325 21795 7607 
21031 16329 21805 7607 
21037 16335 21808 7610 
21039 16343 21815 7613 
21046 16348 21827 7616 
21050 16352 21834 7620 
21055 16359 21841 7621 
21060 16363 21849 7623 
21069 16369 21854 7626 
21075 16373 21862 7630 
21084 16377 21867 7631 
21089 16381 21876 7633 
21100 16387 21879 7635 
21102 16389 21888 7639 
21107 16393 21896 7639 
21113 16397 21907 7641 
21121 16400 21909 7643 
21127 16404 21915 7646 
21136 16406 21922 7647 
21139 16408 21925 7648 
21142 16410 21936 7652 
21147 16419 21945 7657 
21150 16420 21951 7660 
21157 16422 21956 7666 
21164 16425 21964 7667 
21166 16429 21970 7670 
21173 16435 21979 7671 
21176 16436 21985 7673 
21183 16440 21993 7673 
21189 16446 21997 7674 
21193 16452 22002 7677 
21197 16456 22008 7681 
21202 16459 22012 7683 
21206 16459 22016 7685 
21214 16468 22022 7688 
21220 16471 22025 7689 
21231 16476 22034 7690 
21239 16480 22038 7693 
21246 16482 22048 7695 
21252 16488 22054 7696 
21261 16490 22055 7698 
21267 16494 22062 7704 
21276 16502 22069 7706 
21281 16507 22072 7708 
21286 16518 22077 7709 
21292 16525 22084 7710 
21301 16531 22087 7712 
21306 16534 22093 7714 
21314 16537 22097 7715 
21321 16540 22105 7718 
21332 16547 22112 7723 
21342 16552 22117 7723 
21346 16554 22122 7727 
21349 16558 22126 7731 
21350 16562 22130 7733 
21357 16568 22137 7736 
21363 16573 22143 7742 
21367 16580 22150 7743 
21370 16582 22158 7746 
21377 16590 22163 7749 
21386 16598 22169 7750 
21396 16604 22175 7754 
21399 16610 22181 7755 
21405 16615 22187 7758 
21410 16616 22195 7760 
21417 16622 22201 7764 
21426 16628 22211 7766 
21431 16631 22221 7775 
21443 16638 22229 7776 
21450 16643 22236 7779 
21460 16649 22240 7782 
21468 16653 22246 7784 
21473 16656 22251 7789 
21477 16661 22257 7790 
21483 16670 22264 7791 
21491 16674 22274 7793 
21500 16680 22279 7796 
21508 16682 22285 7797 
21510 16684 22288 7797 
21517 16688 22293 7802 
21526 16692 22302 7805 
21533 16699 22306 7808 
21538 16703 22312 7809 
21545 16708 22323 7810 
21549 16715 22326 7811 
21551 16722 22335 7817 
21557 16724 22340 7817 
21562 16732 22345 7821 
21567 16735 22354 7824 
21572 16742 22359 7827 
21576 16745 22366 7828 
21579 16752 22377 7829 
21581 16760 22382 7831 
21585 16765 22388 7833 
21589 16769 22395 7836 
21599 16773 22401 7840 
21602 16777 22407 7842 
21608 16785 22414 7845 
21618 16790 22420 7847 
21626 16797 22427 7848 
21633 16801 22437 7848 
21639 16804 22440 7852 
21646 16814 22447 7856 
21651 16822 22456 7858 
21658 16827 22461 7861 
21666 16837 22465 7863 
21674 16843 22475 7863 
21680 16846 22483 7865 
21683 16849 22489 7865 
21687 16850 22501 7867 
21697 16854 22508 7867 
21700 16859 22521 7869 
21706 16862 22529 7872 
21714 16865 22538 7875 
21720 16867 22546 7876 
21726 16874 22554 7879 
21734 16879 22560 7880 
21739 16886 22563 7882 
21741 16890 22568 7884 
21745 16895 22577 7886 
21747 16897 22579 7888 
21754 16903 22583 7891 
21759 16911 22590 7892 
21765 16912 22594 7897 
21770 16921 22598 7898 
21776 16922 22601 7901 
21781 16924 22608 7904 
21788 16932 22614 7908 
21796 16940 22621 7909 
21808 16942 22626 7912 
21812 16947 22632 7914 
21821 16949 22635 7916 
21826 16952 22642 7918 
21832 16958 22648 7920 
21839 16960 22655 7923 
21844 16964 22664 7923 
21850 16968 22674 7925 
21857 16976 22682 7928 
21864 16983 22686 7929 
21872 16988 22693 7930 
21877 16991 22701 7934 
21884 16997 22707 7934 
21888 17001 22710 7937 
21896 17003 22715 7940 
21903 17013 22718 7941 
21909 17018 22726 7943 
21911 17020 22733 7944 
21919 17028 22740 7947 
21921 17038 22749 7951 
21927 17040 22755 7954 
21929 17048 22762 7955 
21935 17054 22769 7958 
21943 17056 22777 7959 
21952 17063 22786 7961 
21955 17064 22791 7964 
21956 17073 22801 7964 
21961 17079 22803 7966 
21969 17083 22811 7971 
21971 17090 22815 7975 
21975 17095 22821 7979 
21986 17096 22825 7982 
21994 17100 22836 7982 
22002 17103 22840 7982 
22014 17106 22847 7983 
22018 17109 22855 7985 
22025 17115 22866 7988 
22029 17119 22869 7989 
22038 17122 22878 7989 
22045 17127 22884 7993 
22050 17134 22893 7994 
22054 17136 22901 7996 
22058 17140 22907 7999 
22066 17144 22912 8003 
22073 17145 22920 8004 
22075 17151 22926 8007 
22084 17157 22933 8008 
22090 17162 22940 8013 
22093 17167 22943 8014 
22101 17171 22946 8016 
22108 17178 22953 8016 
22115 17180 22958 8017 
22126 17186 22964 8017 
22133 17194 22973 8018 
22141 17200 22980 8019 
22146 17203 22987 8020 
22154 17205 22992 8022 
22158 17210 23001 8025 
22165 17212 23010 8026 
22178 17215 23021 8031 
22186 17217 23029 8034 
22197 17218 23033 8037 
22205 17223 23037 8037 
22210 17226 23039 8038 
22219 17232 23046 8040 
22225 17236 23054 8042 
22230 17238 23060 8045 
22239 17243 23065 8046 
22244 17243 23075 8048 
22246 17246 23081 8054 
22248 17248 23088 8055 
22252 17256 23094 8060 
22258 17258 23099 8063 
