0 0 0 0 
4 4 4 1 
11 8 11 2 
14 10 14 7 
18 14 16 11 
21 18 21 11 
30 20 29 12 
35 22 33 15 
41 28 38 16 
47 32 41 16 
55 32 48 20 
61 34 59 23 
66 37 63 26 
68 42 68 28 
72 46 73 31 
76 49 76 32 
82 53 80 34 
89 58 86 36 
96 61 93 39 
101 62 99 40 
106 63 103 44 
112 66 106 49 
119 69 111 51 
126 74 113 53 
133 77 117 55 
140 81 124 57 
148 85 129 63 
156 89 133 67 
160 92 136 69 
165 96 145 73 
171 99 151 76 
177 101 155 80 
181 104 158 81 
188 107 161 82 
195 115 166 85 
200 119 169 89 
210 122 174 90 
215 125 181 91 
219 129 187 91 
223 132 188 92 
226 138 194 95 
230 140 197 96 
236 143 203 98 
242 146 210 99 
253 153 215 102 
258 158 220 106 
261 160 222 107 
267 164 227 109 
280 167 237 113 
286 171 247 113 
293 172 251 114 
298 177 256 120 
301 182 261 122 
309 185 264 124 
317 187 267 124 
323 189 275 124 
329 191 280 126 
335 196 282 126 
338 203 286 127 
347 212 290 127 
353 219 296 128 
360 227 303 129 
362 231 309 131 
366 234 314 132 
372 239 321 132 
377 241 331 134 
381 243 336 136 
383 247 341 138 
387 248 346 139 
395 251 351 140 
396 254 359 140 
401 256 367 140 
405 262 368 143 
410 265 368 143 
418 272 375 145 
420 276 387 148 
426 281 392 150 
433 283 398 153 
438 286 401 153 
441 294 406 153 
445 296 415 154 
449 300 420 157 
453 303 424 158 
460 305 428 160 
465 308 433 161 
470 316 439 162 
474 318 444 164 
479 323 449 164 
483 328 456 165 
487 329 461 166 
491 333 466 169 
497 336 468 173 
504 340 474 177 
507 342 478 181 
509 346 482 181 
513 349 487 183 
521 354 493 183 
529 359 494 184 
534 363 497 184 
539 370 506 186 
545 374 507 187 
551 376 511 190 
557 380 516 193 
560 381 521 196 
563 388 528 199 
569 390 535 201 
580 394 542 202 
589 397 548 204 
594 403 553 205 
596 408 559 205 
602 410 565 208 
608 413 570 210 
613 417 574 212 
614 419 576 215 
617 423 584 216 
622 427 591 218 
629 433 595 220 
635 438 598 221 
641 445 604 222 
646 450 608 223 
653 452 613 223 
656 458 618 227 
662 466 621 230 
665 468 624 232 
672 470 631 235 
675 475 636 236 
681 479 643 239 
685 480 648 240 
693 481 654 241 
698 482 654 243 
708 485 656 244 
713 491 660 244 
716 494 664 245 
722 499 676 246 
728 502 682 249 
737 507 688 250 
744 511 690 250 
745 514 697 252 
754 518 703 256 
757 524 711 257 
764 527 717 258 
771 530 720 260 
775 534 724 260 
785 536 731 263 
792 540 735 265 
799 544 745 266 
806 548 751 266 
809 552 753 268 
816 555 758 272 
821 563 760 274 
824 565 765 274 
832 570 772 275 
837 576 776 277 
840 581 779 278 
843 584 784 279 
846 589 788 279 
851 596 792 280 
856 599 800 282 
868 604 803 282 
870 607 810 283 
881 609 815 285 
889 611 826 290 
895 614 837 295 
900 616 843 296 
908 621 848 298 
913 629 855 299 
919 636 860 302 
925 644 862 303 
932 645 870 308 
939 649 873 309 
945 656 882 310 
949 661 889 311 
958 666 895 314 
964 670 900 314 
967 676 910 315 
971 678 915 316 
979 681 920 316 
981 684 927 318 
987 686 935 318 
995 687 942 318 
1003 688 947 318 
1006 691 955 318 
1012 692 963 321 
1015 695 970 323 
1019 697 976 326 
1026 699 980 327 
1035 703 988 331 
1044 705 993 331 
1046 706 999 336 
1061 710 1001 338 
1068 713 1005 338 
1075 718 1010 341 
1078 720 1014 343 
1083 723 1019 346 
1088 725 1021 347 
1096 731 1025 348 
1100 734 1034 349 
1106 738 1038 352 
1116 743 1045 355 
1122 747 1046 355 
1127 747 1049 357 
1134 752 1057 361 
1141 754 1063 365 
1147 761 1068 365 
1153 765 1070 368 
1159 768 1076 370 
1168 771 1081 372 
1173 777 1093 373 
1174 780 1101 373 
1181 780 1107 374 
1191 782 1114 375 
1198 783 1117 380 
1202 785 1120 381 
1205 790 1125 384 
1211 794 1131 387 
1218 802 1134 388 
1220 807 1140 390 
1224 812 1143 392 
1229 815 1150 394 
1236 817 1154 394 
1245 822 1156 396 
1247 826 1161 396 
1253 830 1167 396 
1257 832 1169 399 
1262 834 1174 402 
1272 838 1178 403 
1273 843 1187 407 
1282 846 1190 409 
1288 849 1196 411 
1293 852 1201 411 
1297 858 1203 412 
1306 862 1204 414 
1309 864 1206 414 
1318 865 1210 417 
1324 868 1216 419 
1330 870 1218 421 
1333 873 1226 423 
1334 874 1230 424 
1338 875 1234 427 
1345 877 1237 428 
1351 882 1242 429 
1353 885 1247 433 
1358 891 1256 433 
1363 893 1262 435 
1370 895 1265 435 
1371 899 1270 436 
1378 903 1275 438 
1384 905 1279 440 
1388 907 1281 443 
1394 915 1285 446 
1398 918 1288 446 
1407 919 1292 448 
1416 925 1295 449 
1424 929 1299 452 
1432 931 1305 453 
1437 935 1314 454 
1443 937 1316 455 
1448 942 1323 457 
1454 946 1330 457 
1458 953 1336 459 
1464 957 1339 461 
1469 958 1344 463 
1472 963 1350 463 
1475 967 1354 465 
1486 975 1364 471 
1493 979 1366 473 
1498 983 1372 473 
1503 987 1378 475 
1506 991 1384 475 
1507 993 1389 476 
1513 996 1394 477 
1514 999 1397 479 
1521 1004 1400 480 
1526 1007 1409 481 
1528 1013 1419 482 
1536 1021 1425 483 
1541 1027 1432 486 
1543 1028 1435 491 
1547 1030 1438 493 
1555 1034 1440 497 
1559 1039 1449 498 
1566 1045 1453 503 
1574 1045 1458 507 
1581 1047 1463 509 
1582 1052 1468 511 
1586 1055 1473 513 
1592 1056 1478 515 
1598 1059 1482 516 
1603 1061 1486 517 
1608 1065 1491 518 
1609 1070 1498 521 
1616 1073 1502 523 
1620 1075 1510 524 
1623 1080 1519 529 
1628 1083 1527 535 
1634 1089 1531 537 
1639 1092 1535 539 
1642 1096 1540 541 
1646 1101 1543 546 
1649 1103 1549 547 
1654 1108 1555 550 
1663 1113 1562 554 
1667 1117 1568 556 
1674 1121 1571 557 
1677 1127 1575 558 
1681 1131 1580 559 
1683 1135 1584 560 
1688 1140 1585 562 
1694 1146 1589 563 
1700 1149 1594 565 
1703 1150 1598 566 
1704 1153 1608 566 
1706 1155 1610 568 
1712 1155 1613 568 
1718 1160 1618 569 
1721 1162 1622 571 
1727 1168 1625 571 
1733 1172 1632 572 
1737 1174 1637 573 
1741 1179 1641 576 
1745 1184 1647 577 
1747 1188 1652 578 
1754 1193 1655 580 
1760 1193 1665 581 
1765 1195 1670 584 
1779 1199 1678 585 
1784 1202 1681 588 
1789 1204 1686 590 
1796 1207 1693 591 
1798 1210 1698 592 
1804 1211 1701 594 
1809 1211 1707 597 
1813 1215 1714 599 
1816 1221 1720 599 
1825 1226 1724 603 
1833 1228 1730 604 
1841 1233 1733 607 
1847 1233 1739 610 
1855 1238 1744 612 
1863 1241 1748 612 
1867 1246 1752 616 
1877 1251 1755 617 
1881 1257 1760 619 
1885 1263 1762 619 
1893 1266 1766 621 
1900 1269 1774 621 
1904 1274 1781 621 
1911 1275 1788 622 
1916 1280 1789 625 
1922 1285 1797 625 
1923 1287 1805 625 
1927 1289 1811 625 
1931 1292 1817 626 
1938 1298 1817 628 
1945 1302 1823 629 
1953 1305 1828 631 
1953 1307 1838 633 
1960 1312 1842 633 
1964 1315 1849 635 
1968 1319 1858 637 
1975 1324 1863 638 
1980 1330 1872 639 
1987 1334 1876 640 
1993 1338 1880 643 
1998 1338 1882 645 
2005 1339 1890 646 
2010 1344 1899 647 
2022 1352 1909 650 
2026 1354 1914 652 
2031 1358 1922 656 
2039 1361 1929 659 
2048 1366 1933 660 
2053 1370 1937 662 
2057 1373 1945 664 
2059 1375 1951 665 
2065 1379 1956 670 
2067 1383 1961 673 
2071 1384 1965 673 
2075 1389 1971 675 
2078 1395 1980 676 
2080 1397 1984 677 
2087 1402 1990 679 
2092 1411 1998 680 
2098 1414 2003 682 
2103 1420 2006 684 
2108 1423 2013 685 
2117 1427 2017 687 
2123 1428 2022 689 
2124 1430 2023 689 
2132 1433 2031 692 
2136 1439 2035 692 
2141 1440 2038 695 
2148 1444 2043 699 
2150 1449 2048 703 
2155 1451 2055 705 
2161 1456 2063 707 
2164 1459 2065 710 
2171 1463 2073 710 
2173 1470 2083 712 
2179 1471 2089 713 
2182 1474 2096 715 
2189 1476 2099 717 
2196 1481 2102 717 
2202 1486 2110 719 
2210 1487 2114 720 
2216 1490 2120 723 
2220 1494 2125 726 
2223 1497 2131 726 
2230 1500 2136 728 
2243 1503 2140 728 
2247 1505 2149 732 
2251 1514 2156 735 
2258 1519 2162 736 
2266 1521 2170 737 
2272 1526 2173 738 
2277 1530 2178 739 
2282 1534 2179 744 
2289 1539 2185 744 
2294 1542 2189 744 
2302 1551 2196 745 
2310 1558 2202 745 
2315 1563 2213 746 
2327 1564 2221 747 
2337 1566 2225 750 
2345 1567 2230 752 
2353 1571 2232 755 
2358 1574 2234 755 
2360 1577 2236 757 
2363 1580 2238 758 
2367 1583 2242 760 
2371 1585 2245 761 
2375 1590 2248 763 
2379 1593 2252 766 
2386 1598 2257 767 
2391 1604 2260 767 
2399 1606 2262 770 
2405 1607 2268 771 
2415 1609 2269 772 
2424 1613 2272 774 
2428 1615 2275 775 
2432 1618 2285 776 
2437 1624 2291 777 
2443 1624 2294 779 
2448 1629 2300 783 
2457 1631 2306 786 
2461 1633 2307 790 
2464 1638 2311 792 
2474 1640 2313 794 
2483 1643 2317 798 
2489 1646 2322 798 
2495 1650 2324 802 
2500 1655 2328 802 
2505 1660 2335 804 
2514 1666 2339 804 
2521 1669 2348 805 
2524 1676 2354 805 
2530 1680 2359 807 
2535 1686 2363 807 
2543 1691 2367 809 
2549 1695 2374 813 
2552 1698 2380 815 
2558 1704 2385 815 
2564 1709 2391 819 
2565 1716 2396 824 
2571 1722 2397 824 
2576 1728 2402 824 
2581 1732 2407 828 
2589 1733 2418 829 
2590 1736 2424 829 
2593 1741 2432 830 
2596 1747 2434 831 
2599 1752 2440 832 
2603 1754 2447 833 
2604 1759 2451 836 
2609 1763 2456 838 
2613 1766 2458 840 
2615 1771 2461 842 
2625 1774 2468 844 
2631 1780 2469 844 
2633 1785 2482 847 
2642 1791 2492 849 
2647 1802 2494 852 
2655 1803 2497 853 
2659 1807 2500 856 
2668 1808 2505 856 
2672 1810 2507 857 
2679 1812 2515 860 
2683 1816 2518 862 
2690 1818 2519 865 
2697 1821 2524 867 
2701 1827 2534 869 
2705 1829 2537 871 
2709 1836 2544 873 
2712 1840 2549 875 
2717 1847 2554 878 
2721 1854 2559 879 
2724 1856 2563 882 
2729 1861 2568 885 
2739 1867 2573 887 
2740 1870 2584 891 
2745 1872 2586 893 
2750 1879 2591 898 
2758 1881 2593 901 
2765 1887 2601 905 
2775 1892 2606 908 
2780 1896 2614 911 
2786 1899 2619 912 
2794 1903 2624 915 
2798 1906 2632 916 
2802 1912 2636 920 
2810 1917 2638 923 
2814 1922 2640 926 
2817 1922 2643 928 
2820 1926 2647 931 
2825 1930 2653 934 
2829 1937 2657 937 
2834 1944 2659 939 
2838 1948 2667 940 
2839 1953 2672 946 
2844 1957 2676 950 
2848 1961 2685 951 
2853 1966 2689 952 
2858 1975 2699 954 
2862 1982 2699 955 
2866 1986 2703 956 
2871 1990 2709 961 
2875 1991 2711 963 
2878 1992 2714 963 
2884 1996 2718 964 
2888 2000 2725 965 
2891 2004 2729 968 
2899 2005 2732 971 
2904 2010 2737 971 
2907 2011 2744 973 
2911 2013 2748 975 
2912 2015 2754 977 
2915 2017 2761 977 
2922 2023 2768 977 
2928 2024 2773 980 
2931 2032 2775 982 
2937 2036 2783 988 
2942 2040 2785 989 
2947 2044 2793 990 
2955 2048 2798 992 
2964 2052 2799 993 
2969 2056 2807 995 
2974 2061 2813 996 
2982 2065 2816 999 
2983 2070 2820 1003 
2990 2071 2822 1004 
2994 2072 2826 1006 
2998 2075 2830 1008 
3005 2076 2838 1012 
3008 2083 2843 1013 
3011 2086 2850 1015 
3013 2089 2855 1020 
3019 2091 2857 1022 
3026 2092 2863 1023 
3031 2094 2867 1025 
3037 2100 2878 1027 
3042 2104 2885 1028 
3051 2111 2887 1030 
3057 2112 2890 1034 
3060 2117 2894 1035 
3063 2123 2899 1038 
3068 2126 2904 1039 
3075 2131 2909 1040 
3081 2132 2912 1041 
3086 2132 2919 1045 
3091 2135 2921 1047 
3097 2140 2925 1049 
3103 2142 2933 1051 
3109 2146 2939 1051 
3115 2148 2945 1052 
3120 2153 2952 1053 
3122 2159 2955 1053 
3128 2164 2958 1057 
3135 2169 2964 1061 
3136 2172 2968 1064 
3142 2178 2972 1065 
3146 2180 2976 1067 
3154 2187 2979 1068 
3161 2191 2985 1072 
3168 2195 2994 1072 
3174 2198 2998 1074 
3178 2202 3002 1076 
3181 2204 3008 1080 
3192 2209 3013 1087 
3195 2214 3018 1089 
3199 2217 3025 1094 
3201 2222 3032 1094 
3205 2229 3039 1095 
3209 2232 3047 1096 
3222 2239 3055 1098 
3226 2246 3062 1098 
3233 2253 3067 1098 
3240 2258 3074 1100 
3248 2265 3081 1101 
3248 2269 3085 1101 
3255 2277 3088 1103 
3257 2280 3091 1104 
3259 2284 3096 1108 
3266 2284 3098 1111 
3270 2287 3103 1116 
3273 2293 3106 1116 
3281 2299 3113 1116 
3288 2302 3117 1121 
3290 2307 3118 1123 
3296 2311 3121 1124 
3300 2314 3125 1125 
3307 2316 3133 1126 
3311 2318 3137 1131 
3314 2321 3140 1135 
3320 2322 3145 1136 
3322 2325 3149 1137 
3323 2331 3156 1137 
3331 2336 3163 1138 
3339 2342 3166 1138 
3343 2347 3169 1139 
3348 2350 3174 1140 
3350 2353 3180 1140 
3356 2356 3181 1144 
3362 2357 3187 1149 
3366 2358 3193 1151 
3372 2362 3202 1151 
3382 2365 3210 1153 
3385 2368 3223 1153 
3390 2369 3226 1154 
3397 2373 3235 1155 
3402 2379 3240 1159 
3407 2385 3244 1161 
3413 2389 3252 1162 
3415 2394 3259 1164 
3421 2396 3269 1166 
3428 2399 3273 1168 
3431 2403 3273 1169 
3438 2408 3281 1169 
3440 2411 3285 1169 
3442 2412 3290 1172 
3448 2415 3295 1174 
3449 2419 3298 1175 
3453 2424 3304 1178 
3459 2426 3310 1179 
3464 2432 3316 1180 
3467 2442 3320 1184 
3474 2446 3325 1186 
3481 2451 3331 1188 
3486 2456 3334 1190 
3493 2462 3340 1192 
3499 2468 3343 1193 
3501 2473 3347 1194 
3510 2479 3354 1194 
3515 2482 3357 1195 
3521 2486 3360 1198 
3525 2490 3363 1200 
3529 2497 3367 1202 
3538 2500 3371 1205 
3545 2505 3376 1209 
3552 2508 3382 1212 
3560 2512 3386 1213 
3562 2515 3389 1217 
3574 2519 3393 1218 
3580 2523 3400 1220 
3584 2532 3401 1221 
3591 2535 3408 1222 
3599 2540 3412 1222 
3601 2542 3421 1222 
3603 2547 3429 1222 
3607 2552 3430 1223 
3612 2552 3435 1224 
3617 2555 3438 1224 
3624 2556 3444 1226 
3627 2560 3449 1229 
3629 2562 3454 1232 
3635 2566 3460 1233 
3643 2571 3462 1235 
3646 2577 3469 1236 
3650 2580 3471 1241 
3657 2581 3473 1245 
3658 2589 3480 1247 
3660 2596 3488 1249 
3667 2599 3491 1252 
3668 2603 3495 1252 
3669 2607 3498 1253 
3678 2609 3505 1255 
3685 2614 3509 1255 
3692 2619 3512 1256 
3694 2621 3521 1256 
3698 2628 3526 1261 
3701 2629 3530 1264 
3708 2634 3535 1267 
3712 2641 3540 1269 
3719 2646 3545 1269 
3726 2650 3551 1272 
3731 2655 3555 1275 
3735 2663 3559 1277 
3742 2667 3567 1277 
3747 2672 3572 1280 
3754 2677 3580 1280 
3761 2682 3584 1284 
3768 2685 3585 1286 
3772 2687 3587 1288 
3780 2691 3589 1290 
3784 2694 3599 1293 
3788 2697 3602 1294 
3792 2701 3607 1296 
3797 2704 3610 1298 
3799 2710 3615 1298 
3807 2716 3621 1299 
3817 2723 3625 1300 
3823 2729 3632 1301 
3830 2733 3638 1301 
3838 2736 3643 1302 
3846 2739 3648 1303 
3849 2744 3652 1303 
3860 2747 3658 1306 
3871 2751 3659 1309 
3874 2751 3661 1313 
3878 2755 3669 1315 
3882 2758 3672 1318 
3886 2759 3678 1320 
3891 2764 3687 1320 
3898 2769 3691 1323 
3903 2773 3696 1325 
3909 2779 3700 1326 
3913 2780 3706 1327 
3916 2781 3713 1328 
3923 2785 3719 1328 
3928 2791 3728 1330 
3930 2795 3733 1334 
3938 2798 3740 1336 
3943 2803 3745 1338 
3950 2809 3754 1341 
3954 2809 3764 1342 
3957 2813 3771 1344 
3961 2817 3777 1345 
3964 2822 3782 1348 
3973 2827 3788 1349 
3978 2837 3795 1350 
3983 2841 3803 1352 
3986 2842 3804 1354 
3998 2845 3806 1355 
4003 2848 3812 1355 
4007 2850 3817 1358 
4008 2854 3824 1361 
4012 2860 3828 1361 
4023 2862 3832 1362 
4028 2863 3838 1365 
4037 2866 3842 1367 
4040 2867 3847 1369 
4048 2872 3849 1369 
4052 2877 3856 1370 
4057 2885 3862 1372 
4065 2886 3867 1374 
4067 2894 3873 1375 
4070 2895 3880 1375 
4072 2904 3884 1379 
4077 2908 3891 1382 
4082 2909 3898 1383 
4087 2910 3902 1384 
4091 2914 3908 1385 
4093 2918 3914 1388 
4100 2925 3915 1388 
4107 2931 3918 1393 
4113 2934 3924 1394 
4120 2939 3930 1400 
4125 2944 3934 1405 
4128 2950 3942 1408 
4135 2955 3947 1409 
4142 2960 3948 1412 
4149 2967 3954 1416 
4152 2970 3959 1418 
4157 2971 3968 1419 
4161 2973 3972 1421 
4165 2975 3978 1421 
4170 2977 3982 1421 
4174 2981 3990 1425 
4176 2987 3992 1425 
4180 2990 3997 1427 
4186 2994 4003 1431 
4189 2999 4009 1433 
4197 3001 4018 1433 
4204 3005 4025 1434 
4206 3009 4032 1436 
4209 3011 4040 1438 
4213 3013 4043 1439 
4216 3020 4049 1442 
4219 3024 4054 1444 
4222 3030 4062 1446 
4227 3033 4068 1449 
4231 3034 4079 1452 
4236 3040 4083 1453 
4241 3044 4088 1455 
4246 3045 4090 1462 
4255 3051 4093 1462 
4260 3054 4097 1463 
4268 3056 4104 1464 
4273 3056 4108 1467 
4278 3057 4116 1469 
4280 3062 4124 1470 
4288 3065 4129 1471 
4293 3067 4133 1471 
4297 3069 4138 1471 
4303 3073 4147 1474 
4309 3077 4154 1475 
4313 3078 4159 1477 
4316 3087 4163 1479 
4319 3088 4168 1480 
4327 3092 4173 1483 
4333 3096 4176 1483 
4339 3097 4177 1485 
4343 3099 4186 1486 
4346 3105 4190 1486 
4352 3107 4199 1491 
4356 3113 4205 1496 
4356 3118 4209 1498 
4365 3123 4211 1499 
4369 3125 4216 1499 
4377 3129 4217 1501 
4384 3134 4223 1502 
4391 3138 4225 1505 
4397 3140 4229 1505 
4400 3146 4238 1508 
4410 3150 4240 1513 
4416 3155 4242 1514 
4424 3157 4251 1514 
4427 3158 4254 1517 
4428 3163 4262 1518 
4435 3165 4268 1520 
4440 3168 4272 1525 
4448 3171 4276 1527 
4458 3176 4279 1530 
4465 3178 4282 1532 
4468 3180 4286 1535 
4479 3185 4291 1535 
4483 3191 4296 1538 
4488 3194 4300 1540 
4495 3204 4309 1541 
4499 3206 4315 1544 
4501 3211 4319 1546 
4506 3218 4322 1547 
4513 3219 4328 1550 
4518 3220 4337 1551 
4523 3221 4340 1553 
4528 3225 4347 1554 
4530 3227 4354 1556 
4540 3229 4361 1558 
4544 3233 4365 1559 
4546 3236 4368 1563 
4555 3241 4372 1563 
4566 3244 4376 1566 
4571 3246 4380 1568 
4579 3253 4386 1568 
4587 3257 4392 1569 
4592 3267 4397 1569 
4597 3270 4400 1572 
4602 3274 4407 1574 
4606 3280 4413 1576 
4610 3284 4418 1579 
4616 3290 4423 1582 
4627 3295 4428 1584 
4630 3297 4431 1586 
4637 3301 4435 1587 
4640 3303 4438 1589 
4643 3307 4444 1590 
4648 3312 4448 1593 
4657 3313 4454 1594 
4661 3316 4460 1597 
4666 3321 4465 1602 
4676 3329 4472 1602 
4681 3333 4475 1602 
4686 3337 4480 1602 
4691 3340 4483 1604 
4696 3344 4489 1605 
4702 3348 4495 1605 
4710 3353 4502 1606 
4719 3360 4510 1609 
4721 3363 4515 1610 
4723 3368 4519 1612 
4732 3371 4524 1614 
4739 3379 4526 1615 
4743 3383 4530 1618 
4745 3388 4533 1618 
4749 3394 4536 1619 
4754 3398 4541 1621 
4755 3402 4547 1621 
4760 3405 4553 1623 
4763 3408 4558 1625 
4766 3414 4565 1627 
4774 3417 4570 1629 
4780 3421 4575 1631 
4786 3426 4578 1634 
4794 3430 4579 1637 
4799 3433 4581 1640 
4803 3436 4586 1641 
4809 3440 4590 1646 
4810 3444 4591 1647 
4813 3449 4595 1649 
4816 3453 4601 1653 
4822 3462 4609 1656 
4827 3465 4613 1658 
4830 3469 4620 1660 
4834 3473 4624 1660 
4843 3477 4628 1661 
4848 3478 4635 1665 
4854 3481 4639 1666 
4858 3482 4644 1669 
4862 3484 4651 1670 
4864 3486 4658 1674 
4872 3489 4665 1678 
4881 3492 4670 1679 
4889 3499 4671 1679 
4899 3503 4681 1680 
4907 3504 4688 1682 
4917 3506 4697 1682 
4923 3512 4701 1685 
4928 3519 4705 1689 
4930 3525 4711 1689 
4934 3531 4718 1691 
4939 3534 4722 1693 
4945 3541 4729 1695 
4952 3545 4734 1697 
4958 3545 4741 1700 
4961 3549 4744 1701 
4967 3550 4750 1701 
4971 3553 4753 1705 
4977 3557 4760 1706 
4987 3561 4765 1706 
4992 3562 4776 1708 
4999 3566 4784 1709 
5009 3568 4792 1709 
5013 3572 4799 1713 
5019 3576 4804 1713 
5021 3578 4810 1713 
5029 3582 4816 1714 
5033 3584 4826 1714 
5037 3585 4829 1715 
5041 3586 4833 1716 
5046 3594 4838 1718 
5055 3597 4843 1719 
5062 3603 4847 1723 
5068 3607 4855 1723 
5072 3609 4863 1723 
5077 3615 4865 1726 
5082 3619 4866 1732 
5086 3622 4872 1734 
5092 3626 4876 1735 
5098 3628 4878 1737 
5105 3630 4884 1737 
5109 3633 4893 1740 
5112 3637 4899 1740 
5116 3639 4902 1741 
5120 3644 4911 1741 
5128 3647 4914 1741 
5133 3651 4916 1743 
5142 3653 4925 1743 
5147 3659 4932 1746 
5150 3663 4939 1747 
5156 3668 4945 1747 
5164 3675 4951 1748 
5168 3678 4959 1752 
5173 3683 4966 1752 
5176 3685 4969 1755 
5180 3688 4977 1758 
5189 3691 4985 1761 
5194 3694 4986 1763 
5198 3695 4990 1764 
5208 3698 4998 1766 
5216 3704 5010 1768 
5218 3711 5019 1772 
5223 3714 5020 1772 
5232 3720 5024 1773 
5240 3722 5032 1773 
5244 3725 5041 1774 
5248 3727 5047 1775 
5255 3730 5055 1777 
5258 3736 5061 1778 
5261 3742 5063 1779 
5268 3749 5067 1780 
5275 3751 5070 1782 
5278 3758 5075 1785 
5280 3764 5084 1786 
5286 3769 5088 1788 
5292 3770 5090 1789 
5297 3771 5100 1791 
5299 3774 5102 1795 
5305 3777 5104 1797 
5312 3786 5113 1797 
5317 3790 5119 1797 
5323 3792 5127 1799 
5325 3798 5132 1802 
5329 3799 5142 1804 
5334 3802 5147 1807 
5339 3806 5156 1810 
5339 3809 5161 1811 
5345 3815 5166 1814 
5349 3822 5172 1817 
5353 3827 5176 1819 
5357 3831 5179 1821 
5365 3837 5185 1822 
5373 3838 5191 1823 
5381 3841 5200 1824 
5387 3844 5204 1827 
5391 3851 5206 1828 
5398 3855 5211 1831 
5408 3861 5214 1833 
5411 3867 5219 1835 
5414 3872 5223 1837 
5416 3877 5226 1838 
5427 3880 5230 1839 
5436 3885 5235 1841 
5443 3886 5243 1843 
5445 3891 5247 1846 
5453 3892 5254 1847 
5462 3895 5260 1849 
5469 3899 5265 1850 
5473 3901 5270 1851 
5476 3905 5277 1852 
5477 3906 5281 1853 
5480 3914 5285 1853 
5485 3916 5291 1856 
5490 3925 5297 1862 
5497 3928 5301 1863 
5500 3933 5305 1866 
5504 3941 5311 1868 
5510 3948 5317 1872 
5515 3951 5325 1878 
5524 3954 5335 1878 
5526 3958 5338 1880 
5532 3964 5342 1881 
5535 3968 5344 1882 
5542 3973 5353 1883 
5549 3976 5362 1885 
5556 3985 5372 1885 
5561 3987 5379 1887 
5565 3990 5388 1889 
5570 3993 5392 1893 
5575 3995 5397 1895 
5583 3999 5406 1896 
5587 4003 5415 1897 
5594 4008 5419 1899 
5601 4011 5423 1903 
5605 4012 5427 1907 
5611 4012 5431 1908 
5615 4014 5433 1910 
5619 4019 5439 1912 
5622 4023 5446 1913 
5628 4025 5452 1915 
5634 4028 5456 1917 
5637 4035 5462 1918 
5640 4038 5469 1919 
5643 4043 5472 1920 
5647 4045 5481 1923 
5652 4052 5484 1925 
5657 4056 5488 1926 
5663 4061 5496 1927 
5668 4066 5505 1927 
5670 4073 5507 1928 
5676 4076 5512 1932 
5687 4084 5520 1934 
5690 4087 5525 1938 
5699 4092 5530 1941 
5702 4097 5537 1944 
5705 4099 5540 1947 
5713 4106 5544 1954 
5722 4112 5547 1955 
5728 4118 5555 1956 
5731 4123 5556 1957 
5736 4128 5566 1961 
5741 4136 5571 1965 
5747 4141 5577 1965 
5751 4146 5585 1966 
5760 4148 5589 1966 
5762 4150 5594 1967 
5767 4155 5597 1970 
5770 4159 5602 1970 
5775 4165 5608 1972 
5776 4171 5614 1973 
5781 4176 5616 1976 
5784 4184 5621 1978 
5788 4189 5627 1979 
5795 4193 5630 1982 
5801 4195 5633 1983 
5807 4198 5641 1985 
5812 4200 5644 1985 
5815 4203 5655 1985 
5823 4205 5659 1987 
5832 4212 5662 1989 
5838 4219 5663 1991 
5841 4222 5668 1992 
5849 4227 5672 1993 
5851 4231 5675 1993 
5854 4235 5678 1994 
5859 4237 5683 1996 
5866 4240 5686 1997 
5874 4241 5689 2001 
5879 4242 5696 2002 
5888 4247 5699 2003 
5895 4250 5701 2005 
5901 4255 5707 2006 
5906 4266 5712 2007 
5912 4270 5714 2008 
5918 4277 5725 2010 
5923 4280 5732 2011 
5927 4286 5736 2011 
5934 4291 5744 2013 
5942 4297 5749 2013 
5949 4302 5758 2013 
5958 4304 5762 2015 
5962 4306 5766 2017 
5968 4308 5770 2021 
5974 4311 5775 2023 
5981 4316 5778 2023 
5986 4318 5787 2026 
5987 4320 5791 2026 
5990 4324 5793 2028 
5995 4326 5798 2031 
5999 4330 5805 2031 
6005 4336 5809 2034 
6008 4340 5813 2038 
6012 4344 5819 2039 
6019 4347 5827 2042 
6029 4354 5832 2045 
6041 4358 5838 2046 
6044 4359 5849 2046 
6048 4361 5855 2046 
6057 4365 5863 2047 
6060 4370 5870 2051 
6061 4372 5877 2051 
6064 4375 5882 2053 
6069 4378 5884 2055 
6072 4379 5887 2056 
6078 4384 5889 2057 
6084 4390 5898 2058 
6088 4400 5906 2061 
6096 4402 5912 2062 
6101 4405 5919 2062 
6105 4410 5923 2062 
6110 4413 5929 2064 
6112 4418 5932 2068 
6118 4423 5935 2070 
6125 4426 5945 2075 
6132 4430 5952 2077 
6137 4434 5956 2077 
6140 4437 5963 2077 
6144 4443 5966 2077 
6149 4447 5972 2081 
6153 4449 5978 2084 
6158 4452 5984 2084 
6166 4455 5991 2087 
6169 4460 5994 2090 
6178 4465 5998 2093 
6181 4468 6007 2095 
6186 4474 6011 2096 
6193 4479 6016 2098 
6200 4485 6020 2099 
6203 4490 6026 2101 
6208 4493 6031 2101 
6213 4496 6035 2102 
6218 4501 6043 2107 
6220 4506 6048 2108 
6225 4509 6051 2108 
6229 4511 6057 2109 
6232 4513 6062 2111 
6239 4521 6067 2116 
6246 4527 6074 2119 
6252 4534 6083 2120 
6254 4542 6088 2120 
6259 4543 6092 2122 
6268 4547 6101 2123 
6276 4551 6108 2125 
6278 4556 6112 2130 
6283 4559 6115 2133 
6290 4563 6119 2135 
6295 4565 6128 2137 
6301 4570 6138 2139 
6304 4575 6141 2142 
6307 4579 6146 2144 
6312 4585 6151 2148 
6317 4589 6157 2152 
6326 4596 6166 2155 
6327 4599 6170 2157 
6333 4603 6176 2159 
6335 4608 6183 2161 
6338 4612 6190 2164 
6342 4615 6194 2166 
6348 4617 6207 2167 
6354 4617 6215 2168 
6361 4622 6217 2169 
6369 4626 6220 2170 
6376 4631 6223 2173 
6384 4635 6232 2177 
6392 4638 6242 2179 
6397 4643 6247 2182 
6407 4649 6252 2183 
6409 4651 6256 2186 
6416 4651 6263 2186 
6420 4656 6267 2189 
6422 4661 6272 2191 
6425 4666 6278 2195 
6432 4673 6281 2197 
6435 4675 6285 2197 
6442 4679 6290 2199 
6446 4693 6293 2202 
6449 4695 6297 2205 
6451 4699 6308 2208 
6460 4705 6310 2210 
6463 4711 6313 2213 
6467 4715 6319 2215 
6475 4717 6325 2216 
6482 4719 6334 2220 
6488 4721 6340 2222 
6494 4723 6341 2224 
6500 4728 6348 2229 
6504 4729 6351 2233 
6509 4731 6357 2234 
6515 4735 6358 2236 
6521 4736 6367 2238 
6529 4739 6373 2242 
6532 4745 6382 2243 
6535 4750 6388 2245 
6540 4752 6392 2248 
6543 4754 6399 2250 
6549 4757 6407 2252 
6553 4762 6412 2255 
6559 4765 6416 2257 
6563 4769 6419 2258 
6569 4772 6425 2260 
6574 4777 6428 2265 
6574 4781 6433 2267 
6578 4786 6440 2267 
6584 4792 6446 2269 
6591 4794 6453 2269 
6598 4797 6459 2271 
6603 4803 6464 2272 
6609 4808 6471 2275 
6616 4817 6477 2278 
6621 4822 6481 2279 
6627 4828 6487 2281 
6633 4828 6493 2284 
6637 4831 6500 2287 
6640 4834 6505 2288 
6640 4839 6508 2288 
6645 4841 6516 2292 
6652 4842 6522 2296 
6662 4847 6529 2298 
6671 4851 6535 2299 
6679 4856 6537 2303 
6687 4861 6546 2305 
6693 4865 6548 2307 
6700 4865 6555 2309 
6703 4874 6564 2312 
6704 4877 6572 2313 
6708 4882 6580 2314 
6716 4887 6586 2314 
6716 4891 6591 2316 
6721 4897 6598 2319 
6725 4903 6603 2324 
6731 4908 6607 2325 
6738 4911 6614 2327 
6743 4914 6621 2329 
6744 4916 6629 2331 
6752 4917 6636 2332 
6756 4920 6640 2334 
6759 4925 6647 2335 
6766 4929 6652 2337 
6768 4933 6659 2339 
6774 4936 6665 2342 
6777 4943 6667 2346 
6780 4946 6675 2348 
6781 4951 6679 2351 
6792 4955 6683 2352 
6802 4958 6692 2353 
6804 4963 6698 2356 
6807 4964 6702 2356 
6814 4971 6706 2358 
6817 4974 6713 2359 
6824 4978 6715 2362 
6831 4982 6719 2363 
6835 4986 6723 2364 
6835 4989 6724 2367 
6847 4993 6727 2369 
6852 4997 6737 2369 
6857 4999 6747 2370 
6862 5002 6751 2371 
6869 5004 6756 2375 
6879 5008 6761 2376 
6881 5012 6764 2379 
6888 5013 6769 2382 
6893 5013 6774 2384 
6899 5017 6778 2386 
6905 5018 6785 2389 
6907 5021 6790 2390 
6912 5025 6794 2391 
6921 5031 6796 2393 
6926 5032 6803 2393 
6929 5035 6809 2396 
6933 5040 6819 2399 
6937 5046 6825 2402 
6943 5051 6829 2404 
6949 5056 6834 2407 
6954 5060 6844 2411 
6959 5064 6852 2413 
6961 5067 6854 2414 
6969 5075 6856 2415 
6973 5078 6861 2415 
6980 5081 6867 2416 
6986 5086 6873 2418 
6993 5090 6877 2419 
7005 5099 6883 2423 
7010 5102 6889 2424 
7014 5102 6899 2425 
7022 5105 6904 2427 
7023 5109 6908 2432 
7027 5116 6913 2433 
7033 5121 6916 2435 
7039 5125 6921 2436 
7044 5131 6927 2439 
7050 5134 6934 2440 
7061 5136 6939 2443 
7067 5137 6946 2447 
7070 5141 6954 2449 
7075 5142 6962 2451 
7081 5145 6978 2456 
7086 5151 6984 2456 
7089 5158 6989 2459 
7091 5162 6994 2460 
7094 5167 6998 2461 
7096 5170 7005 2464 
7100 5172 7014 2465 
7105 5175 7021 2467 
7111 5179 7027 2468 
7118 5184 7029 2471 
7124 5190 7032 2472 
7124 5193 7038 2474 
7129 5195 7046 2475 
7135 5200 7055 2476 
7138 5202 7057 2476 
7141 5206 7063 2478 
7148 5209 7066 2479 
7155 5213 7070 2481 
7165 5217 7075 2481 
7171 5224 7079 2481 
7176 5230 7080 2482 
7177 5234 7087 2482 
7184 5237 7096 2486 
7187 5238 7099 2492 
7196 5239 7103 2495 
7207 5241 7110 2499 
7213 5245 7118 2501 
7221 5248 7122 2502 
7227 5252 7128 2503 
7233 5259 7130 2507 
7236 5265 7134 2508 
7237 5269 7140 2512 
7241 5272 7146 2513 
7243 5274 7155 2514 
7246 5276 7163 2517 
7252 5280 7171 2520 
7258 5282 7182 2521 
7262 5291 7187 2524 
7268 5292 7188 2525 
7276 5297 7196 2526 
7279 5299 7200 2529 
7282 5302 7212 2532 
7287 5306 7218 2533 
7293 5313 7224 2533 
7303 5316 7231 2535 
7309 5321 7234 2536 
7312 5323 7241 2538 
7317 5329 7245 2543 
7324 5333 7253 2544 
7327 5333 7259 2545 
7332 5336 7269 2547 
7341 5340 7277 2549 
7345 5342 7284 2552 
7350 5346 7285 2555 
7353 5348 7289 2556 
7358 5354 7296 2556 
7361 5356 7298 2558 
7363 5358 7305 2562 
7369 5362 7307 2567 
7377 5367 7313 2568 
7384 5369 7314 2571 
7390 5375 7320 2572 
7399 5377 7325 2572 
7403 5382 7329 2576 
7413 5385 7333 2576 
7414 5387 7340 2577 
7425 5390 7349 2578 
7429 5392 7360 2583 
7435 5400 7363 2585 
7441 5409 7366 2586 
7447 5411 7372 2589 
7454 5415 7379 2590 
7459 5419 7382 2592 
7464 5421 7386 2595 
7465 5423 7388 2596 
7475 5430 7395 2598 
7479 5433 7403 2602 
7480 5439 7407 2604 
7484 5445 7412 2605 
7489 5445 7420 2607 
7491 5452 7424 2612 
7495 5457 7432 2618 
7504 5462 7438 2618 
7508 5464 7446 2620 
7512 5471 7447 2623 
7519 5478 7452 2624 
7522 5481 7456 2628 
7527 5483 7462 2631 
7536 5489 7466 2634 
7539 5491 7470 2637 
7546 5493 7476 2639 
7553 5495 7478 2642 
7558 5499 7485 2642 
7564 5502 7490 2644 
7570 5509 7493 2646 
7577 5518 7497 2647 
7582 5522 7500 2649 
7590 5526 7503 2652 
7595 5531 7506 2652 
7601 5534 7515 2653 
7606 5537 7517 2654 
7613 5542 7519 2656 
7619 5548 7523 2660 
7622 5554 7527 2661 
7627 5557 7532 2663 
7633 5559 7539 2666 
7641 5566 7544 2668 
7645 5567 7552 2671 
7652 5571 7559 2673 
7656 5575 7562 2674 
7663 5584 7567 2674 
7668 5590 7572 2675 
7673 5591 7579 2679 
7681 5596 7587 2681 
7689 5602 7594 2681 
7695 5605 7597 2683 
7697 5610 7600 2688 
7703 5614 7605 2690 
7708 5614 7608 2691 
7714 5616 7613 2693 
7723 5619 7621 2696 
7728 5625 7627 2699 
7730 5631 7636 2700 
7735 5638 7643 2702 
7745 5641 7646 2703 
7752 5650 7655 2705 
7754 5650 7660 2709 
7759 5657 7663 2709 
7765 5658 7666 2711 
7772 5661 7670 2714 
7782 5667 7673 2714 
7787 5670 7680 2720 
7795 5674 7683 2723 
7801 5680 7692 2726 
7807 5683 7700 2732 
7808 5687 7709 2733 
7816 5695 7714 2736 
7823 5702 7718 2739 
7832 5705 7726 2742 
7839 5708 7729 2743 
7844 5714 7737 2745 
7848 5719 7739 2746 
7855 5719 7741 2749 
7860 5720 7747 2750 
7864 5723 7752 2752 
7870 5726 7759 2754 
7879 5731 7759 2756 
7889 5736 7770 2758 
7894 5741 7776 2759 
7898 5745 7783 2762 
7902 5754 7790 2765 
7907 5757 7795 2767 
7913 5761 7796 2768 
7920 5763 7800 2771 
7923 5767 7801 2773 
7929 5773 7804 2776 
7933 5779 7811 2777 
7937 5787 7817 2778 
7941 5790 7824 2778 
7946 5792 7829 2780 
7948 5793 7833 2782 
7953 5796 7837 2784 
7961 5798 7845 2790 
7966 5799 7849 2791 
7974 5803 7851 2793 
7975 5805 7854 2794 
7978 5808 7859 2795 
7983 5815 7868 2795 
7989 5819 7877 2798 
7995 5825 7885 2798 
8000 5830 7888 2801 
8011 5833 7893 2801 
8015 5834 7897 2803 
8022 5841 7904 2807 
8027 5846 7905 2810 
8032 5850 7914 2810 
8045 5857 7916 2814 
8053 5865 7919 2816 
8060 5870 7929 2818 
8066 5874 7936 2818 
8069 5880 7941 2819 
8073 5888 7947 2821 
8080 5891 7954 2823 
8085 5897 7959 2827 
8095 5899 7964 2830 
8099 5901 7969 2837 
8103 5904 7973 2837 
8110 5908 7976 2838 
8116 5911 7981 2839 
8121 5919 7988 2843 
8128 5921 7999 2846 
8137 5925 8004 2847 
8141 5927 8013 2847 
8148 5930 8022 2848 
8151 5936 8026 2849 
8155 5943 8031 2850 
8157 5947 8038 2852 
8164 5953 8042 2852 
8168 5956 8047 2854 
8169 5958 8051 2855 
8179 5961 8055 2858 
8184 5964 8060 2860 
8192 5968 8069 2861 
8196 5972 8072 2862 
8208 5976 8078 2865 
8213 5979 8089 2867 
8217 5983 8096 2867 
8223 5989 8103 2868 
8228 5991 8111 2870 
8231 5994 8120 2872 
8240 5997 8127 2873 
8244 6003 8130 2875 
8247 6007 8134 2877 
8249 6008 8139 2878 
8258 6014 8146 2879 
8260 6020 8150 2880 
8265 6025 8152 2881 
8267 6028 8161 2881 
8274 6032 8166 2884 
8278 6035 8172 2889 
8285 6037 8175 2892 
8289 6041 8178 2893 
8299 6047 8184 2896 
8303 6054 8190 2896 
8305 6056 8197 2899 
8311 6060 8204 2900 
8315 6063 8208 2902 
8320 6067 8211 2903 
8326 6071 8216 2908 
8330 6075 8221 2910 
8338 6080 8225 2913 
8344 6088 8228 2914 
8349 6092 8231 2916 
8354 6097 8237 2917 
8363 6098 8239 2918 
8366 6100 8244 2919 
8371 6102 8248 2921 
8378 6107 8252 2922 
8386 6112 8255 2924 
8390 6118 8261 2927 
8394 6121 8263 2928 
8399 6125 8271 2929 
8406 6125 8278 2929 
8417 6127 8287 2930 
8421 6131 8291 2932 
8422 6136 8296 2935 
8426 6143 8306 2936 
8430 6148 8311 2938 
8434 6152 8318 2940 
8441 6156 8323 2943 
8442 6161 8335 2945 
8449 6162 8341 2946 
8453 6166 8348 2950 
8459 6171 8356 2951 
8465 6174 8361 2952 
8470 6179 8364 2955 
8476 6186 8369 2959 
8482 6191 8375 2962 
8488 6194 8381 2966 
8493 6197 8389 2968 
8500 6198 8395 2968 
8502 6200 8399 2972 
8507 6207 8403 2976 
8512 6207 8410 2976 
8518 6211 8414 2979 
8530 6214 8416 2984 
8538 6224 8418 2985 
8543 6227 8427 2990 
8546 6232 8432 2990 
8551 6236 8437 2992 
8559 6238 8447 2994 
8565 6240 8454 2994 
8570 6245 8456 2996 
8574 6247 8459 3002 
8581 6250 8466 3002 
8585 6257 8475 3004 
8587 6260 8479 3006 
8596 6264 8483 3007 
8599 6269 8487 3010 
8606 6271 8493 3012 
8609 6276 8497 3014 
8617 6280 8504 3016 
8623 6288 8510 3016 
8627 6292 8518 3016 
8630 6293 8519 3019 
8640 6296 8522 3020 
8645 6300 8523 3020 
8649 6303 8527 3023 
8658 6308 8536 3023 
8664 6313 8542 3023 
8668 6318 8543 3023 
8674 6321 8548 3026 
8677 6323 8557 3028 
8680 6327 8561 3031 
8685 6331 8563 3034 
8692 6333 8573 3037 
8694 6336 8579 3039 
8698 6343 8581 3040 
8704 6346 8588 3041 
8711 6348 8589 3042 
8717 6351 8591 3043 
8724 6355 8595 3046 
8732 6359 8600 3049 
8736 6362 8603 3051 
8743 6368 8607 3052 
8750 6375 8610 3053 
8753 6384 8616 3056 
8758 6389 8621 3058 
8762 6392 8626 3059 
8771 6398 8631 3060 
8779 6407 8634 3062 
8784 6412 8640 3063 
8789 6415 8645 3063 
8793 6419 8646 3065 
8797 6425 8650 3068 
8803 6428 8660 3068 
8808 6433 8661 3069 
8814 6437 8664 3072 
8821 6441 8674 3072 
8824 6444 8675 3074 
8831 6455 8678 3076 
8837 6458 8686 3076 
8841 6465 8691 3076 
8844 6468 8695 3078 
8847 6470 8697 3081 
8853 6474 8708 3085 
8858 6475 8712 3088 
8862 6482 8715 3091 
8864 6487 8721 3092 
8869 6490 8728 3093 
8872 6494 8733 3094 
8877 6501 8738 3097 
8880 6504 8750 3099 
8886 6508 8753 3101 
8893 6512 8759 3102 
8900 6516 8766 3102 
8903 6519 8768 3102 
8908 6523 8773 3104 
8912 6527 8778 3104 
8918 6532 8780 3106 
8925 6534 8785 3107 
8930 6534 8787 3108 
8933 6536 8793 3110 
8937 6542 8801 3111 
8945 6546 8806 3114 
8950 6548 8816 3117 
8954 6551 8820 3121 
8955 6557 8824 3123 
8956 6559 8829 3125 
8960 6560 8834 3128 
8966 6569 8839 3131 
8974 6576 8845 3132 
8977 6577 8847 3132 
8980 6580 8851 3134 
8986 6583 8857 3136 
8992 6586 8865 3137 
8995 6590 8871 3139 
9003 6592 8879 3141 
9006 6601 8886 3143 
9011 6603 8892 3148 
9018 6611 8894 3150 
9025 6611 8897 3151 
9032 6612 8902 3151 
9037 6614 8905 3152 
9042 6620 8912 3153 
9045 6622 8919 3154 
9050 6623 8924 3155 
9055 6627 8928 3157 
9060 6632 8937 3162 
9067 6635 8943 3163 
9071 6639 8949 3166 
9075 6640 8953 3169 
9079 6643 8961 3171 
9086 6647 8965 3171 
9092 6652 8969 3174 
9096 6657 8973 3174 
9102 6664 8977 3174 
9107 6668 8979 3176 
9113 6670 8983 3179 
9117 6675 8988 3184 
9124 6679 8991 3185 
9129 6683 8993 3187 
9139 6687 8999 3189 
9147 6690 9008 3189 
9153 6693 9013 3190 
9158 6697 9019 3192 
9161 6698 9024 3199 
9168 6705 9027 3202 
9172 6708 9035 3206 
9178 6713 9039 3210 
9186 6718 9049 3211 
9189 6722 9057 3213 
9193 6722 9064 3217 
9200 6724 9071 3220 
9204 6731 9073 3221 
9212 6737 9077 3225 
9217 6744 9084 3227 
9219 6747 9090 3227 
9228 6752 9098 3229 
9234 6755 9102 3229 
9239 6758 9110 3230 
9246 6763 9121 3232 
9249 6771 9122 3233 
9257 6776 9128 3233 
9263 6781 9133 3235 
9267 6785 9139 3236 
9275 6788 9141 3240 
9278 6792 9147 3241 
9282 6798 9153 3243 
9287 6803 9161 3247 
9292 6805 9167 3248 
9301 6806 9173 3248 
9304 6807 9182 3249 
9309 6811 9187 3251 
9316 6819 9196 3252 
9322 6823 9203 3253 
9324 6828 9209 3256 
9330 6832 9217 3258 
9334 6834 9225 3260 
9338 6837 9232 3263 
9343 6841 9239 3264 
9348 6846 9241 3265 
9353 6850 9252 3267 
9359 6851 9264 3269 
9364 6854 9268 3270 
9366 6859 9275 3273 
9375 6865 9282 3274 
9379 6867 9288 3274 
9383 6872 9294 3274 
9390 6881 9296 3276 
9393 6881 9300 3277 
9401 6884 9300 3278 
9404 6890 9307 3280 
9407 6894 9310 3282 
9413 6900 9320 3283 
9418 6903 9329 3285 
9421 6910 9335 3288 
9422 6911 9338 3289 
9428 6915 9343 3290 
9434 6921 9349 3292 
9439 6923 9356 3293 
9446 6924 9360 3294 
9452 6927 9369 3297 
9462 6936 9373 3300 
9471 6940 9382 3300 
9475 6943 9385 3301 
9482 6948 9390 3306 
9488 6951 9397 3307 
9491 6954 9399 3313 
9493 6961 9399 3314 
9503 6966 9406 3314 
9508 6975 9412 3314 
9510 6977 9417 3318 
9518 6981 9422 3321 
9528 6987 9426 3322 
9531 6995 9431 3323 
9533 7002 9438 3325 
9536 7006 9444 3325 
9546 7011 9447 3328 
9550 7015 9455 3330 
9555 7023 9463 3331 
9560 7027 9466 3332 
9570 7035 9476 3334 
9580 7040 9482 3336 
9584 7043 9490 3338 
9587 7045 9493 3341 
9595 7049 9496 3342 
9599 7052 9503 3346 
9603 7058 9511 3347 
9605 7060 9514 3350 
9608 7065 9518 3352 
9612 7071 9525 3357 
9615 7076 9531 3359 
9626 7082 9536 3360 
9631 7086 9541 3360 
9633 7087 9551 3363 
9641 7089 9554 3364 
9651 7091 9559 3365 
9659 7095 9567 3366 
9672 7099 9574 3367 
9678 7100 9582 3368 
9684 7105 9591 3370 
9685 7108 9597 3371 
9691 7113 9602 3372 
9695 7118 9605 3372 
9700 7126 9616 3374 
9706 7130 9624 3376 
9713 7135 9632 3377 
9716 7136 9635 3379 
9720 7142 9641 3380 
9723 7146 9645 3385 
9730 7152 9652 3386 
9732 7153 9658 3387 
9734 7158 9661 3392 
9740 7163 9666 3396 
9745 7169 9674 3397 
9753 7172 9679 3399 
9759 7174 9685 3402 
9762 7177 9694 3402 
9767 7179 9699 3403 
9770 7184 9706 3404 
9773 7187 9712 3407 
9776 7190 9717 3409 
9785 7197 9725 3412 
9791 7200 9729 3413 
9797 7205 9729 3416 
9803 7207 9732 3417 
9809 7210 9736 3420 
9811 7212 9746 3421 
9816 7213 9750 3422 
9822 7221 9757 3424 
9827 7225 9761 3425 
9833 7226 9765 3429 
9835 7232 9773 3431 
9840 7237 9779 3433 
9844 7238 9783 3436 
9849 7242 9788 3439 
9853 7245 9795 3441 
9860 7249 9801 3441 
9865 7257 9810 3443 
9872 7262 9821 3445 
9872 7264 9827 3445 
9879 7270 9832 3446 
9884 7275 9837 3448 
9892 7279 9842 3452 
9896 7287 9848 3453 
9903 7291 9853 3455 
9910 7295 9855 3456 
9918 7298 9859 3458 
9922 7301 9867 3460 
9929 7301 9872 3463 
9935 7306 9876 3464 
9939 7310 9883 3465 
9944 7315 9887 3469 
9950 7320 9897 3470 
9954 7327 9900 3473 
9961 7334 9904 3475 
9966 7342 9909 3476 
9970 7347 9917 3483 
9977 7352 9925 3485 
9983 7359 9932 3486 
9987 7365 9939 3488 
9995 7374 9946 3489 
9997 7377 9950 3493 
10002 7382 9956 3495 
10008 7388 9958 3496 
10014 7395 9963 3499 
10016 7396 9970 3501 
10023 7402 9978 3502 
10030 7405 9984 3502 
10037 7411 9985 3504 
10044 7413 9991 3505 
10049 7422 9999 3507 
10052 7426 10003 3510 
10059 7434 10010 3512 
10064 7437 10014 3517 
10071 7443 10019 3518 
10074 7447 10026 3520 
10078 7454 10030 3520 
10088 7459 10034 3522 
10093 7464 10039 3522 
10099 7467 10044 3524 
10102 7469 10050 3528 
10107 7473 10053 3531 
10115 7478 10058 3533 
10125 7482 10061 3534 
10131 7490 10065 3535 
10136 7491 10071 3536 
10140 7494 10080 3538 
10147 7499 10092 3542 
10154 7502 10099 3542 
10167 7506 10111 3545 
10174 7511 10120 3547 
10176 7513 10126 3548 
10180 7518 10130 3550 
10180 7523 10136 3551 
10186 7524 10141 3554 
10191 7527 10146 3556 
10195 7532 10153 3557 
10206 7535 10158 3560 
10211 7537 10168 3562 
10218 7540 10174 3562 
10223 7544 10177 3563 
10227 7547 10184 3565 
10233 7551 10187 3568 
10241 7554 10191 3574 
10248 7558 10196 3577 
10257 7561 10201 3579 
10265 7565 10208 3583 
10269 7565 10211 3585 
10276 7571 10216 3589 
10289 7578 10221 3592 
10294 7581 10227 3594 
10302 7587 10233 3598 
10306 7588 10238 3600 
10309 7593 10248 3603 
10315 7593 10251 3605 
10320 7599 10259 3607 
10329 7603 10267 3607 
10332 7610 10271 3610 
10337 7611 10275 3614 
10342 7614 10283 3615 
10351 7615 10294 3617 
10353 7620 10300 3618 
10356 7625 10308 3618 
10362 7631 10314 3618 
10365 7634 10321 3619 
10376 7646 10326 3619 
10382 7653 10331 3621 
10385 7657 10336 3622 
10390 7664 10342 3623 
10397 7670 10345 3625 
10399 7676 10352 3626 
10401 7681 10357 3627 
10406 7687 10363 3628 
10412 7692 10371 3629 
10420 7700 10379 3632 
10422 7704 10381 3638 
10430 7710 10390 3641 
10438 7711 10394 3642 
10446 7711 10401 3643 
10451 7718 10404 3647 
10457 7723 10408 3648 
10463 7726 10410 3650 
10475 7733 10416 3652 
10478 7736 10426 3653 
10483 7738 10431 3654 
10488 7742 10436 3659 
10488 7747 10439 3659 
10496 7752 10447 3662 
10502 7758 10456 3665 
10504 7760 10465 3668 
10514 7767 10473 3670 
10517 7770 10476 3672 
10522 7775 10487 3676 
10527 7777 10497 3676 
10531 7781 10503 3676 
10542 7785 10510 3678 
10548 7789 10516 3681 
10555 7790 10518 3685 
10560 7792 10528 3686 
10568 7794 10532 3690 
10574 7800 10539 3692 
10579 7807 10548 3695 
10584 7812 10555 3697 
10587 7816 10563 3698 
10592 7818 10567 3704 
10598 7821 10574 3706 
10602 7828 10579 3709 
10605 7831 10582 3710 
10613 7835 10585 3711 
10615 7836 10591 3712 
10619 7837 10595 3714 
10624 7844 10599 3715 
10627 7850 10606 3719 
10634 7854 10611 3720 
10639 7855 10617 3722 
10642 7864 10619 3723 
10651 7872 10621 3723 
10655 7876 10630 3726 
10661 7877 10637 3728 
10666 7886 10643 3729 
10676 7892 10649 3730 
10683 7895 10657 3731 
10689 7898 10666 3733 
10694 7902 10671 3735 
10700 7906 10678 3738 
10704 7909 10684 3739 
10712 7912 10687 3742 
10720 7915 10688 3743 
10722 7918 10692 3745 
10727 7922 10699 3747 
10732 7927 10705 3749 
10739 7930 10709 3751 
10743 7935 10713 3753 
10749 7940 10719 3755 
10755 7946 10725 3755 
10761 7949 10730 3755 
10773 7952 10737 3758 
10775 7956 10740 3761 
10778 7960 10744 3763 
10780 7963 10747 3765 
10787 7967 10755 3768 
10788 7974 10759 3772 
10793 7980 10767 3773 
10795 7982 10770 3776 
10799 7985 10772 3776 
10805 7989 10776 3777 
10810 7996 10785 3779 
10816 8000 10788 3779 
10822 8002 10797 3779 
10826 8006 10803 3781 
10828 8008 10808 3783 
10833 8012 10817 3786 
10838 8018 10822 3788 
10854 8021 10830 3789 
10857 8025 10836 3793 
10865 8029 10839 3793 
10870 8036 10847 3793 
10878 8037 10851 3798 
10886 8042 10858 3798 
10891 8047 10862 3801 
10898 8050 10866 3801 
10901 8054 10871 3801 
10906 8056 10876 3802 
10911 8060 10882 3804 
10914 8064 10885 3805 
10919 8073 10891 3806 
10923 8077 10895 3807 
10929 8080 10902 3808 
10938 8082 10907 3812 
10942 8085 10915 3815 
10947 8089 10920 3818 
10952 8095 10927 3820 
10957 8098 10931 3822 
10960 8101 10937 3825 
10963 8104 10943 3825 
10970 8112 10950 3825 
10972 8114 10956 3826 
10976 8119 10957 3831 
10982 8123 10970 3834 
10987 8127 10972 3834 
10991 8129 10975 3836 
10995 8135 10977 3838 
11000 8139 10985 3842 
11006 8140 10991 3843 
11010 8143 10997 3845 
11017 8148 11004 3847 
11024 8152 11009 3855 
11027 8157 11019 3856 
11034 8162 11022 3856 
11041 8166 11030 3857 
11047 8167 11036 3859 
11052 8173 11047 3864 
11057 8175 11055 3864 
11067 8180 11067 3865 
11075 8184 11072 3867 
11080 8187 11081 3869 
11085 8191 11085 3872 
11094 8196 11091 3875 
11096 8205 11100 3878 
11100 8207 11104 3880 
11107 8208 11105 3882 
11108 8213 11108 3882 
11115 8219 11112 3883 
11124 8223 11116 3885 
11133 8228 11120 3885 
11136 8234 11123 3886 
11138 8237 11128 3887 
11142 8241 11131 3892 
11145 8248 11135 3894 
11154 8253 11139 3896 
11159 8260 11146 3898 
11164 8264 11150 3900 
11173 8270 11159 3900 
11175 8273 11169 3904 
11179 8276 11175 3908 
11184 8278 11183 3909 
11191 8279 11188 3912 
11196 8281 11194 3913 
11207 8289 11201 3913 
11214 8292 11209 3914 
11222 8296 11218 3916 
11227 8304 11227 3919 
11237 8314 11238 3920 
11238 8317 11246 3920 
11246 8322 11251 3922 
11249 8326 11258 3924 
11253 8332 11261 3924 
11256 8336 11264 3925 
11264 8339 11270 3928 
11272 8342 11276 3928 
11275 8350 11281 3930 
11284 8354 11289 3933 
11287 8357 11296 3934 
11291 8363 11304 3936 
11299 8367 11308 3937 
11306 8372 11313 3940 
11310 8375 11316 3945 
11316 8383 11320 3948 
11322 8388 11327 3952 
11327 8390 11337 3956 
11336 8396 11343 3958 
11337 8399 11348 3958 
11341 8405 11354 3961 
11347 8408 11359 3962 
11350 8413 11365 3962 
11355 8416 11370 3962 
11363 8421 11371 3964 
11368 8426 11376 3968 
11372 8429 11381 3969 
11379 8434 11388 3971 
11386 8438 11394 3973 
11389 8441 11400 3977 
11391 8443 11408 3981 
11397 8449 11414 3982 
11403 8459 11417 3983 
11408 8463 11423 3984 
11411 8469 11429 3984 
11421 8478 11433 3984 
11423 8485 11436 3984 
11429 8491 11438 3986 
11430 8497 11448 3987 
11435 8502 11451 3987 
11442 8507 11458 3990 
11449 8512 11464 3993 
11461 8518 11467 3997 
11469 8521 11472 3998 
11472 8525 11478 4000 
11478 8529 11485 4003 
11483 8532 11487 4006 
11486 8536 11493 4008 
11493 8541 11504 4010 
11501 8548 11511 4012 
11508 8557 11516 4018 
11512 8562 11522 4020 
11517 8565 11528 4024 
11523 8567 11533 4025 
11531 8572 11540 4025 
11535 8576 11546 4025 
11538 8577 11560 4026 
11543 8587 11563 4028 
11549 8590 11569 4033 
11551 8594 11570 4036 
11560 8596 11573 4038 
11562 8600 11580 4041 
11565 8603 11592 4042 
11569 8606 11596 4043 
11571 8616 11602 4044 
11576 8622 11609 4045 
11577 8624 11619 4046 
11583 8629 11625 4046 
11591 8635 11630 4049 
11595 8643 11633 4051 
11599 8645 11638 4054 
11603 8650 11641 4056 
11617 8655 11650 4057 
11624 8661 11656 4058 
11628 8664 11663 4063 
11636 8667 11669 4064 
11641 8670 11680 4065 
11651 8678 11683 4069 
11657 8680 11689 4071 
11658 8686 11693 4075 
11662 8690 11701 4078 
11670 8698 11712 4080 
11674 8703 11717 4082 
11684 8707 11724 4085 
11688 8711 11727 4085 
11692 8712 11733 4085 
11695 8714 11744 4087 
11703 8719 11752 4088 
11706 8723 11760 4092 
11710 8733 11770 4093 
11714 8737 11776 4094 
11722 8741 11780 4096 
11728 8749 11786 4100 
11735 8752 11790 4100 
11737 8753 11796 4101 
11740 8759 11802 4104 
11743 8764 11810 4106 
11747 8766 11815 4109 
11752 8767 11819 4110 
11757 8770 11824 4111 
11764 8774 11831 4111 
11769 8779 11838 4112 
11775 8784 11845 4114 
11780 8787 11849 4117 
11787 8794 11855 4119 
11789 8798 11862 4120 
11794 8803 11867 4120 
11800 8805 11871 4122 
11804 8811 11877 4125 
11812 8817 11882 4129 
11820 8819 11886 4130 
11827 8829 11901 4132 
11830 8835 11904 4133 
11836 8842 11907 4134 
11843 8846 11915 4136 
11846 8852 11924 4136 
11850 8856 11929 4138 
11857 8863 11937 4139 
11859 8871 11943 4140 
11863 8874 11949 4142 
11866 8881 11953 4143 
11871 8883 11955 4143 
11874 8886 11963 4145 
11877 8890 11968 4147 
11885 8893 11972 4150 
11889 8898 11977 4152 
11892 8904 11984 4152 
11893 8907 11991 4154 
11898 8913 11997 4155 
11901 8917 12002 4156 
11903 8920 12007 4158 
11911 8925 12011 4161 
11920 8926 12017 4162 
11924 8930 12023 4164 
11929 8931 12028 4165 
11931 8939 12032 4166 
11938 8942 12035 4170 
11946 8948 12038 4171 
11953 8955 12043 4172 
11956 8960 12046 4174 
11965 8963 12050 4178 
11969 8968 12054 4180 
11972 8981 12056 4182 
11981 8985 12058 4184 
11984 8985 12063 4187 
11989 8989 12069 4187 
11993 8996 12078 4187 
11994 8996 12085 4189 
12000 9001 12089 4190 
12005 9004 12095 4190 
12009 9006 12100 4190 
12016 9011 12104 4192 
12024 9018 12106 4192 
12030 9019 12110 4193 
12032 9022 12114 4195 
12041 9026 12120 4198 
12050 9032 12124 4200 
12056 9039 12132 4203 
12064 9042 12137 4204 
12067 9046 12141 4206 
12069 9054 12150 4206 
12076 9056 12152 4209 
12081 9062 12156 4211 
12083 9066 12164 4212 
12087 9070 12171 4213 
12090 9076 12177 4219 
12099 9079 12181 4220 
12105 9083 12186 4222 
12110 9088 12190 4224 
12117 9089 12196 4225 
12122 9094 12207 4227 
12125 9095 12212 4231 
12130 9098 12218 4234 
12137 9103 12226 4237 
12146 9105 12231 4240 
12150 9108 12235 4242 
12153 9115 12242 4246 
12158 9119 12249 4248 
12165 9124 12256 4251 
12171 9126 12262 4253 
12176 9130 12268 4255 
12180 9134 12271 4256 
12185 9140 12274 4257 
12189 9145 12279 4259 
12196 9150 12286 4262 
12203 9154 12291 4265 
12207 9161 12296 4265 
12214 9164 12304 4267 
12220 9167 12310 4268 
12225 9170 12315 4272 
12231 9176 12322 4278 
12240 9180 12328 4281 
12243 9184 12335 4283 
12250 9189 12340 4286 
12258 9194 12345 4287 
12260 9198 12350 4291 
12263 9200 12355 4292 
12275 9204 12362 4292 
12280 9209 12369 4293 
12285 9212 12374 4293 
12289 9217 12376 4295 
12294 9225 12382 4296 
12300 9228 12392 4299 
12304 9233 12399 4300 
12306 9235 12403 4301 
12310 9237 12410 4305 
12313 9240 12418 4306 
12318 9246 12423 4308 
12325 9251 12428 4311 
12330 9261 12436 4314 
12335 9264 12445 4315 
12341 9268 12451 4321 
12346 9271 12456 4325 
12351 9277 12458 4326 
12359 9283 12465 4330 
12365 9291 12471 4332 
12375 9293 12478 4335 
12381 9295 12480 4336 
12384 9301 12489 4341 
12388 9307 12496 4343 
12394 9309 12504 4344 
12400 9311 12514 4347 
12403 9319 12522 4347 
12406 9324 12527 4350 
12412 9328 12531 4351 
12418 9331 12537 4352 
12425 9335 12543 4352 
12439 9341 12547 4352 
12445 9345 12554 4357 
12453 9349 12559 4359 
12459 9355 12563 4360 
12463 9358 12569 4362 
12466 9361 12575 4366 
12473 9368 12580 4366 
12477 9371 12585 4369 
12482 9378 12589 4370 
12488 9381 12592 4374 
12490 9386 12599 4375 
12493 9391 12604 4378 
12500 9400 12612 4383 
12502 9409 12620 4384 
12506 9414 12625 4385 
12509 9420 12629 4387 
12515 9423 12634 4388 
12524 9428 12640 4388 
12529 9440 12648 4389 
12538 9444 12652 4393 
12545 9448 12658 4396 
12550 9453 12662 4399 
12551 9458 12667 4399 
12555 9464 12673 4400 
12560 9468 12681 4404 
12563 9470 12691 4404 
12573 9473 12697 4406 
12581 9476 12704 4407 
12588 9482 12707 4408 
12595 9488 12718 4411 
12602 9496 12723 4412 
12605 9500 12728 4412 
12614 9505 12734 4416 
12617 9510 12738 4419 
12621 9516 12742 4422 
12627 9520 12746 4423 
12630 9529 12752 4425 
12639 9537 12759 4428 
12645 9541 12765 4429 
12656 9546 12769 4429 
12665 9547 12778 4431 
12667 9553 12783 4432 
12672 9558 12788 4434 
12675 9565 12795 4436 
12680 9567 12806 4439 
12688 9571 12812 4439 
12694 9577 12819 4442 
12701 9581 12824 4444 
12709 9589 12828 4446 
12712 9593 12837 4448 
12716 9596 12840 4448 
12717 9604 12849 4449 
12725 9612 12851 4450 
12730 9618 12856 4452 
12739 9622 12865 4452 
12746 9626 12870 4456 
12749 9635 12878 4458 
12754 9639 12885 4462 
12759 9643 12887 4463 
12763 9648 12893 4465 
12768 9651 12896 4469 
12772 9654 12899 4472 
12777 9658 12904 4474 
12780 9664 12911 4479 
12782 9674 12915 4479 
12789 9681 12918 4482 
12796 9684 12925 4482 
12800 9686 12928 4485 
12806 9693 12931 4488 
12811 9694 12934 4488 
12815 9697 12940 4491 
12822 9704 12945 4491 
12824 9711 12953 4494 
12836 9715 12962 4497 
12841 9722 12968 4499 
12850 9725 12974 4500 
12855 9731 12978 4501 
12862 9736 12981 4503 
12864 9739 12988 4506 
12872 9742 12992 4509 
12882 9749 13000 4511 
12884 9751 13007 4512 
12887 9752 13014 4513 
12892 9759 13021 4514 
12894 9764 13033 4519 
12900 9767 13043 4522 
12908 9775 13049 4523 
12915 9780 13055 4525 
12919 9786 13059 4525 
12927 9791 13067 4525 
12935 9797 13076 4525 
12940 9803 13082 4528 
12944 9805 13091 4529 
12952 9810 13098 4531 
12956 9814 13105 4536 
12962 9821 13109 4539 
12966 9826 13113 4543 
12972 9828 13121 4546 
12975 9830 13126 4548 
12982 9832 13129 4550 
12986 9835 13134 4550 
12991 9844 13139 4553 
12999 9850 13143 4553 
13003 9854 13147 4557 
13006 9858 13153 4562 
13008 9860 13160 4562 
13013 9863 13168 4563 
13018 9865 13175 4565 
13025 9868 13183 4568 
13030 9870 13186 4572 
13036 9875 13191 4574 
13046 9880 13195 4579 
13049 9880 13206 4584 
13051 9887 13208 4588 
13055 9891 13214 4590 
13060 9900 13221 4591 
13067 9906 13229 4593 
13070 9911 13237 4594 
13071 9920 13246 4595 
13076 9926 13255 4595 
13081 9929 13262 4598 
13087 9931 13266 4598 
13091 9933 13270 4599 
13099 9937 13273 4601 
13106 9942 13279 4602 
13111 9944 13284 4603 
13118 9949 13292 4605 
13120 9951 13298 4606 
13123 9956 13302 4610 
13125 9957 13305 4612 
13128 9963 13309 4615 
13139 9965 13313 4618 
13144 9970 13318 4620 
13151 9975 13323 4622 
13155 9979 13331 4626 
13160 9986 13342 4628 
13163 9991 13345 4629 
13169 9996 13350 4631 
13172 9999 13355 4634 
13183 10006 13363 4634 
13187 10007 13368 4635 
13192 10014 13371 4637 
13201 10025 13377 4639 
13206 10027 13381 4642 
13214 10032 13389 4642 
13217 10036 13397 4642 
13223 10039 13403 4643 
13235 10045 13407 4645 
13242 10051 13416 4646 
13246 10057 13425 4647 
13252 10062 13431 4648 
13257 10067 13435 4651 
13263 10069 13438 4651 
13273 10072 13445 4653 
13277 10074 13455 4655 
13282 10079 13462 4657 
13289 10083 13469 4659 
13296 10086 13473 4660 
13301 10091 13480 4661 
13309 10095 13488 4663 
13316 10100 13492 4667 
13320 10105 13495 4669 
13327 10107 13498 4672 
13335 10110 13503 4673 
13336 10114 13509 4675 
13341 10123 13513 4681 
13347 10125 13521 4683 
13354 10126 13531 4684 
13361 10132 13535 4685 
13366 10136 13541 4690 
13371 10137 13549 4693 
13379 10143 13558 4696 
13383 10145 13560 4698 
13387 10150 13569 4700 
13393 10154 13575 4702 
13396 10154 13584 4706 
13409 10158 13587 4709 
13413 10161 13591 4712 
13418 10165 13595 4712 
13428 10172 13606 4714 
13435 10176 13612 4715 
13442 10185 13616 4716 
13450 10188 13620 4718 
13456 10193 13628 4719 
13464 10198 13635 4722 
13468 10198 13641 4722 
13473 10202 13645 4722 
13480 10206 13651 4727 
13483 10212 13655 4729 
13489 10216 13658 4731 
13498 10220 13663 4733 
13503 10224 13669 4733 
13506 10228 13681 4735 
13514 10231 13684 4735 
13519 10236 13692 4736 
13527 10240 13697 4740 
13533 10243 13703 4741 
13536 10249 13710 4742 
13539 10252 13716 4746 
13548 10257 13723 4747 
13556 10260 13735 4748 
13564 10263 13741 4748 
13570 10267 13744 4751 
13572 10273 13746 4753 
13578 10277 13749 4754 
13585 10281 13757 4755 
13589 10286 13766 4757 
13596 10290 13772 4759 
13598 10294 13781 4764 
13603 10297 13789 4765 
13604 10301 13801 4766 
13608 10308 13807 4768 
13612 10314 13813 4769 
13620 10319 13816 4770 
13624 10321 13821 4771 
13626 10325 13826 4772 
13634 10330 13831 4776 
13642 10331 13837 4777 
13647 10334 13840 4779 
13656 10338 13847 4780 
13666 10343 13849 4782 
13674 10346 13853 4782 
13681 10348 13858 4784 
13690 10351 13862 4787 
13697 10353 13871 4789 
13704 10358 13879 4795 
13707 10366 13885 4799 
13710 10373 13898 4803 
13716 10379 13903 4807 
13721 10381 13909 4809 
13726 10386 13915 4809 
13731 10387 13923 4812 
13737 10394 13929 4819 
13744 10398 13937 4821 
13749 10408 13944 4823 
13755 10412 13952 4825 
13757 10417 13958 4831 
13762 10423 13965 4834 
13770 10429 13969 4837 
13773 10432 13974 4841 
13777 10438 13980 4844 
13782 10443 13982 4847 
13788 10447 13987 4849 
13796 10451 13993 4849 
13804 10459 14000 4851 
13810 10462 14006 4853 
13824 10462 14010 4857 
13831 10464 14014 4860 
13834 10469 14019 4860 
13841 10471 14025 4863 
13851 10477 14032 4865 
13854 10485 14039 4870 
13864 10485 14045 4870 
13870 10489 14052 4872 
13879 10495 14055 4874 
13884 10498 14062 4877 
13890 10504 14071 4878 
13894 10506 14079 4878 
13900 10509 14082 4878 
13903 10513 14085 4880 
13908 10518 14090 4881 
13908 10521 14094 4882 
13914 10524 14099 4884 
13917 10530 14104 4887 
13928 10535 14107 4889 
13935 10542 14110 4894 
13941 10548 14116 4899 
13948 10555 14121 4899 
13954 10559 14126 4899 
13958 10561 14132 4901 
13963 10570 14133 4903 
13971 10572 14142 4906 
13978 10574 14148 4907 
13983 10580 14151 4908 
13989 10585 14153 4911 
13993 10589 14157 4911 
13996 10595 14162 4912 
14001 10599 14166 4914 
14008 10607 14174 4915 
14015 10613 14179 4915 
14021 10616 14184 4916 
14024 10622 14191 4918 
14031 10627 14194 4918 
14036 10629 14200 4922 
14042 10631 14203 4925 
14049 10635 14208 4926 
14052 10638 14212 4928 
14061 10646 14216 4929 
14064 10653 14222 4933 
14068 10655 14226 4935 
14072 10658 14231 4941 
14079 10664 14235 4942 
14088 10676 14239 4944 
14091 10683 14246 4945 
14097 10691 14253 4946 
14104 10695 14257 4947 
14108 10697 14260 4950 
14116 10698 14264 4951 
14118 10703 14274 4954 
14129 10707 14279 4955 
14133 10709 14284 4957 
14137 10716 14290 4960 
14147 10722 14295 4964 
14151 10725 14305 4964 
14156 10730 14314 4964 
14162 10734 14322 4966 
14169 10740 14327 4967 
14178 10745 14331 4969 
14185 10753 14337 4969 
14189 10760 14341 4970 
14195 10765 14348 4972 
14202 10768 14353 4974 
14205 10773 14356 4977 
14207 10778 14360 4982 
14211 10784 14367 4983 
14217 10787 14376 4987 
14224 10792 14379 4988 
14229 10799 14382 4991 
14236 10804 14388 4997 
14245 10810 14397 4998 
14256 10814 14402 5002 
14267 10818 14406 5003 
14270 10826 14409 5004 
14276 10829 14415 5005 
14280 10835 14419 5008 
14288 10838 14423 5011 
14289 10844 14431 5012 
14296 10848 14437 5013 
14304 10851 14439 5013 
14306 10853 14447 5016 
14311 10858 14452 5019 
14320 10859 14453 5019 
14327 10863 14458 5020 
14332 10867 14473 5020 
14336 10872 14479 5023 
14340 10875 14482 5026 
14346 10878 14486 5029 
14353 10882 14488 5032 
14361 10886 14492 5037 
14369 10886 14497 5038 
14371 10888 14503 5043 
14373 10895 14511 5044 
14382 10898 14517 5044 
14386 10904 14521 5047 
14393 10910 14526 5048 
14399 10912 14534 5049 
14402 10917 14537 5049 
14405 10923 14541 5055 
14410 10932 14545 5056 
14417 10936 14550 5057 
14428 10941 14559 5058 
14430 10949 14568 5059 
14437 10953 14573 5060 
14445 10962 14577 5061 
14451 10964 14581 5062 
14454 10969 14587 5064 
14464 10973 14592 5066 
14468 10978 14599 5069 
14475 10982 14610 5073 
14480 10984 14618 5077 
14488 10989 14624 5078 
14491 10994 14631 5080 
14500 11001 14637 5081 
14507 11005 14652 5084 
14511 11008 14655 5086 
14517 11010 14660 5092 
14522 11014 14665 5092 
14533 11020 14670 5094 
14539 11024 14674 5095 
14546 11030 14681 5100 
14549 11036 14687 5101 
14556 11039 14697 5103 
14565 11042 14703 5108 
14575 11047 14707 5109 
14583 11052 14714 5112 
14586 11054 14716 5113 
14592 11058 14722 5115 
14595 11060 14730 5116 
14599 11066 14738 5119 
14604 11073 14742 5121 
14610 11077 14746 5121 
14619 11081 14751 5122 
14625 11085 14755 5124 
14635 11089 14760 5126 
14641 11095 14767 5127 
14645 11106 14772 5130 
14654 11110 14775 5131 
14659 11117 14777 5133 
14660 11121 14787 5133 
14666 11127 14795 5133 
14677 11132 14802 5135 
14683 11134 14812 5139 
14688 11141 14819 5141 
14699 11143 14820 5143 
14702 11149 14829 5145 
14708 11154 14840 5151 
14713 11160 14846 5151 
14721 11167 14854 5152 
14724 11173 14861 5154 
14734 11177 14867 5154 
14741 11182 14871 5155 
14744 11185 14878 5156 
14747 11190 14882 5160 
14756 11195 14885 5164 
14761 11199 14891 5165 
14762 11213 14895 5169 
14771 11222 14900 5172 
14778 11227 14907 5173 
14782 11232 14916 5174 
14789 11239 14919 5174 
14794 11243 14927 5176 
14794 11247 14933 5179 
14800 11252 14937 5183 
14805 11257 14944 5184 
14813 11262 14954 5188 
14817 11266 14958 5191 
14826 11274 14962 5191 
14830 11276 14973 5192 
14836 11280 14977 5196 
14846 11285 14987 5200 
14850 11288 14992 5203 
14854 11293 14998 5205 
14861 11298 15005 5209 
14865 11301 15009 5209 
14873 11306 15016 5211 
14877 11311 15021 5212 
14885 11317 15025 5215 
14887 11321 15035 5217 
14895 11324 15040 5221 
14905 11328 15047 5224 
14911 11331 15053 5227 
14922 11335 15058 5233 
14929 11338 15064 5234 
14934 11342 15068 5237 
14940 11346 15074 5240 
14947 11350 15079 5242 
14953 11352 15084 5244 
14958 11357 15090 5246 
14962 11363 15100 5247 
14965 11364 15103 5248 
14972 11369 15111 5250 
14975 11375 15121 5255 
14984 11377 15129 5259 
14985 11383 15133 5262 
14989 11389 15139 5268 
14993 11395 15145 5268 
14998 11401 15148 5268 
15004 11405 15154 5269 
15008 11408 15160 5270 
15010 11410 15164 5271 
15012 11412 15170 5273 
15017 11416 15176 5274 
15023 11420 15188 5275 
15024 11429 15193 5279 
15026 11433 15200 5282 
15031 11436 15204 5284 
15038 11440 15209 5286 
15042 11445 15213 5286 
15048 11452 15224 5287 
15052 11455 15232 5288 
15063 11457 15238 5289 
15068 11460 15244 5293 
15076 11464 15249 5298 
15077 11471 15258 5301 
15084 11475 15263 5301 
15091 11481 15270 5302 
15093 11486 15277 5306 
15099 11488 15281 5306 
15104 11490 15288 5307 
15115 11492 15291 5310 
15118 11497 15295 5314 
15123 11502 15302 5319 
15128 11506 15307 5319 
15130 11512 15311 5320 
15132 11515 15319 5322 
15138 11519 15324 5324 
15147 11522 15331 5327 
15149 11531 15335 5329 
15157 11534 15342 5334 
15166 11542 15350 5334 
15177 11547 15355 5336 
15185 11553 15357 5341 
15186 11559 15364 5344 
15193 11568 15373 5344 
15198 11571 15383 5347 
15203 11573 15388 5348 
15209 11575 15392 5351 
15215 11579 15400 5354 
15218 11582 15408 5357 
15221 11585 15413 5357 
15224 11588 15417 5358 
15227 11596 15420 5361 
15233 11600 15425 5362 
15236 11605 15431 5367 
15239 11613 15436 5370 
15245 11621 15438 5371 
15249 11622 15443 5373 
15256 11629 15451 5375 
15262 11632 15459 5378 
15267 11637 15462 5382 
15272 11640 15465 5384 
15282 11646 15469 5385 
15288 11648 15479 5387 
15294 11657 15486 5389 
15300 11661 15488 5391 
15308 11664 15495 5394 
15313 11666 15496 5395 
15323 11671 15501 5398 
15324 11677 15508 5401 
15328 11682 15513 5405 
15337 11689 15516 5411 
15347 11693 15517 5415 
15355 11694 15527 5419 
15360 11702 15535 5422 
15366 11706 15538 5424 
15373 11709 15547 5430 
15377 11714 15554 5432 
15383 11720 15564 5433 
15389 11724 15571 5434 
15396 11727 15575 5438 
15400 11732 15580 5438 
15405 11736 15589 5440 
15411 11739 15593 5443 
15414 11748 15600 5443 
15417 11751 15609 5445 
15423 11758 15618 5446 
15434 11762 15623 5451 
15442 11769 15632 5453 
15446 11776 15639 5453 
15453 11779 15644 5455 
15458 11783 15651 5456 
15463 11789 15655 5460 
15469 11794 15664 5463 
15477 11798 15671 5465 
15479 11806 15675 5469 
15486 11812 15686 5469 
15497 11815 15689 5471 
15506 11818 15697 5473 
15513 11824 15697 5474 
15518 11827 15703 5475 
15526 11833 15710 5479 
15531 11835 15718 5483 
15535 11840 15723 5490 
15543 11843 15728 5491 
15546 11849 15731 5493 
15556 11854 15734 5494 
15560 11859 15744 5496 
15566 11865 15751 5498 
15572 11874 15754 5502 
15577 11877 15758 5503 
15581 11878 15765 5506 
15585 11883 15770 5507 
15594 11888 15775 5508 
15598 11892 15777 5511 
15607 11899 15784 5514 
15612 11904 15792 5514 
15617 11912 15794 5515 
15624 11914 15801 5517 
15627 11925 15810 5519 
15631 11931 15818 5520 
15633 11937 15820 5520 
15638 11938 15827 5521 
15645 11943 15835 5522 
15653 11946 15840 5524 
15657 11955 15842 5526 
15663 11957 15851 5530 
15666 11959 15852 5535 
15668 11963 15855 5539 
15676 11972 15863 5545 
15681 11977 15870 5547 
15685 11981 15877 5548 
15689 11983 15885 5550 
15696 11986 15891 5551 
15698 11990 15894 5553 
15702 11994 15899 5558 
15708 11998 15905 5560 
15712 12001 15910 5561 
15720 12007 15916 5561 
15723 12015 15922 5561 
15729 12021 15929 5562 
15735 12025 15933 5565 
15745 12028 15936 5567 
15751 12030 15944 5567 
15758 12034 15948 5569 
15765 12040 15957 5572 
15770 12046 15964 5575 
15781 12051 15975 5578 
15788 12055 15982 5581 
15793 12058 15986 5582 
15798 12059 15994 5584 
15806 12062 15999 5585 
15816 12064 16003 5586 
15823 12069 16011 5589 
15829 12075 16020 5591 
15834 12080 16022 5595 
15837 12085 16026 5598 
15847 12087 16032 5600 
15853 12092 16035 5601 
15856 12095 16040 5603 
15863 12099 16046 5605 
15872 12102 16048 5606 
15876 12108 16050 5610 
15879 12114 16053 5611 
15887 12118 16059 5612 
15893 12121 16060 5615 
15900 12121 16066 5617 
15909 12129 16071 5619 
15917 12134 16075 5620 
15921 12146 16082 5620 
15927 12149 16086 5625 
15934 12153 16091 5626 
15944 12157 16095 5626 
15950 12165 16099 5626 
15960 12170 16106 5630 
15966 12175 16110 5632 
15976 12179 16116 5634 
15980 12181 16122 5634 
15983 12184 16131 5635 
15989 12189 16138 5640 
15996 12192 16144 5642 
15999 12198 16147 5643 
16010 12205 16153 5644 
16018 12206 16155 5645 
16027 12208 16159 5649 
16031 12213 16166 5650 
16039 12217 16173 5653 
16049 12220 16181 5654 
16053 12222 16190 5656 
16059 12231 16200 5659 
16064 12235 16207 5659 
16070 12243 16219 5661 
16081 12246 16224 5662 
16090 12251 16234 5663 
16096 12253 16237 5667 
16101 12260 16242 5670 
16107 12265 16251 5671 
16110 12269 16261 5671 
16117 12274 16264 5674 
16122 12277 16274 5675 
16125 12284 16280 5678 
16130 12288 16286 5678 
16132 12290 16300 5680 
16141 12291 16305 5682 
16146 12298 16308 5684 
16149 12303 16313 5685 
16153 12304 16318 5691 
16157 12308 16328 5693 
16163 12313 16331 5695 
16168 12317 16335 5697 
16177 12325 16338 5698 
16184 12329 16342 5699 
16187 12331 16346 5700 
16191 12332 16351 5704 
16194 12339 16356 5705 
16204 12343 16361 5710 
16210 12347 16365 5713 
16222 12349 16374 5714 
16222 12352 16384 5716 
16227 12359 16389 5720 
16236 12364 16396 5722 
16239 12368 16403 5724 
16245 12374 16413 5727 
16254 12385 16419 5730 
16258 12389 16424 5731 
16263 12392 16429 5733 
16270 12393 16435 5736 
16278 12396 16440 5737 
16287 12398 16449 5737 
16297 12405 16452 5737 
16302 12413 16458 5740 
16309 12418 16462 5746 
16316 12422 16462 5749 
16321 12429 16469 5751 
16325 12433 16479 5755 
16329 12435 16484 5757 
16336 12438 16491 5760 
16340 12441 16497 5764 
16346 12443 16505 5767 
16348 12449 16510 5769 
16357 12454 16522 5770 
16362 12458 16531 5772 
16366 12463 16536 5774 
16374 12466 16541 5775 
16379 12472 16546 5777 
16384 12475 16554 5781 
16392 12478 16560 5785 
16395 12480 16563 5788 
16400 12485 16569 5791 
16401 12490 16575 5793 
16404 12500 16581 5798 
16411 12505 16586 5798 
16418 12512 16589 5801 
16423 12518 16594 5802 
16427 12523 16605 5806 
16434 12523 16610 5808 
16441 12527 16617 5809 
16450 12535 16624 5811 
16454 12538 16635 5812 
16458 12541 16639 5812 
16464 12543 16646 5814 
16468 12545 16654 5815 
16473 12554 16658 5817 
16478 12557 16663 5822 
16480 12565 16669 5823 
16486 12572 16675 5826 
16490 12577 16689 5828 
16496 12585 16694 5830 
16504 12590 16699 5832 
16508 12593 16701 5837 
16518 12595 16713 5837 
16523 12599 16723 5838 
16527 12601 16733 5839 
16535 12606 16739 5840 
16541 12612 16746 5844 
16546 12616 16750 5846 
16551 12618 16757 5847 
16553 12623 16766 5850 
16555 12627 16772 5851 
16558 12632 16775 5854 
16566 12635 16785 5857 
16571 12639 16792 5858 
16579 12644 16798 5860 
16588 12650 16804 5865 
16593 12653 16813 5871 
16602 12654 16818 5874 
16605 12658 16820 5876 
16608 12661 16826 5878 
16618 12668 16832 5880 
16623 12672 16839 5883 
16627 12678 16842 5887 
16632 12680 16852 5891 
16636 12686 16856 5894 
16641 12693 16863 5897 
16646 12703 16870 5899 
16650 12709 16876 5901 
16650 12715 16880 5905 
16657 12717 16882 5910 
16661 12725 16890 5912 
16666 12733 16894 5912 
16674 12736 16901 5912 
16680 12743 16904 5914 
16684 12746 16909 5916 
16691 12750 16915 5918 
16692 12759 16923 5920 
16696 12763 16931 5921 
16698 12769 16937 5921 
16702 12776 16947 5921 
16705 12781 16952 5923 
16712 12789 16961 5924 
16720 12792 16962 5930 
16729 12794 16965 5932 
16739 12797 16969 5932 
16748 12800 16974 5934 
16755 12807 16980 5938 
16763 12809 16984 5941 
16767 12812 16987 5943 
16773 12817 16992 5944 
16779 12819 16996 5946 
16780 12823 17000 5949 
16787 12826 17006 5953 
16793 12833 17009 5955 
16805 12838 17020 5959 
16810 12842 17027 5960 
16815 12845 17034 5961 
16818 12847 17039 5963 
16824 12853 17044 5964 
16830 12862 17048 5967 
16835 12866 17059 5968 
16838 12874 17067 5971 
16847 12880 17073 5974 
16857 12885 17078 5978 
16866 12887 17082 5981 
16873 12891 17087 5983 
16878 12897 17091 5984 
16885 12902 17097 5984 
16889 12911 17103 5985 
16897 12916 17110 5986 
16901 12922 17113 5988 
16911 12924 17117 5990 
16916 12929 17121 5994 
16926 12936 17132 5996 
16929 12939 17143 5997 
16934 12944 17147 5999 
16939 12951 17152 6001 
16941 12954 17154 6002 
16944 12958 17161 6005 
16948 12961 17165 6005 
16955 12965 17172 6007 
16960 12969 17176 6011 
16964 12974 17183 6012 
16971 12981 17187 6017 
16974 12986 17190 6020 
16978 12991 17194 6023 
16987 12995 17197 6025 
16993 12999 17204 6025 
16998 13004 17210 6027 
17002 13008 17216 6030 
17006 13009 17222 6031 
17011 13011 17224 6031 
17018 13016 17238 6035 
17021 13018 17244 6036 
17025 13028 17250 6040 
17033 13029 17255 6041 
17040 13037 17260 6041 
17045 13042 17266 6042 
17051 13048 17272 6045 
17059 13055 17280 6050 
17061 13059 17285 6053 
17064 13062 17294 6053 
17070 13065 17298 6056 
17075 13067 17301 6058 
17076 13075 17307 6060 
17083 13082 17313 6062 
17093 13089 17315 6064 
17096 13096 17317 6065 
17102 13098 17321 6065 
17105 13102 17331 6068 
17110 13109 17333 6070 
17115 13115 17339 6071 
17123 13119 17347 6072 
17131 13123 17352 6073 
17140 13128 17357 6077 
17150 13134 17366 6082 
17154 13139 17374 6083 
17160 13143 17381 6084 
17169 13147 17386 6086 
17177 13148 17389 6088 
17185 13151 17393 6089 
17192 13158 17398 6091 
17199 13164 17403 6092 
17201 13169 17406 6093 
17209 13172 17417 6096 
17215 13174 17426 6100 
17220 13176 17426 6102 
17225 13178 17435 6103 
17228 13182 17441 6105 
17235 13187 17449 6106 
17237 13189 17457 6108 
17243 13194 17468 6108 
17251 13201 17473 6109 
17256 13203 17484 6114 
17261 13206 17487 6116 
17263 13209 17495 6119 
17267 13214 17507 6121 
17272 13219 17516 6124 
17277 13221 17524 6126 
17283 13228 17528 6126 
17284 13231 17534 6129 
17289 13234 17543 6131 
17299 13241 17555 6132 
17309 13246 17561 6135 
17314 13250 17571 6137 
17316 13252 17576 6142 
17320 13255 17586 6144 
17327 13258 17595 6146 
17333 13269 17601 6148 
17343 13272 17608 6149 
17351 13276 17616 6149 
17355 13281 17621 6154 
17365 13288 17629 6155 
17369 13292 17632 6160 
17377 13297 17639 6163 
17383 13302 17648 6165 
17385 13308 17660 6167 
17395 13312 17668 6170 
17400 13318 17672 6171 
17410 13322 17676 6173 
17415 13328 17681 6177 
17420 13331 17692 6178 
17428 13338 17696 6180 
17434 13347 17701 6182 
17436 13350 17706 6184 
17444 13355 17716 6184 
17452 13359 17728 6185 
17457 13366 17731 6188 
17460 13371 17738 6189 
17465 13375 17744 6191 
17470 13378 17751 6196 
17472 13383 17756 6197 
17481 13388 17761 6200 
17489 13396 17768 6202 
17493 13400 17774 6202 
17497 13402 17779 6204 
17503 13407 17784 6206 
17507 13413 17792 6208 
17512 13415 17799 6209 
17515 13419 17805 6210 
17520 13423 17807 6210 
17526 13430 17821 6213 
17532 13434 17825 6215 
17541 13447 17830 6217 
17546 13451 17840 6219 
17549 13458 17844 6221 
17553 13467 17852 6225 
17560 13470 17856 6227 
17565 13474 17862 6230 
17568 13480 17869 6232 
17574 13485 17877 6234 
17578 13490 17879 6235 
17581 13494 17888 6241 
17587 13497 17898 6242 
17590 13504 17905 6243 
17600 13507 17909 6245 
17601 13508 17915 6249 
17606 13513 17921 6254 
17608 13519 17925 6255 
17610 13525 17931 6256 
17618 13526 17936 6257 
17628 13533 17940 6259 
17635 13537 17946 6263 
17641 13543 17953 6265 
17648 13546 17959 6268 
17653 13552 17965 6272 
17658 13555 17970 6273 
17663 13562 17979 6276 
17667 13566 17985 6277 
17669 13571 17990 6282 
17672 13576 17996 6284 
17678 13579 18003 6286 
17683 13582 18007 6288 
17691 13588 18015 6289 
17694 13592 18022 6290 
17697 13596 18030 6293 
17702 13600 18036 6297 
17711 13609 18048 6298 
17716 13611 18054 6301 
17721 13616 18058 6304 
17726 13619 18061 6305 
17731 13624 18069 6308 
17735 13631 18073 6310 
17740 13634 18079 6312 
17745 13641 18083 6316 
17749 13646 18091 6318 
17752 13651 18097 6322 
17763 13660 18104 6322 
17768 13663 18111 6325 
17775 13668 18118 6327 
17783 13673 18121 6329 
17786 13680 18125 6332 
17791 13683 18130 6333 
17795 13691 18137 6335 
17804 13703 18145 6335 
17810 13710 18152 6338 
17815 13716 18156 6340 
17821 13723 18164 6342 
17827 13728 18173 6343 
17832 13735 18179 6344 
17845 13740 18186 6347 
17850 13745 18194 6350 
17853 13748 18199 6351 
17857 13754 18208 6352 
17863 13760 18215 6354 
17867 13767 18219 6355 
17875 13770 18224 6356 
17880 13775 18231 6359 
17890 13777 18236 6362 
17890 13785 18241 6364 
17898 13789 18250 6365 
17900 13796 18259 6368 
17905 13800 18260 6369 
17909 13809 18269 6373 
17915 13812 18272 6377 
17919 13816 18283 6378 
17926 13819 18290 6380 
17931 13821 18295 6382 
17936 13830 18304 6386 
17940 13839 18307 6392 
17949 13843 18318 6397 
17952 13847 18326 6400 
17958 13850 18331 6404 
17971 13854 18336 6405 
17981 13858 18345 6407 
17989 13866 18349 6409 
17995 13868 18355 6411 
17998 13873 18364 6412 
18003 13873 18371 6413 
18007 13876 18383 6413 
18009 13878 18389 6415 
18021 13888 18398 6416 
18024 13890 18403 6417 
18028 13898 18412 6419 
18034 13902 18419 6421 
18044 13905 18424 6423 
18046 13915 18433 6423 
18054 13917 18435 6424 
18062 13921 18449 6431 
18063 13926 18458 6433 
18069 13928 18465 6437 
18070 13933 18470 6437 
18076 13936 18475 6439 
18082 13940 18484 6441 
18085 13949 18492 6442 
18090 13951 18497 6444 
18099 13954 18504 6446 
18107 13958 18506 6451 
18114 13963 18509 6455 
18119 13966 18518 6455 
18121 13971 18523 6461 
18127 13977 18530 6465 
18128 13983 18541 6467 
18134 13988 18547 6473 
18140 13994 18553 6474 
18145 14000 18561 6475 
18156 14004 18569 6476 
18162 14006 18577 6480 
18166 14009 18584 6481 
18175 14009 18587 6481 
18187 14012 18597 6485 
18192 14016 18604 6489 
18196 14017 18610 6491 
18205 14021 18615 6493 
18208 14024 18625 6494 
18214 14029 18635 6496 
18221 14036 18640 6502 
18225 14037 18646 6504 
18233 14039 18654 6506 
18239 14044 18658 6511 
18248 14051 18665 6512 
18258 14059 18673 6514 
18265 14063 18677 6514 
18269 14067 18685 6517 
18274 14075 18690 6517 
18278 14083 18696 6517 
18282 14088 18698 6520 
18287 14094 18706 6523 
18293 14098 18710 6526 
18299 14100 18717 6527 
18303 14101 18719 6527 
18309 14109 18723 6527 
18313 14112 18728 6530 
18319 14114 18735 6531 
18326 14120 18741 6534 
18331 14124 18745 6536 
18346 14126 18752 6537 
18348 14133 18756 6539 
18352 14142 18763 6542 
18357 14143 18772 6545 
18363 14147 18780 6545 
18370 14153 18782 6549 
18374 14158 18785 6551 
18381 14163 18794 6555 
18391 14167 18803 6556 
18397 14169 18812 6560 
18398 14172 18817 6562 
18403 14173 18825 6565 
18407 14176 18827 6567 
18413 14184 18833 6567 
18420 14189 18838 6568 
18426 14193 18843 6571 
18431 14195 18850 6573 
18435 14198 18857 6576 
18440 14204 18863 6578 
18443 14208 18869 6581 
18449 14210 18873 6582 
18455 14216 18877 6586 
18458 14219 18886 6589 
18459 14225 18891 6593 
18460 14230 18897 6595 
18463 14235 18905 6600 
18471 14241 18912 6602 
18476 14244 18925 6605 
18480 14248 18936 6609 
18482 14252 18940 6610 
18488 14255 18945 6613 
18491 14266 18955 6616 
18497 14276 18961 6616 
18502 14283 18970 6616 
18504 14287 18979 6618 
18509 14293 18984 6620 
18512 14296 18987 6625 
18521 14300 18998 6627 
18528 14306 19004 6627 
18532 14311 19009 6630 
18537 14316 19014 6631 
18542 14322 19019 6635 
18543 14325 19029 6637 
18548 14333 19032 6639 
18556 14340 19034 6639 
18564 14342 19039 6643 
18572 14348 19044 6648 
18575 14355 19050 6651 
18586 14358 19056 6651 
18593 14368 19061 6652 
18600 14376 19072 6653 
18607 14384 19078 6655 
18616 14389 19086 6656 
18621 14393 19091 6656 
18629 14398 19102 6659 
18637 14401 19110 6659 
18642 14401 19111 6664 
18649 14406 19111 6669 
18653 14410 19117 6669 
18662 14420 19126 6671 
18668 14423 19134 6674 
18673 14430 19142 6678 
18680 14435 19149 6679 
18684 14437 19160 6681 
18688 14441 19167 6682 
18693 14448 19174 6682 
18702 14457 19182 6685 
18711 14464 19186 6685 
18714 14469 19200 6685 
18722 14473 19212 6690 
18728 14476 19217 6693 
18730 14480 19224 6696 
18740 14485 19229 6698 
18748 14491 19235 6700 
18757 14495 19244 6702 
18765 14501 19249 6704 
18770 14506 19255 6709 
18777 14513 19262 6712 
18782 14515 19269 6713 
18785 14523 19280 6715 
18790 14525 19293 6719 
18797 14526 19298 6720 
18803 14528 19304 6722 
18808 14531 19310 6727 
18814 14535 19314 6729 
18821 14543 19320 6731 
18822 14549 19327 6732 
18827 14557 19332 6735 
18828 14564 19340 6735 
18834 14568 19347 6736 
18839 14573 19358 6739 
18840 14575 19367 6741 
18846 14579 19376 6743 
18848 14583 19379 6743 
18853 14591 19384 6744 
18859 14595 19387 6749 
18866 14596 19393 6749 
18873 14602 19398 6754 
18878 14611 19402 6755 
18882 14615 19410 6760 
18887 14620 19417 6760 
18891 14627 19421 6763 
18895 14630 19432 6765 
18900 14634 19445 6767 
18906 14638 19449 6768 
18913 14643 19456 6769 
18920 14648 19465 6769 
18924 14652 19472 6771 
18929 14658 19480 6773 
18937 14663 19484 6774 
18943 14673 19491 6780 
18948 14678 19497 6783 
18958 14681 19504 6784 
18965 14686 19511 6785 
18970 14692 19517 6786 
18975 14699 19524 6787 
18982 14704 19531 6789 
18988 14708 19536 6792 
18994 14709 19541 6794 
18996 14713 19548 6795 
19002 14717 19560 6797 
19006 14719 19568 6799 
19011 14726 19575 6799 
19015 14733 19582 6803 
19021 14737 19588 6805 
19028 14739 19594 6807 
19031 14740 19601 6810 
19034 14742 19605 6810 
19037 14747 19612 6813 
19040 14750 19623 6816 
19044 14751 19631 6821 
19047 14754 19639 6824 
19055 14756 19649 6825 
19062 14763 19655 6829 
19069 14767 19665 6829 
19072 14775 19672 6831 
19079 14781 19680 6834 
19084 14786 19682 6835 
19086 14793 19685 6838 
19091 14797 19691 6842 
19096 14800 19695 6842 
19104 14806 19701 6845 
19107 14815 19709 6845 
19110 14820 19714 6846 
19121 14825 19720 6847 
19128 14832 19723 6850 
19130 14838 19730 6853 
19136 14841 19742 6855 
19140 14849 19745 6855 
19146 14855 19751 6859 
19155 14860 19759 6861 
19159 14866 19764 6863 
19166 14871 19770 6865 
19171 14877 19776 6867 
19177 14881 19784 6869 
19184 14887 19788 6869 
19192 14888 19795 6870 
19200 14895 19797 6871 
19205 14899 19802 6872 
19211 14905 19808 6873 
19219 14909 19814 6876 
19228 14916 19821 6876 
19231 14918 19824 6881 
19238 14919 19833 6883 
19243 14921 19838 6883 
19245 14924 19840 6886 
19256 14929 19848 6890 
19258 14933 19853 6892 
19262 14936 19858 6893 
19268 14938 19865 6896 
19275 14944 19873 6898 
19275 14948 19880 6899 
19283 14952 19889 6903 
19288 14954 19897 6906 
19293 14956 19902 6908 
19298 14958 19907 6908 
19301 14965 19916 6910 
19304 14971 19922 6912 
19311 14975 19928 6917 
19314 14979 19934 6920 
19316 14983 19938 6921 
19324 14987 19944 6925 
19331 14992 19951 6928 
19335 14998 19956 6930 
19340 15000 19962 6934 
19347 15005 19967 6939 
19353 15010 19972 6939 
19356 15016 19984 6944 
19361 15023 19988 6946 
19367 15032 19993 6949 
19372 15036 19997 6951 
19379 15041 20003 6954 
19385 15047 20012 6955 
19394 15049 20020 6957 
19399 15058 20025 6959 
19400 15063 20032 6962 
19404 15068 20041 6967 
19410 15070 20044 6968 
19414 15076 20049 6975 
19420 15085 20058 6977 
19425 15099 20066 6983 
19429 15103 20072 6986 
19433 15105 20079 6990 
19438 15113 20085 6993 
19445 15119 20090 6996 
19452 15122 20095 7001 
19456 15125 20101 7001 
19462 15127 20110 7004 
19470 15132 20120 7006 
19480 15137 20128 7008 
19484 15144 20138 7008 
19486 15148 20146 7009 
19492 15152 20154 7010 
19495 15155 20160 7011 
19503 15160 20167 7014 
19508 15168 20169 7020 
19513 15171 20173 7022 
19523 15176 20176 7022 
19529 15179 20186 7026 
19536 15185 20191 7027 
19544 15190 20194 7029 
19556 15194 20197 7032 
19561 15203 20200 7036 
19567 15207 20208 7037 
19572 15212 20218 7039 
19578 15215 20226 7039 
19581 15220 20230 7040 
19584 15225 20239 7042 
19593 15231 20243 7046 
19598 15237 20249 7049 
19606 15242 20255 7052 
19612 15246 20263 7053 
19617 15249 20275 7056 
19620 15256 20280 7059 
19627 15262 20289 7059 
19632 15269 20297 7060 
19635 15272 20301 7062 
19640 15272 20307 7066 
19645 15276 20313 7068 
19653 15283 20320 7072 
19662 15291 20321 7074 
19664 15296 20326 7074 
19674 15298 20328 7080 
19681 15303 20334 7082 
19691 15311 20342 7083 
19696 15317 20351 7084 
19701 15323 20356 7088 
19707 15328 20361 7092 
19713 15333 20365 7092 
19717 15340 20371 7095 
19724 15344 20375 7096 
19731 15349 20384 7097 
19736 15350 20389 7103 
19741 15355 20401 7106 
19752 15357 20413 7110 
19758 15357 20424 7112 
19765 15360 20428 7114 
19769 15367 20432 7114 
19775 15375 20440 7115 
19778 15382 20445 7117 
19787 15388 20454 7119 
19795 15395 20458 7119 
19805 15400 20464 7121 
19808 15407 20470 7123 
19815 15413 20476 7125 
19823 15417 20480 7127 
19831 15424 20482 7130 
19837 15431 20486 7131 
19843 15436 20492 7133 
19846 15438 20498 7134 
19853 15441 20505 7135 
19858 15445 20510 7137 
19861 15449 20516 7140 
19872 15453 20521 7140 
19877 15461 20526 7140 
19880 15465 20535 7141 
19886 15467 20541 7141 
19888 15471 20549 7142 
19894 15474 20551 7145 
19897 15478 20559 7149 
19902 15482 20564 7151 
19908 15487 20574 7152 
19913 15490 20577 7156 
19917 15493 20586 7160 
19927 15497 20597 7162 
19934 15504 20605 7162 
19938 15506 20610 7163 
19946 15516 20615 7163 
19949 15523 20618 7163 
19954 15530 20623 7165 
19960 15532 20634 7166 
19963 15539 20640 7169 
19968 15545 20646 7171 
19978 15548 20653 7174 
19982 15553 20660 7177 
19989 15559 20666 7181 
19994 15560 20669 7182 
19998 15565 20676 7182 
20005 15566 20683 7183 
20012 15573 20694 7186 
20015 15577 20699 7189 
20019 15580 20705 7191 
20024 15588 20713 7194 
20030 15590 20720 7195 
20034 15594 20725 7196 
20037 15597 20727 7197 
20045 15600 20733 7198 
20047 15605 20740 7202 
20058 15609 20746 7204 
20067 15613 20752 7208 
20070 15614 20760 7210 
20075 15622 20762 7213 
20082 15625 20776 7215 
20086 15629 20783 7217 
20093 15633 20790 7218 
20098 15637 20800 7221 
20108 15639 20805 7222 
20110 15642 20815 7224 
20121 15650 20823 7226 
20127 15658 20831 7230 
20131 15662 20838 7231 
20138 15666 20844 7233 
20144 15671 20854 7235 
20149 15674 20859 7238 
20153 15679 20867 7241 
20158 15683 20873 7245 
20161 15689 20878 7245 
20165 15693 20888 7246 
20169 15697 20892 7250 
20175 15704 20899 7253 
20178 15706 20907 7255 
20183 15713 20912 7262 
20189 15723 20922 7264 
20193 15726 20928 7265 
20197 15731 20938 7268 
20203 15735 20944 7271 
20211 15738 20948 7272 
20216 15743 20956 7273 
20221 15746 20964 7275 
20225 15751 20969 7277 
20230 15757 20972 7277 
20234 15762 20977 7280 
20236 15762 20984 7285 
20239 15764 20989 7289 
20249 15769 20997 7291 
20252 15774 21000 7292 
20256 15780 21006 7294 
20261 15784 21013 7298 
20270 15788 21019 7300 
20281 15795 21023 7302 
20288 15801 21029 7303 
20293 15809 21036 7306 
20298 15813 21044 7311 
20302 15819 21052 7314 
20306 15825 21056 7316 
20316 15829 21062 7319 
20321 15832 21065 7324 
20325 15835 21069 7327 
20331 15842 21075 7329 
20335 15850 21086 7330 
20337 15855 21092 7334 
20345 15859 21098 7336 
20352 15863 21104 7337 
20366 15871 21110 7339 
20370 15875 21117 7341 
20373 15877 21123 7343 
20379 15881 21128 7346 
20386 15883 21132 7349 
20392 15887 21137 7350 
20395 15890 21144 7351 
20399 15897 21152 7351 
20406 15899 21160 7353 
20408 15902 21169 7353 
20416 15905 21178 7356 
20419 15908 21182 7358 
20425 15910 21189 7361 
20431 15914 21193 7361 
20436 15921 21198 7364 
20443 15926 21206 7367 
20453 15933 21210 7367 
20457 15941 21215 7371 
20462 15950 21221 7374 
20466 15955 21231 7377 
20470 15959 21237 7380 
20478 15961 21244 7382 
20485 15964 21250 7384 
20494 15968 21257 7388 
20500 15969 21263 7391 
20506 15970 21265 7394 
20513 15979 21275 7395 
20522 15980 21279 7396 
20529 15986 21286 7398 
20534 15989 21294 7399 
20535 15992 21297 7399 
20542 15996 21303 7404 
20550 16002 21307 7405 
20556 16007 21319 7408 
20564 16016 21324 7411 
20571 16017 21330 7415 
20578 16021 21335 7418 
20584 16024 21341 7420 
20591 16032 21346 7423 
20596 16037 21355 7424 
20603 16039 21362 7424 
20607 16042 21365 7427 
20612 16044 21369 7428 
20618 16051 21372 7432 
20620 16054 21379 7432 
20623 16060 21384 7435 
20629 16065 21390 7437 
20633 16067 21400 7439 
20639 16071 21403 7440 
20642 16075 21412 7441 
20646 16081 21417 7444 
20650 16086 21423 7445 
20656 16088 21432 7449 
20666 16095 21443 7454 
20671 16102 21452 7458 
20675 16108 21457 7462 
20682 16113 21463 7465 
20691 16116 21464 7467 
20695 16121 21474 7469 
20706 16127 21477 7473 
20716 16134 21481 7473 
20719 16141 21490 7475 
20728 16144 21497 7476 
20739 16147 21498 7478 
20742 16152 21504 7481 
20746 16157 21509 7481 
20750 16160 21518 7482 
20753 16164 21525 7482 
20759 16171 21532 7484 
20768 16177 21539 7486 
20778 16182 21547 7487 
20784 16187 21554 7491 
20786 16192 21561 7492 
20791 16195 21566 7493 
20799 16198 21569 7495 
20802 16203 21574 7498 
20812 16207 21581 7501 
20816 16210 21591 7504 
20819 16215 21597 7505 
20825 16218 21601 7507 
20829 16221 21601 7509 
20831 16225 21604 7512 
20835 16231 21608 7516 
20842 16240 21618 7517 
20852 16249 21629 7520 
20855 16258 21636 7525 
20864 16264 21642 7530 
20871 16266 21651 7534 
20876 16269 21656 7536 
20878 16277 21663 7542 
20886 16284 21666 7544 
20894 16290 21669 7544 
20904 16291 21677 7545 
20911 16296 21685 7545 
20919 16300 21688 7547 
20925 16302 21693 7549 
20930 16308 21701 7551 
20935 16314 21708 7555 
20937 16319 21714 7557 
20942 16326 21720 7559 
20946 16329 21724 7561 
20956 16333 21730 7563 
20966 16337 21739 7566 
20971 16343 21747 7567 
20974 16346 21756 7570 
20981 16348 21760 7572 
20984 16356 21764 7575 
20989 16358 21772 7577 
20997 16364 21780 7578 
21001 16370 21789 7579 
21007 16372 21793 7582 
21012 16379 21802 7582 
21022 16381 21807 7584 
21030 16385 21812 7585 
21034 16390 21820 7587 
21042 16395 21827 7591 
21052 16402 21834 7593 
21056 16407 21840 7595 
21063 16411 21842 7598 
21068 16413 21850 7601 
21076 16417 21858 7602 
21084 16420 21868 7603 
21093 16422 21874 7603 
21100 16427 21879 7605 
21112 16431 21889 7606 
21121 16435 21892 7606 
21126 16436 21898 7610 
21133 16446 21903 7613 
21141 16450 21905 7614 
21155 16454 21912 7617 
21165 16458 21919 7619 
21177 16465 21927 7625 
21183 16474 21932 7626 
21188 16481 21938 7633 
21191 16488 21941 7633 
21199 16497 21942 7636 
21203 16501 21949 7638 
21209 16510 21951 7640 
21218 16512 21963 7644 
21219 16513 21965 7645 
21224 16515 21971 7646 
21229 16521 21978 7649 
21235 16529 21986 7651 
21243 16532 21991 7656 
21248 16537 21998 7657 
21252 16539 21998 7659 
21258 16542 22006 7663 
21265 16545 22012 7665 
21274 16548 22019 7667 
21279 16551 22023 7671 
21290 16552 22030 7671 
21298 16554 22037 7672 
21301 16557 22040 7673 
21303 16558 22048 7674 
21310 16564 22053 7678 
21314 16567 22058 7679 
21321 16571 22071 7682 
21326 16578 22079 7684 
21330 16580 22089 7687 
21336 16582 22098 7688 
21345 16587 22105 7693 
21353 16588 22115 7693 
21359 16593 22120 7693 
21362 16596 22131 7697 
21371 16598 22140 7700 
21374 16598 22152 7701 
21385 16603 22155 7701 
21389 16605 22161 7703 
21398 16617 22167 7705 
21404 16621 22172 7706 
21410 16626 22175 7707 
21413 16630 22178 7709 
21417 16633 22184 7710 
21424 16636 22193 7714 
21433 16641 22198 7716 
21446 16644 22205 7716 
21449 16648 22208 7718 
21457 16651 22216 7718 
21461 16656 22224 7718 
21466 16661 22228 7720 
21473 16666 22232 7724 
21481 16673 22237 7725 
21487 16680 22244 7727 
21491 16685 22248 7730 
21494 16692 22253 7736 
21498 16695 22261 7738 
21502 16698 22269 7742 
21508 16701 22276 7744 
21513 16707 22284 7749 
21521 16710 22293 7750 
21525 16716 22296 7752 
21530 16723 22304 7754 
21536 16733 22317 7757 
21542 16738 22328 7761 
21548 16743 22334 7764 
21556 16750 22343 7765 
21563 16754 22348 7765 
21571 16760 22353 7769 
21581 16761 22359 7770 
21587 16763 22369 7772 
21592 16767 22377 7774 
21601 16770 22381 7776 
21607 16774 22385 7778 
21617 16776 22390 7781 
21622 16779 22398 7782 
21633 16787 22404 7785 
21637 16796 22411 7787 
21643 16801 22423 7790 
21644 16804 22428 7793 
21646 16809 22436 7795 
21651 16811 22441 7795 
21653 16815 22443 7797 
21658 16817 22447 7801 
21667 16827 22456 7803 
21671 16831 22462 7805 
21679 16836 22471 7807 
21686 16839 22478 7809 
21693 16846 22488 7810 
21702 16853 22491 7812 
21707 16864 22499 7816 
21711 16866 22508 7821 
21721 16869 22513 7823 
21728 16872 22520 7826 
21736 16877 22525 7832 
21739 16881 22528 7835 
21742 16885 22534 7836 
21747 16891 22540 7838 
21753 16895 22544 7840 
21761 16905 22551 7842 
21767 16908 22555 7847 
21774 16914 22562 7848 
21779 16916 22563 7848 
21784 16926 22573 7848 
21793 16928 22581 7850 
21796 16934 22588 7855 
21803 16938 22597 7860 
21810 16942 22602 7863 
21815 16943 22608 7868 
21821 16949 22616 7870 
21825 16955 22618 7872 
21832 16958 22624 7874 
21838 16963 22633 7877 
21842 16966 22640 7877 
21844 16974 22646 7880 
21854 16978 22651 7885 
21858 16983 22656 7890 
21866 16989 22662 7893 
21871 16994 22669 7897 
21875 16999 22679 7903 
21883 17006 22684 7904 
21890 17012 22686 7907 
21896 17014 22696 7908 
21898 17017 22699 7909 
21906 17020 22704 7911 
21914 17023 22711 7915 
21919 17026 22713 7916 
21926 17030 22720 7920 
21931 17035 22729 7921 
21937 17039 22743 7923 
21942 17044 22746 7927 
21948 17047 22754 7929 
21954 17050 22762 7930 
21959 17056 22765 7934 
21966 17064 22775 7935 
21975 17073 22783 7938 
21979 17084 22787 7939 
21984 17090 22796 7942 
21988 17094 22797 7947 
21992 17098 22805 7948 
21995 17099 22813 7951 
21999 17104 22818 7954 
22006 17109 22826 7957 
22008 17117 22830 7958 
22015 17124 22833 7961 
22022 17129 22839 7961 
22026 17134 22843 7961 
22029 17141 22852 7964 
22037 17144 22864 7964 
22044 17149 22869 7966 
22049 17152 22874 7967 
22053 17155 22882 7972 
22058 17158 22891 7978 
22067 17164 22896 7978 
22072 17166 22902 7978 
22077 17169 22909 7979 
22082 17176 22911 7980 
22087 17181 22921 7981 
22093 17187 22933 7983 
22097 17191 22940 7983 
22102 17195 22945 7986 
