0 0 0 0 
5 6 5 3 
9 10 9 5 
12 14 10 6 
21 17 12 9 
25 25 18 13 
31 26 27 16 
34 29 31 17 
39 34 40 19 
50 39 44 21 
53 42 52 23 
59 45 56 24 
67 50 63 25 
71 53 66 32 
72 58 70 32 
76 61 76 33 
83 66 79 33 
85 71 85 34 
93 73 87 38 
99 77 90 40 
104 80 93 42 
107 84 100 44 
112 87 106 45 
121 89 108 45 
124 93 109 46 
130 99 114 48 
133 109 119 48 
136 116 128 50 
142 119 132 50 
151 123 134 52 
158 126 137 52 
163 131 143 53 
174 134 148 55 
176 138 157 56 
179 142 163 58 
182 142 164 58 
186 148 169 60 
190 151 177 66 
197 161 183 66 
201 166 190 68 
204 172 194 71 
211 178 203 74 
215 181 207 75 
226 184 216 77 
231 187 221 77 
238 191 226 77 
245 192 229 79 
251 201 235 82 
259 202 242 83 
265 205 249 89 
272 214 253 92 
277 215 255 93 
283 218 259 95 
292 221 266 96 
294 225 270 96 
298 228 273 97 
301 235 274 98 
307 237 275 99 
316 242 276 102 
319 245 277 105 
323 249 281 107 
328 253 288 107 
333 257 290 109 
341 259 295 112 
345 263 302 112 
348 269 307 116 
353 275 318 118 
363 277 325 119 
369 281 337 120 
376 282 344 123 
381 284 353 127 
388 286 360 127 
397 293 363 132 
401 296 367 134 
409 298 368 134 
413 301 373 137 
420 303 375 140 
430 309 379 143 
434 312 384 144 
437 318 389 146 
443 324 396 146 
444 328 405 147 
451 330 410 147 
455 331 414 149 
461 333 420 150 
466 337 429 151 
473 344 434 151 
479 350 439 154 
482 352 445 155 
487 359 451 157 
489 365 455 161 
494 368 461 161 
500 371 468 162 
502 374 473 165 
508 379 478 166 
510 381 481 169 
518 384 486 171 
524 387 492 174 
530 390 497 175 
534 393 499 175 
542 400 504 175 
552 407 508 176 
557 410 510 179 
560 413 514 180 
565 414 521 182 
570 418 528 184 
574 423 532 185 
583 427 537 187 
585 431 540 187 
594 434 549 189 
601 436 554 191 
607 438 561 192 
615 441 567 194 
620 444 572 198 
627 447 576 200 
632 450 581 201 
640 457 583 202 
645 464 584 204 
651 465 590 207 
659 466 595 209 
662 470 601 210 
666 471 609 212 
672 474 611 212 
678 478 619 217 
686 480 620 218 
696 484 624 218 
703 486 626 222 
708 492 630 224 
709 496 640 225 
718 499 650 226 
732 503 656 229 
738 505 660 231 
745 507 667 233 
753 509 673 233 
759 516 678 235 
763 519 680 237 
766 523 684 237 
767 524 692 238 
775 529 699 240 
778 532 708 242 
787 533 713 243 
791 534 717 246 
796 537 722 247 
800 539 732 250 
804 546 737 251 
809 547 744 255 
815 551 749 255 
820 555 755 257 
826 559 761 260 
833 561 766 260 
840 569 773 262 
843 570 783 265 
850 577 795 266 
856 580 798 266 
861 585 800 266 
864 588 804 266 
866 594 808 267 
871 596 810 269 
874 601 819 272 
878 607 821 274 
881 612 825 275 
885 618 833 275 
890 621 840 275 
897 626 842 278 
901 630 846 281 
904 633 850 284 
908 639 852 285 
914 644 854 287 
922 648 860 289 
924 650 865 292 
928 653 875 294 
936 658 881 296 
940 663 884 297 
945 668 891 299 
950 671 898 302 
959 675 903 304 
962 677 913 305 
969 680 920 305 
972 686 925 309 
975 687 931 311 
980 688 935 316 
983 689 943 320 
992 691 946 322 
998 693 954 324 
1003 698 962 325 
1005 700 967 326 
1011 705 969 329 
1019 709 971 331 
1026 714 976 334 
1031 716 980 337 
1034 717 982 338 
1042 724 987 339 
1048 727 997 340 
1053 728 1002 341 
1056 730 1008 341 
1062 737 1017 343 
1067 743 1024 345 
1072 746 1029 345 
1074 753 1036 345 
1078 758 1038 347 
1090 760 1042 349 
1099 762 1052 350 
1103 765 1054 352 
1110 770 1059 354 
1119 774 1065 355 
1123 776 1070 355 
1130 780 1075 356 
1138 783 1076 356 
1146 786 1080 358 
1150 793 1080 358 
1158 799 1081 358 
1162 802 1087 361 
1167 805 1089 366 
1172 806 1091 370 
1178 809 1096 373 
1184 809 1102 375 
1186 814 1103 379 
1193 815 1108 383 
1199 818 1114 385 
1206 820 1124 385 
1214 825 1127 386 
1222 827 1134 388 
1227 828 1139 389 
1233 832 1145 390 
1242 835 1150 391 
1249 839 1157 391 
1256 846 1161 391 
1261 851 1169 392 
1270 855 1173 393 
1277 860 1179 395 
1279 864 1184 397 
1281 871 1188 400 
1287 873 1192 402 
1287 876 1198 403 
1292 881 1202 405 
1299 884 1208 407 
1303 889 1210 410 
1306 898 1217 412 
1316 902 1219 415 
1319 907 1226 422 
1321 910 1229 424 
1329 915 1236 426 
1332 917 1241 429 
1336 919 1247 432 
1339 919 1252 433 
1344 921 1261 435 
1350 926 1264 435 
1355 930 1269 437 
1359 935 1274 437 
1367 936 1277 440 
1377 941 1283 441 
1382 945 1289 443 
1384 951 1296 445 
1388 952 1300 445 
1393 957 1305 447 
1398 963 1311 449 
1403 966 1315 450 
1409 968 1321 451 
1415 974 1325 452 
1419 976 1333 454 
1423 979 1339 455 
1428 980 1341 458 
1432 982 1346 459 
1436 985 1354 461 
1440 986 1362 464 
1442 989 1366 466 
1447 992 1369 468 
1453 997 1370 470 
1457 998 1373 471 
1461 1001 1382 474 
1464 1005 1386 474 
1467 1012 1392 477 
1477 1015 1398 478 
1478 1018 1402 480 
1483 1023 1407 480 
1492 1023 1412 480 
1502 1027 1415 481 
1505 1029 1419 485 
1510 1032 1427 486 
1515 1036 1435 488 
1524 1039 1438 493 
1530 1043 1445 494 
1538 1045 1453 497 
1542 1050 1453 499 
1547 1051 1458 500 
1552 1054 1461 505 
1555 1056 1467 506 
1559 1057 1470 511 
1562 1059 1477 514 
1570 1063 1478 514 
1577 1065 1485 516 
1581 1069 1489 517 
1587 1070 1495 517 
1590 1073 1500 517 
1601 1080 1509 518 
1611 1081 1517 518 
1618 1084 1523 521 
1626 1087 1530 522 
1631 1090 1535 523 
1637 1096 1541 527 
1642 1099 1542 528 
1650 1104 1545 529 
1654 1110 1548 531 
1664 1114 1551 531 
1669 1118 1560 532 
1674 1119 1565 534 
1684 1120 1569 535 
1686 1127 1574 537 
1692 1129 1584 538 
1697 1134 1593 540 
1700 1137 1594 540 
1705 1140 1600 541 
1710 1143 1606 541 
1717 1146 1611 544 
1723 1152 1620 545 
1728 1154 1622 546 
1732 1157 1626 547 
1736 1160 1630 548 
1741 1162 1632 548 
1749 1166 1640 550 
1753 1168 1643 552 
1762 1175 1648 552 
1767 1179 1659 552 
1770 1183 1668 553 
1779 1188 1669 553 
1781 1192 1674 555 
1784 1195 1679 556 
1787 1196 1681 558 
1792 1198 1685 558 
1797 1200 1691 560 
1804 1205 1698 560 
1807 1212 1704 562 
1808 1215 1706 563 
1815 1216 1711 563 
1816 1222 1715 567 
1821 1229 1721 568 
1828 1232 1726 568 
1836 1240 1729 569 
1842 1244 1736 569 
1846 1249 1741 569 
1856 1254 1749 571 
1859 1259 1751 572 
1866 1261 1756 575 
1869 1268 1760 576 
1876 1274 1766 578 
1880 1280 1769 582 
1883 1283 1770 584 
1890 1287 1775 586 
1895 1294 1778 588 
1901 1297 1786 590 
1906 1300 1789 591 
1911 1304 1797 592 
1914 1308 1801 594 
1918 1310 1805 597 
1925 1310 1811 597 
1932 1314 1817 597 
1939 1318 1822 599 
1946 1321 1824 599 
1950 1325 1831 600 
1954 1328 1832 603 
1960 1334 1834 604 
1966 1337 1843 606 
1970 1345 1850 607 
1975 1351 1850 610 
1982 1356 1852 613 
1986 1359 1853 615 
1994 1365 1856 617 
1996 1373 1858 620 
1999 1375 1867 620 
2008 1379 1873 621 
2013 1382 1881 621 
2018 1385 1888 621 
2024 1385 1895 623 
2030 1389 1903 623 
2032 1396 1906 623 
2038 1400 1910 625 
2041 1404 1919 625 
2046 1411 1928 627 
2054 1413 1930 627 
2059 1418 1933 628 
2064 1422 1935 631 
2067 1425 1937 633 
2070 1426 1944 635 
2079 1430 1954 637 
2087 1435 1961 638 
2092 1439 1966 638 
2098 1443 1969 638 
2105 1451 1971 641 
2111 1453 1973 643 
2113 1457 1977 647 
2116 1460 1980 650 
2118 1462 1986 652 
2124 1466 1992 654 
2127 1468 1994 655 
2133 1468 1998 656 
2136 1471 2004 659 
2140 1475 2007 660 
2148 1477 2011 661 
2157 1477 2013 663 
2166 1479 2017 665 
2170 1484 2024 666 
2177 1489 2032 667 
2184 1494 2037 667 
2190 1496 2041 668 
2193 1500 2045 672 
2198 1504 2047 676 
2200 1506 2057 678 
2203 1511 2064 679 
2210 1514 2073 680 
2214 1516 2079 683 
2223 1520 2085 686 
2229 1521 2088 688 
2236 1525 2093 689 
2242 1528 2095 692 
2252 1530 2102 697 
2258 1535 2108 698 
2261 1541 2111 701 
2265 1543 2119 702 
2268 1545 2122 706 
2269 1552 2129 709 
2274 1555 2132 711 
2279 1560 2134 713 
2285 1564 2141 713 
2290 1569 2145 715 
2295 1572 2147 717 
2301 1574 2151 720 
2307 1575 2157 720 
2309 1581 2163 722 
2312 1587 2169 722 
2317 1592 2173 722 
2321 1594 2178 725 
2326 1598 2186 728 
2327 1600 2188 729 
2331 1604 2194 732 
2337 1607 2197 734 
2343 1610 2204 737 
2346 1613 2210 738 
2349 1621 2214 740 
2355 1622 2220 742 
2358 1625 2228 743 
2363 1630 2232 743 
2367 1631 2235 747 
2372 1636 2237 749 
2377 1637 2243 753 
2380 1637 2245 753 
2383 1641 2253 757 
2393 1646 2258 763 
2397 1652 2263 767 
2402 1660 2266 769 
2406 1664 2268 770 
2409 1667 2273 771 
2417 1671 2281 771 
2421 1674 2286 774 
2427 1678 2293 779 
2432 1680 2300 780 
2438 1681 2306 781 
2442 1685 2314 784 
2444 1689 2318 786 
2447 1695 2321 788 
2454 1697 2328 788 
2458 1698 2331 789 
2459 1700 2336 791 
2465 1703 2338 792 
2468 1705 2339 793 
2470 1711 2348 794 
2475 1719 2352 796 
2482 1723 2358 797 
2487 1725 2364 798 
2491 1725 2369 801 
2496 1728 2378 804 
2501 1732 2384 809 
2510 1735 2390 810 
2517 1738 2395 810 
2522 1740 2401 811 
2529 1746 2406 811 
2537 1749 2412 812 
2544 1754 2417 813 
2550 1755 2421 815 
2559 1759 2427 817 
2569 1761 2431 820 
2576 1763 2441 820 
2583 1767 2446 823 
2592 1770 2449 826 
2594 1773 2451 828 
2597 1777 2455 830 
2600 1781 2459 831 
2608 1787 2463 832 
2615 1789 2471 836 
2617 1792 2473 838 
2623 1797 2482 840 
2631 1802 2488 841 
2638 1807 2492 841 
2645 1810 2499 843 
2647 1811 2501 846 
2653 1811 2505 846 
2659 1818 2508 847 
2664 1823 2511 848 
2667 1826 2513 848 
2670 1830 2518 850 
2676 1837 2526 851 
2680 1843 2530 854 
2688 1847 2533 855 
2692 1851 2537 858 
2702 1854 2543 860 
2706 1860 2551 863 
2710 1861 2555 864 
2718 1865 2561 865 
2722 1868 2567 867 
2726 1875 2576 868 
2731 1880 2583 869 
2737 1880 2591 870 
2744 1884 2595 872 
2750 1887 2603 872 
2757 1890 2608 872 
2762 1897 2612 873 
2767 1898 2617 875 
2769 1903 2623 878 
2770 1905 2625 879 
2776 1907 2631 880 
2782 1912 2636 882 
2788 1917 2641 884 
2791 1922 2643 886 
2801 1925 2645 889 
2808 1931 2649 891 
2812 1933 2657 891 
2818 1937 2660 894 
2822 1941 2665 897 
2826 1949 2674 900 
2833 1958 2682 902 
2835 1962 2687 903 
2844 1970 2689 906 
2848 1973 2692 907 
2852 1977 2699 908 
2856 1978 2704 910 
2863 1982 2709 914 
2868 1984 2716 915 
2873 1985 2728 916 
2881 1988 2732 917 
2884 1992 2744 918 
2891 1994 2751 920 
2895 1995 2756 921 
2898 1999 2761 922 
2901 2005 2764 922 
2906 2010 2772 922 
2909 2013 2776 922 
2916 2017 2778 925 
2921 2019 2782 927 
2924 2024 2793 928 
2930 2025 2799 931 
2932 2028 2803 933 
2937 2031 2807 934 
2942 2032 2812 935 
2945 2038 2815 937 
2951 2042 2819 938 
2956 2044 2819 938 
2961 2046 2826 942 
2965 2050 2829 943 
2968 2052 2835 944 
2971 2055 2841 944 
2978 2062 2849 947 
2979 2069 2853 951 
2989 2072 2859 954 
2994 2073 2863 955 
2999 2073 2871 955 
3006 2078 2882 960 
3011 2082 2885 962 
3017 2089 2893 963 
3024 2092 2900 963 
3028 2098 2904 965 
3034 2101 2912 966 
3043 2101 2918 969 
3048 2104 2922 972 
3057 2107 2928 972 
3060 2110 2940 972 
3068 2113 2943 974 
3075 2114 2948 977 
3081 2119 2955 978 
3089 2121 2958 980 
3095 2123 2963 981 
3103 2126 2973 983 
3108 2128 2979 983 
3119 2129 2984 987 
3122 2135 2987 991 
3129 2137 2993 992 
3134 2142 2997 992 
3136 2144 3004 993 
3139 2148 3007 995 
3146 2152 3012 996 
3150 2156 3018 998 
3152 2161 3020 999 
3159 2166 3025 1002 
3164 2171 3029 1005 
3168 2177 3035 1006 
3174 2180 3038 1006 
3176 2182 3046 1006 
3177 2184 3055 1008 
3180 2187 3059 1010 
3189 2191 3063 1011 
3191 2196 3067 1014 
3197 2201 3073 1016 
3204 2204 3081 1017 
3212 2207 3085 1021 
3217 2208 3089 1023 
3221 2210 3095 1024 
3225 2214 3102 1025 
3230 2221 3105 1028 
3235 2224 3110 1030 
3238 2227 3117 1034 
3243 2231 3124 1036 
3252 2235 3126 1038 
3260 2239 3133 1039 
3263 2247 3137 1040 
3268 2252 3140 1040 
3269 2255 3145 1040 
3274 2257 3150 1043 
3281 2264 3151 1045 
3287 2266 3156 1045 
3290 2267 3159 1046 
3295 2270 3163 1048 
3305 2274 3168 1049 
3309 2277 3170 1050 
3312 2282 3170 1051 
3322 2287 3177 1054 
3330 2294 3182 1055 
3333 2299 3185 1057 
3338 2300 3192 1060 
3340 2304 3200 1060 
3345 2307 3202 1065 
3350 2310 3207 1066 
3357 2314 3212 1066 
3366 2320 3220 1069 
3371 2323 3223 1069 
3374 2326 3227 1073 
3379 2332 3231 1074 
3384 2336 3237 1078 
3386 2341 3243 1079 
3393 2346 3249 1080 
3397 2353 3251 1081 
3402 2357 3255 1082 
3407 2364 3257 1085 
3411 2370 3263 1085 
3417 2373 3271 1086 
3422 2374 3275 1089 
3429 2380 3278 1090 
3434 2383 3279 1093 
3438 2386 3281 1094 
3440 2391 3291 1096 
3448 2395 3297 1098 
3456 2400 3302 1099 
3464 2402 3308 1101 
3467 2404 3313 1101 
3471 2409 3316 1103 
3472 2411 3322 1106 
3480 2412 3325 1107 
3486 2417 3331 1109 
3493 2421 3337 1112 
3500 2428 3342 1112 
3508 2434 3349 1114 
3514 2436 3353 1116 
3520 2443 3358 1118 
3524 2447 3364 1120 
3525 2453 3367 1120 
3532 2454 3371 1121 
3540 2457 3375 1123 
3545 2461 3382 1124 
3548 2465 3385 1126 
3555 2467 3390 1128 
3562 2470 3396 1130 
3566 2470 3403 1132 
3572 2475 3410 1132 
3579 2481 3417 1135 
3585 2483 3420 1136 
3595 2488 3428 1138 
3602 2493 3435 1139 
3609 2496 3443 1139 
3613 2497 3445 1140 
3618 2499 3450 1144 
3625 2501 3457 1146 
3633 2503 3458 1147 
3640 2506 3465 1150 
3641 2507 3470 1152 
3645 2509 3476 1152 
3652 2513 3479 1155 
3658 2520 3482 1159 
3664 2525 3489 1162 
3667 2528 3496 1162 
3669 2532 3499 1162 
3678 2536 3504 1164 
3686 2538 3509 1170 
3695 2540 3515 1171 
3701 2541 3524 1174 
3705 2544 3530 1174 
3711 2546 3534 1176 
3717 2553 3544 1176 
3724 2558 3547 1182 
3729 2563 3554 1182 
3736 2567 3557 1185 
3738 2572 3563 1189 
3744 2574 3573 1190 
3749 2576 3578 1193 
3760 2579 3583 1195 
3761 2579 3593 1195 
3768 2579 3603 1197 
3773 2584 3612 1201 
3779 2589 3619 1202 
3783 2592 3626 1202 
3789 2594 3633 1206 
3792 2597 3638 1207 
3798 2601 3649 1208 
3803 2605 3654 1212 
3809 2610 3662 1215 
3815 2613 3669 1221 
3819 2616 3676 1223 
3825 2616 3682 1226 
3829 2618 3689 1226 
3833 2625 3696 1227 
3840 2627 3700 1229 
3844 2633 3709 1229 
3846 2637 3716 1229 
3851 2642 3720 1231 
3854 2643 3725 1234 
3861 2647 3728 1235 
3866 2649 3730 1237 
3872 2652 3732 1238 
3879 2656 3741 1238 
3882 2658 3746 1241 
3891 2662 3756 1245 
3896 2664 3764 1245 
3898 2671 3768 1249 
3904 2673 3773 1251 
3907 2677 3777 1253 
3915 2684 3779 1255 
3920 2690 3789 1257 
3925 2695 3797 1259 
3929 2696 3802 1261 
3935 2702 3810 1261 
3941 2706 3818 1265 
3947 2713 3831 1266 
3953 2720 3837 1268 
3958 2727 3845 1269 
3962 2730 3850 1270 
3968 2735 3854 1272 
3972 2738 3857 1273 
3976 2740 3863 1275 
3978 2741 3867 1278 
3985 2747 3870 1283 
3988 2752 3874 1284 
3990 2756 3884 1287 
3999 2761 3888 1289 
4003 2767 3895 1290 
4008 2771 3900 1291 
4016 2775 3907 1293 
4021 2776 3913 1295 
4028 2785 3915 1296 
4033 2789 3923 1296 
4041 2793 3930 1296 
4044 2799 3936 1298 
4051 2805 3941 1298 
4058 2809 3944 1299 
4063 2813 3946 1300 
4068 2819 3951 1301 
4070 2824 3955 1304 
4072 2826 3963 1307 
4075 2828 3969 1310 
4079 2829 3974 1310 
4082 2832 3977 1315 
4087 2833 3981 1318 
4092 2838 3994 1322 
4097 2843 4001 1325 
4101 2846 4005 1326 
4107 2850 4007 1328 
4118 2852 4013 1330 
4121 2858 4021 1331 
4125 2860 4029 1333 
4135 2865 4033 1336 
4141 2868 4038 1337 
4146 2874 4045 1343 
4152 2880 4054 1346 
4158 2881 4059 1347 
4162 2888 4063 1347 
4169 2893 4068 1347 
4174 2898 4072 1347 
4180 2899 4081 1349 
4188 2905 4087 1352 
4191 2908 4094 1357 
4197 2911 4100 1357 
4203 2913 4106 1362 
4205 2917 4113 1363 
4212 2921 4119 1367 
4215 2926 4123 1370 
4220 2929 4134 1371 
4222 2931 4140 1372 
4224 2935 4145 1372 
4228 2940 4152 1372 
4235 2946 4159 1376 
4240 2948 4169 1381 
4246 2950 4174 1383 
4254 2951 4177 1385 
4258 2956 4184 1390 
4261 2960 4192 1391 
4268 2964 4198 1393 
4273 2967 4199 1393 
4278 2973 4205 1393 
4281 2975 4209 1394 
4286 2979 4214 1397 
4291 2982 4216 1398 
4292 2984 4221 1399 
4299 2989 4227 1402 
4304 2994 4230 1405 
4312 2997 4234 1406 
4317 2997 4245 1409 
4325 3002 4248 1410 
4333 3004 4252 1414 
4337 3006 4254 1418 
4341 3008 4262 1420 
4345 3012 4267 1422 
4350 3017 4272 1424 
4352 3022 4281 1426 
4356 3026 4288 1429 
4366 3029 4295 1431 
4372 3034 4300 1435 
4374 3038 4302 1436 
4383 3041 4309 1438 
4388 3044 4316 1441 
4391 3048 4328 1441 
4399 3053 4335 1444 
4404 3056 4340 1444 
4410 3059 4347 1445 
4414 3062 4351 1446 
4423 3066 4354 1450 
4427 3068 4361 1450 
4430 3069 4365 1453 
4436 3071 4370 1456 
4440 3075 4376 1458 
4442 3082 4382 1460 
4447 3090 4383 1460 
4451 3092 4390 1463 
4460 3096 4393 1464 
4468 3100 4395 1464 
4475 3106 4398 1464 
4481 3108 4399 1465 
4484 3110 4403 1468 
4488 3113 4407 1475 
4494 3116 4411 1475 
4502 3122 4418 1476 
4504 3125 4425 1477 
4508 3128 4428 1478 
4513 3132 4436 1479 
4521 3136 4441 1480 
4523 3142 4447 1481 
4529 3143 4450 1485 
4532 3151 4454 1487 
4538 3151 4458 1492 
4541 3157 4468 1495 
4542 3166 4472 1495 
4547 3170 4475 1497 
4552 3172 4480 1499 
4558 3177 4485 1500 
4562 3180 4492 1501 
4566 3183 4500 1503 
4572 3188 4506 1505 
4578 3195 4511 1508 
4587 3200 4518 1512 
4590 3202 4523 1512 
4592 3205 4528 1513 
4600 3208 4531 1515 
4606 3212 4538 1518 
4613 3215 4546 1518 
4620 3222 4551 1519 
4625 3229 4553 1523 
4629 3233 4559 1523 
4634 3241 4566 1526 
4640 3244 4571 1529 
4642 3250 4577 1530 
4647 3255 4583 1534 
4651 3258 4587 1537 
4653 3260 4593 1541 
4655 3265 4600 1543 
4657 3268 4608 1545 
4661 3270 4619 1546 
4667 3275 4625 1549 
4670 3276 4632 1551 
4675 3280 4643 1553 
4680 3281 4647 1554 
4683 3288 4650 1555 
4689 3292 4658 1557 
4693 3293 4665 1558 
4699 3299 4674 1558 
4705 3300 4678 1559 
4710 3302 4684 1563 
4711 3305 4689 1566 
4715 3308 4698 1566 
4721 3313 4702 1567 
4723 3317 4705 1570 
4729 3323 4709 1574 
4733 3326 4718 1578 
4738 3330 4725 1580 
4742 3336 4732 1581 
4750 3346 4738 1585 
4755 3349 4744 1586 
4759 3354 4747 1586 
4765 3357 4751 1589 
4773 3361 4758 1591 
4779 3363 4760 1593 
4787 3363 4769 1595 
4791 3366 4777 1596 
4796 3372 4779 1597 
4802 3375 4785 1599 
4810 3380 4787 1600 
4816 3383 4794 1602 
4821 3384 4795 1603 
4830 3388 4801 1603 
4837 3389 4807 1607 
4840 3395 4809 1609 
4849 3400 4813 1610 
4854 3404 4821 1610 
4856 3409 4825 1611 
4867 3413 4831 1613 
4872 3417 4835 1614 
4876 3423 4839 1615 
4881 3424 4842 1617 
4886 3429 4846 1619 
4889 3433 4852 1621 
4893 3435 4860 1622 
4897 3439 4867 1623 
4905 3442 4874 1626 
4918 3451 4878 1628 
4923 3455 4883 1630 
4928 3461 4890 1631 
4932 3464 4896 1631 
4940 3468 4909 1632 
4940 3472 4914 1634 
4946 3476 4921 1636 
4951 3478 4924 1636 
4958 3479 4931 1637 
4960 3485 4933 1637 
4964 3488 4939 1638 
4969 3495 4947 1639 
4973 3497 4948 1640 
4977 3501 4950 1641 
4980 3508 4960 1642 
4984 3513 4964 1642 
4990 3517 4971 1643 
4994 3525 4973 1646 
5002 3531 4981 1646 
5008 3534 4989 1648 
5015 3536 4995 1650 
5023 3538 4999 1653 
5033 3545 5002 1653 
5038 3549 5006 1657 
5043 3553 5010 1660 
5048 3557 5014 1663 
5059 3561 5018 1664 
5064 3565 5024 1665 
5074 3568 5033 1668 
5078 3572 5042 1669 
5086 3579 5047 1672 
5091 3583 5047 1674 
5095 3589 5051 1675 
5101 3594 5060 1678 
5109 3599 5062 1678 
5113 3604 5066 1681 
5117 3609 5074 1683 
5120 3613 5080 1684 
5126 3616 5088 1687 
5132 3620 5090 1689 
5136 3622 5094 1693 
5142 3626 5098 1695 
5150 3630 5100 1695 
5157 3633 5105 1698 
5161 3637 5109 1700 
5166 3641 5112 1701 
5167 3648 5117 1706 
5171 3653 5119 1708 
5174 3657 5126 1710 
5177 3662 5132 1711 
5180 3666 5135 1712 
5186 3669 5141 1712 
5196 3671 5147 1715 
5202 3676 5153 1716 
5207 3678 5160 1719 
5213 3681 5163 1721 
5218 3687 5170 1722 
5223 3688 5174 1724 
5225 3693 5179 1726 
5233 3695 5184 1729 
5234 3697 5190 1732 
5239 3702 5194 1732 
5248 3705 5201 1734 
5251 3712 5206 1734 
5256 3716 5211 1736 
5260 3721 5215 1737 
5264 3724 5217 1739 
5266 3730 5222 1741 
5269 3739 5229 1742 
5279 3743 5234 1745 
5284 3748 5242 1746 
5288 3751 5245 1748 
5293 3756 5251 1750 
5301 3760 5260 1751 
5309 3763 5269 1756 
5312 3767 5274 1757 
5323 3767 5277 1758 
5327 3773 5281 1758 
5332 3778 5286 1760 
5339 3779 5290 1760 
5340 3781 5293 1761 
5344 3789 5301 1762 
5350 3793 5310 1764 
5354 3799 5315 1764 
5363 3801 5320 1766 
5373 3807 5324 1767 
5377 3813 5331 1770 
5384 3817 5336 1772 
5387 3822 5338 1772 
5391 3825 5345 1773 
5396 3828 5357 1774 
5399 3831 5360 1776 
5402 3836 5366 1777 
5407 3844 5369 1777 
5415 3847 5379 1781 
5420 3850 5383 1783 
5424 3854 5388 1785 
5431 3857 5393 1786 
5436 3862 5400 1786 
5442 3866 5406 1787 
5444 3869 5411 1791 
5449 3872 5418 1791 
5453 3876 5423 1792 
5460 3880 5428 1793 
5464 3880 5436 1796 
5468 3883 5438 1797 
5475 3887 5443 1799 
5478 3895 5446 1803 
5486 3898 5450 1808 
5488 3900 5460 1809 
5493 3905 5464 1813 
5497 3909 5468 1816 
5502 3916 5472 1817 
5511 3921 5473 1818 
5515 3924 5481 1821 
5518 3929 5490 1821 
5523 3934 5498 1823 
5532 3939 5509 1826 
5540 3944 5513 1828 
5545 3949 5518 1832 
5546 3953 5523 1832 
5551 3957 5530 1835 
5555 3965 5535 1835 
5559 3967 5537 1839 
5564 3970 5541 1844 
5575 3972 5547 1848 
5582 3975 5558 1852 
5588 3981 5562 1857 
5597 3989 5572 1858 
5600 3994 5575 1861 
5608 3998 5582 1863 
5616 4003 5587 1865 
5620 4005 5592 1865 
5624 4006 5599 1866 
5633 4009 5604 1867 
5639 4016 5608 1869 
5646 4021 5611 1871 
5652 4023 5621 1874 
5656 4025 5627 1876 
5657 4030 5630 1876 
5659 4033 5635 1880 
5667 4039 5639 1883 
5671 4042 5644 1886 
5676 4044 5648 1890 
5683 4051 5649 1894 
5688 4054 5656 1895 
5688 4058 5662 1897 
5693 4062 5674 1897 
5700 4068 5682 1900 
5709 4072 5685 1902 
5712 4075 5693 1905 
5719 4078 5696 1908 
5726 4080 5703 1914 
5731 4083 5706 1917 
5738 4087 5709 1920 
5741 4088 5710 1924 
5747 4093 5714 1924 
5752 4099 5719 1924 
5758 4103 5725 1926 
5764 4110 5732 1928 
5772 4115 5743 1931 
5776 4121 5750 1935 
5782 4126 5755 1938 
5788 4131 5764 1939 
5796 4133 5766 1942 
5798 4137 5776 1946 
5804 4142 5783 1947 
5807 4144 5791 1949 
5813 4147 5794 1950 
5820 4152 5800 1952 
5826 4158 5804 1953 
5831 4162 5810 1954 
5836 4165 5815 1955 
5839 4172 5820 1955 
5843 4177 5828 1955 
5844 4182 5836 1959 
5847 4188 5845 1960 
5854 4189 5852 1961 
5859 4196 5855 1963 
5863 4200 5861 1966 
5872 4203 5868 1967 
5882 4209 5873 1967 
5887 4214 5882 1969 
5895 4222 5887 1970 
5899 4225 5897 1971 
5903 4229 5904 1972 
5908 4236 5906 1976 
5916 4240 5910 1978 
5919 4244 5917 1980 
5926 4247 5926 1982 
5933 4253 5933 1983 
5935 4258 5940 1984 
5941 4263 5944 1984 
5948 4267 5948 1985 
5953 4273 5951 1987 
5957 4277 5956 1987 
5967 4280 5961 1988 
5977 4284 5967 1991 
5981 4285 5973 1995 
5981 4292 5977 1997 
5985 4295 5981 2001 
5989 4298 5988 2003 
5995 4300 5996 2004 
6001 4305 5999 2005 
6010 4309 6006 2008 
6016 4312 6012 2008 
6018 4316 6018 2011 
6022 4320 6024 2013 
6022 4326 6029 2016 
6026 4331 6036 2019 
6028 4337 6039 2021 
6032 4339 6047 2022 
6036 4342 6054 2025 
6043 4347 6057 2027 
6046 4350 6063 2027 
6050 4355 6070 2030 
6051 4357 6075 2031 
6053 4359 6078 2033 
6058 4364 6083 2035 
6062 4364 6089 2039 
6067 4371 6089 2039 
6073 4377 6091 2040 
6075 4380 6100 2041 
6078 4384 6107 2043 
6084 4385 6113 2047 
6087 4389 6119 2047 
6089 4391 6125 2049 
6096 4395 6129 2053 
6102 4399 6137 2056 
6105 4401 6142 2059 
6112 4403 6150 2061 
6114 4407 6152 2063 
6121 4410 6156 2066 
6125 4412 6162 2067 
6135 4417 6166 2069 
6145 4422 6172 2071 
6155 4426 6176 2071 
6160 4431 6181 2074 
6163 4437 6186 2075 
6174 4441 6190 2078 
6179 4444 6201 2081 
6186 4450 6203 2085 
6190 4453 6214 2085 
6197 4457 6222 2087 
6200 4459 6226 2088 
6205 4459 6232 2091 
6208 4463 6237 2093 
6214 4469 6241 2095 
6218 4471 6249 2096 
6221 4478 6252 2097 
6230 4482 6255 2099 
6233 4488 6257 2100 
6236 4491 6259 2102 
6242 4495 6266 2105 
6250 4502 6272 2107 
6255 4504 6279 2108 
6261 4506 6284 2112 
6270 4513 6289 2115 
6275 4517 6297 2116 
6280 4521 6305 2118 
6284 4528 6308 2119 
6292 4533 6314 2120 
6298 4537 6320 2120 
6301 4544 6326 2122 
6307 4549 6332 2127 
6313 4551 6339 2129 
6319 4551 6348 2131 
6324 4556 6356 2135 
6328 4557 6358 2138 
6331 4559 6361 2140 
6334 4563 6366 2142 
6346 4567 6369 2145 
6352 4573 6379 2148 
6364 4576 6386 2149 
6370 4580 6392 2150 
6376 4581 6396 2154 
6379 4583 6400 2156 
6387 4585 6408 2159 
6393 4588 6416 2160 
6401 4590 6421 2160 
6405 4594 6426 2162 
6407 4597 6433 2167 
6411 4600 6436 2170 
6414 4604 6438 2170 
6421 4607 6440 2170 
6427 4612 6444 2174 
6432 4616 6452 2177 
6438 4620 6457 2178 
6443 4621 6462 2179 
6449 4628 6466 2185 
6456 4632 6473 2187 
6459 4636 6478 2191 
6467 4641 6487 2193 
6474 4642 6497 2195 
6487 4646 6500 2198 
6490 4651 6503 2202 
6493 4657 6509 2203 
6498 4661 6515 2207 
6502 4664 6523 2208 
6511 4671 6528 2209 
6518 4677 6532 2210 
6520 4680 6537 2210 
6528 4685 6542 2210 
6533 4692 6548 2213 
6541 4696 6556 2214 
6547 4702 6566 2216 
6551 4707 6573 2217 
6557 4709 6579 2219 
6562 4714 6586 2219 
6566 4719 6592 2220 
6573 4722 6596 2223 
6579 4723 6605 2224 
6584 4727 6611 2227 
6587 4732 6619 2229 
6595 4737 6622 2232 
6600 4739 6631 2235 
6603 4741 6635 2240 
6613 4742 6641 2243 
6618 4744 6644 2244 
6623 4749 6647 2244 
6628 4750 6651 2248 
6633 4753 6656 2250 
6637 4754 6658 2252 
6642 4758 6666 2253 
6646 4760 6672 2253 
6652 4768 6674 2254 
6661 4772 6677 2257 
6663 4774 6683 2259 
6667 4777 6687 2259 
6677 4779 6696 2260 
6684 4786 6697 2264 
6690 4792 6707 2264 
6699 4793 6714 2266 
6702 4799 6726 2267 
6710 4799 6734 2269 
6711 4804 6741 2270 
6720 4808 6745 2270 
6729 4813 6750 2270 
6738 4820 6758 2272 
6741 4824 6765 2272 
6746 4828 6772 2272 
6748 4832 6777 2272 
6758 4838 6781 2273 
6762 4840 6788 2275 
6768 4847 6793 2276 
6771 4849 6799 2280 
6775 4857 6804 2283 
6782 4859 6807 2287 
6791 4859 6814 2287 
6796 4864 6820 2290 
6805 4868 6829 2293 
6808 4875 6838 2293 
6813 4878 6844 2297 
6817 4885 6849 2298 
6819 4889 6852 2300 
6828 4894 6857 2302 
6839 4897 6865 2303 
6850 4899 6867 2305 
6851 4907 6871 2309 
6856 4909 6877 2309 
6861 4915 6879 2311 
6864 4920 6892 2317 
6870 4924 6906 2318 
6874 4927 6913 2319 
6881 4929 6920 2320 
6888 4936 6925 2320 
6894 4937 6931 2321 
6898 4940 6938 2325 
6903 4943 6946 2329 
6908 4946 6949 2332 
6913 4950 6952 2335 
6918 4954 6955 2336 
6921 4957 6960 2339 
6926 4962 6967 2341 
6937 4965 6969 2343 
6943 4971 6975 2346 
6945 4975 6982 2350 
6952 4977 6988 2351 
6960 4979 6994 2354 
6964 4984 7000 2354 
6965 4986 7007 2356 
6971 4990 7014 2358 
6978 4992 7023 2359 
6983 4996 7029 2361 
6986 4998 7035 2363 
6992 5001 7038 2369 
6997 5007 7042 2369 
7002 5009 7048 2370 
7007 5014 7051 2372 
7012 5018 7056 2373 
7019 5024 7059 2378 
7021 5028 7065 2379 
7026 5031 7065 2383 
7033 5037 7078 2386 
7035 5041 7084 2389 
7042 5042 7086 2394 
7045 5046 7093 2396 
7054 5048 7105 2397 
7059 5048 7114 2401 
7064 5051 7119 2403 
7073 5054 7127 2406 
7078 5060 7129 2407 
7081 5063 7135 2410 
7083 5069 7137 2410 
7087 5073 7141 2413 
7091 5078 7145 2413 
7098 5084 7154 2415 
7102 5091 7161 2417 
7105 5096 7164 2422 
7112 5098 7169 2423 
7119 5103 7173 2424 
7126 5106 7178 2424 
7129 5108 7182 2426 
7133 5112 7185 2428 
7135 5118 7191 2433 
7139 5121 7194 2436 
7141 5125 7197 2439 
7144 5127 7198 2440 
7149 5129 7203 2441 
7154 5132 7206 2442 
7161 5133 7212 2446 
7167 5136 7216 2449 
7179 5143 7219 2452 
7185 5147 7226 2453 
7191 5150 7231 2453 
7197 5154 7236 2453 
7204 5159 7241 2455 
7211 5161 7249 2455 
7217 5164 7253 2456 
7223 5169 7262 2457 
7226 5175 7269 2458 
7229 5178 7274 2462 
7232 5179 7278 2465 
7236 5183 7284 2466 
7242 5186 7286 2468 
7248 5188 7292 2471 
7256 5190 7302 2473 
7263 5194 7306 2474 
7269 5198 7309 2476 
7281 5203 7312 2478 
7286 5208 7316 2479 
7293 5218 7324 2479 
7300 5221 7331 2481 
7306 5225 7334 2484 
7315 5232 7340 2486 
7317 5237 7346 2488 
7323 5240 7349 2490 
7324 5244 7351 2491 
7330 5248 7356 2495 
7334 5255 7362 2495 
7340 5256 7367 2496 
7344 5260 7372 2498 
7350 5269 7374 2500 
7362 5271 7375 2501 
7370 5276 7382 2504 
7374 5283 7387 2508 
7384 5286 7389 2509 
7387 5288 7395 2510 
7399 5288 7399 2512 
7403 5293 7410 2513 
7412 5296 7417 2515 
7419 5299 7425 2515 
7421 5305 7431 2519 
7428 5308 7434 2520 
7433 5311 7436 2522 
7439 5315 7447 2525 
7448 5317 7452 2527 
7458 5321 7456 2527 
7461 5323 7464 2531 
7468 5327 7470 2534 
7472 5331 7478 2537 
7478 5339 7482 2538 
7482 5345 7489 2541 
7488 5349 7495 2545 
7489 5353 7499 2548 
7495 5359 7502 2549 
7502 5361 7505 2552 
7504 5363 7512 2555 
7511 5365 7522 2557 
7516 5368 7526 2560 
7519 5373 7537 2563 
7523 5378 7538 2567 
7528 5382 7543 2570 
7538 5384 7547 2571 
7551 5390 7549 2571 
7555 5392 7556 2572 
7561 5400 7563 2574 
7568 5404 7567 2576 
7572 5409 7570 2577 
7573 5414 7577 2580 
7578 5418 7584 2584 
7582 5421 7589 2584 
7588 5424 7596 2585 
7591 5428 7606 2585 
7597 5433 7612 2587 
7603 5436 7613 2589 
7608 5441 7621 2590 
7616 5445 7624 2593 
7620 5448 7629 2595 
7624 5453 7632 2595 
7630 5458 7638 2599 
7636 5465 7647 2601 
7640 5470 7655 2602 
7647 5472 7661 2605 
7654 5474 7665 2608 
7662 5479 7673 2609 
7667 5483 7678 2610 
7671 5489 7685 2611 
7680 5494 7689 2615 
7688 5501 7693 2616 
7694 5507 7700 2618 
7700 5512 7704 2620 
7701 5519 7713 2623 
7708 5520 7716 2626 
7713 5523 7717 2628 
7717 5525 7720 2630 
7725 5528 7726 2633 
7731 5530 7727 2637 
7733 5532 7730 2637 
7737 5533 7737 2638 
7746 5535 7742 2640 
7753 5538 7751 2640 
7755 5542 7756 2641 
7762 5546 7757 2641 
7769 5552 7762 2643 
7776 5553 7768 2646 
7779 5557 7777 2649 
7784 5563 7779 2649 
7790 5571 7783 2656 
7794 5580 7786 2658 
7801 5587 7789 2658 
7805 5588 7797 2663 
7810 5590 7800 2665 
7816 5592 7805 2666 
7824 5598 7813 2668 
7832 5601 7823 2669 
7839 5604 7826 2672 
7844 5605 7829 2672 
7851 5611 7834 2673 
7864 5615 7836 2675 
7869 5617 7839 2678 
7874 5620 7844 2679 
7878 5622 7852 2682 
7884 5627 7858 2683 
7887 5634 7866 2685 
7899 5641 7873 2688 
7904 5643 7884 2689 
7909 5646 7893 2692 
7911 5652 7895 2693 
7916 5653 7898 2696 
7921 5661 7905 2697 
7930 5667 7911 2698 
7933 5673 7915 2699 
7938 5677 7925 2701 
7943 5683 7932 2704 
7947 5684 7934 2705 
7952 5688 7938 2707 
7955 5693 7950 2711 
7958 5699 7954 2713 
7964 5701 7957 2714 
7969 5709 7963 2715 
7976 5715 7969 2717 
7980 5719 7977 2718 
7986 5721 7984 2722 
7992 5724 7988 2724 
7997 5727 7998 2725 
8004 5730 8000 2725 
8010 5732 8007 2728 
8017 5737 8013 2731 
8025 5743 8020 2733 
8029 5746 8025 2733 
8035 5753 8032 2733 
8038 5757 8036 2734 
8041 5761 8043 2736 
8045 5766 8052 2737 
8050 5768 8057 2739 
8052 5773 8060 2739 
8057 5777 8064 2742 
8063 5779 8068 2743 
8070 5787 8071 2746 
8075 5790 8074 2748 
8081 5797 8079 2750 
8088 5800 8081 2752 
8091 5803 8090 2754 
8097 5811 8092 2756 
8104 5814 8097 2756 
8110 5818 8102 2758 
8115 5819 8108 2759 
8123 5825 8116 2759 
8127 5827 8119 2761 
8132 5832 8124 2762 
8133 5834 8128 2764 
8136 5839 8136 2769 
8147 5847 8142 2772 
8153 5852 8149 2772 
8157 5854 8152 2774 
8168 5862 8159 2779 
8172 5867 8163 2783 
8176 5870 8171 2786 
8183 5880 8177 2787 
8190 5884 8189 2789 
8194 5888 8197 2789 
8196 5897 8207 2791 
8206 5903 8217 2792 
8216 5912 8223 2795 
8221 5919 8226 2796 
8227 5926 8230 2799 
8233 5929 8241 2801 
8239 5937 8244 2803 
8247 5940 8250 2806 
8250 5942 8256 2809 
8255 5947 8262 2809 
8259 5952 8268 2809 
8264 5956 8274 2811 
8270 5961 8279 2814 
8279 5965 8286 2817 
8287 5970 8290 2819 
8291 5974 8295 2821 
8295 5977 8301 2822 
8299 5982 8311 2822 
8306 5985 8316 2825 
8312 5989 8322 2827 
8317 5994 8325 2828 
8322 6002 8331 2829 
8332 6007 8335 2832 
8336 6009 8344 2833 
8346 6013 8348 2834 
8354 6017 8356 2836 
8362 6020 8362 2839 
8369 6021 8367 2840 
8373 6028 8372 2842 
8383 6030 8375 2843 
8387 6033 8378 2845 
8395 6036 8385 2847 
8400 6041 8392 2848 
8402 6044 8399 2850 
8404 6048 8403 2854 
8410 6052 8404 2855 
8416 6058 8411 2857 
8421 6058 8420 2860 
8425 6064 8428 2862 
8433 6067 8435 2864 
8439 6070 8438 2864 
8445 6073 8442 2867 
8445 6077 8446 2869 
8451 6077 8452 2870 
8459 6083 8454 2871 
8463 6089 8460 2872 
8467 6093 8466 2876 
8471 6099 8469 2878 
8478 6104 8476 2879 
8485 6106 8479 2882 
8490 6112 8484 2883 
8493 6118 8496 2883 
8501 6124 8498 2885 
8511 6126 8502 2888 
8517 6131 8508 2891 
8524 6132 8511 2892 
8535 6135 8513 2895 
8543 6141 8524 2897 
8546 6146 8532 2898 
8554 6146 8537 2899 
8562 6152 8547 2902 
8566 6153 8551 2904 
8573 6155 8556 2906 
8581 6158 8562 2906 
8586 6161 8566 2908 
8592 6164 8571 2909 
8594 6166 8578 2910 
8604 6171 8582 2912 
8609 6176 8589 2914 
8611 6177 8596 2916 
8621 6181 8602 2917 
8625 6186 8608 2919 
8629 6192 8613 2923 
8633 6198 8616 2926 
8643 6202 8627 2931 
8649 6207 8633 2936 
8655 6208 8643 2937 
8658 6212 8647 2938 
8664 6215 8654 2939 
8670 6222 8659 2941 
8676 6228 8668 2943 
8680 6233 8672 2947 
8687 6237 8681 2948 
8694 6244 8683 2950 
8698 6251 8691 2952 
8705 6254 8698 2954 
8711 6256 8704 2954 
8717 6260 8715 2955 
8721 6265 8721 2956 
8723 6270 8726 2956 
8729 6272 8734 2959 
8733 6276 8743 2961 
8739 6284 8746 2964 
8744 6289 8755 2968 
8747 6289 8762 2970 
8750 6294 8767 2972 
8756 6295 8770 2973 
8757 6296 8778 2975 
8762 6299 8783 2977 
8766 6302 8790 2981 
8773 6308 8794 2983 
8781 6315 8804 2985 
8787 6320 8813 2989 
8790 6323 8818 2990 
8794 6331 8821 2993 
8799 6339 8826 2994 
8810 6344 8828 2999 
8813 6350 8834 3002 
8816 6355 8838 3002 
8822 6359 8844 3004 
8827 6362 8850 3006 
8834 6363 8860 3006 
8838 6367 8865 3009 
8845 6369 8869 3010 
8852 6370 8871 3013 
8857 6375 8873 3015 
8867 6378 8877 3017 
8876 6384 8885 3021 
8880 6393 8892 3024 
8887 6396 8902 3026 
8892 6400 8911 3027 
8898 6403 8919 3029 
8909 6405 8922 3029 
8914 6409 8923 3030 
8920 6412 8926 3031 
8924 6417 8929 3035 
8928 6419 8938 3038 
8933 6428 8946 3042 
8934 6432 8951 3043 
8943 6432 8961 3045 
8948 6436 8967 3046 
8956 6440 8974 3049 
8963 6447 8984 3052 
8968 6452 8988 3054 
8977 6456 8991 3054 
8987 6460 8996 3054 
8994 6465 9000 3057 
8998 6468 9008 3057 
9004 6473 9018 3059 
9008 6478 9027 3061 
9015 6481 9035 3063 
9027 6485 9041 3065 
9032 6490 9045 3067 
9040 6497 9051 3070 
9045 6501 9058 3074 
9049 6504 9059 3077 
9054 6507 9065 3081 
9056 6512 9070 3082 
9066 6516 9076 3083 
9076 6522 9086 3083 
9083 6524 9091 3086 
9089 6533 9091 3086 
9099 6540 9096 3088 
9105 6547 9101 3092 
9109 6555 9109 3097 
9112 6559 9112 3100 
9116 6562 9118 3103 
9118 6565 9123 3105 
9123 6570 9128 3109 
9130 6572 9134 3112 
9137 6577 9142 3113 
9144 6578 9144 3116 
9149 6582 9149 3119 
9151 6586 9158 3120 
9154 6591 9167 3122 
9161 6595 9174 3124 
9169 6601 9178 3125 
9175 6603 9189 3127 
9177 6604 9192 3130 
9184 6609 9202 3130 
9187 6611 9211 3132 
9188 6620 9217 3134 
9194 6622 9222 3136 
9197 6631 9228 3138 
9203 6636 9234 3141 
9207 6642 9237 3142 
9213 6646 9243 3142 
9216 6651 9248 3144 
9219 6659 9255 3150 
9224 6661 9258 3152 
9229 6665 9261 3154 
9236 6666 9269 3156 
9242 6667 9273 3160 
9249 6669 9278 3161 
9255 6672 9282 3161 
9259 6674 9295 3162 
9265 6679 9299 3162 
9269 6685 9305 3163 
9274 6690 9309 3165 
9281 6699 9316 3169 
9288 6701 9323 3169 
9289 6706 9327 3171 
9293 6708 9332 3171 
9300 6712 9335 3171 
9304 6713 9338 3172 
9312 6717 9346 3176 
9322 6726 9351 3176 
9328 6729 9361 3176 
9335 6732 9368 3176 
9341 6734 9373 3176 
9349 6738 9374 3178 
9354 6742 9380 3179 
9357 6750 9389 3183 
9362 6755 9396 3184 
9368 6761 9402 3185 
9371 6766 9409 3186 
9377 6771 9416 3189 
9387 6773 9423 3191 
9392 6779 9432 3192 
9397 6786 9439 3198 
9406 6790 9448 3200 
9410 6793 9453 3201 
9416 6796 9456 3202 
9421 6802 9458 3202 
9427 6809 9461 3202 
9429 6819 9466 3203 
9435 6819 9469 3207 
9443 6821 9478 3209 
9447 6828 9487 3209 
9452 6831 9493 3212 
9459 6838 9498 3216 
9464 6843 9504 3219 
9468 6850 9508 3221 
9472 6856 9511 3224 
9477 6862 9515 3228 
9482 6870 9522 3231 
9490 6872 9528 3233 
9496 6873 9533 3236 
9500 6876 9542 3240 
9507 6878 9552 3240 
9520 6881 9557 3242 
9526 6882 9566 3242 
9536 6886 9575 3244 
9541 6887 9580 3246 
9549 6893 9584 3251 
9552 6900 9594 3252 
9557 6903 9608 3252 
9563 6907 9615 3252 
9571 6913 9624 3256 
9575 6913 9628 3258 
9579 6917 9631 3258 
9583 6920 9634 3260 
9592 6925 9637 3262 
9597 6930 9640 3265 
9603 6936 9646 3267 
9613 6942 9651 3270 
9619 6942 9661 3270 
9625 6948 9670 3273 
9634 6949 9674 3275 
9636 6952 9680 3276 
9645 6960 9686 3276 
9650 6964 9691 3279 
9653 6971 9699 3280 
9658 6976 9703 3284 
9663 6981 9709 3285 
9673 6983 9715 3288 
9679 6987 9721 3292 
9681 6992 9728 3294 
9685 6999 9731 3294 
9689 7005 9735 3294 
9695 7008 9751 3295 
9700 7011 9753 3298 
9706 7018 9757 3300 
9712 7024 9765 3302 
9717 7028 9774 3303 
9726 7034 9778 3306 
9732 7039 9781 3308 
9736 7045 9789 3310 
9742 7052 9795 3311 
9744 7058 9803 3312 
9748 7064 9810 3315 
9754 7067 9826 3316 
9759 7070 9835 3317 
9763 7076 9841 3318 
9766 7077 9845 3321 
9770 7082 9850 3323 
9779 7084 9856 3327 
9784 7093 9859 3328 
9789 7095 9862 3329 
9795 7098 9869 3331 
9799 7101 9878 3333 
9805 7103 9884 3338 
9813 7107 9889 3343 
9816 7112 9895 3345 
9821 7118 9897 3345 
9831 7119 9904 3345 
9835 7124 9912 3345 
9839 7130 9918 3346 
9844 7135 9924 3346 
9845 7142 9932 3348 
9850 7151 9943 3353 
9859 7153 9950 3355 
9862 7162 9955 3358 
9872 7166 9959 3360 
9878 7171 9962 3361 
9885 7177 9969 3361 
9890 7180 9972 3362 
9894 7180 9978 3364 
9901 7184 9984 3364 
9907 7189 9994 3365 
9911 7190 9998 3367 
9916 7195 10011 3367 
9922 7197 10016 3369 
9925 7197 10025 3371 
9933 7200 10032 3374 
9943 7204 10036 3375 
9945 7208 10043 3378 
9949 7217 10046 3380 
9953 7222 10054 3384 
9964 7225 10057 3385 
9972 7229 10061 3389 
9977 7233 10069 3392 
9983 7235 10072 3395 
9988 7243 10075 3398 
9994 7251 10082 3398 
10002 7256 10091 3399 
10014 7259 10095 3399 
10019 7265 10104 3399 
10026 7270 10108 3399 
10034 7274 10113 3402 
10043 7278 10117 3404 
10053 7285 10121 3409 
10061 7289 10127 3414 
10070 7291 10133 3416 
10075 7293 10138 3417 
10080 7295 10144 3419 
10086 7299 10146 3420 
10097 7302 10153 3420 
10102 7306 10156 3424 
10104 7308 10164 3424 
10109 7310 10169 3428 
10117 7312 10181 3430 
10121 7314 10187 3434 
10129 7321 10190 3436 
10135 7327 10193 3437 
10146 7331 10193 3437 
10149 7335 10196 3438 
10151 7339 10202 3441 
10154 7343 10205 3443 
10161 7348 10209 3443 
10166 7351 10215 3444 
10169 7361 10220 3446 
10175 7367 10221 3447 
10181 7370 10229 3449 
10185 7375 10235 3451 
10190 7381 10244 3453 
10194 7383 10252 3456 
10203 7387 10257 3456 
10209 7391 10262 3459 
10215 7393 10267 3463 
10220 7397 10275 3467 
10223 7399 10278 3468 
10233 7399 10284 3470 
10236 7404 10286 3476 
10241 7410 10287 3480 
10244 7414 10291 3481 
10255 7423 10299 3483 
10261 7428 10303 3486 
10267 7433 10308 3491 
10271 7437 10314 3493 
10275 7441 10321 3495 
10282 7444 10327 3497 
10285 7447 10335 3500 
10289 7450 10340 3503 
10293 7456 10348 3505 
10295 7461 10350 3505 
10301 7464 10362 3507 
10311 7468 10367 3510 
10317 7473 10373 3514 
10328 7481 10383 3516 
10334 7488 10389 3518 
10342 7490 10396 3520 
10348 7494 10404 3522 
10360 7505 10407 3522 
10365 7508 10412 3523 
10373 7513 10418 3523 
10379 7520 10422 3524 
10388 7524 10427 3528 
10391 7528 10434 3531 
10397 7533 10439 3532 
10403 7537 10445 3534 
10407 7543 10452 3534 
10411 7547 10460 3535 
10420 7552 10463 3536 
10427 7555 10467 3540 
10430 7560 10470 3540 
10435 7562 10476 3542 
10439 7565 10484 3545 
10446 7571 10492 3549 
10450 7578 10500 3549 
10458 7581 10505 3549 
10463 7590 10512 3553 
10471 7597 10516 3556 
10476 7602 10520 3559 
10483 7604 10522 3561 
10495 7609 10532 3564 
10502 7614 10536 3569 
10508 7619 10544 3570 
10514 7624 10550 3571 
10523 7629 10554 3572 
10530 7633 10557 3576 
10540 7636 10563 3578 
10546 7642 10567 3580 
10554 7645 10571 3580 
10561 7651 10577 3580 
10566 7653 10582 3583 
10572 7661 10585 3585 
10577 7663 10594 3586 
10587 7665 10598 3587 
10592 7669 10606 3591 
10597 7672 10616 3591 
10601 7678 10624 3594 
10607 7685 10628 3597 
10613 7688 10634 3598 
10622 7692 10640 3600 
10627 7699 10645 3601 
10629 7704 10654 3604 
10638 7711 10660 3606 
10648 7713 10665 3608 
10656 7716 10671 3613 
10661 7721 10680 3617 
10662 7724 10690 3620 
10672 7726 10694 3622 
10678 7730 10700 3625 
10679 7733 10705 3626 
10684 7739 10709 3627 
10693 7741 10715 3629 
10697 7743 10723 3629 
10700 7747 10730 3631 
10705 7754 10735 3633 
10712 7756 10740 3634 
10716 7761 10744 3634 
10724 7769 10754 3637 
10729 7773 10760 3637 
10732 7776 10766 3637 
10738 7782 10780 3639 
10740 7784 10787 3641 
10741 7787 10794 3646 
10749 7792 10803 3649 
10756 7797 10808 3651 
10761 7802 10813 3653 
10765 7803 10818 3654 
10771 7805 10821 3655 
10776 7807 10827 3658 
10782 7812 10835 3659 
10786 7817 10843 3663 
10795 7821 10846 3665 
10802 7825 10852 3668 
10806 7832 10860 3670 
10819 7835 10869 3673 
10823 7840 10877 3676 
10831 7844 10882 3680 
10837 7845 10887 3682 
10841 7848 10893 3684 
10844 7851 10897 3685 
10852 7857 10905 3685 
10859 7861 10912 3688 
10861 7866 10914 3691 
10869 7871 10922 3693 
10873 7877 10925 3694 
10877 7879 10928 3697 
10884 7881 10936 3697 
10887 7883 10942 3698 
10893 7886 10946 3702 
10902 7888 10949 3707 
10906 7890 10953 3709 
10909 7894 10962 3710 
10914 7896 10972 3712 
10919 7898 10975 3714 
10930 7902 10981 3716 
10933 7907 10984 3717 
10940 7911 10990 3719 
10943 7913 11000 3721 
10954 7921 11009 3724 
10963 7927 11013 3726 
10967 7930 11020 3727 
10973 7933 11026 3728 
10986 7936 11034 3733 
11001 7942 11036 3737 
11005 7946 11042 3737 
11010 7948 11044 3739 
11014 7951 11048 3740 
11018 7955 11050 3740 
11020 7960 11055 3741 
11024 7964 11058 3741 
11031 7969 11061 3742 
11037 7977 11063 3743 
11041 7983 11069 3746 
11053 7987 11074 3747 
11062 7992 11076 3749 
11071 8000 11081 3750 
11074 8002 11085 3751 
11082 8005 11086 3752 
11086 8008 11091 3756 
11093 8013 11097 3756 
11098 8019 11108 3756 
11105 8024 11115 3756 
11110 8027 11121 3758 
11116 8030 11125 3760 
11121 8036 11131 3764 
11126 8043 11136 3765 
11130 8045 11144 3769 
11138 8051 11150 3770 
11144 8058 11159 3772 
11149 8064 11163 3775 
11156 8069 11170 3777 
11163 8077 11177 3779 
11168 8080 11186 3784 
11172 8086 11192 3784 
11176 8091 11199 3791 
11184 8096 11201 3793 
11191 8099 11205 3797 
11193 8105 11211 3798 
11197 8112 11215 3798 
11208 8116 11228 3801 
11214 8121 11231 3804 
11217 8124 11236 3808 
11220 8127 11244 3809 
11225 8131 11250 3812 
11228 8135 11259 3815 
11231 8138 11260 3815 
11232 8143 11263 3817 
11237 8148 11267 3819 
11241 8152 11271 3820 
11242 8155 11276 3822 
11250 8163 11276 3823 
11260 8166 11281 3828 
11269 8175 11284 3830 
11273 8176 11291 3831 
11280 8180 11303 3834 
11288 8185 11304 3838 
11296 8190 11310 3840 
11302 8198 11317 3843 
11308 8199 11322 3844 
11311 8202 11328 3844 
11314 8203 11334 3848 
11320 8206 11344 3850 
11325 8214 11352 3852 
11328 8220 11359 3854 
11337 8220 11363 3857 
11344 8221 11366 3858 
11350 8223 11370 3862 
11361 8226 11379 3864 
11367 8227 11385 3866 
11370 8236 11389 3868 
11375 8236 11391 3870 
11380 8238 11398 3871 
11384 8243 11402 3872 
11390 8250 11410 3875 
11397 8252 11414 3875 
11401 8259 11424 3877 
11405 8265 11429 3879 
11411 8268 11433 3879 
11414 8274 11437 3882 
11421 8278 11442 3884 
11423 8285 11449 3888 
11431 8292 11456 3890 
11431 8294 11463 3891 
11437 8296 11465 3892 
11442 8303 11470 3893 
11444 8306 11475 3894 
11452 8313 11481 3895 
11458 8316 11488 3899 
11468 8324 11495 3900 
11473 8327 11502 3903 
11479 8330 11510 3906 
11487 8334 11516 3907 
11492 8337 11522 3910 
11497 8341 11529 3912 
11500 8347 11534 3913 
11506 8349 11542 3915 
11510 8354 11549 3917 
11512 8354 11553 3920 
11519 8355 11556 3922 
11526 8360 11563 3925 
11531 8366 11566 3928 
11534 8368 11569 3928 
11545 8373 11576 3930 
11550 8379 11583 3932 
11557 8381 11587 3933 
11562 8386 11592 3936 
11566 8392 11598 3938 
11573 8393 11602 3939 
11577 8397 11608 3941 
11585 8399 11610 3943 
11593 8402 11615 3947 
11601 8403 11620 3951 
11607 8409 11625 3954 
11612 8420 11630 3956 
11618 8427 11639 3959 
11626 8435 11649 3960 
11634 8439 11655 3963 
11644 8444 11663 3965 
11649 8450 11664 3968 
11655 8452 11669 3969 
11660 8458 11684 3971 
11667 8461 11692 3972 
11671 8469 11695 3975 
11679 8474 11699 3977 
11691 8479 11704 3978 
11701 8482 11709 3981 
11708 8486 11713 3986 
11714 8489 11718 3988 
11717 8493 11724 3992 
11721 8496 11729 3994 
11727 8500 11731 3995 
11736 8506 11735 3998 
11741 8508 11748 4002 
11746 8514 11753 4004 
11750 8514 11757 4006 
11756 8517 11765 4007 
11760 8523 11767 4009 
11762 8526 11775 4012 
11769 8532 11780 4017 
11769 8540 11785 4020 
11775 8545 11792 4025 
11779 8550 11796 4029 
11782 8556 11804 4030 
11787 8560 11810 4034 
11790 8565 11816 4037 
11796 8572 11825 4038 
11798 8576 11833 4042 
11804 8582 11842 4044 
11807 8584 11847 4048 
11811 8584 11849 4048 
11824 8592 11855 4050 
11829 8596 11859 4052 
11831 8599 11864 4053 
11836 8602 11866 4057 
11839 8611 11869 4060 
11851 8617 11875 4062 
11857 8620 11877 4064 
11861 8628 11880 4065 
11865 8633 11882 4067 
11868 8636 11887 4068 
11872 8642 11892 4071 
11879 8648 11895 4072 
11884 8651 11899 4072 
11889 8654 11905 4074 
11893 8657 11913 4076 
11898 8661 11920 4079 
11906 8665 11922 4082 
11913 8669 11925 4085 
11916 8677 11932 4089 
11921 8678 11938 4089 
11925 8680 11940 4095 
11932 8682 11945 4096 
11935 8685 11949 4096 
11938 8687 11956 4097 
11945 8689 11961 4100 
11949 8692 11967 4106 
11954 8697 11974 4112 
11963 8702 11977 4115 
11969 8707 11980 4116 
11978 8716 11987 4118 
11981 8721 11995 4119 
11987 8726 11997 4120 
11994 8733 12005 4122 
11997 8737 12008 4123 
12003 8743 12010 4123 
12013 8750 12014 4124 
12019 8755 12022 4126 
12024 8756 12027 4126 
12030 8762 12034 4128 
12035 8766 12044 4130 
12038 8775 12050 4132 
12042 8777 12055 4134 
12043 8780 12059 4134 
12047 8785 12065 4135 
12052 8790 12073 4137 
12055 8801 12073 4139 
12064 8804 12086 4141 
12072 8808 12088 4144 
12080 8812 12089 4146 
12089 8815 12093 4149 
12098 8820 12095 4151 
12102 8825 12100 4155 
12104 8827 12111 4157 
12109 8833 12113 4160 
12117 8839 12119 4161 
12127 8844 12122 4165 
12131 8847 12125 4166 
12134 8848 12129 4168 
12141 8850 12134 4172 
12148 8854 12143 4175 
12152 8860 12150 4175 
12154 8864 12152 4178 
12163 8870 12157 4180 
12167 8874 12167 4181 
12168 8878 12178 4183 
12172 8884 12185 4185 
12176 8895 12191 4187 
12182 8899 12197 4190 
12188 8903 12201 4196 
12188 8905 12205 4199 
12191 8909 12211 4201 
12197 8913 12215 4201 
12202 8920 12223 4202 
12209 8923 12230 4202 
12215 8925 12235 4202 
12218 8934 12243 4204 
12224 8936 12250 4205 
12229 8941 12257 4206 
12236 8942 12263 4207 
12242 8946 12268 4208 
12250 8950 12279 4209 
12253 8957 12285 4210 
12263 8961 12289 4210 
12267 8964 12295 4213 
12274 8971 12302 4214 
12280 8977 12304 4215 
12287 8986 12307 4215 
12291 8992 12317 4218 
12295 8994 12321 4220 
12298 8996 12329 4221 
12304 9000 12337 4227 
12308 9012 12343 4231 
12314 9020 12347 4234 
12316 9024 12356 4235 
12322 9028 12369 4238 
12328 9033 12378 4242 
12331 9038 12381 4242 
12336 9045 12387 4244 
12341 9051 12396 4247 
12345 9054 12401 4248 
12351 9058 12404 4250 
12355 9062 12409 4251 
12364 9066 12414 4252 
12373 9072 12418 4254 
12378 9079 12420 4256 
12384 9084 12429 4256 
12390 9086 12433 4257 
12394 9089 12442 4260 
12399 9092 12450 4260 
12405 9095 12457 4262 
12410 9099 12462 4265 
12413 9104 12466 4270 
12421 9106 12473 4271 
12425 9113 12480 4275 
12429 9121 12491 4278 
12436 9125 12498 4278 
12442 9132 12500 4281 
12449 9135 12504 4283 
12454 9139 12508 4285 
12456 9146 12513 4288 
12464 9149 12516 4289 
12465 9151 12520 4291 
12469 9155 12528 4295 
12476 9160 12533 4298 
12484 9163 12541 4299 
12488 9169 12547 4302 
12494 9174 12554 4304 
12495 9179 12562 4308 
12501 9184 12572 4312 
12509 9186 12579 4313 
12519 9191 12585 4315 
12522 9196 12589 4318 
12530 9202 12591 4320 
12533 9205 12599 4322 
12539 9210 12604 4329 
12540 9216 12612 4332 
12546 9221 12619 4334 
12551 9227 12625 4335 
12555 9232 12632 4337 
12558 9235 12641 4341 
12561 9240 12647 4341 
12563 9244 12652 4341 
12571 9250 12657 4344 
12574 9253 12662 4346 
12578 9257 12664 4348 
12585 9262 12672 4350 
12592 9266 12678 4352 
12594 9268 12687 4355 
12597 9275 12690 4357 
12603 9280 12694 4357 
12607 9282 12698 4358 
12612 9286 12703 4361 
12618 9294 12708 4361 
12623 9299 12718 4362 
12627 9302 12721 4362 
12635 9307 12726 4363 
12643 9313 12733 4364 
12654 9317 12739 4368 
12660 9322 12747 4368 
12664 9325 12750 4372 
12670 9330 12759 4374 
12678 9333 12764 4376 
12683 9337 12773 4378 
12686 9341 12777 4381 
12689 9346 12780 4386 
12693 9348 12782 4387 
12701 9350 12791 4391 
12708 9352 12793 4392 
12710 9355 12802 4392 
12712 9359 12808 4394 
12721 9361 12813 4395 
12724 9368 12816 4398 
12728 9370 12823 4401 
12732 9374 12826 4402 
12734 9377 12831 4407 
12739 9384 12836 4410 
12745 9386 12843 4411 
12748 9391 12847 4413 
12756 9395 12853 4416 
12761 9398 12856 4417 
12767 9402 12862 4419 
12773 9404 12874 4423 
12781 9410 12876 4426 
12791 9415 12883 4429 
12797 9417 12889 4430 
12804 9420 12894 4430 
12808 9425 12903 4431 
12816 9428 12908 4432 
12821 9431 12910 4432 
12828 9437 12915 4437 
12831 9441 12923 4440 
12833 9442 12927 4442 
12837 9444 12931 4443 
12844 9448 12938 4447 
12849 9453 12947 4449 
12855 9457 12955 4452 
12858 9458 12966 4454 
12864 9466 12973 4461 
12868 9470 12980 4464 
12873 9477 12983 4466 
12881 9483 12990 4468 
12886 9490 12996 4470 
12889 9493 13002 4470 
12891 9496 13009 4472 
12895 9498 13012 4473 
12899 9501 13016 4475 
12905 9503 13020 4476 
12909 9506 13027 4479 
12912 9506 13032 4481 
12917 9510 13037 4483 
12922 9514 13043 4485 
12927 9519 13051 4488 
12930 9521 13056 4492 
12934 9523 13068 4493 
12940 9526 13071 4495 
12947 9531 13076 4496 
12952 9536 13085 4498 
12959 9539 13089 4502 
12963 9542 13091 4503 
12968 9546 13101 4504 
12976 9552 13108 4507 
12980 9560 13116 4511 
12986 9562 13120 4514 
12988 9565 13127 4517 
12989 9569 13135 4519 
12994 9577 13140 4520 
13000 9578 13152 4522 
13005 9582 13153 4522 
13008 9588 13155 4522 
13012 9590 13161 4523 
13020 9596 13164 4524 
13029 9598 13167 4527 
13036 9600 13179 4528 
13039 9602 13182 4535 
13047 9606 13187 4537 
13052 9610 13191 4539 
13057 9622 13197 4539 
13062 9631 13201 4542 
13066 9634 13204 4543 
13072 9640 13207 4547 
13074 9644 13211 4549 
13077 9650 13218 4550 
13087 9651 13224 4553 
13089 9656 13229 4553 
13096 9661 13242 4556 
13101 9667 13248 4559 
13106 9677 13253 4559 
13113 9680 13258 4561 
13120 9682 13266 4563 
13127 9685 13275 4565 
13134 9688 13286 4568 
13139 9691 13300 4571 
13148 9697 13308 4574 
13151 9699 13317 4577 
13153 9703 13324 4581 
13160 9710 13330 4583 
13164 9718 13335 4585 
13170 9724 13340 4585 
13176 9729 13347 4585 
13182 9733 13353 4586 
13184 9739 13358 4586 
13194 9741 13362 4588 
13205 9742 13367 4590 
13214 9745 13372 4591 
13220 9750 13375 4594 
13228 9754 13387 4594 
13234 9758 13392 4596 
13243 9763 13398 4596 
13246 9771 13405 4597 
13254 9778 13407 4597 
13260 9780 13416 4600 
13264 9783 13419 4600 
13267 9784 13423 4602 
13272 9789 13429 4604 
13277 9793 13431 4606 
13285 9799 13436 4611 
13289 9801 13444 4613 
13301 9802 13446 4615 
13307 9808 13449 4617 
13311 9811 13457 4619 
13312 9818 13463 4620 
13317 9826 13466 4623 
13328 9830 13471 4628 
13333 9832 13479 4630 
13337 9842 13487 4630 
13345 9845 13496 4632 
13352 9848 13499 4633 
13354 9849 13504 4636 
13357 9855 13511 4640 
13367 9855 13519 4643 
13377 9860 13520 4644 
13385 9864 13528 4646 
13391 9872 13537 4647 
13398 9875 13541 4649 
13402 9876 13547 4649 
13410 9884 13552 4650 
13420 9887 13558 4657 
13428 9891 13562 4659 
13431 9899 13569 4661 
13440 9903 13572 4664 
13444 9912 13577 4664 
13451 9917 13589 4665 
13455 9922 13592 4668 
13466 9929 13595 4670 
13475 9930 13603 4673 
13477 9936 13606 4678 
13482 9941 13607 4682 
13485 9950 13610 4685 
13490 9953 13615 4688 
13498 9957 13624 4690 
13503 9961 13635 4690 
13510 9964 13643 4692 
13515 9969 13651 4695 
13517 9973 13653 4698 
13525 9974 13658 4701 
13532 9978 13663 4705 
13538 9983 13669 4706 
13542 9988 13675 4707 
13544 9992 13681 4711 
13554 9996 13688 4717 
13558 9999 13697 4720 
13565 10004 13708 4723 
13574 10010 13715 4727 
13580 10020 13718 4731 
13585 10025 13724 4734 
13591 10029 13733 4737 
13600 10033 13738 4738 
13603 10041 13747 4741 
13608 10045 13755 4743 
13613 10050 13763 4745 
13620 10054 13765 4747 
13628 10056 13768 4750 
13633 10058 13776 4751 
13641 10065 13784 4751 
13645 10070 13789 4752 
13650 10078 13800 4754 
13658 10081 13804 4756 
13661 10083 13810 4758 
13664 10085 13814 4760 
13667 10090 13821 4761 
13671 10092 13833 4763 
13678 10099 13837 4765 
13688 10102 13846 4765 
13692 10104 13851 4765 
13698 10109 13860 4766 
13707 10116 13865 4769 
13714 10120 13870 4774 
13721 10124 13876 4776 
13725 10127 13884 4778 
13732 10132 13887 4779 
13735 10138 13891 4780 
13740 10141 13894 4784 
13747 10146 13902 4789 
13755 10148 13913 4790 
13761 10153 13915 4791 
13765 10154 13922 4793 
13768 10161 13932 4794 
13775 10167 13936 4796 
13780 10168 13940 4796 
13787 10175 13943 4799 
13791 10176 13950 4800 
13794 10181 13958 4800 
13803 10189 13963 4804 
13810 10194 13970 4808 
13817 10201 13977 4809 
13821 10204 13980 4812 
13825 10210 13986 4813 
13830 10213 13988 4814 
13834 10215 13990 4817 
13838 10215 13996 4820 
13840 10217 14000 4824 
13845 10220 14004 4826 
13849 10221 14010 4828 
13852 10226 14020 4831 
13855 10232 14024 4834 
13859 10236 14029 4835 
13864 10240 14030 4840 
13864 10246 14036 4841 
13871 10253 14039 4843 
13877 10256 14048 4844 
13882 10258 14055 4846 
13891 10262 14059 4848 
13896 10266 14065 4850 
13902 10270 14076 4854 
13910 10275 14079 4854 
13914 10278 14087 4857 
13918 10280 14092 4860 
13920 10282 14101 4861 
13926 10285 14109 4862 
13931 10293 14111 4865 
13937 10297 14115 4869 
13944 10305 14121 4871 
13950 10310 14124 4875 
13957 10313 14133 4876 
13962 10320 14138 4878 
13968 10323 14142 4879 
13973 10329 14149 4881 
13977 10333 14158 4883 
13984 10338 14164 4886 
13987 10342 14168 4890 
13994 10346 14173 4891 
13997 10355 14179 4893 
14003 10361 14183 4894 
14007 10361 14187 4895 
14011 10362 14196 4895 
14018 10364 14200 4899 
14021 10369 14212 4901 
14024 10372 14214 4905 
14027 10380 14218 4909 
14033 10382 14222 4911 
14036 10386 14231 4912 
14043 10393 14240 4917 
14047 10401 14246 4920 
14053 10408 14253 4925 
14058 10414 14260 4925 
14064 10419 14267 4926 
14071 10425 14271 4929 
14077 10428 14276 4931 
14083 10433 14282 4932 
14087 10441 14285 4935 
14092 10442 14291 4936 
14097 10444 14294 4936 
14105 10452 14302 4938 
14111 10457 14312 4940 
14116 10459 14321 4944 
14118 10464 14327 4949 
14127 10469 14331 4951 
14131 10473 14338 4953 
14134 10482 14345 4956 
14136 10483 14352 4957 
14140 10491 14356 4961 
14147 10494 14360 4962 
14151 10501 14367 4964 
14155 10504 14371 4964 
14160 10507 14378 4968 
14170 10509 14388 4969 
14180 10514 14391 4970 
14187 10517 14395 4972 
14194 10521 14400 4975 
14201 10526 14401 4977 
14205 10531 14410 4980 
14208 10539 14416 4982 
14213 10548 14419 4983 
14215 10556 14424 4983 
14221 10561 14426 4985 
14226 10564 14432 4986 
14233 10570 14440 4990 
14240 10575 14449 4991 
14245 10580 14454 4994 
14248 10585 14462 4998 
14252 10589 14465 5000 
14254 10593 14471 5001 
14259 10598 14476 5005 
14262 10604 14479 5007 
14270 10609 14484 5011 
14277 10614 14490 5014 
14281 10621 14495 5016 
14283 10626 14501 5018 
14291 10629 14503 5021 
14294 10631 14511 5022 
14300 10638 14524 5024 
14308 10645 14531 5028 
14315 10650 14535 5029 
14321 10659 14544 5032 
14328 10666 14551 5037 
14335 10672 14558 5038 
14341 10675 14561 5039 
14348 10678 14567 5041 
14349 10679 14574 5044 
14354 10684 14578 5046 
14361 10693 14581 5048 
14367 10698 14584 5049 
14373 10704 14592 5051 
14378 10707 14598 5054 
14382 10713 14605 5059 
14388 10714 14607 5061 
14396 10719 14613 5062 
14404 10723 14619 5066 
14407 10730 14629 5070 
14417 10735 14635 5071 
14422 10739 14643 5078 
14426 10743 14650 5078 
14431 10744 14654 5079 
14439 10747 14660 5081 
14445 10753 14663 5085 
14452 10757 14665 5086 
14460 10759 14671 5090 
14464 10761 14674 5091 
14469 10768 14684 5092 
14475 10774 14690 5092 
14478 10778 14694 5096 
14483 10782 14696 5098 
14490 10788 14705 5099 
14498 10796 14707 5102 
14502 10800 14715 5105 
14508 10802 14720 5108 
14511 10806 14723 5110 
14522 10813 14731 5112 
14527 10816 14740 5115 
14531 10819 14746 5118 
14541 10825 14749 5119 
14550 10835 14761 5122 
14556 10842 14772 5124 
14564 10849 14776 5124 
14575 10856 14780 5125 
14582 10861 14786 5128 
14587 10867 14792 5130 
14589 10871 14796 5132 
14593 10875 14805 5132 
14603 10880 14812 5132 
14607 10882 14817 5135 
14614 10886 14823 5138 
14621 10890 14831 5140 
14622 10899 14834 5146 
14628 10901 14842 5149 
14632 10908 14846 5151 
14641 10914 14855 5153 
14647 10919 14863 5153 
14655 10923 14867 5155 
14661 10925 14872 5157 
14670 10928 14880 5160 
14677 10933 14887 5165 
14680 10938 14896 5166 
14682 10942 14901 5167 
14687 10948 14914 5168 
14692 10950 14918 5168 
14698 10955 14922 5170 
14707 10962 14931 5170 
14713 10963 14943 5172 
14716 10963 14951 5173 
14721 10965 14955 5176 
14729 10971 14961 5180 
14733 10973 14973 5181 
14741 10977 14977 5183 
14745 10987 14983 5185 
14749 10989 14986 5188 
14758 10993 14992 5191 
14763 10999 14996 5196 
14774 11001 15007 5197 
14776 11004 15012 5198 
14778 11009 15015 5201 
14786 11021 15022 5204 
14787 11026 15029 5207 
14793 11027 15037 5208 
14798 11032 15041 5210 
14805 11039 15047 5213 
14810 11041 15051 5214 
14814 11044 15057 5217 
14818 11049 15063 5219 
14820 11055 15071 5220 
14825 11060 15081 5220 
14830 11064 15088 5221 
14837 11070 15091 5224 
14843 11074 15096 5225 
14846 11077 15107 5225 
14850 11079 15113 5228 
14851 11081 15118 5231 
14856 11084 15124 5234 
14860 11085 15131 5236 
14863 11092 15139 5237 
14871 11099 15142 5240 
14876 11106 15149 5242 
14879 11108 15152 5244 
14885 11110 15168 5246 
14890 11113 15174 5248 
14892 11116 15178 5253 
14898 11123 15184 5256 
14905 11127 15188 5257 
14915 11132 15198 5260 
14920 11134 15202 5263 
14922 11134 15208 5264 
14926 11138 15213 5268 
14928 11144 15218 5270 
14936 11147 15226 5275 
14941 11151 15234 5277 
14945 11153 15237 5282 
14949 11162 15244 5283 
14951 11165 15251 5285 
14960 11169 15258 5287 
14962 11172 15265 5289 
14966 11175 15273 5293 
14971 11178 15279 5293 
14980 11184 15285 5296 
14985 11188 15294 5298 
14989 11191 15302 5302 
14996 11196 15308 5303 
15004 11210 15318 5303 
15011 11211 15322 5308 
15018 11217 15330 5309 
15022 11221 15335 5314 
15029 11228 15339 5317 
15036 11232 15344 5321 
15040 11237 15350 5324 
15048 11244 15355 5325 
15049 11249 15358 5327 
15058 11253 15366 5329 
15065 11258 15373 5330 
15067 11264 15379 5330 
15074 11267 15383 5330 
15076 11269 15390 5332 
15084 11277 15397 5334 
15089 11281 15403 5337 
15092 11288 15413 5339 
15095 11290 15420 5342 
15104 11292 15429 5343 
15110 11293 15432 5344 
15122 11299 15439 5348 
15124 11302 15443 5349 
15129 11305 15449 5350 
15134 11309 15459 5355 
15140 11312 15466 5359 
15146 11315 15472 5362 
15153 11317 15476 5366 
15159 11323 15480 5369 
15164 11325 15483 5372 
15167 11332 15488 5373 
15175 11335 15494 5374 
15179 11339 15500 5376 
15181 11343 15504 5378 
15186 11350 15516 5378 
15188 11356 15523 5379 
15190 11359 15527 5381 
15198 11368 15537 5381 
15204 11369 15543 5382 
15208 11371 15547 5384 
15213 11378 15553 5388 
15221 11383 15560 5390 
15228 11387 15566 5391 
15234 11392 15573 5393 
15237 11397 15582 5396 
15247 11402 15588 5397 
15251 11403 15593 5399 
15257 11408 15595 5400 
15263 11413 15597 5403 
15274 11417 15603 5405 
15278 11419 15611 5410 
15283 11427 15617 5413 
15285 11432 15626 5414 
15288 11434 15630 5415 
15294 11438 15635 5416 
15297 11445 15639 5419 
15301 11447 15645 5424 
15307 11451 15650 5429 
15317 11457 15658 5429 
15324 11462 15666 5431 
15332 11469 15675 5434 
15339 11473 15683 5434 
15345 11478 15689 5434 
15350 11482 15692 5439 
15359 11483 15697 5441 
15366 11490 15709 5444 
15370 11498 15715 5444 
15374 11502 15719 5444 
15376 11504 15726 5445 
15384 11505 15728 5447 
15389 11509 15738 5450 
15400 11513 15746 5453 
15404 11516 15749 5457 
15414 11523 15755 5459 
15420 11528 15763 5459 
15426 11530 15767 5460 
15428 11533 15776 5462 
15433 11537 15780 5465 
15435 11544 15784 5466 
15442 11547 15793 5468 
15451 11549 15801 5469 
15460 11555 15809 5470 
15467 11559 15812 5472 
15475 11561 15818 5473 
15481 11563 15823 5474 
15487 11570 15831 5476 
15495 11579 15836 5478 
15504 11585 15839 5479 
15510 11588 15848 5480 
15518 11589 15857 5482 
15520 11594 15863 5482 
15525 11599 15870 5484 
15533 11601 15878 5489 
15540 11604 15886 5490 
15546 11606 15896 5494 
15553 11612 15901 5498 
15558 11617 15913 5499 
15562 11621 15918 5499 
15569 11625 15924 5502 
15577 11631 15930 5504 
15582 11634 15938 5505 
15588 11641 15943 5509 
15594 11649 15952 5512 
15603 11651 15964 5514 
15610 11653 15970 5514 
15616 11658 15975 5521 
15623 11663 15980 5524 
15629 11665 15986 5524 
15632 11668 15991 5525 
15636 11673 15997 5528 
15640 11679 16008 5529 
15647 11682 16014 5529 
15659 11685 16024 5529 
15668 11691 16029 5531 
15679 11698 16033 5534 
15689 11704 16038 5536 
15700 11706 16045 5539 
15706 11718 16056 5540 
15710 11724 16062 5543 
15713 11728 16066 5543 
15716 11734 16073 5546 
15726 11737 16079 5550 
15729 11743 16083 5553 
15735 11750 16090 5553 
15743 11755 16093 5555 
15749 11760 16101 5556 
15758 11764 16110 5557 
15765 11768 16113 5558 
15770 11771 16117 5560 
15777 11778 16120 5561 
15780 11780 16123 5561 
15784 11784 16127 5566 
15785 11786 16138 5567 
15791 11788 16148 5567 
15797 11792 16156 5568 
15804 11794 16162 5570 
15808 11795 16174 5572 
15811 11796 16178 5576 
15814 11804 16184 5578 
15825 11809 16195 5580 
15831 11813 16201 5581 
15840 11819 16206 5581 
15849 11827 16208 5585 
15859 11833 16214 5586 
15867 11839 16225 5589 
15873 11845 16233 5591 
15878 11850 16241 5593 
15892 11851 16249 5595 
15901 11859 16257 5596 
15908 11863 16266 5597 
15909 11866 16271 5599 
15912 11869 16275 5603 
15920 11876 16281 5604 
15922 11880 16283 5604 
15931 11883 16286 5609 
15938 11885 16294 5611 
15942 11897 16303 5612 
15951 11901 16310 5613 
15955 11902 16313 5614 
15958 11904 16324 5618 
15961 11908 16328 5620 
15967 11910 16333 5622 
15971 11914 16343 5626 
15980 11918 16350 5630 
15984 11925 16355 5631 
15988 11928 16360 5632 
15994 11932 16364 5634 
15999 11935 16367 5635 
16002 11944 16374 5636 
16009 11947 16388 5639 
16014 11953 16395 5641 
16022 11955 16397 5643 
16030 11960 16402 5645 
16035 11966 16410 5646 
16042 11969 16418 5646 
16050 11971 16427 5648 
16055 11976 16433 5648 
16056 11985 16439 5652 
16060 11989 16447 5656 
16071 11993 16447 5658 
16075 11997 16453 5660 
16078 12000 16458 5664 
16086 12007 16464 5666 
16091 12014 16472 5668 
16094 12018 16476 5669 
16102 12026 16489 5672 
16106 12034 16497 5674 
16115 12037 16504 5676 
16124 12041 16506 5679 
16134 12052 16515 5682 
16138 12060 16522 5684 
16145 12062 16528 5686 
16153 12067 16538 5687 
16164 12070 16546 5687 
16169 12074 16552 5687 
16179 12075 16557 5690 
16183 12078 16563 5693 
16189 12081 16570 5696 
16191 12083 16577 5698 
16195 12089 16587 5701 
16200 12092 16592 5703 
16206 12095 16600 5704 
16213 12099 16613 5706 
16220 12104 16617 5707 
16229 12110 16620 5707 
16237 12117 16622 5707 
16244 12122 16625 5709 
16250 12127 16631 5710 
16256 12130 16637 5712 
16261 12137 16643 5719 
16268 12145 16651 5720 
16276 12151 16659 5723 
16280 12156 16664 5725 
16286 12160 16676 5726 
16295 12164 16680 5727 
16302 12175 16683 5730 
16311 12177 16691 5731 
16315 12188 16700 5732 
16319 12195 16708 5735 
16327 12199 16717 5737 
16336 12204 16725 5737 
16346 12207 16728 5739 
16354 12209 16734 5741 
16356 12212 16738 5745 
16359 12221 16745 5748 
16368 12225 16752 5752 
16375 12226 16756 5753 
16380 12233 16758 5755 
16387 12238 16765 5755 
16398 12241 16770 5756 
16404 12248 16777 5758 
16410 12252 16783 5762 
16413 12256 16786 5763 
16425 12263 16795 5766 
16433 12266 16798 5767 
16442 12270 16810 5768 
16449 12272 16815 5770 
16456 12279 16817 5771 
16459 12281 16825 5777 
16471 12283 16832 5777 
16477 12291 16836 5780 
16485 12295 16844 5781 
16488 12300 16852 5784 
16494 12307 16853 5787 
16506 12307 16856 5789 
16509 12312 16861 5794 
16512 12319 16866 5797 
16516 12320 16869 5799 
16521 12324 16872 5802 
16521 12328 16880 5806 
16525 12331 16884 5808 
16533 12337 16889 5811 
16538 12342 16896 5813 
16546 12352 16905 5815 
16550 12358 16911 5815 
16552 12366 16917 5816 
16557 12374 16923 5816 
16563 12381 16927 5820 
16573 12383 16932 5824 
16575 12389 16934 5829 
16581 12393 16944 5831 
16587 12398 16948 5833 
16594 12407 16954 5836 
16601 12411 16960 5837 
16610 12414 16965 5840 
16614 12419 16971 5842 
16622 12425 16981 5846 
16627 12431 16984 5848 
16633 12437 16992 5850 
16639 12443 16997 5853 
16643 12447 17002 5855 
16650 12454 17008 5861 
16655 12459 17012 5861 
16657 12465 17019 5863 
16664 12468 17028 5867 
16668 12472 17032 5869 
16672 12477 17035 5871 
16678 12480 17042 5872 
16686 12489 17050 5876 
16695 12493 17058 5876 
16698 12498 17068 5878 
16702 12504 17075 5883 
16706 12510 17086 5883 
16710 12518 17092 5885 
16712 12521 17094 5888 
16716 12524 17102 5891 
16724 12528 17105 5895 
16728 12533 17118 5897 
16734 12541 17123 5903 
16740 12547 17126 5905 
16747 12551 17133 5906 
16753 12554 17138 5906 
16760 12562 17143 5907 
16765 12566 17148 5911 
16776 12570 17155 5913 
16782 12575 17160 5914 
16790 12582 17168 5914 
16796 12588 17173 5919 
16806 12591 17175 5921 
16812 12594 17181 5922 
16820 12601 17189 5923 
16823 12607 17194 5926 
16828 12614 17198 5927 
16833 12619 17206 5930 
16840 12623 17212 5930 
16848 12627 17221 5934 
16857 12633 17227 5938 
16864 12638 17234 5939 
16870 12642 17241 5942 
16872 12645 17252 5942 
16875 12648 17259 5943 
16885 12653 17264 5946 
16891 12658 17273 5948 
16894 12664 17277 5952 
16900 12670 17278 5954 
16903 12675 17284 5955 
16910 12678 17288 5959 
16918 12683 17296 5960 
16923 12689 17300 5962 
16928 12692 17309 5967 
16938 12695 17314 5971 
16942 12700 17314 5972 
16944 12705 17321 5974 
16948 12709 17329 5979 
16955 12715 17336 5983 
16959 12720 17344 5985 
16966 12723 17348 5987 
16971 12731 17357 5988 
16978 12739 17365 5990 
16984 12744 17372 5994 
16988 12748 17377 5994 
16989 12751 17384 5995 
16993 12754 17389 5996 
17000 12757 17396 5998 
17005 12760 17406 5998 
17007 12762 17417 6000 
17012 12766 17423 6002 
17017 12772 17429 6005 
17025 12777 17432 6005 
17028 12780 17441 6006 
17038 12784 17445 6009 
17048 12790 17455 6013 
17052 12799 17458 6013 
17056 12802 17460 6013 
17061 12807 17466 6013 
17068 12814 17473 6017 
17073 12820 17477 6019 
17079 12821 17480 6024 
17086 12828 17489 6025 
17089 12833 17495 6026 
17095 12836 17502 6027 
17097 12841 17508 6029 
17101 12844 17513 6032 
17105 12847 17524 6034 
17116 12851 17528 6036 
17120 12856 17535 6039 
17127 12861 17540 6043 
17136 12867 17546 6045 
17144 12879 17550 6050 
17148 12882 17555 6051 
17153 12889 17564 6052 
17161 12892 17568 6057 
17165 12899 17575 6059 
17170 12904 17580 6061 
17178 12905 17585 6062 
17181 12912 17590 6064 
17181 12919 17592 6064 
17183 12927 17596 6067 
17189 12931 17606 6072 
17193 12940 17615 6074 
17200 12947 17621 6076 
17207 12949 17626 6078 
17210 12955 17632 6079 
17216 12961 17639 6080 
17225 12966 17642 6082 
17229 12969 17647 6085 
17234 12978 17650 6085 
17235 12985 17660 6088 
17242 12990 17669 6089 
17246 12995 17678 6091 
17253 12997 17686 6094 
17261 13003 17695 6094 
17266 13007 17702 6096 
17272 13014 17711 6097 
17281 13015 17718 6097 
17286 13021 17725 6098 
17293 13024 17732 6102 
17298 13025 17739 6103 
17306 13029 17748 6105 
17311 13036 17757 6106 
17317 13043 17767 6109 
17321 13045 17772 6112 
17326 13051 17782 6114 
17333 13053 17789 6117 
17342 13059 17797 6124 
17347 13063 17802 6128 
17353 13064 17804 6130 
17356 13068 17809 6131 
17361 13072 17816 6133 
17369 13079 17820 6133 
17375 13084 17826 6135 
17381 13087 17836 6138 
17387 13092 17841 6141 
17390 13097 17849 6146 
17396 13103 17862 6152 
17405 13110 17870 6153 
17411 13115 17875 6159 
17419 13116 17885 6160 
17424 13123 17892 6163 
17429 13127 17901 6164 
17433 13131 17903 6168 
17437 13136 17908 6170 
17446 13144 17912 6172 
17455 13148 17922 6173 
17462 13155 17930 6176 
17465 13161 17936 6178 
17468 13162 17946 6179 
17473 13169 17957 6183 
17477 13174 17965 6185 
17481 13179 17972 6187 
17489 13187 17977 6188 
17491 13190 17983 6190 
17497 13191 17994 6191 
17504 13198 18000 6192 
17510 13201 18004 6195 
17513 13205 18010 6196 
17519 13210 18016 6196 
17524 13214 18021 6200 
17531 13214 18024 6203 
17539 13219 18029 6204 
17546 13222 18035 6209 
17551 13225 18038 6215 
17556 13231 18041 6217 
17561 13238 18047 6220 
17566 13242 18056 6224 
17569 13246 18066 6228 
17574 13249 18072 6231 
17577 13253 18079 6231 
17584 13259 18086 6234 
17588 13265 18092 6236 
17595 13271 18093 6240 
17600 13276 18099 6243 
17603 13278 18102 6246 
17609 13283 18105 6249 
17617 13287 18111 6250 
17622 13290 18120 6254 
17627 13298 18125 6256 
17632 13303 18133 6257 
17635 13308 18142 6260 
17639 13313 18149 6263 
17648 13317 18154 6264 
17657 13321 18160 6267 
17662 13323 18170 6271 
17668 13327 18170 6272 
17671 13336 18172 6273 
17676 13342 18177 6275 
17677 13346 18183 6277 
17686 13349 18187 6279 
17689 13353 18188 6283 
17697 13355 18196 6284 
17706 13357 18202 6289 
17713 13365 18211 6292 
17720 13369 18218 6294 
17730 13373 18222 6298 
17737 13380 18226 6302 
17740 13386 18239 6302 
17750 13390 18247 6305 
17754 13392 18251 6307 
17757 13394 18260 6307 
17765 13397 18261 6309 
17770 13402 18269 6311 
17774 13409 18276 6317 
17782 13415 18281 6319 
17785 13420 18285 6321 
17792 13421 18295 6323 
17802 13425 18303 6325 
17806 13429 18308 6327 
17811 13436 18315 6328 
17820 13441 18322 6330 
17824 13451 18330 6332 
17830 13462 18333 6332 
17837 13465 18340 6335 
17843 13466 18349 6338 
17850 13473 18357 6341 
17853 13482 18362 6345 
17859 13489 18373 6347 
17865 13490 18380 6349 
17871 13493 18386 6352 
17876 13496 18395 6355 
17881 13503 18397 6356 
17885 13507 18403 6359 
17891 13514 18406 6361 
17893 13519 18417 6364 
17900 13524 18421 6366 
17908 13528 18427 6367 
17917 13529 18434 6368 
17922 13534 18443 6368 
17930 13538 18451 6371 
17938 13544 18463 6373 
17941 13550 18472 6377 
17946 13555 18480 6382 
17952 13558 18483 6383 
17954 13563 18488 6386 
17960 13565 18493 6389 
17972 13566 18504 6391 
17977 13571 18517 6391 
17982 13579 18519 6393 
17991 13585 18528 6394 
17995 13590 18538 6396 
18001 13592 18543 6399 
18009 13596 18549 6401 
18015 13601 18555 6403 
18020 13608 18561 6405 
18027 13611 18567 6407 
18035 13615 18573 6410 
18038 13618 18580 6410 
18043 13622 18588 6413 
18050 13626 18592 6414 
18054 13629 18597 6416 
18067 13632 18604 6417 
18070 13637 18611 6419 
18076 13640 18614 6422 
18083 13645 18618 6423 
18091 13652 18623 6425 
18096 13658 18636 6428 
18100 13659 18642 6429 
18106 13664 18649 6431 
18112 13665 18655 6435 
18119 13671 18661 6435 
18124 13674 18670 6436 
18130 13681 18671 6441 
18136 13685 18678 6441 
18140 13691 18686 6442 
18146 13692 18689 6445 
18152 13698 18696 6448 
18161 13704 18700 6450 
18168 13710 18703 6450 
18174 13717 18713 6450 
18178 13722 18722 6451 
18179 13727 18729 6454 
18187 13734 18736 6455 
18193 13738 18749 6455 
18200 13741 18754 6458 
18206 13747 18760 6463 
18208 13752 18765 6465 
18216 13760 18773 6469 
18222 13761 18780 6471 
18227 13763 18784 6473 
18232 13764 18788 6474 
18238 13770 18796 6479 
18243 13779 18809 6480 
18245 13784 18816 6484 
18251 13789 18820 6486 
18258 13795 18828 6489 
18263 13798 18834 6489 
18271 13803 18841 6493 
18274 13807 18846 6494 
18278 13811 18848 6497 
18286 13821 18857 6501 
18289 13823 18864 6503 
18296 13827 18870 6505 
18307 13834 18880 6507 
18310 13838 18886 6512 
18314 13842 18898 6514 
18319 13848 18903 6517 
18323 13853 18908 6519 
18333 13855 18911 6521 
18336 13859 18920 6523 
18340 13866 18925 6524 
18347 13869 18930 6527 
18357 13876 18934 6529 
18365 13881 18940 6531 
18367 13884 18948 6533 
18374 13890 18958 6534 
18382 13894 18962 6534 
18389 13899 18968 6536 
18391 13905 18978 6536 
18397 13907 18983 6536 
18401 13911 18992 6538 
18408 13914 19001 6540 
18413 13917 19008 6543 
18421 13922 19013 6547 
18427 13926 19016 6547 
18434 13929 19023 6548 
18439 13935 19032 6550 
18447 13938 19038 6551 
18449 13939 19042 6556 
18454 13944 19047 6557 
18458 13949 19051 6559 
18462 13952 19055 6561 
18466 13955 19061 6561 
18473 13958 19068 6565 
18482 13961 19076 6568 
18490 13965 19082 6569 
18495 13970 19090 6569 
18503 13975 19099 6570 
18507 13976 19101 6571 
18514 13984 19107 6574 
18516 13990 19113 6577 
18519 13993 19118 6577 
18526 13996 19124 6577 
18534 14005 19128 6581 
18542 14010 19135 6585 
18548 14011 19140 6588 
18553 14018 19143 6589 
18561 14022 19148 6591 
18568 14033 19154 6594 
18577 14036 19162 6594 
18580 14043 19167 6596 
18588 14049 19172 6598 
18592 14055 19182 6600 
18600 14061 19188 6605 
18607 14068 19192 6610 
18614 14075 19202 6612 
18619 14079 19210 6612 
18625 14082 19217 6616 
18631 14091 19219 6621 
18634 14096 19228 6625 
18640 14100 19233 6626 
18645 14105 19240 6630 
18650 14110 19248 6632 
18655 14113 19254 6634 
18657 14115 19258 6638 
18665 14117 19267 6638 
18672 14121 19273 6639 
18681 14124 19279 6642 
18686 14132 19287 6645 
18695 14140 19289 6647 
18700 14142 19295 6648 
18709 14148 19300 6648 
18716 14155 19307 6651 
18723 14158 19315 6655 
18729 14162 19316 6657 
18732 14163 19322 6659 
18736 14168 19330 6661 
18737 14173 19337 6662 
18746 14183 19342 6665 
18753 14190 19347 6666 
18756 14197 19353 6671 
18760 14203 19361 6675 
18768 14210 19367 6676 
18774 14213 19376 6678 
18780 14216 19382 6679 
18784 14221 19386 6683 
18793 14224 19389 6687 
18802 14228 19394 6689 
18810 14233 19400 6691 
18816 14238 19410 6694 
18821 14240 19424 6696 
18828 14246 19431 6699 
18833 14249 19437 6702 
18840 14256 19440 6706 
18845 14258 19452 6709 
18852 14265 19456 6709 
18857 14267 19460 6711 
18864 14272 19463 6715 
18870 14276 19469 6715 
18873 14280 19474 6717 
18881 14283 19480 6718 
18887 14285 19487 6719 
18889 14288 19492 6720 
18898 14293 19502 6722 
18904 14297 19508 6723 
18911 14300 19514 6727 
18922 14305 19516 6729 
18928 14306 19523 6732 
18934 14313 19529 6735 
18941 14320 19539 6736 
18948 14325 19545 6738 
18951 14327 19549 6740 
18955 14334 19554 6742 
18967 14338 19561 6746 
18973 14339 19567 6751 
18980 14344 19572 6752 
18988 14348 19578 6752 
18996 14353 19585 6754 
19003 14362 19586 6758 
19007 14362 19595 6762 
19015 14367 19600 6764 
19024 14368 19604 6765 
19028 14372 19615 6767 
19033 14377 19622 6768 
19040 14383 19628 6770 
19046 14389 19638 6771 
19053 14390 19647 6772 
19063 14392 19655 6776 
19073 14396 19664 6780 
19076 14399 19671 6780 
19077 14412 19678 6784 
19082 14419 19683 6785 
19091 14425 19685 6787 
19095 14426 19698 6789 
19098 14430 19705 6790 
19103 14442 19712 6793 
19110 14450 19719 6795 
19115 14456 19722 6798 
19125 14458 19732 6803 
19131 14462 19737 6807 
19139 14466 19741 6810 
19142 14471 19747 6813 
19148 14479 19754 6817 
19153 14485 19760 6818 
19158 14490 19766 6818 
19169 14497 19772 6818 
19178 14500 19779 6820 
19183 14505 19787 6824 
19188 14505 19788 6825 
19191 14507 19797 6828 
19194 14511 19807 6831 
19203 14513 19813 6831 
19211 14513 19823 6831 
19219 14520 19826 6834 
19225 14526 19833 6835 
19229 14528 19839 6838 
19231 14533 19843 6839 
19244 14535 19849 6840 
19246 14540 19854 6844 
19256 14551 19858 6847 
19263 14557 19864 6849 
19268 14560 19866 6851 
19273 14566 19874 6851 
19279 14573 19884 6854 
19284 14575 19900 6857 
19295 14578 19902 6859 
19301 14580 19908 6862 
19306 14585 19915 6864 
19309 14592 19920 6866 
19313 14595 19925 6870 
19317 14606 19930 6871 
19325 14607 19936 6872 
19327 14609 19940 6872 
19336 14614 19945 6876 
19341 14621 19951 6878 
19349 14625 19959 6880 
19357 14631 19967 6881 
19362 14637 19972 6883 
19366 14644 19976 6885 
19370 14645 19978 6888 
19374 14648 19985 6889 
19381 14652 19992 6889 
19389 14655 19995 6891 
19394 14658 20001 6892 
19401 14664 20007 6894 
19405 14666 20015 6894 
19413 14673 20023 6900 
19420 14678 20028 6901 
19424 14682 20038 6906 
19431 14686 20044 6909 
19440 14691 20053 6910 
19441 14695 20055 6914 
19448 14699 20058 6916 
19457 14701 20062 6917 
19465 14707 20070 6920 
19468 14711 20078 6926 
19470 14717 20083 6929 
19474 14718 20089 6930 
19481 14721 20093 6933 
19489 14725 20099 6936 
19493 14728 20107 6940 
19501 14732 20114 6943 
19511 14739 20121 6946 
19514 14742 20126 6950 
19522 14744 20133 6954 
19528 14751 20142 6955 
19529 14754 20154 6956 
19537 14756 20162 6957 
19546 14758 20171 6960 
19553 14761 20178 6964 
19559 14771 20191 6965 
19561 14776 20202 6967 
19565 14782 20207 6967 
19571 14786 20216 6972 
19577 14794 20220 6974 
19585 14798 20222 6978 
19593 14803 20228 6979 
19600 14805 20236 6982 
19611 14807 20242 6983 
19620 14813 20248 6983 
19629 14815 20253 6985 
19634 14821 20262 6987 
19644 14826 20268 6989 
19648 14831 20276 6992 
19650 14836 20283 6994 
19657 14841 20290 6998 
19663 14849 20298 7002 
19667 14853 20306 7003 
19674 14858 20311 7005 
19681 14864 20319 7008 
19683 14871 20324 7009 
19687 14875 20331 7013 
19695 14877 20339 7014 
19698 14883 20343 7015 
19705 14890 20348 7018 
19712 14895 20349 7021 
19715 14899 20354 7025 
19718 14903 20358 7025 
19728 14910 20365 7027 
19734 14915 20367 7032 
19740 14916 20372 7032 
19749 14919 20379 7033 
19754 14923 20386 7035 
19764 14929 20391 7038 
19768 14936 20398 7040 
19772 14940 20406 7044 
19778 14945 20414 7047 
19789 14950 20422 7048 
19792 14955 20427 7051 
19801 14964 20428 7053 
19811 14970 20436 7054 
19815 14974 20440 7055 
19822 14979 20450 7056 
19829 14986 20454 7061 
19835 14994 20461 7065 
19844 14999 20469 7066 
19847 15007 20473 7068 
19851 15012 20483 7068 
19856 15016 20489 7070 
19859 15022 20498 7070 
19867 15025 20506 7072 
19877 15030 20512 7072 
19880 15034 20516 7075 
19883 15042 20525 7077 
19889 15049 20534 7077 
19896 15056 20539 7078 
19901 15062 20545 7078 
19907 15067 20553 7081 
19912 15070 20564 7082 
19918 15077 20573 7083 
19923 15081 20577 7085 
19930 15083 20582 7087 
19936 15091 20590 7088 
19944 15096 20597 7090 
19948 15103 20603 7094 
19955 15104 20612 7094 
19957 15110 20621 7096 
19962 15118 20625 7103 
19965 15124 20638 7106 
19973 15132 20644 7107 
19978 15136 20650 7109 
19986 15146 20656 7112 
19996 15150 20663 7117 
20007 15156 20672 7119 
20011 15158 20677 7120 
20017 15167 20685 7123 
20021 15171 20687 7127 
20026 15179 20691 7129 
20033 15183 20698 7130 
20040 15185 20705 7135 
20050 15194 20714 7135 
20054 15197 20725 7136 
20059 15201 20737 7138 
20063 15205 20755 7140 
20072 15210 20761 7145 
20076 15213 20769 7148 
20080 15216 20773 7150 
20081 15221 20781 7150 
20086 15226 20787 7150 
20091 15228 20792 7150 
20100 15230 20797 7151 
20105 15232 20804 7151 
20114 15238 20809 7155 
20115 15241 20816 7159 
20118 15243 20820 7161 
20122 15248 20826 7161 
20129 15253 20837 7162 
20138 15257 20842 7165 
20141 15259 20846 7169 
20144 15262 20853 7171 
20147 15272 20862 7173 
20152 15275 20872 7176 
20159 15281 20873 7176 
20161 15288 20881 7177 
20164 15294 20891 7179 
20168 15298 20895 7182 
20174 15301 20897 7185 
20179 15308 20906 7189 
20182 15312 20916 7190 
20189 15313 20919 7191 
20195 15316 20926 7194 
20200 15318 20933 7199 
20205 15323 20941 7202 
20207 15330 20946 7205 
20211 15332 20953 7205 
20217 15339 20962 7210 
20226 15340 20967 7212 
20235 15349 20971 7213 
20240 15354 20975 7216 
20242 15357 20981 7217 
20247 15361 20988 7219 
20256 15366 20994 7221 
20263 15371 20994 7223 
20267 15371 21000 7223 
20274 15376 21009 7227 
20282 15383 21020 7231 
20285 15390 21022 7232 
20294 15398 21026 7234 
20300 15399 21033 7237 
20303 15403 21040 7239 
20310 15406 21046 7242 
20313 15416 21050 7243 
20320 15419 21052 7244 
20323 15425 21055 7245 
20328 15430 21065 7248 
20337 15436 21074 7250 
20342 15442 21085 7253 
20355 15446 21090 7257 
20367 15450 21096 7262 
20372 15453 21100 7266 
20377 15458 21105 7270 
20385 15463 21109 7272 
20392 15466 21114 7275 
20398 15474 21124 7278 
20401 15481 21126 7281 
20404 15484 21128 7284 
20408 15489 21137 7285 
20418 15498 21141 7286 
20423 15501 21144 7286 
20432 15505 21148 7289 
20439 15508 21154 7290 
20444 15514 21163 7291 
20450 15518 21168 7293 
20456 15519 21174 7300 
20462 15528 21175 7303 
20463 15533 21186 7304 
20469 15540 21191 7306 
20474 15545 21198 7309 
20475 15548 21205 7313 
20480 15554 21214 7314 
20489 15559 21219 7315 
20497 15566 21225 7315 
20503 15570 21233 7315 
20509 15573 21243 7315 
20510 15578 21248 7320 
20510 15583 21261 7325 
20515 15587 21270 7330 
20521 15593 21276 7331 
20524 15596 21282 7332 
20534 15610 21288 7334 
20539 15613 21296 7334 
20544 15618 21300 7335 
20548 15624 21303 7337 
20556 15627 21308 7339 
20563 15631 21316 7341 
20569 15635 21323 7343 
20578 15640 21327 7346 
20583 15645 21335 7348 
20588 15651 21342 7355 
20595 15656 21350 7358 
20605 15660 21359 7364 
20612 15669 21366 7367 
20619 15675 21377 7369 
20624 15681 21390 7371 
20628 15686 21395 7375 
20634 15688 21401 7377 
20642 15694 21406 7378 
20648 15698 21411 7380 
20651 15704 21416 7381 
20654 15708 21421 7382 
20661 15713 21429 7382 
20671 15715 21434 7385 
20679 15719 21443 7387 
20684 15725 21448 7388 
20688 15730 21455 7391 
20693 15734 21463 7392 
20698 15739 21470 7394 
20702 15747 21475 7395 
20704 15751 21482 7395 
20709 15758 21485 7395 
20712 15762 21489 7397 
20716 15769 21499 7401 
20717 15772 21510 7404 
20720 15773 21516 7407 
20724 15774 21521 7410 
20732 15780 21525 7411 
20742 15785 21530 7411 
20748 15789 21536 7413 
20750 15795 21542 7416 
20757 15797 21547 7419 
20764 15803 21551 7420 
20770 15808 21560 7424 
20775 15809 21562 7429 
20783 15815 21572 7430 
20791 15823 21581 7432 
20798 15827 21587 7435 
20802 15834 21591 7439 
20808 15846 21596 7441 
20812 15853 21602 7443 
20819 15855 21610 7446 
20827 15863 21615 7448 
20832 15869 21617 7449 
20838 15873 21622 7451 
20843 15881 21626 7454 
20850 15886 21627 7455 
20854 15888 21633 7456 
20864 15896 21638 7458 
20872 15898 21643 7463 
20878 15901 21656 7464 
20885 15909 21664 7466 
20887 15918 21671 7469 
20895 15922 21677 7470 
20898 15931 21682 7471 
20903 15935 21692 7473 
20909 15941 21699 7475 
20917 15946 21703 7475 
20927 15949 21709 7476 
20934 15955 21714 7477 
20940 15958 21721 7481 
20948 15964 21729 7488 
20954 15967 21735 7491 
20962 15971 21743 7493 
20968 15976 21749 7499 
20973 15979 21755 7502 
20982 15982 21757 7506 
20988 15991 21762 7509 
20994 15999 21772 7511 
21002 16002 21778 7515 
21010 16008 21784 7518 
21016 16010 21791 7519 
21022 16016 21801 7520 
21025 16022 21812 7521 
21031 16022 21818 7521 
21039 16025 21822 7524 
21051 16031 21828 7526 
21055 16032 21837 7527 
21060 16036 21841 7529 
21067 16043 21849 7529 
21074 16048 21855 7532 
21082 16052 21858 7532 
21095 16057 21869 7536 
21101 16060 21882 7542 
21111 16063 21887 7545 
21117 16066 21891 7548 
21122 16077 21896 7548 
21125 16083 21904 7550 
21130 16088 21914 7553 
21132 16094 21920 7554 
21139 16100 21925 7557 
21144 16105 21929 7563 
21155 16111 21935 7564 
21164 16120 21941 7564 
21169 16120 21948 7567 
21173 16125 21957 7570 
21177 16134 21963 7570 
21183 16142 21973 7575 
21194 16147 21982 7577 
21201 16148 21986 7579 
21207 16151 21992 7582 
21214 16154 21998 7583 
21217 16158 22004 7585 
21223 16161 22012 7588 
21225 16167 22015 7591 
21236 16170 22027 7597 
21242 16174 22036 7599 
21247 16182 22045 7600 
21251 16187 22052 7602 
21256 16192 22060 7603 
21270 16201 22067 7605 
21274 16205 22072 7606 
21280 16216 22078 7609 
21287 16218 22082 7611 
21295 16223 22088 7612 
21300 16224 22098 7617 
21306 16233 22103 7617 
21311 16241 22108 7618 
21314 16244 22114 7624 
21321 16249 22118 7627 
21327 16258 22120 7631 
21334 16263 22124 7631 
21338 16265 22129 7635 
21346 16268 22138 7637 
21355 16275 22144 7640 
21364 16281 22150 7640 
21369 16288 22155 7644 
21376 16295 22162 7649 
21382 16297 22167 7649 
21388 16305 22171 7649 
21394 16310 22181 7650 
21401 16315 22192 7651 
21408 16320 22199 7655 
21414 16324 22210 7656 
21418 16335 22216 7659 
21420 16343 22220 7660 
21429 16347 22227 7663 
21442 16354 22234 7666 
21453 16355 22241 7668 
21458 16362 22247 7670 
21467 16365 22255 7670 
21475 16374 22263 7670 
21484 16382 22271 7670 
21491 16394 22278 7674 
21494 16397 22284 7678 
21498 16405 22287 7681 
21508 16411 22297 7681 
21511 16416 22300 7681 
21520 16423 22306 7682 
21526 16428 22310 7687 
21530 16432 22314 7692 
21530 16436 22317 7696 
21537 16442 22323 7699 
21545 16450 22333 7701 
21552 16454 22335 7705 
21558 16462 22341 7706 
21566 16466 22346 7707 
21573 16471 22352 7708 
21577 16472 22360 7710 
21583 16476 22366 7712 
21591 16479 22373 7714 
21595 16484 22379 7715 
21606 16490 22385 7718 
21609 16493 22390 7722 
21616 16497 22395 7723 
21620 16506 22402 7725 
21627 16511 22407 7727 
21636 16520 22412 7729 
21644 16523 22421 7731 
21648 16525 22423 7733 
21651 16531 22432 7734 
21658 16535 22438 7738 
21668 16539 22448 7739 
21676 16540 22457 7742 
21682 16548 22463 7743 
21689 16553 22471 7744 
21696 16557 22479 7746 
21700 16563 22490 7750 
21707 16565 22498 7752 
21715 16569 22501 7755 
21724 16573 22505 7760 
21730 16581 22512 7762 
21733 16586 22521 7764 
21740 16591 22526 7766 
21745 16599 22532 7770 
21749 16609 22539 7773 
21754 16613 22544 7774 
21762 16616 22554 7774 
21770 16621 22560 7776 
21777 16625 22568 7780 
21785 16630 22575 7782 
21789 16636 22584 7785 
21797 16639 22586 7786 
21800 16643 22590 7787 
21806 16648 22597 7789 
21810 16652 22606 7794 
21816 16655 22611 7795 
21822 16659 22616 7799 
21830 16662 22622 7802 
21837 16665 22627 7803 
21841 16666 22631 7805 
21843 16669 22639 7806 
21846 16675 22647 7814 
21849 16678 22653 7817 
21854 16684 22657 7819 
21857 16691 22666 7820 
21864 16693 22671 7822 
21869 16699 22676 7823 
21874 16702 22680 7825 
21878 16707 22686 7829 
21886 16715 22693 7831 
21891 16722 22699 7831 
21896 16726 22708 7831 
21901 16728 22720 7834 
21909 16735 22730 7838 
21917 16736 22737 7841 
21923 16742 22738 7844 
21928 16749 22751 7850 
21935 16754 22761 7850 
21940 16757 22766 7853 
21945 16763 22770 7856 
21950 16769 22775 7861 
21957 16774 22783 7862 
21964 16778 22790 7863 
21971 16779 22799 7866 
21979 16790 22805 7869 
21987 16796 22816 7872 
21992 16799 22824 7876 
22000 16801 22830 7880 
22005 16804 22833 7883 
22007 16804 22838 7885 
22012 16804 22842 7887 
22017 16807 22844 7890 
22022 16808 22850 7892 
22027 16814 22857 7893 
22031 16822 22859 7895 
22036 16824 22865 7897 
22039 16827 22873 7898 
22047 16838 22879 7904 
22055 16841 22886 7905 
22058 16847 22895 7908 
22063 16851 22899 7910 
22072 16854 22909 7913 
22076 16859 22916 7915 
22085 16862 22926 7916 
22092 16868 22937 7919 
22098 16876 22939 7920 
22104 16882 22949 7926 
22112 16884 22957 7926 
22118 16887 22962 7929 
22122 16894 22967 7930 
22127 16897 22970 7934 
22132 16902 22976 7939 
22139 16904 22983 7943 
22144 16913 22991 7944 
22146 16917 22997 7945 
22146 16921 23001 7947 
22149 16926 23005 7952 
22156 16933 23013 7954 
22159 16938 23017 7958 
22163 16941 23023 7960 
22171 16948 23027 7962 
22176 16954 23036 7963 
22183 16960 23040 7969 
22192 16966 23045 7971 
22195 16969 23051 7974 
22199 16973 23058 7976 
22203 16978 23062 7978 
22210 16981 23071 7981 
22217 16984 23077 7982 
22222 16988 23084 7986 
22232 16995 23090 7987 
22236 16997 23094 7992 
22243 17003 23105 7995 
22253 17012 23107 7997 
22263 17016 23115 7999 
22267 17021 23121 8001 
22279 17025 23125 8003 
22285 17029 23131 8004 
22291 17035 23136 8004 
22295 17040 23145 8007 
22300 17042 23150 8011 
22305 17049 23157 8013 
22306 17050 23163 8014 
22310 17053 23173 8015 
22315 17058 23186 8020 
22321 17063 23196 8022 
22327 17067 23204 8023 
22336 17071 23217 8024 
22340 17073 23225 8030 
22344 17077 23229 8035 
22350 17085 23232 8038 
22358 17088 23243 8038 
22364 17091 23252 8039 
22367 17095 23262 8041 
22371 17100 23267 8041 
22375 17108 23279 8045 
22376 17114 23285 8046 
22380 17119 23295 8048 
22387 17122 23305 8049 
22393 17128 23311 8054 
22397 17130 23318 8056 
22403 17135 23329 8059 
22414 17140 23334 8062 
22420 17149 23342 8064 
22428 17157 23346 8066 
22436 17166 23352 8067 
22439 17175 23359 8068 
22443 17179 23364 8071 
22448 17187 23368 8076 
22453 17194 23372 8076 
22461 17201 23377 8079 
22463 17207 23384 8081 
22473 17211 23390 8084 
22475 17213 23402 8087 
22489 17221 23413 8088 
