0 0 0 0 
5 5 3 2 
9 7 8 3 
13 12 17 5 
18 16 24 8 
23 18 30 10 
27 23 35 13 
34 25 40 15 
38 30 43 16 
43 33 50 17 
50 38 57 18 
55 40 68 19 
59 47 72 23 
64 49 78 25 
69 51 83 27 
74 56 88 30 
79 59 92 32 
83 60 97 34 
86 63 100 39 
91 64 108 41 
99 65 111 43 
102 74 115 44 
108 78 118 45 
109 84 125 47 
112 87 129 48 
120 88 132 51 
128 88 141 52 
137 91 144 54 
146 94 148 56 
152 97 150 57 
160 100 158 60 
166 106 169 64 
171 114 173 67 
178 119 187 67 
182 123 193 68 
186 130 199 69 
197 136 203 73 
201 138 208 78 
205 143 214 79 
209 148 216 81 
212 148 221 83 
218 154 224 85 
220 156 229 88 
226 164 235 88 
230 169 237 91 
231 173 241 99 
237 180 246 101 
239 187 251 104 
244 191 259 105 
247 195 260 105 
259 201 265 106 
268 205 269 106 
272 207 273 107 
278 209 273 107 
284 212 278 107 
290 213 284 108 
296 218 291 112 
301 223 298 112 
308 223 309 114 
317 227 315 116 
326 230 318 119 
332 239 320 121 
339 242 330 122 
345 245 333 124 
353 248 342 124 
359 249 348 126 
366 252 352 128 
369 256 355 131 
375 259 360 133 
382 260 367 135 
389 267 368 136 
391 269 371 136 
396 274 381 137 
399 278 386 140 
404 283 390 141 
411 287 393 142 
421 293 397 148 
425 298 402 149 
434 303 407 150 
442 309 409 154 
449 318 412 157 
456 321 416 162 
457 326 420 165 
466 331 423 169 
470 334 432 170 
479 338 441 171 
487 344 446 173 
492 348 451 175 
500 348 458 176 
501 349 462 181 
509 356 465 183 
512 358 472 184 
522 363 475 187 
527 366 481 189 
532 369 487 190 
535 370 493 193 
545 372 496 194 
553 374 498 195 
564 377 500 197 
567 380 505 202 
570 385 507 203 
574 388 513 206 
582 393 518 207 
589 396 522 209 
596 400 528 211 
603 405 535 212 
610 408 543 217 
611 411 546 217 
616 412 550 219 
623 414 554 222 
627 417 559 222 
637 419 561 223 
648 419 565 224 
657 420 569 224 
661 421 573 224 
667 423 576 225 
674 426 582 227 
678 430 586 227 
683 435 594 229 
687 437 598 230 
692 441 601 233 
698 445 606 235 
707 450 613 236 
713 454 615 237 
717 456 621 237 
726 459 622 239 
733 460 625 240 
737 467 630 240 
742 472 634 240 
750 480 637 242 
755 484 640 244 
759 486 645 245 
766 492 649 246 
772 496 651 248 
776 503 660 248 
779 506 665 250 
784 506 670 254 
789 509 678 255 
797 512 684 260 
806 515 688 262 
809 518 690 266 
816 521 694 270 
820 528 701 275 
826 534 703 277 
831 541 710 278 
835 547 717 278 
843 549 723 281 
849 553 729 283 
853 557 734 284 
859 562 740 284 
868 568 749 287 
876 570 751 289 
881 576 753 291 
889 579 754 294 
893 583 761 297 
902 585 769 298 
907 585 775 298 
919 589 785 301 
921 592 788 302 
929 597 790 306 
936 602 794 307 
941 607 798 309 
944 610 805 309 
948 615 812 312 
958 617 818 312 
967 621 823 313 
979 627 828 316 
984 631 833 316 
986 634 837 319 
992 637 850 320 
998 641 854 321 
1007 646 860 322 
1011 649 865 323 
1020 654 867 325 
1028 655 876 326 
1033 659 880 328 
1038 663 884 329 
1043 665 886 332 
1048 668 891 335 
1056 669 895 336 
1061 675 896 338 
1068 679 900 338 
1072 681 903 341 
1078 683 907 342 
1084 686 912 343 
1087 688 917 346 
1091 688 922 347 
1092 691 931 347 
1100 694 935 350 
1105 703 945 351 
1109 705 954 353 
1113 708 959 354 
1116 711 967 355 
1123 714 972 357 
1127 718 975 357 
1133 720 981 357 
1137 720 988 360 
1139 726 990 362 
1148 732 993 365 
1154 735 995 367 
1158 738 1002 368 
1163 743 1007 368 
1165 748 1010 369 
1169 751 1015 371 
1175 755 1019 373 
1179 758 1027 375 
1180 759 1030 375 
1186 764 1042 379 
1191 766 1046 382 
1201 769 1052 382 
1203 770 1056 385 
1209 771 1061 388 
1215 773 1069 390 
1219 777 1074 394 
1221 780 1079 397 
1227 786 1083 399 
1238 789 1090 403 
1245 796 1092 404 
1250 805 1097 407 
1256 808 1101 409 
1257 810 1107 410 
1262 812 1109 411 
1270 816 1115 414 
1273 819 1118 415 
1278 822 1120 419 
1282 824 1127 421 
1287 826 1127 425 
1292 834 1134 425 
1299 842 1135 427 
1306 849 1143 428 
1311 851 1147 429 
1316 856 1151 431 
1321 857 1156 432 
1331 862 1160 435 
1334 862 1164 438 
1337 863 1168 440 
1338 866 1174 441 
1345 868 1180 441 
1351 870 1184 443 
1356 871 1187 446 
1363 874 1191 448 
1365 875 1200 450 
1374 880 1206 450 
1382 884 1209 450 
1387 890 1213 452 
1390 893 1217 454 
1392 895 1221 455 
1398 900 1226 456 
1402 905 1229 456 
1404 910 1233 460 
1410 918 1237 461 
1415 925 1246 464 
1417 927 1252 465 
1420 933 1260 466 
1425 938 1266 467 
1429 940 1270 468 
1434 945 1278 472 
1438 950 1282 473 
1443 952 1286 476 
1450 955 1295 477 
1454 956 1302 479 
1461 957 1309 479 
1464 962 1313 482 
1474 962 1321 483 
1475 965 1325 483 
1481 969 1330 484 
1487 974 1332 485 
1497 981 1340 488 
1501 982 1345 490 
1506 983 1354 493 
1511 985 1360 493 
1516 989 1366 496 
1521 991 1374 498 
1529 994 1381 499 
1537 996 1387 500 
1545 998 1394 500 
1547 1002 1398 503 
1550 1003 1407 504 
1553 1007 1414 506 
1556 1017 1417 506 
1561 1019 1418 510 
1567 1026 1423 513 
1572 1031 1431 518 
1588 1033 1436 518 
1594 1039 1438 519 
1599 1044 1444 521 
1603 1046 1447 523 
1608 1046 1454 525 
1611 1049 1457 526 
1614 1051 1461 528 
1623 1054 1468 531 
1631 1056 1475 534 
1638 1059 1479 534 
1638 1065 1486 534 
1643 1070 1492 534 
1654 1075 1498 536 
1665 1079 1501 536 
1678 1082 1504 537 
1683 1083 1507 538 
1687 1087 1511 538 
1688 1090 1520 540 
1697 1093 1526 542 
1699 1094 1531 542 
1705 1098 1537 546 
1709 1099 1540 547 
1713 1106 1548 548 
1721 1108 1556 549 
1727 1114 1562 550 
1735 1116 1567 555 
1738 1120 1571 560 
1742 1122 1577 564 
1745 1124 1582 567 
1752 1127 1594 568 
1755 1134 1599 570 
1760 1136 1604 572 
1765 1142 1607 576 
1770 1146 1614 581 
1771 1151 1617 585 
1778 1153 1622 588 
1779 1154 1627 590 
1790 1154 1629 590 
1790 1161 1630 591 
1795 1164 1634 594 
1800 1168 1638 597 
1804 1173 1644 598 
1808 1175 1647 599 
1815 1178 1651 599 
1822 1182 1656 601 
1827 1184 1661 603 
1833 1189 1664 607 
1838 1192 1665 609 
1843 1195 1672 609 
1848 1199 1676 610 
1856 1205 1681 615 
1860 1212 1684 617 
1862 1216 1693 620 
1865 1221 1698 623 
1868 1224 1706 624 
1875 1229 1711 627 
1880 1231 1715 628 
1886 1234 1720 629 
1891 1236 1722 630 
1895 1242 1730 632 
1900 1245 1738 635 
1904 1249 1745 638 
1908 1258 1752 640 
1917 1260 1756 640 
1922 1266 1763 643 
1928 1271 1766 647 
1934 1273 1768 654 
1940 1278 1770 656 
1947 1279 1777 658 
1952 1280 1788 660 
1956 1284 1790 663 
1958 1288 1800 665 
1959 1289 1805 666 
1966 1294 1812 669 
1976 1302 1818 671 
1982 1304 1827 672 
1988 1307 1835 675 
1995 1313 1842 677 
2000 1316 1852 679 
2004 1319 1857 681 
2011 1325 1861 685 
2018 1330 1867 686 
2027 1331 1869 686 
2033 1340 1880 688 
2035 1351 1888 690 
2038 1356 1893 692 
2042 1360 1903 695 
2047 1367 1906 699 
2054 1373 1909 701 
2054 1375 1918 701 
2060 1378 1922 705 
2065 1381 1927 710 
2072 1384 1931 712 
2081 1386 1932 714 
2085 1389 1936 718 
2087 1390 1941 720 
2094 1395 1945 721 
2098 1395 1953 723 
2103 1399 1957 727 
2104 1404 1961 729 
2112 1408 1967 729 
2114 1413 1972 730 
2117 1420 1977 730 
2123 1421 1981 732 
2131 1428 1984 735 
2137 1432 1989 740 
2143 1438 1994 742 
2146 1442 2000 744 
2150 1447 2011 744 
2155 1452 2015 744 
2160 1460 2020 745 
2163 1463 2023 748 
2168 1466 2028 752 
2171 1470 2034 755 
2175 1472 2037 757 
2180 1477 2044 759 
2182 1481 2051 761 
2188 1484 2057 763 
2191 1486 2062 766 
2191 1486 2070 770 
2199 1489 2075 773 
2201 1494 2081 775 
2202 1502 2083 776 
2206 1506 2089 776 
2212 1511 2094 779 
2218 1512 2096 781 
2229 1515 2100 783 
2232 1519 2109 784 
2237 1523 2113 787 
2245 1528 2115 788 
2249 1530 2118 791 
2254 1531 2121 792 
2257 1533 2125 794 
2262 1536 2134 799 
2265 1541 2139 799 
2267 1547 2147 800 
2273 1549 2150 803 
2273 1553 2155 807 
2284 1561 2163 809 
2288 1564 2168 810 
2290 1573 2172 813 
2296 1579 2175 814 
2303 1582 2180 816 
2308 1589 2189 817 
2312 1593 2195 819 
2315 1595 2201 821 
2320 1598 2205 825 
2323 1604 2209 827 
2329 1607 2216 828 
2335 1607 2218 832 
2343 1611 2225 833 
2349 1613 2235 837 
2358 1616 2244 838 
2362 1620 2246 841 
2363 1624 2254 843 
2371 1628 2262 845 
2377 1629 2267 846 
2383 1632 2271 848 
2389 1634 2278 850 
2397 1636 2285 850 
2401 1639 2289 854 
2409 1640 2293 854 
2412 1644 2296 855 
2414 1647 2300 855 
2420 1651 2303 855 
2423 1655 2305 857 
2428 1657 2312 859 
2429 1662 2318 860 
2438 1668 2325 861 
2440 1671 2327 862 
2445 1673 2338 863 
2448 1680 2343 866 
2452 1685 2349 868 
2459 1690 2353 869 
2464 1695 2359 871 
2469 1699 2362 875 
2473 1704 2371 876 
2476 1710 2375 877 
2482 1719 2379 882 
2493 1723 2387 882 
2495 1726 2390 883 
2503 1733 2392 886 
2511 1736 2397 886 
2514 1742 2401 889 
2521 1744 2408 891 
2525 1747 2411 893 
2531 1754 2416 894 
2537 1757 2427 895 
2545 1763 2429 896 
2548 1764 2433 898 
2552 1770 2442 900 
2555 1771 2448 902 
2562 1776 2454 905 
2569 1777 2459 906 
2571 1778 2460 909 
2576 1783 2460 911 
2579 1785 2465 912 
2583 1792 2475 914 
2588 1796 2479 918 
2593 1798 2483 924 
2597 1803 2485 925 
2600 1807 2488 929 
2606 1809 2496 929 
2610 1818 2501 932 
2617 1822 2504 936 
2626 1828 2510 937 
2631 1832 2512 939 
2636 1840 2515 940 
2640 1843 2523 940 
2644 1847 2527 941 
2648 1849 2531 941 
2652 1851 2535 941 
2661 1859 2537 944 
2668 1863 2542 946 
2673 1864 2545 947 
2679 1872 2550 952 
2684 1876 2555 953 
2686 1880 2562 955 
2690 1882 2570 956 
2694 1885 2573 957 
2695 1888 2580 958 
2702 1892 2582 958 
2708 1896 2587 959 
2712 1901 2588 961 
2716 1908 2596 962 
2721 1912 2599 962 
2729 1916 2604 963 
2732 1916 2607 965 
2745 1918 2609 967 
2751 1920 2614 973 
2759 1924 2623 973 
2761 1926 2631 977 
2767 1926 2632 978 
2771 1935 2635 983 
2776 1937 2637 986 
2779 1943 2644 988 
2785 1946 2647 993 
2787 1949 2649 993 
2792 1954 2653 995 
2795 1955 2657 996 
2800 1956 2667 1000 
2803 1963 2671 1002 
2809 1967 2677 1003 
2812 1970 2682 1006 
2815 1975 2686 1007 
2819 1979 2691 1010 
2824 1982 2694 1015 
2826 1989 2700 1016 
2835 1993 2703 1020 
2839 1997 2709 1023 
2842 2004 2712 1027 
2852 2009 2718 1028 
2856 2011 2723 1031 
2861 2016 2732 1031 
2865 2020 2736 1034 
2875 2021 2742 1043 
2879 2023 2749 1046 
2881 2025 2751 1047 
2885 2030 2759 1049 
2890 2033 2762 1051 
2903 2038 2767 1053 
2910 2042 2775 1055 
2915 2046 2782 1058 
2920 2050 2786 1059 
2925 2058 2792 1062 
2933 2062 2802 1064 
2938 2066 2809 1064 
2943 2069 2817 1064 
2948 2073 2823 1068 
2953 2076 2824 1068 
2960 2079 2832 1070 
2964 2081 2835 1074 
2972 2083 2845 1076 
2978 2089 2853 1080 
2985 2093 2857 1083 
2989 2094 2864 1084 
2993 2096 2868 1084 
2997 2099 2872 1084 
3000 2101 2876 1087 
3005 2104 2879 1089 
3014 2107 2883 1089 
3021 2110 2887 1091 
3028 2113 2894 1094 
3036 2116 2898 1096 
3044 2121 2903 1096 
3047 2123 2904 1097 
3047 2130 2913 1098 
3051 2133 2925 1102 
3058 2133 2931 1102 
3060 2137 2936 1102 
3064 2141 2942 1106 
3070 2143 2946 1107 
3077 2148 2952 1108 
3083 2152 2956 1110 
3089 2155 2962 1112 
3095 2159 2968 1116 
3100 2165 2973 1118 
3106 2168 2977 1118 
3112 2172 2980 1119 
3122 2176 2983 1121 
3126 2178 2989 1121 
3135 2180 2992 1122 
3140 2183 2999 1123 
3143 2190 3001 1125 
3148 2195 3007 1125 
3152 2196 3012 1129 
3155 2197 3012 1129 
3161 2206 3019 1130 
3163 2212 3022 1132 
3167 2214 3025 1133 
3174 2217 3034 1134 
3180 2223 3040 1135 
3187 2229 3041 1135 
3193 2233 3048 1136 
3197 2235 3056 1137 
3199 2238 3064 1138 
3203 2240 3071 1142 
3207 2242 3073 1145 
3211 2246 3080 1149 
3215 2250 3087 1154 
3220 2254 3091 1157 
3230 2260 3094 1157 
3234 2263 3099 1160 
3241 2267 3104 1165 
3249 2271 3111 1167 
3254 2277 3116 1169 
3260 2278 3121 1171 
3274 2284 3127 1172 
3280 2286 3133 1174 
3288 2290 3140 1174 
3295 2294 3145 1175 
3300 2302 3151 1176 
3304 2307 3157 1177 
3306 2309 3161 1179 
3312 2313 3165 1180 
3316 2320 3166 1182 
3319 2329 3171 1185 
3322 2335 3175 1186 
3324 2338 3182 1189 
3329 2339 3186 1193 
3329 2342 3190 1195 
3337 2344 3192 1197 
3341 2350 3201 1197 
3342 2356 3207 1199 
3347 2360 3209 1200 
3350 2362 3216 1201 
3355 2367 3223 1203 
3363 2369 3227 1204 
3368 2375 3229 1205 
3373 2379 3236 1209 
3383 2385 3238 1213 
3391 2388 3240 1214 
3396 2394 3246 1217 
3399 2397 3252 1220 
3405 2401 3263 1222 
3415 2402 3268 1224 
3422 2410 3271 1229 
3430 2416 3284 1231 
3433 2418 3287 1232 
3436 2421 3296 1232 
3443 2430 3301 1234 
3446 2433 3303 1236 
3456 2439 3307 1238 
3462 2443 3317 1239 
3462 2453 3322 1239 
3467 2458 3324 1241 
3473 2462 3331 1243 
3478 2465 3338 1245 
3483 2466 3342 1245 
3487 2469 3346 1248 
3490 2474 3354 1250 
3494 2476 3357 1250 
3498 2479 3362 1252 
3506 2481 3365 1253 
3511 2485 3370 1257 
3516 2489 3381 1259 
3518 2493 3387 1260 
3522 2497 3393 1260 
3524 2499 3401 1261 
3532 2505 3407 1262 
3539 2511 3410 1263 
3542 2518 3413 1265 
3554 2521 3414 1266 
3557 2525 3420 1269 
3563 2525 3426 1271 
3567 2530 3430 1271 
3572 2534 3433 1273 
3578 2538 3440 1277 
3582 2543 3444 1278 
3583 2546 3452 1281 
3593 2547 3459 1285 
3602 2553 3463 1286 
3607 2557 3468 1289 
3614 2563 3477 1290 
3620 2570 3482 1295 
3624 2571 3488 1299 
3632 2576 3490 1300 
3641 2580 3493 1302 
3647 2583 3499 1305 
3650 2586 3501 1306 
3656 2592 3508 1308 
3663 2598 3514 1310 
3668 2601 3515 1313 
3674 2603 3523 1314 
3677 2610 3533 1316 
3681 2617 3535 1317 
3686 2619 3543 1319 
3692 2625 3547 1321 
3695 2631 3549 1323 
3699 2640 3554 1324 
3709 2643 3558 1326 
3717 2650 3561 1328 
3724 2652 3569 1332 
3725 2655 3572 1333 
3736 2659 3578 1336 
3741 2664 3588 1338 
3751 2667 3594 1341 
3752 2671 3604 1343 
3756 2673 3614 1344 
3759 2679 3619 1346 
3762 2683 3626 1350 
3767 2689 3629 1352 
3772 2691 3638 1355 
3776 2692 3643 1357 
3782 2693 3652 1358 
3786 2696 3657 1361 
3795 2699 3662 1367 
3802 2702 3666 1370 
3809 2706 3670 1370 
3818 2710 3676 1370 
3819 2715 3683 1371 
3826 2721 3685 1373 
3831 2729 3689 1373 
3836 2731 3692 1376 
3839 2739 3696 1380 
3847 2744 3704 1381 
3856 2749 3712 1383 
3860 2753 3719 1384 
3867 2755 3725 1385 
3870 2757 3728 1388 
3874 2763 3734 1392 
3879 2764 3741 1394 
3884 2770 3745 1396 
3890 2776 3753 1397 
3893 2782 3754 1398 
3894 2786 3758 1398 
3898 2789 3761 1399 
3906 2795 3766 1402 
3912 2800 3771 1404 
3914 2805 3776 1404 
3919 2806 3779 1406 
3925 2810 3782 1406 
3928 2816 3792 1409 
3935 2818 3799 1409 
3937 2822 3806 1410 
3941 2828 3809 1412 
3945 2834 3812 1414 
3950 2837 3818 1417 
3956 2840 3825 1421 
3967 2848 3830 1423 
3971 2852 3838 1426 
3975 2863 3845 1426 
3981 2869 3848 1426 
3986 2872 3856 1427 
3991 2879 3867 1427 
3997 2883 3877 1429 
3999 2887 3884 1433 
3999 2892 3888 1434 
4003 2896 3896 1435 
4007 2897 3900 1437 
4012 2904 3904 1439 
4019 2908 3907 1441 
4023 2918 3912 1443 
4024 2926 3917 1444 
4032 2929 3920 1446 
4040 2936 3930 1447 
4045 2939 3933 1451 
4053 2941 3939 1451 
4055 2942 3946 1453 
4063 2950 3951 1453 
4069 2952 3954 1456 
4074 2954 3961 1456 
4084 2957 3968 1457 
4090 2961 3970 1460 
4099 2965 3977 1463 
4103 2966 3981 1466 
4111 2972 3987 1468 
4116 2974 3994 1470 
4121 2977 3998 1472 
4128 2984 4003 1473 
4134 2987 4007 1476 
4142 2993 4013 1477 
4147 3000 4018 1479 
4151 3005 4023 1483 
4158 3012 4026 1484 
4167 3013 4029 1485 
4172 3017 4032 1486 
4184 3024 4035 1487 
4190 3025 4041 1489 
4193 3030 4049 1489 
4198 3035 4055 1489 
4200 3038 4060 1491 
4210 3041 4064 1492 
4215 3044 4071 1495 
4220 3049 4077 1497 
4224 3054 4082 1498 
4228 3061 4086 1502 
4233 3064 4092 1504 
4237 3066 4093 1508 
4243 3070 4098 1510 
4249 3072 4101 1513 
4256 3076 4106 1513 
4260 3076 4112 1515 
4267 3082 4117 1516 
4273 3085 4121 1520 
4275 3088 4127 1522 
4278 3093 4133 1524 
4282 3097 4143 1526 
4289 3102 4150 1528 
4296 3105 4156 1528 
4300 3113 4161 1529 
4307 3118 4167 1532 
4312 3118 4171 1535 
4315 3122 4178 1536 
4321 3125 4183 1536 
4327 3129 4187 1537 
4329 3132 4187 1538 
4337 3133 4190 1539 
4343 3136 4199 1540 
4346 3139 4207 1543 
4350 3146 4215 1546 
4352 3150 4219 1548 
4355 3153 4223 1550 
4355 3156 4225 1553 
4362 3160 4226 1554 
4368 3162 4229 1557 
4372 3162 4233 1558 
4378 3166 4244 1559 
4382 3168 4249 1561 
4386 3171 4254 1562 
4393 3173 4259 1563 
4395 3177 4262 1563 
4401 3179 4269 1567 
4407 3183 4274 1569 
4413 3185 4283 1572 
4416 3187 4286 1574 
4420 3190 4292 1576 
4426 3195 4294 1577 
4433 3197 4300 1582 
4439 3198 4305 1585 
4446 3199 4309 1585 
4450 3205 4314 1587 
4457 3207 4319 1589 
4460 3212 4327 1590 
4468 3215 4330 1592 
4473 3221 4331 1595 
4479 3227 4338 1597 
4484 3231 4341 1600 
4485 3239 4346 1600 
4494 3248 4350 1601 
4500 3252 4353 1602 
4503 3257 4358 1602 
4504 3261 4361 1604 
4511 3264 4369 1605 
4516 3268 4377 1609 
4522 3270 4385 1613 
4528 3273 4390 1614 
4532 3279 4395 1618 
4536 3285 4397 1621 
4541 3288 4400 1623 
4549 3290 4407 1624 
4552 3297 4407 1624 
4554 3301 4414 1624 
4560 3308 4416 1627 
4563 3312 4421 1628 
4566 3315 4425 1629 
4571 3318 4429 1629 
4577 3325 4434 1630 
4585 3328 4441 1630 
4588 3335 4447 1633 
4594 3340 4448 1635 
4607 3344 4452 1637 
4611 3346 4457 1638 
4617 3351 4464 1639 
4623 3354 4472 1641 
4625 3361 4476 1644 
4631 3365 4481 1644 
4639 3373 4490 1645 
4644 3376 4493 1647 
4650 3382 4498 1648 
4658 3388 4504 1649 
4664 3398 4509 1652 
4668 3404 4514 1653 
4673 3406 4515 1657 
4679 3411 4522 1658 
4688 3415 4537 1662 
4690 3418 4548 1662 
4699 3424 4552 1663 
4702 3430 4561 1665 
4709 3431 4569 1666 
4710 3433 4574 1668 
4716 3442 4579 1673 
4720 3446 4584 1675 
4725 3451 4592 1677 
4728 3454 4600 1677 
4735 3457 4603 1678 
4741 3460 4609 1679 
4747 3462 4613 1679 
4753 3470 4618 1682 
4756 3472 4621 1684 
4763 3480 4631 1684 
4769 3488 4642 1684 
4775 3490 4646 1685 
4781 3494 4651 1685 
4792 3498 4661 1689 
4800 3505 4668 1690 
4805 3509 4672 1691 
4811 3510 4675 1692 
4822 3515 4682 1693 
4832 3518 4686 1694 
4835 3523 4694 1697 
4846 3529 4700 1698 
4850 3537 4708 1698 
4859 3544 4712 1701 
4865 3547 4719 1701 
4871 3548 4723 1704 
4879 3553 4730 1705 
4887 3558 4736 1706 
4891 3567 4738 1708 
4895 3569 4742 1708 
4901 3571 4745 1709 
4906 3576 4753 1710 
4912 3581 4757 1711 
4918 3586 4760 1712 
4927 3591 4766 1714 
4938 3598 4771 1719 
4940 3601 4774 1721 
4949 3608 4778 1722 
4954 3613 4791 1724 
4960 3615 4801 1725 
4968 3620 4809 1727 
4973 3624 4815 1728 
4979 3629 4818 1728 
4993 3632 4825 1729 
5001 3637 4831 1729 
5003 3641 4836 1729 
5008 3644 4843 1730 
5013 3646 4853 1732 
5020 3650 4857 1733 
5024 3654 4866 1736 
5031 3660 4869 1738 
5035 3665 4876 1738 
5040 3675 4880 1739 
5049 3682 4887 1741 
5051 3687 4892 1742 
5055 3690 4896 1743 
5059 3692 4898 1746 
5064 3694 4901 1748 
5071 3705 4906 1751 
5081 3709 4908 1752 
5085 3718 4913 1754 
5090 3721 4915 1757 
5094 3727 4921 1759 
5100 3734 4927 1760 
5104 3736 4931 1761 
5110 3743 4936 1764 
5115 3745 4940 1769 
5122 3750 4950 1772 
5129 3753 4959 1775 
5129 3755 4964 1776 
5135 3759 4968 1777 
5143 3760 4971 1779 
5146 3762 4980 1779 
5150 3765 4982 1783 
5157 3773 4987 1790 
5167 3777 4990 1791 
5170 3780 4996 1791 
5172 3786 5001 1797 
5174 3790 5008 1800 
5179 3793 5011 1802 
5186 3798 5015 1807 
5194 3801 5017 1808 
5198 3803 5026 1809 
5205 3807 5029 1809 
5213 3811 5035 1811 
5218 3820 5040 1812 
5222 3825 5042 1814 
5234 3829 5047 1819 
5236 3832 5053 1823 
5240 3837 5058 1825 
5244 3844 5061 1829 
5250 3850 5064 1833 
5255 3857 5066 1838 
5263 3863 5069 1841 
5269 3868 5074 1847 
5274 3870 5078 1849 
5280 3875 5084 1851 
5286 3877 5089 1852 
5291 3881 5093 1853 
5293 3886 5099 1854 
5300 3888 5107 1854 
5306 3897 5111 1855 
5312 3903 5123 1857 
5312 3906 5127 1858 
5317 3910 5132 1859 
5323 3913 5139 1862 
5329 3920 5149 1862 
5335 3923 5155 1864 
5337 3924 5161 1865 
5342 3928 5168 1867 
5347 3934 5175 1869 
5351 3934 5183 1872 
5359 3934 5189 1872 
5363 3936 5194 1876 
5369 3939 5200 1878 
5372 3945 5204 1878 
5381 3948 5207 1880 
5382 3952 5210 1880 
5388 3955 5219 1882 
5392 3961 5229 1884 
5400 3964 5233 1884 
5407 3968 5239 1886 
5411 3969 5245 1889 
5417 3975 5247 1890 
5423 3977 5254 1892 
5429 3983 5261 1893 
5434 3985 5264 1897 
5442 3987 5272 1897 
5450 3992 5273 1897 
5456 3997 5273 1900 
5460 4000 5283 1903 
5464 4002 5286 1905 
5472 4006 5290 1907 
5481 4008 5292 1908 
5486 4009 5303 1910 
5493 4013 5310 1911 
5496 4015 5314 1913 
5506 4018 5317 1914 
5509 4024 5325 1917 
5520 4026 5331 1918 
5523 4031 5338 1919 
5530 4035 5344 1920 
5537 4037 5349 1921 
5544 4040 5363 1921 
5545 4047 5369 1923 
5551 4050 5370 1927 
5557 4053 5370 1929 
5561 4055 5376 1930 
5568 4060 5377 1932 
5571 4066 5382 1932 
5577 4068 5387 1935 
5581 4073 5395 1938 
5588 4076 5406 1942 
5594 4076 5408 1945 
5598 4080 5413 1948 
5604 4082 5416 1950 
5611 4085 5421 1952 
5620 4086 5424 1952 
5624 4088 5429 1954 
5630 4091 5435 1956 
5634 4096 5440 1959 
5639 4097 5446 1962 
5647 4099 5450 1966 
5655 4101 5455 1968 
5661 4102 5462 1969 
5669 4105 5466 1970 
5676 4108 5470 1971 
5686 4112 5477 1974 
5691 4123 5481 1976 
5697 4125 5488 1978 
5705 4130 5496 1983 
5714 4134 5503 1988 
5720 4137 5506 1989 
5725 4139 5513 1991 
5733 4141 5515 1994 
5739 4143 5521 1995 
5745 4145 5525 1996 
5750 4148 5532 1999 
5754 4148 5537 1999 
5758 4153 5540 1999 
5765 4160 5550 2000 
5768 4164 5556 2001 
5772 4168 5558 2003 
5778 4170 5562 2006 
5783 4176 5565 2011 
5788 4184 5576 2012 
5794 4187 5587 2012 
5799 4191 5594 2012 
5809 4196 5600 2013 
5813 4200 5606 2014 
5818 4203 5615 2014 
5822 4209 5623 2019 
5822 4214 5634 2021 
5826 4219 5639 2024 
5833 4221 5641 2028 
5843 4224 5643 2029 
5847 4230 5647 2035 
5853 4232 5651 2038 
5857 4237 5657 2043 
5861 4241 5668 2045 
5863 4244 5673 2045 
5866 4246 5678 2046 
5870 4251 5690 2048 
5875 4255 5697 2052 
5881 4260 5704 2053 
5887 4261 5708 2055 
5888 4265 5715 2058 
5893 4270 5720 2060 
5901 4276 5725 2062 
5910 4281 5732 2066 
5916 4285 5734 2067 
5919 4289 5741 2070 
5926 4293 5746 2072 
5931 4296 5751 2075 
5936 4303 5758 2076 
5942 4311 5765 2079 
5946 4317 5771 2081 
5952 4323 5775 2083 
5959 4328 5779 2085 
5965 4332 5785 2087 
5972 4337 5788 2089 
5978 4342 5793 2090 
5984 4345 5803 2094 
5988 4350 5807 2094 
5994 4358 5812 2096 
5998 4365 5815 2097 
6003 4369 5820 2099 
6006 4370 5824 2101 
6014 4375 5832 2103 
6017 4376 5838 2105 
6021 4384 5840 2106 
6027 4385 5845 2110 
6028 4388 5848 2111 
6033 4390 5857 2112 
6035 4397 5864 2115 
6037 4398 5868 2115 
6046 4406 5871 2116 
6052 4411 5875 2116 
6055 4415 5878 2118 
6063 4419 5885 2121 
6068 4424 5889 2121 
6073 4430 5895 2124 
6079 4437 5899 2126 
6084 4445 5905 2128 
6091 4450 5910 2129 
6093 4452 5913 2130 
6099 4454 5915 2133 
6104 4455 5918 2136 
6109 4460 5923 2137 
6115 4467 5927 2140 
6126 4471 5931 2140 
6134 4474 5937 2144 
6139 4477 5940 2147 
6141 4479 5946 2150 
6145 4484 5953 2151 
6147 4487 5961 2152 
6156 4493 5967 2152 
6162 4495 5973 2153 
6166 4498 5985 2155 
6171 4500 5995 2155 
6177 4501 5998 2155 
6185 4505 6003 2157 
6187 4511 6008 2160 
6192 4512 6011 2163 
6197 4517 6018 2164 
6198 4523 6026 2168 
6202 4527 6031 2173 
6208 4533 6039 2178 
6213 4535 6046 2178 
6217 4537 6051 2179 
6222 4541 6058 2179 
6227 4544 6063 2180 
6234 4549 6072 2182 
6242 4558 6076 2183 
6247 4561 6081 2186 
6255 4566 6082 2188 
6258 4568 6087 2190 
6262 4570 6092 2193 
6265 4571 6097 2193 
6274 4573 6107 2197 
6277 4576 6113 2199 
6283 4580 6121 2200 
6287 4585 6125 2200 
6295 4590 6125 2205 
6301 4593 6131 2206 
6304 4595 6140 2209 
6309 4602 6144 2211 
6317 4608 6149 2212 
6319 4609 6153 2215 
6325 4613 6158 2217 
6331 4619 6168 2219 
6336 4620 6176 2223 
6341 4624 6184 2226 
6347 4629 6188 2228 
6353 4630 6192 2228 
6362 4636 6195 2229 
6369 4642 6204 2231 
6373 4647 6207 2232 
6379 4652 6210 2232 
6386 4655 6214 2233 
6391 4660 6219 2238 
6397 4665 6224 2241 
6400 4672 6230 2244 
6403 4677 6233 2244 
6408 4678 6236 2246 
6416 4683 6240 2247 
6420 4684 6245 2251 
6425 4690 6255 2253 
6431 4692 6259 2254 
6436 4697 6268 2256 
6441 4702 6273 2257 
6448 4709 6278 2257 
6457 4713 6284 2258 
6459 4718 6292 2259 
6467 4721 6299 2261 
6475 4723 6310 2262 
6478 4729 6318 2264 
6481 4731 6320 2268 
6486 4735 6324 2270 
6493 4746 6329 2273 
6499 4749 6333 2273 
6506 4749 6341 2273 
6511 4759 6346 2275 
6520 4769 6349 2277 
6526 4777 6351 2278 
6527 4783 6352 2282 
6531 4790 6357 2284 
6539 4793 6362 2285 
6544 4799 6370 2287 
6550 4805 6376 2290 
6556 4809 6390 2291 
6561 4813 6398 2293 
6570 4814 6402 2295 
6577 4814 6411 2300 
6581 4824 6418 2300 
6585 4827 6421 2301 
6588 4829 6425 2307 
6592 4835 6431 2308 
6599 4838 6435 2309 
6606 4842 6442 2310 
6611 4848 6446 2315 
6619 4852 6452 2319 
6626 4855 6455 2321 
6630 4856 6462 2325 
6632 4861 6467 2326 
6636 4865 6474 2329 
6644 4870 6480 2330 
6647 4872 6488 2331 
6652 4878 6495 2335 
6659 4882 6501 2336 
6662 4887 6503 2337 
6670 4891 6510 2338 
6675 4895 6516 2340 
6679 4899 6522 2343 
6689 4902 6529 2345 
6698 4906 6532 2345 
6703 4910 6536 2346 
6711 4917 6541 2347 
6715 4924 6548 2348 
6720 4928 6553 2351 
6726 4930 6559 2352 
6736 4934 6564 2356 
6745 4935 6568 2357 
6752 4941 6578 2358 
6755 4944 6583 2360 
6762 4950 6586 2360 
6767 4954 6589 2360 
6772 4957 6595 2362 
6776 4959 6600 2364 
6781 4961 6606 2365 
6784 4965 6610 2366 
6788 4972 6620 2366 
6791 4972 6624 2368 
6794 4973 6631 2369 
6795 4979 6639 2372 
6805 4982 6642 2373 
6812 4988 6647 2374 
6816 4992 6659 2374 
6822 4994 6667 2376 
6829 5000 6673 2379 
6835 5003 6679 2381 
6845 5007 6685 2382 
6850 5010 6690 2384 
6853 5014 6697 2387 
6856 5020 6702 2389 
6860 5023 6709 2391 
6866 5027 6714 2397 
6872 5032 6715 2400 
6875 5037 6720 2401 
6881 5041 6725 2401 
6885 5045 6729 2402 
6890 5050 6734 2403 
6897 5057 6738 2403 
6901 5061 6741 2406 
6908 5068 6746 2408 
6917 5073 6752 2410 
6921 5077 6755 2411 
6925 5083 6760 2415 
6930 5089 6770 2418 
6931 5093 6775 2420 
6937 5096 6783 2423 
6940 5100 6792 2425 
6942 5107 6794 2426 
6943 5111 6799 2428 
6948 5116 6802 2428 
6952 5122 6807 2431 
6955 5129 6812 2433 
6958 5131 6816 2434 
6964 5141 6819 2435 
6968 5144 6828 2436 
6975 5149 6833 2436 
6981 5154 6837 2438 
6988 5163 6838 2439 
6994 5164 6845 2440 
7000 5171 6852 2440 
7008 5172 6854 2441 
7015 5175 6863 2441 
7022 5181 6874 2444 
7029 5190 6881 2448 
7035 5193 6885 2451 
7039 5196 6888 2454 
7046 5199 6892 2457 
7052 5202 6895 2460 
7056 5209 6900 2461 
7063 5212 6904 2463 
7072 5214 6913 2464 
7081 5215 6917 2466 
7088 5220 6920 2468 
7090 5225 6925 2469 
7093 5228 6926 2471 
7100 5233 6933 2471 
7103 5237 6934 2474 
7110 5241 6939 2474 
7116 5245 6945 2478 
7122 5247 6956 2479 
7126 5252 6958 2479 
7129 5257 6962 2483 
7132 5262 6967 2484 
7134 5270 6973 2484 
7137 5281 6981 2486 
7141 5283 6987 2487 
7144 5287 6989 2488 
7147 5292 6992 2490 
7151 5295 6999 2491 
7160 5297 7007 2492 
7169 5299 7012 2495 
7176 5300 7022 2497 
7179 5304 7028 2501 
7188 5307 7034 2504 
7191 5310 7041 2505 
7194 5313 7042 2507 
7205 5321 7049 2507 
7214 5325 7057 2509 
7214 5328 7060 2510 
7218 5336 7068 2511 
7224 5339 7073 2513 
7227 5343 7081 2513 
7231 5351 7086 2514 
7231 5355 7093 2517 
7236 5363 7099 2518 
7240 5367 7111 2520 
7246 5375 7121 2521 
7251 5380 7124 2523 
7255 5382 7133 2525 
7261 5385 7136 2526 
7264 5390 7139 2529 
7272 5390 7149 2530 
7277 5393 7153 2530 
7281 5397 7160 2531 
7287 5400 7173 2533 
7289 5403 7179 2534 
7291 5408 7182 2536 
7299 5410 7187 2539 
7303 5414 7195 2540 
7308 5416 7198 2543 
7313 5422 7202 2544 
7318 5424 7211 2544 
7323 5429 7215 2547 
7327 5434 7221 2549 
7333 5439 7226 2550 
7335 5444 7230 2550 
7342 5448 7236 2553 
7347 5457 7245 2556 
7358 5458 7250 2561 
7366 5459 7257 2561 
7373 5464 7260 2562 
7380 5472 7263 2562 
7387 5477 7272 2564 
7390 5481 7277 2564 
7399 5485 7281 2565 
7404 5487 7290 2567 
7408 5491 7294 2570 
7414 5496 7299 2571 
7420 5499 7301 2573 
7425 5504 7305 2573 
7429 5505 7310 2577 
7433 5509 7314 2579 
7439 5512 7319 2580 
7444 5516 7322 2582 
7450 5524 7330 2582 
7453 5531 7335 2584 
7456 5534 7343 2585 
7463 5535 7349 2586 
7468 5540 7354 2590 
7472 5548 7356 2594 
7477 5553 7360 2596 
7486 5560 7365 2596 
7497 5564 7373 2597 
7500 5568 7380 2600 
7508 5574 7389 2602 
7514 5579 7393 2603 
7521 5585 7401 2606 
7525 5585 7401 2606 
7528 5588 7404 2606 
7531 5591 7407 2612 
7536 5595 7412 2614 
7542 5597 7416 2615 
7546 5600 7421 2616 
7554 5605 7427 2617 
7558 5608 7433 2618 
7565 5613 7434 2619 
7572 5618 7438 2627 
7575 5622 7445 2628 
7583 5624 7451 2629 
7588 5628 7454 2629 
7596 5630 7462 2630 
7601 5639 7467 2633 
7604 5642 7474 2639 
7607 5646 7477 2640 
7616 5650 7486 2643 
7622 5653 7492 2645 
7627 5660 7495 2646 
7633 5663 7499 2649 
7635 5666 7505 2650 
7642 5670 7510 2654 
7649 5675 7516 2656 
7657 5675 7524 2660 
7662 5685 7526 2660 
7664 5691 7532 2661 
7673 5694 7541 2665 
7678 5699 7548 2667 
7684 5701 7552 2668 
7690 5708 7560 2669 
7694 5710 7565 2671 
7696 5714 7571 2671 
7697 5719 7578 2673 
7705 5721 7586 2674 
7708 5722 7589 2678 
7711 5723 7596 2680 
7713 5728 7602 2683 
7716 5730 7607 2684 
7724 5736 7618 2685 
7732 5739 7621 2689 
7738 5740 7626 2690 
7743 5746 7632 2693 
7751 5749 7637 2694 
7757 5752 7644 2696 
7761 5758 7651 2699 
7768 5764 7654 2701 
7772 5767 7657 2704 
7779 5772 7665 2706 
7783 5779 7668 2706 
7786 5782 7675 2711 
7794 5788 7682 2715 
7798 5791 7687 2717 
7805 5797 7693 2719 
7812 5800 7697 2720 
7820 5805 7705 2721 
7825 5813 7706 2725 
7832 5819 7711 2727 
7840 5821 7721 2727 
7851 5822 7726 2729 
7857 5828 7732 2733 
7864 5830 7738 2736 
7867 5834 7745 2739 
7870 5837 7749 2741 
7877 5843 7757 2742 
7880 5849 7766 2743 
7883 5853 7773 2746 
7889 5857 7776 2747 
7893 5861 7786 2751 
7895 5869 7794 2752 
7901 5874 7803 2754 
7907 5878 7808 2756 
7913 5880 7814 2757 
7922 5882 7819 2758 
7923 5884 7826 2760 
7931 5888 7829 2761 
7938 5895 7836 2762 
7941 5896 7838 2766 
7948 5900 7848 2770 
7952 5904 7852 2772 
7957 5909 7859 2773 
7961 5912 7863 2775 
7969 5919 7870 2775 
7975 5920 7877 2779 
7978 5924 7880 2781 
7984 5933 7883 2784 
7990 5936 7888 2784 
7996 5938 7895 2784 
8000 5940 7904 2788 
8006 5948 7912 2788 
8011 5950 7917 2791 
8018 5955 7917 2791 
8021 5959 7921 2794 
8027 5963 7928 2795 
8033 5965 7936 2796 
8038 5970 7943 2797 
8045 5977 7948 2798 
8050 5981 7954 2800 
8054 5984 7960 2802 
8055 5988 7965 2804 
8063 5991 7972 2807 
8066 5999 7977 2807 
8077 6008 7982 2808 
8081 6012 7989 2809 
8090 6018 7995 2811 
8096 6022 8003 2817 
8102 6023 8008 2819 
8107 6027 8015 2819 
8109 6032 8022 2821 
8113 6036 8026 2821 
8117 6040 8029 2824 
8121 6045 8036 2824 
8129 6048 8037 2828 
8133 6053 8043 2831 
8140 6056 8048 2832 
8145 6060 8056 2833 
8155 6065 8061 2834 
8163 6068 8067 2836 
8167 6071 8075 2839 
8173 6076 8077 2842 
8176 6081 8083 2842 
8180 6084 8088 2846 
8184 6088 8091 2849 
8187 6091 8095 2852 
8193 6094 8103 2852 
8201 6099 8105 2853 
8207 6103 8114 2854 
8210 6104 8117 2855 
8216 6108 8122 2858 
8221 6109 8125 2858 
8228 6113 8130 2858 
8230 6118 8137 2863 
8235 6121 8139 2863 
8239 6126 8149 2865 
8244 6128 8156 2867 
8251 6132 8162 2867 
8258 6137 8166 2868 
8263 6141 8168 2872 
8268 6143 8177 2873 
8275 6145 8182 2876 
8279 6146 8186 2877 
8282 6149 8194 2884 
8289 6153 8196 2886 
8295 6158 8203 2890 
8301 6162 8209 2894 
8313 6167 8217 2897 
8318 6171 8226 2900 
8321 6173 8232 2901 
8326 6174 8238 2904 
8333 6175 8242 2911 
8340 6176 8248 2914 
8343 6182 8254 2916 
8346 6186 8262 2918 
8351 6189 8267 2919 
8356 6197 8274 2922 
8364 6203 8286 2926 
8366 6205 8291 2928 
8373 6207 8299 2931 
8375 6212 8306 2932 
8380 6218 8313 2935 
8388 6222 8320 2938 
8393 6226 8326 2940 
8403 6228 8329 2941 
8408 6232 8335 2943 
8416 6237 8338 2944 
8421 6238 8348 2944 
8429 6239 8353 2945 
8436 6242 8358 2946 
8441 6250 8364 2950 
8447 6254 8371 2953 
8451 6259 8383 2955 
8457 6262 8387 2957 
8461 6266 8391 2957 
8467 6271 8397 2960 
8472 6276 8402 2960 
8476 6277 8407 2962 
8483 6281 8416 2964 
8488 6282 8418 2968 
8491 6285 8423 2969 
8502 6292 8429 2974 
8506 6297 8436 2976 
8509 6302 8440 2979 
8516 6305 8443 2980 
8523 6308 8452 2981 
8528 6313 8456 2983 
8536 6317 8460 2984 
8541 6328 8466 2985 
8549 6329 8473 2989 
8555 6336 8475 2990 
8559 6337 8481 2991 
8562 6340 8484 2995 
8570 6343 8488 2997 
8572 6347 8499 3000 
8576 6350 8508 3002 
8583 6352 8510 3005 
8590 6353 8518 3007 
8594 6356 8527 3010 
8596 6359 8530 3013 
8603 6362 8532 3014 
8610 6369 8534 3015 
8614 6375 8539 3019 
8618 6381 8544 3019 
8623 6384 8556 3020 
8629 6386 8568 3023 
8636 6395 8570 3024 
8644 6397 8574 3026 
8652 6401 8584 3026 
8661 6407 8594 3027 
8667 6411 8600 3028 
8672 6414 8605 3030 
8677 6424 8612 3032 
8681 6427 8615 3037 
8687 6434 8620 3039 
8692 6434 8629 3040 
8699 6438 8635 3043 
8706 6442 8637 3046 
8713 6445 8643 3050 
8720 6449 8644 3051 
8725 6456 8648 3054 
8730 6459 8655 3057 
8735 6467 8664 3059 
8737 6470 8671 3061 
8742 6478 8679 3063 
8749 6482 8684 3066 
8763 6487 8693 3069 
8767 6493 8695 3070 
8772 6499 8703 3073 
8775 6502 8712 3076 
8780 6506 8719 3077 
8783 6508 8720 3077 
8787 6511 8727 3077 
8789 6518 8732 3077 
8793 6522 8736 3079 
8798 6526 8741 3082 
8805 6529 8751 3085 
8811 6533 8757 3088 
8816 6540 8762 3092 
8823 6544 8764 3094 
8829 6549 8770 3095 
8836 6553 8773 3097 
8841 6557 8776 3098 
8847 6563 8778 3100 
8853 6565 8783 3102 
8860 6570 8789 3105 
8863 6576 8794 3108 
8866 6581 8798 3109 
8872 6588 8806 3111 
8875 6590 8808 3112 
8881 6597 8814 3113 
8886 6605 8820 3116 
8890 6614 8825 3117 
8897 6616 8832 3122 
8908 6622 8838 3126 
8916 6625 8843 3127 
8921 6628 8848 3131 
8924 6633 8855 3133 
8929 6639 8859 3134 
8933 6641 8866 3135 
8942 6645 8870 3137 
8944 6648 8872 3139 
8949 6653 8876 3140 
8954 6658 8885 3143 
8961 6662 8894 3149 
8965 6666 8900 3152 
8970 6671 8907 3153 
8975 6675 8914 3154 
8981 6678 8919 3154 
8991 6682 8927 3157 
8995 6687 8938 3160 
8998 6694 8941 3163 
9003 6699 8944 3164 
9006 6704 8952 3165 
9014 6710 8955 3168 
9017 6715 8960 3171 
9021 6720 8964 3173 
9026 6725 8970 3178 
9037 6728 8979 3180 
9040 6738 8984 3181 
9047 6742 8992 3182 
9053 6745 9001 3182 
9061 6749 9007 3182 
9066 6752 9014 3183 
9073 6759 9017 3184 
9081 6763 9024 3186 
9094 6767 9034 3187 
9102 6769 9037 3189 
9104 6774 9044 3189 
9112 6776 9047 3192 
9115 6778 9051 3197 
9120 6782 9053 3199 
9129 6784 9055 3200 
9136 6789 9058 3205 
9139 6798 9063 3208 
9143 6801 9067 3209 
9152 6804 9073 3210 
9158 6809 9082 3213 
9166 6812 9087 3213 
9174 6820 9090 3216 
9180 6825 9097 3218 
9190 6831 9101 3220 
9193 6835 9109 3223 
9198 6840 9111 3223 
9204 6843 9115 3226 
9210 6847 9122 3228 
9217 6853 9127 3230 
9222 6855 9133 3230 
9226 6858 9138 3232 
9230 6860 9141 3233 
9239 6861 9145 3236 
9244 6864 9152 3237 
9249 6867 9159 3240 
9255 6873 9163 3244 
9258 6877 9168 3248 
9265 6878 9173 3250 
9269 6880 9181 3253 
9274 6886 9191 3253 
9278 6893 9196 3255 
9280 6899 9198 3258 
9285 6908 9202 3260 
9286 6912 9213 3264 
9289 6919 9219 3266 
9291 6926 9220 3267 
9296 6933 9228 3269 
9299 6935 9230 3271 
9307 6941 9236 3274 
9309 6943 9244 3276 
9313 6945 9250 3281 
9318 6948 9262 3283 
9322 6951 9267 3284 
9330 6953 9274 3287 
9334 6957 9276 3291 
9338 6964 9284 3294 
9342 6968 9287 3296 
9350 6973 9292 3297 
9353 6978 9298 3300 
9356 6981 9304 3301 
9360 6983 9311 3302 
9362 6985 9321 3302 
9366 6992 9324 3302 
9369 6998 9329 3304 
9371 7000 9335 3306 
9376 7002 9342 3308 
9380 7007 9349 3309 
9390 7011 9355 3312 
9395 7015 9363 3314 
9400 7020 9370 3315 
9411 7023 9375 3316 
9415 7028 9379 3318 
9418 7031 9385 3320 
9426 7036 9393 3325 
9432 7038 9399 3326 
9438 7040 9402 3327 
9441 7046 9408 3331 
9454 7050 9420 3332 
9456 7060 9424 3333 
9462 7062 9432 3336 
9465 7070 9440 3341 
9469 7072 9443 3342 
9472 7073 9450 3344 
9475 7076 9453 3345 
9481 7078 9460 3348 
9483 7083 9464 3351 
9489 7085 9470 3353 
9492 7087 9479 3356 
9499 7091 9488 3358 
9502 7094 9495 3359 
9505 7099 9504 3362 
9513 7101 9508 3366 
9519 7105 9514 3369 
9528 7107 9519 3372 
9529 7112 9527 3374 
9533 7114 9531 3380 
9538 7118 9536 3380 
9541 7123 9541 3385 
9546 7123 9545 3388 
9553 7126 9548 3391 
9559 7130 9555 3393 
9567 7133 9560 3396 
9575 7134 9565 3399 
9577 7136 9574 3404 
9580 7141 9577 3404 
9584 7145 9587 3409 
9591 7151 9592 3413 
9598 7153 9602 3414 
9603 7155 9607 3418 
9607 7160 9613 3419 
9615 7166 9620 3420 
9622 7169 9627 3423 
9624 7174 9631 3425 
9630 7177 9639 3427 
9634 7182 9644 3430 
9639 7185 9650 3431 
9642 7190 9655 3432 
9647 7193 9663 3433 
9653 7198 9669 3437 
9660 7202 9672 3441 
9668 7207 9677 3442 
9675 7212 9686 3445 
9679 7217 9692 3447 
9685 7217 9698 3448 
9692 7221 9705 3451 
9698 7224 9711 3453 
9706 7229 9716 3457 
9714 7239 9721 3459 
9718 7245 9730 3461 
9723 7248 9736 3465 
9727 7252 9746 3468 
9734 7255 9752 3470 
9736 7263 9757 3471 
9740 7267 9762 3473 
9746 7269 9766 3474 
9753 7273 9776 3476 
9756 7279 9779 3478 
9767 7281 9789 3479 
9771 7286 9794 3481 
9776 7291 9801 3482 
9787 7298 9806 3483 
9795 7302 9810 3485 
9798 7305 9816 3490 
9802 7308 9823 3492 
9807 7313 9830 3492 
9817 7319 9837 3496 
9822 7323 9845 3497 
9828 7327 9851 3503 
9834 7331 9855 3505 
9838 7336 9861 3508 
9843 7341 9866 3511 
9848 7344 9873 3514 
9848 7346 9876 3516 
9856 7349 9882 3520 
9862 7361 9887 3520 
9865 7365 9893 3524 
9869 7369 9898 3526 
9873 7373 9901 3527 
9875 7379 9908 3529 
9880 7385 9913 3532 
9888 7388 9921 3534 
9893 7396 9929 3535 
9897 7400 9935 3539 
9901 7403 9936 3543 
9910 7408 9940 3545 
9918 7414 9949 3546 
9923 7415 9956 3548 
9930 7419 9962 3550 
9933 7425 9964 3552 
9940 7427 9973 3554 
9943 7433 9976 3556 
9949 7437 9981 3559 
9952 7439 9985 3563 
9962 7443 9989 3564 
9971 7447 9996 3566 
9974 7448 9998 3569 
9978 7451 10001 3570 
9983 7458 10012 3571 
9990 7462 10018 3574 
9994 7465 10026 3574 
10000 7468 10032 3578 
10004 7473 10037 3580 
10009 7478 10042 3582 
10013 7484 10046 3586 
10020 7492 10054 3586 
10028 7495 10059 3589 
10037 7501 10064 3589 
10039 7504 10068 3592 
10044 7508 10075 3595 
10046 7513 10083 3597 
10050 7521 10093 3598 
10057 7524 10099 3601 
10063 7531 10106 3604 
10070 7533 10115 3606 
10071 7535 10122 3608 
10077 7539 10131 3612 
10082 7542 10136 3612 
10089 7545 10143 3614 
10097 7548 10149 3615 
10100 7551 10162 3617 
10106 7556 10163 3618 
10109 7563 10167 3622 
10116 7571 10174 3624 
10119 7574 10180 3624 
10125 7576 10187 3626 
10135 7580 10193 3628 
10140 7587 10199 3631 
10146 7591 10204 3634 
10147 7595 10210 3637 
10161 7599 10215 3638 
10168 7606 10222 3640 
10173 7610 10230 3643 
10180 7613 10235 3644 
10185 7622 10244 3647 
10193 7624 10250 3649 
10193 7630 10254 3650 
10199 7634 10258 3652 
10201 7636 10265 3652 
10206 7637 10267 3654 
10211 7639 10272 3656 
10216 7640 10277 3660 
10221 7643 10282 3664 
10230 7650 10285 3666 
10236 7652 10289 3669 
10238 7661 10298 3671 
10240 7670 10302 3672 
10241 7676 10312 3673 
10245 7681 10318 3675 
10248 7684 10326 3677 
10253 7689 10332 3681 
10260 7691 10340 3684 
10264 7692 10343 3688 
10267 7696 10350 3688 
10272 7700 10357 3689 
10275 7707 10366 3691 
10280 7712 10374 3691 
10289 7719 10377 3692 
10296 7723 10383 3692 
10306 7726 10389 3693 
10312 7730 10393 3696 
10318 7735 10397 3697 
10322 7738 10409 3697 
10324 7742 10413 3699 
10326 7744 10417 3700 
10335 7748 10424 3702 
10341 7752 10433 3702 
10347 7759 10436 3706 
10350 7766 10442 3709 
10356 7770 10446 3711 
10360 7773 10453 3713 
10365 7777 10460 3714 
10372 7780 10465 3717 
10374 7783 10472 3718 
10384 7791 10476 3720 
10392 7794 10482 3722 
10398 7800 10486 3723 
10403 7808 10494 3726 
10407 7811 10500 3726 
10421 7815 10504 3728 
10426 7818 10509 3729 
10431 7821 10515 3730 
10439 7825 10525 3731 
10450 7836 10533 3734 
10456 7838 10537 3736 
10460 7844 10538 3738 
10462 7846 10540 3738 
10463 7849 10547 3739 
10469 7853 10558 3742 
10478 7863 10565 3744 
10480 7867 10571 3745 
10485 7871 10578 3747 
10493 7875 10581 3748 
10496 7879 10582 3749 
10502 7885 10585 3750 
10508 7889 10592 3750 
10515 7896 10595 3752 
10520 7900 10600 3754 
10527 7905 10601 3757 
10529 7908 10605 3758 
10535 7914 10611 3759 
10541 7916 10616 3760 
10542 7920 10622 3761 
10546 7923 10628 3765 
10553 7926 10632 3767 
10558 7931 10637 3768 
10563 7936 10642 3771 
10569 7941 10649 3775 
10577 7945 10651 3777 
10583 7951 10658 3778 
10587 7953 10663 3778 
10594 7959 10677 3782 
10602 7962 10683 3783 
10610 7963 10686 3785 
10613 7966 10689 3787 
10619 7970 10695 3792 
10624 7973 10701 3795 
10628 7977 10711 3797 
10646 7983 10719 3798 
10650 7989 10725 3799 
10654 7991 10729 3800 
10666 7992 10733 3803 
10674 7994 10741 3804 
10684 7998 10749 3808 
10686 8000 10755 3808 
10695 8003 10761 3812 
10699 8008 10766 3812 
10706 8010 10771 3813 
10713 8015 10776 3814 
10719 8021 10780 3817 
10725 8024 10783 3821 
10729 8029 10796 3821 
10731 8031 10800 3823 
10734 8036 10807 3824 
10739 8044 10811 3825 
10745 8050 10816 3833 
10752 8054 10823 3834 
10755 8057 10827 3837 
10760 8059 10832 3839 
10765 8065 10840 3840 
10771 8071 10847 3841 
10779 8076 10854 3844 
10783 8082 10861 3846 
10787 8084 10865 3847 
10797 8088 10869 3848 
10802 8093 10872 3850 
10808 8096 10879 3851 
10813 8099 10886 3852 
10820 8103 10892 3855 
10829 8108 10900 3856 
10833 8112 10910 3860 
10837 8120 10913 3865 
10840 8122 10921 3868 
10846 8126 10931 3868 
10849 8131 10938 3871 
10855 8138 10943 3871 
10862 8139 10952 3877 
10875 8148 10960 3879 
10880 8153 10966 3880 
10883 8158 10971 3883 
10887 8161 10976 3885 
10895 8166 10979 3887 
10900 8170 10985 3889 
10906 8176 10989 3892 
10914 8179 10992 3892 
10917 8184 10996 3893 
10920 8191 11004 3894 
10925 8196 11008 3895 
10937 8201 11012 3898 
10946 8205 11018 3899 
10950 8208 11024 3900 
10958 8212 11030 3903 
10961 8216 11031 3906 
10965 8219 11038 3907 
10969 8225 11043 3911 
10977 8230 11051 3914 
10983 8234 11058 3916 
10987 8235 11067 3917 
10992 8235 11073 3917 
10995 8240 11078 3919 
10999 8242 11085 3921 
11002 8245 11091 3927 
11009 8250 11098 3929 
11018 8252 11106 3930 
11023 8255 11109 3932 
11029 8258 11110 3935 
11033 8259 11117 3937 
11038 8263 11125 3938 
11043 8265 11132 3939 
11048 8269 11139 3940 
11052 8279 11145 3944 
11057 8283 11153 3946 
11066 8287 11159 3947 
11071 8291 11165 3949 
11081 8293 11171 3951 
11089 8298 11177 3953 
11092 8302 11184 3955 
11096 8304 11188 3958 
11100 8313 11194 3959 
11103 8317 11195 3961 
11110 8321 11202 3963 
11116 8321 11207 3964 
11119 8328 11210 3965 
11126 8335 11214 3968 
11128 8338 11218 3970 
11132 8343 11226 3972 
11139 8349 11236 3975 
11140 8352 11241 3978 
11145 8358 11250 3979 
11147 8363 11258 3982 
11153 8372 11264 3982 
11159 8378 11267 3986 
11163 8383 11276 3989 
11168 8390 11279 3991 
11175 8395 11285 3994 
11180 8399 11291 3997 
11185 8408 11292 3997 
11188 8413 11296 3998 
11201 8418 11299 4000 
11205 8419 11302 4000 
11209 8423 11306 4002 
11213 8426 11313 4004 
11218 8428 11321 4007 
11222 8432 11327 4010 
11226 8435 11330 4011 
11232 8438 11335 4012 
11238 8441 11341 4015 
11245 8446 11349 4018 
11252 8448 11360 4020 
11260 8454 11369 4022 
11267 8455 11374 4022 
11271 8462 11383 4024 
11275 8467 11385 4027 
11282 8474 11388 4028 
11291 8479 11399 4029 
11295 8480 11405 4032 
11299 8486 11408 4035 
11308 8490 11412 4036 
11311 8494 11416 4039 
11316 8500 11425 4041 
11318 8503 11430 4043 
11323 8508 11435 4043 
11326 8513 11438 4045 
11331 8515 11441 4045 
11337 8516 11444 4046 
11344 8521 11448 4046 
11351 8525 11454 4049 
11354 8530 11460 4051 
11359 8540 11463 4052 
11362 8549 11467 4056 
11366 8552 11472 4056 
11371 8558 11478 4060 
11380 8560 11483 4063 
11382 8561 11489 4065 
11385 8571 11494 4065 
11391 8577 11504 4068 
11395 8582 11506 4070 
11400 8588 11512 4073 
11406 8596 11518 4075 
11410 8597 11523 4078 
11420 8603 11529 4081 
11425 8607 11537 4083 
11429 8609 11540 4088 
11431 8615 11547 4088 
11436 8622 11553 4089 
11447 8625 11557 4090 
11455 8630 11562 4095 
11462 8631 11565 4096 
11465 8637 11574 4099 
11473 8642 11581 4101 
11480 8646 11585 4103 
11488 8649 11592 4104 
11496 8653 11598 4107 
11502 8656 11603 4107 
11504 8661 11606 4109 
11509 8662 11616 4114 
11515 8667 11627 4115 
11521 8672 11632 4116 
11528 8679 11641 4117 
11534 8683 11646 4118 
11538 8688 11651 4120 
11542 8690 11656 4123 
11544 8692 11660 4125 
11549 8695 11665 4126 
11553 8700 11672 4130 
11556 8705 11679 4130 
11561 8708 11685 4130 
11570 8710 11691 4134 
11577 8713 11694 4135 
11582 8716 11702 4137 
11588 8720 11710 4141 
11597 8723 11715 4144 
11603 8729 11719 4147 
11611 8731 11724 4149 
11618 8735 11730 4149 
11623 8737 11733 4151 
11624 8745 11736 4151 
11629 8750 11740 4155 
11638 8756 11741 4157 
11648 8759 11745 4162 
11652 8764 11750 4164 
11656 8767 11755 4171 
11660 8774 11760 4171 
11665 8777 11771 4172 
11679 8781 11774 4174 
11687 8786 11785 4175 
11689 8790 11793 4176 
11693 8800 11796 4179 
11696 8807 11801 4179 
11701 8811 11806 4180 
11705 8816 11812 4186 
11710 8817 11823 4189 
11713 8822 11832 4189 
11718 8828 11835 4190 
11724 8832 11837 4193 
11728 8836 11846 4198 
11737 8843 11861 4199 
11743 8847 11873 4202 
11752 8850 11880 4204 
11760 8854 11885 4209 
11768 8857 11889 4212 
11773 8860 11895 4218 
11785 8863 11903 4221 
11787 8868 11906 4227 
11793 8875 11911 4229 
11799 8881 11918 4232 
11807 8888 11924 4233 
11811 8894 11929 4233 
11816 8897 11936 4234 
11822 8899 11943 4238 
11825 8900 11946 4240 
11832 8909 11950 4242 
11833 8912 11959 4243 
11838 8918 11965 4245 
11846 8921 11971 4246 
11853 8924 11973 4248 
11855 8928 11980 4249 
11861 8932 11988 4250 
11866 8934 11995 4252 
11871 8940 12003 4254 
11876 8941 12010 4256 
11885 8945 12014 4259 
11892 8950 12020 4259 
11896 8953 12022 4263 
11902 8957 12024 4265 
11906 8963 12030 4265 
11906 8967 12035 4268 
11912 8970 12042 4270 
11917 8976 12044 4272 
11925 8979 12048 4274 
11932 8984 12058 4277 
11935 8988 12063 4279 
11939 8996 12074 4279 
11943 8999 12077 4281 
11948 9002 12082 4284 
11953 9011 12089 4288 
11956 9014 12094 4291 
11961 9019 12102 4293 
11966 9022 12111 4294 
11967 9029 12116 4294 
11972 9032 12119 4295 
11977 9038 12120 4295 
11986 9047 12126 4297 
11994 9053 12131 4299 
11999 9056 12139 4301 
12003 9057 12142 4305 
12011 9064 12146 4308 
12017 9072 12151 4312 
12022 9078 12159 4314 
12029 9084 12162 4317 
12032 9085 12165 4317 
12036 9091 12167 4318 
12039 9095 12168 4318 
12047 9098 12173 4322 
12055 9101 12179 4325 
12059 9103 12182 4326 
12066 9108 12189 4328 
12071 9110 12198 4329 
12080 9116 12201 4331 
12082 9116 12207 4332 
12086 9121 12213 4338 
12092 9125 12217 4344 
12095 9135 12222 4346 
12099 9140 12227 4348 
12106 9143 12230 4350 
12108 9148 12234 4351 
12113 9157 12241 4352 
12120 9160 12252 4356 
12121 9168 12259 4359 
12127 9173 12267 4361 
12131 9176 12271 4362 
12134 9180 12278 4363 
12138 9182 12293 4365 
12144 9185 12297 4365 
12145 9188 12301 4367 
12153 9192 12309 4371 
12157 9194 12319 4372 
12164 9198 12326 4373 
12168 9203 12331 4375 
12174 9208 12336 4380 
12177 9212 12341 4382 
12181 9218 12350 4386 
12187 9224 12354 4386 
12191 9230 12359 4387 
12195 9235 12367 4387 
12195 9242 12371 4389 
12201 9244 12377 4392 
12202 9249 12381 4395 
12204 9253 12388 4399 
12209 9254 12392 4399 
12214 9256 12399 4404 
12222 9262 12407 4407 
12232 9265 12412 4409 
12235 9268 12420 4409 
12240 9273 12425 4417 
12247 9276 12428 4420 
12252 9276 12434 4424 
12256 9280 12446 4425 
12263 9285 12450 4428 
12270 9292 12460 4433 
12276 9296 12464 4434 
12281 9300 12465 4437 
12287 9304 12470 4439 
12291 9309 12473 4441 
12298 9316 12479 4442 
12302 9318 12484 4445 
12309 9324 12490 4445 
12318 9327 12495 4446 
12324 9331 12497 4450 
12334 9334 12501 4456 
12341 9338 12502 4458 
12345 9343 12505 4461 
12349 9348 12512 4464 
12360 9354 12526 4468 
12367 9356 12531 4469 
12372 9362 12538 4473 
12379 9368 12546 4474 
12383 9370 12553 4477 
12384 9372 12563 4482 
12392 9373 12568 4486 
12398 9376 12572 4490 
12404 9378 12574 4492 
12406 9382 12578 4494 
12410 9386 12587 4495 
12416 9388 12589 4497 
12420 9391 12594 4497 
12425 9394 12604 4499 
12429 9397 12609 4501 
12433 9398 12614 4505 
12438 9401 12621 4508 
12447 9406 12627 4508 
12450 9413 12639 4510 
12451 9414 12641 4512 
12460 9421 12644 4514 
12467 9428 12649 4516 
12474 9438 12653 4519 
12479 9443 12657 4520 
12482 9447 12661 4521 
12490 9449 12666 4524 
12493 9456 12670 4526 
12496 9459 12675 4527 
12500 9460 12682 4530 
12502 9464 12689 4532 
12508 9466 12693 4534 
12516 9467 12697 4537 
12520 9472 12702 4538 
12527 9481 12706 4544 
12531 9485 12714 4547 
12539 9487 12717 4552 
12543 9489 12727 4557 
12543 9492 12731 4558 
12545 9493 12734 4559 
12552 9500 12744 4563 
12557 9501 12753 4567 
12563 9504 12756 4571 
12567 9511 12761 4575 
12572 9517 12767 4577 
12580 9522 12771 4578 
12583 9525 12777 4580 
12588 9527 12782 4582 
12593 9529 12790 4586 
12597 9535 12799 4589 
12599 9537 12801 4591 
12601 9542 12805 4593 
12604 9548 12814 4598 
12611 9551 12823 4602 
12615 9556 12829 4605 
12616 9560 12830 4607 
12621 9563 12834 4608 
12627 9566 12837 4608 
12634 9570 12839 4612 
12640 9572 12846 4613 
12651 9575 12854 4617 
12656 9583 12862 4620 
12658 9587 12871 4622 
12665 9591 12874 4625 
12671 9595 12878 4627 
12681 9603 12883 4629 
12688 9608 12890 4632 
12692 9612 12896 4634 
12694 9612 12900 4637 
12700 9614 12912 4639 
12705 9619 12917 4641 
12707 9623 12921 4641 
12715 9626 12926 4646 
12723 9629 12932 4648 
12733 9638 12935 4649 
12738 9642 12937 4650 
12742 9647 12942 4651 
12748 9649 12948 4655 
12750 9655 12953 4660 
12753 9660 12960 4667 
12761 9663 12965 4669 
12764 9664 12974 4670 
12766 9669 12980 4671 
12767 9673 12987 4671 
12774 9683 12992 4674 
12776 9686 12999 4677 
12781 9690 13012 4680 
12786 9692 13018 4680 
12794 9697 13023 4680 
12798 9705 13035 4682 
12804 9707 13043 4682 
12809 9712 13048 4683 
12817 9718 13054 4686 
12824 9724 13062 4687 
12831 9730 13069 4690 
12835 9736 13080 4690 
12839 9741 13089 4691 
12842 9750 13095 4693 
12848 9754 13098 4694 
12854 9759 13102 4697 
12857 9761 13107 4699 
12862 9767 13112 4701 
12868 9771 13118 4703 
12873 9775 13124 4704 
12878 9778 13132 4706 
12884 9785 13138 4707 
12890 9786 13145 4709 
12895 9791 13152 4709 
12902 9792 13155 4711 
12910 9797 13161 4714 
12920 9805 13165 4714 
12924 9812 13170 4715 
12934 9815 13177 4715 
12939 9818 13181 4715 
12940 9821 13189 4716 
12943 9825 13193 4718 
12949 9830 13201 4721 
12951 9835 13207 4722 
12959 9838 13212 4723 
12965 9840 13216 4724 
12972 9844 13220 4726 
12977 9847 13226 4728 
12981 9854 13239 4731 
12985 9862 13246 4733 
12987 9869 13253 4734 
12994 9876 13257 4734 
13005 9879 13264 4734 
13012 9884 13270 4737 
13016 9886 13274 4739 
13020 9889 13279 4743 
13028 9893 13288 4744 
13034 9901 13293 4747 
13036 9904 13294 4749 
13042 9910 13300 4751 
13045 9912 13305 4753 
13048 9920 13310 4755 
13052 9924 13316 4757 
13057 9927 13320 4759 
13063 9931 13325 4763 
13067 9940 13330 4765 
13072 9942 13338 4766 
13078 9944 13346 4766 
13084 9952 13356 4767 
13086 9957 13363 4770 
13090 9963 13372 4771 
13092 9965 13380 4773 
13099 9973 13383 4774 
13100 9974 13389 4775 
13105 9979 13393 4777 
13111 9980 13398 4779 
13114 9985 13404 4780 
13119 9986 13409 4782 
13123 9989 13414 4784 
13128 9993 13421 4787 
13134 9996 13425 4792 
13137 9998 13431 4792 
13140 10004 13435 4792 
13148 10008 13441 4794 
13149 10010 13448 4796 
13157 10013 13452 4797 
13162 10019 13459 4799 
13172 10023 13469 4800 
13177 10026 13477 4804 
13183 10030 13481 4806 
13187 10036 13486 4807 
13192 10038 13491 4810 
13200 10045 13499 4812 
13205 10048 13505 4813 
13211 10053 13513 4816 
13218 10061 13517 4820 
13227 10065 13521 4824 
13233 10072 13528 4825 
13239 10075 13531 4830 
13245 10080 13535 4832 
13255 10088 13537 4835 
13263 10094 13543 4838 
13268 10097 13544 4839 
13275 10102 13553 4843 
13284 10104 13554 4846 
13289 10111 13557 4847 
13294 10114 13563 4850 
13300 10120 13569 4854 
13303 10124 13574 4856 
13309 10127 13578 4856 
13315 10130 13580 4858 
13322 10133 13587 4860 
13326 10139 13594 4861 
13330 10141 13599 4861 
13335 10146 13608 4863 
13344 10152 13614 4864 
13347 10157 13620 4865 
13351 10165 13626 4868 
13352 10172 13628 4871 
13355 10177 13634 4872 
13360 10186 13637 4873 
13365 10189 13643 4874 
13369 10195 13651 4877 
13373 10197 13660 4879 
13381 10201 13667 4881 
13383 10204 13668 4884 
13386 10211 13675 4888 
13392 10217 13685 4888 
13399 10222 13694 4889 
13404 10228 13696 4891 
13409 10232 13701 4891 
13410 10234 13708 4892 
13417 10237 13710 4894 
13425 10239 13717 4896 
13432 10247 13721 4897 
13438 10250 13729 4898 
13441 10259 13733 4900 
13442 10259 13739 4902 
13448 10265 13746 4903 
13456 10268 13755 4905 
13459 10270 13761 4905 
13464 10273 13767 4908 
13467 10280 13773 4911 
13470 10285 13779 4911 
13475 10293 13784 4915 
13481 10294 13791 4916 
13485 10301 13803 4920 
13490 10306 13806 4926 
13496 10311 13808 4929 
13503 10315 13817 4930 
13511 10321 13823 4931 
13517 10326 13826 4931 
13524 10333 13834 4933 
13531 10336 13841 4933 
13535 10339 13848 4934 
13540 10343 13855 4935 
13550 10349 13859 4935 
13555 10354 13867 4937 
13561 10362 13869 4943 
13569 10368 13876 4947 
13580 10373 13882 4947 
13583 10377 13887 4947 
13590 10379 13897 4948 
13594 10382 13902 4951 
13596 10385 13908 4952 
13601 10395 13912 4955 
13605 10402 13915 4961 
13610 10407 13919 4963 
13616 10413 13930 4966 
13621 10415 13938 4968 
13626 10420 13946 4969 
13630 10427 13951 4972 
13633 10429 13960 4973 
13637 10432 13968 4974 
13641 10435 13971 4974 
13642 10439 13978 4976 
13645 10445 13987 4978 
13649 10445 13991 4980 
13655 10449 13999 4983 
13661 10454 14009 4984 
13669 10458 14013 4986 
13674 10461 14017 4991 
13679 10465 14023 4994 
13683 10473 14026 4995 
13692 10475 14029 4999 
13700 10480 14038 5001 
13706 10484 14048 5003 
13714 10488 14053 5005 
13719 10490 14060 5007 
13727 10495 14062 5011 
13738 10500 14071 5017 
13742 10505 14074 5020 
13750 10510 14081 5021 
13755 10513 14090 5025 
13761 10519 14098 5026 
13766 10527 14108 5028 
13767 10530 14112 5032 
13770 10537 14114 5032 
13777 10544 14119 5038 
13786 10548 14124 5042 
13787 10549 14131 5045 
13790 10552 14132 5046 
13797 10559 14142 5048 
13805 10564 14147 5051 
13817 10567 14152 5052 
13822 10575 14157 5053 
13826 10580 14158 5055 
13836 10582 14168 5056 
13839 10585 14175 5061 
13842 10590 14179 5062 
13846 10593 14183 5064 
13853 10598 14191 5067 
13861 10598 14198 5067 
13867 10601 14200 5068 
13873 10605 14203 5072 
13877 10608 14211 5075 
13881 10614 14222 5076 
13886 10616 14227 5078 
13889 10622 14236 5080 
13895 10629 14239 5082 
13899 10634 14244 5085 
13904 10644 14247 5088 
13914 10649 14249 5088 
13922 10654 14256 5092 
13924 10658 14258 5095 
13934 10667 14268 5097 
13938 10673 14274 5100 
13943 10677 14282 5104 
13946 10682 14284 5107 
13953 10685 14288 5108 
13959 10692 14291 5109 
13967 10695 14301 5113 
13971 10699 14308 5114 
13977 10701 14316 5118 
13984 10703 14323 5121 
13991 10710 14331 5122 
13996 10713 14335 5124 
14000 10717 14343 5126 
14006 10717 14351 5127 
14007 10720 14357 5131 
14011 10723 14362 5133 
14016 10731 14370 5134 
14021 10733 14373 5135 
14028 10740 14381 5135 
14032 10744 14388 5137 
14038 10752 14391 5138 
14039 10757 14397 5140 
14043 10762 14405 5144 
14053 10766 14410 5150 
14055 10770 14413 5152 
14062 10772 14419 5157 
14072 10774 14424 5160 
14077 10778 14430 5161 
14078 10785 14438 5163 
14082 10794 14444 5164 
14089 10799 14451 5166 
14097 10803 14458 5170 
14104 10807 14463 5171 
14108 10811 14473 5172 
14114 10813 14481 5176 
14120 10818 14491 5176 
14122 10827 14495 5179 
14133 10830 14506 5180 
14141 10834 14511 5182 
14149 10837 14525 5185 
14152 10843 14532 5186 
14159 10848 14540 5188 
14164 10853 14542 5190 
14168 10854 14551 5191 
14174 10856 14554 5193 
14178 10861 14560 5196 
14186 10861 14566 5197 
14191 10863 14575 5198 
14198 10870 14580 5200 
14204 10873 14586 5201 
14215 10879 14594 5205 
14218 10887 14599 5208 
14219 10889 14605 5208 
14226 10895 14615 5208 
14233 10898 14621 5212 
14240 10906 14626 5212 
14244 10910 14630 5215 
14247 10916 14639 5219 
14251 10923 14642 5222 
14258 10929 14649 5225 
14267 10932 14661 5225 
14271 10934 14669 5228 
14278 10938 14677 5229 
14288 10942 14685 5232 
14293 10946 14690 5237 
14305 10952 14693 5238 
14315 10956 14700 5241 
14319 10961 14713 5241 
14324 10964 14716 5242 
14327 10967 14719 5243 
14332 10971 14722 5246 
14336 10977 14726 5247 
14342 10985 14734 5248 
14347 10986 14738 5250 
14357 10987 14740 5250 
14360 10989 14753 5253 
14367 10993 14757 5257 
14371 10999 14760 5263 
14380 11002 14767 5267 
14386 11004 14771 5269 
14392 11004 14784 5271 
14396 11005 14791 5271 
14402 11007 14795 5275 
14407 11012 14805 5279 
14412 11017 14809 5279 
14415 11020 14817 5280 
14420 11028 14818 5280 
14424 11035 14826 5280 
14429 11039 14831 5281 
14438 11044 14837 5285 
14445 11048 14846 5289 
14448 11053 14852 5290 
14456 11057 14863 5290 
14461 11062 14875 5291 
14466 11066 14882 5295 
14473 11071 14886 5300 
14482 11075 14889 5301 
14487 11084 14898 5305 
14496 11087 14901 5305 
14501 11091 14913 5310 
14507 11096 14919 5311 
14514 11100 14924 5312 
14519 11105 14931 5312 
14523 11109 14935 5314 
14528 11113 14941 5317 
14530 11119 14948 5320 
14536 11122 14956 5322 
14539 11126 14964 5323 
14545 11136 14970 5326 
14548 11137 14976 5328 
14560 11139 14980 5331 
14565 11145 14984 5331 
14573 11146 14992 5334 
14576 11154 15003 5336 
14583 11157 15009 5337 
14587 11161 15015 5339 
14591 11166 15025 5340 
14595 11173 15032 5341 
14601 11176 15034 5343 
14608 11182 15038 5344 
14612 11187 15047 5345 
14613 11189 15054 5348 
14616 11193 15061 5351 
14623 11197 15069 5352 
14627 11202 15079 5355 
14632 11208 15085 5357 
14642 11212 15090 5360 
14649 11216 15095 5362 
14656 11224 15104 5366 
14660 11224 15114 5369 
14667 11227 15121 5369 
14678 11236 15131 5374 
14688 11240 15137 5375 
14693 11247 15143 5376 
14700 11254 15148 5376 
14705 11260 15153 5378 
14714 11266 15160 5383 
14717 11271 15166 5385 
14721 11274 15173 5391 
14728 11284 15180 5394 
14743 11287 15185 5399 
14749 11291 15188 5402 
14754 11295 15195 5402 
14759 11298 15201 5404 
14767 11301 15210 5407 
14772 11303 15215 5409 
14785 11307 15218 5412 
14789 11311 15226 5413 
14795 11316 15230 5416 
14801 11322 15239 5418 
14805 11327 15244 5423 
14814 11339 15249 5427 
14817 11342 15251 5428 
14822 11347 15256 5429 
14833 11350 15262 5433 
14839 11355 15266 5433 
14846 11356 15274 5434 
14851 11364 15279 5435 
14862 11369 15285 5435 
14867 11372 15293 5439 
14874 11381 15300 5439 
14882 11387 15304 5439 
14889 11396 15317 5441 
14896 11400 15321 5441 
14903 11403 15323 5445 
14911 11412 15329 5447 
14916 11419 15337 5449 
14922 11424 15342 5449 
14927 11427 15348 5451 
14928 11432 15353 5451 
14937 11440 15360 5452 
14937 11443 15364 5454 
14944 11448 15371 5458 
14951 11452 15374 5462 
14954 11455 15382 5463 
14959 11464 15389 5464 
14965 11467 15392 5469 
14971 11476 15394 5473 
14974 11479 15399 5474 
14979 11486 15403 5474 
14987 11490 15409 5476 
14996 11496 15413 5479 
15002 11501 15424 5480 
15006 11509 15437 5482 
15012 11514 15441 5484 
15017 11518 15449 5484 
15021 11524 15457 5485 
15030 11528 15464 5489 
15036 11532 15467 5490 
15040 11534 15473 5490 
15046 11537 15475 5490 
15054 11546 15479 5490 
15063 11553 15488 5490 
15067 11558 15490 5491 
15076 11562 15498 5496 
15083 11565 15506 5496 
15085 11572 15517 5498 
15088 11577 15520 5501 
15094 11584 15523 5504 
15101 11588 15529 5504 
15105 11591 15531 5504 
15113 11592 15535 5506 
15121 11599 15540 5512 
15129 11605 15545 5513 
15138 11612 15552 5514 
15145 11619 15559 5516 
15149 11623 15563 5522 
15156 11625 15569 5524 
15162 11631 15572 5524 
15165 11633 15580 5527 
15173 11638 15582 5534 
15183 11641 15587 5537 
15190 11642 15592 5541 
15193 11648 15598 5543 
15198 11652 15602 5545 
15203 11658 15605 5545 
15216 11664 15608 5545 
15219 11670 15610 5547 
15226 11674 15616 5548 
15233 11677 15623 5551 
15240 11683 15629 5551 
15244 11689 15637 5555 
15249 11693 15640 5555 
15254 11695 15643 5556 
15260 11700 15648 5557 
15267 11703 15656 5559 
15270 11705 15662 5561 
15275 11712 15671 5562 
15281 11717 15679 5564 
15290 11721 15687 5566 
15298 11729 15691 5569 
15302 11732 15694 5570 
15312 11734 15699 5573 
15317 11744 15706 5575 
15321 11753 15714 5576 
15324 11758 15722 5578 
15331 11763 15727 5582 
15335 11766 15733 5584 
15340 11770 15737 5584 
15350 11777 15741 5587 
15354 11785 15749 5590 
15362 11790 15753 5593 
15369 11795 15757 5595 
15372 11798 15765 5598 
15381 11801 15767 5599 
15387 11807 15773 5601 
15394 11814 15782 5603 
15402 11817 15792 5607 
15406 11820 15797 5610 
15415 11824 15804 5616 
15420 11825 15814 5619 
15423 11829 15819 5620 
15427 11834 15827 5620 
15432 11839 15834 5621 
15435 11843 15840 5621 
15442 11850 15842 5621 
15447 11854 15847 5622 
15451 11862 15857 5623 
15459 11866 15861 5627 
15465 11869 15867 5629 
15473 11874 15874 5632 
15478 11877 15878 5633 
15485 11886 15886 5634 
15493 11892 15892 5634 
15500 11896 15898 5635 
15508 11901 15906 5638 
15518 11906 15911 5640 
15526 11909 15922 5645 
15533 11911 15931 5646 
15540 11918 15935 5647 
15544 11924 15941 5648 
15548 11931 15949 5651 
15555 11936 15953 5653 
15563 11940 15958 5657 
15565 11946 15963 5661 
15569 11950 15974 5661 
15574 11951 15981 5661 
15579 11959 15986 5662 
15583 11963 15988 5663 
15592 11968 15994 5666 
15599 11973 16003 5668 
15602 11978 16013 5671 
15607 11982 16013 5674 
15611 11986 16021 5674 
15618 11989 16028 5675 
15621 11995 16034 5675 
15627 12000 16039 5676 
15629 12001 16042 5679 
15632 12011 16051 5684 
15636 12016 16053 5687 
15641 12021 16058 5688 
15645 12025 16066 5691 
15651 12032 16074 5691 
15654 12036 16081 5692 
15659 12037 16090 5693 
15662 12042 16097 5697 
15669 12049 16099 5698 
15679 12051 16104 5700 
15683 12054 16108 5705 
15690 12059 16116 5707 
15694 12063 16121 5710 
15698 12071 16128 5710 
15707 12082 16136 5714 
15714 12085 16142 5717 
15719 12090 16146 5718 
15728 12097 16153 5720 
15736 12100 16157 5720 
15742 12101 16165 5723 
15746 12101 16171 5723 
15752 12107 16176 5725 
15755 12120 16186 5729 
15759 12129 16190 5733 
15769 12132 16194 5735 
15772 12136 16201 5737 
15776 12141 16206 5739 
15787 12144 16216 5740 
15794 12147 16221 5741 
15800 12149 16227 5743 
15807 12154 16231 5744 
15815 12163 16235 5746 
15821 12168 16244 5748 
15827 12171 16245 5751 
15830 12175 16255 5757 
15842 12180 16260 5760 
15848 12186 16264 5762 
15850 12191 16266 5763 
15853 12196 16275 5765 
15859 12196 16283 5765 
15866 12199 16290 5768 
15875 12205 16294 5770 
15879 12207 16299 5771 
15883 12214 16308 5773 
15888 12215 16312 5773 
15891 12218 16318 5774 
15897 12228 16322 5776 
15902 12232 16328 5779 
15905 12234 16334 5782 
15916 12235 16342 5782 
15925 12236 16348 5782 
15930 12239 16353 5786 
15936 12243 16364 5790 
15938 12250 16366 5792 
15948 12258 16369 5793 
15959 12262 16377 5795 
15964 12270 16385 5795 
15969 12272 16387 5798 
15971 12278 16397 5801 
15976 12281 16407 5803 
15985 12281 16413 5806 
15989 12286 16421 5807 
15994 12287 16426 5812 
15998 12291 16432 5812 
16006 12296 16437 5815 
16013 12300 16446 5815 
16021 12306 16449 5815 
16026 12313 16456 5818 
16032 12317 16464 5821 
16036 12325 16473 5823 
16042 12330 16477 5824 
16048 12332 16481 5827 
16053 12337 16490 5829 
16057 12341 16495 5832 
16063 12344 16504 5832 
16070 12346 16506 5835 
16073 12349 16507 5837 
16079 12355 16512 5840 
16085 12358 16518 5840 
16089 12365 16526 5844 
16094 12370 16532 5846 
16098 12374 16541 5848 
16104 12382 16548 5851 
16109 12383 16555 5853 
16116 12387 16560 5854 
16118 12389 16564 5856 
16129 12394 16571 5856 
16133 12396 16574 5860 
16135 12401 16582 5863 
16143 12403 16587 5864 
16152 12409 16595 5865 
16158 12416 16600 5867 
16162 12429 16607 5868 
16168 12433 16611 5870 
16174 12435 16614 5874 
16179 12441 16623 5874 
16183 12447 16627 5881 
16189 12455 16636 5881 
16194 12459 16640 5885 
16200 12463 16649 5889 
16205 12468 16654 5894 
16208 12473 16657 5898 
16210 12477 16660 5900 
16215 12482 16665 5902 
16216 12488 16675 5903 
16223 12490 16682 5906 
16228 12496 16691 5910 
16236 12502 16698 5914 
16242 12507 16701 5916 
16251 12512 16706 5917 
16258 12516 16714 5921 
16267 12522 16720 5923 
16274 12525 16725 5925 
16282 12527 16727 5926 
16293 12533 16731 5928 
16302 12536 16736 5932 
16312 12545 16743 5936 
16319 12552 16750 5939 
16324 12556 16756 5941 
16331 12559 16763 5943 
16335 12563 16772 5946 
16341 12565 16780 5947 
16347 12572 16784 5950 
16354 12580 16791 5952 
16363 12587 16793 5952 
16366 12592 16801 5953 
16371 12594 16808 5957 
16379 12600 16815 5958 
16386 12603 16820 5959 
16393 12607 16826 5962 
16402 12608 16828 5963 
16405 12614 16839 5964 
16412 12621 16844 5973 
16415 12626 16848 5976 
16421 12629 16855 5978 
16430 12634 16863 5984 
16438 12640 16869 5986 
16443 12645 16879 5988 
16448 12651 16883 5989 
16453 12654 16886 5989 
16458 12656 16891 5993 
16468 12662 16894 5995 
16472 12665 16903 5996 
16477 12669 16911 5999 
16486 12671 16920 6000 
16490 12674 16926 6004 
16493 12681 16938 6006 
16501 12683 16945 6010 
16506 12687 16948 6012 
16510 12688 16950 6013 
16523 12694 16957 6017 
16527 12696 16967 6018 
16534 12701 16974 6021 
16536 12711 16981 6023 
16541 12714 16985 6023 
16547 12720 16991 6023 
16550 12722 16996 6023 
16558 12727 17004 6024 
16565 12730 17014 6025 
16568 12735 17018 6029 
16572 12737 17030 6030 
16576 12743 17033 6034 
16583 12752 17035 6039 
16590 12758 17038 6040 
16594 12765 17045 6043 
16603 12774 17054 6044 
16615 12780 17061 6044 
16620 12786 17070 6045 
16629 12791 17077 6052 
16634 12794 17081 6053 
16637 12802 17083 6054 
16641 12805 17087 6057 
16642 12812 17092 6058 
16649 12815 17102 6062 
16655 12817 17107 6066 
16663 12828 17115 6070 
16667 12832 17123 6073 
16672 12837 17131 6075 
16678 12839 17136 6075 
16685 12844 17140 6076 
16691 12850 17141 6080 
16695 12856 17149 6081 
16702 12857 17157 6082 
16710 12860 17161 6084 
16719 12866 17167 6088 
16725 12871 17176 6095 
16730 12877 17187 6099 
16736 12883 17194 6099 
16738 12884 17197 6101 
16743 12886 17202 6104 
16748 12888 17208 6104 
16753 12890 17212 6104 
16756 12892 17216 6105 
16759 12895 17225 6106 
16763 12899 17232 6107 
16766 12902 17237 6107 
16776 12906 17241 6111 
16782 12910 17250 6113 
16791 12916 17254 6115 
16793 12925 17261 6117 
16801 12929 17267 6121 
16810 12932 17271 6125 
16818 12937 17278 6128 
16823 12941 17283 6128 
16827 12949 17290 6134 
16836 12953 17300 6136 
16843 12958 17304 6138 
16847 12961 17309 6140 
16856 12964 17317 6142 
16858 12972 17320 6145 
16863 12979 17329 6150 
16868 12983 17333 6154 
16874 12984 17339 6155 
16880 12988 17346 6155 
16894 12996 17348 6157 
16897 13000 17355 6162 
16902 13004 17360 6166 
16909 13009 17368 6168 
16911 13013 17373 6169 
16912 13016 17382 6170 
16919 13023 17389 6171 
16924 13026 17396 6174 
16928 13033 17399 6181 
16935 13038 17404 6187 
16943 13041 17414 6189 
16945 13047 17423 6193 
16951 13050 17431 6195 
16953 13055 17439 6196 
16956 13057 17449 6197 
16961 13064 17454 6197 
16970 13066 17460 6200 
16979 13072 17466 6201 
16986 13075 17474 6202 
16994 13079 17481 6205 
16998 13087 17485 6206 
17004 13093 17491 6207 
17010 13097 17498 6209 
17013 13102 17504 6211 
17019 13109 17508 6212 
17027 13114 17513 6216 
17027 13115 17519 6219 
17033 13117 17525 6221 
17038 13122 17535 6223 
17039 13128 17546 6228 
17043 13134 17556 6229 
17049 13138 17564 6230 
17053 13140 17570 6232 
17064 13144 17577 6233 
17071 13151 17582 6235 
17075 13153 17587 6238 
17078 13158 17589 6241 
17091 13165 17594 6243 
17099 13173 17603 6246 
17107 13180 17607 6250 
17115 13188 17612 6253 
17119 13190 17620 6254 
17121 13195 17626 6255 
17129 13196 17637 6257 
17134 13197 17640 6261 
17138 13201 17645 6263 
17139 13206 17651 6265 
17145 13211 17659 6267 
17151 13217 17664 6268 
17157 13221 17669 6270 
17163 13230 17683 6273 
17167 13233 17689 6273 
17173 13239 17697 6273 
17178 13244 17706 6274 
17183 13248 17710 6276 
17191 13254 17718 6278 
17196 13257 17721 6281 
17201 13261 17728 6284 
17211 13265 17736 6288 
17218 13272 17746 6290 
17225 13276 17752 6294 
17228 13283 17761 6298 
17233 13288 17767 6299 
17235 13289 17775 6301 
17243 13293 17779 6304 
17250 13299 17787 6305 
17257 13304 17791 6307 
17264 13312 17798 6311 
17270 13316 17801 6315 
17277 13318 17804 6321 
17286 13322 17809 6324 
17290 13325 17816 6327 
17296 13332 17825 6330 
17299 13339 17830 6332 
17308 13341 17835 6332 
17314 13346 17844 6332 
17323 13348 17854 6333 
17330 13355 17860 6335 
17335 13358 17867 6336 
17342 13365 17876 6338 
17348 13370 17887 6340 
17355 13377 17892 6344 
17360 13383 17896 6349 
17369 13387 17903 6350 
17373 13390 17909 6354 
17379 13396 17918 6357 
17383 13402 17920 6359 
17391 13404 17923 6362 
17400 13408 17927 6366 
17407 13412 17935 6369 
17415 13417 17943 6371 
17424 13419 17948 6373 
17430 13426 17956 6374 
17436 13433 17963 6377 
17446 13438 17969 6379 
17449 13441 17977 6381 
17453 13451 17984 6382 
17456 13457 17986 6383 
17460 13463 17994 6386 
17463 13465 17997 6389 
17469 13469 18002 6394 
17480 13473 18008 6395 
17482 13477 18017 6396 
17487 13481 18023 6397 
17490 13486 18030 6398 
17496 13488 18038 6399 
17502 13492 18042 6402 
17509 13494 18048 6406 
17517 13499 18060 6407 
17525 13501 18062 6412 
17527 13505 18070 6415 
17529 13511 18083 6417 
17539 13515 18090 6421 
17547 13524 18096 6425 
17559 13529 18103 6428 
17562 13535 18110 6429 
17565 13545 18116 6431 
17573 13550 18124 6433 
17583 13552 18126 6437 
17587 13553 18130 6439 
17595 13557 18138 6441 
17600 13562 18144 6442 
17604 13566 18147 6444 
17613 13568 18154 6446 
17625 13571 18160 6449 
17628 13574 18165 6453 
17633 13575 18172 6453 
17643 13578 18177 6456 
17650 13579 18184 6456 
17658 13584 18187 6456 
17667 13585 18190 6459 
17670 13592 18196 6461 
17675 13594 18202 6464 
17682 13598 18209 6465 
17688 13599 18216 6466 
17695 13602 18225 6469 
17701 13606 18231 6471 
17705 13608 18237 6477 
17711 13614 18242 6478 
17718 13620 18248 6480 
17725 13628 18254 6481 
17735 13635 18263 6486 
17741 13639 18277 6489 
17751 13644 18280 6490 
17756 13648 18288 6491 
17760 13649 18295 6492 
17764 13655 18301 6495 
17773 13662 18308 6497 
17780 13668 18311 6501 
17784 13671 18318 6501 
17791 13679 18323 6503 
17796 13684 18329 6505 
17801 13686 18338 6506 
17806 13687 18344 6511 
17811 13692 18352 6516 
17813 13698 18366 6518 
17819 13704 18376 6521 
17823 13708 18383 6522 
17826 13710 18390 6523 
17831 13715 18399 6529 
17834 13720 18409 6530 
17840 13724 18414 6533 
17846 13726 18420 6535 
17852 13731 18429 6535 
17859 13736 18433 6542 
17863 13738 18440 6542 
17870 13741 18447 6544 
17879 13744 18451 6545 
17886 13750 18461 6550 
17892 13754 18468 6554 
17901 13755 18475 6554 
17905 13756 18482 6555 
17918 13760 18494 6556 
17930 13765 18501 6559 
17938 13770 18506 6562 
17945 13775 18513 6564 
17953 13779 18520 6567 
17962 13784 18529 6569 
17967 13788 18533 6573 
17977 13792 18541 6573 
17987 13796 18545 6577 
17999 13798 18548 6579 
18004 13802 18556 6581 
18010 13810 18562 6584 
18017 13816 18564 6588 
18028 13823 18570 6590 
18032 13824 18579 6592 
18041 13829 18584 6594 
18046 13838 18586 6594 
18054 13840 18601 6594 
18056 13842 18605 6599 
18059 13842 18616 6601 
18065 13847 18622 6601 
18065 13851 18629 6603 
18070 13855 18634 6605 
18076 13857 18642 6606 
18083 13861 18648 6608 
18090 13863 18653 6612 
18097 13867 18661 6615 
18104 13870 18663 6623 
18108 13873 18668 6627 
18117 13880 18680 6632 
18125 13886 18689 6635 
18127 13890 18695 6637 
18132 13894 18702 6640 
18138 13895 18705 6642 
18147 13900 18713 6642 
18152 13908 18719 6642 
18163 13912 18721 6649 
18169 13914 18730 6650 
18174 13919 18734 6652 
18181 13926 18740 6654 
18189 13931 18749 6659 
18192 13940 18757 6659 
18194 13946 18767 6660 
18194 13950 18776 6669 
18204 13953 18783 6671 
18210 13958 18792 6674 
18217 13968 18795 6676 
18222 13976 18802 6677 
18229 13981 18810 6680 
18238 13986 18815 6680 
18241 13993 18823 6681 
18246 13996 18830 6684 
18254 14002 18836 6686 
18269 14007 18844 6686 
18272 14011 18850 6688 
18279 14015 18856 6691 
18287 14022 18860 6696 
18289 14026 18865 6701 
18293 14029 18874 6702 
18297 14033 18884 6707 
18305 14038 18889 6708 
18313 14041 18898 6709 
18318 14047 18903 6709 
18329 14052 18908 6712 
18335 14055 18911 6716 
18341 14061 18916 6720 
18348 14068 18921 6721 
18352 14076 18930 6726 
18357 14081 18942 6727 
18363 14084 18947 6727 
18367 14090 18954 6729 
18374 14094 18960 6730 
18382 14099 18967 6731 
18394 14106 18976 6732 
18401 14110 18982 6733 
18409 14113 18988 6737 
18415 14119 18996 6739 
18421 14124 18999 6739 
18428 14131 19003 6739 
18441 14133 19013 6740 
18449 14135 19021 6742 
18457 14137 19026 6742 
18461 14140 19034 6744 
18468 14146 19042 6745 
18473 14148 19046 6746 
18477 14151 19048 6746 
18482 14159 19056 6748 
18492 14166 19059 6751 
18495 14170 19062 6756 
18498 14173 19066 6758 
18503 14180 19078 6760 
18511 14187 19087 6762 
18513 14195 19095 6767 
18521 14195 19102 6770 
18526 14201 19106 6772 
18530 14204 19112 6773 
18537 14210 19118 6776 
18538 14214 19124 6781 
18543 14221 19127 6782 
18551 14225 19130 6783 
18553 14229 19136 6787 
18557 14230 19145 6789 
18564 14237 19151 6791 
18570 14239 19158 6792 
18578 14242 19168 6799 
18580 14247 19174 6799 
18591 14252 19183 6800 
18597 14256 19187 6803 
18599 14262 19195 6805 
18605 14265 19198 6808 
18609 14272 19202 6808 
18616 14283 19207 6808 
18622 14287 19212 6810 
18628 14296 19215 6812 
18631 14299 19222 6812 
18637 14303 19228 6814 
18639 14310 19234 6814 
18647 14315 19240 6815 
18652 14320 19250 6816 
18658 14323 19255 6819 
18662 14329 19259 6824 
18667 14331 19264 6828 
18672 14338 19268 6830 
18678 14341 19276 6833 
18683 14346 19286 6834 
18689 14354 19296 6836 
18696 14359 19303 6838 
18700 14365 19307 6842 
18704 14367 19314 6843 
18715 14371 19318 6844 
18718 14376 19323 6849 
18729 14382 19328 6852 
18735 14385 19336 6852 
18741 14392 19341 6853 
18746 14396 19345 6855 
18754 14397 19350 6858 
18760 14399 19359 6860 
18764 14404 19360 6864 
18770 14407 19364 6866 
18776 14410 19372 6866 
18780 14418 19381 6868 
18786 14422 19387 6869 
18792 14425 19390 6870 
18800 14431 19395 6870 
18803 14436 19400 6872 
18808 14442 19408 6875 
18816 14449 19413 6878 
18820 14452 19421 6879 
18826 14457 19428 6880 
18832 14460 19436 6884 
18839 14463 19443 6885 
18844 14464 19453 6886 
18849 14465 19460 6887 
18856 14470 19465 6889 
18860 14476 19472 6891 
18867 14480 19476 6893 
18873 14486 19487 6895 
18882 14490 19489 6897 
18892 14495 19497 6901 
18898 14499 19500 6901 
18904 14507 19508 6902 
18907 14510 19514 6905 
18913 14515 19516 6905 
18921 14519 19524 6906 
18923 14524 19528 6909 
18935 14528 19533 6913 
18937 14529 19543 6917 
18941 14538 19552 6919 
18946 14541 19560 6919 
18954 14544 19567 6921 
18960 14551 19577 6923 
18967 14557 19579 6927 
18971 14561 19582 6928 
18977 14567 19589 6933 
18983 14573 19594 6934 
18986 14578 19598 6935 
18990 14584 19607 6936 
18996 14587 19614 6940 
18999 14592 19622 6944 
19007 14599 19624 6946 
19014 14606 19634 6949 
19018 14607 19639 6950 
19021 14609 19645 6952 
19030 14611 19653 6955 
19035 14619 19660 6960 
19046 14624 19664 6963 
19049 14629 19667 6966 
19054 14634 19677 6967 
19059 14637 19685 6968 
19067 14640 19690 6969 
19071 14644 19694 6971 
19078 14648 19700 6973 
19084 14654 19706 6973 
19094 14661 19709 6974 
19101 14664 19718 6978 
19106 14672 19730 6979 
19115 14677 19736 6980 
19122 14677 19742 6982 
19126 14678 19748 6983 
19127 14683 19759 6986 
19131 14686 19764 6988 
19135 14691 19771 6991 
19139 14693 19779 6993 
19148 14704 19785 6996 
19156 14709 19793 6996 
19161 14715 19796 6996 
19168 14723 19802 6997 
19175 14724 19811 7000 
19180 14732 19816 7001 
19185 14739 19825 7004 
19189 14744 19833 7008 
19194 14749 19842 7010 
19200 14751 19849 7013 
19206 14759 19856 7015 
19211 14764 19860 7017 
19214 14767 19869 7021 
19220 14774 19879 7024 
19229 14780 19885 7026 
19237 14787 19894 7027 
19238 14794 19897 7028 
19244 14799 19904 7032 
19250 14802 19911 7033 
19259 14808 19918 7037 
19266 14813 19926 7038 
19271 14814 19937 7041 
19277 14819 19943 7048 
19287 14825 19949 7051 
19292 14829 19953 7052 
19297 14831 19962 7055 
19300 14835 19964 7057 
19305 14839 19971 7059 
19310 14845 19980 7063 
19316 14849 19985 7066 
19325 14854 19989 7067 
19333 14860 19995 7070 
19341 14861 19999 7071 
19345 14864 20007 7072 
19350 14866 20010 7074 
19355 14870 20019 7077 
19360 14873 20026 7077 
19365 14875 20035 7078 
19367 14885 20040 7083 
19371 14888 20045 7086 
19376 14892 20052 7088 
19387 14894 20058 7092 
19389 14900 20067 7093 
19397 14903 20073 7095 
19404 14908 20076 7099 
19412 14910 20084 7100 
19417 14919 20087 7104 
19426 14924 20092 7106 
19432 14928 20103 7108 
19438 14931 20106 7110 
19445 14935 20114 7113 
19449 14941 20118 7117 
19456 14945 20125 7118 
19464 14949 20131 7118 
19467 14952 20135 7119 
19472 14959 20138 7121 
19479 14966 20147 7123 
19486 14974 20156 7124 
19489 14977 20158 7130 
19490 14984 20166 7132 
19501 14985 20175 7134 
19504 14987 20183 7135 
19509 14992 20190 7136 
19513 14999 20199 7139 
19519 15003 20205 7140 
19526 15007 20210 7144 
19528 15013 20215 7145 
19533 15018 20222 7146 
19536 15023 20230 7148 
19542 15026 20234 7150 
19549 15030 20239 7151 
19552 15036 20244 7151 
19559 15042 20253 7155 
19564 15046 20259 7155 
19572 15054 20268 7156 
19580 15058 20277 7158 
19589 15062 20283 7164 
19599 15070 20292 7169 
19609 15071 20296 7171 
19614 15072 20299 7172 
19622 15073 20304 7174 
19624 15075 20316 7176 
19630 15081 20321 7180 
19641 15084 20331 7183 
19647 15086 20340 7188 
19656 15092 20345 7191 
19662 15096 20354 7192 
19666 15102 20359 7194 
19677 15108 20366 7197 
19683 15115 20371 7198 
19692 15121 20378 7199 
19695 15134 20385 7200 
19704 15141 20389 7201 
19708 15144 20393 7205 
19714 15148 20397 7207 
19723 15152 20404 7208 
19731 15155 20413 7210 
19734 15160 20417 7211 
19739 15163 20425 7215 
19747 15167 20429 7218 
19751 15174 20435 7223 
19758 15179 20441 7224 
19763 15181 20450 7226 
19770 15190 20460 7228 
19778 15193 20464 7232 
19784 15199 20473 7233 
19792 15207 20479 7238 
19798 15211 20486 7239 
19806 15218 20493 7243 
19809 15226 20501 7244 
19816 15231 20509 7247 
19820 15234 20516 7250 
19823 15239 20524 7253 
19828 15243 20527 7255 
19835 15249 20534 7259 
19841 15254 20538 7261 
19843 15260 20547 7261 
19849 15269 20550 7261 
19851 15270 20558 7262 
19857 15272 20564 7265 
19863 15276 20575 7268 
19867 15281 20576 7270 
19872 15289 20579 7276 
19874 15292 20584 7277 
19880 15299 20589 7281 
19887 15305 20596 7282 
19896 15309 20602 7285 
19899 15315 20606 7285 
19903 15322 20610 7288 
19906 15328 20613 7290 
19918 15333 20618 7296 
19923 15338 20625 7301 
19931 15343 20632 7305 
19933 15349 20643 7307 
19941 15351 20652 7310 
19947 15354 20658 7311 
19952 15358 20663 7312 
19959 15364 20667 7314 
19967 15371 20673 7314 
19975 15376 20679 7318 
19979 15381 20681 7319 
19986 15384 20689 7324 
19991 15388 20700 7326 
20003 15394 20707 7328 
20007 15398 20716 7328 
20015 15400 20721 7331 
20020 15407 20724 7333 
20025 15411 20732 7334 
20028 15413 20740 7336 
20037 15423 20754 7339 
20041 15425 20758 7342 
20048 15429 20763 7345 
20050 15434 20769 7348 
20060 15440 20776 7351 
20065 15447 20781 7353 
20073 15451 20783 7355 
20079 15452 20787 7356 
20084 15456 20790 7359 
20091 15460 20796 7360 
20094 15465 20802 7363 
20097 15471 20809 7366 
20102 15474 20817 7366 
20108 15478 20820 7369 
20115 15484 20824 7370 
20121 15488 20833 7372 
20129 15496 20841 7374 
20136 15502 20848 7378 
20143 15506 20851 7379 
20147 15512 20858 7382 
20148 15517 20866 7383 
20153 15520 20872 7384 
20161 15525 20875 7385 
20167 15528 20884 7388 
20176 15531 20888 7390 
20182 15536 20897 7390 
20187 15539 20902 7391 
20187 15543 20904 7394 
20194 15546 20909 7396 
20202 15550 20918 7397 
20209 15554 20925 7399 
20215 15557 20932 7400 
20223 15561 20937 7402 
20229 15565 20948 7404 
20240 15574 20954 7405 
20246 15579 20965 7406 
20255 15585 20973 7408 
20265 15590 20977 7410 
20270 15597 20984 7415 
20277 15601 20991 7416 
20289 15606 20996 7420 
20292 15613 21002 7421 
20298 15616 21012 7425 
20300 15621 21015 7429 
20301 15622 21021 7432 
20305 15629 21025 7434 
20308 15633 21032 7434 
20317 15640 21035 7437 
20323 15646 21044 7438 
20329 15652 21051 7440 
20331 15658 21057 7441 
20333 15665 21064 7441 
20340 15674 21071 7447 
20343 15682 21079 7449 
20349 15687 21086 7451 
20350 15693 21097 7453 
20357 15697 21102 7454 
20364 15702 21105 7457 
20371 15705 21112 7459 
20379 15710 21119 7463 
20387 15716 21124 7464 
20390 15719 21126 7465 
20399 15725 21131 7469 
20406 15730 21136 7470 
20413 15734 21139 7470 
20420 15740 21146 7471 
20423 15745 21154 7473 
20435 15749 21161 7474 
20443 15756 21172 7477 
20446 15765 21179 7479 
20453 15767 21191 7479 
20460 15772 21198 7483 
20467 15774 21204 7486 
20481 15780 21210 7490 
20485 15789 21217 7493 
20492 15794 21222 7496 
20498 15800 21228 7497 
20503 15804 21236 7498 
20513 15808 21239 7502 
20520 15812 21244 7502 
20524 15817 21252 7506 
20525 15820 21257 7508 
20532 15823 21266 7510 
20537 15830 21273 7513 
20540 15836 21278 7518 
20548 15839 21286 7518 
20554 15841 21290 7520 
20561 15847 21292 7521 
20563 15853 21298 7522 
20567 15857 21306 7526 
20573 15862 21308 7527 
20577 15868 21311 7530 
20583 15874 21316 7530 
20589 15877 21325 7532 
20597 15881 21329 7537 
20606 15884 21336 7538 
20611 15889 21339 7539 
20623 15891 21344 7542 
20631 15893 21354 7546 
20641 15896 21360 7551 
20645 15903 21371 7551 
20652 15907 21382 7551 
20658 15912 21386 7551 
20667 15919 21392 7554 
20676 15923 21396 7556 
20683 15929 21404 7558 
20693 15932 21411 7564 
20699 15937 21416 7564 
20703 15939 21424 7566 
20710 15942 21430 7568 
20716 15946 21434 7572 
20725 15951 21440 7575 
20734 15956 21445 7579 
20744 15963 21453 7581 
20756 15967 21459 7582 
20760 15972 21467 7584 
20766 15981 21477 7587 
20772 15985 21487 7591 
20781 15986 21493 7591 
20786 15989 21499 7593 
20788 15996 21504 7596 
20792 15999 21508 7601 
20799 16002 21513 7605 
20802 16011 21523 7606 
20806 16016 21532 7608 
20808 16020 21539 7609 
20811 16023 21549 7612 
20817 16027 21556 7614 
20822 16033 21558 7620 
20827 16041 21568 7625 
20830 16046 21572 7626 
20836 16055 21575 7627 
20841 16059 21581 7628 
20846 16060 21591 7631 
20851 16065 21599 7634 
20860 16068 21610 7638 
20862 16072 21621 7640 
20868 16080 21625 7643 
20876 16086 21632 7644 
20880 16092 21638 7648 
20887 16097 21645 7651 
20887 16102 21653 7654 
20899 16109 21656 7655 
20904 16114 21663 7658 
20907 16120 21669 7659 
20912 16130 21673 7662 
20921 16135 21677 7665 
20923 16140 21689 7666 
20926 16148 21695 7669 
20932 16154 21703 7672 
20938 16157 21712 7674 
20944 16162 21715 7675 
20955 16168 21719 7678 
20958 16172 21726 7682 
20959 16177 21731 7686 
20967 16185 21738 7690 
20970 16189 21746 7692 
20976 16197 21754 7695 
20980 16201 21763 7699 
20986 16204 21768 7701 
20990 16211 21775 7703 
20994 16218 21781 7706 
21002 16219 21789 7706 
21009 16226 21797 7707 
21013 16230 21802 7708 
21017 16236 21809 7710 
21025 16245 21816 7712 
21030 16248 21821 7713 
21034 16254 21825 7714 
21040 16258 21830 7715 
21048 16264 21833 7718 
21056 16267 21840 7720 
21063 16272 21843 7721 
21065 16275 21852 7723 
21070 16281 21857 7727 
21073 16286 21866 7728 
21083 16296 21873 7730 
21090 16301 21884 7731 
21096 16308 21895 7731 
21103 16312 21902 7734 
21112 16319 21908 7736 
21118 16322 21917 7739 
21122 16326 21926 7741 
21127 16335 21933 7743 
21135 16342 21942 7745 
21140 16349 21947 7746 
21143 16354 21954 7749 
21149 16361 21964 7750 
21153 16367 21969 7756 
21156 16369 21975 7757 
21161 16378 21982 7763 
21167 16383 21987 7766 
21173 16390 21994 7768 
21182 16397 22002 7770 
21186 16404 22010 7771 
21194 16411 22015 7773 
21202 16419 22021 7774 
21207 16423 22027 7777 
21214 16428 22030 7779 
21219 16437 22039 7781 
21223 16442 22052 7783 
21227 16445 22059 7786 
21232 16450 22067 7789 
21237 16459 22073 7790 
21242 16463 22078 7790 
21249 16466 22084 7793 
21258 16471 22092 7795 
21262 16474 22103 7797 
21268 16481 22110 7800 
21278 16484 22114 7804 
21285 16489 22122 7804 
21288 16491 22124 7806 
21295 16495 22135 7808 
21304 16498 22140 7810 
21307 16504 22147 7813 
21309 16507 22155 7819 
21314 16514 22161 7821 
21319 16522 22164 7825 
21324 16525 22168 7826 
21329 16533 22173 7830 
21333 16535 22184 7832 
21338 16540 22189 7834 
21341 16545 22195 7835 
21349 16551 22200 7839 
21355 16557 22206 7840 
21366 16564 22213 7842 
21371 16567 22216 7842 
21373 16572 22223 7843 
21377 16575 22228 7844 
21382 16580 22237 7846 
21387 16588 22237 7848 
21390 16594 22240 7850 
21394 16600 22248 7853 
21400 16604 22259 7855 
21410 16609 22265 7858 
21416 16618 22270 7865 
21420 16622 22276 7869 
21429 16624 22282 7871 
21432 16629 22286 7873 
21436 16635 22292 7875 
21442 16641 22301 7875 
21451 16644 22305 7879 
21455 16648 22311 7882 
21457 16651 22314 7887 
21465 16654 22322 7888 
21469 16661 22332 7889 
21478 16664 22336 7891 
21485 16666 22341 7893 
21488 16668 22348 7896 
21491 16671 22355 7902 
21492 16680 22363 7905 
21502 16683 22370 7907 
21508 16690 22375 7911 
21516 16697 22383 7913 
21518 16703 22386 7914 
21526 16711 22396 7916 
21531 16719 22406 7921 
21534 16724 22412 7923 
21543 16730 22416 7923 
21550 16734 22421 7924 
21558 16738 22428 7925 
21564 16743 22436 7930 
21572 16750 22437 7930 
21579 16755 22442 7931 
21581 16757 22446 7932 
21583 16763 22449 7934 
21592 16769 22457 7935 
21594 16773 22461 7936 
21603 16777 22469 7936 
21609 16783 22475 7937 
21614 16785 22482 7939 
21625 16791 22488 7939 
21632 16795 22493 7941 
21640 16796 22497 7945 
21647 16798 22503 7947 
21654 16803 22504 7949 
21657 16807 22507 7951 
21665 16811 22510 7953 
21669 16816 22519 7955 
21673 16818 22528 7958 
21678 16824 22532 7960 
21685 16828 22535 7962 
21696 16832 22543 7968 
21703 16839 22554 7971 
21710 16843 22566 7975 
21716 16844 22574 7975 
21724 16849 22588 7976 
21727 16855 22594 7979 
21731 16858 22598 7981 
21740 16862 22604 7982 
21750 16868 22612 7984 
21756 16876 22619 7986 
21764 16881 22626 7988 
21772 16886 22638 7990 
21784 16891 22646 7990 
21790 16898 22648 7992 
21796 16903 22651 7993 
21801 16910 22658 7995 
21808 16913 22664 7999 
21811 16915 22668 8000 
21819 16916 22671 8002 
21825 16919 22678 8003 
21832 16923 22684 8004 
21839 16927 22689 8006 
21847 16932 22695 8007 
21856 16935 22702 8009 
21862 16936 22708 8011 
21868 16941 22717 8014 
21874 16947 22722 8015 
21880 16949 22732 8018 
21886 16951 22740 8018 
21891 16953 22749 8020 
21897 16959 22754 8022 
21904 16961 22758 8023 
21909 16964 22761 8024 
21916 16968 22768 8025 
21925 16973 22778 8029 
21931 16974 22782 8033 
21942 16979 22785 8037 
21944 16984 22789 8039 
21952 16988 22796 8040 
21956 16998 22800 8044 
21961 17002 22806 8048 
21965 17007 22811 8051 
21973 17011 22816 8054 
21980 17014 22819 8055 
21996 17019 22826 8056 
22000 17019 22830 8056 
22004 17022 22839 8061 
22012 17029 22846 8064 
22018 17033 22854 8064 
22023 17040 22860 8067 
22028 17049 22863 8070 
22033 17057 22865 8073 
22039 17062 22870 8074 
22046 17065 22879 8075 
22051 17070 22885 8076 
22057 17076 22893 8076 
22062 17079 22899 8077 
22067 17086 22903 8080 
22072 17092 22907 8080 
22075 17099 22918 8080 
22081 17103 22927 8083 
22088 17107 22933 8086 
22095 17110 22939 8086 
22102 17113 22947 8090 
22106 17117 22955 8093 
22114 17121 22960 8094 
22117 17124 22965 8098 
22129 17129 22973 8100 
22135 17132 22977 8101 
22138 17138 22979 8105 
22145 17147 22984 8109 
22149 17150 22992 8114 
22154 17155 22998 8116 
22159 17161 23004 8117 
22166 17168 23011 8120 
22171 17174 23022 8122 
22175 17182 23027 8123 
22178 17189 23033 8125 
22183 17200 23041 8130 
22186 17203 23047 8131 
22188 17207 23054 8132 
22197 17211 23061 8133 
22208 17212 23069 8134 
22215 17219 23074 8135 
22219 17219 23079 8136 
22224 17222 23087 8138 
22230 17228 23091 8140 
22238 17234 23101 8143 
22244 17238 23109 8143 
22255 17241 23113 8145 
22259 17246 23128 8148 
22264 17247 23140 8149 
22271 17253 23145 8152 
22279 17260 23158 8158 
22284 17268 23162 8159 
22288 17272 23168 8164 
22297 17275 23178 8168 
22301 17280 23188 8169 
22309 17283 23194 8170 
22312 17293 23201 8171 
22318 17301 23205 8172 
22326 17306 23212 8174 
22332 17311 23221 8175 
22341 17313 23224 8178 
22346 17319 23233 8182 
22352 17324 23240 8186 
22356 17329 23244 8188 
22360 17333 23249 8189 
22362 17340 23258 8194 
22371 17347 23263 8195 
22376 17351 23268 8195 
