     0.03751
     0.03402
     0.00000
     0.00000
     0.09977
     0.07683
     0.14759
     0.01606
     0.00000
     0.03573
     0.00102
     0.00046
     0.00026
     0.75026
     0.35747
     0.18564
     0.00274
     0.00524
     0.01107
     0.27225
     0.52386
     1.09933
     0.00000
     0.21044
     0.00000
     0.47668
     0.00000
     1.00963
     0.00000
     0.00246
     0.00474
     0.00995
     0.00000
     0.00000
     0.00000
     0.00000
     0.00000
     0.00000
     0.03764
     0.03393
     0.00000
     0.00000
     0.09957
     0.07676
     0.14785
     0.01590
     0.00000
     0.03571
     0.00098
     0.00048
     0.00026
     0.74976
     0.35736
     0.18601
     0.00281
     0.00525
     0.01108
     0.27267
     0.52377
     1.09892
     0.00000
     0.21078
     0.00000
     0.47697
     0.00000
     1.00952
     0.00000
     0.00253
     0.00472
     0.00999
     0.00000
     0.00000
     0.00000
     0.00000
     0.00000
     0.00000
     0.00000
     0.37504
     0.17867
     0.09291
     0.00000
     0.00000
     0.00000
     0.37504
     0.17874
     0.09307
     0.00000
     0.00000
     0.00000
